0.0 	 4.63721824491e-07
0.0679347826087 	 1.51427336729e-05
0.135869565217 	 0.00015432619021
0.203804347826 	 7.08537961488e-05
0.271739130435 	 0.000150751601909
0.339673913043 	 0.000289049422948
0.407608695652 	 0.000414331677147
0.475543478261 	 0.000342005981875
0.54347826087 	 0.000495409142533
0.611413043478 	 0.000240666188411
0.679347826087 	 0.000228021056686
0.747282608696 	 0.000631107438846
0.815217391304 	 0.000596385495605
0.883152173913 	 0.000229127148139
0.951086956522 	 0.000252665402547
1.01902173913 	 0.000700039431291
1.08695652174 	 0.000962030556331
1.15489130435 	 0.000836357948737
1.22282608696 	 0.000209050835624
1.29076086957 	 0.000214099230027
1.35869565217 	 0.000241063287565
1.42663043478 	 0.000129979257804
1.49456521739 	 0.000311145330916
1.5625 	 0.00016023093528
1.63043478261 	 0.000216533359122
1.69836956522 	 0.000390850480855
1.76630434783 	 0.00102509492891
1.83423913043 	 0.00109147373318
1.90217391304 	 5.94066256632e-05
1.97010869565 	 0.000400502663146
2.03804347826 	 0.000303734506525
2.10597826087 	 0.000280628590683
2.17391304348 	 0.000114033292429
2.24184782609 	 0.00028686651893
2.3097826087 	 0.000429048048946
2.3777173913 	 0.000320285720575
2.44565217391 	 0.000158599555398
2.51358695652 	 0.000223964136292
2.58152173913 	 0.000358180808231
2.64945652174 	 0.000414333398648
2.71739130435 	 0.000200834371732
2.78532608696 	 0.000720979381355
2.85326086957 	 0.000446979982119
2.92119565217 	 0.00081910444814
2.98913043478 	 0.000448500288983
3.05706521739 	 0.000660346009418
3.125 	 0.000290692303189
3.19293478261 	 0.000308101350803
3.26086956522 	 0.000105850068471
3.32880434783 	 0.000494018994808
3.39673913043 	 0.000262478602519
3.46467391304 	 0.000241994829256
3.53260869565 	 0.000413684944492
3.60054347826 	 0.000315498064649
3.66847826087 	 0.000664907754341
3.73641304348 	 0.000440534579156
3.80434782609 	 0.00036559919
3.8722826087 	 4.1385517483e-05
3.9402173913 	 0.000421209094816
4.00815217391 	 0.000798911663585
4.07608695652 	 0.000567327583776
4.14402173913 	 0.000213535154426
4.21195652174 	 0.000355250606606
4.27989130435 	 0.000242370880824
4.34782608696 	 8.41951695205e-05
4.41576086957 	 0.000246528762394
4.48369565217 	 0.000130288254976
4.55163043478 	 0.000318768781929
4.61956521739 	 0.000254681282382
4.6875 	 0.000195958432017
4.75543478261 	 0.00023788552021
4.82336956522 	 8.31279636526e-05
4.89130434783 	 0.000310042831741
4.95923913043 	 0.000271915535829
5.02717391304 	 0.000149444171804
5.09510869565 	 0.000558567928157
5.16304347826 	 0.000377934075115
5.23097826087 	 0.000115340991733
5.29891304348 	 0.000415446732934
5.36684782609 	 0.000317155024669
5.4347826087 	 0.000173233224641
5.5027173913 	 0.000123656065283
5.57065217391 	 0.000341643763255
5.63858695652 	 0.000188445048202
5.70652173913 	 0.000169641493884
5.77445652174 	 0.000622187894932
5.84239130435 	 0.000832537113532
5.91032608696 	 0.000359761931825
5.97826086957 	 0.000152202607713
6.04619565217 	 0.000336648193154
6.11413043478 	 0.000386446313597
6.18206521739 	 0.000330695243142
6.25 	 0.000417405270996
6.31793478261 	 0.000207782811897
6.38586956522 	 0.000522535780623
6.45380434783 	 0.000554936115338
6.52173913043 	 0.000288512175711
6.58967391304 	 0.000551485322012
6.65760869565 	 0.000436376416028
6.72554347826 	 0.000540201848221
6.79347826087 	 0.000498135407243
6.86141304348 	 0.000287225216901
6.92934782609 	 0.000141685855112
6.9972826087 	 0.000481316712201
7.0652173913 	 0.000284951720733
7.13315217391 	 0.000236392373099
7.20108695652 	 0.000655208882953
7.26902173913 	 0.000472440163302
7.33695652174 	 0.000164522458874
7.40489130435 	 0.000163303559933
7.47282608696 	 0.000139952190341
7.54076086957 	 0.000176297819152
7.60869565217 	 0.000155856165614
7.67663043478 	 0.000213600561667
7.74456521739 	 0.000477053368507
7.8125 	 0.00012009631856
7.88043478261 	 0.000154615781399
7.94836956522 	 0.000297108390608
8.01630434783 	 0.000343178133489
8.08423913043 	 0.000261099143126
8.15217391304 	 0.000184309450297
8.22010869565 	 0.000273225666822
8.28804347826 	 0.000401055232289
8.35597826087 	 0.000408202640997
8.42391304348 	 8.93924283298e-05
8.49184782609 	 0.00020275563311
8.5597826087 	 2.63428004588e-05
8.6277173913 	 0.00028205463458
8.69565217391 	 9.81382102312e-05
8.76358695652 	 0.000325774142311
8.83152173913 	 0.000195384100675
8.89945652174 	 0.00020686628924
8.96739130435 	 0.000291268509855
9.03532608696 	 0.000318423605935
9.10326086957 	 0.000196416616171
9.17119565217 	 4.97305466384e-05
9.23913043478 	 0.000241839015705
9.30706521739 	 0.000328717172499
9.375 	 0.000262913322641
9.44293478261 	 0.000399030177034
9.51086956522 	 0.000300279170417
9.57880434783 	 0.000154143467836
9.64673913043 	 0.000201493976344
9.71467391304 	 0.000228581910305
9.78260869565 	 0.000248342750716
9.85054347826 	 5.54510034804e-05
9.91847826087 	 0.000149173625843
9.98641304348 	 0.000106906340681
10.0543478261 	 0.000165909874221
10.1222826087 	 0.00027238235938
10.1902173913 	 0.000142238352556
10.2581521739 	 0.000214112875863
10.3260869565 	 0.000376266423637
10.3940217391 	 0.00051880360449
10.4619565217 	 0.000479413493631
10.5298913043 	 0.000371539698273
10.597826087 	 2.49449381694e-05
10.6657608696 	 0.000172767364699
10.7336956522 	 0.000405967261072
10.8016304348 	 9.12466495675e-05
10.8695652174 	 0.000145046974622
10.9375 	 7.9629302749e-05
11.0054347826 	 0.000142640161752
11.0733695652 	 0.000183664299837
11.1413043478 	 0.000197705718902
11.2092391304 	 9.80815611777e-05
11.277173913 	 9.86689227426e-05
11.3451086957 	 0.000129365707451
11.4130434783 	 0.000201096087183
11.4809782609 	 0.000149586243979
11.5489130435 	 0.00016970730035
11.6168478261 	 0.000145595133001
11.6847826087 	 6.02166505195e-05
11.7527173913 	 0.000137185645347
11.8206521739 	 0.000172221758253
11.8885869565 	 0.000155617292684
11.9565217391 	 0.000218316583352
12.0244565217 	 0.000256830869964
12.0923913043 	 7.69210884063e-05
12.160326087 	 0.000109407465793
12.2282608696 	 7.3290205289e-05
12.2961956522 	 0.000102029047544
12.3641304348 	 0.000220065218816
12.4320652174 	 0.000201901794788
12.5 	 0.000131392801127
12.5679347826 	 7.43478962523e-05
12.6358695652 	 0.000122438673131
12.7038043478 	 0.000121952662572
12.7717391304 	 2.58241433339e-05
12.839673913 	 0.000170141512614
12.9076086957 	 4.54898750188e-05
12.9755434783 	 0.000126255919532
13.0434782609 	 5.96349227865e-05
13.1114130435 	 1.32296751565e-05
13.1793478261 	 8.30522428652e-05
13.2472826087 	 7.4074433494e-05
13.3152173913 	 9.38136211414e-05
13.3831521739 	 4.2799134367e-05
13.4510869565 	 6.60599962857e-05
13.5190217391 	 1.89541794535e-05
13.5869565217 	 4.72520627639e-05
13.6548913043 	 4.30827570918e-05
13.722826087 	 8.42102670122e-05
13.7907608696 	 8.05762707736e-05
13.8586956522 	 2.46667844968e-05
13.9266304348 	 1.91392665213e-05
13.9945652174 	 0.000110771062789
14.0625 	 9.8865632608e-05
14.1304347826 	 1.44413670913e-05
14.1983695652 	 3.44751386238e-05
14.2663043478 	 1.60657840581e-05
14.3342391304 	 5.34542591197e-05
14.402173913 	 1.26792030573e-05
14.4701086957 	 3.28459264062e-05
14.5380434783 	 7.63669371847e-06
14.6059782609 	 6.60171772244e-05
14.6739130435 	 4.53259111202e-05
14.7418478261 	 6.74654709439e-05
14.8097826087 	 2.96100137397e-05
14.8777173913 	 1.58444628565e-05
14.9456521739 	 2.5692052177e-05
15.0135869565 	 3.37314474592e-05
15.0815217391 	 4.85571050691e-06
15.1494565217 	 3.25913496362e-05
15.2173913043 	 2.19933994942e-05
15.285326087 	 1.75783355005e-05
15.3532608696 	 4.14636334318e-05
15.4211956522 	 5.41385018214e-05
15.4891304348 	 4.59899480158e-05
15.5570652174 	 2.32930084408e-05
15.625 	 3.39285467705e-05
15.6929347826 	 1.34473917598e-05
15.7608695652 	 1.95302770923e-05
15.8288043478 	 4.28472498418e-05
15.8967391304 	 1.19041827138e-05
15.964673913 	 4.52975635198e-05
16.0326086957 	 8.34962198411e-05
16.1005434783 	 2.14520967514e-05
16.1684782609 	 5.00972494173e-05
16.2364130435 	 3.04449572083e-05
16.3043478261 	 3.84891278561e-05
16.3722826087 	 6.97356263283e-05
16.4402173913 	 2.20458994716e-05
16.5081521739 	 2.03768102977e-05
16.5760869565 	 1.75294889985e-05
16.6440217391 	 5.64475615236e-05
16.7119565217 	 4.79034486496e-05
16.7798913043 	 3.21823863232e-05
16.847826087 	 7.33277721153e-05
16.9157608696 	 3.70761120268e-05
16.9836956522 	 1.49935168787e-05
17.0516304348 	 2.57097142265e-05
17.1195652174 	 2.61312773819e-05
17.1875 	 2.75771932978e-05
17.2554347826 	 4.11751186645e-05
17.3233695652 	 3.08311227546e-05
17.3913043478 	 2.65133052304e-05
17.4592391304 	 4.2317862498e-05
17.527173913 	 1.39615686901e-05
17.5951086957 	 1.4448761226e-05
17.6630434783 	 5.99652092436e-05
17.7309782609 	 2.04678623964e-05
17.7989130435 	 3.70684867149e-05
17.8668478261 	 1.92682701634e-05
17.9347826087 	 1.19325812593e-05
18.0027173913 	 2.30825224999e-05
18.0706521739 	 6.15566440831e-05
18.1385869565 	 2.31877981436e-05
18.2065217391 	 3.69819334938e-05
18.2744565217 	 3.6327718569e-05
18.3423913043 	 4.07825254014e-06
18.410326087 	 3.5290412671e-05
18.4782608696 	 4.35169540873e-05
18.5461956522 	 3.37716967693e-05
18.6141304348 	 5.12586488723e-05
18.6820652174 	 2.78979859034e-05
18.75 	 1.39575794031e-05
18.8179347826 	 2.51799354654e-05
18.8858695652 	 1.079553952e-05
18.9538043478 	 3.79372363887e-05
19.0217391304 	 1.8401527387e-05
19.089673913 	 5.64252856701e-05
19.1576086957 	 2.59935667015e-05
19.2255434783 	 1.63759023955e-05
19.2934782609 	 2.85216609753e-05
19.3614130435 	 1.10976919197e-05
19.4293478261 	 3.82255646268e-05
19.4972826087 	 5.17668125365e-05
19.5652173913 	 6.44718779081e-05
19.6331521739 	 4.01305572145e-05
19.7010869565 	 7.34912798287e-05
19.7690217391 	 3.35456156959e-05
19.8369565217 	 4.02676265073e-05
19.9048913043 	 5.38771966436e-05
19.972826087 	 1.64610283296e-05
20.0407608696 	 2.33391065126e-05
20.1086956522 	 4.31157977788e-05
20.1766304348 	 3.02130068601e-05
20.2445652174 	 1.56916690385e-05
20.3125 	 6.32432685745e-05
20.3804347826 	 1.82365622872e-05
20.4483695652 	 1.92154186251e-05
20.5163043478 	 4.55993353391e-05
20.5842391304 	 5.43693240822e-05
20.652173913 	 6.7083650235e-05
20.7201086957 	 3.83402153348e-05
20.7880434783 	 5.83869264478e-05
20.8559782609 	 4.85860220216e-05
20.9239130435 	 2.32752265237e-05
20.9918478261 	 3.99154869137e-05
21.0597826087 	 5.55277022822e-05
21.1277173913 	 6.47658280877e-05
21.1956521739 	 3.21072283373e-05
21.2635869565 	 5.26285281657e-05
21.3315217391 	 4.80500944662e-06
21.3994565217 	 8.84490312217e-06
21.4673913043 	 1.56856999108e-05
21.535326087 	 5.93139011424e-05
21.6032608696 	 4.96446298045e-05
21.6711956522 	 3.22995475375e-05
21.7391304348 	 5.24344887318e-06
21.8070652174 	 2.36487892721e-05
21.875 	 2.27615087198e-05
21.9429347826 	 5.8837349652e-05
22.0108695652 	 1.59390538797e-05
22.0788043478 	 1.65382463803e-05
22.1467391304 	 2.75297135519e-05
22.214673913 	 2.12654438968e-05
22.2826086957 	 3.68561983789e-05
22.3505434783 	 5.84474617018e-05
22.4184782609 	 3.32613103989e-05
22.4864130435 	 2.35273398005e-05
22.5543478261 	 6.46401082279e-05
22.6222826087 	 6.56206281318e-05
22.6902173913 	 3.02666530625e-05
22.7581521739 	 4.90653578235e-05
22.8260869565 	 6.97676388391e-05
22.8940217391 	 1.90379615618e-05
22.9619565217 	 1.13845921116e-05
23.0298913043 	 4.73114022996e-05
23.097826087 	 1.20425217314e-05
23.1657608696 	 3.72112327155e-06
23.2336956522 	 3.10967227054e-05
23.3016304348 	 1.37893393341e-05
23.3695652174 	 4.03877658108e-05
23.4375 	 5.82133467798e-05
23.5054347826 	 7.48093692479e-05
23.5733695652 	 5.40510130597e-05
23.6413043478 	 4.45146508828e-05
23.7092391304 	 5.25010004901e-05
23.777173913 	 2.93593062205e-05
23.8451086957 	 4.02896785245e-05
23.9130434783 	 5.24769639494e-05
23.9809782609 	 3.06639595539e-05
24.0489130435 	 4.75235981773e-05
24.1168478261 	 6.70699906138e-05
24.1847826087 	 4.65733519259e-05
24.2527173913 	 2.56435042566e-05
24.3206521739 	 1.27703254313e-05
24.3885869565 	 1.16557850499e-05
24.4565217391 	 2.15106644723e-05
24.5244565217 	 6.93590267049e-05
24.5923913043 	 6.49711762517e-05
24.660326087 	 1.51523690056e-05
24.7282608696 	 3.40735722234e-05
24.7961956522 	 4.71761817408e-05
24.8641304348 	 9.90572548408e-05
24.9320652174 	 2.72273360932e-05
25.0 	 3.06990112576e-05
25.0679347826 	 8.80870690482e-05
25.1358695652 	 7.46239341957e-05
25.2038043478 	 7.74362439424e-05
25.2717391304 	 2.81708533499e-05
25.339673913 	 4.60514852594e-05
25.4076086957 	 2.08912956077e-05
25.4755434783 	 3.28958079619e-05
25.5434782609 	 3.66550053593e-05
25.6114130435 	 5.8208065129e-05
25.6793478261 	 1.49802435633e-05
25.7472826087 	 5.51777280652e-05
25.8152173913 	 4.1200428004e-05
25.8831521739 	 1.75919579262e-05
25.9510869565 	 3.06707968791e-05
26.0190217391 	 1.26914457996e-05
26.0869565217 	 2.08677762895e-05
26.1548913043 	 1.16758606265e-05
26.222826087 	 5.47085896924e-05
26.2907608696 	 2.45764286057e-05
26.3586956522 	 4.3758612061e-05
26.4266304348 	 5.44587969524e-05
26.4945652174 	 9.38517378972e-06
26.5625 	 3.01786265749e-05
26.6304347826 	 2.89116789893e-05
26.6983695652 	 5.79763168903e-05
26.7663043478 	 5.86605740482e-05
26.8342391304 	 3.18216219811e-05
26.902173913 	 3.2075394913e-05
26.9701086957 	 2.14679188762e-05
27.0380434783 	 0.000100713726599
27.1059782609 	 5.61735415703e-05
27.1739130435 	 5.36524651572e-05
27.2418478261 	 2.99745744612e-05
27.3097826087 	 5.77406752244e-05
27.3777173913 	 6.94052118738e-05
27.4456521739 	 6.33712104187e-05
27.5135869565 	 1.07639942456e-05
27.5815217391 	 4.30933827796e-05
27.6494565217 	 7.16978590263e-05
27.7173913043 	 2.61937743226e-05
27.785326087 	 4.84077489149e-05
27.8532608696 	 5.04794963944e-05
27.9211956522 	 2.84942273979e-05
27.9891304348 	 3.18218836737e-05
28.0570652174 	 5.52349873623e-05
28.125 	 5.90664048599e-05
28.1929347826 	 6.21403878371e-05
28.2608695652 	 4.14897689107e-05
28.3288043478 	 5.18185155971e-05
28.3967391304 	 7.34004272995e-05
28.464673913 	 1.39674843974e-05
28.5326086957 	 1.73099711686e-05
28.6005434783 	 5.67613903414e-05
28.6684782609 	 4.62467283677e-05
28.7364130435 	 6.23138567448e-05
28.8043478261 	 2.52754745122e-05
28.8722826087 	 8.33243014977e-05
28.9402173913 	 2.10396650431e-05
29.0081521739 	 3.67659300817e-05
29.0760869565 	 4.14979028529e-05
29.1440217391 	 3.04973158176e-05
29.2119565217 	 2.54541823802e-05
29.2798913043 	 8.10057925366e-06
29.347826087 	 5.06464177256e-05
29.4157608696 	 4.88367876656e-05
29.4836956522 	 4.6187589846e-05
29.5516304348 	 2.90869752266e-05
29.6195652174 	 6.22718346016e-05
29.6875 	 4.32929383666e-05
29.7554347826 	 8.70651671722e-05
29.8233695652 	 3.63835020866e-06
29.8913043478 	 3.47208172259e-05
29.9592391304 	 7.11682813968e-05
30.027173913 	 3.92063326147e-05
30.0951086957 	 6.72338811509e-05
30.1630434783 	 2.98450022077e-05
30.2309782609 	 5.64614687872e-05
30.2989130435 	 1.85694134673e-05
30.3668478261 	 3.33636126746e-06
30.4347826087 	 5.06940618244e-05
30.5027173913 	 2.2236435369e-05
30.5706521739 	 1.73729523576e-05
30.6385869565 	 1.80365860912e-05
30.7065217391 	 4.02126384134e-05
30.7744565217 	 4.94800417029e-05
30.8423913043 	 7.67542815695e-05
30.910326087 	 4.62982537395e-05
30.9782608696 	 1.35874746182e-05
31.0461956522 	 3.41171034139e-05
31.1141304348 	 7.61616374781e-05
31.1820652174 	 7.06021119917e-05
31.25 	 2.95786242194e-05
31.3179347826 	 2.11550265828e-05
31.3858695652 	 4.0323668757e-05
31.4538043478 	 6.78051825215e-05
31.5217391304 	 2.58069878541e-05
31.589673913 	 5.49159421058e-05
31.6576086957 	 4.94231292146e-05
31.7255434783 	 2.69257710489e-05
31.7934782609 	 2.46741847883e-05
31.8614130435 	 6.04438093315e-05
31.9293478261 	 5.04305630821e-05
31.9972826087 	 1.34744545899e-05
32.0652173913 	 5.94885608516e-05
32.1331521739 	 8.32375447491e-05
32.2010869565 	 4.90235806227e-05
32.2690217391 	 4.34127108104e-05
32.3369565217 	 4.68956266871e-05
32.4048913043 	 1.87066657387e-05
32.472826087 	 6.89910930674e-05
32.5407608696 	 3.64563069091e-05
32.6086956522 	 5.02282203209e-05
32.6766304348 	 1.78564099449e-05
32.7445652174 	 8.09630920708e-06
32.8125 	 7.95172493938e-05
32.8804347826 	 4.51677768222e-06
32.9483695652 	 1.87076406226e-05
33.0163043478 	 5.13815923494e-05
33.0842391304 	 7.2511087017e-05
33.152173913 	 2.92700583047e-05
33.2201086957 	 5.74938351385e-05
33.2880434783 	 1.39965843559e-05
33.3559782609 	 4.65328187664e-05
33.4239130435 	 8.98342595893e-05
33.4918478261 	 7.30805378762e-05
33.5597826087 	 5.00295360678e-05
33.6277173913 	 4.0671831194e-05
33.6956521739 	 4.2858649189e-05
33.7635869565 	 2.51125185783e-05
33.8315217391 	 1.68558079011e-05
33.8994565217 	 5.84649426231e-06
33.9673913043 	 3.06552618117e-05
34.035326087 	 5.77308749373e-05
34.1032608696 	 5.21392434385e-05
34.1711956522 	 3.2073796698e-05
34.2391304348 	 3.82978689748e-05
34.3070652174 	 4.36210597846e-05
34.375 	 5.01991135783e-05
34.4429347826 	 3.2725736056e-05
34.5108695652 	 3.2363623051e-05
34.5788043478 	 2.85044847354e-05
34.6467391304 	 4.28860590669e-05
34.714673913 	 6.51301569987e-05
34.7826086957 	 8.58323237114e-06
34.8505434783 	 2.25190627509e-05
34.9184782609 	 3.24354617688e-05
34.9864130435 	 3.32919810452e-05
35.0543478261 	 2.03669200126e-05
35.1222826087 	 1.65480998401e-05
35.1902173913 	 2.42271663708e-05
35.2581521739 	 3.76778694698e-05
35.3260869565 	 2.25462859141e-05
35.3940217391 	 9.62539805557e-06
35.4619565217 	 6.85114165308e-05
35.5298913043 	 3.25595483514e-05
35.597826087 	 6.92415458413e-06
35.6657608696 	 2.2074971035e-05
35.7336956522 	 3.58132753216e-05
35.8016304348 	 3.48586460142e-05
35.8695652174 	 6.86562605467e-05
35.9375 	 2.49769124795e-05
36.0054347826 	 2.54922474611e-05
36.0733695652 	 1.82965825458e-05
36.1413043478 	 5.28256435107e-05
36.2092391304 	 3.43782530883e-05
36.277173913 	 2.72347322311e-05
36.3451086957 	 1.29170920593e-05
36.4130434783 	 2.69426021752e-05
36.4809782609 	 4.22360424783e-05
36.5489130435 	 2.60301397481e-05
36.6168478261 	 4.19487494118e-05
36.6847826087 	 8.09347904334e-06
36.7527173913 	 4.18932747323e-05
36.8206521739 	 2.33474885702e-05
36.8885869565 	 2.61332862581e-05
36.9565217391 	 1.81131531732e-05
37.0244565217 	 1.04489224014e-05
37.0923913043 	 4.05161829577e-05
37.160326087 	 2.31693453075e-05
37.2282608696 	 2.83390956001e-05
37.2961956522 	 1.00121103912e-05
37.3641304348 	 1.32356346644e-05
37.4320652174 	 3.82689251999e-06
37.5 	 2.85204865397e-05
37.5679347826 	 2.92160746107e-06
37.6358695652 	 5.38499165212e-05
37.7038043478 	 4.61741888169e-05
37.7717391304 	 1.41782927834e-05
37.839673913 	 7.62032291776e-06
37.9076086957 	 4.04738910861e-05
37.9755434783 	 2.37550061924e-05
38.0434782609 	 2.04277772467e-05
38.1114130435 	 2.97801981903e-05
38.1793478261 	 1.98373043039e-05
38.2472826087 	 1.86344059959e-05
38.3152173913 	 5.12474721491e-06
38.3831521739 	 1.96493412776e-05
38.4510869565 	 5.115744435e-05
38.5190217391 	 1.01236292688e-05
38.5869565217 	 4.86701226142e-05
38.6548913043 	 6.22615844216e-05
38.722826087 	 2.29821475276e-05
38.7907608696 	 3.54388861587e-05
38.8586956522 	 1.99846182817e-05
38.9266304348 	 2.63784347931e-05
38.9945652174 	 1.68054715422e-05
39.0625 	 1.39349029611e-05
39.1304347826 	 2.45711572267e-05
39.1983695652 	 1.10400334886e-05
39.2663043478 	 2.69560014329e-05
39.3342391304 	 1.58460681629e-05
39.402173913 	 2.06282611212e-05
39.4701086957 	 2.69242486503e-05
39.5380434783 	 1.93319556295e-05
39.6059782609 	 1.48881395816e-05
39.6739130435 	 2.14846836347e-05
39.7418478261 	 1.28865781526e-05
39.8097826087 	 1.10671526618e-05
39.8777173913 	 2.66167800696e-05
39.9456521739 	 1.73951010673e-05
40.0135869565 	 1.3642618342e-05
40.0815217391 	 2.55928189241e-05
40.1494565217 	 2.46746731385e-05
40.2173913043 	 1.2972698206e-05
40.285326087 	 2.38010985544e-05
40.3532608696 	 1.98090790649e-05
40.4211956522 	 2.24513689998e-05
40.4891304348 	 1.89258262806e-05
40.5570652174 	 2.62936571569e-05
40.625 	 3.66944819186e-06
40.6929347826 	 1.8762801885e-05
40.7608695652 	 9.83499229682e-06
40.8288043478 	 9.45513742381e-06
40.8967391304 	 6.24985818302e-06
40.964673913 	 3.99214982141e-06
41.0326086957 	 1.39589870105e-05
41.1005434783 	 1.33399437613e-05
41.1684782609 	 2.54212445526e-05
41.2364130435 	 2.39571354023e-05
41.3043478261 	 3.25979874744e-05
41.3722826087 	 6.4825384469e-06
41.4402173913 	 1.581911561e-05
41.5081521739 	 1.00149026798e-05
41.5760869565 	 1.41200526954e-05
41.6440217391 	 2.09817603735e-05
41.7119565217 	 7.45378010861e-06
41.7798913043 	 3.02206326188e-05
41.847826087 	 1.80670002518e-05
41.9157608696 	 1.84461232993e-05
41.9836956522 	 3.06214720749e-05
42.0516304348 	 1.77659300479e-05
42.1195652174 	 2.32700356093e-05
42.1875 	 1.35849545177e-05
42.2554347826 	 4.36753214869e-06
42.3233695652 	 1.80058665922e-05
42.3913043478 	 1.56948978992e-05
42.4592391304 	 1.06133126041e-05
42.527173913 	 1.81591114465e-05
42.5951086957 	 2.64428395361e-05
42.6630434783 	 1.14599471797e-05
42.7309782609 	 8.34435334527e-06
42.7989130435 	 2.1176075459e-05
42.8668478261 	 1.34429963819e-05
42.9347826087 	 1.61010736845e-05
43.0027173913 	 2.38293568044e-05
43.0706521739 	 1.12394497469e-05
43.1385869565 	 2.92604521294e-06
43.2065217391 	 2.23739695185e-05
43.2744565217 	 1.85283732475e-05
43.3423913043 	 1.61541345308e-05
43.410326087 	 1.3764360595e-05
43.4782608696 	 4.5669036102e-06
43.5461956522 	 4.98679594047e-06
43.6141304348 	 1.56176964168e-05
43.6820652174 	 1.09380061864e-05
43.75 	 1.4793531787e-05
43.8179347826 	 2.42407128986e-05
43.8858695652 	 3.12105618089e-05
43.9538043478 	 1.61984275242e-05
44.0217391304 	 1.38104897693e-05
44.089673913 	 6.78708191388e-07
44.1576086957 	 2.0878084756e-05
44.2255434783 	 1.66143228865e-05
44.2934782609 	 1.56524490112e-05
44.3614130435 	 8.02857672807e-06
44.4293478261 	 8.83289152735e-06
44.4972826087 	 4.56321584355e-06
44.5652173913 	 7.88363543751e-06
44.6331521739 	 9.56899202295e-06
44.7010869565 	 1.47144657529e-05
44.7690217391 	 2.08307227299e-06
44.8369565217 	 1.44766239238e-05
44.9048913043 	 3.76711403028e-06
44.972826087 	 8.67741329548e-06
45.0407608696 	 4.93752387849e-06
45.1086956522 	 1.62103823615e-05
45.1766304348 	 8.27376545132e-06
45.2445652174 	 4.51247851765e-06
45.3125 	 8.48665092641e-06
45.3804347826 	 6.1145788009e-06
45.4483695652 	 3.84245311865e-06
45.5163043478 	 1.15498083012e-05
45.5842391304 	 9.4522832187e-06
45.652173913 	 2.58206172092e-05
45.7201086957 	 2.07601247878e-05
45.7880434783 	 1.27708867625e-05
45.8559782609 	 9.11541933765e-06
45.9239130435 	 7.74048020579e-06
45.9918478261 	 8.51786400297e-06
46.0597826087 	 1.55577177815e-05
46.1277173913 	 1.19762889833e-05
46.1956521739 	 1.01018698043e-05
46.2635869565 	 5.06882087357e-06
46.3315217391 	 1.46188561756e-05
46.3994565217 	 9.32850034344e-06
46.4673913043 	 4.61021627875e-06
46.535326087 	 9.52827914522e-06
46.6032608696 	 1.37338125778e-05
46.6711956522 	 1.64530470934e-06
46.7391304348 	 1.83847104882e-05
46.8070652174 	 1.48710002036e-05
46.875 	 1.33893496855e-05
46.9429347826 	 1.19174366584e-05
47.0108695652 	 1.55137265171e-05
47.0788043478 	 1.19718577117e-05
47.1467391304 	 1.3295150151e-06
47.214673913 	 6.31635032493e-06
47.2826086957 	 5.26127711902e-06
47.3505434783 	 4.65624349191e-06
47.4184782609 	 1.57665135081e-05
47.4864130435 	 1.27911026218e-05
47.5543478261 	 7.84115376593e-06
47.6222826087 	 1.26994134119e-05
47.6902173913 	 9.87935343512e-06
47.7581521739 	 3.57961698587e-06
47.8260869565 	 3.20536784765e-06
47.8940217391 	 7.4105602207e-06
47.9619565217 	 1.13788404591e-05
48.0298913043 	 1.32540930779e-05
48.097826087 	 8.59644043951e-06
48.1657608696 	 9.17456991115e-06
48.2336956522 	 4.55525119647e-06
48.3016304348 	 1.23505833359e-05
48.3695652174 	 2.00053456604e-05
48.4375 	 1.4311437288e-05
48.5054347826 	 7.90746957189e-06
48.5733695652 	 1.43397435345e-05
48.6413043478 	 1.38234380535e-05
48.7092391304 	 1.3980537759e-06
48.777173913 	 7.87804909587e-06
48.8451086957 	 6.34166978703e-06
48.9130434783 	 5.874904385e-06
48.9809782609 	 7.08354808886e-06
49.0489130435 	 3.78773256495e-06
49.1168478261 	 1.65269123529e-05
49.1847826087 	 1.57118803296e-05
49.2527173913 	 5.58696914345e-06
49.3206521739 	 6.18670930014e-06
49.3885869565 	 1.2956796632e-05
49.4565217391 	 9.34897998643e-06
49.5244565217 	 6.03574764643e-06
49.5923913043 	 8.96126992202e-06
49.660326087 	 6.4690166858e-06
49.7282608696 	 3.87710035451e-06
49.7961956522 	 4.72915690942e-06
49.8641304348 	 5.01433625423e-06
49.9320652174 	 9.17631535855e-06
50.0 	 9.14132390571e-06
