0.0 	 9.10396799298e-08
0.0390320062451 	 5.60402881049e-06
0.0780640124902 	 0.000112029532544
0.117096018735 	 0.000301487717895
0.15612802498 	 0.000112720650488
0.195160031226 	 0.000216794532896
0.234192037471 	 0.000113027014005
0.273224043716 	 0.000119862883032
0.312256049961 	 0.000344821500594
0.351288056206 	 0.000263286087973
0.390320062451 	 0.000207004283574
0.429352068696 	 0.000191773213685
0.468384074941 	 0.000124118805616
0.507416081187 	 0.000106880773847
0.546448087432 	 6.94791968597e-05
0.585480093677 	 0.000329966166957
0.624512099922 	 7.28293937725e-05
0.663544106167 	 0.000308742816912
0.702576112412 	 0.000109840518729
0.741608118657 	 0.000363431837
0.780640124902 	 0.000213457073242
0.819672131148 	 0.000112743523283
0.858704137393 	 0.000102549361765
0.897736143638 	 8.89130312418e-05
0.936768149883 	 0.000357506757009
0.975800156128 	 9.93589849964e-05
1.01483216237 	 0.000412565473469
1.05386416862 	 0.000328967668516
1.09289617486 	 0.000224327464595
1.13192818111 	 0.00109527582161
1.17096018735 	 0.000309221487907
1.2099921936 	 0.000686143612637
1.24902419984 	 0.000441506801621
1.28805620609 	 0.000270134248303
1.32708821233 	 0.000442550625978
1.36612021858 	 0.000378753843161
1.40515222482 	 0.000298239785476
1.44418423107 	 0.000447260665871
1.48321623731 	 0.000177319239492
1.52224824356 	 0.000109701546907
1.5612802498 	 5.35175895163e-05
1.60031225605 	 0.000711362130079
1.6393442623 	 0.000292458654423
1.67837626854 	 0.000408241500945
1.71740827479 	 0.000311265411964
1.75644028103 	 0.000528430782521
1.79547228728 	 0.000209832994987
1.83450429352 	 0.000125826266998
1.87353629977 	 0.000325882235218
1.91256830601 	 0.000335262603196
1.95160031226 	 0.000266097564268
1.9906323185 	 0.000413246281211
2.02966432475 	 0.00046766740876
2.06869633099 	 0.000240820324598
2.10772833724 	 0.000126406154639
2.14676034348 	 0.000199762330778
2.18579234973 	 0.000287476709973
2.22482435597 	 0.000247293001852
2.26385636222 	 0.000265820555897
2.30288836846 	 0.000120133863785
2.34192037471 	 5.29570160334e-05
2.38095238095 	 0.000173751409733
2.4199843872 	 0.000214713897404
2.45901639344 	 0.00018244883842
2.49804839969 	 0.000117537819206
2.53708040593 	 0.000219113216449
2.57611241218 	 0.000291678890368
2.61514441842 	 0.000328260934837
2.65417642467 	 0.000227644028121
2.69320843091 	 4.59852080278e-05
2.73224043716 	 1.49102200605e-05
2.7712724434 	 0.000130824615176
2.81030444965 	 0.000456156698132
2.84933645589 	 0.000413741870535
2.88836846214 	 0.000227536323928
2.92740046838 	 0.000226887992571
2.96643247463 	 0.000232627616758
3.00546448087 	 0.000232816713704
3.04449648712 	 0.000205502725618
3.08352849336 	 0.00020067225031
3.12256049961 	 0.000221703060634
3.16159250585 	 0.000196245587217
3.2006245121 	 0.000229001666207
3.23965651835 	 0.000243935930245
3.27868852459 	 7.69367016405e-05
3.31772053084 	 0.000166907914108
3.35675253708 	 0.000173503445439
3.39578454333 	 5.77846438617e-05
3.43481654957 	 0.000135222698545
3.47384855582 	 0.000113072978292
3.51288056206 	 0.00015306437053
3.55191256831 	 0.0001837993144
3.59094457455 	 0.000238074398084
3.6299765808 	 0.000227950801969
3.66900858704 	 0.000193788781206
3.70804059329 	 7.33599845794e-05
3.74707259953 	 0.000133086723772
3.78610460578 	 0.000175326381609
3.82513661202 	 0.000290475520377
3.86416861827 	 0.000252157107082
3.90320062451 	 0.00029196353601
3.94223263076 	 0.000165402050846
3.981264637 	 0.000141972459415
4.02029664325 	 0.000140307688351
4.05932864949 	 6.55468518373e-05
4.09836065574 	 7.13704052018e-05
4.13739266198 	 0.000107337648126
4.17642466823 	 0.000135831736916
4.21545667447 	 0.000144266914455
4.25448868072 	 9.58968376581e-05
4.29352068696 	 0.000169527371268
4.33255269321 	 0.000157688087452
4.37158469945 	 0.000187783931758
4.4106167057 	 0.000245526350931
4.44964871194 	 0.000179368017516
4.48868071819 	 6.52790711213e-05
4.52771272443 	 8.50349458424e-05
4.56674473068 	 7.7863860309e-05
4.60577673692 	 4.25883112523e-05
4.64480874317 	 7.37454620386e-05
4.68384074941 	 5.89307388392e-05
4.72287275566 	 0.000125758060849
4.7619047619 	 0.000100340665113
4.80093676815 	 2.24149376747e-05
4.8399687744 	 7.65499647282e-05
4.87900078064 	 5.88634471154e-05
4.91803278689 	 0.000127175133008
4.95706479313 	 5.19115586846e-05
4.99609679938 	 0.000124286676207
5.03512880562 	 6.33113556874e-05
5.07416081187 	 0.000130007531771
5.11319281811 	 6.03109913795e-05
5.15222482436 	 4.83969223011e-05
5.1912568306 	 1.46033948353e-05
5.23028883685 	 5.49231473978e-05
5.26932084309 	 3.94340452798e-05
5.30835284934 	 2.06014807982e-05
5.34738485558 	 6.06547676666e-05
5.38641686183 	 6.03027267393e-05
5.42544886807 	 6.26118126657e-05
5.46448087432 	 7.70254779858e-05
5.50351288056 	 9.84563485757e-06
5.54254488681 	 6.94101874768e-05
5.58157689305 	 2.93085292517e-05
5.6206088993 	 3.96067196835e-05
5.65964090554 	 2.10602887929e-05
5.69867291179 	 7.66355726287e-05
5.73770491803 	 6.3199540376e-05
5.77673692428 	 1.92220864627e-05
5.81576893052 	 6.36429729768e-05
5.85480093677 	 1.52066215782e-05
5.89383294301 	 4.29763101051e-05
5.93286494926 	 3.68269230427e-05
5.9718969555 	 3.41308213396e-05
6.01092896175 	 2.95325474475e-05
6.04996096799 	 3.3932691645e-05
6.08899297424 	 4.18327853304e-05
6.12802498048 	 5.45067728206e-05
6.16705698673 	 6.35347928353e-05
6.20608899297 	 5.24278090619e-05
6.24512099922 	 3.46742088052e-05
6.28415300546 	 7.40878795315e-05
6.32318501171 	 2.85826889137e-05
6.36221701795 	 4.40772725162e-05
6.4012490242 	 3.25618483306e-05
6.44028103044 	 3.2230885414e-05
6.47931303669 	 3.94670523658e-05
6.51834504294 	 2.16403730927e-05
6.55737704918 	 3.75326496807e-05
6.59640905543 	 6.64077653274e-05
6.63544106167 	 3.34281554388e-05
6.67447306792 	 1.50954845911e-05
6.71350507416 	 1.60800669974e-05
6.75253708041 	 3.60431425676e-05
6.79156908665 	 7.48134064975e-06
6.8306010929 	 1.62803575796e-05
6.86963309914 	 4.59816590309e-05
6.90866510539 	 4.04186309133e-05
6.94769711163 	 5.85214991811e-05
6.98672911788 	 3.43032872555e-05
7.02576112412 	 2.57215340266e-05
7.06479313037 	 4.10811677663e-05
7.10382513661 	 2.86597628471e-05
7.14285714286 	 4.05801485429e-05
7.1818891491 	 4.98520057789e-05
7.22092115535 	 3.76316967313e-05
7.25995316159 	 3.65851672299e-05
7.29898516784 	 6.54430695489e-05
7.33801717408 	 6.7521736735e-05
7.37704918033 	 2.56512087751e-05
7.41608118657 	 3.548984218e-05
7.45511319282 	 2.7638254808e-05
7.49414519906 	 2.92304870966e-05
7.53317720531 	 5.55876382445e-05
7.57220921155 	 4.47064400951e-05
7.6112412178 	 1.49113172404e-05
7.65027322404 	 1.19112142053e-05
7.68930523029 	 2.29044773835e-05
7.72833723653 	 4.69134157993e-05
7.76736924278 	 7.13397101014e-06
7.80640124902 	 4.31668425163e-05
7.84543325527 	 0.000105357299384
7.88446526151 	 9.67277219104e-05
7.92349726776 	 5.17301855843e-05
7.962529274 	 6.78624315973e-05
8.00156128025 	 4.01415012595e-05
8.04059328649 	 7.0210915627e-05
8.07962529274 	 8.02361831682e-05
8.11865729899 	 5.05804256256e-05
8.15768930523 	 3.25395910447e-05
8.19672131148 	 6.04473372739e-05
8.23575331772 	 5.01998177731e-05
8.27478532397 	 4.57217495554e-05
8.31381733021 	 4.18505073523e-05
8.35284933646 	 4.5179897613e-05
8.3918813427 	 2.49139070159e-05
8.43091334895 	 1.42827248137e-05
8.46994535519 	 1.15823158291e-05
8.50897736144 	 2.49836950799e-05
8.54800936768 	 2.62471607488e-05
8.58704137393 	 3.05537913871e-05
8.62607338017 	 3.72390128719e-06
8.66510538642 	 4.48154304091e-05
8.70413739266 	 1.12766360226e-05
8.74316939891 	 1.3376374636e-05
8.78220140515 	 3.5529446764e-05
8.8212334114 	 4.20433375018e-05
8.86026541764 	 5.24644926424e-05
8.89929742389 	 3.58625023492e-05
8.93832943013 	 3.81879547147e-05
8.97736143638 	 1.27699065504e-05
9.01639344262 	 1.76498878069e-05
9.05542544887 	 1.08011993298e-05
9.09445745511 	 4.0481049619e-05
9.13348946136 	 4.88290971899e-05
9.1725214676 	 6.4623680655e-05
9.21155347385 	 2.81146653137e-05
9.25058548009 	 7.85779092226e-06
9.28961748634 	 1.83435485702e-05
9.32864949258 	 3.87183474209e-05
9.36768149883 	 3.44168558773e-05
9.40671350507 	 4.04489534912e-05
9.44574551132 	 2.65001614621e-05
9.48477751756 	 2.64518300174e-05
9.52380952381 	 5.91296908279e-05
9.56284153005 	 9.80327933952e-06
9.6018735363 	 1.50011096023e-05
9.64090554254 	 4.17260025735e-05
9.67993754879 	 4.74753011988e-05
9.71896955504 	 2.47185444104e-05
9.75800156128 	 2.09328470824e-05
9.79703356753 	 3.88051595318e-05
9.83606557377 	 3.22636603734e-05
9.87509758002 	 6.48649406273e-05
9.91412958626 	 1.99108122343e-05
9.95316159251 	 1.26251662077e-05
9.99219359875 	 1.34718757466e-05
10.031225605 	 1.39212728572e-05
10.0702576112 	 2.24073112005e-05
10.1092896175 	 2.34720118472e-05
10.1483216237 	 4.15908488833e-05
10.18735363 	 1.40647153112e-05
10.2263856362 	 1.71203165602e-05
10.2654176425 	 2.32551045258e-05
10.3044496487 	 9.19641313218e-06
10.343481655 	 2.19288570946e-05
10.3825136612 	 7.06951835961e-06
10.4215456674 	 1.6244555114e-05
10.4605776737 	 3.27640222345e-05
10.4996096799 	 8.6760039161e-06
10.5386416862 	 1.16954338429e-05
10.5776736924 	 4.66900374776e-05
10.6167056987 	 3.16945497807e-05
10.6557377049 	 4.59311372548e-05
10.6947697112 	 3.70493653601e-05
10.7338017174 	 2.89780286887e-05
10.7728337237 	 4.10762968638e-05
10.8118657299 	 3.57874171525e-05
10.8508977361 	 1.40020504052e-05
10.8899297424 	 2.92718926334e-05
10.9289617486 	 6.75679074748e-06
10.9679937549 	 6.49681837153e-06
11.0070257611 	 3.27327042757e-05
11.0460577674 	 4.18200921397e-05
11.0850897736 	 1.71348294259e-05
11.1241217799 	 1.12846770215e-05
11.1631537861 	 8.27095038501e-06
11.2021857923 	 1.00964699255e-05
11.2412177986 	 1.86809296201e-05
11.2802498048 	 2.22331151994e-05
11.3192818111 	 3.27004988449e-05
11.3583138173 	 2.44322614652e-06
11.3973458236 	 1.79316057835e-05
11.4363778298 	 3.53806940652e-05
11.4754098361 	 5.20036935647e-05
11.5144418423 	 1.8147258447e-05
11.5534738486 	 6.93394794194e-06
11.5925058548 	 7.22871244558e-06
11.631537861 	 2.16156794121e-05
11.6705698673 	 3.0213032111e-05
11.7096018735 	 4.56549491712e-05
11.7486338798 	 2.98339893109e-05
11.787665886 	 1.71444531937e-05
11.8266978923 	 2.76914623852e-05
11.8657298985 	 9.23274404339e-06
11.9047619048 	 2.2084907873e-05
11.943793911 	 1.7845311328e-05
11.9828259173 	 3.53435972968e-05
12.0218579235 	 5.26078216982e-05
12.0608899297 	 1.46078528067e-05
12.099921936 	 1.91251461042e-05
12.1389539422 	 3.34720298345e-05
12.1779859485 	 1.76863902954e-05
12.2170179547 	 2.67350825407e-05
12.256049961 	 7.57083196698e-06
12.2950819672 	 1.2052459668e-05
12.3341139735 	 1.64308539828e-05
12.3731459797 	 2.69881583369e-06
12.4121779859 	 3.39910411872e-06
12.4512099922 	 2.17730937446e-05
12.4902419984 	 2.14925654765e-05
12.5292740047 	 1.90582884897e-05
12.5683060109 	 6.97191967226e-06
12.6073380172 	 1.33141659903e-05
12.6463700234 	 4.15691312395e-05
12.6854020297 	 8.3761326924e-06
12.7244340359 	 2.15014794301e-05
12.7634660422 	 1.43811821573e-05
12.8024980484 	 3.09004504375e-05
12.8415300546 	 1.72262169185e-05
12.8805620609 	 1.39391616444e-05
12.9195940671 	 1.14732063792e-05
12.9586260734 	 1.37329600535e-05
12.9976580796 	 2.30469895175e-06
13.0366900859 	 1.71687461131e-05
13.0757220921 	 3.70366178214e-05
13.1147540984 	 2.7757380156e-05
13.1537861046 	 4.26233935751e-05
13.1928181109 	 6.51791576434e-06
13.2318501171 	 2.48966595892e-05
13.2708821233 	 1.95170533553e-05
13.3099141296 	 1.95456504634e-05
13.3489461358 	 2.02436981381e-05
13.3879781421 	 8.26930525656e-06
13.4270101483 	 9.67116035463e-06
13.4660421546 	 2.02255773194e-06
13.5050741608 	 1.7926461766e-05
13.5441061671 	 1.31838545678e-05
13.5831381733 	 1.81534849766e-05
13.6221701795 	 2.47822881824e-05
13.6612021858 	 1.67352129652e-05
13.700234192 	 1.90906491701e-06
13.7392661983 	 9.04401292551e-06
13.7782982045 	 1.77532183935e-05
13.8173302108 	 1.39172921546e-05
13.856362217 	 1.6708387245e-05
13.8953942233 	 7.23579470073e-06
13.9344262295 	 2.20840098518e-05
13.9734582358 	 6.193888186e-06
14.012490242 	 6.62389173286e-06
14.0515222482 	 2.01419242418e-05
14.0905542545 	 7.40525374071e-06
14.1295862607 	 1.56422459535e-05
14.168618267 	 1.16289514797e-05
14.2076502732 	 1.45221320235e-05
14.2466822795 	 1.09376328617e-05
14.2857142857 	 2.30671697119e-05
14.324746292 	 1.89038793993e-06
14.3637782982 	 1.72643621593e-05
14.4028103044 	 2.24615288617e-05
14.4418423107 	 8.78818219548e-06
14.4808743169 	 2.74438917594e-05
14.5199063232 	 1.71783737906e-05
14.5589383294 	 2.66045519069e-05
14.5979703357 	 1.97822407456e-05
14.6370023419 	 8.69706736467e-06
14.6760343482 	 3.42606669964e-06
14.7150663544 	 1.63809695812e-05
14.7540983607 	 2.12045092804e-05
14.7931303669 	 3.62736848094e-05
14.8321623731 	 2.59333287435e-05
14.8711943794 	 1.39330025222e-05
14.9102263856 	 1.68154380741e-05
14.9492583919 	 3.0058053809e-05
14.9882903981 	 3.83279287701e-05
15.0273224044 	 1.20109442882e-05
15.0663544106 	 1.06962890139e-05
15.1053864169 	 1.88592276928e-05
15.1444184231 	 1.6031365352e-05
15.1834504294 	 2.76859810572e-05
15.2224824356 	 2.27864276102e-05
15.2615144418 	 3.01667979524e-05
15.3005464481 	 3.29715838449e-05
15.3395784543 	 1.1286600771e-05
15.3786104606 	 9.12868871011e-06
15.4176424668 	 6.5775764473e-06
15.4566744731 	 1.7239653034e-05
15.4957064793 	 1.50936453417e-05
15.5347384856 	 1.13730449556e-05
15.5737704918 	 6.92372828607e-06
15.612802498 	 1.10199735378e-05
15.6518345043 	 2.61208859675e-06
15.6908665105 	 3.11291706875e-06
15.7298985168 	 8.71758926494e-06
15.768930523 	 7.12628158399e-06
15.8079625293 	 2.093441824e-05
15.8469945355 	 1.27033561832e-05
15.8860265418 	 1.15668981047e-05
15.925058548 	 1.96010904951e-05
15.9640905543 	 3.43742608088e-06
16.0031225605 	 1.09446779432e-05
16.0421545667 	 6.86664163514e-06
16.081186573 	 1.92358261406e-05
16.1202185792 	 2.2631747959e-05
16.1592505855 	 6.99873595904e-06
16.1982825917 	 4.90736170044e-06
16.237314598 	 7.47025673049e-06
16.2763466042 	 3.01425927502e-05
16.3153786105 	 4.93491435712e-06
16.3544106167 	 1.27805698027e-05
16.393442623 	 9.63610812854e-06
16.4324746292 	 1.45097942182e-05
16.4715066354 	 3.63905951334e-05
16.5105386417 	 1.61584390325e-05
16.5495706479 	 3.55063681761e-05
16.5886026542 	 1.87981437937e-05
16.6276346604 	 1.62255095891e-05
16.6666666667 	 2.34930536262e-06
16.7056986729 	 1.12578081511e-05
16.7447306792 	 1.94057269806e-05
16.7837626854 	 1.26024720403e-05
16.8227946916 	 1.92107954206e-05
16.8618266979 	 2.51088564483e-06
16.9008587041 	 2.95649848126e-05
16.9398907104 	 1.41786056675e-05
16.9789227166 	 1.0539190706e-05
17.0179547229 	 2.10887213073e-05
17.0569867291 	 1.17601185055e-05
17.0960187354 	 1.64534244582e-05
17.1350507416 	 8.46078341264e-06
17.1740827479 	 1.8757783174e-05
17.2131147541 	 2.16292133205e-05
17.2521467603 	 1.41974811553e-05
17.2911787666 	 2.06691108045e-06
17.3302107728 	 1.93307456745e-05
17.3692427791 	 1.08385434706e-05
17.4082747853 	 9.23077469143e-06
17.4473067916 	 1.07847404476e-05
17.4863387978 	 3.34339552182e-06
17.5253708041 	 1.47163854017e-05
17.5644028103 	 2.513629784e-05
17.6034348165 	 2.92389386607e-05
17.6424668228 	 2.5746807061e-05
17.681498829 	 1.07987048989e-05
17.7205308353 	 6.0211601146e-06
17.7595628415 	 2.28190879016e-05
17.7985948478 	 2.07150448652e-05
17.837626854 	 3.02808783302e-05
17.8766588603 	 2.15542959844e-05
17.9156908665 	 1.27989752658e-05
17.9547228728 	 3.73252008517e-06
17.993754879 	 1.38019629636e-05
18.0327868852 	 1.60441410928e-05
18.0718188915 	 4.55775639721e-06
18.1108508977 	 2.19423769915e-05
18.149882904 	 9.89375443638e-06
18.1889149102 	 1.07528804362e-05
18.2279469165 	 8.51391996569e-06
18.2669789227 	 9.37182731913e-06
18.306010929 	 1.05788223196e-05
18.3450429352 	 1.12737559618e-05
18.3840749415 	 1.33970315488e-05
18.4231069477 	 4.20882528067e-06
18.4621389539 	 1.23296057105e-05
18.5011709602 	 1.59193349793e-05
18.5402029664 	 2.31215550863e-05
18.5792349727 	 1.86407365245e-05
18.6182669789 	 9.21771197003e-06
18.6572989852 	 9.05154123345e-06
18.6963309914 	 7.58047352441e-06
18.7353629977 	 6.02190400981e-06
18.7743950039 	 3.89740821462e-06
18.8134270101 	 1.14896215915e-05
18.8524590164 	 3.06073161003e-05
18.8914910226 	 2.24007293931e-05
18.9305230289 	 3.34481809785e-06
18.9695550351 	 3.93156168608e-06
19.0085870414 	 1.07659403307e-05
19.0476190476 	 1.19187093121e-05
19.0866510539 	 8.80731867896e-06
19.1256830601 	 1.25080739957e-05
19.1647150664 	 7.19399493736e-06
19.2037470726 	 1.59291364182e-07
19.2427790788 	 9.27330178967e-06
19.2818110851 	 8.43983069582e-06
19.3208430913 	 1.19550852463e-05
19.3598750976 	 6.03587580575e-06
19.3989071038 	 1.34215150165e-05
19.4379391101 	 1.14387499716e-05
19.4769711163 	 1.28384354692e-05
19.5160031226 	 2.23926547968e-05
19.5550351288 	 2.17320949089e-05
19.5940671351 	 1.12452835535e-05
19.6330991413 	 1.95362581073e-05
19.6721311475 	 1.1389946907e-05
19.7111631538 	 3.38876430267e-06
19.75019516 	 1.81584967263e-05
19.7892271663 	 2.3292779278e-05
19.8282591725 	 6.77756064623e-06
19.8672911788 	 1.19941681109e-05
19.906323185 	 1.85424120369e-05
19.9453551913 	 2.70725991024e-05
19.9843871975 	 3.80517504491e-06
20.0234192037 	 1.21326570942e-05
20.06245121 	 1.3692923123e-06
20.1014832162 	 1.45268378629e-05
20.1405152225 	 1.16225174871e-05
20.1795472287 	 2.43373830538e-05
20.218579235 	 1.24078580283e-05
20.2576112412 	 9.59496141738e-06
20.2966432475 	 1.19450747621e-05
20.3356752537 	 1.10836325678e-05
20.37470726 	 9.29952434054e-06
20.4137392662 	 2.0943478872e-05
20.4527712724 	 2.08561210382e-05
20.4918032787 	 3.09654873892e-05
20.5308352849 	 2.1785874148e-05
20.5698672912 	 2.26160684545e-05
20.6088992974 	 1.46099336694e-05
20.6479313037 	 1.35250543874e-05
20.6869633099 	 1.60681618118e-05
20.7259953162 	 5.00653295145e-06
20.7650273224 	 1.43687869327e-05
20.8040593286 	 8.36935983815e-06
20.8430913349 	 6.84621477405e-06
20.8821233411 	 1.54653875219e-05
20.9211553474 	 1.48049299627e-05
20.9601873536 	 2.79864962692e-06
20.9992193599 	 3.08233375337e-06
21.0382513661 	 1.23021249622e-05
21.0772833724 	 1.18378907653e-05
21.1163153786 	 1.68749286867e-05
21.1553473849 	 1.51077917463e-05
21.1943793911 	 1.69607864252e-06
21.2334113973 	 1.1762264432e-05
21.2724434036 	 9.0471787663e-06
21.3114754098 	 1.68653362687e-05
21.3505074161 	 1.56466681597e-06
21.3895394223 	 1.60931036767e-05
21.4285714286 	 1.54022568034e-05
21.4676034348 	 6.17340441332e-06
21.5066354411 	 7.57183156173e-06
21.5456674473 	 2.0957428722e-05
21.5846994536 	 1.09686454046e-05
21.6237314598 	 1.02184618689e-05
21.662763466 	 1.44371684816e-05
21.7017954723 	 1.50810819212e-05
21.7408274785 	 2.11412446745e-05
21.7798594848 	 1.27512843315e-05
21.818891491 	 1.95857789081e-05
21.8579234973 	 8.83358489407e-06
21.8969555035 	 8.0976550642e-06
21.9359875098 	 5.90940366368e-06
21.975019516 	 2.24998454739e-05
22.0140515222 	 1.86557987228e-05
22.0530835285 	 5.20200441557e-06
22.0921155347 	 4.46790307792e-06
22.131147541 	 6.2708814993e-06
22.1701795472 	 8.20556033964e-06
22.2092115535 	 2.5671572574e-05
22.2482435597 	 2.60541437073e-05
22.287275566 	 1.71416327794e-05
22.3263075722 	 8.14890236899e-06
22.3653395785 	 2.29445467237e-05
22.4043715847 	 1.55031913469e-05
22.4434035909 	 1.5928581672e-05
22.4824355972 	 2.8363315276e-06
22.5214676034 	 7.77264667202e-06
22.5604996097 	 1.7703881746e-05
22.5995316159 	 1.34261261047e-05
22.6385636222 	 2.09511079824e-05
22.6775956284 	 1.76169174828e-05
22.7166276347 	 1.55237858592e-05
22.7556596409 	 1.87617744431e-05
22.7946916472 	 1.12263925717e-05
22.8337236534 	 1.10238416463e-05
22.8727556596 	 5.62172225372e-06
22.9117876659 	 1.7557931226e-05
22.9508196721 	 1.69398994396e-06
22.9898516784 	 3.42989447731e-06
23.0288836846 	 2.35964630355e-05
23.0679156909 	 5.25905521112e-06
23.1069476971 	 1.91749324403e-05
23.1459797034 	 2.38173440709e-05
23.1850117096 	 3.08350057848e-05
23.2240437158 	 2.31795713403e-05
23.2630757221 	 1.74147130425e-05
23.3021077283 	 1.3814361129e-05
23.3411397346 	 1.94085968733e-05
23.3801717408 	 2.8687295249e-05
23.4192037471 	 2.57005141412e-05
23.4582357533 	 2.04294187316e-05
23.4972677596 	 1.67778133608e-05
23.5362997658 	 1.00416633988e-05
23.5753317721 	 7.96145530336e-06
23.6143637783 	 1.48544442115e-05
23.6533957845 	 2.93579948563e-06
23.6924277908 	 1.43183658404e-05
23.731459797 	 8.51557533377e-06
23.7704918033 	 1.23241536308e-05
23.8095238095 	 1.13260513084e-05
23.8485558158 	 1.07518910642e-05
23.887587822 	 7.22069716246e-06
23.9266198283 	 7.23649421522e-06
23.9656518345 	 1.78022748843e-05
24.0046838407 	 2.27181112528e-05
24.043715847 	 1.35571650134e-05
24.0827478532 	 7.20271455132e-06
24.1217798595 	 1.24486969085e-05
24.1608118657 	 2.52252940215e-05
24.199843872 	 1.52800906543e-05
24.2388758782 	 2.15001865017e-05
24.2779078845 	 2.20234221861e-05
24.3169398907 	 1.08429389805e-05
24.355971897 	 1.132736769e-05
24.3950039032 	 2.62703462331e-05
24.4340359094 	 1.53348572444e-05
24.4730679157 	 1.97953271173e-05
24.5120999219 	 7.23059289201e-06
24.5511319282 	 1.06816091644e-05
24.5901639344 	 9.3331306614e-06
24.6291959407 	 7.62457519576e-07
24.6682279469 	 7.06262084016e-06
24.7072599532 	 5.30992969574e-06
24.7462919594 	 1.09723352331e-05
24.7853239657 	 9.33042707884e-06
24.8243559719 	 4.11067272133e-06
24.8633879781 	 4.79574529173e-06
24.9024199844 	 7.59944837039e-06
24.9414519906 	 1.76668020052e-05
24.9804839969 	 2.40505453778e-05
25.0195160031 	 1.74359648446e-05
25.0585480094 	 2.52654872996e-06
25.0975800156 	 7.96847663038e-06
25.1366120219 	 1.08723305195e-05
25.1756440281 	 1.2085256949e-05
25.2146760343 	 1.88850089073e-05
25.2537080406 	 1.49255165077e-05
25.2927400468 	 7.67235255514e-06
25.3317720531 	 9.46125750486e-06
25.3708040593 	 3.80779830267e-06
25.4098360656 	 7.79130251337e-06
25.4488680718 	 5.77345573715e-06
25.4879000781 	 8.1573116709e-06
25.5269320843 	 9.25108169767e-06
25.5659640906 	 9.00855535395e-06
25.6049960968 	 5.6763426929e-06
25.644028103 	 6.83419748139e-06
25.6830601093 	 3.6843771237e-06
25.7220921155 	 2.03208242734e-05
25.7611241218 	 1.16353161562e-05
25.800156128 	 7.37484483826e-06
25.8391881343 	 6.86552993019e-06
25.8782201405 	 3.64263630445e-06
25.9172521468 	 1.25830016557e-05
25.956284153 	 2.51356393403e-05
25.9953161593 	 2.31335208418e-05
26.0343481655 	 6.86500073912e-06
26.0733801717 	 1.46769697929e-05
26.112412178 	 2.45731383533e-05
26.1514441842 	 1.53279429561e-05
26.1904761905 	 9.20470010883e-06
26.2295081967 	 7.28655116123e-06
26.268540203 	 8.78548402082e-06
26.3075722092 	 1.48243163057e-05
26.3466042155 	 1.45820109252e-05
26.3856362217 	 1.02458430614e-05
26.4246682279 	 3.00138385356e-06
26.4637002342 	 1.0152268528e-05
26.5027322404 	 9.73076949405e-06
26.5417642467 	 1.334800226e-05
26.5807962529 	 1.02059205762e-05
26.6198282592 	 1.22780553664e-05
26.6588602654 	 1.6522087922e-05
26.6978922717 	 9.99351632445e-06
26.7369242779 	 1.16509984945e-05
26.7759562842 	 1.03847749577e-05
26.8149882904 	 8.37183517412e-06
26.8540202966 	 7.94954079798e-06
26.8930523029 	 1.33738446227e-05
26.9320843091 	 1.06222608819e-05
26.9711163154 	 6.90149287443e-06
27.0101483216 	 9.70029760469e-06
27.0491803279 	 1.46402209111e-05
27.0882123341 	 1.96045520218e-05
27.1272443404 	 1.40177137042e-05
27.1662763466 	 4.02631359985e-06
27.2053083528 	 9.01021968349e-06
27.2443403591 	 5.89436270609e-06
27.2833723653 	 7.35503078543e-06
27.3224043716 	 1.89490847425e-05
27.3614363778 	 1.92132233851e-05
27.4004683841 	 6.31125775835e-06
27.4395003903 	 7.4991324067e-06
27.4785323966 	 7.69030087842e-06
27.5175644028 	 3.71758319067e-06
27.5565964091 	 7.18961783733e-06
27.5956284153 	 6.27831768494e-06
27.6346604215 	 4.7317469979e-06
27.6736924278 	 9.10456541502e-06
27.712724434 	 5.18978974707e-06
27.7517564403 	 4.67856911053e-06
27.7907884465 	 3.77354718803e-06
27.8298204528 	 9.59592993869e-06
27.868852459 	 1.31679043326e-05
27.9078844653 	 2.475072165e-06
27.9469164715 	 5.7607066644e-06
27.9859484778 	 1.17352444009e-05
28.024980484 	 1.188120365e-05
28.0640124902 	 3.53992916008e-07
28.1030444965 	 1.68890847121e-05
28.1420765027 	 2.1385412486e-05
28.181108509 	 1.04510087615e-05
28.2201405152 	 1.04450096278e-05
28.2591725215 	 4.14924007302e-06
28.2982045277 	 8.58430932012e-06
28.337236534 	 6.63929075448e-06
28.3762685402 	 9.2282446871e-06
28.4153005464 	 8.83977075957e-06
28.4543325527 	 5.43813973692e-06
28.4933645589 	 7.55270939823e-06
28.5323965652 	 1.04361733256e-05
28.5714285714 	 1.01522205477e-05
28.6104605777 	 1.08068723272e-05
28.6494925839 	 1.28202012057e-05
28.6885245902 	 1.31109424971e-05
28.7275565964 	 9.2567800103e-06
28.7665886027 	 1.20052009987e-05
28.8056206089 	 9.99147413155e-06
28.8446526151 	 6.86822542244e-06
28.8836846214 	 1.07314897854e-05
28.9227166276 	 1.46228761024e-05
28.9617486339 	 1.30671226148e-05
29.0007806401 	 6.75854931531e-06
29.0398126464 	 1.98729570053e-06
29.0788446526 	 1.09946883235e-05
29.1178766589 	 1.22285583033e-05
29.1569086651 	 4.38080553399e-06
29.1959406714 	 5.88401813969e-06
29.2349726776 	 4.98407995214e-06
29.2740046838 	 3.96175118474e-06
29.3130366901 	 3.58556235348e-06
29.3520686963 	 5.78728350535e-06
29.3911007026 	 3.12417895201e-06
29.4301327088 	 5.41551213545e-06
29.4691647151 	 1.23150271026e-05
29.5081967213 	 1.96361884808e-05
29.5472287276 	 1.00545576066e-05
29.5862607338 	 6.42004961831e-06
29.62529274 	 5.63898180115e-06
29.6643247463 	 6.66862456944e-06
29.7033567525 	 1.04380702152e-05
29.7423887588 	 7.95768237169e-06
29.781420765 	 1.06313939834e-05
29.8204527713 	 3.50883463482e-06
29.8594847775 	 2.5257096225e-06
29.8985167838 	 5.46806371563e-06
29.93754879 	 3.93206670306e-06
29.9765807963 	 3.54136709347e-06
30.0156128025 	 8.78073427343e-06
30.0546448087 	 1.21705286278e-05
30.093676815 	 1.04349079364e-05
30.1327088212 	 1.35718621548e-06
30.1717408275 	 6.84038316809e-06
30.2107728337 	 1.63417116573e-05
30.24980484 	 1.55091671657e-05
30.2888368462 	 1.52988692971e-05
30.3278688525 	 5.55154384669e-06
30.3669008587 	 1.63461406046e-07
30.4059328649 	 7.10112914587e-06
30.4449648712 	 4.37237547356e-06
30.4839968774 	 8.54459795807e-06
30.5230288837 	 2.36920126686e-06
30.5620608899 	 4.37129788404e-06
30.6010928962 	 3.85261427077e-06
30.6401249024 	 7.61059219993e-06
30.6791569087 	 2.57876496243e-06
30.7181889149 	 6.53949240326e-06
30.7572209212 	 6.2015376699e-06
30.7962529274 	 6.13920362128e-06
30.8352849336 	 6.68202637874e-06
30.8743169399 	 6.53673738738e-06
30.9133489461 	 8.03351782942e-06
30.9523809524 	 6.18484309957e-06
30.9914129586 	 1.30989948863e-06
31.0304449649 	 2.25432863429e-06
31.0694769711 	 2.70301821063e-06
31.1085089774 	 7.54512783522e-06
31.1475409836 	 8.26829821909e-06
31.1865729899 	 6.15262896969e-06
31.2256049961 	 6.59571218205e-06
31.2646370023 	 6.92845175928e-06
31.3036690086 	 6.17043311759e-06
31.3427010148 	 9.97485399082e-06
31.3817330211 	 1.30648738146e-05
31.4207650273 	 1.05528117432e-05
31.4597970336 	 6.07093220974e-06
31.4988290398 	 5.53066260081e-06
31.5378610461 	 6.9217797123e-06
31.5768930523 	 1.29335443654e-05
31.6159250585 	 1.02727994705e-05
31.6549570648 	 8.08331822547e-06
31.693989071 	 7.78416700279e-06
31.7330210773 	 6.16854765092e-06
31.7720530835 	 2.12629725399e-06
31.8110850898 	 1.0180453054e-05
31.850117096 	 1.39227469162e-05
31.8891491023 	 3.12606886596e-06
31.9281811085 	 8.50804439251e-06
31.9672131148 	 8.77003484033e-06
32.006245121 	 5.9812532644e-06
32.0452771272 	 3.91956545033e-06
32.0843091335 	 3.04359184334e-06
32.1233411397 	 7.3794672378e-06
32.162373146 	 4.48319516273e-06
32.2014051522 	 7.24931563552e-06
32.2404371585 	 4.85360884172e-06
32.2794691647 	 6.46929565754e-06
32.318501171 	 4.02453581891e-06
32.3575331772 	 6.79331581756e-06
32.3965651835 	 4.60710709826e-06
32.4355971897 	 8.61175077689e-06
32.4746291959 	 6.71572726223e-06
32.5136612022 	 6.48920051542e-06
32.5526932084 	 8.87521092235e-06
32.5917252147 	 9.27208536137e-06
32.6307572209 	 7.29954369584e-06
32.6697892272 	 4.01569578629e-06
32.7088212334 	 9.21648429461e-06
32.7478532397 	 5.39009080043e-06
32.7868852459 	 5.96216730869e-06
32.8259172521 	 2.77233407235e-06
32.8649492584 	 7.17181150396e-06
32.9039812646 	 2.64842245668e-06
32.9430132709 	 5.33268952018e-06
32.9820452771 	 4.59051254284e-06
33.0210772834 	 1.0153600052e-05
33.0601092896 	 6.23253939963e-06
33.0991412959 	 5.18110200139e-06
33.1381733021 	 1.9549833607e-06
33.1772053084 	 2.84030568847e-06
33.2162373146 	 7.56227947302e-06
33.2552693208 	 1.71578610978e-06
33.2943013271 	 9.29882055217e-06
33.3333333333 	 1.1459152436e-05
33.3723653396 	 5.00162034181e-06
33.4113973458 	 7.05131919184e-06
33.4504293521 	 1.02132696703e-05
33.4894613583 	 9.98286684708e-07
33.5284933646 	 5.61210588433e-06
33.5675253708 	 6.29193024814e-06
33.606557377 	 8.08919910369e-06
33.6455893833 	 1.34539185681e-06
33.6846213895 	 6.96637807043e-06
33.7236533958 	 7.65579953056e-06
33.762685402 	 7.39103739132e-06
33.8017174083 	 4.38440294276e-06
33.8407494145 	 2.84964513015e-06
33.8797814208 	 3.66235814153e-06
33.918813427 	 3.96774693709e-06
33.9578454333 	 2.7706007287e-06
33.9968774395 	 6.36893252484e-06
34.0359094457 	 3.72391026332e-06
34.074941452 	 2.92996573295e-06
34.1139734582 	 2.15167658038e-06
34.1530054645 	 1.73212164096e-06
34.1920374707 	 5.74379415746e-06
34.231069477 	 6.61173292674e-06
34.2701014832 	 5.99909798965e-06
34.3091334895 	 3.11510459578e-06
34.3481654957 	 2.63402869435e-06
34.387197502 	 5.6591252953e-06
34.4262295082 	 1.41668544291e-06
34.4652615144 	 2.42569640888e-06
34.5042935207 	 3.21674588628e-06
34.5433255269 	 9.20447018365e-06
34.5823575332 	 7.67905914309e-06
34.6213895394 	 6.17896359675e-06
34.6604215457 	 1.68461480045e-06
34.6994535519 	 6.83908631808e-06
34.7384855582 	 5.06055587368e-06
34.7775175644 	 3.03896430398e-06
34.8165495706 	 3.34655262388e-06
34.8555815769 	 5.48259252975e-06
34.8946135831 	 6.4422883575e-06
34.9336455894 	 4.65114440862e-06
34.9726775956 	 5.2681552621e-06
35.0117096019 	 7.81369970129e-06
35.0507416081 	 6.85958104848e-06
35.0897736144 	 2.62663594629e-06
35.1288056206 	 2.07503927332e-06
35.1678376269 	 3.43227198352e-06
35.2068696331 	 6.85815686211e-06
35.2459016393 	 6.33384432034e-06
35.2849336456 	 3.12119286019e-06
35.3239656518 	 6.21880602118e-06
35.3629976581 	 5.48432597864e-06
35.4020296643 	 2.90530005096e-06
35.4410616706 	 2.45531433081e-06
35.4800936768 	 1.0106302513e-05
35.5191256831 	 8.38643224681e-06
35.5581576893 	 4.81437029533e-06
35.5971896956 	 1.36709942308e-06
35.6362217018 	 5.63585422887e-06
35.675253708 	 4.13896708793e-06
35.7142857143 	 5.12939045524e-06
35.7533177205 	 9.24783274742e-06
35.7923497268 	 6.12164259471e-06
35.831381733 	 4.32054603847e-06
35.8704137393 	 4.63471637782e-06
35.9094457455 	 6.21119935607e-06
35.9484777518 	 5.73529900778e-06
35.987509758 	 4.40754243559e-06
36.0265417642 	 3.22643271375e-06
36.0655737705 	 5.50685189377e-06
36.1046057767 	 6.74726113531e-06
36.143637783 	 6.63022851522e-06
36.1826697892 	 3.30576663434e-06
36.2217017955 	 6.77258773093e-06
36.2607338017 	 1.2180820644e-05
36.299765808 	 1.07629973463e-05
36.3387978142 	 5.80209034352e-06
36.3778298205 	 4.85669540512e-06
36.4168618267 	 6.97787636283e-06
36.4558938329 	 6.20712856633e-06
36.4949258392 	 4.46831455616e-06
36.5339578454 	 8.25402301762e-06
36.5729898517 	 6.4410830393e-06
36.6120218579 	 2.17130581796e-06
36.6510538642 	 8.60445995944e-07
36.6900858704 	 1.80493795802e-06
36.7291178767 	 5.35888883413e-06
36.7681498829 	 8.78335014119e-06
36.8071818891 	 3.87784995588e-06
36.8462138954 	 5.17400460743e-06
36.8852459016 	 4.82897357269e-06
36.9242779079 	 6.80052288252e-06
36.9633099141 	 3.8694480111e-06
37.0023419204 	 3.82091914483e-06
37.0413739266 	 5.51182537055e-06
37.0804059329 	 2.30839196612e-06
37.1194379391 	 1.76795069039e-06
37.1584699454 	 6.36835612896e-06
37.1975019516 	 4.32804002677e-06
37.2365339578 	 2.24679378088e-06
37.2755659641 	 5.25542749135e-06
37.3145979703 	 7.7273739092e-06
37.3536299766 	 6.52209672633e-06
37.3926619828 	 1.67810318306e-06
37.4316939891 	 3.46670140532e-06
37.4707259953 	 1.63513089517e-06
37.5097580016 	 3.48840377457e-06
37.5487900078 	 5.13198211198e-06
37.5878220141 	 4.86802214221e-06
37.6268540203 	 1.0735537115e-06
37.6658860265 	 1.85772074022e-06
37.7049180328 	 3.16042483526e-06
37.743950039 	 1.79755995162e-06
37.7829820453 	 3.87492036313e-06
37.8220140515 	 4.07037041434e-06
37.8610460578 	 4.58909277985e-07
37.900078064 	 4.03919862819e-06
37.9391100703 	 3.99134317465e-06
37.9781420765 	 3.23316338239e-06
38.0171740827 	 3.84988043028e-06
38.056206089 	 5.05373425842e-06
38.0952380952 	 7.58538822425e-06
38.1342701015 	 3.50740364215e-06
38.1733021077 	 3.28594063939e-06
38.212334114 	 3.5772615297e-06
38.2513661202 	 1.70756180892e-06
38.2903981265 	 9.33134798121e-07
38.3294301327 	 4.34882262128e-06
38.368462139 	 3.2854018432e-06
38.4074941452 	 3.00967686995e-06
38.4465261514 	 2.78619067565e-06
38.4855581577 	 6.63116797951e-06
38.5245901639 	 4.98604073178e-06
38.5636221702 	 3.4009998274e-06
38.6026541764 	 1.51794994701e-06
38.6416861827 	 4.23363564137e-06
38.6807181889 	 3.58349571493e-06
38.7197501952 	 1.49815615145e-06
38.7587822014 	 2.50009145291e-06
38.7978142077 	 3.62365000515e-06
38.8368462139 	 3.99491863297e-06
38.8758782201 	 7.25080195191e-06
38.9149102264 	 3.81881838712e-06
38.9539422326 	 1.6345461649e-06
38.9929742389 	 2.34004911668e-06
39.0320062451 	 2.60427886055e-06
39.0710382514 	 6.06429881681e-06
39.1100702576 	 6.09222299993e-06
39.1491022639 	 6.0881544485e-06
39.1881342701 	 6.13828063209e-06
39.2271662763 	 4.91111632356e-06
39.2661982826 	 3.65498384939e-06
39.3052302888 	 4.0430555264e-06
39.3442622951 	 1.499742613e-06
39.3832943013 	 1.38080371719e-06
39.4223263076 	 2.09892735847e-06
39.4613583138 	 3.70668344231e-06
39.5003903201 	 4.67999319443e-06
39.5394223263 	 3.23023448608e-06
39.5784543326 	 7.57246982686e-07
39.6174863388 	 1.80401953903e-06
39.656518345 	 2.043645957e-06
39.6955503513 	 1.30935315367e-06
39.7345823575 	 1.97334840527e-06
39.7736143638 	 1.78532525553e-06
39.81264637 	 2.5825612646e-06
39.8516783763 	 1.30405605844e-06
39.8907103825 	 3.13764562935e-06
39.9297423888 	 2.49453891603e-06
39.968774395 	 2.9219454215e-06
40.0078064012 	 2.85268093328e-06
40.0468384075 	 1.6898322741e-06
40.0858704137 	 1.85392479806e-06
40.12490242 	 3.76579492779e-07
40.1639344262 	 3.02419446812e-06
40.2029664325 	 1.67867013049e-06
40.2419984387 	 3.03937658215e-06
40.281030445 	 2.76747229501e-06
40.3200624512 	 2.88559542244e-06
40.3590944575 	 3.0481912735e-06
40.3981264637 	 4.49681200676e-06
40.4371584699 	 2.17629169612e-06
40.4761904762 	 2.60814925906e-06
40.5152224824 	 1.47893014696e-06
40.5542544887 	 3.06556811159e-06
40.5932864949 	 1.8989560455e-06
40.6323185012 	 2.72490281626e-06
40.6713505074 	 2.95075071739e-06
40.7103825137 	 2.8094561928e-06
40.7494145199 	 2.64417048734e-06
40.7884465262 	 1.55643765399e-06
40.8274785324 	 4.1365728709e-06
40.8665105386 	 2.41741866647e-06
40.9055425449 	 2.05921992359e-06
40.9445745511 	 2.76116349946e-06
40.9836065574 	 5.7379594138e-06
41.0226385636 	 1.00453885045e-06
41.0616705699 	 6.15697555629e-07
41.1007025761 	 3.99989497345e-06
41.1397345824 	 5.46304476127e-06
41.1787665886 	 6.95313156225e-06
41.2177985948 	 2.65016912068e-06
41.2568306011 	 1.71496506512e-06
41.2958626073 	 5.33937095139e-06
41.3348946136 	 4.81464657101e-06
41.3739266198 	 3.68400649327e-06
41.4129586261 	 7.88013574086e-07
41.4519906323 	 1.0626240781e-06
41.4910226386 	 1.99186073096e-06
41.5300546448 	 6.83946293805e-07
41.5690866511 	 3.62255335052e-06
41.6081186573 	 5.1533072994e-06
41.6471506635 	 4.55339484961e-06
41.6861826698 	 1.36877923743e-06
41.725214676 	 1.97027300252e-06
41.7642466823 	 2.78046667214e-06
41.8032786885 	 2.86741622092e-06
41.8423106948 	 1.02929231089e-06
41.881342701 	 1.36207567532e-06
41.9203747073 	 2.20123517452e-06
41.9594067135 	 2.37985755775e-06
41.9984387198 	 2.59614593476e-06
42.037470726 	 3.96610187809e-06
42.0765027322 	 4.53969221876e-06
42.1155347385 	 5.39699159323e-06
42.1545667447 	 2.56448756608e-06
42.193598751 	 1.48868048384e-06
42.2326307572 	 1.262966372e-06
42.2716627635 	 2.42103344997e-06
42.3106947697 	 2.75691735712e-06
42.349726776 	 3.55016050244e-06
42.3887587822 	 3.55368693746e-06
42.4277907884 	 1.79162841413e-06
42.4668227947 	 2.99121741833e-06
42.5058548009 	 2.70811849908e-06
42.5448868072 	 4.65106463813e-06
42.5839188134 	 4.8091719612e-06
42.6229508197 	 4.11109783896e-06
42.6619828259 	 3.06971287237e-06
42.7010148322 	 1.56143924103e-06
42.7400468384 	 2.01833472483e-06
42.7790788447 	 2.22515080704e-06
42.8181108509 	 1.69923684548e-06
42.8571428571 	 7.16953016967e-07
42.8961748634 	 4.39164383165e-07
42.9352068696 	 1.35796075037e-06
42.9742388759 	 4.49181625903e-06
43.0132708821 	 2.44665722873e-06
43.0523028884 	 1.49984102692e-06
43.0913348946 	 1.2856145764e-06
43.1303669009 	 1.01541873546e-06
43.1693989071 	 4.34667116341e-06
43.2084309133 	 2.33453278529e-06
43.2474629196 	 1.22113440126e-06
43.2864949258 	 2.66211155961e-06
43.3255269321 	 3.02889415844e-06
43.3645589383 	 1.43009721889e-06
43.4035909446 	 2.99778562756e-06
43.4426229508 	 7.3732342439e-07
43.4816549571 	 1.43523943464e-06
43.5206869633 	 2.51134216067e-06
43.5597189696 	 1.57534835692e-06
43.5987509758 	 1.12043247257e-06
43.637782982 	 9.49948488823e-07
43.6768149883 	 4.46276072896e-07
43.7158469945 	 1.70457300813e-06
43.7548790008 	 2.94728021155e-06
43.793911007 	 1.08448935518e-06
43.8329430133 	 2.6874721308e-06
43.8719750195 	 3.20694866128e-06
43.9110070258 	 3.8888873219e-06
43.950039032 	 5.21989470201e-06
43.9890710383 	 3.36569314452e-06
44.0281030445 	 4.03169975938e-06
44.0671350507 	 1.99787766165e-06
44.106167057 	 2.78137885864e-06
44.1451990632 	 2.68586495792e-06
44.1842310695 	 2.90219239536e-06
44.2232630757 	 1.19692619812e-06
44.262295082 	 1.25533107936e-06
44.3013270882 	 3.43895125078e-07
44.3403590945 	 8.62093683668e-07
44.3793911007 	 1.17052001791e-06
44.4184231069 	 1.10215510265e-06
44.4574551132 	 8.38400521834e-07
44.4964871194 	 5.76529530973e-07
44.5355191257 	 1.67001614098e-06
44.5745511319 	 5.02214464391e-07
44.6135831382 	 8.49552979129e-07
44.6526151444 	 2.38066953777e-06
44.6916471507 	 3.47397048264e-06
44.7306791569 	 1.24863971715e-06
44.7697111632 	 2.72748218719e-06
44.8087431694 	 4.37775099248e-06
44.8477751756 	 3.34553141434e-06
44.8868071819 	 2.89013393246e-06
44.9258391881 	 9.90873281073e-07
44.9648711944 	 1.94322023891e-06
45.0039032006 	 2.59024878998e-06
45.0429352069 	 1.26892714499e-06
45.0819672131 	 1.24788320184e-06
45.1209992194 	 1.78338936632e-06
45.1600312256 	 1.54775107351e-06
45.1990632319 	 1.81407040437e-06
45.2380952381 	 2.27106737596e-06
45.2771272443 	 2.44410769597e-06
45.3161592506 	 1.16144340873e-06
45.3551912568 	 1.05435714471e-06
45.3942232631 	 2.11883257141e-06
45.4332552693 	 7.13243133403e-07
45.4722872756 	 5.11130335445e-07
45.5113192818 	 4.48954458658e-07
45.5503512881 	 6.25102850498e-07
45.5893832943 	 1.61894870957e-06
45.6284153005 	 1.38537532429e-06
45.6674473068 	 7.12136384098e-07
45.706479313 	 7.87846306717e-07
45.7455113193 	 1.44619408401e-06
45.7845433255 	 1.02911173285e-06
45.8235753318 	 4.60204432127e-07
45.862607338 	 1.55405469801e-06
45.9016393443 	 1.12393316519e-06
45.9406713505 	 7.262325859e-07
45.9797033568 	 7.27337273314e-07
46.018735363 	 1.73606508804e-06
46.0577673692 	 1.62416769343e-06
46.0967993755 	 8.36226056264e-07
46.1358313817 	 3.16001465288e-07
46.174863388 	 1.57401742878e-06
46.2138953942 	 1.04909918589e-06
46.2529274005 	 6.81123257335e-07
46.2919594067 	 1.16797239174e-06
46.330991413 	 7.9877839337e-07
46.3700234192 	 1.71359842519e-06
46.4090554254 	 7.52794915632e-07
46.4480874317 	 3.86014363767e-07
46.4871194379 	 2.6045108363e-06
46.5261514442 	 1.42403996652e-06
46.5651834504 	 6.97552871946e-07
46.6042154567 	 2.05317272413e-06
46.6432474629 	 1.41470091441e-06
46.6822794692 	 9.72240514597e-07
46.7213114754 	 7.84681933499e-07
46.7603434817 	 6.0706399757e-07
46.7993754879 	 1.51545363654e-06
46.8384074941 	 1.40672696962e-06
46.8774395004 	 7.11630868601e-07
46.9164715066 	 1.32392838955e-06
46.9555035129 	 1.48602900688e-06
46.9945355191 	 9.21667792169e-07
47.0335675254 	 5.90763967066e-08
47.0725995316 	 9.55443422458e-07
47.1116315379 	 1.64190928403e-06
47.1506635441 	 9.98134199412e-07
47.1896955504 	 4.37506115679e-07
47.2287275566 	 2.65853296388e-07
47.2677595628 	 1.53589330171e-06
47.3067915691 	 1.58646915985e-06
47.3458235753 	 9.85929719879e-07
47.3848555816 	 9.63266623343e-07
47.4238875878 	 2.30868038858e-06
47.4629195941 	 1.50167480932e-06
47.5019516003 	 8.70111620897e-08
47.5409836066 	 8.82556165348e-07
47.5800156128 	 1.47014548137e-06
47.619047619 	 5.22669767721e-07
47.6580796253 	 1.15474306633e-06
47.6971116315 	 1.71995537557e-06
47.7361436378 	 1.30217488079e-06
47.775175644 	 1.07175881547e-06
47.8142076503 	 4.72888307306e-07
47.8532396565 	 7.82916778995e-07
47.8922716628 	 1.45321669132e-06
47.931303669 	 8.0659848008e-07
47.9703356753 	 6.23470838281e-07
48.0093676815 	 2.20905424959e-07
48.0483996877 	 6.63000582636e-07
48.087431694 	 2.91366657981e-07
48.1264637002 	 3.83530925938e-07
48.1654957065 	 1.01441549501e-06
48.2045277127 	 8.86069887693e-07
48.243559719 	 1.64459917522e-06
48.2825917252 	 1.81470564787e-06
48.3216237315 	 1.33249253063e-06
48.3606557377 	 1.76843107797e-06
48.399687744 	 1.01755363089e-06
48.4387197502 	 1.7508884406e-06
48.4777517564 	 6.56564968174e-07
48.5167837627 	 9.47104434246e-07
48.5558157689 	 1.98344684138e-07
48.5948477752 	 9.39009424272e-07
48.6338797814 	 4.68689369652e-07
48.6729117877 	 5.00891555025e-07
48.7119437939 	 1.50862586233e-07
48.7509758002 	 1.26070730088e-06
48.7900078064 	 1.77809636121e-06
48.8290398126 	 1.01362573835e-06
48.8680718189 	 2.55693228609e-07
48.9071038251 	 1.19524811286e-06
48.9461358314 	 1.1493443211e-06
48.9851678376 	 1.3215911374e-07
49.0241998439 	 1.11113517358e-06
49.0632318501 	 9.57712923282e-07
49.1022638564 	 1.39475315928e-06
49.1412958626 	 1.08038568079e-06
49.1803278689 	 9.12333147804e-07
49.2193598751 	 2.20194760259e-07
49.2583918813 	 7.88222159613e-07
49.2974238876 	 8.83370609982e-07
49.3364558938 	 1.18466066727e-06
49.3754879001 	 1.16995960743e-07
49.4145199063 	 3.88985849897e-07
49.4535519126 	 1.42762158211e-06
49.4925839188 	 5.0270194186e-07
49.5316159251 	 8.35070114785e-07
49.5706479313 	 2.38158004064e-07
49.6096799375 	 5.03245890533e-07
49.6487119438 	 3.66478100445e-07
49.68774395 	 6.06576084398e-07
49.7267759563 	 1.77936426997e-06
49.7658079625 	 1.53245547812e-06
49.8048399688 	 1.32814022621e-06
49.843871975 	 2.17317852373e-06
49.8829039813 	 1.28025322853e-06
49.9219359875 	 8.02481732838e-07
49.9609679938 	 7.40887267559e-07
50.0 	 7.95141068902e-07
50.0390320062 	 4.73373216531e-07
50.0780640125 	 7.6200413976e-07
50.1170960187 	 1.05386015953e-06
50.156128025 	 8.82455604994e-07
50.1951600312 	 2.49998781583e-07
50.2341920375 	 1.27363113168e-07
50.2732240437 	 9.18499819143e-08
50.31225605 	 8.32709821367e-07
50.3512880562 	 1.63004712821e-07
50.3903200625 	 2.25519287552e-07
50.4293520687 	 1.14343181993e-06
50.4683840749 	 1.22186988826e-06
50.5074160812 	 6.52744787291e-07
50.5464480874 	 1.02847755938e-06
50.5854800937 	 6.05277501291e-07
50.6245120999 	 7.99669436914e-07
50.6635441062 	 1.02042440635e-06
50.7025761124 	 1.53796111449e-06
50.7416081187 	 7.61282859041e-07
50.7806401249 	 6.81410486402e-07
50.8196721311 	 8.05238826039e-07
50.8587041374 	 6.01248371396e-07
50.8977361436 	 1.08027471358e-06
50.9367681499 	 1.02409093261e-06
50.9758001561 	 4.79075760425e-07
51.0148321624 	 4.55854869692e-07
51.0538641686 	 3.967788381e-07
51.0928961749 	 6.62200920016e-07
51.1319281811 	 1.31627216076e-06
51.1709601874 	 8.92744720168e-07
51.2099921936 	 3.67598653465e-07
51.2490241998 	 5.28893714384e-07
51.2880562061 	 1.01214002649e-06
51.3270882123 	 8.03057267206e-07
51.3661202186 	 7.28980287434e-07
51.4051522248 	 3.07922641501e-07
51.4441842311 	 1.26664088027e-06
51.4832162373 	 3.88840013561e-07
51.5222482436 	 2.03538500024e-07
51.5612802498 	 1.96966487305e-07
51.600312256 	 2.03206794981e-07
51.6393442623 	 7.31611312644e-07
51.6783762685 	 9.5116076323e-07
51.7174082748 	 1.39422897283e-06
51.756440281 	 2.77382548585e-07
51.7954722873 	 7.09145028093e-07
51.8345042935 	 4.55622898509e-07
51.8735362998 	 1.03822418524e-06
51.912568306 	 1.35910586904e-06
51.9516003123 	 2.68117331812e-07
51.9906323185 	 9.59334451377e-07
52.0296643247 	 6.80815837547e-07
52.068696331 	 5.35883341869e-07
52.1077283372 	 6.29716167625e-07
52.1467603435 	 5.57018305853e-07
52.1857923497 	 6.97673317886e-07
52.224824356 	 8.70965468496e-07
52.2638563622 	 5.09635679654e-07
52.3028883685 	 6.38342699518e-07
52.3419203747 	 7.4925179189e-07
52.380952381 	 3.96692726428e-07
52.4199843872 	 6.24094734546e-07
52.4590163934 	 4.59070611207e-07
52.4980483997 	 1.05204644355e-06
52.5370804059 	 7.44717323237e-07
52.5761124122 	 2.96776011841e-07
52.6151444184 	 4.02844319433e-07
52.6541764247 	 9.10829245995e-07
52.6932084309 	 1.11822988332e-06
52.7322404372 	 1.0599987265e-06
52.7712724434 	 1.37268735109e-07
52.8103044496 	 3.42319535949e-07
52.8493364559 	 5.11801489543e-07
52.8883684621 	 7.81081979221e-07
52.9274004684 	 5.3556472313e-07
52.9664324746 	 5.94312970152e-07
53.0054644809 	 5.2654685269e-07
53.0444964871 	 3.93004840378e-07
53.0835284934 	 6.2077462566e-07
53.1225604996 	 3.55428248735e-07
53.1615925059 	 2.58053298897e-07
53.2006245121 	 4.17404056493e-07
53.2396565183 	 2.50682618952e-07
53.2786885246 	 5.57050048578e-07
53.3177205308 	 2.4624369509e-07
53.3567525371 	 1.0401406242e-06
53.3957845433 	 5.16035495465e-07
53.4348165496 	 9.92375286994e-08
53.4738485558 	 3.70407040185e-07
53.5128805621 	 8.49878717983e-07
53.5519125683 	 1.04212445358e-06
53.5909445746 	 5.11723479749e-07
53.6299765808 	 4.61109117748e-07
53.669008587 	 3.00810257928e-07
53.7080405933 	 4.51723319778e-07
53.7470725995 	 3.47989718521e-07
53.7861046058 	 1.34384630483e-07
53.825136612 	 6.37398415644e-07
53.8641686183 	 6.68286985157e-08
53.9032006245 	 2.89706911867e-07
53.9422326308 	 2.86714655478e-07
53.981264637 	 1.33286097671e-07
54.0202966432 	 4.31926636616e-07
54.0593286495 	 5.41755461207e-07
54.0983606557 	 5.59904163223e-07
54.137392662 	 4.0766505861e-07
54.1764246682 	 7.49187790731e-07
54.2154566745 	 7.79175941698e-07
54.2544886807 	 7.79949055087e-07
54.293520687 	 8.9555635503e-07
54.3325526932 	 3.96008735331e-07
54.3715846995 	 5.70387253138e-07
54.4106167057 	 8.87241266778e-07
54.4496487119 	 1.32590718702e-07
54.4886807182 	 7.23309038788e-07
54.5277127244 	 5.38881420917e-07
54.5667447307 	 2.4791629697e-07
54.6057767369 	 9.70091548972e-08
54.6448087432 	 7.12489689833e-07
54.6838407494 	 8.21218732742e-07
54.7228727557 	 1.46629995032e-07
54.7619047619 	 7.05979981325e-07
54.8009367681 	 8.49220472862e-07
54.8399687744 	 3.99129433292e-07
54.8790007806 	 7.67226287053e-07
54.9180327869 	 1.14676182318e-06
54.9570647931 	 4.62545435963e-07
54.9960967994 	 5.75011094561e-07
55.0351288056 	 4.64652707629e-07
55.0741608119 	 1.30994427651e-07
55.1131928181 	 4.37191200125e-07
55.1522248244 	 4.45641892296e-07
55.1912568306 	 1.20500295121e-07
55.2302888368 	 1.23654526159e-07
55.2693208431 	 3.72944649196e-07
55.3083528493 	 6.41391812611e-08
55.3473848556 	 7.82240630756e-07
55.3864168618 	 6.16512214097e-07
55.4254488681 	 8.16791454971e-07
55.4644808743 	 5.19119140464e-07
55.5035128806 	 4.92503610761e-07
55.5425448868 	 3.20885739002e-07
55.5815768931 	 4.75955446358e-07
55.6206088993 	 3.77130456667e-07
55.6596409055 	 4.09006854204e-07
55.6986729118 	 4.50521714642e-07
55.737704918 	 5.02369064771e-08
55.7767369243 	 4.1125351901e-07
55.8157689305 	 3.19667761186e-07
55.8548009368 	 2.42836680025e-07
55.893832943 	 2.29840419267e-07
55.9328649493 	 2.57851574794e-07
55.9718969555 	 5.02535696728e-07
56.0109289617 	 2.50998722238e-07
56.049960968 	 5.20674645256e-07
56.0889929742 	 1.02512428876e-07
56.1280249805 	 5.87577552682e-07
56.1670569867 	 5.87687563501e-07
56.206088993 	 7.41705804619e-07
56.2451209992 	 5.5211178888e-07
56.2841530055 	 5.75604677142e-07
56.3231850117 	 7.17923662208e-07
56.362217018 	 4.14577275065e-07
56.4012490242 	 3.80642097547e-07
56.4402810304 	 8.45923877177e-07
56.4793130367 	 9.06042607809e-07
56.5183450429 	 7.6432091464e-07
56.5573770492 	 3.72926685338e-07
56.5964090554 	 7.09188420287e-07
56.6354410617 	 6.04868757507e-07
56.6744730679 	 8.23255294194e-07
56.7135050742 	 1.78024073509e-07
56.7525370804 	 7.21430289061e-07
56.7915690867 	 4.91255550581e-07
56.8306010929 	 4.42657776958e-07
56.8696330991 	 6.46586165063e-07
56.9086651054 	 3.94043440395e-07
56.9476971116 	 3.84239187545e-07
56.9867291179 	 3.23156911842e-07
57.0257611241 	 2.07874967431e-07
57.0647931304 	 4.13689555548e-07
57.1038251366 	 3.61290964469e-07
57.1428571429 	 3.23532343337e-07
57.1818891491 	 4.80225036494e-07
57.2209211553 	 4.70077731356e-07
57.2599531616 	 4.47741724811e-07
57.2989851678 	 3.39157239215e-07
57.3380171741 	 5.21880267027e-07
57.3770491803 	 3.77270061472e-07
57.4160811866 	 2.09338969761e-07
57.4551131928 	 3.26278320644e-07
57.4941451991 	 2.50939036042e-07
57.5331772053 	 4.3430654492e-07
57.5722092116 	 4.83208830631e-07
57.6112412178 	 9.24199355438e-07
57.650273224 	 9.74123561209e-07
57.6893052303 	 4.67192765448e-07
57.7283372365 	 1.03668513218e-06
57.7673692428 	 3.69727261611e-07
57.806401249 	 5.79754941607e-07
57.8454332553 	 4.49329213509e-07
57.8844652615 	 2.77933492321e-07
57.9234972678 	 3.01756539192e-07
57.962529274 	 5.21010312471e-07
58.0015612802 	 7.97769633307e-07
58.0405932865 	 6.9979317526e-07
58.0796252927 	 3.71000398765e-07
58.118657299 	 1.9569286595e-07
58.1576893052 	 5.18852368923e-07
58.1967213115 	 3.66681835441e-07
58.2357533177 	 4.72842184183e-08
58.274785324 	 3.17953351041e-07
58.3138173302 	 2.72751643089e-07
58.3528493365 	 6.20629030551e-07
58.3918813427 	 1.49150737574e-07
58.4309133489 	 4.4616730848e-07
58.4699453552 	 3.49636035912e-07
58.5089773614 	 7.41361694569e-07
58.5480093677 	 3.79437055638e-07
58.5870413739 	 5.4213020341e-07
58.6260733802 	 4.60872040417e-07
58.6651053864 	 4.03196430665e-07
58.7041373927 	 6.37517385732e-07
58.7431693989 	 5.8302088877e-07
58.7822014052 	 5.78447045059e-07
58.8212334114 	 3.11795813752e-07
58.8602654176 	 2.81903988413e-07
58.8992974239 	 3.8607303925e-07
58.9383294301 	 5.99202961648e-07
58.9773614364 	 3.0626218242e-07
59.0163934426 	 2.42738694892e-07
59.0554254489 	 3.71503073372e-07
59.0944574551 	 1.61909109806e-07
59.1334894614 	 5.99174791882e-07
59.1725214676 	 6.03941106929e-07
59.2115534738 	 1.29731666126e-07
59.2505854801 	 2.7187786019e-07
59.2896174863 	 3.06538226157e-07
59.3286494926 	 5.97094511161e-07
59.3676814988 	 3.85315616397e-07
59.4067135051 	 5.92930025954e-07
59.4457455113 	 2.97615650154e-07
59.4847775176 	 2.66727456629e-07
59.5238095238 	 3.02230555335e-07
59.5628415301 	 6.83990626924e-08
59.6018735363 	 6.38229014569e-07
59.6409055425 	 4.69979908584e-07
59.6799375488 	 4.73915971776e-07
59.718969555 	 5.27891262995e-07
59.7580015613 	 1.15783703847e-07
59.7970335675 	 6.13032987351e-07
59.8360655738 	 6.26713915845e-07
59.87509758 	 8.29420268784e-08
59.9141295863 	 6.32101251958e-07
59.9531615925 	 4.74899236188e-07
59.9921935988 	 5.50837797628e-07
60.031225605 	 7.07216646643e-07
60.0702576112 	 2.77072260305e-07
60.1092896175 	 5.51061834628e-07
60.1483216237 	 5.38953243815e-07
60.18735363 	 2.38152858873e-07
60.2263856362 	 3.59236819752e-07
60.2654176425 	 4.06588945638e-07
60.3044496487 	 5.99558601452e-07
60.343481655 	 5.41994093668e-07
60.3825136612 	 3.99268182925e-07
60.4215456674 	 3.61816430648e-07
60.4605776737 	 3.1840849609e-07
60.4996096799 	 3.19911675801e-07
60.5386416862 	 2.61695741794e-07
60.5776736924 	 2.10532540513e-07
60.6167056987 	 2.33583241386e-07
60.6557377049 	 4.35850663021e-07
60.6947697112 	 2.861463334e-07
60.7338017174 	 1.13731556069e-07
60.7728337237 	 1.5226623965e-07
60.8118657299 	 4.02877584082e-07
60.8508977361 	 4.813255515e-07
60.8899297424 	 3.48897129932e-07
60.9289617486 	 6.47411652767e-08
60.9679937549 	 1.10765858826e-07
61.0070257611 	 3.45690005438e-07
61.0460577674 	 1.97858423349e-07
61.0850897736 	 4.9585518563e-07
61.1241217799 	 5.46666824487e-07
61.1631537861 	 1.70691737381e-07
61.2021857923 	 3.13853443133e-07
61.2412177986 	 2.99295494083e-07
61.2802498048 	 1.55134555893e-07
61.3192818111 	 5.11671198283e-07
61.3583138173 	 3.53719570715e-07
61.3973458236 	 2.69541128737e-07
61.4363778298 	 3.71007520546e-07
61.4754098361 	 2.40540210289e-07
61.5144418423 	 3.4867515086e-07
61.5534738486 	 2.81493507938e-07
61.5925058548 	 2.56108575288e-07
61.631537861 	 3.01124147177e-07
61.6705698673 	 3.94913898694e-07
61.7096018735 	 4.19879163074e-07
61.7486338798 	 3.81981555656e-07
61.787665886 	 4.39596713778e-07
61.8266978923 	 5.77186769165e-07
61.8657298985 	 4.69322155582e-07
61.9047619048 	 4.36014065317e-07
61.943793911 	 4.79957633727e-07
61.9828259173 	 2.0584837148e-07
62.0218579235 	 2.69044906057e-07
62.0608899297 	 3.90045094827e-07
62.099921936 	 4.74531257466e-07
62.1389539422 	 4.60502171155e-07
62.1779859485 	 4.7447844914e-07
62.2170179547 	 4.29051060772e-07
62.256049961 	 6.20244819693e-07
62.2950819672 	 8.1922147927e-07
62.3341139735 	 4.95543450288e-07
62.3731459797 	 3.65953047998e-07
62.4121779859 	 2.0955443044e-07
62.4512099922 	 2.21441288365e-07
62.4902419984 	 3.24403749491e-07
62.5292740047 	 3.23342252135e-07
62.5683060109 	 3.2685049658e-07
62.6073380172 	 2.79860864809e-07
62.6463700234 	 1.85480843033e-07
62.6854020297 	 1.33753145338e-07
62.7244340359 	 3.88622133977e-07
62.7634660422 	 2.32219176458e-07
62.8024980484 	 3.36679643252e-07
62.8415300546 	 4.83086472805e-07
62.8805620609 	 3.59285428474e-07
62.9195940671 	 2.74556420221e-07
62.9586260734 	 4.52975036561e-07
62.9976580796 	 3.02288762921e-07
63.0366900859 	 1.79783572802e-07
63.0757220921 	 1.53093740698e-07
63.1147540984 	 2.79336168279e-07
63.1537861046 	 2.91535225654e-07
63.1928181109 	 2.7607588185e-07
63.2318501171 	 4.44356750146e-07
63.2708821233 	 2.01630120176e-07
63.3099141296 	 2.75065749896e-07
63.3489461358 	 1.83513158118e-07
63.3879781421 	 2.88386105544e-07
63.4270101483 	 2.13157303398e-07
63.4660421546 	 3.93175578487e-07
63.5050741608 	 3.54403538251e-07
63.5441061671 	 2.27632831718e-07
63.5831381733 	 2.37795649386e-07
63.6221701795 	 4.3549577005e-07
63.6612021858 	 3.16617276765e-07
63.700234192 	 3.32863193687e-07
63.7392661983 	 4.41413212127e-07
63.7782982045 	 2.78828358094e-07
63.8173302108 	 2.06630090477e-07
63.856362217 	 2.36679821064e-07
63.8953942233 	 1.4197222567e-07
63.9344262295 	 3.18120359161e-07
63.9734582358 	 3.01479367682e-07
64.012490242 	 5.20245710864e-07
64.0515222482 	 3.12061168381e-07
64.0905542545 	 5.54179219722e-07
64.1295862607 	 4.35395308667e-07
64.168618267 	 3.03172233927e-07
64.2076502732 	 4.74260855239e-07
64.2466822795 	 1.34494470025e-07
64.2857142857 	 1.56550644437e-07
64.324746292 	 2.68026870468e-07
64.3637782982 	 1.57006214048e-07
64.4028103044 	 2.65551513908e-07
64.4418423107 	 4.86156265606e-07
64.4808743169 	 4.51706180473e-07
64.5199063232 	 3.44607785034e-07
64.5589383294 	 3.21420569932e-07
64.5979703357 	 1.66985586077e-07
64.6370023419 	 2.29327136808e-07
64.6760343482 	 3.66682711437e-07
64.7150663544 	 1.78554830729e-07
64.7540983607 	 1.94680438857e-07
64.7931303669 	 5.51567563432e-08
64.8321623731 	 1.11719303113e-07
64.8711943794 	 3.13073796501e-07
64.9102263856 	 4.32776058562e-07
64.9492583919 	 3.42631171236e-07
64.9882903981 	 3.68349103504e-07
65.0273224044 	 2.99537901748e-07
65.0663544106 	 2.69954364322e-07
65.1053864169 	 2.27329804168e-07
65.1444184231 	 1.90587397463e-07
65.1834504294 	 2.43485105319e-07
65.2224824356 	 1.50618963931e-07
65.2615144418 	 3.38320294135e-07
65.3005464481 	 3.4995502875e-07
65.3395784543 	 1.60903534147e-07
65.3786104606 	 2.21076033367e-07
65.4176424668 	 3.82901618532e-07
65.4566744731 	 2.05728468248e-07
65.4957064793 	 5.04716053561e-07
65.5347384856 	 3.57212452913e-07
65.5737704918 	 2.46815717156e-07
65.612802498 	 2.8773031699e-07
65.6518345043 	 1.34082185265e-07
65.6908665105 	 3.42948640366e-07
65.7298985168 	 4.76022145958e-07
65.768930523 	 5.06076765317e-07
65.8079625293 	 4.38974701737e-07
65.8469945355 	 2.39591032575e-07
65.8860265418 	 1.27546783981e-07
65.925058548 	 3.05223170617e-07
65.9640905543 	 3.48384442652e-07
66.0031225605 	 2.52723920598e-07
66.0421545667 	 2.29926183168e-07
66.081186573 	 3.96022819127e-07
66.1202185792 	 3.04297173938e-07
66.1592505855 	 4.88079789218e-07
66.1982825917 	 2.69755788874e-07
66.237314598 	 3.37448769595e-07
66.2763466042 	 3.8377163697e-07
66.3153786105 	 1.01076730132e-07
66.3544106167 	 3.71531818607e-07
66.393442623 	 3.96275639406e-07
66.4324746292 	 1.56163569849e-07
66.4715066354 	 3.089650217e-07
66.5105386417 	 2.79875419168e-07
66.5495706479 	 4.00495453414e-07
66.5886026542 	 4.42731329685e-07
66.6276346604 	 2.32169945541e-07
66.6666666667 	 2.80247483885e-07
66.7056986729 	 8.53137786437e-08
66.7447306792 	 1.603783863e-07
66.7837626854 	 3.22493287001e-07
66.8227946916 	 5.44093288705e-07
66.8618266979 	 3.81042178387e-07
66.9008587041 	 2.4207395809e-07
66.9398907104 	 2.38604046638e-07
66.9789227166 	 7.47167977856e-08
67.0179547229 	 1.16471930026e-07
67.0569867291 	 2.69712984869e-07
67.0960187354 	 1.81770390359e-07
67.1350507416 	 3.51422448288e-07
67.1740827479 	 3.22080393935e-07
67.2131147541 	 5.75069725517e-07
67.2521467603 	 7.04912204426e-07
67.2911787666 	 3.48276631252e-07
67.3302107728 	 3.56453263396e-07
67.3692427791 	 2.81587630074e-07
67.4082747853 	 2.0769122588e-07
67.4473067916 	 3.20428008749e-07
67.4863387978 	 1.88328235366e-07
67.5253708041 	 1.4081564179e-07
67.5644028103 	 2.26114579462e-07
67.6034348165 	 4.33596196186e-07
67.6424668228 	 2.00246382346e-07
67.681498829 	 4.06324337528e-07
67.7205308353 	 2.17940047452e-07
67.7595628415 	 1.20631362489e-07
67.7985948478 	 3.12758560422e-07
67.837626854 	 1.88684870524e-07
67.8766588603 	 3.11001540666e-07
67.9156908665 	 5.53187844866e-07
67.9547228728 	 2.91043293435e-07
67.993754879 	 3.21508740003e-07
68.0327868852 	 3.58790307989e-07
68.0718188915 	 3.42496133947e-07
68.1108508977 	 3.74888425046e-07
68.149882904 	 8.88956673955e-08
68.1889149102 	 1.95552405489e-07
68.2279469165 	 3.20759148219e-07
68.2669789227 	 7.48560462155e-08
68.306010929 	 2.24938385223e-07
68.3450429352 	 3.95711815103e-07
68.3840749415 	 2.14760728306e-07
68.4231069477 	 1.45036430954e-07
68.4621389539 	 3.19456763548e-07
68.5011709602 	 3.29616579238e-07
68.5402029664 	 3.96073885263e-07
68.5792349727 	 2.36023514793e-07
68.6182669789 	 2.68481533866e-07
68.6572989852 	 2.8768196333e-07
68.6963309914 	 1.58579461788e-07
68.7353629977 	 3.74651807503e-07
68.7743950039 	 2.96117571898e-07
68.8134270101 	 2.0938287313e-07
68.8524590164 	 2.77562321683e-07
68.8914910226 	 3.53182930905e-07
68.9305230289 	 3.57912845636e-07
68.9695550351 	 2.0101071356e-07
69.0085870414 	 2.54624041609e-07
69.0476190476 	 2.37503201198e-07
69.0866510539 	 2.17863123575e-07
69.1256830601 	 3.58416115412e-07
69.1647150664 	 2.92801694138e-07
69.2037470726 	 3.1259552707e-07
69.2427790788 	 2.89944884711e-07
69.2818110851 	 1.34306413176e-07
69.3208430913 	 3.30657247438e-07
69.3598750976 	 2.93384534721e-07
69.3989071038 	 3.28245116482e-07
69.4379391101 	 2.94440024186e-07
69.4769711163 	 2.25273684033e-07
69.5160031226 	 2.88990709523e-07
69.5550351288 	 1.18917340673e-07
69.5940671351 	 2.33806845817e-07
69.6330991413 	 3.32960532001e-07
69.6721311475 	 3.29990734606e-07
69.7111631538 	 3.78752798083e-07
69.75019516 	 3.08731615427e-07
69.7892271663 	 1.81480268971e-07
69.8282591725 	 2.48333259764e-07
69.8672911788 	 4.01931453524e-07
69.906323185 	 2.3843790419e-07
69.9453551913 	 2.69598098337e-07
69.9843871975 	 3.08741662055e-07
70.0234192037 	 3.45003062273e-07
70.06245121 	 3.04113831068e-07
70.1014832162 	 3.45659187341e-07
70.1405152225 	 2.96208642442e-07
70.1795472287 	 4.08443903255e-07
70.218579235 	 2.60822364049e-07
70.2576112412 	 4.60943623585e-08
70.2966432475 	 2.35832414282e-07
70.3356752537 	 1.97490254857e-07
70.37470726 	 2.58192602222e-07
70.4137392662 	 3.20475724727e-07
70.4527712724 	 3.55188098577e-07
70.4918032787 	 3.06371021299e-07
70.5308352849 	 1.93540494166e-07
70.5698672912 	 8.46499287562e-08
70.6088992974 	 2.03700671093e-07
70.6479313037 	 2.86714631111e-07
70.6869633099 	 1.35719996626e-07
70.7259953162 	 2.67581924097e-07
70.7650273224 	 4.37372463736e-07
70.8040593286 	 4.07941628907e-07
70.8430913349 	 4.18039842906e-07
70.8821233411 	 1.91998706745e-07
70.9211553474 	 1.77129202976e-07
70.9601873536 	 2.46654654007e-07
70.9992193599 	 3.14023495419e-07
71.0382513661 	 5.08572721697e-07
71.0772833724 	 1.346288837e-07
71.1163153786 	 2.34717505109e-07
71.1553473849 	 2.06391087308e-07
71.1943793911 	 2.45045065827e-07
71.2334113973 	 2.72417506863e-07
71.2724434036 	 1.70386887541e-07
71.3114754098 	 2.01534381285e-07
71.3505074161 	 2.17233740335e-07
71.3895394223 	 3.48830607456e-07
71.4285714286 	 3.30247369213e-07
71.4676034348 	 2.6570122857e-07
71.5066354411 	 3.82771450383e-07
71.5456674473 	 2.887508616e-07
71.5846994536 	 3.86553804071e-07
71.6237314598 	 2.99518882615e-07
71.662763466 	 2.29884792034e-07
71.7017954723 	 4.06627854681e-07
71.7408274785 	 1.95380922433e-07
71.7798594848 	 2.67090338707e-07
71.818891491 	 2.37446865441e-07
71.8579234973 	 2.24596470499e-07
71.8969555035 	 5.05581739343e-07
71.9359875098 	 2.81030829119e-07
71.975019516 	 1.82991106812e-07
72.0140515222 	 2.99993234305e-07
72.0530835285 	 2.01690550069e-07
72.0921155347 	 2.75129807766e-07
72.131147541 	 1.09059131723e-07
72.1701795472 	 9.82546488092e-08
72.2092115535 	 3.52726006929e-07
72.2482435597 	 3.45770410704e-07
72.287275566 	 4.39684980447e-07
72.3263075722 	 3.91798000106e-07
72.3653395785 	 2.28917450527e-07
72.4043715847 	 2.68440626325e-07
72.4434035909 	 1.19022720842e-07
72.4824355972 	 1.12965962607e-07
72.5214676034 	 2.58240177167e-07
72.5604996097 	 2.59103654107e-07
72.5995316159 	 2.59707447414e-07
72.6385636222 	 3.54057128986e-07
72.6775956284 	 2.33138098532e-07
72.7166276347 	 2.67801810932e-07
72.7556596409 	 2.26039394622e-07
72.7946916472 	 1.45858938523e-07
72.8337236534 	 1.74580890126e-07
72.8727556596 	 2.11663267567e-07
72.9117876659 	 2.16642568937e-07
72.9508196721 	 2.80349404243e-07
72.9898516784 	 3.58060127373e-07
73.0288836846 	 2.09251664279e-07
73.0679156909 	 2.91820078796e-07
73.1069476971 	 3.92452736338e-07
73.1459797034 	 3.91328894602e-07
73.1850117096 	 2.32545580851e-07
73.2240437158 	 2.4047839841e-07
73.2630757221 	 1.25721931561e-07
73.3021077283 	 2.21038710557e-07
73.3411397346 	 2.10347767606e-07
73.3801717408 	 3.35433520363e-07
73.4192037471 	 2.81849334721e-07
73.4582357533 	 2.03859123633e-07
73.4972677596 	 3.76926194008e-07
73.5362997658 	 2.82013951953e-07
73.5753317721 	 2.98682333079e-07
73.6143637783 	 2.39683425682e-07
73.6533957845 	 3.17708746984e-07
73.6924277908 	 3.80596205408e-07
73.731459797 	 2.51728066791e-07
73.7704918033 	 2.6329210568e-07
73.8095238095 	 3.06199812785e-07
73.8485558158 	 2.32875406376e-07
73.887587822 	 1.98033640376e-07
73.9266198283 	 2.04566435424e-07
73.9656518345 	 3.96330921754e-07
74.0046838407 	 2.90291044042e-07
74.043715847 	 2.20667863999e-07
74.0827478532 	 1.14979147917e-07
74.1217798595 	 1.82931916628e-07
74.1608118657 	 2.58143490648e-07
74.199843872 	 2.6258582789e-07
74.2388758782 	 1.81393907613e-07
74.2779078845 	 2.97971525502e-07
74.3169398907 	 2.19304717892e-07
74.355971897 	 2.38540429552e-07
74.3950039032 	 2.11204547738e-07
74.4340359094 	 8.75109955683e-08
74.4730679157 	 1.84405627626e-07
74.5120999219 	 1.64633864852e-07
74.5511319282 	 2.29691726716e-07
74.5901639344 	 3.08957090972e-07
74.6291959407 	 3.23963104169e-07
74.6682279469 	 2.58180649317e-07
74.7072599532 	 3.51039306949e-07
74.7462919594 	 1.7877163902e-07
74.7853239657 	 1.93469083346e-07
74.8243559719 	 3.3691895576e-07
74.8633879781 	 1.65239848124e-07
74.9024199844 	 2.96879724131e-07
74.9414519906 	 3.48262580762e-07
74.9804839969 	 2.03213201277e-07
75.0195160031 	 2.54390584342e-07
75.0585480094 	 3.04959823999e-07
75.0975800156 	 2.81009226183e-07
75.1366120219 	 3.87825716545e-07
75.1756440281 	 2.67773280958e-07
75.2146760343 	 2.25081389026e-07
75.2537080406 	 2.3284763845e-07
75.2927400468 	 1.29500725454e-07
75.3317720531 	 3.09613797159e-07
75.3708040593 	 2.516751335e-07
75.4098360656 	 3.03053887083e-07
75.4488680718 	 3.82705446731e-07
75.4879000781 	 3.91639427451e-07
75.5269320843 	 3.05506863396e-07
75.5659640906 	 2.88477299408e-07
75.6049960968 	 1.61172697008e-07
75.644028103 	 6.09202965873e-08
75.6830601093 	 2.63419804803e-07
75.7220921155 	 2.92161791061e-07
75.7611241218 	 2.0855068342e-07
75.800156128 	 3.93118970492e-07
75.8391881343 	 2.544416601e-07
75.8782201405 	 2.71369210925e-07
75.9172521468 	 3.00943146188e-07
75.956284153 	 1.58107034157e-07
75.9953161593 	 2.70005141373e-07
76.0343481655 	 1.88991107726e-07
76.0733801717 	 9.33777789511e-08
76.112412178 	 3.61214564574e-07
76.1514441842 	 3.2309074923e-07
76.1904761905 	 3.06791902115e-07
76.2295081967 	 2.52481737848e-07
76.268540203 	 1.0147323696e-07
76.3075722092 	 1.4220162812e-07
76.3466042155 	 2.17719728528e-07
76.3856362217 	 1.82577138226e-07
76.4246682279 	 2.04506616263e-07
76.4637002342 	 2.54745173288e-07
76.5027322404 	 3.20793821504e-07
76.5417642467 	 3.09935846492e-07
76.5807962529 	 2.66019983211e-07
76.6198282592 	 3.54237241611e-07
76.6588602654 	 1.83252606315e-07
76.6978922717 	 2.00754330443e-07
76.7369242779 	 1.87012070708e-07
76.7759562842 	 2.64601650147e-07
76.8149882904 	 1.98368345497e-07
76.8540202966 	 2.22879722602e-07
76.8930523029 	 2.64871944085e-07
76.9320843091 	 2.06283711371e-07
76.9711163154 	 2.9266698814e-07
77.0101483216 	 2.90326676222e-07
77.0491803279 	 1.21353532544e-07
77.0882123341 	 2.76266320097e-07
77.1272443404 	 2.42740542283e-07
77.1662763466 	 1.52295619496e-07
77.2053083528 	 3.33765607754e-07
77.2443403591 	 1.63125345809e-07
77.2833723653 	 2.56890230258e-07
77.3224043716 	 3.14225949014e-07
77.3614363778 	 2.36693922692e-07
77.4004683841 	 3.4146608052e-07
77.4395003903 	 2.08470141403e-07
77.4785323966 	 1.67725700706e-07
77.5175644028 	 2.24338003953e-07
77.5565964091 	 2.28993875239e-07
77.5956284153 	 3.05206466744e-07
77.6346604215 	 2.99062744928e-07
77.6736924278 	 1.96833680661e-07
77.712724434 	 2.19007173445e-07
77.7517564403 	 3.47141359613e-07
77.7907884465 	 3.18722292222e-07
77.8298204528 	 2.37094197743e-07
77.868852459 	 2.6576318273e-07
77.9078844653 	 2.10131761659e-07
77.9469164715 	 2.18651962198e-07
77.9859484778 	 2.19932875576e-07
78.024980484 	 3.09042117386e-07
78.0640124902 	 3.35997271557e-07
78.1030444965 	 1.62127605565e-07
78.1420765027 	 1.59439307481e-07
78.181108509 	 8.73093283023e-08
78.2201405152 	 2.34832624269e-07
78.2591725215 	 2.62220289714e-07
78.2982045277 	 2.74890385517e-07
78.337236534 	 2.03002810998e-07
78.3762685402 	 1.37450878833e-07
78.4153005464 	 2.43853144871e-07
78.4543325527 	 2.77996947791e-07
78.4933645589 	 2.79601628955e-07
78.5323965652 	 2.83312634572e-07
78.5714285714 	 2.27261313607e-07
78.6104605777 	 2.94114358404e-07
78.6494925839 	 3.20362767157e-07
78.6885245902 	 1.52445674265e-07
78.7275565964 	 2.46485148535e-07
78.7665886027 	 2.2435793362e-07
78.8056206089 	 2.52323757785e-07
78.8446526151 	 2.3932158001e-07
78.8836846214 	 3.26842259407e-07
78.9227166276 	 3.46438808495e-07
78.9617486339 	 1.78720700719e-07
79.0007806401 	 2.56778094997e-07
79.0398126464 	 2.90319071017e-07
79.0788446526 	 1.84661147142e-07
79.1178766589 	 1.68955097894e-07
79.1569086651 	 2.15150946348e-07
79.1959406714 	 2.44079721617e-07
79.2349726776 	 2.87092144483e-07
79.2740046838 	 3.47171724932e-07
79.3130366901 	 3.29690102907e-07
79.3520686963 	 1.71480077516e-07
79.3911007026 	 2.40265816247e-07
79.4301327088 	 3.24875501992e-07
79.4691647151 	 2.22114260096e-07
79.5081967213 	 2.95070596837e-07
79.5472287276 	 2.12076813725e-07
79.5862607338 	 2.42322716237e-07
79.62529274 	 2.65317112901e-07
79.6643247463 	 2.91263007048e-07
79.7033567525 	 1.87707066952e-07
79.7423887588 	 2.63072294612e-07
79.781420765 	 2.2252881007e-07
79.8204527713 	 2.33223818497e-07
79.8594847775 	 2.30472372387e-07
79.8985167838 	 1.68421354366e-07
79.93754879 	 1.35289106179e-07
79.9765807963 	 2.06201246653e-07
80.0156128025 	 2.02648804855e-07
80.0546448087 	 2.22040695531e-07
80.093676815 	 3.41362445941e-07
80.1327088212 	 3.79014735776e-07
80.1717408275 	 2.99516169386e-07
80.2107728337 	 1.9295503505e-07
80.24980484 	 1.80538044514e-07
80.2888368462 	 2.12251090024e-07
80.3278688525 	 3.08273498857e-07
80.3669008587 	 2.41345691651e-07
80.4059328649 	 2.5233853367e-07
80.4449648712 	 3.07521392624e-07
80.4839968774 	 2.23062974623e-07
80.5230288837 	 2.44891095859e-07
80.5620608899 	 2.16114403554e-07
80.6010928962 	 2.55177763491e-07
80.6401249024 	 1.73231913542e-07
80.6791569087 	 2.12359079561e-07
80.7181889149 	 3.06631882448e-07
80.7572209212 	 2.00948446205e-07
80.7962529274 	 2.64169314977e-07
80.8352849336 	 2.98762495955e-07
80.8743169399 	 1.98903588638e-07
80.9133489461 	 3.96546601319e-07
80.9523809524 	 2.96910780266e-07
80.9914129586 	 2.98857620563e-07
81.0304449649 	 2.75881986671e-07
81.0694769711 	 1.34849330944e-07
81.1085089774 	 1.38022288781e-07
81.1475409836 	 2.89488901159e-07
81.1865729899 	 3.30573917962e-07
81.2256049961 	 2.59747983719e-07
81.2646370023 	 3.14643881767e-07
81.3036690086 	 3.01391265262e-07
81.3427010148 	 1.95433394202e-07
81.3817330211 	 2.8141691059e-07
81.4207650273 	 2.34796917254e-07
81.4597970336 	 1.93824424195e-07
81.4988290398 	 2.41608939959e-07
81.5378610461 	 1.49844200438e-07
81.5768930523 	 2.40631185599e-07
81.6159250585 	 2.80144096323e-07
81.6549570648 	 2.30153833222e-07
81.693989071 	 2.21281834786e-07
81.7330210773 	 2.66666429632e-07
81.7720530835 	 2.54541605159e-07
81.8110850898 	 1.59778485775e-07
81.850117096 	 2.38128466663e-07
81.8891491023 	 2.24605952456e-07
81.9281811085 	 2.32869683729e-07
81.9672131148 	 1.62547290327e-07
82.006245121 	 2.30917282598e-07
82.0452771272 	 2.52776611467e-07
82.0843091335 	 2.30338417285e-07
82.1233411397 	 2.16859524172e-07
82.162373146 	 2.70158363437e-07
82.2014051522 	 2.42044824166e-07
82.2404371585 	 1.7516716338e-07
82.2794691647 	 2.40362681036e-07
82.318501171 	 1.86332831829e-07
82.3575331772 	 2.49535519738e-07
82.3965651835 	 3.21751117518e-07
82.4355971897 	 2.64923960594e-07
82.4746291959 	 2.72043675246e-07
82.5136612022 	 3.06094157332e-07
82.5526932084 	 2.57215136484e-07
82.5917252147 	 2.65747521574e-07
82.6307572209 	 1.82874741543e-07
82.6697892272 	 2.28750870321e-07
82.7088212334 	 2.58419476098e-07
82.7478532397 	 1.83629413814e-07
82.7868852459 	 2.6143597441e-07
82.8259172521 	 2.77179734863e-07
82.8649492584 	 1.52907817121e-07
82.9039812646 	 2.58266859109e-07
82.9430132709 	 2.41257098641e-07
82.9820452771 	 1.60016238271e-07
83.0210772834 	 1.74478846329e-07
83.0601092896 	 2.03334840983e-07
83.0991412959 	 1.80567483469e-07
83.1381733021 	 2.72219590292e-07
83.1772053084 	 1.76739821475e-07
83.2162373146 	 1.78948892462e-07
83.2552693208 	 3.19723021575e-07
83.2943013271 	 3.0643180609e-07
83.3333333333 	 2.52827814684e-07
83.3723653396 	 2.81416932024e-07
83.4113973458 	 1.39720336441e-07
83.4504293521 	 2.26728589637e-07
83.4894613583 	 2.46190595268e-07
83.5284933646 	 2.12338088461e-07
83.5675253708 	 3.32204573287e-07
83.606557377 	 2.59991127701e-07
83.6455893833 	 2.75852828908e-07
83.6846213895 	 3.03345578419e-07
83.7236533958 	 1.7849548502e-07
83.762685402 	 2.57695038988e-07
83.8017174083 	 2.41727700249e-07
83.8407494145 	 1.93228763077e-07
83.8797814208 	 1.67014899977e-07
83.918813427 	 1.67561615397e-07
83.9578454333 	 2.72306801271e-07
83.9968774395 	 2.97856547217e-07
84.0359094457 	 2.83167229678e-07
84.074941452 	 3.11654917693e-07
84.1139734582 	 2.63862917837e-07
84.1530054645 	 2.30188530061e-07
84.1920374707 	 1.23587203172e-07
84.231069477 	 2.44289596616e-07
84.2701014832 	 2.84909786293e-07
84.3091334895 	 1.71873862188e-07
84.3481654957 	 2.55390360742e-07
84.387197502 	 2.22985017999e-07
84.4262295082 	 1.99794160972e-07
84.4652615144 	 2.39989294168e-07
84.5042935207 	 2.14968038154e-07
84.5433255269 	 2.0693024013e-07
84.5823575332 	 2.14004335825e-07
84.6213895394 	 2.34530623844e-07
84.6604215457 	 2.46307976306e-07
84.6994535519 	 2.25559880877e-07
84.7384855582 	 2.24635456262e-07
84.7775175644 	 2.71742820846e-07
84.8165495706 	 3.09203288708e-07
84.8555815769 	 2.83539251404e-07
84.8946135831 	 3.40594927589e-07
84.9336455894 	 2.59119120665e-07
84.9726775956 	 1.28763836664e-07
85.0117096019 	 2.35257422563e-07
85.0507416081 	 2.13864044628e-07
85.0897736144 	 2.89329680187e-07
85.1288056206 	 2.61219123075e-07
85.1678376269 	 1.82306828333e-07
85.2068696331 	 2.75389680252e-07
85.2459016393 	 3.33487765458e-07
85.2849336456 	 2.59437242532e-07
85.3239656518 	 2.58031883636e-07
85.3629976581 	 1.82582132618e-07
85.4020296643 	 2.29455503711e-07
85.4410616706 	 1.45080947057e-07
85.4800936768 	 1.53571838744e-07
85.5191256831 	 2.61391169667e-07
85.5581576893 	 2.44945416427e-07
85.5971896956 	 2.37194875543e-07
85.6362217018 	 3.2730936859e-07
85.675253708 	 1.75291311703e-07
85.7142857143 	 1.7787396998e-07
85.7533177205 	 2.48021938224e-07
85.7923497268 	 1.39185743409e-07
85.831381733 	 2.55784506463e-07
85.8704137393 	 1.8869583558e-07
85.9094457455 	 3.15455283327e-07
85.9484777518 	 3.6991632962e-07
85.987509758 	 1.23801020438e-07
86.0265417642 	 2.15886170722e-07
86.0655737705 	 2.96646870771e-07
86.1046057767 	 2.09217753841e-07
86.143637783 	 1.90787609974e-07
86.1826697892 	 2.39566375407e-07
86.2217017955 	 2.34529258271e-07
86.2607338017 	 1.99207810998e-07
86.299765808 	 1.87332552463e-07
86.3387978142 	 2.2025345806e-07
86.3778298205 	 1.93964702633e-07
86.4168618267 	 2.47151967167e-07
86.4558938329 	 1.62186625416e-07
86.4949258392 	 2.94000562664e-07
86.5339578454 	 2.90169205229e-07
86.5729898517 	 2.17432315964e-07
86.6120218579 	 2.19450245929e-07
86.6510538642 	 1.53447474883e-07
86.6900858704 	 3.14203013904e-07
86.7291178767 	 3.18853532168e-07
86.7681498829 	 2.05759904645e-07
86.8071818891 	 2.3057895709e-07
86.8462138954 	 2.4413060497e-07
86.8852459016 	 2.21637757382e-07
86.9242779079 	 2.81594244749e-07
86.9633099141 	 2.25746246609e-07
87.0023419204 	 2.27095744061e-07
87.0413739266 	 2.07490626688e-07
87.0804059329 	 2.12903928747e-07
87.1194379391 	 2.82200381616e-07
87.1584699454 	 2.22219642984e-07
87.1975019516 	 2.44405515044e-07
87.2365339578 	 1.94004743513e-07
87.2755659641 	 2.19547205615e-07
87.3145979703 	 2.67667481398e-07
87.3536299766 	 2.51079087646e-07
87.3926619828 	 1.82943845418e-07
87.4316939891 	 1.65789811481e-07
87.4707259953 	 3.16465818665e-07
87.5097580016 	 3.446149558e-07
87.5487900078 	 2.59047837026e-07
87.5878220141 	 2.89151381174e-07
87.6268540203 	 1.98317382926e-07
87.6658860265 	 1.83554978311e-07
87.7049180328 	 2.23284733782e-07
87.743950039 	 2.23580833456e-07
87.7829820453 	 2.38868686443e-07
87.8220140515 	 1.92542502676e-07
87.8610460578 	 2.00394700732e-07
87.900078064 	 2.19491548673e-07
87.9391100703 	 2.98480057599e-07
87.9781420765 	 2.33355774364e-07
88.0171740827 	 2.29472462396e-07
88.056206089 	 1.60177461532e-07
88.0952380952 	 1.59802654157e-07
88.1342701015 	 2.39911251598e-07
88.1733021077 	 2.56731045298e-07
88.212334114 	 2.39072196392e-07
88.2513661202 	 2.35266297152e-07
88.2903981265 	 2.76455155578e-07
88.3294301327 	 2.89354350826e-07
88.368462139 	 2.6409857376e-07
88.4074941452 	 2.24238707741e-07
88.4465261514 	 2.27375863936e-07
88.4855581577 	 2.55447991717e-07
88.5245901639 	 2.30662830196e-07
88.5636221702 	 1.90104850195e-07
88.6026541764 	 2.20652157521e-07
88.6416861827 	 2.54062760588e-07
88.6807181889 	 2.08864827336e-07
88.7197501952 	 2.165423001e-07
88.7587822014 	 2.14440214897e-07
88.7978142077 	 2.42067078421e-07
88.8368462139 	 2.13584484598e-07
88.8758782201 	 2.53323793048e-07
88.9149102264 	 2.31556797665e-07
88.9539422326 	 2.26211640993e-07
88.9929742389 	 2.24236217166e-07
89.0320062451 	 2.34122048996e-07
89.0710382514 	 2.59654909175e-07
89.1100702576 	 2.7746761904e-07
89.1491022639 	 2.67069388727e-07
89.1881342701 	 2.70719471216e-07
89.2271662763 	 2.33589250426e-07
89.2661982826 	 2.16878450404e-07
89.3052302888 	 2.61075477867e-07
89.3442622951 	 1.90606672205e-07
89.3832943013 	 1.69844957874e-07
89.4223263076 	 2.62045696355e-07
89.4613583138 	 2.13704505207e-07
89.5003903201 	 2.4979005205e-07
89.5394223263 	 2.4970338917e-07
89.5784543326 	 2.67399836646e-07
89.6174863388 	 2.12869290128e-07
89.656518345 	 2.06240004014e-07
89.6955503513 	 1.94373474933e-07
89.7345823575 	 2.12848097437e-07
89.7736143638 	 1.84560370229e-07
89.81264637 	 2.20479105854e-07
89.8516783763 	 2.73814931157e-07
89.8907103825 	 2.55295480298e-07
89.9297423888 	 2.74371790481e-07
89.968774395 	 2.00236241986e-07
90.0078064012 	 2.24391349747e-07
90.0468384075 	 3.22550885996e-07
90.0858704137 	 2.29832809541e-07
90.12490242 	 1.78976301965e-07
90.1639344262 	 1.95674672362e-07
90.2029664325 	 2.0234787308e-07
90.2419984387 	 2.60333555614e-07
90.281030445 	 2.16374444786e-07
90.3200624512 	 2.29189465101e-07
90.3590944575 	 2.43878257798e-07
90.3981264637 	 2.46501686136e-07
90.4371584699 	 1.89151047563e-07
90.4761904762 	 2.17779292048e-07
90.5152224824 	 2.11263221547e-07
90.5542544887 	 1.82189032677e-07
90.5932864949 	 2.6272215516e-07
90.6323185012 	 2.75896285895e-07
90.6713505074 	 2.71741986023e-07
90.7103825137 	 2.99953489996e-07
90.7494145199 	 1.90108543317e-07
90.7884465262 	 1.77312276588e-07
90.8274785324 	 2.44506276661e-07
90.8665105386 	 2.12322476233e-07
90.9055425449 	 1.99541392105e-07
90.9445745511 	 2.25030138222e-07
90.9836065574 	 2.7512290856e-07
91.0226385636 	 2.86289591087e-07
91.0616705699 	 2.25842814193e-07
91.1007025761 	 2.24829259566e-07
91.1397345824 	 2.85591646749e-07
91.1787665886 	 2.38629014363e-07
91.2177985948 	 1.71996159426e-07
91.2568306011 	 2.43507430173e-07
91.2958626073 	 1.87966981542e-07
91.3348946136 	 1.81699953913e-07
91.3739266198 	 2.52786409741e-07
91.4129586261 	 2.56209109086e-07
91.4519906323 	 2.85090742931e-07
91.4910226386 	 1.92114232939e-07
91.5300546448 	 2.15265752752e-07
91.5690866511 	 2.67766115133e-07
91.6081186573 	 1.86821960152e-07
91.6471506635 	 1.33537637388e-07
91.6861826698 	 2.39432861666e-07
91.725214676 	 1.62581633889e-07
91.7642466823 	 2.14094414546e-07
91.8032786885 	 3.10908692537e-07
91.8423106948 	 2.60676384886e-07
91.881342701 	 1.94661669073e-07
91.9203747073 	 2.3964001235e-07
91.9594067135 	 1.72241935673e-07
91.9984387198 	 2.13805424596e-07
92.037470726 	 2.05026988236e-07
92.0765027322 	 1.59131346909e-07
92.1155347385 	 1.86805342718e-07
92.1545667447 	 2.07747518375e-07
92.193598751 	 2.86977244681e-07
92.2326307572 	 3.11998217993e-07
92.2716627635 	 2.89073314879e-07
92.3106947697 	 2.49789581384e-07
92.349726776 	 1.82107663595e-07
92.3887587822 	 2.31862434804e-07
92.4277907884 	 2.62809728287e-07
92.4668227947 	 2.16771800628e-07
92.5058548009 	 2.04822231245e-07
92.5448868072 	 2.02144501633e-07
92.5839188134 	 2.85393874839e-07
92.6229508197 	 2.97421243244e-07
92.6619828259 	 2.73363318998e-07
92.7010148322 	 2.53495372007e-07
92.7400468384 	 2.3803833596e-07
92.7790788447 	 2.56762760371e-07
92.8181108509 	 1.77335520316e-07
92.8571428571 	 1.46494628096e-07
92.8961748634 	 2.51037037727e-07
92.9352068696 	 2.43072063582e-07
92.9742388759 	 2.91119256413e-07
93.0132708821 	 2.55043840687e-07
93.0523028884 	 2.39461956356e-07
93.0913348946 	 2.86451532431e-07
93.1303669009 	 2.11100346282e-07
93.1693989071 	 1.50350099832e-07
93.2084309133 	 2.2129015358e-07
93.2474629196 	 2.10187858657e-07
93.2864949258 	 2.19175265019e-07
93.3255269321 	 2.16035282744e-07
93.3645589383 	 2.09843569081e-07
93.4035909446 	 2.03080614083e-07
93.4426229508 	 2.37557966118e-07
93.4816549571 	 2.46040060507e-07
93.5206869633 	 2.59034674817e-07
93.5597189696 	 2.03455144553e-07
93.5987509758 	 1.79817331563e-07
93.637782982 	 1.84791434156e-07
93.6768149883 	 1.54401432163e-07
93.7158469945 	 1.94297705924e-07
93.7548790008 	 2.21660385392e-07
93.793911007 	 2.99993804793e-07
93.8329430133 	 2.74319739231e-07
93.8719750195 	 2.59707697419e-07
93.9110070258 	 2.14688440392e-07
93.950039032 	 2.71424191824e-07
93.9890710383 	 2.11960340996e-07
94.0281030445 	 2.31689951878e-07
94.0671350507 	 2.38617533259e-07
94.106167057 	 2.56511810115e-07
94.1451990632 	 2.72621074186e-07
94.1842310695 	 2.73575320492e-07
94.2232630757 	 2.78559040934e-07
94.262295082 	 2.38759124645e-07
94.3013270882 	 2.2208954181e-07
94.3403590945 	 1.16172366346e-07
94.3793911007 	 1.69783738773e-07
94.4184231069 	 2.21604891229e-07
94.4574551132 	 1.99315006723e-07
94.4964871194 	 2.81053603368e-07
94.5355191257 	 2.63861207428e-07
94.5745511319 	 2.24660645536e-07
94.6135831382 	 2.59265711701e-07
94.6526151444 	 2.81978554145e-07
94.6916471507 	 2.73491322997e-07
94.7306791569 	 2.54862859194e-07
94.7697111632 	 1.52396955617e-07
94.8087431694 	 2.55059589838e-07
94.8477751756 	 2.10993072331e-07
94.8868071819 	 2.43365794382e-07
94.9258391881 	 2.82905675686e-07
94.9648711944 	 2.40870930466e-07
95.0039032006 	 2.17367536631e-07
95.0429352069 	 2.82366062698e-07
95.0819672131 	 1.92978651684e-07
95.1209992194 	 1.72205278055e-07
95.1600312256 	 1.57916994781e-07
95.1990632319 	 1.23498416584e-07
95.2380952381 	 2.16460131661e-07
95.2771272443 	 2.50673875115e-07
95.3161592506 	 2.24975058183e-07
95.3551912568 	 2.12453599248e-07
95.3942232631 	 2.78934814049e-07
95.4332552693 	 2.47253036913e-07
95.4722872756 	 2.47831343892e-07
95.5113192818 	 2.26825310566e-07
95.5503512881 	 1.66898165735e-07
95.5893832943 	 1.65686501328e-07
95.6284153005 	 2.35079332972e-07
95.6674473068 	 2.29034255622e-07
95.706479313 	 2.7728880073e-07
95.7455113193 	 2.83468323382e-07
95.7845433255 	 2.34884984837e-07
95.8235753318 	 2.3296015462e-07
95.862607338 	 1.87496096088e-07
95.9016393443 	 2.23137576269e-07
95.9406713505 	 1.88275169647e-07
95.9797033568 	 1.29598943562e-07
96.018735363 	 1.86707433029e-07
96.0577673692 	 2.10289832645e-07
96.0967993755 	 2.93561880873e-07
96.1358313817 	 3.05429034721e-07
96.174863388 	 2.37573072902e-07
96.2138953942 	 2.24321047862e-07
96.2529274005 	 1.87573953808e-07
96.2919594067 	 2.05218643024e-07
96.330991413 	 1.82490078623e-07
96.3700234192 	 1.87122304818e-07
96.4090554254 	 2.55656650549e-07
96.4480874317 	 2.62103527803e-07
96.4871194379 	 2.96296629911e-07
96.5261514442 	 2.91802225705e-07
96.5651834504 	 2.31037244474e-07
96.6042154567 	 2.7031701419e-07
96.6432474629 	 2.19689084385e-07
96.6822794692 	 2.5040982395e-07
96.7213114754 	 2.07725995027e-07
96.7603434817 	 2.38622100758e-07
96.7993754879 	 2.69583753442e-07
96.8384074941 	 2.2369821536e-07
96.8774395004 	 2.20934312359e-07
96.9164715066 	 2.39346743008e-07
96.9555035129 	 2.32919910076e-07
96.9945355191 	 2.57772085249e-07
97.0335675254 	 2.25323347725e-07
97.0725995316 	 2.34212011278e-07
97.1116315379 	 1.49805750523e-07
97.1506635441 	 1.51718231539e-07
97.1896955504 	 2.35553460284e-07
97.2287275566 	 2.1511357435e-07
97.2677595628 	 2.42994889764e-07
97.3067915691 	 3.15487899081e-07
97.3458235753 	 2.50728323033e-07
97.3848555816 	 2.27139266295e-07
97.4238875878 	 2.37302462772e-07
97.4629195941 	 1.46193944576e-07
97.5019516003 	 2.3362772392e-07
97.5409836066 	 1.88375191933e-07
97.5800156128 	 1.70160248074e-07
97.619047619 	 2.44664138251e-07
97.6580796253 	 1.77372278756e-07
97.6971116315 	 2.42071416228e-07
97.7361436378 	 2.77580857987e-07
97.775175644 	 2.22724309534e-07
97.8142076503 	 2.27566694606e-07
97.8532396565 	 2.21870931454e-07
97.8922716628 	 2.04373380717e-07
97.931303669 	 2.4741241889e-07
97.9703356753 	 2.23318895809e-07
98.0093676815 	 2.08077814149e-07
98.0483996877 	 2.41464005821e-07
98.087431694 	 2.30126328547e-07
98.1264637002 	 2.3427643123e-07
98.1654957065 	 2.55057772399e-07
98.2045277127 	 1.84342218029e-07
98.243559719 	 2.00223370099e-07
98.2825917252 	 2.51975073266e-07
98.3216237315 	 1.80527898809e-07
98.3606557377 	 2.0198954967e-07
98.399687744 	 2.59025730457e-07
98.4387197502 	 2.24066050175e-07
98.4777517564 	 2.53910956752e-07
98.5167837627 	 2.60513609309e-07
98.5558157689 	 2.04825502275e-07
98.5948477752 	 2.79938131988e-07
98.6338797814 	 2.00552734573e-07
98.6729117877 	 1.56689066909e-07
98.7119437939 	 2.23785325108e-07
98.7509758002 	 2.0748004531e-07
98.7900078064 	 2.4609734416e-07
98.8290398126 	 2.78220496716e-07
98.8680718189 	 2.32563141191e-07
98.9071038251 	 2.67132903222e-07
98.9461358314 	 2.49579112708e-07
98.9851678376 	 2.37108489044e-07
99.0241998439 	 2.57721911893e-07
99.0632318501 	 2.09113387636e-07
99.1022638564 	 1.65062826881e-07
99.1412958626 	 2.02056421378e-07
99.1803278689 	 1.96047395149e-07
99.2193598751 	 2.29133093077e-07
99.2583918813 	 2.53720623564e-07
99.2974238876 	 2.52661283118e-07
99.3364558938 	 2.38304186608e-07
99.3754879001 	 1.91212695635e-07
99.4145199063 	 1.70475122642e-07
99.4535519126 	 1.74261631359e-07
99.4925839188 	 1.88424959513e-07
99.5316159251 	 1.9992459319e-07
99.5706479313 	 2.65795774936e-07
99.6096799375 	 2.85580633881e-07
99.6487119438 	 2.86771067254e-07
99.68774395 	 2.7360117285e-07
99.7267759563 	 2.51557787136e-07
99.7658079625 	 1.81377372132e-07
99.8048399688 	 2.24506419926e-07
99.843871975 	 1.82852280384e-07
99.8829039813 	 1.90208942756e-07
99.9219359875 	 2.19446670769e-07
99.9609679938 	 2.12162291805e-07
100.0 	 2.69427464362e-07
