0.0  -0.0002826145
0.01  -0.0002934194
0.02  -0.0003043948
0.03  -0.0003155646
0.04  -0.0003270958
0.05  -0.0003387611
0.06  -0.0003501295
0.07  -0.000361387
0.08  -0.0003734218
0.09  -0.0003856853
0.1  -0.0003977428
0.11  -0.0004075611
0.12  -0.0004143237
0.13  -0.0004207535
0.14  -0.0004296989
0.15  -0.0004367148
0.16  -0.0004422267
0.17  -0.0004480542
0.18  -0.000452355
0.19  -0.0004552533
0.2  -0.0004559423
0.21  -0.0004424273
0.22  -0.0004210418
0.23  -0.0003964128
0.24  -0.0003644923
0.25  -0.0003577616
0.26  -0.0003571621
0.27  -0.0003474745
0.28  -0.000346809
0.29  -0.0003484509
0.3  -0.0003488393
0.31  -0.0003369979
0.32  -0.000316176
0.33  -0.0003117443
0.34  -0.000335114
0.35000000000000003  -0.000354025
0.36  -0.0003460753
0.37  -0.0003294255
0.38  -0.0003237993
0.39  -0.000310857
0.4  -0.000296791
0.41000000000000003  -0.0003039238
0.42  -0.0003468606
0.43  -0.0003829693
0.44  -0.0003986595
0.45  -0.0003247402
0.46  -0.0002543563
0.47000000000000003  -0.0002267678
0.48  -0.0002208905
0.49  -0.0001991451
0.5  -0.0001846229
0.51  -4.227208e-05
0.52  0.0006663072
0.53  0.001345189
0.54  0.001837878
0.55  0.002132908
0.56  0.002145841
0.5700000000000001  0.001493621
0.58  0.0005658127
0.59  -0.0009604159
0.6  -0.002331408
0.61  -0.002121866
0.62  -0.001166701
0.63  -0.001042156
0.64  -0.001309187
0.65  -0.001360764
0.66  -0.00146616
0.67  -0.00113627
0.68  0.0004105562
0.6900000000000001  0.001447945
0.7000000000000001  0.001057684
0.71  0.001001591
0.72  0.001230948
0.73  0.00116815
0.74  0.001150739
0.75  0.001193914
0.76  0.001008001
0.77  0.0007687238
0.78  0.0006267548
0.79  0.0007520147
0.8  0.00100062
0.81  0.001144104
0.8200000000000001  0.001248528
0.8300000000000001  0.00124252
0.84  0.001274752
0.85  0.001259199
0.86  0.001215653
0.87  0.001011257
0.88  0.0006517312
0.89  0.0003641355
0.9  -1.916375e-05
0.91  -0.000322256
0.92  -0.0003232409
0.93  -1.21126e-05
0.9400000000000001  0.0007195315
0.9500000000000001  0.001260128
0.96  0.00186591
0.97  0.00220061
0.98  0.001789407
0.99  0.001098971
1.0  -0.000323489
1.01  -0.001573257
1.02  -0.001398669
1.03  0.000686215
1.04  0.001685135
1.05  0.001359614
1.06  0.001534523
1.07  0.0017508
1.08  0.001575349
1.09  0.001430843
1.1  0.0004537505
1.11  -0.0004705398
1.12  -0.0004246037
1.1300000000000001  -0.0003902001
1.1400000000000001  -0.0003937277
1.1500000000000001  0.0003867533
1.16  0.001031012
1.17  0.001639663
1.18  0.002565568
1.19  0.003393938
1.2  0.003729135
1.21  0.002233164
1.22  0.001048586
1.23  0.0008767363
1.24  0.0003001623
1.25  -0.0003083596
1.26  -0.0004957703
1.27  -0.0008071935
1.28  -0.001041275
1.29  -0.0008711526
1.3  -0.0008035829
1.31  -0.0007839552
1.32  -0.0007580836
1.33  -0.0008051795
1.34  -0.001026346
1.35  -0.001214814
1.36  -0.001158897
1.37  -0.001035788
1.3800000000000001  -0.001001911
1.3900000000000001  -0.0009899437
1.4000000000000001  -0.00103308
1.41  -0.001051802
1.42  -0.001056084
1.43  -0.001062736
1.44  -0.001111462
1.45  -0.001162777
1.46  -0.001160612
1.47  -0.001158775
1.48  -0.001196159
1.49  -0.001246674
1.5  -0.0009207686
1.51  0.0003653348
1.52  0.001428677
1.53  0.001844937
1.54  0.001672908
1.55  0.001693617
1.56  0.0008356021
1.57  -0.0001300528
1.58  -0.0009269161
1.59  -0.001963102
1.6  -0.00230493
1.61  -0.002108443
1.62  -0.002332247
1.6300000000000001  -0.002428797
1.6400000000000001  -0.002579387
1.6500000000000001  -0.003022141
1.6600000000000001  -0.003331171
1.67  -0.003388355
1.68  -0.00240307
1.69  -0.001527918
1.7  -0.0007834016
1.71  0.0004143016
1.72  0.001525471
1.73  0.002515448
1.74  0.003480532
1.75  0.004252932
1.76  0.003024157
1.77  0.001209601
1.78  0.0001327997
1.79  -0.001234121
1.8  -0.002621804
1.81  -0.003714859
1.82  -0.004541241
1.83  -0.004062761
1.84  -0.003681735
1.85  -0.003374854
1.86  -0.002740617
1.87  -0.002249875
1.8800000000000001  -0.001790394
1.8900000000000001  -0.001172279
1.9000000000000001  -0.0004512303
1.9100000000000001  0.0001457822
1.92  0.0005335581
1.93  0.0009760234
1.94  0.001403312
1.95  0.0009638843
1.96  -8.926507e-05
1.97  -0.0006923811
1.98  -0.001499292
1.99  -0.001589137
2.0  -0.0003476335
2.0100000000000002  0.0003047781
2.02  0.0008968504
2.0300000000000002  0.001481303
2.04  0.001997282
2.05  0.002522527
2.06  0.003075084
2.07  0.003665258
2.08  0.004235073
2.09  0.004566909
2.1  0.004241895
2.11  0.003276065
2.12  0.001228254
2.13  -2.203084e-05
2.14  -0.0004774114
2.15  -0.001425629
2.16  -0.001780287
2.17  -0.001563163
2.18  -0.001745558
2.19  -0.001909691
2.2  -0.002001841
2.21  -0.002075666
2.22  -0.001539137
2.23  -0.0009256028
2.24  -0.0005211857
2.25  -1.264221e-05
2.2600000000000002  0.0004600908
2.27  0.0004553446
2.2800000000000002  0.0004782247
2.29  0.0007813469
2.3000000000000003  0.0008875024
2.31  0.000820571
2.32  0.0008460593
2.33  0.0006963889
2.34  5.015902e-05
2.35  -0.0004710422
2.36  -0.0005229547
2.37  0.0001368763
2.38  0.0005158959
2.39  0.000718604
2.4  0.001120469
2.41  0.001456997
2.42  0.00158272
2.43  0.001705788
2.44  0.001878024
2.45  0.00201534
2.46  0.002156684
2.47  0.002305599
2.48  0.002446673
2.49  0.002381603
2.5  0.001915246
2.5100000000000002  0.001453995
2.52  0.0006520412
2.5300000000000002  -0.0003876147
2.54  -0.00194818
2.5500000000000003  -0.002949228
2.56  -0.002909048
2.57  -0.00332296
2.58  -0.003607104
2.59  -0.002807923
2.6  -0.002047296
2.61  -0.001307182
2.62  0.0001148741
2.63  0.001064961
2.64  0.001144355
2.65  0.001549093
2.66  0.001581369
2.67  0.0009601357
2.68  0.0009504008
2.69  0.001543726
2.7  0.001826961
2.71  0.001698919
2.72  0.001502117
2.73  0.001420737
2.74  0.001206781
2.75  0.000979412
2.7600000000000002  0.0004737137
2.77  -0.0005216505
2.7800000000000002  -0.001200194
2.79  -0.001493884
2.8000000000000003  -0.00181996
2.81  -0.0008220037
2.82  0.0006631304
2.83  0.001256828
2.84  0.001632674
2.85  0.002013121
2.86  0.001376088
2.87  0.0008705465
2.88  0.0005811652
2.89  6.501179e-05
2.9  -0.000270125
2.91  0.0004685459
2.92  0.001113686
2.93  0.001543004
2.94  0.001484993
2.95  0.0002522491
2.96  -0.000521531
2.97  -0.0009595134
2.98  -0.001089661
2.99  -0.001340318
3.0  -0.001541534
3.0100000000000002  -0.001670941
3.02  -0.001834119
3.0300000000000002  -0.001862105
3.04  -0.001815141
3.0500000000000003  -0.001559567
3.06  -0.001171036
3.0700000000000003  -0.0005622791
3.08  0.0002352247
3.09  0.0003983872
3.1  0.0002127452
3.11  0.0002508999
3.12  -0.0002464609
3.13  -0.0007610452
3.14  -0.001059317
3.15  -0.0004295141
3.16  0.0007485111
3.17  0.001526145
3.18  0.002333051
3.19  0.001035303
3.2  -0.0005513457
3.21  -0.0007876844
3.22  -0.001236884
3.23  -0.001989056
3.24  -0.001990085
3.25  -0.001436851
3.2600000000000002  -0.001232886
3.27  -0.0009694133
3.2800000000000002  -0.0006608411
3.29  -0.0004084874
3.3000000000000003  -0.0002492039
3.31  -0.0002818513
3.3200000000000003  -7.519683e-05
3.33  0.0004848867
3.34  0.0008793613
3.35  0.001239813
3.36  0.001636208
3.37  0.001819156
3.38  0.001968341
3.39  0.002086325
3.4  0.001915336
3.41  0.0004808626
3.42  -0.001219766
3.43  -0.001461761
3.44  -0.001921637
3.45  -0.002280615
3.46  -0.001767919
3.47  -0.001614591
3.48  -0.001594125
3.49  -0.001611178
3.5  -0.001358144
3.5100000000000002  -0.000990109
3.52  -0.0008239097
3.5300000000000002  -0.0007957705
3.54  4.225208e-05
3.5500000000000003  0.001177752
3.56  0.0009685258
3.5700000000000003  0.0006930462
3.58  0.0007329034
3.59  0.0002532614
3.6  -0.0001588424
3.61  -0.0004300487
3.62  -0.0007853951
3.63  -0.0008530734
3.64  -0.0004067953
3.65  9.203808e-05
3.66  0.0004977054
3.67  0.0007140503
3.68  0.0005848882
3.69  0.0006360477
3.7  0.0006648715
3.71  0.000638784
3.72  0.0007517932
3.73  0.0009152747
3.74  0.0009338458
3.75  5.687383e-05
3.7600000000000002  -0.001077375
3.77  -0.001472493
3.7800000000000002  -0.0003704023
3.79  9.315914e-05
3.8000000000000003  -5.790967e-05
3.81  0.0004591676
3.8200000000000003  0.0001284083
3.83  -0.00107888
3.84  -0.001701094
3.85  -0.001908277
3.86  -0.001125397
3.87  -0.000584335
3.88  -8.066169e-05
3.89  0.0006422944
3.9  0.001261968
3.91  0.001849092
3.92  0.001976834
3.93  0.001698598
3.94  0.001691187
3.95  0.001474946
3.96  0.0009250674
3.97  0.0005117389
3.98  0.0002476163
3.99  2.06971e-05
4.0  -0.0002515919
4.01  -0.0005150185
4.0200000000000005  -0.0008504874
4.03  -0.001181325
4.04  -0.0007764666
4.05  0.000384656
4.0600000000000005  0.0006631923
4.07  0.001010955
4.08  0.001742965
4.09  0.002237241
4.1  0.002604872
4.11  0.002733545
4.12  0.002889332
4.13  0.002583192
4.14  0.001265883
4.15  0.0008234663
4.16  0.001004245
4.17  0.0005806099
4.18  0.0003859516
4.19  0.0003292717
4.2  9.660453e-05
4.21  -0.0005899345
4.22  -0.001539067
4.23  -0.002646643
4.24  -0.003969084
4.25  -0.004914147
4.26  -0.003755519
4.2700000000000005  -0.00273639
4.28  -0.00216842
4.29  -0.001127004
4.3  -0.0001996137
4.3100000000000005  0.0003043109
4.32  -1.500053e-05
4.33  0.0001987841
4.34  0.001159301
4.3500000000000005  0.001684257
4.36  0.002275613
4.37  0.002917859
4.38  0.002085429
4.39  0.0008662733
4.4  0.0005350136
4.41  0.0002543507
4.42  -0.0003160532
4.43  -0.000652605
4.44  -0.0009370401
4.45  -0.0009831519
4.46  -0.0009580688
4.47  -0.001019759
4.48  -0.00101211
4.49  -0.001000203
4.5  -0.001011547
4.51  -0.001010909
4.5200000000000005  -0.001010108
4.53  -0.001013336
4.54  -0.001014357
4.55  -0.001022642
4.5600000000000005  -0.001082679
4.57  -0.0007039358
4.58  0.0008588551
4.59  0.002141486
4.6000000000000005  0.002373521
4.61  0.001057099
4.62  0.0004102288
4.63  -3.4951e-05
4.64  -0.0006597561
4.65  -0.0002644758
4.66  1.327853e-05
4.67  0.000123992
4.68  -6.406908e-05
4.69  -0.001350173
4.7  -0.00216782
4.71  -0.00227454
4.72  -0.002670458
4.73  -0.002308873
4.74  -0.001368834
4.75  -0.0007679225
4.76  0.000103988
4.7700000000000005  0.0008719556
4.78  0.001163611
4.79  0.001592277
4.8  0.002265723
4.8100000000000005  0.003133464
4.82  0.003770585
4.83  0.003487498
4.84  0.003152062
4.8500000000000005  0.001736978
4.86  0.0001739098
4.87  -0.0003507692
4.88  -0.001212329
4.89  -0.001410069
4.9  -0.001272341
4.91  -0.001473461
4.92  -0.001506671
4.93  -0.001519623
4.94  -0.001840324
4.95  -0.002152883
4.96  -0.00198946
4.97  -0.0008090517
4.98  0.000113848
4.99  0.0004710446
5.0  0.0007032391
5.01  0.001115662
5.0200000000000005  0.001366988
5.03  0.001258814
5.04  0.00094596
5.05  0.0007930539
5.0600000000000005  0.0009847116
5.07  0.001965945
5.08  0.002693024
5.09  0.002857218
5.1000000000000005  0.002783102
5.11  0.002871409
5.12  0.002020155
5.13  0.0007167
5.14  -0.0001718343
5.15  -0.001080403
5.16  -0.001245355
5.17  -0.00141338
5.18  -0.001456907
5.19  -0.0007395696
5.2  -0.000241705
5.21  0.000209428
5.22  0.0003738285
5.23  -0.0007491713
5.24  -0.001610362
5.25  -0.001924096
5.26  -0.00144023
5.2700000000000005  -0.001107842
5.28  -0.0008793119
5.29  -0.001108204
5.3  -0.001753506
5.3100000000000005  -0.001714784
5.32  -0.0006983545
5.33  -2.566471e-06
5.34  0.0006728073
5.3500000000000005  0.001195361
5.36  0.00115761
5.37  0.001378955
5.38  0.001502523
5.39  0.001387063
5.4  0.001372248
5.41  0.001085251
5.42  0.0002126025
5.43  -0.000435402
5.44  -0.0005288701
5.45  -0.0003266138
5.46  -0.000365532
5.47  -0.0004461927
5.48  -0.0009572071
5.49  -0.001439154
5.5  -0.002019099
5.51  -0.002793339
5.5200000000000005  -0.003466624
5.53  -0.003319596
5.54  -0.001576798
5.55  -0.0003676453
5.5600000000000005  0.0004354121
5.57  0.001306416
5.58  0.00218444
5.59  0.002354007
5.6000000000000005  0.002228684
5.61  0.002282255
5.62  0.001732184
5.63  0.001192454
5.64  0.0008634359
5.65  0.0004704632
5.66  4.510468e-05
5.67  -0.0004835908
5.68  -0.001140169
5.69  -0.00170191
5.7  -0.002148627
5.71  -0.002625759
5.72  -0.002508276
5.73  -0.001476059
5.74  -0.000858593
5.75  -0.000366565
5.76  3.136631e-05
5.7700000000000005  0.0004454115
5.78  0.0005619578
5.79  0.0003368285
5.8  0.0003178702
5.8100000000000005  0.0002262947
5.82  -2.597681e-05
5.83  -0.0002508985
5.84  -0.000456368
5.8500000000000005  -0.0007472758
5.86  -0.001056792
5.87  -0.001299687
5.88  -0.00128337
5.89  -0.001284141
5.9  -0.001475347
5.91  -0.00179441
5.92  -0.002021759
5.93  -0.001963433
5.94  -0.001605774
5.95  -0.0002681027
5.96  0.001717346
5.97  0.002937388
5.98  0.003799041
5.99  0.004964938
6.0  0.005077273
6.01  0.004041262
6.0200000000000005  0.003684331
6.03  0.002823575
6.04  0.001749492
6.05  0.0008833055
6.0600000000000005  -0.0003674494
6.07  -0.001617269
6.08  -0.002639221
6.09  -0.003720066
6.1000000000000005  -0.004053956
6.11  -0.002236172
6.12  -0.0009034302
6.13  0.0002407072
6.140000000000001  0.001836711
6.15  0.002192337
6.16  0.001943759
6.17  0.002220843
6.18  0.002056725
6.19  0.001802274
6.2  0.001447102
6.21  0.0007986355
6.22  0.000159265
6.23  -0.0006574668
6.24  -0.0008959402
6.25  -0.0005130752
6.26  -0.000562672
6.2700000000000005  -0.0006609871
6.28  -0.0006221797
6.29  -0.0006214962
6.3  -0.0006288806
6.3100000000000005  -0.0006213387
6.32  -0.0006155381
6.33  -0.0005365296
6.34  -0.0003737392
6.3500000000000005  -0.0002616165
6.36  -0.0001429161
6.37  -2.24554e-05
6.38  8.874616e-05
6.390000000000001  0.0001325927
6.4  0.0001223488
6.41  0.0001493896
6.42  0.0001258845
6.43  -0.0002612442
6.44  -0.0007395103
6.45  -0.001005791
6.46  -0.0006082093
6.47  -0.0001419549
6.48  9.627573e-05
6.49  0.0003180025
6.5  0.0005578634
6.51  0.0007740588
6.5200000000000005  0.0008417197
6.53  0.0008191564
6.54  0.000882195
6.55  0.001019267
6.5600000000000005  0.001133796
6.57  0.001244677
6.58  0.001380643
6.59  0.001507676
6.6000000000000005  0.001422404
6.61  -0.0001956016
6.62  -0.001675521
6.63  -0.002304766
6.640000000000001  -0.003291735
6.65  -0.003876964
6.66  -0.002959374
6.67  -0.002374627
6.68  -0.001469515
6.69  1.961371e-05
6.7  0.0007628059
6.71  0.00109966
6.72  0.001776969
6.73  0.002143095
6.74  0.002456413
6.75  0.002917527
6.76  0.003483104
6.7700000000000005  0.003983609
6.78  0.004131388
6.79  0.004273434
6.8  0.004006597
6.8100000000000005  0.00162998
6.82  -0.0004692953
6.83  -0.001008198
6.84  -0.0007099782
6.8500000000000005  -0.0008585904
6.86  -0.0002546845
6.87  0.0003582173
6.88  0.0006304729
6.890000000000001  -0.0004483325
6.9  -0.001701408
6.91  -0.002058801
6.92  -0.001406415
6.93  -0.001048592
6.94  -0.000648653
6.95  4.560855e-05
6.96  0.0006093972
6.97  0.0005323641
6.98  -0.0007191545
6.99  -0.001653131
7.0  -0.003046219
7.01  -0.004692286
7.0200000000000005  -0.004971364
7.03  -0.00369731
7.04  -0.003212162
7.05  -0.002412108
7.0600000000000005  -0.0009622416
7.07  0.0001203832
7.08  0.000561627
7.09  0.001069128
7.1000000000000005  0.001176818
7.11  0.0003694836
7.12  -6.674999e-05
7.13  -7.825741e-05
7.140000000000001  0.0002364698
7.15  0.0003799164
7.16  0.0006482624
7.17  0.0008667285
7.18  -3.502124e-05
7.19  -0.001224072
7.2  -0.001766266
7.21  -0.001516396
7.22  -0.001439567
7.23  -0.001210373
7.24  -0.000502494
7.25  -1.693026e-05
7.26  0.0004382274
7.2700000000000005  0.0006081166
7.28  0.0007428202
7.29  0.001088662
7.3  0.001688911
7.3100000000000005  0.002219589
7.32  0.00274143
7.33  0.003310543
7.34  0.003096503
7.3500000000000005  0.001430325
7.36  0.0003062575
7.37  -9.566425e-05
7.38  -0.0004706582
7.390000000000001  -0.001008953
7.4  -0.001159485
7.41  -0.001093841
7.42  -0.001174678
7.43  -0.0008937205
7.44  -0.0005856231
7.45  -0.000440878
7.46  -0.0006193468
7.47  -0.0007744918
7.48  -0.0007397056
7.49  -0.0007366195
7.5  -0.0007715237
7.51  -0.0007234
7.5200000000000005  0.0001135591
7.53  0.001559691
7.54  0.002247436
7.55  0.00178169
7.5600000000000005  0.001608712
7.57  0.001530745
7.58  0.001148851
7.59  0.0009738419
7.6000000000000005  0.0008597554
7.61  0.0009552948
7.62  0.001185061
7.63  0.001411427
7.640000000000001  0.001771975
7.65  0.002124446
7.66  0.00250315
7.67  0.0027047
7.68  0.002634803
7.69  0.002691313
7.7  0.00252968
7.71  0.0003358985
7.72  -0.002355436
7.73  -0.003553287
7.74  -0.004643695
7.75  -0.006229324
7.76  -0.006483844
7.7700000000000005  -0.00531902
7.78  -0.004896389
7.79  -0.004025334
7.8  -0.002715163
7.8100000000000005  -0.001712912
7.82  -0.0005160248
7.83  0.0007843377
7.84  0.001791564
7.8500000000000005  0.002480566
7.86  0.003154767
7.87  0.003403408
7.88  0.00366541
7.890000000000001  0.003656898
7.9  0.002618859
7.91  0.001809952
7.92  0.0008753901
7.930000000000001  -0.001220693
7.94  -0.002917383
7.95  -0.002420082
7.96  -0.001622214
7.97  -0.001462846
7.98  -0.0008783933
7.99  -0.0008458684
8.0  -0.0009115912
8.01  -0.0007935829
8.02  -0.00082432
8.03  -0.0008487254
8.040000000000001  -0.0008302551
8.05  -0.0008389361
8.06  -0.000892832
8.07  -0.001031396
8.08  -0.00114464
8.09  -0.001297666
8.1  -0.001769788
8.11  -0.002217286
8.120000000000001  -0.002254122
8.13  -0.001987077
8.14  -0.001725595
8.15  -0.0004956652
8.16  0.0006819843
8.17  0.001571718
8.18  0.002030659
8.19  0.002479318
8.2  0.003024431
8.21  0.002979028
8.22  0.002296002
8.23  0.001943977
8.24  0.0007250932
8.25  -0.00166214
8.26  -0.002494715
8.27  -0.003300566
8.28  -0.003611296
8.290000000000001  -0.002700788
8.3  -0.002164877
8.31  -0.001086965
8.32  8.027428e-05
8.33  0.00075675
8.34  0.0010682
8.35  0.001595299
8.36  0.001809527
8.370000000000001  0.001675653
8.38  0.001794045
8.39  0.001858801
8.4  0.001256127
8.41  0.0002619023
8.42  -0.0003636166
8.43  -0.0006872241
8.44  -0.001035772
8.45  -0.0005443768
8.46  0.001328624
8.47  0.002012669
8.48  0.001668824
8.49  0.001996613
8.5  0.001075145
8.51  -0.001320053
8.52  -0.002709267
8.53  -0.004102008
8.540000000000001  -0.004763038
8.55  -0.002315749
8.56  -0.0004988551
8.57  0.001000018
8.58  0.003198944
8.59  0.003877948
8.6  0.003460016
8.61  0.003902523
8.620000000000001  0.004001958
8.63  0.003901165
8.64  0.004121529
8.65  0.004280495
8.66  0.004370467
8.67  0.004253349
8.68  0.0039057
8.69  0.003657824
8.700000000000001  0.003196569
8.71  0.002713037
8.72  0.002480818
8.73  0.002408283
8.74  0.001242812
8.75  -0.002467165
8.76  -0.004960379
8.77  -0.006108143
8.78  -0.007996813
8.790000000000001  -0.00731887
8.8  -0.00605573
8.81  -0.005640513
8.82  -0.004241053
8.83  -0.0027745
8.84  -0.001714749
8.85  -0.001459484
8.86  -0.001497652
8.870000000000001  -0.001271499
8.88  -0.001289353
8.89  -0.0007900241
8.9  0.001229631
8.91  0.002882929
8.92  0.004372527
8.93  0.006126691
8.94  0.007689082
8.950000000000001  0.008565666
8.96  0.008492146
8.97  0.006569091
8.98  0.005107622
8.99  0.00353869
9.0  0.001523635
9.01  -0.0002559013
9.02  -0.001822868
9.03  -0.00334987
9.040000000000001  -0.00474788
9.05  -0.004572091
9.06  -0.004232363
9.07  -0.004334604
9.08  -0.003768305
9.09  -0.002839196
9.1  -0.0022447
9.11  -0.002025472
9.120000000000001  -0.001867092
9.13  -0.001646606
9.14  -0.001619314
9.15  -0.001729961
9.16  -0.001889235
9.17  -0.002188541
9.18  -0.00299127
9.19  -0.003695141
9.200000000000001  -0.0043444
9.21  -0.004267198
9.22  -0.002917477
9.23  -0.002118978
9.24  -0.001633214
9.25  -0.001624247
9.26  -0.0008743711
9.27  0.0003850574
9.28  0.001170277
9.290000000000001  0.002199339
9.3  0.003136422
9.31  0.002556158
9.32  0.001572792
9.33  -0.0004846943
9.34  -0.001914909
9.35  -0.001239537
9.36  -0.001032693
9.370000000000001  -2.4634e-05
9.38  0.001368358
9.39  0.001831134
9.4  0.00203265
9.41  0.003011049
9.42  0.004913213
9.43  0.006507755
9.44  0.007882065
9.450000000000001  0.00893502
9.46  0.01001225
9.47  0.009827691
9.48  0.008090096
9.49  0.007242112
9.5  0.005560164
9.51  0.003137328
9.52  0.001268065
9.53  -0.0005618057
9.540000000000001  -0.002356458
9.55  -0.004143921
9.56  -0.005678253
9.57  -0.006577764
9.58  -0.007625076
9.59  -0.00775038
9.6  -0.00630089
9.61  -0.005555185
9.620000000000001  -0.004693697
9.63  -0.003485066
9.64  -0.002492143
9.65  -0.001604264
9.66  -0.0006517288
9.67  0.0001401695
9.68  0.0006898691
9.69  0.001164127
9.700000000000001  -0.0003138448
9.71  -0.002397434
9.72  -0.003342208
9.73  -0.004163858
9.74  -0.00534197
9.75  -0.006008227
9.76  -0.004648458
9.77  -0.003480179
9.78  -0.00270565
9.790000000000001  -0.001395142
9.8  -0.0005913219
9.81  -0.0009700067
9.82  -0.001012358
9.83  -0.0009849036
9.84  -0.001198981
9.85  -0.000281443
9.86  0.001463808
9.870000000000001  0.002597731
9.88  0.003903757
9.89  0.004379769
9.9  0.004341368
9.91  0.003949656
9.92  0.003115411
9.93  0.002520479
9.94  0.002365231
9.950000000000001  0.002416581
9.96  0.002392479
9.97  0.002749033
9.98  0.003081026
9.99  0.003618063
10.0  0.004644986
10.01  0.005467386
10.02  0.005553226
10.03  0.004279168
10.040000000000001  0.003434815
10.05  0.002494462
10.06  0.0003672952
10.07  -0.001705718
10.08  -0.003518052
10.09  -0.004986725
10.1  -0.004732797
10.11  -0.004793874
10.120000000000001  -0.005069758
10.13  -0.00494247
10.14  -0.004801739
10.15  -0.003787867
10.16  -0.002787841
10.17  -0.002274319
10.18  -0.001724406
10.19  -0.001738498
10.200000000000001  -0.001741889
10.21  -0.00159624
10.22  -0.001442328
10.23  -7.403029e-05
10.24  0.001456403
10.25  0.00201378
10.26  0.001997581
10.27  0.002384996
10.28  0.002535161
10.290000000000001  0.002422418
10.3  0.002477723
10.31  0.002546934
10.32  0.002552281
10.33  0.002550488
10.34  0.002549835
10.35  0.002411062
10.36  0.002003481
10.370000000000001  0.002174519
10.38  0.003294398
10.39  0.004036537
10.4  0.004801111
10.41  0.005034982
10.42  0.003694632
10.43  0.002834077
10.44  0.001691633
10.450000000000001  -0.0006940313
10.46  -0.002725046
10.47  -0.003238885
10.48  -0.001970581
10.49  -0.00154789
10.5  -0.001423334
10.51  -0.0029876
10.52  -0.004525616
10.53  -0.004821563
10.540000000000001  -0.004583946
10.55  -0.004793455
10.56  -0.004113585
10.57  -0.004132582
10.58  -0.006548351
10.59  -0.008281929
10.6  -0.009822925
10.61  -0.01181279
10.620000000000001  -0.01119835
10.63  -0.008647067
10.64  -0.007487904
10.65  -0.00528659
10.66  -0.002393132
10.67  -0.0001011277
10.68  0.002197745
10.69  0.003185867
10.700000000000001  0.004117517
10.71  0.004737942
10.72  0.003215372
10.73  0.002135537
10.74  0.001299484
10.75  0.0009107973
10.76  0.003242463
10.77  0.005036488
10.78  0.005856048
10.790000000000001  0.006820815
10.8  0.007632836
10.81  0.005878572
10.82  0.004261214
10.83  0.003364838
10.84  0.003142982
10.85  0.002997098
10.86  0.001155634
10.870000000000001  -0.0005623761
10.88  -0.0009160216
10.89  -0.000975135
10.9  -0.001312384
10.91  -0.001000638
10.92  -0.0003742447
10.93  -0.0001488295
10.94  0.0006955565
10.950000000000001  0.001064503
10.96  -0.0003899164
10.97  0.001009789
10.98  0.003664282
10.99  0.004655765
11.0  0.005942586
11.01  0.007575618
11.02  0.009254669
11.03  0.009834945
11.040000000000001  0.008239288
11.05  0.00707357
11.06  0.004822977
11.07  0.00346238
11.08  0.001414168
11.09  -0.0003144595
11.1  -0.0007660308
11.11  -0.002396645
11.120000000000001  -0.002851271
11.13  -0.002940435
11.14  -0.004132326
11.15  -0.004992904
11.16  -0.004308354
11.17  -0.003802284
11.18  -0.001834958
11.19  -0.0001033794
11.200000000000001  -0.0002138361
11.21  0.0006095816
11.22  0.001737701
11.23  0.001581497
11.24  0.001145884
11.25  -0.0001936734
11.26  -0.002007299
11.27  -0.003862667
11.28  -0.005855016
11.290000000000001  -0.008195862
11.3  -0.008810273
11.31  -0.006715054
11.32  -0.004156752
11.33  -0.002432305
11.34  0.0003026781
11.35  0.003604907
11.36  0.005936416
11.370000000000001  0.005757113
11.38  0.004916252
11.39  0.003730603
11.4  0.002354605
11.41  0.001477914
11.42  0.0006473484
11.43  -3.057372e-05
11.44  -0.001376637
11.450000000000001  -0.003568623
11.46  -0.005606662
11.47  -0.006693248
11.48  -0.007715523
11.49  -0.008042629
11.5  -0.005900831
11.51  -0.003968495
11.52  -0.001299435
11.53  0.001549408
11.540000000000001  0.003012305
11.55  0.003758979
11.56  0.00214709
11.57  0.001359417
11.58  5.197734e-06
11.59  -0.002066884
11.6  -0.003018659
11.61  -0.003139142
11.620000000000001  -0.005336545
11.63  -0.005861491
11.64  -0.006250385
11.65  -0.00616298
11.66  -0.003784392
11.67  -0.0009869846
11.68  0.0006756409
11.69  0.002579127
11.700000000000001  0.00416744
11.71  0.005489461
11.72  0.006862989
11.73  0.007752118
11.74  0.008562894
11.75  0.00945918
11.76  0.009929897
11.77  0.009245715
11.78  0.008523635
11.790000000000001  0.007849152
11.8  0.007007964
11.81  0.006384937
11.82  0.005955538
11.83  0.004393511
11.84  0.001968059
11.85  -0.0003483405
11.86  -0.003519864
11.870000000000001  -0.006386996
11.88  -0.009292369
11.89  -0.01324951
11.9  -0.01550812
11.91  -0.01121151
11.92  -0.008567981
11.93  -0.006796747
11.94  -0.002437061
11.950000000000001  -0.0005237561
11.96  -0.0007050332
11.97  0.0007870739
11.98  0.001419916
11.99  0.000998538
12.0  0.0005843676
12.01  3.620494e-05
12.02  -0.0008135534
12.030000000000001  -0.0003907702
12.040000000000001  0.001101927
12.05  0.002025299
12.06  0.002312156
12.07  0.002510708
12.08  0.002715953
12.09  0.002806781
12.1  0.003015928
12.11  0.002963566
12.120000000000001  0.003102828
12.13  0.00401197
12.14  0.004576277
12.15  0.002702276
12.16  0.0006857092
12.17  -0.0002889788
12.18  -0.002780063
12.19  -0.004307066
12.200000000000001  -0.005393705
12.21  -0.007029689
12.22  -0.006990828
12.23  -0.007660019
12.24  -0.007893731
12.25  -0.007457241
12.26  -0.006844387
12.27  -0.005374054
12.280000000000001  -0.00333588
12.290000000000001  -0.001493053
12.3  0.0001620852
12.31  0.001746702
12.32  0.003693315
12.33  0.005195706
12.34  0.007402477
12.35  0.01031313
12.36  0.0124631
12.370000000000001  0.01247127
12.38  0.01000763
12.39  0.00752787
12.4  0.003938174
12.41  -0.0003718439
12.42  -0.002286435
12.43  -0.005255436
12.44  -0.00618418
12.450000000000001  -0.005944338
12.46  -0.006308703
12.47  -0.006417962
12.48  -0.006342089
12.49  -0.006838412
12.5  -0.007318074
12.51  -0.004159349
12.52  -0.002030032
12.530000000000001  0.0001622247
12.540000000000001  0.003200219
12.55  0.004193157
12.56  0.004138769
12.57  0.004174465
12.58  0.004391519
12.59  0.004754446
12.6  0.005538457
12.61  0.006134595
12.620000000000001  0.005641084
12.63  0.005252811
12.64  0.004954149
12.65  0.004595054
12.66  0.004229817
12.67  0.003640921
12.68  0.002995031
12.69  0.002013247
12.700000000000001  0.0002757582
12.71  -0.003190968
12.72  -0.004220475
12.73  -0.005359392
12.74  -0.006036579
12.75  -0.005488644
12.76  -0.004329297
12.77  -0.003406396
12.780000000000001  -0.002694591
12.790000000000001  -0.002217876
12.8  -0.001697441
12.81  -0.001140808
12.82  -0.000243615
12.83  0.00134423
12.84  0.002091493
12.85  0.002792892
12.86  0.003546348
12.870000000000001  0.003828508
12.88  0.003088675
12.89  0.003005269
12.9  0.004567538
12.91  0.006509884
12.92  0.00651938
12.93  0.005660028
12.94  0.003655903
12.950000000000001  0.0002987331
12.96  -0.001406891
12.97  -0.003826378
12.98  -0.00720283
12.99  -0.007761161
13.0  -0.008771332
13.01  -0.009419561
13.02  -0.008818045
13.030000000000001  -0.008351984
13.040000000000001  -0.007335801
13.05  -0.006189132
13.06  -0.005850852
13.07  -0.00475832
13.08  -0.001037515
13.09  -0.0004342987
13.1  -0.0003015509
13.11  0.002704628
13.120000000000001  0.003736996
13.13  0.003256885
13.14  0.004213281
13.15  0.004256458
13.16  0.003428685
13.17  0.002299762
13.18  0.001047485
13.19  0.0002836031
13.200000000000001  0.0004604938
13.21  0.0003093494
13.22  -5.323594e-05
13.23  -0.001180435
13.24  -0.003270522
13.25  -0.00396501
13.26  -0.002888944
13.27  -0.003512371
13.280000000000001  -0.003301732
13.290000000000001  -0.002279065
13.3  -0.0002591295
13.31  0.001195465
13.32  0.001683298
13.33  0.003324276
13.34  0.003832765
13.35  0.002398518
13.36  0.001265114
13.370000000000001  -4.967214e-05
13.38  -0.0008487042
13.39  -0.0009297968
13.4  -0.0001372545
13.41  0.0002858122
13.42  0.001230652
13.43  0.002173834
13.44  0.00268531
13.450000000000001  0.003212114
13.46  0.003172872
13.47  0.003166168
13.48  0.003316834
13.49  0.003920166
13.5  0.004577715
13.51  0.003559136
13.52  0.001913362
13.530000000000001  0.0004817221
13.540000000000001  0.0007320967
13.55  0.001878991
13.56  0.002664664
13.57  0.004510877
13.58  0.005262583
13.59  0.003732026
13.6  0.002772102
13.61  0.00167687
13.620000000000001  -0.0005719441
13.63  -0.001696874
13.64  -0.001726586
13.65  -0.002490721
13.66  -0.002810146
13.67  -0.003228397
13.68  -0.004191406
13.69  -0.005266956
13.700000000000001  -0.006487881
13.71  -0.007385854
13.72  -0.006561828
13.73  -0.005996533
13.74  -0.004291376
13.75  -0.001809736
13.76  -0.000195348
13.77  0.00135022
13.780000000000001  0.002328583
13.790000000000001  0.002908925
13.8  0.003300222
13.81  0.003294453
13.82  0.003093028
13.83  0.002992074
13.84  0.002485588
13.85  0.001970452
13.86  0.00134265
13.870000000000001  0.0003661595
13.88  -0.0005218345
13.89  -0.0016325
13.9  -0.002326679
13.91  -0.002791832
13.92  -0.003003039
13.93  -0.002924831
13.94  -0.002858583
13.950000000000001  -0.002546277
13.96  -0.002391939
13.97  -0.002342267
13.98  -0.002330181
13.99  -0.00214744
14.0  -0.001971254
14.01  -0.001643802
14.02  -0.001039697
14.030000000000001  -0.0007383377
14.040000000000001  -0.0006350579
14.05  -0.0002710591
14.06  0.0002254994
14.07  0.0005487837
14.08  0.0008408598
14.09  0.001531962
14.1  0.002556894
14.11  0.003118005
14.120000000000001  0.003487097
14.13  0.003628205
14.14  0.003861602
14.15  0.004055347
14.16  0.004880733
14.17  0.00508497
14.18  0.002430167
14.19  0.001247553
14.200000000000001  0.002019982
14.21  0.00250002
14.22  0.003032006
14.23  0.003063371
14.24  0.00312624
14.25  0.003579624
14.26  0.003337445
14.27  0.002069909
14.280000000000001  0.002302305
14.290000000000001  0.003188909
14.3  0.003047621
14.31  0.003260046
14.32  0.003221439
14.33  0.002330766
14.34  0.001469082
14.35  0.0009863467
14.36  -5.124021e-05
14.370000000000001  -0.0002916801
14.38  0.0001939712
14.39  0.0004155889
14.4  0.0003363662
14.41  5.17008e-06
14.42  -0.0008780082
14.43  -0.001194078
14.44  -0.001714781
14.450000000000001  -0.002948212
14.46  -0.004070689
14.47  -0.005023376
14.48  -0.005841965
14.49  -0.006626811
14.5  -0.006450748
14.51  -0.004643963
14.52  -0.002802587
14.530000000000001  -0.00240555
14.540000000000001  -0.001493226
14.55  0.0001677882
14.56  0.001015847
14.57  0.001130234
14.58  0.001714724
14.59  0.002279764
14.6  0.001847854
14.61  0.0004841311
14.620000000000001  -0.001702361
14.63  -0.003950531
14.64  -0.004950753
14.65  -0.005316365
14.66  -0.005797171
14.67  -0.006300184
14.68  -0.006708162
14.69  -0.007488547
14.700000000000001  -0.008055637
14.71  -0.008065936
14.72  -0.007410087
14.73  -0.00595778
14.74  -0.004357638
14.75  -0.002237976
14.76  -0.001209392
14.77  -0.0006688785
14.780000000000001  1.305434e-05
14.790000000000001  0.0003032665
14.8  0.001425175
14.81  0.002616536
14.82  0.003090476
14.83  0.003571964
14.84  0.004012759
14.85  0.00432708
14.86  0.00459298
14.870000000000001  0.005129703
14.88  0.005822258
14.89  0.004978449
14.9  0.004297229
14.91  0.004368665
14.92  0.003755578
14.93  0.002331047
14.94  -1.837958e-05
14.950000000000001  -0.0008229135
14.96  -0.002006848
14.97  -0.003761658
14.98  -0.004911158
14.99  -0.00579246
15.0  -0.00618696
15.01  -0.005041569
15.02  -0.001772999
15.030000000000001  -0.0002003088
15.040000000000001  -0.0006055881
15.05  0.0007538213
15.06  0.002318168
15.07  0.0026361
15.08  0.00317484
15.09  0.003819408
15.1  0.004051435
15.11  0.004003344
15.120000000000001  0.004095489
15.13  0.004478963
15.14  0.00467125
15.15  0.004781972
15.16  0.004859326
15.17  0.004838554
15.18  0.00485335
15.19  0.004793737
15.200000000000001  0.003447549
15.21  0.0006203115
15.22  -0.0001355524
15.23  -0.001562439
15.24  -0.003620066
15.25  -0.004394342
15.26  -0.005187959
15.27  -0.005908209
15.280000000000001  -0.005957602
15.290000000000001  -0.006073438
15.3  -0.006045214
15.31  -0.005541633
15.32  -0.003793618
15.33  -0.0001570658
15.34  0.001769024
15.35  0.002823615
15.36  0.004256643
15.370000000000001  0.004450118
15.38  0.004246094
15.39  0.004449258
15.4  0.004381715
15.41  0.004293424
15.42  0.004301414
15.43  0.004229059
15.44  0.003960058
15.450000000000001  0.003746652
15.46  0.003569482
15.47  0.003253694
15.48  0.001566268
15.49  -0.001476237
15.5  -0.002087826
15.51  -0.002983812
15.52  -0.004738203
15.530000000000001  -0.005099763
15.540000000000001  -0.005586833
15.55  -0.006188772
15.56  -0.005190679
15.57  -0.003660086
15.58  -0.003349036
15.59  -0.00264195
15.6  -0.001805797
15.610000000000001  -0.001289771
15.620000000000001  -0.0005572106
15.63  0.0001970029
15.64  0.0007600956
15.65  0.001343906
15.66  0.001959576
15.67  0.002508876
15.68  0.003158079
15.69  0.004057613
15.700000000000001  0.004703152
15.71  0.004969152
15.72  0.005368365
15.73  0.005547809
15.74  0.00559007
15.75  0.005100811
15.76  0.003938622
15.77  0.002278371
15.780000000000001  0.0003372936
15.790000000000001  -0.001106569
15.8  -0.0009585901
15.81  -0.001693875
15.82  -0.0009627405
15.83  -0.0001747224
15.84  -0.0003087619
15.85  0.0001674313
15.860000000000001  0.0009034238
15.870000000000001  0.001745333
15.88  0.0002791369
15.89  0.0002285087
15.9  0.0004533985
15.91  -7.277712e-05
15.92  -0.0002127257
15.93  -0.0001545479
15.94  -0.000171646
15.950000000000001  -0.0001823591
15.96  -0.0001518788
15.97  -0.0005525262
15.98  -0.001700315
15.99  -0.001917081
16.0  -0.001960155
16.01  -0.002433119
16.02  -0.002084155
16.03  -0.001533877
16.04  -0.001302839
16.05  -0.001008343
16.06  -0.0004901033
16.07  0.0009658586
16.080000000000002  0.002260668
16.09  0.002925867
16.1  0.003218385
16.11  0.002710412
16.12  0.001535287
16.13  0.0008319645
16.14  0.0003696069
16.15  -0.0007152555
16.16  -0.001695991
16.17  -0.002661381
16.18  -0.004097167
16.19  -0.005322273
16.2  -0.005831456
16.21  -0.006256037
16.22  -0.007140068
16.23  -0.007462595
16.240000000000002  -0.007479203
16.25  -0.00720769
16.26  -0.006587645
16.27  -0.005700295
16.28  -0.0039326
16.29  -0.001559128
16.3  0.0007211086
16.31  0.002817124
16.32  0.00335538
16.330000000000002  0.004024564
16.34  0.004408318
16.35  0.004375845
16.36  0.003210876
16.37  0.00171403
16.38  0.001054528
16.39  -3.583335e-05
16.4  -0.001358909
16.41  -0.002497644
16.42  -0.003893591
16.43  -0.00255625
16.44  -0.00103361
16.45  -0.001377226
16.46  -0.001029197
16.47  -0.0003827669
16.48  -0.0001384005
16.490000000000002  -0.0002684442
16.5  0.0001751394
16.51  0.0007819648
16.52  0.0008036065
16.53  0.0009758644
16.54  0.001150312
16.55  0.0008281566
16.56  -0.0005052878
16.57  -0.001987501
16.580000000000002  -0.002277374
16.59  -0.0003482125
16.6  0.001043829
16.61  0.002234888
16.62  0.003842177
16.63  0.00420069
16.64  0.003661476
16.65  0.004046061
16.66  0.004207851
16.67  0.004301975
16.68  0.004540936
16.69  0.004535367
16.7  0.004360396
16.71  0.003549043
16.72  0.002540429
16.73  0.0007820511
16.740000000000002  -0.0005125848
16.75  -0.001637263
16.76  -0.003797782
16.77  -0.004457072
16.78  -0.004242743
16.79  -0.003569087
16.8  -0.002998233
16.81  -0.00193337
16.82  -0.0008797471
16.830000000000002  -0.0005224181
16.84  -0.0002202158
16.85  0.0002731006
16.86  0.0008151947
16.87  0.00188992
16.88  0.001948968
16.89  0.001483482
16.9  0.001797659
16.91  0.001759817
16.92  0.001302598
16.93  0.001075802
16.94  0.001008925
16.95  0.001041171
16.96  0.001210468
16.97  0.001126165
16.98  0.0001566368
16.990000000000002  -0.0004509337
17.0  -0.0009332777
17.01  -0.001333214
17.02  -0.001169054
17.03  0.0003194869
17.04  0.0007807589
17.05  0.00122075
17.06  0.002200562
17.07  0.002233964
17.080000000000002  0.001556013
17.09  0.001550045
17.1  0.001487425
17.11  0.001194024
17.12  0.001070959
17.13  0.0009398603
17.14  0.0006662654
17.150000000000002  0.0005196805
17.16  0.0007532536
17.17  0.0008454308
17.18  0.000906445
17.19  0.001000679
17.2  0.001034452
17.21  0.001030103
17.22  0.001049686
17.23  0.001058075
17.240000000000002  0.0008669582
17.25  -0.001277947
17.26  -0.003895865
17.27  -0.004977263
17.28  -0.006199567
17.29  -0.006572074
17.3  -0.007057559
17.31  -0.00779601
17.32  -0.007393612
17.330000000000002  -0.007088847
17.34  -0.005621416
17.35  -0.003721262
17.36  -0.001462208
17.37  0.001270613
17.38  0.002637566
17.39  0.002297093
17.400000000000002  0.002846001
17.41  0.003208961
17.42  0.003192668
17.43  0.003497423
17.44  0.003900169
17.45  0.004322299
17.46  0.003868072
17.47  0.002860192
17.48  0.002180416
17.490000000000002  0.001358247
17.5  0.0006667754
17.51  0.0001748118
17.52  0.0004551373
17.53  0.001083525
17.54  0.001668693
17.55  0.002573959
17.56  0.00299125
17.57  0.002060607
17.580000000000002  0.001494137
17.59  0.00113389
17.6  0.0004470808
17.61  -0.0001995525
17.62  -0.0007725316
17.63  -0.001159623
17.64  -0.001286169
17.650000000000002  -0.001436059
17.66  -0.001577577
17.67  -0.001267139
17.68  -0.0007449089
17.69  -0.0001484135
17.7  0.0001985191
17.71  0.000381457
17.72  0.001210072
17.73  0.001515188
17.740000000000002  0.001468209
17.75  0.001744415
17.76  0.001402707
17.77  0.0002565204
17.78  -0.001309111
17.79  -0.002174833
17.8  -0.002388287
17.81  -0.002458633
17.82  -0.0025597
17.830000000000002  -0.002288586
17.84  -0.00167015
17.85  -0.0008555111
17.86  -0.0003692056
17.87  -0.0004325192
17.88  -0.001156189
17.89  -0.001706022
17.900000000000002  -0.002316465
17.91  -0.00198809
17.92  -0.001637239
17.93  -0.001439455
17.94  -0.0005689006
17.95  0.0002670403
17.96  0.0005068262
17.97  -3.472185e-05
17.98  -0.0008144876
17.990000000000002  -0.0008084227
18.0  -0.0006992933
18.01  -0.0006092451
18.02  -0.0006784833
18.03  -0.001192908
18.04  -0.001544352
18.05  -0.002070618
18.06  -0.002290949
18.07  -0.002407303
18.080000000000002  -0.001847345
18.09  -0.001410055
18.1  -0.001570858
18.11  -0.001028471
18.12  -0.0004361701
18.13  -0.0001289447
18.14  0.000210192
18.150000000000002  0.0005877456
18.16  0.0009381997
18.17  0.001267523
18.18  0.001343247
18.19  0.001284843
18.2  0.001253265
18.21  0.000989493
18.22  0.001107499
18.23  0.00164781
18.240000000000002  0.001780929
18.25  0.001688278
18.26  0.001571715
18.27  0.0009197776
18.28  0.0004959504
18.29  0.0006454756
18.3  0.0008024684
18.31  0.001220514
18.32  0.001493285
18.330000000000002  0.001581374
18.34  0.001664214
18.35  0.001033179
18.36  2.466507e-05
18.37  -0.0008066339
18.38  -0.001078852
18.39  -0.001213547
18.400000000000002  -0.001178797
18.41  -0.0007049198
18.42  -0.0004145353
18.43  -0.0001578929
18.44  6.8265e-05
18.45  0.0001195908
18.46  0.0001052973
18.47  0.0003354756
18.48  0.0005034368
18.490000000000002  0.0004979552
18.5  0.0006178912
18.51  0.001360997
18.52  0.002096743
18.53  0.002461512
18.54  0.003190581
18.55  0.004274917
18.56  0.00388109
18.57  0.002857381
18.580000000000002  0.00158304
18.59  0.0005617838
18.6  9.452821e-05
18.61  5.28535e-05
18.62  0.0004233162
18.63  0.000719051
18.64  0.0005371908
18.650000000000002  0.0005335656
18.66  0.0005969587
18.67  0.0005488621
18.68  0.0006450734
18.69  0.0008149104
18.7  0.0008986847
18.71  0.001006484
18.72  0.001085156
18.73  0.001048308
18.740000000000002  0.001015668
18.75  0.0007285647
18.76  0.0005497901
18.77  0.0005496958
18.78  5.808363e-05
18.79  -0.0004926976
18.8  -0.001083593
18.81  -0.002117108
18.82  -0.002488796
18.830000000000002  -0.002848129
18.84  -0.00368587
18.85  -0.004435762
18.86  -0.004405587
18.87  -0.004201495
18.88  -0.003877376
18.89  -0.003315116
18.900000000000002  -0.002982331
18.91  -0.002619562
18.92  -0.002047337
18.93  -0.001270612
18.94  -0.0005737914
18.95  4.132571e-05
18.96  0.0003203058
18.97  0.0006248449
18.98  0.0011639
18.990000000000002  0.001842804
19.0  0.002516412
19.01  0.003166041
19.02  0.002376225
19.03  0.0007380104
19.04  7.880484e-06
19.05  -0.002575654
19.06  -0.0008125538
19.07  -9.492049e-05
19.080000000000002  -0.000781175
19.09  -3.958567e-05
19.1  0.0002016077
19.11  0.0001404749
19.12  7.220694e-05
19.13  -0.0001311055
19.14  -0.0002477911
19.150000000000002  -0.0002328597
19.16  -0.0002838898
19.17  -0.0005446753
19.18  -0.000758433
19.19  -0.0009405351
19.2  -0.001095972
19.21  -0.001071814
19.22  -0.001061419
19.23  -0.0007961122
19.240000000000002  -0.0004615686
19.25  -0.0002861998
19.26  -0.0001785199
19.27  5.093786e-05
19.28  0.0007880843
19.29  0.001494424
19.3  0.002317016
19.31  0.003032236
19.32  0.003211719
19.330000000000002  0.003427596
19.34  0.003418792
19.35  0.003186114
19.36  0.002500899
19.37  0.001926851
19.38  0.001313008
19.39  0.0005646437
19.400000000000002  -0.0001750502
19.41  -0.000935824
19.42  -0.001545131
19.43  -0.002192253
19.44  -0.002859906
19.45  -0.003487579
19.46  -0.00377201
19.47  -0.003374666
19.48  -0.003198877
19.490000000000002  -0.003132588
19.5  -0.003107482
19.51  -0.003085863
19.52  -0.003071146
19.53  -0.002766881
19.54  -0.001926863
19.55  -0.001953813
19.56  -0.001723557
19.57  -0.001259431
19.580000000000002  -0.0008035928
19.59  -0.0005225166
19.6  -0.0003713786
19.61  0.0001066364
19.62  0.0006947387
19.63  0.001000786
19.64  0.001118293
19.650000000000002  0.001253071
19.66  0.001248143
19.67  0.00146257
19.68  0.001916608
19.69  0.002200069
19.7  0.002448068
19.71  0.002154445
19.72  0.001528272
19.73  0.001289004
19.740000000000002  0.001022744
19.75  -0.0001860983
19.76  -0.001107824
19.77  -0.0008943081
19.78  -0.001086326
19.79  -0.0003773639
19.8  0.0001348596
19.81  -0.0001868725
19.82  7.925708e-05
19.830000000000002  0.0005355556
19.84  0.0008267545
19.85  0.001544391
19.86  0.002360443
19.87  0.002687646
19.88  0.003170874
19.89  0.003317149
19.900000000000002  0.003428909
19.91  0.003914776
19.92  0.004047248
19.93  0.003903582
19.94  0.003528253
19.95  0.003059159
19.96  0.00257353
19.97  0.002117867
19.98  0.001587319
19.990000000000002  0.0008742288
20.0  -0.0004947442
20.01  -0.001515162
20.02  -0.0001978351
20.03  -3.154392e-05
20.04  0.0001594637
20.05  0.0008040978
20.06  0.0009480938
20.07  0.000979627
20.080000000000002  0.0009817718
20.09  0.001107032
20.1  0.001321636
20.11  0.001224654
20.12  0.001199758
20.13  0.001516878
20.14  0.00138735
20.150000000000002  0.0007462819
20.16  0.0006451316
20.17  0.0007353576
20.18  0.0003635286
20.19  8.378388e-05
20.2  0.0001539445
20.21  0.0001110948
20.22  0.0001136569
20.23  0.000425407
20.240000000000002  -1.896322e-05
20.25  -0.001305068
20.26  -0.001806316
20.27  -0.002426884
20.28  -0.003168445
20.29  -0.002591037
20.3  -0.001976541
20.31  -0.001840818
20.32  -0.001872723
20.330000000000002  -0.002071925
20.34  -0.002041124
20.35  -0.00205822
20.36  -0.001952632
20.37  -0.001637006
20.38  -0.001492692
20.39  -0.001334373
20.400000000000002  -0.001288323
20.41  -0.001304809
20.42  -0.001268175
20.43  -0.001254863
20.44  -0.001105283
20.45  -0.0008590592
20.46  -0.0005388552
20.47  -9.748515e-05
20.48  0.0004854211
20.490000000000002  0.001040195
20.5  0.0003401942
20.51  -0.0003080695
20.52  -0.0005638623
20.53  -0.001284463
20.54  -0.001977424
20.55  -0.002181118
20.56  -0.002275706
20.57  -0.001768544
20.580000000000002  -0.001179805
20.59  -0.0004325292
20.6  0.000224851
20.61  -0.0008087756
20.62  -0.0009079453
20.63  -0.0006161915
20.64  -0.0008376559
20.650000000000002  -0.0008892589
20.66  -0.0008691046
20.67  -0.0009268259
20.68  -0.0009228261
20.69  -0.000917667
20.7  -0.0009304593
20.71  -0.0009289157
20.72  -0.0009292625
20.73  -0.0009335354
20.740000000000002  -0.0009351764
20.75  -0.0008428977
20.76  -0.0006329961
20.77  -0.000320699
20.78  8.405049e-05
20.79  0.0002438262
20.8  0.0003296333
20.81  0.0004146936
20.82  0.0002354801
20.830000000000002  -2.358198e-05
20.84  -0.0002258039
20.85  -0.0004485032
20.86  -0.0005862248
20.87  -0.0005701778
20.88  -0.0008201575
20.89  -0.00103966
20.900000000000002  -0.001003174
20.91  -0.001059975
20.92  -0.000917674
20.93  -0.0002812535
20.94  -0.0002585328
20.95  -0.0001910363
20.96  9.007809e-05
20.97  0.000226595
20.98  0.0005854161
20.990000000000002  0.001309322
21.0  0.001275638
21.01  0.001369455
21.02  0.001455654
21.03  0.001539245
21.04  0.001653865
21.05  0.001743946
21.06  0.003095694
21.07  0.003640028
21.080000000000002  0.002275407
21.09  0.002406998
21.1  0.002408241
21.11  0.001511449
21.12  0.0008374304
21.13  0.0007892613
21.14  0.0002027616
21.150000000000002  -0.0005061713
21.16  -0.0006308199
21.17  -0.0007192015
21.18  -0.0007812235
21.19  -0.0009384446
21.2  -0.00147385
21.21  -0.001653739
21.22  -0.00150039
21.23  -0.001625682
21.240000000000002  -0.00165694
21.25  -0.001614933
21.26  -0.001208609
21.27  0.0002373442
21.28  -8.168553e-05
21.29  -0.0007625468
21.3  3.351427e-05
21.31  0.0006470481
21.32  -7.19275e-05
21.330000000000002  -0.0004445992
21.34  0.001106754
21.35  0.00124667
21.36  0.001275274
21.37  0.002237673
21.38  0.00192163
21.39  0.002082634
21.400000000000002  0.002884311
21.41  0.002524188
21.42  0.001908575
21.43  0.001687415
21.44  0.001248951
21.45  0.001522542
21.46  0.001465739
21.47  0.0006997459
21.48  -1.248473e-05
21.490000000000002  -0.000346599
21.5  -0.0005753841
21.51  -0.0009206149
21.52  -0.001186069
21.53  -0.001450491
21.54  -0.001760336
21.55  -0.002113139
21.56  -0.002723412
21.57  -0.002767115
21.580000000000002  -0.002128707
21.59  -0.002042457
21.6  -0.001740316
21.61  -0.0007403292
21.62  -6.985109e-05
21.63  0.0002982873
21.64  0.0008932468
21.650000000000002  0.001288701
21.66  0.001624366
21.67  0.002072491
21.68  0.002231822
21.69  0.001412263
21.7  0.0009312687
21.71  0.0008612291
21.72  0.0004684458
21.73  0.00061436
21.740000000000002  0.0008432287
21.75  0.0003320099
21.76  -4.718408e-05
21.77  0.0001296646
21.78  9.789616e-05
21.79  1.036816e-05
21.8  0.0004178423
21.81  0.0008793567
21.82  0.000277062
21.830000000000002  -0.0002937721
21.84  -0.0003750614
21.85  -0.0002780456
21.86  -0.0009111534
21.87  -0.002012181
21.88  -0.001441805
21.89  -0.000925922
21.900000000000002  -0.001361615
21.91  -0.001133271
21.92  -0.0004544976
21.93  -0.0003930188
21.94  -0.0005028186
21.95  -0.0001754638
21.96  0.000154202
21.97  0.0005701748
21.98  0.0007469772
21.990000000000002  0.0005879848
22.0  0.0006518666
22.01  0.0006552334
22.02  0.0006541961
22.03  0.0008933393
22.04  0.0009612367
22.05  0.0009066183
22.06  0.0009586395
22.07  0.0009326569
22.080000000000002  0.0008964223
22.09  0.0009240772
22.1  0.0009401598
22.11  0.0009591501
22.12  0.001105729
22.13  0.001257474
22.14  0.001291278
22.150000000000002  0.001053241
22.16  0.0005873406
22.17  0.0001763691
22.18  -0.0003579582
22.19  -0.0006295081
22.2  -0.0005003708
22.21  -0.0005666053
22.22  -0.0006078893
22.23  -0.0007116966
22.240000000000002  -0.0009391424
22.25  -0.001477822
22.26  -0.002076191
22.27  -0.001416491
22.28  -0.0008908642
22.29  -0.0008364253
22.3  -0.0006610242
22.31  -0.0004139831
22.32  -0.0002259611
22.330000000000002  2.825463e-06
22.34  4.870829e-05
22.35  5.690352e-05
22.36  0.0003767849
22.37  0.0007680543
22.38  0.0009170403
22.39  0.0008916491
22.400000000000002  0.0009617937
22.41  0.001004315
22.42  0.001000597
22.43  0.001025062
22.44  0.001048736
22.45  0.001263264
22.46  0.001970937
22.47  0.001499924
22.48  0.001225266
22.490000000000002  0.0004980591
22.5  -0.0003391157
22.51  -1.161714e-05
22.52  0.0001817991
22.53  0.0003849343
22.54  0.0008819618
22.55  0.0002799919
22.56  -4.320902e-05
22.57  7.337554e-05
22.580000000000002  0.0003441387
22.59  0.0006393145
22.6  -0.0007659905
22.61  -0.002155578
22.62  -0.001220118
22.63  -0.0006587479
22.64  -0.0005281092
22.650000000000002  -0.0002196845
22.66  2.304626e-06
22.67  1.009718e-05
22.68  2.144682e-05
22.69  0.0001750261
22.7  0.0004590701
22.71  0.0004268098
22.72  0.0003853433
22.73  0.0007002027
22.740000000000002  0.0008445744
22.75  0.0007225932
22.76  0.000836216
22.77  0.001261991
22.78  0.001486051
22.79  0.001717863
22.8  0.001558414
22.81  0.0005981588
22.82  -0.0003445894
22.830000000000002  -0.001246333
22.84  -0.001947753
22.85  -0.00251851
22.86  -0.00244681
22.87  -0.00246036
22.88  -0.002559834
22.89  -0.002539347
22.900000000000002  -0.002585067
22.91  -0.002591877
22.92  -0.002560076
22.93  -0.002374736
22.94  -0.002120422
22.95  -0.002195072
22.96  -0.002111505
22.97  -0.001412335
22.98  -0.0008571724
22.990000000000002  -0.0006261549
23.0  -0.0004265258
23.01  -0.00012476
23.02  0.0005743374
23.03  0.0006029927
23.04  0.0004355934
23.05  0.0003283068
23.06  9.870777e-05
23.07  -3.325863e-05
23.080000000000002  -0.0002234192
23.09  -0.000521801
23.1  -0.00103953
23.11  -0.00143488
23.12  -0.00124924
23.13  -0.001177963
23.14  -0.0009643075
23.150000000000002  -0.0009685573
23.16  -0.0009946017
23.17  -0.0009345885
23.18  -0.000946431
23.19  -0.0009548392
23.2  -0.00094331
23.21  -0.0009448574
23.22  -0.0009454504
23.23  -0.0009425146
23.240000000000002  -0.0007530471
23.25  -0.0003508683
23.26  -0.0001495937
23.27  -0.0001976555
23.28  -0.0001641662
23.29  -0.0001196882
23.3  -0.0001443368
23.31  -0.0001415436
23.32  0.0004786524
23.330000000000002  0.00196943
23.34  0.001607027
23.35  0.002244715
23.36  0.00322315
23.37  0.002639161
23.38  0.002273326
23.39  0.0007025139
23.400000000000002  -0.0003604509
23.41  -3.351413e-05
23.42  -0.0005479475
23.43  -0.0007594879
23.44  -0.0005733138
23.45  -0.0006593925
23.46  -0.0006884961
23.47  -0.0006152815
23.48  -0.0002479474
23.490000000000002  0.000174659
23.5  6.902066e-05
23.51  0.0002266291
23.52  0.000904181
23.53  0.001057086
23.54  0.001060498
23.55  0.001244758
23.56  0.001209924
23.57  0.001198175
23.580000000000002  0.001221582
23.59  0.001179531
23.6  0.001145232
23.61  0.001124965
23.62  0.001104479
23.63  0.001106383
23.64  0.001102197
23.650000000000002  0.001097078
23.66  0.0009075999
23.67  0.0003822274
23.68  -0.0001825306
23.69  -0.0001572787
23.7  -0.0001166339
23.71  -9.153194e-05
23.72  0.000229524
23.73  0.0001617372
23.740000000000002  0.0001332264
23.75  0.0003592973
23.76  0.0007597585
23.77  0.0008922899
23.78  0.001123701
23.79  0.00143859
23.8  0.001667976
23.81  0.001679134
23.82  0.001435377
23.830000000000002  0.001285387
23.84  0.0008614231
23.85  0.0004492729
23.86  0.0001790554
23.87  -0.0004049114
23.88  -0.001123161
23.89  -0.001857953
23.900000000000002  -0.002085375
23.91  -0.001590195
23.92  -0.001444875
23.93  -0.001292862
23.94  -0.001001782
23.95  -0.0008060379
23.96  -0.0005817136
23.97  -4.684329e-05
23.98  0.0004431951
23.990000000000002  0.0005516543
24.0  0.0004906293
24.01  0.0006021918
24.02  0.0007993313
24.03  0.00100051
24.04  0.0009474948
24.05  0.0009535809
24.060000000000002  0.001017845
24.07  0.001049277
24.080000000000002  0.001084804
24.09  0.001085562
24.1  0.0009777154
24.11  0.0004414021
24.12  -4.732176e-05
24.13  -0.0003100284
24.14  -5.142856e-05
24.150000000000002  -0.0003295818
24.16  -0.001611293
24.17  -0.001656999
24.18  -0.0003381289
24.19  -0.001038943
24.2  -0.001030114
24.21  -0.0004269834
24.22  -0.0003448231
24.23  1.180417e-05
24.240000000000002  0.0001584411
24.25  0.0004777895
24.26  0.001200247
24.27  0.0009166722
24.28  0.0006559419
24.29  0.0008589373
24.3  0.0004223317
24.310000000000002  0.0004083816
24.32  0.0005267206
24.330000000000002  0.0004595551
24.34  0.0007872433
24.35  0.001326504
24.36  0.001784023
24.37  0.001894544
24.38  0.001469231
24.39  0.0007082225
24.400000000000002  0.0001098347
24.41  -0.0007123523
24.42  -0.001739673
24.43  -0.001880043
24.44  -0.001201139
24.45  -0.0006075971
24.46  -0.000465384
24.47  -0.001167385
24.48  -0.0008819765
24.490000000000002  -0.0008603733
24.5  -0.001403202
24.51  -0.001782566
24.52  -0.0008923985
24.53  -0.0003189816
24.54  -0.0002715563
24.55  7.354292e-05
24.560000000000002  8.303625e-05
24.57  5.18748e-05
24.580000000000002  5.931304e-05
24.59  -0.0004379892
24.6  -0.0007035024
24.61  0.000266214
24.62  0.0005381216
24.63  0.000163141
24.64  0.0003603261
24.650000000000002  0.0003530069
24.66  0.0002608812
24.67  0.0002567494
24.68  6.627184e-06
24.69  -0.000312715
24.7  -0.0007457882
24.71  -0.0009681139
24.72  -0.0009284158
24.73  -0.001010008
24.740000000000002  -0.001012058
24.75  -0.0008479194
24.76  -0.000731238
24.77  -0.0007134183
24.78  -0.0004794874
24.79  -0.000297458
24.8  -0.000375731
24.810000000000002  -0.0003617505
24.82  -0.000377268
24.830000000000002  -0.0001120998
24.84  0.0002854026
24.85  -8.926979e-05
24.86  -0.0006322015
24.87  -0.0001345668
24.88  0.0002500263
24.89  -4.240466e-05
24.900000000000002  -0.0006510606
24.91  -0.0004957589
24.92  -0.001342978
24.93  -0.001998367
24.94  -0.001812213
24.95  -0.001180889
24.96  -0.0003722167
24.97  -0.0003934422
24.98  -0.0001772802
24.990000000000002  0.000318864
25.0  0.0005880934
25.01  0.001156991
25.02  0.00191012
25.03  0.001767855
25.04  0.001730784
25.05  0.001897707
25.060000000000002  0.001827997
25.07  0.001801925
25.080000000000002  0.00182375
25.09  0.00179337
25.1  0.001522948
25.11  0.001058931
25.12  0.0006592603
25.13  0.0001405013
25.14  -0.0005403252
25.150000000000002  -0.001004775
25.16  -0.001543155
25.17  -0.001941885
25.18  -0.002006887
25.19  -0.001464161
25.2  -0.001303894
25.21  -0.001421479
25.22  -0.0007437231
25.23  -0.0003096439
25.240000000000002  -0.0002422425
25.25  -0.0002070107
25.26  -0.0001507022
25.27  5.956352e-05
25.28  0.000557327
25.29  0.0003401953
25.3  -0.0001332725
25.310000000000002  -0.0002190934
25.32  -0.0002741068
25.330000000000002  -0.0003936387
25.34  -0.0006539116
25.35  -0.0005384913
25.36  0.0001027921
25.37  1.554851e-05
25.38  -0.000157925
25.39  -0.0005334249
25.400000000000002  -0.0001130922
25.41  0.001387373
25.42  0.001576465
25.43  -0.0002602861
25.44  -0.0006435114
25.45  -0.000587345
25.46  -0.0005919887
25.47  -0.0003342166
25.48  -1.236984e-05
25.490000000000002  -0.000180811
25.5  -0.0008591123
25.51  -0.001213063
25.52  -0.001401701
25.53  -0.0005767926
25.54  -0.0003710881
25.55  -0.0007300311
25.560000000000002  -0.0002419144
25.57  -0.0002629027
25.580000000000002  -0.0008286858
25.59  -0.0006713038
25.6  -0.0006184045
25.61  -0.0007623986
25.62  -0.0007126086
25.63  -0.0005007185
25.64  -0.0001939104
25.650000000000002  0.0001611947
25.66  0.0004614963
25.67  0.0006436413
25.68  0.0007152521
25.69  0.0006898168
25.7  0.000713506
25.71  0.0007108111
25.72  0.0006712684
25.73  0.0003464298
25.740000000000002  -0.0001029188
25.75  -9.004654e-05
25.76  -0.0001085394
25.77  -0.0008261816
25.78  -0.001355706
25.79  -0.0007659855
25.8  -0.0004893715
25.810000000000002  -0.0004854868
25.82  -0.000233677
25.830000000000002  -0.0001402643
25.84  -0.0001553454
25.85  0.0003993758
25.86  0.0007128312
25.87  0.0004974193
25.88  0.000599889
25.89  0.0006725474
25.900000000000002  0.0008239235
25.91  0.001122843
25.92  0.00108907
25.93  0.0009475637
25.94  0.0007517681
25.95  0.0007115698
25.96  0.0007341097
25.97  0.0005117723
25.98  0.0003127351
25.990000000000002  0.0003888465
26.0  0.0005348259
26.01  0.0009110948
26.02  0.00123139
26.03  0.001150485
26.04  0.001201214
26.05  0.001487289
26.060000000000002  0.001633335
26.07  0.001584088
26.080000000000002  0.001573788
26.09  0.001483532
26.1  0.001357196
26.11  0.001181864
26.12  0.0009530231
26.13  0.0009681195
26.14  0.0009720187
26.150000000000002  0.0007323567
26.16  0.0005408243
26.17  0.0004023327
26.18  0.0002554445
26.19  0.0006642912
26.2  0.001243719
26.21  0.001595906
26.22  0.001488226
26.23  0.0009300934
26.240000000000002  0.0007373022
26.25  0.0007790471
26.26  0.0006876224
26.27  0.0006303796
26.28  0.0006295735
26.29  0.0001571263
26.3  -0.0006907007
26.310000000000002  -0.0009410228
26.32  -0.000718657
26.330000000000002  -0.001143013
26.34  -0.001779244
26.35  -0.001917923
26.36  -0.001277698
26.37  -0.001192602
26.38  -0.001458072
26.39  -0.001046539
26.400000000000002  -0.0007206142
26.41  -0.0005674144
26.42  -0.0002544297
26.43  8.483143e-05
26.44  0.0002638097
26.45  0.0002128924
26.46  0.0002482255
26.47  0.0002324732
26.48  -6.822656e-05
26.490000000000002  -0.0006361333
26.5  -0.0005086659
26.51  -0.0004625969
26.52  -0.0006539556
26.53  -0.0007092631
26.54  -0.000882224
26.55  -0.0009444968
26.560000000000002  -0.0007423574
26.57  -0.0006147249
26.580000000000002  -0.0001850564
26.59  0.0002272548
26.6  6.057765e-05
26.61  9.777224e-05
26.62  0.0004339758
26.63  0.0006560622
26.64  0.0008568133
26.650000000000002  0.001017189
26.66  0.001155157
26.67  0.00123576
26.68  0.0005678785
26.69  0.0002644523
26.7  0.0003102821
26.71  -1.947181e-05
26.72  -0.0002662552
26.73  -0.00084585
26.740000000000002  -0.001493277
26.75  -0.001788403
26.76  -0.002089513
26.77  -0.002117612
26.78  -0.002126375
26.79  -0.002002561
26.8  -0.001299186
26.810000000000002  -0.0007217231
26.82  -0.0002995712
26.830000000000002  0.0001530892
26.84  0.0005834921
26.85  0.000608963
26.86  0.0005350361
26.87  0.0001034416
26.88  -0.0003733149
26.89  5.793779e-05
26.900000000000002  0.0009828104
26.91  0.0006245335
26.92  -0.0001735285
26.93  -0.0002160877
26.94  -0.0003772291
26.95  -0.0008814434
26.96  -0.001236747
26.97  -0.001336594
26.98  -0.001266416
26.990000000000002  -0.001321162
27.0  -0.001318346
27.01  -0.001318563
27.02  -0.001349239
27.03  -0.001082975
27.04  -0.0009544154
27.05  -0.001220017
27.060000000000002  -0.001315614
27.07  -0.001246295
27.080000000000002  -0.001214185
27.09  -0.0008555663
27.1  -0.0004612599
27.11  -0.0001097062
27.12  0.0003633617
27.13  0.001104027
27.14  0.001339955
27.150000000000002  0.0005966685
27.16  0.0003747189
27.17  0.001157767
27.18  0.001460354
27.19  0.001439934
27.2  0.001560286
27.21  0.001192544
27.22  0.0005291973
27.23  0.0009299658
27.240000000000002  0.00176416
27.25  0.001090826
27.26  0.0007065511
27.27  0.001235878
27.28  0.001258422
27.29  0.0002171807
27.3  -0.0002569713
27.310000000000002  0.001118823
27.32  0.001698178
27.330000000000002  0.001331035
27.34  0.001136354
27.35  0.001026666
27.36  0.0006930335
27.37  0.0004036818
27.38  0.0002847279
27.39  0.0003396236
27.400000000000002  0.0003696084
27.41  0.0005331336
27.42  0.0008344796
27.43  0.0007436923
27.44  0.0003047735
27.45  9.179119e-05
27.46  0.0002214184
27.47  0.0001547516
27.48  0.0001113277
27.490000000000002  0.000161912
27.5  0.0002195678
27.51  0.0002595648
27.52  0.0002444761
27.53  0.0002573864
27.54  0.0002679156
27.55  0.0002644024
27.560000000000002  0.0002679157
27.57  0.0002711511
27.580000000000002  0.0002717357
27.59  0.0002733527
27.6  0.0002745924
27.61  0.0002751154
27.62  0.0002755859
27.63  0.0002756881
27.64  0.0002754276
27.650000000000002  0.0002749056
27.66  0.0002741154
27.67  0.0002727069
27.68  0.0001358992
27.69  -0.0001529354
27.7  -0.0002355287
27.71  -0.0001877005
27.72  -0.0002908295
27.73  -0.000359762
27.740000000000002  -0.0003296795
27.75  -0.0003408393
27.76  -0.0003594014
27.77  -0.0003893054
27.78  -0.0004693836
27.79  -0.0004620659
27.8  -0.0005309936
27.810000000000002  -0.0009338076
27.82  -0.001392088
27.830000000000002  -0.001686335
27.84  -0.001669517
27.85  -0.001742295
27.86  -0.001792513
27.87  -0.001401275
27.88  -0.0008192335
27.89  -0.0003334888
27.900000000000002  -0.0002828637
27.91  -0.000316325
27.92  -9.082441e-05
27.93  3.80151e-05
27.94  0.0004467764
27.95  0.001143812
27.96  0.001191521
27.97  0.001064886
27.98  0.001017352
27.990000000000002  0.0007140865
28.0  0.0004625896
28.01  0.0003529182
28.02  0.0001150645
28.03  -0.0003268746
28.04  -0.0006252086
28.05  -0.001007094
28.060000000000002  -0.001725764
28.07  -0.001597179
28.080000000000002  -0.00125426
28.09  -0.00104085
28.1  -0.0006756391
28.11  -0.0009664337
28.12  -0.001139565
28.13  -0.0009978213
28.14  -0.0006905917
28.150000000000002  1.434094e-05
28.16  -9.761387e-05
28.17  -0.0004857914
28.18  -0.0004647462
28.19  -0.0006568066
28.2  -0.0009483852
28.21  -0.001081529
28.22  -0.000482787
28.23  1.281822e-05
28.240000000000002  -0.0008711304
28.25  -0.001254709
28.26  -0.0003991513
28.27  -0.0004709191
28.28  -0.001084372
28.29  -0.001051982
28.3  -0.001256859
28.310000000000002  -0.001666201
28.32  -0.001498602
28.330000000000002  -0.001198145
28.34  -0.0008991592
28.35  -0.0004387946
28.36  -0.0003192551
28.37  -0.0009802264
28.38  -0.001247861
28.39  -0.001215174
28.400000000000002  -0.001063619
28.41  -0.000798925
28.42  -0.0004078412
28.43  -0.0002225813
28.44  -0.0003160531
28.45  -9.849693e-05
28.46  0.000741337
28.47  0.001006193
28.48  0.0007129895
28.490000000000002  0.0006396502
28.5  0.0004844056
28.51  0.0005289408
28.52  0.0004913982
28.53  0.0004531367
28.54  0.0006831732
28.55  0.00113063
28.560000000000002  0.001133083
28.57  0.0007889839
28.580000000000002  0.001022968
28.59  0.001265409
28.6  0.0006602372
28.61  0.0003258212
28.62  0.000512387
28.63  0.0001797394
28.64  -0.0004171891
28.650000000000002  -0.000391205
28.66  -0.00029719
28.67  -0.0001893732
28.68  5.676966e-05
28.69  0.000186385
28.7  0.0004026275
28.71  0.001107571
28.72  0.001687354
28.73  0.00176128
28.740000000000002  0.00191609
28.75  0.001940288
28.76  0.001890996
28.77  0.001856663
28.78  0.00184821
28.79  0.001850483
28.8  0.001842219
28.810000000000002  0.001677329
28.82  0.001196043
28.830000000000002  0.0010199
28.84  0.001140941
28.85  0.001206276
28.86  0.001555123
28.87  0.001837975
28.88  0.001813722
28.89  0.001690926
28.900000000000002  0.001439534
28.91  0.001175923
28.92  0.0005031239
28.93  5.408981e-05
28.94  0.00113209
28.95  0.0007448228
28.96  0.0004976928
28.97  0.001051166
28.98  0.000355999
28.990000000000002  9.573289e-05
29.0  0.0007498747
29.01  0.0009698352
29.02  0.0008551678
29.03  -0.00131058
29.04  -0.0009873201
29.05  0.0005840533
29.060000000000002  0.0001239882
29.07  -1.87076e-05
29.080000000000002  0.001685718
29.09  0.001383865
29.1  0.0006154028
29.11  0.0005921402
29.12  7.728659e-05
29.13  -0.0003261459
29.14  -0.0004079022
29.150000000000002  -0.0006843421
29.16  -0.0009367761
29.17  -0.0007481924
29.18  -0.0003091879
29.19  -0.0006290634
29.2  -0.001387538
29.21  -0.001383999
29.22  -0.001483531
29.23  -0.001357118
29.240000000000002  -0.0005407046
29.25  -0.0007352436
29.26  -0.001730487
29.27  -0.001793902
29.28  -0.001561991
29.29  -0.0008232866
29.3  -0.0006423283
29.310000000000002  -0.001351036
29.32  -0.001733856
29.330000000000002  -0.001963174
29.34  -0.002035369
29.35  -0.001637403
29.36  -0.0007378204
29.37  -6.488923e-05
29.38  0.0005413148
29.39  0.0009163471
29.400000000000002  0.0002045249
29.41  -0.0003309395
29.42  -1.938362e-05
29.43  -0.000769193
29.44  -0.001126568
29.45  -0.000822098
29.46  -0.0009603657
29.47  -0.001018319
29.48  -0.0001405285
29.490000000000002  0.0003323631
29.5  0.0004325971
29.51  0.00180323
29.52  0.001009289
29.53  0.000658282
29.54  0.001168242
29.55  0.001070116
29.560000000000002  0.001164312
29.57  0.001018804
29.580000000000002  0.0007884095
29.59  0.001147224
29.6  0.001004162
29.61  0.0005842736
29.62  0.0005024392
29.63  0.0002916819
29.64  -3.830699e-05
29.650000000000002  -0.000173938
29.66  -0.000186095
29.67  -0.0005570264
29.68  -0.0009698272
29.69  -0.0007523215
29.7  -0.0003086926
29.71  -0.0008311446
29.72  0.001029976
29.73  0.0008387789
29.740000000000002  0.0001354384
29.75  0.0008676067
29.76  0.001025256
29.77  0.0006505436
29.78  0.0002749984
29.79  2.287648e-05
29.8  0.0001375986
29.810000000000002  -0.0005374304
29.82  -0.0008677438
29.830000000000002  -0.0005880072
29.84  -0.0006026393
29.85  -0.0004531172
29.86  -0.0003543277
29.87  -0.0004845797
29.88  -0.0006777741
29.89  -0.0007092434
29.900000000000002  -0.0006430757
29.91  -0.0006710767
29.92  -0.0007101052
29.93  -0.0008304173
29.94  -0.0009588478
29.95  -0.001154854
29.96  -0.0009983518
29.97  -0.0001304347
29.98  0.0002473704
29.990000000000002  0.0001919387
30.0  7.870538e-05
30.01  -3.912835e-05
30.02  -0.0003233207
30.03  -0.001223164
30.04  -0.001543616
30.05  -0.0004898799
30.060000000000002  -0.0008048045
30.07  -0.001917831
30.080000000000002  -0.001289489
30.09  -0.0007804037
30.1  0.0003318512
30.11  0.0002671816
30.12  -0.0007457307
30.13  2.761827e-05
30.14  -2.424588e-05
30.150000000000002  -0.0002040174
30.16  0.0005897471
30.17  0.001177911
30.18  0.0009876687
30.19  0.0009567417
30.2  0.0006430139
30.21  0.000175974
30.22  0.0002613028
30.23  0.000756967
30.240000000000002  0.0007044544
30.25  -0.0002067497
30.26  -0.0008438607
30.27  -0.0005811017
30.28  -0.0001342645
30.29  -0.0001818456
30.3  -0.0002259439
30.310000000000002  -0.0001001817
30.32  -0.000104036
30.330000000000002  2.883901e-06
30.34  0.0002820845
30.35  2.01086e-05
30.36  -0.0001513657
30.37  0.0001038325
30.38  5.755506e-05
30.39  2.349298e-05
30.400000000000002  0.0002671984
30.41  0.0005604671
30.42  0.0009870553
30.43  0.001436295
30.44  0.001143467
30.45  0.0004184492
30.46  0.001140298
30.47  0.001678417
30.48  0.0006353054
30.490000000000002  0.0006906569
30.5  0.0009546384
30.51  0.0009887223
30.52  0.001041815
30.53  0.0007334218
30.54  0.0006894289
30.55  0.0006320378
30.560000000000002  -0.000157217
30.57  -0.000867345
30.580000000000002  -0.001080328
30.59  1.238211e-05
30.6  0.001078368
30.61  0.0003017289
30.62  2.283533e-05
30.63  0.0005874661
30.64  0.0005340106
30.650000000000002  -3.222831e-06
30.66  -0.0002112563
30.67  -0.0004190472
30.68  -0.0005047716
30.69  -8.012277e-05
30.7  0.0001911186
30.71  0.0003446959
30.72  0.0005146579
30.73  0.000302054
30.740000000000002  5.889927e-05
30.75  -0.0004278549
30.76  -0.0008642691
30.77  -0.001067033
30.78  -0.001231835
30.79  -0.0008480932
30.8  -0.0005314526
30.810000000000002  -0.000305196
30.82  5.156755e-05
30.830000000000002  0.0002795459
30.84  -0.0002303304
30.85  -0.0006800335
30.86  -0.0005892972
30.87  -0.0002948765
30.88  -0.0005766182
30.89  -0.0007291332
30.900000000000002  -0.0004289153
30.91  -0.000252969
30.92  -0.0002875088
30.93  -0.0004170234
30.94  -0.0002600393
30.95  2.86967e-05
30.96  -0.0002661696
30.970000000000002  -0.00111927
30.98  -0.001131022
30.990000000000002  0.0001696997
31.0  0.0009586944
31.01  0.0007782112
31.02  0.0004589023
31.03  0.0003925621
31.04  -2.07213e-05
31.05  -0.0005006791
31.060000000000002  -0.001035894
31.07  -0.001306002
31.080000000000002  -0.001012188
31.09  0.0006883869
31.1  0.001683678
31.11  0.0003044832
31.12  0.0004236819
31.13  0.0003677124
31.14  9.296753e-05
31.150000000000002  0.000217021
31.16  0.0001229598
31.17  -0.0003511975
31.18  -0.0007214106
31.19  -0.001072649
31.2  -0.001220926
31.21  -0.001103691
31.220000000000002  -0.0008001943
31.23  -5.72007e-05
31.240000000000002  -0.0001055648
31.25  -0.0007890672
31.26  -0.0006702351
31.27  -0.0005101495
31.28  -7.960483e-05
31.29  0.001188386
31.3  0.001511509
31.310000000000002  0.001260427
31.32  0.001559671
31.330000000000002  0.001620767
31.34  0.001563846
31.35  0.001643863
31.36  0.001402747
31.37  3.689305e-06
31.38  -0.0004013805
31.39  0.000283433
31.400000000000002  3.11734e-05
31.41  -0.0006200023
31.42  -0.001104936
31.43  -0.001041868
31.44  -0.000133447
31.45  -0.0007409296
31.46  -0.001698724
31.470000000000002  -0.002143968
31.48  -0.003043488
31.490000000000002  -0.002800163
31.5  -0.0007807669
31.51  -0.0004856667
31.52  -0.001283908
31.53  -0.0006458138
31.54  -0.0001428598
31.55  -0.0003612746
31.560000000000002  -0.0003418389
31.57  0.0001398762
31.580000000000002  0.0006205404
31.59  0.0005958612
31.6  0.0006309495
31.61  0.0003738118
31.62  0.0001977287
31.63  0.0002643061
31.64  -0.0001087188
31.650000000000002  -0.00042571
31.66  -0.0001272859
31.67  -9.085336e-05
31.68  -0.0003032892
31.69  -0.0002499131
31.7  -0.0001910254
31.71  0.0003092446
31.720000000000002  0.0009812653
31.73  0.0006485719
31.740000000000002  0.0005134227
31.75  0.0005957448
31.76  0.000433946
31.77  0.0004363429
31.78  0.0009593854
31.79  0.001343365
31.8  0.001372531
31.810000000000002  0.001452176
31.82  0.001444042
31.830000000000002  0.001345629
31.84  0.001075046
31.85  0.0007972276
31.86  0.0009109507
31.87  0.00112717
31.88  0.001297099
31.89  0.001217185
31.900000000000002  0.0007003192
31.91  0.0005854467
31.92  0.0005403763
31.93  0.0004399613
31.94  0.0007123429
31.95  0.000911738
31.96  0.001049662
31.970000000000002  0.001253376
31.98  0.001341545
31.990000000000002  0.0006812755
32.0  0.0001027818
32.01  1.655213e-05
32.02  -0.0001727498
32.03  -0.000464036
32.04  -0.0006568378
32.05  -0.0007984009
32.06  -0.0005125677
32.07  -0.0002350148
32.08  -0.000117187
32.09  -0.0001231464
32.1  -0.0001150902
32.11  -0.0001096945
32.12  -0.0001741178
32.13  -0.0002206876
32.14  -0.0003285074
32.15  -0.0005029412
32.160000000000004  -0.0006239578
32.17  -0.0006471938
32.18  -0.0006503684
32.19  -0.0006815826
32.2  -0.000671155
32.21  -0.0006473382
32.22  -0.0006401178
32.230000000000004  -0.0006247563
32.24  -0.000575947
32.25  -0.0004705608
32.26  -0.0003836439
32.27  -0.0002967191
32.28  -0.0002736033
32.29  -0.0003690206
32.3  -0.000413324
32.31  -0.0004502619
32.32  -0.0004011192
32.33  -0.00034279
32.34  -0.0002998401
32.35  -0.0001028914
32.36  0.0001569182
32.37  0.0003078163
32.38  0.0003714712
32.39  0.000473269
32.4  0.0005697389
32.410000000000004  0.0006417245
32.42  0.0007254852
32.43  0.0008101626
32.44  0.0008854146
32.45  0.0009550021
32.46  0.001005862
32.47  0.0008256804
32.480000000000004  0.000578313
32.49  0.0004105582
32.5  0.0001656837
32.51  -8.56441e-05
32.52  -0.0002641304
32.53  -0.000111066
32.54  2.43117e-05
32.55  8.912615e-05
32.56  0.0002367024
32.57  0.0001840916
32.58  -3.141956e-05
32.59  -0.0001297823
32.6  -0.0002255583
32.61  -0.0002538991
32.62  -0.0002846116
32.63  -0.0003234865
32.64  -0.0003549716
32.65  -0.0004822095
32.660000000000004  -0.0006216255
32.67  -0.0007322475
32.68  -0.0008566531
32.69  -0.0008993702
32.7  -0.0009468426
32.71  -0.001209946
32.72  -0.001602188
32.730000000000004  -0.001890283
32.74  -0.002051559
32.75  -0.001976856
32.76  -0.001993364
32.77  -0.001924975
32.78  -0.001300024
32.79  -0.0008442524
32.8  -0.0005876097
32.81  -0.0001230427
32.82  0.0002413339
32.83  0.0004752154
32.84  0.0007797355
32.85  0.0009865447
32.86  0.0008100575
32.87  0.0006973065
32.88  0.0006205151
32.89  0.000289436
32.9  -3.186999e-05
32.910000000000004  -0.0001131012
32.92  9.70168e-05
32.93  0.0001845154
32.94  7.713722e-05
32.95  -0.0004080301
32.96  -0.0009958569
32.97  -0.001000037
32.980000000000004  -0.000855783
32.99  -0.0009349148
33.0  -0.0007341067
33.01  -0.0003659149
33.02  -0.0001510958
33.03  -1.124083e-05
33.04  9.452574e-05
33.05  0.0002243114
33.06  0.0003310348
33.07  0.0004109025
33.08  0.0003222617
33.09  0.000211919
33.1  0.0001506043
33.11  4.415294e-05
33.12  -5.18694e-05
33.13  -6.759228e-05
33.14  -9.437782e-05
33.15  -0.000125986
33.160000000000004  -1.088728e-05
33.17  0.0001641006
33.18  0.0002800783
33.19  0.0004275174
33.2  0.0004909298
33.21  0.0004658425
33.22  0.0004981954
33.230000000000004  0.0005093961
33.24  0.0005042042
33.25  0.0004975619
33.26  0.0003485121
33.27  0.0001824893
33.28  7.062645e-05
33.29  4.875368e-05
33.3  6.455489e-05
33.31  4.634706e-05
33.32  5.456048e-05
33.33  6.766682e-05
33.34  0.0001417788
33.35  0.0003000994
33.36  0.0004106812
33.37  0.0005359455
33.38  0.0006451853
33.39  0.0007043422
33.4  0.0007883815
33.410000000000004  0.0008441104
33.42  0.0008634691
33.43  0.0009056772
33.44  0.0009420201
33.45  0.001045881
33.46  0.001239254
33.47  0.001380488
33.480000000000004  0.00141726
33.49  0.001239012
33.5  0.001124559
33.51  0.00104307
33.52  0.001125699
33.53  0.001219432
33.54  0.001269364
33.55  0.00124591
33.56  0.0008873498
33.57  0.0005910146
33.58  0.0003321576
33.59  0.0001925481
33.6  0.0003058601
33.61  0.0002918794
33.62  0.0002146697
33.63  4.96164e-05
33.64  -8.725937e-05
33.65  -0.0002322755
33.660000000000004  -0.0003485539
33.67  -0.0003168298
33.68  -0.0003156543
33.69  -0.0003210719
33.7  -0.000200403
33.71  -6.521469e-05
33.72  3.352833e-05
33.730000000000004  0.0001339977
33.74  0.000181529
33.75  0.0002409546
33.76  0.0003287428
33.77  0.0004026155
33.78  0.0004755354
33.79  0.0005495909
33.8  0.0004599642
33.81  0.0002447981
33.82  0.0002311882
33.83  0.0003413207
33.84  0.0001248648
33.85  -0.0003091449
33.86  -0.0005577384
33.87  -0.0008840776
33.88  -0.001131016
33.89  -0.0009930188
33.9  -0.0009438555
33.910000000000004  -0.0009312127
33.92  -0.0008282449
33.93  -0.0007977606
33.94  -0.0008111115
33.95  -0.0007857139
33.96  -0.0007765449
33.97  -0.0007675062
33.980000000000004  -0.0006845396
33.99  -0.0005978466
34.0  -0.0005306622
34.01  -0.0004449119
34.02  -0.0003638135
34.03  -0.000366799
34.04  -0.0004283935
34.05  -0.0004473253
34.06  -0.0004862506
34.07  -0.0004854034
34.08  -0.000399859
34.09  -0.0003633806
34.1  -0.0003280196
34.11  -0.0002694199
34.12  -0.0002243992
34.13  -0.0001769493
34.14  -0.000100519
34.15  -2.808342e-05
34.160000000000004  2.385405e-05
34.17  2.247903e-05
34.18  3.120631e-05
34.19  8.093403e-05
34.2  0.0001193614
34.21  9.6137e-05
34.22  -2.361814e-05
34.230000000000004  -0.0001107763
34.24  -0.0002236373
34.25  -0.0003952777
34.26  -0.0005077976
34.27  -0.0002910803
34.28  8.861078e-06
34.29  0.0001778193
34.300000000000004  0.0002214471
34.31  0.000208342
34.32  0.0001226845
34.33  -9.381367e-05
34.34  -7.335349e-05
34.35  0.0001941726
34.36  0.0003057174
34.37  0.0003309026
34.38  0.000374903
34.39  0.0004139369
34.4  0.0002775975
34.410000000000004  7.115952e-05
34.42  1.754581e-05
34.43  4.362626e-05
34.44  -4.403606e-05
34.45  -0.0001703766
34.46  -0.0002461405
34.47  -0.0002962854
34.480000000000004  -0.0002612177
34.49  -0.0002464638
34.5  -0.0002399202
34.51  -0.0002411202
34.52  -0.0002492866
34.53  -0.0003114161
34.54  -0.0009688409
34.550000000000004  -0.001510985
34.56  -0.001075394
34.57  -0.001007339
34.58  -0.001191685
34.59  -0.001071368
34.6  -0.0007427305
34.61  -0.0004961642
34.62  -0.0002815729
34.63  -0.0002188115
34.64  -0.0002017729
34.65  -0.0001210561
34.660000000000004  -7.565432e-05
34.67  -3.957268e-05
34.68  -2.072155e-05
34.69  -0.0001470947
34.7  -0.0002570101
34.71  -0.0003049412
34.72  -0.0002376741
34.730000000000004  -0.0001821838
34.74  -0.0001215592
34.75  4.793106e-06
34.76  0.0001080007
34.77  0.0002181745
34.78  0.0003809815
34.79  0.0005289277
34.800000000000004  0.0006221764
34.81  0.0007035938
34.82  0.0008021967
34.83  0.0008817261
34.84  0.0008879085
34.85  0.0008619931
34.86  0.0006589029
34.87  0.0002055687
34.88  -2.347898e-05
34.89  -0.0001211413
34.9  -0.0003259521
34.910000000000004  -0.0006414506
34.92  -0.001128822
34.93  -0.001360911
34.94  -0.001424746
34.95  -0.001083787
34.96  -0.0003969766
34.97  2.619348e-05
34.980000000000004  0.0001362987
34.99  0.0002607589
35.0  0.0004419289
35.01  0.0005398057
35.02  0.0006561038
35.03  0.0007876239
35.04  0.0008499661
35.050000000000004  0.0006879688
35.06  0.0005582006
35.07  0.0004599433
35.08  0.0002863869
35.09  0.000122598
35.1  -1.82407e-05
35.11  -0.0001201099
35.12  -0.0002222707
35.13  -0.0003329971
35.14  -0.0004419416
35.15  -0.0005640849
35.160000000000004  -0.0006756367
35.17  -0.0006366313
35.18  -0.000482559
35.19  -0.0004095488
35.2  -0.0002947256
35.21  -0.0001041083
35.22  8.029957e-05
35.230000000000004  0.0002515542
35.24  0.0004416516
35.25  0.000643514
35.26  0.0008452793
35.27  0.0009219806
35.28  0.0008630608
35.29  0.0008666789
35.300000000000004  0.0005401747
35.31  2.097369e-05
35.32  -0.0004674733
35.33  -0.001007478
35.34  -0.0009981425
35.35  -0.0009256129
35.36  -0.0008543667
35.37  -0.0004484061
35.38  -0.0001598772
35.39  -0.0001419751
35.4  -0.0003602719
35.410000000000004  -0.000450271
35.42  -0.0006451935
35.43  -0.0008451929
35.44  -0.0005863858
35.45  -0.0001350557
35.46  0.0001299116
35.47  0.0004584712
35.480000000000004  0.0006195759
35.49  0.0007581369
35.5  0.0009464484
35.51  0.001024281
35.52  0.001013663
35.53  0.001058169
35.54  0.001089319
35.550000000000004  0.00112572
35.56  0.001102563
35.57  0.0008760968
35.58  0.000697446
35.59  0.0005369842
35.6  0.0001844919
35.61  -0.0003571902
35.62  -0.0007490051
35.63  -0.0007534074
35.64  -0.0003784745
35.65  0.0003057847
35.660000000000004  0.0004437211
35.67  0.0004571612
35.68  0.0007097213
35.69  0.000832167
35.7  0.0009290695
35.71  0.0009271259
35.72  0.0004952795
35.730000000000004  0.0001859819
35.74  0.0001709812
35.75  3.791728e-05
35.76  -9.09077e-05
35.77  7.24848e-05
35.78  0.0002281803
35.79  0.0003231006
35.800000000000004  0.0005027663
35.81  0.0006488078
35.82  0.0005471047
35.83  0.000395847
35.84  0.0005568873
35.85  0.0009962729
35.86  0.001122542
35.87  0.000890924
35.88  0.0008162516
35.89  0.0007405044
35.9  0.0005864837
35.910000000000004  0.000479391
35.92  0.0004861951
35.93  0.0005369261
35.94  0.0005001738
35.95  0.00030491
35.96  0.0001569658
35.97  0.0001846614
35.980000000000004  0.0002140872
35.99  0.000200704
36.0  0.0002127013
36.01  6.401008e-05
36.02  -8.844052e-05
36.03  -9.067588e-05
36.04  0.0001539438
36.050000000000004  0.0003386067
36.06  0.0004835419
36.07  0.0004799949
36.08  0.0004316993
36.09  0.0003996143
36.1  5.508257e-05
36.11  -0.0002776796
36.12  -0.0003557936
36.13  -0.0003094326
36.14  -0.0004520342
36.15  -0.0008483033
36.160000000000004  -0.001175555
36.17  -0.001199347
36.18  -0.0007438851
36.19  -0.0004680844
36.2  -0.0006803563
36.21  -0.001161271
36.22  -0.00141954
36.230000000000004  -0.001780096
36.24  -0.001737488
36.25  -0.001120118
36.26  -0.0008303667
36.27  -0.0004681794
36.28  -1.879758e-05
36.29  0.0002683497
36.300000000000004  0.0003187275
36.31  0.000379412
36.32  1.982557e-05
36.33  -0.0002245844
36.34  0.0002625629
36.35  0.0005232629
36.36  0.0002208037
36.37  -0.0001357463
36.38  -0.0003324263
36.39  -0.0006659728
36.4  -0.0009011554
36.410000000000004  -0.000640784
36.42  -0.0004617596
36.43  -0.0003825234
36.44  -0.0002106864
36.45  -5.957851e-05
36.46  -3.681723e-05
36.47  -5.076472e-05
36.480000000000004  -2.126524e-05
36.49  -2.162221e-05
36.5  -0.0001294409
36.51  -0.0006374823
36.52  -0.0007447029
36.53  -0.000121487
36.54  0.0001695117
36.550000000000004  0.0002575201
36.56  7.682787e-05
36.57  -4.616361e-05
36.58  -0.0001696727
36.59  -0.0003751726
36.6  -0.0005707291
36.61  -0.0007557753
36.62  -0.0009517449
36.63  -0.001064988
36.64  -0.0008423904
36.65  -0.0006654682
36.660000000000004  -0.0004465007
36.67  -4.487519e-06
36.68  0.0002796661
36.69  0.0004187748
36.7  0.0006120795
36.71  0.0002527319
36.72  -0.0004176755
36.730000000000004  -0.0009144413
36.74  -0.001127248
36.75  -0.0008344459
36.76  -0.0008122171
36.77  -0.0007048503
36.78  -0.0004571324
36.79  -0.0002907128
36.800000000000004  -0.0002345844
36.81  -0.0003197588
36.82  -0.0003439852
36.83  -0.0003643995
36.84  -0.0002325636
36.85  -2.866394e-05
36.86  0.0001120499
36.87  0.000314797
36.88  0.0004807595
36.89  0.0002933406
36.9  0.0001354559
36.910000000000004  5.283439e-05
36.92  -0.0001190126
36.93  -0.000267483
36.94  -0.0002909897
36.95  -0.000276065
36.96  -0.000289659
36.97  -0.0001220191
36.980000000000004  9.495053e-05
36.99  0.0001169561
37.0  -0.0001663978
37.01  -0.0002753739
37.02  -0.0002693688
37.03  -0.000372343
37.04  -0.0001596284
37.050000000000004  0.0001081951
37.06  0.0001535422
37.07  4.874696e-05
37.08  2.181969e-05
37.09  -1.022939e-05
37.1  -6.097066e-05
37.11  -7.121725e-05
37.12  0.00017037
37.13  0.0004354202
37.14  0.0006035126
37.15  0.0008055234
37.160000000000004  0.001041169
37.17  0.001377003
37.18  0.001711239
37.19  0.001960722
37.2  0.001787038
37.21  0.001612014
37.22  0.001384774
37.230000000000004  0.001050302
37.24  0.0007922484
37.25  0.000532806
37.26  0.0002858626
37.27  0.0002089273
37.28  0.0001114225
37.29  1.882009e-05
37.300000000000004  0.0002155351
37.31  0.0003772869
37.32  0.0001738049
37.33  -0.0001932917
37.34  -0.0003401633
37.35  -8.482352e-05
37.36  0.0001137915
37.37  0.0002472192
37.38  0.0005009459
37.39  0.0007313902
37.4  0.0006435665
37.410000000000004  0.0002428446
37.42  4.080286e-05
37.43  -8.262015e-05
37.44  -0.0001000966
37.45  -0.0001720446
37.46  -0.0003404133
37.47  -0.0005618408
37.480000000000004  -0.000559823
37.49  -0.0004564631
37.5  0.0003596857
37.51  0.001114605
37.52  0.0006600802
37.53  0.0006005242
37.54  0.0007256237
37.550000000000004  0.000645509
37.56  0.0006313624
37.57  0.0006832291
37.58  0.0007029269
37.59  0.0007251991
37.6  0.0007056476
37.61  0.0005354222
37.62  0.0004435324
37.63  0.0004885884
37.64  0.0004692127
37.65  0.000469126
37.660000000000004  0.0005299002
37.67  0.0005644605
37.68  0.000628324
37.69  0.0005216676
37.7  0.0001396409
37.71  -2.404221e-05
37.72  -0.0004355795
37.730000000000004  -0.001198904
37.74  -0.001571025
37.75  -0.001602346
37.76  -0.001208424
37.77  -0.0008960382
37.78  -0.0005859117
37.79  -0.0003476647
37.800000000000004  -0.0003591355
37.81  -0.0003561794
37.82  -0.0003859808
37.83  -0.0004362014
37.84  -0.00048153
37.85  -0.0005349878
37.86  -0.00059006
37.87  -0.0006419656
37.88  -0.0006419116
37.89  -0.0005632566
37.9  -0.0005199897
37.910000000000004  -0.0004741651
37.92  -0.0004548763
37.93  -0.0004583894
37.94  -0.0004460478
37.95  -0.000493146
37.96  -0.0006424238
37.97  -0.0007591453
37.980000000000004  -0.0009108143
37.99  -0.001073872
38.0  -0.0009607302
38.01  -0.0006784926
38.02  -0.0007430016
38.03  -0.0007496179
38.04  -0.0003577113
38.050000000000004  0.0001807815
38.06  0.0004437357
38.07  0.0006445204
38.08  0.0004521087
38.09  -0.0002040261
38.1  -0.0005254225
38.11  -0.0008632072
38.12  -0.001272498
38.13  -0.001135863
38.14  -0.001021325
38.15  -0.001031929
38.160000000000004  -0.0008635071
38.17  -0.0006850094
38.18  -0.0005592505
38.19  -0.0004161607
38.2  -0.0003048688
38.21  -0.0001935446
38.22  -7.068671e-05
38.230000000000004  0.0001739909
38.24  0.0005216219
38.25  0.0008214596
38.26  0.00145201
38.27  0.00225079
38.28  0.002380143
38.29  0.001992849
38.300000000000004  0.001886667
38.31  0.00161195
38.32  0.00126111
38.33  0.001011354
38.34  0.0007924613
38.35  0.0005463687
38.36  0.0003879414
38.37  0.0003817743
38.38  0.000320508
38.39  0.0002603106
38.4  0.0002373353
38.410000000000004  0.0002496822
38.42  0.0003009475
38.43  0.0003278215
38.44  0.0003503189
38.45  0.000380943
38.46  0.0004078539
38.47  0.0004288607
38.480000000000004  0.0004159575
38.49  0.0003923741
38.5  0.0003809688
38.51  0.0003607677
38.52  0.0003723315
38.53  0.0004759006
38.54  0.0005574866
38.550000000000004  0.000589119
38.56  0.0002154153
38.57  -0.0002874514
38.58  -0.0006404607
38.59  -0.001051812
38.6  -0.001085519
38.61  -0.001039098
38.62  -0.001119103
38.63  -0.001085283
38.64  -0.001038907
38.65  -0.001031254
38.660000000000004  -0.001002876
38.67  -0.0009729148
38.68  -0.0009340134
38.69  -0.0008732141
38.7  -0.000823508
38.71  -0.0007713275
38.72  -0.0006601309
38.730000000000004  -0.0004727132
38.74  -0.0003222682
38.75  -0.0001483212
38.76  0.0002072073
38.77  0.0005974819
38.78  0.0007373226
38.79  0.0004089913
38.800000000000004  0.0002038343
38.81  9.450105e-05
38.82  -8.175782e-05
38.83  -0.000250399
38.84  -0.0003882396
38.85  -0.0005227785
38.86  -0.0006563472
38.87  -0.0007883072
38.88  -0.000887922
38.89  -0.0006821209
38.9  -0.0003904381
38.910000000000004  -0.000207433
38.92  3.748825e-05
38.93  0.0001825128
38.94  0.0003038819
38.95  0.0004608319
38.96  0.0005887322
38.97  0.000695726
38.980000000000004  0.000664643
38.99  0.0006362125
39.0  0.0006397994
39.01  0.0006181245
39.02  0.0006200796
39.03  0.000622034
39.04  0.0006189856
39.050000000000004  0.0006210532
39.06  0.0006220237
39.07  0.0006115954
39.08  0.0004974622
39.09  0.0003541164
39.1  0.0002486745
39.11  0.0001132488
39.12  -8.442933e-05
39.13  -0.0003008307
39.14  -0.000436162
39.15  -0.0004326589
39.160000000000004  -0.0004666861
39.17  -0.0005128759
39.18  -0.0005717092
39.19  -0.00064768
39.2  -0.0006974741
39.21  -0.000545884
39.22  -0.0002925956
39.230000000000004  -0.0001296162
39.24  6.664452e-05
39.25  0.0001487846
39.26  0.0001932809
39.27  0.0002745173
39.28  0.0002548249
39.29  0.0002128437
39.300000000000004  0.0002085165
39.31  0.0001897631
39.32  0.0001676758
39.33  0.0001527483
39.34  0.0001308927
39.35  9.424897e-05
39.36  6.236766e-05
39.37  3.178839e-05
39.38  -1.850561e-06
39.39  -3.288371e-05
39.4  -6.30189e-05
39.410000000000004  -9.350265e-05
39.42  -0.0001230081
39.43  -0.000147475
39.44  -0.0001666043
39.45  -0.0002036656
39.46  -0.0004500502
39.47  -0.0007611289
39.480000000000004  -0.000458547
39.49  5.023057e-05
39.5  0.0003078675
39.51  0.0003936806
39.52  0.0001540468
39.53  7.327526e-05
39.54  -5.406633e-05
39.550000000000004  -0.000196411
39.56  -0.0001560519
39.57  -0.0001521286
39.58  -0.0001707059
39.59  -0.0001477591
39.6  -0.0001374255
39.61  -0.0001328321
39.62  -0.0001211304
39.63  -0.0001015264
39.64  0.0001697334
39.65  0.000633997
39.660000000000004  0.0008090695
39.67  0.0007645176
39.68  0.0008489395
39.69  0.0008962316
39.7  0.0008871033
39.71  0.0009123751
39.72  0.0009199898
39.730000000000004  0.0008168462
39.74  0.0007267029
39.75  0.0006572027
39.76  0.0005198939
39.77  0.0003590882
39.78  0.0002285517
39.79  0.0001299315
39.800000000000004  0.0001466979
39.81  0.0001360981
39.82  -5.69206e-05
39.83  -0.0003498476
39.84  -0.0003538388
39.85  -0.0001787405
39.86  -0.0001619694
39.87  -0.0001294922
39.88  -0.0001352603
39.89  -0.000145301
39.9  -0.0001057106
39.910000000000004  0.0001069636
39.92  0.0002935171
39.93  0.000338756
39.94  0.0002154161
39.95  0.0001540556
39.96  9.21895e-05
39.97  -4.148926e-06
39.980000000000004  -8.233025e-05
39.99  -0.0002140774
40.0  -0.0004322124
40.01  -0.0005436872
40.02  -0.0004970159
40.03  -0.0004802189
40.04  -0.0002730097
40.050000000000004  -4.132235e-05
40.06  8.023816e-05
40.07  0.0001572895
40.08  0.0002598129
40.09  0.0002758222
40.1  0.0001768365
40.11  0.0001301425
40.12  -4.479376e-05
40.13  -0.0003092632
40.14  -0.0001795632
40.15  7.366586e-05
40.160000000000004  9.192679e-05
40.17  8.662618e-06
40.18  -8.134811e-06
40.19  -4.701639e-05
40.2  -0.0001186269
40.21  -0.0001695528
40.22  -0.0001976792
40.230000000000004  -0.0001874987
40.24  -0.0001884173
40.25  -0.0001758692
40.26  -0.0001390665
40.27  -0.0001161081
40.28  -9.04383e-05
40.29  -6.126018e-05
40.300000000000004  -3.619769e-05
40.31  -1.137543e-05
40.32  1.327481e-05
40.33  3.647055e-05
40.34  5.895896e-05
40.35  7.591854e-05
40.36  5.221384e-05
40.37  2.492025e-05
40.38  9.272089e-06
40.39  -1.626758e-05
40.4  -3.848891e-05
40.410000000000004  -5.397596e-05
40.42  -7.203407e-05
40.43  -8.899892e-05
40.44  -0.0001041467
40.45  -0.0001233323
40.46  -0.0001961021
40.47  -0.0002933863
40.480000000000004  -0.0003635374
40.49  -0.0004438989
40.5  -0.0004794288
40.51  -0.0003851506
40.52  -0.0003232511
40.53  -0.0002741514
40.54  -0.000196354
40.550000000000004  -0.0001723294
40.56  -0.0002612042
40.57  -0.0003166574
40.58  -0.0003402945
40.59  -0.0002076904
40.6  -5.266887e-05
40.61  -1.236979e-05
40.62  -4.922524e-05
40.63  -4.564074e-05
40.64  -5.051818e-05
40.65  -4.730986e-05
40.660000000000004  -2.985472e-05
40.67  -2.107649e-05
40.68  3.290349e-05
40.69  0.0001655666
40.7  0.0002631533
40.71  0.0003410873
40.72  0.0002326462
40.730000000000004  2.442383e-05
40.74  -1.009547e-05
40.75  -2.791037e-05
40.76  -0.0001031061
40.77  -0.0001293064
40.78  -0.0001476159
40.79  -0.00017096
40.800000000000004  -0.0001497988
40.81  -0.0001334582
40.82  -0.000125656
40.83  -7.448094e-05
40.84  1.962574e-05
40.85  8.446456e-05
40.86  0.0001071162
40.87  5.417916e-05
40.88  2.581317e-05
40.89  -5.888243e-07
40.9  -6.076386e-05
40.910000000000004  -0.0001237212
40.92  -0.0001712592
40.93  -0.0002221308
40.94  -0.0002700582
40.95  -0.0002801694
40.96  -0.0002454497
40.97  -0.0002325501
40.980000000000004  -0.000215962
40.99  -0.0001916085
41.0  -0.0001733827
41.01  -0.0001554977
41.02  -0.0001371753
41.03  -0.0001205089
41.04  -0.0001042954
41.050000000000004  -7.935088e-05
41.06  3.601496e-05
41.07  0.0001455882
41.08  0.000172775
41.09  0.0002335963
41.1  0.0002812982
41.11  0.0002660286
41.12  0.0002591381
41.13  0.0002067614
41.14  0.0001311464
41.15  8.315564e-05
41.160000000000004  4.718632e-05
41.17  6.002362e-05
41.18  6.584019e-05
41.19  6.688372e-05
41.2  9.067168e-05
41.21  0.0001104426
41.22  0.0001233537
41.230000000000004  0.0001377763
41.24  0.0001379171
41.25  0.0001372685
41.26  0.0001394726
41.27  0.0001363455
41.28  0.0001304383
41.29  0.0001193578
41.300000000000004  5.879688e-05
41.31  6.438556e-06
41.32  -2.798051e-05
41.33  -3.045842e-05
41.34  -8.502292e-08
41.35  9.597117e-06
41.36  3.932626e-05
41.37  8.188578e-05
41.38  0.0001074955
41.39  0.0001260051
41.4  0.0001139238
41.410000000000004  0.0001041891
41.42  0.000100204
41.43  9.203871e-05
41.44  8.934632e-05
41.45  8.614857e-05
41.46  8.212483e-05
41.47  7.911992e-05
41.480000000000004  7.577521e-05
41.49  7.204123e-05
41.5  6.839108e-05
41.51  6.480524e-05
41.52  6.120462e-05
41.53  5.804688e-05
41.54  5.507357e-05
41.550000000000004  5.189633e-05
41.56  4.875547e-05
41.57  4.44573e-05
41.58  3.942284e-05
41.59  3.532758e-05
41.6  3.140614e-05
41.61  3.034399e-05
41.62  3.054873e-05
41.63  2.916085e-05
41.64  2.816269e-05
41.65  2.519949e-05
41.660000000000004  1.997964e-05
41.67  1.648498e-05
41.68  1.282989e-05
41.69  9.033889e-06
41.7  6.461208e-06
41.71  4.819808e-06
41.72  2.72801e-06
41.730000000000004  8.29911e-07
41.74  -8.643465e-07
41.75  -2.730018e-06
41.76  -4.765184e-06
41.77  -6.594734e-06
41.78  -8.312905e-06
41.79  -9.975136e-06
41.800000000000004  -1.150167e-05
41.81  -1.291117e-05
41.82  -1.422385e-05
41.83  -1.542885e-05
41.84  -1.653218e-05
41.85  -1.758666e-05
41.86  -1.87207e-05
41.87  -1.968251e-05
41.88  -2.048744e-05
41.89  -2.121335e-05
41.9  -2.180919e-05
41.910000000000004  -2.228607e-05
41.92  -2.266396e-05
41.93  -2.294417e-05
41.94  -2.313494e-05
41.95  -2.324215e-05
41.96  -2.327248e-05
41.97  -2.323091e-05
41.980000000000004  -2.312675e-05
41.99  -2.295898e-05
42.0  -2.2733e-05
42.01  -2.245413e-05
42.02  -2.21263e-05
42.03  -2.172702e-05
42.04  -2.125049e-05
42.050000000000004  -2.077241e-05
42.06  -2.027426e-05
42.07  -1.974838e-05
42.08  -1.921448e-05
42.09  -1.869106e-05
42.1  -1.814221e-05
42.11  -1.756314e-05
42.12  -1.697112e-05
42.13  -1.636016e-05
42.14  -1.57317e-05
42.15  -1.508138e-05
42.160000000000004  -1.442357e-05
42.17  -1.376548e-05
42.18  -1.310258e-05
42.19  -1.243842e-05
42.2  -1.177547e-05
42.21  -1.111592e-05
42.22  -1.04579e-05
42.230000000000004  -9.80115e-06
42.24  -9.149084e-06
42.25  -8.503153e-06
42.26  -7.864404e-06
42.27  -7.231561e-06
42.28  -6.607415e-06
42.29  -5.993046e-06
42.300000000000004  -5.388962e-06
42.31  -4.797606e-06
42.32  -4.2199e-06
42.33  -3.656155e-06
42.34  -3.107401e-06
42.35  -2.574178e-06
42.36  -2.057088e-06
42.37  -1.556598e-06
42.38  -1.073232e-06
42.39  -6.073624e-07
42.4  -1.593757e-07
42.410000000000004  2.704798e-07
42.42  6.819183e-07
42.43  1.074762e-06
42.44  1.448854e-06
42.45  1.804112e-06
42.46  2.140481e-06
42.47  2.457971e-06
42.480000000000004  2.756628e-06
42.49  3.036549e-06
42.5  3.297873e-06
