0.0 	 6.01460731942e-09
0.018443378827 	 5.23816271494e-06
0.036886757654 	 7.0482544737e-05
0.055330136481 	 5.84412934881e-05
0.073773515308 	 0.000117886627907
0.092216894135 	 0.00042203528496
0.110660272962 	 0.000962182208567
0.129103651789 	 0.000343722320993
0.147547030616 	 0.000660457988347
0.165990409443 	 0.000807015151638
0.18443378827 	 0.000973852155004
0.202877167097 	 0.000632266725158
0.221320545924 	 0.000760015397384
0.239763924751 	 0.000798752374843
0.258207303578 	 0.000215533780675
0.276650682405 	 0.000511306242949
0.295094061232 	 0.0014058476908
0.313537440059 	 0.000711446813565
0.331980818886 	 0.000786517200986
0.350424197713 	 0.000938663312167
0.36886757654 	 0.000312402545547
0.387310955367 	 0.00137590908057
0.405754334194 	 0.000615518207945
0.424197713021 	 0.000578928289141
0.442641091848 	 0.000485729674515
0.461084470675 	 0.000366704223595
0.479527849502 	 0.000634500126684
0.497971228329 	 8.33580338636e-05
0.516414607156 	 0.000760459336127
0.534857985983 	 0.000568685764771
0.55330136481 	 0.00153888308608
0.571744743637 	 0.000526642786933
0.590188122464 	 0.000351649024658
0.608631501291 	 0.0013311940108
0.627074880118 	 0.00130281459292
0.645518258945 	 0.000380087177829
0.663961637772 	 0.00231720574667
0.682405016599 	 0.0023037563797
0.700848395426 	 0.00123882319273
0.719291774253 	 0.00132633317179
0.73773515308 	 0.000737508224228
0.756178531907 	 9.76163304061e-05
0.774621910734 	 0.00093529033147
0.793065289561 	 0.000941770275563
0.811508668388 	 0.00127738001859
0.829952047215 	 0.000755914272838
0.848395426042 	 0.00088449034202
0.866838804869 	 0.000813612508785
0.885282183696 	 0.000438330672168
0.903725562523 	 0.000835332252427
0.92216894135 	 0.000983967435679
0.940612320177 	 0.000558009680241
0.959055699004 	 0.00040343837615
0.977499077831 	 0.000315935124341
0.995942456658 	 0.00135682609538
1.01438583549 	 0.000188149394092
1.03282921431 	 0.000932366093584
1.05127259314 	 0.00128562084376
1.06971597197 	 0.000190493665321
1.08815935079 	 0.00129004946086
1.10660272962 	 0.000876905488022
1.12504610845 	 0.00108909290834
1.14348948727 	 0.00153578812312
1.1619328661 	 0.000814890565391
1.18037624493 	 0.000131681777742
1.19881962376 	 0.00158560671646
1.21726300258 	 0.00228270855277
1.23570638141 	 0.00150232494339
1.25414976024 	 0.00153612960189
1.27259313906 	 0.00173387797031
1.29103651789 	 0.000714101970632
1.30947989672 	 0.00338707796286
1.32792327554 	 0.00131067093255
1.34636665437 	 0.00129265894743
1.3648100332 	 0.00104631568677
1.38325341203 	 0.000952477726229
1.40169679085 	 0.00175123660362
1.42014016968 	 0.000426454269525
1.43858354851 	 0.00322954607649
1.45702692733 	 0.00187070277835
1.47547030616 	 0.00201688983752
1.49391368499 	 0.00227923165855
1.51235706381 	 0.00123850046384
1.53080044264 	 0.00141853199156
1.54924382147 	 0.00180793828233
1.5676872003 	 0.00110988472761
1.58613057912 	 0.00117846772579
1.60457395795 	 0.000639915571522
1.62301733678 	 0.000368470003804
1.6414607156 	 0.000601921446082
1.65990409443 	 0.000399067194681
1.67834747326 	 0.000147832426354
1.69679085208 	 0.00081730975148
1.71523423091 	 0.00236775332143
1.73367760974 	 0.00139570691996
1.75212098857 	 0.00122253781516
1.77056436739 	 0.0017134534068
1.78900774622 	 0.000928847632842
1.80745112505 	 0.00216578547944
1.82589450387 	 0.00128675662979
1.8443378827 	 0.000979260752656
1.86278126153 	 0.00137720427716
1.88122464035 	 0.000904316846014
1.89966801918 	 0.00035106498491
1.91811139801 	 0.000612381133625
1.93655477684 	 0.000795571527245
1.95499815566 	 0.00162336235483
1.97344153449 	 0.00183690800371
1.99188491332 	 0.0016109447276
2.01032829214 	 0.00108223990526
2.02877167097 	 0.00188394389554
2.0472150498 	 0.00108528490503
2.06565842862 	 0.000614774691569
2.08410180745 	 0.00265723542237
2.10254518628 	 0.00182633362049
2.12098856511 	 0.000900305102724
2.13943194393 	 0.000672082841483
2.15787532276 	 0.00254911484609
2.17631870159 	 0.00286408886133
2.19476208041 	 0.00069158559897
2.21320545924 	 0.000759285172609
2.23164883807 	 0.00160930219272
2.25009221689 	 0.000621913224036
2.26853559572 	 0.000936542298262
2.28697897455 	 0.000914850174852
2.30542235338 	 0.000693415895231
2.3238657322 	 0.00145892011388
2.34230911103 	 0.00172485301862
2.36075248986 	 0.00240491827706
2.37919586868 	 0.00210560448903
2.39763924751 	 0.00174556026734
2.41608262634 	 0.00175092232255
2.43452600516 	 0.00142040567082
2.45296938399 	 0.00150388686657
2.47141276282 	 0.000361208864179
2.48985614165 	 0.00116301695009
2.50829952047 	 0.000500151440473
2.5267428993 	 0.000504329236426
2.54518627813 	 0.00132871966671
2.56362965695 	 0.00109411744078
2.58207303578 	 0.000341886711548
2.60051641461 	 0.000978953533054
2.61895979343 	 0.000939883518165
2.63740317226 	 0.00178884314938
2.65584655109 	 0.00200342078231
2.67428992992 	 0.00153933603889
2.69273330874 	 0.00189539891291
2.71117668757 	 0.000422721410521
2.7296200664 	 0.000780252817235
2.74806344522 	 0.000543696309077
2.76650682405 	 0.000675357407673
2.78495020288 	 0.00127307923937
2.8033935817 	 0.00169196693653
2.82183696053 	 0.00163366890094
2.84028033936 	 0.00101204719655
2.85872371819 	 0.000580933011686
2.87716709701 	 0.000712620879371
2.89561047584 	 0.00123100588362
2.91405385467 	 0.00160247506814
2.93249723349 	 0.000875343323935
2.95094061232 	 0.00132568778004
2.96938399115 	 0.0014220819228
2.98782736997 	 0.00158115103343
3.0062707488 	 0.0013717847088
3.02471412763 	 0.000656810877852
3.04315750646 	 0.000825760438606
3.06160088528 	 0.00131816390331
3.08004426411 	 0.00151829463001
3.09848764294 	 0.0013431417383
3.11693102176 	 0.00204009729196
3.13537440059 	 0.00121586229746
3.15381777942 	 0.00170147652808
3.17226115824 	 0.00122481924888
3.19070453707 	 0.000900791923219
3.2091479159 	 0.000463544528314
3.22759129473 	 0.000615740679259
3.24603467355 	 0.000122795971889
3.26447805238 	 0.0010193672828
3.28292143121 	 0.000113908589519
3.30136481003 	 0.001771485174
3.31980818886 	 0.0012429562007
3.33825156769 	 0.00201574785161
3.35669494651 	 0.00144773726797
3.37513832534 	 0.000460177584416
3.39358170417 	 0.000905854475595
3.412025083 	 0.000609013496281
3.43046846182 	 0.000212675100402
3.44891184065 	 0.000995762388829
3.46735521948 	 0.00110471070235
3.4857985983 	 0.000467433551801
3.50424197713 	 0.00024919848442
3.52268535596 	 0.000666553095149
3.54112873478 	 0.00148394650319
3.55957211361 	 0.000987114857138
3.57801549244 	 0.00188432247154
3.59645887127 	 0.00093859363674
3.61490225009 	 0.0014765013905
3.63334562892 	 0.00127093368291
3.65178900775 	 0.00175687158852
3.67023238657 	 0.00250931368332
3.6886757654 	 0.00206413100808
3.70711914423 	 0.00169453928631
3.72556252305 	 0.000270791088235
3.74400590188 	 0.000848622801321
3.76244928071 	 0.000648752903141
3.78089265954 	 0.000540366722405
3.79933603836 	 0.000757324580987
3.81777941719 	 0.000418762727484
3.83622279602 	 0.000581568466103
3.85466617484 	 0.00196612494128
3.87310955367 	 0.00133558954734
3.8915529325 	 0.00137009736239
3.90999631132 	 0.000521123499393
3.92843969015 	 0.00129243764646
3.94688306898 	 0.0011874423763
3.96532644781 	 0.0014295981127
3.98376982663 	 0.00121704300903
4.00221320546 	 0.000937527238145
4.02065658429 	 0.00172228963653
4.03909996311 	 0.00179571146887
4.05754334194 	 0.00176623122285
4.07598672077 	 0.00161070701615
4.09443009959 	 0.00160700010774
4.11287347842 	 0.0019300509715
4.13131685725 	 0.00120229311188
4.14976023608 	 0.00226601189533
4.1682036149 	 0.00208392067042
4.18664699373 	 0.00193888989764
4.20509037256 	 0.000947346509381
4.22353375138 	 0.00110834351174
4.24197713021 	 0.000897581653379
4.26042050904 	 0.000445476693411
4.27886388786 	 0.000859282021
4.29730726669 	 0.000428443693884
4.31575064552 	 0.00031910602094
4.33419402435 	 0.0023188749134
4.35263740317 	 0.00326552946146
4.371080782 	 0.00402953698947
4.38952416083 	 0.00374778734795
4.40796753965 	 0.00275197675586
4.42641091848 	 0.0010380325741
4.44485429731 	 0.00101814917705
4.46329767613 	 0.000720156098668
4.48174105496 	 0.000877392948241
4.50018443379 	 0.00137321219832
4.51862781262 	 0.00170882868138
4.53707119144 	 0.00109090164379
4.55551457027 	 0.000914198100673
4.5739579491 	 0.000663830260645
4.59240132792 	 0.00109997809678
4.61084470675 	 0.00198242758815
4.62928808558 	 0.00091806768839
4.6477314644 	 0.00109378196536
4.66617484323 	 0.00116705737533
4.68461822206 	 0.000706553327173
4.70306160089 	 0.000609359665417
4.72150497971 	 0.000447462398084
4.73994835854 	 0.000372648783598
4.75839173737 	 0.000438689138227
4.77683511619 	 0.000100995766113
4.79527849502 	 0.00071924815248
4.81372187385 	 0.00100072648973
4.83216525267 	 0.000236625423906
4.8506086315 	 0.000806432827165
4.86905201033 	 0.00105972057008
4.88749538916 	 0.00110591602929
4.90593876798 	 9.05730520566e-05
4.92438214681 	 0.000777524925594
4.94282552564 	 0.00102032189982
4.96126890446 	 0.00072787121286
4.97971228329 	 0.000928587300371
4.99815566212 	 0.00123515548768
5.01659904094 	 0.00126751517087
5.03504241977 	 0.000393798458979
5.0534857986 	 0.00045302937824
5.07192917743 	 0.000641760818077
5.09037255625 	 0.000468914386962
5.10881593508 	 0.000593541816421
5.12725931391 	 0.000507816091783
5.14570269273 	 0.000745332428072
5.16414607156 	 0.000384891312656
5.18258945039 	 0.000881194947383
5.20103282921 	 0.000852210428378
5.21947620804 	 0.00092115394453
5.23791958687 	 0.000605537978298
5.2563629657 	 0.00105294665721
5.27480634452 	 0.000867406705985
5.29324972335 	 0.000692812619346
5.31169310218 	 0.000388807437749
5.330136481 	 0.000465228742759
5.34857985983 	 0.000842052091274
5.36702323866 	 0.00081405851573
5.38546661748 	 0.000474447550815
5.40390999631 	 0.000833922667121
5.42235337514 	 0.000584868572277
5.44079675397 	 0.000364515152708
5.45924013279 	 0.000549640775519
5.47768351162 	 0.00029922427362
5.49612689045 	 0.000676584196468
5.51457026927 	 0.00112627608705
5.5330136481 	 0.00154513375001
5.55145702693 	 0.0015845145246
5.56990040575 	 0.00146078326013
5.58834378458 	 0.000882585844564
5.60678716341 	 0.000652862026288
5.62523054224 	 0.000702506002175
5.64367392106 	 0.000887260303144
5.66211729989 	 0.0012654034808
5.68056067872 	 0.000785841060987
5.69900405754 	 0.000696625879631
5.71744743637 	 0.000173747323343
5.7358908152 	 0.00058378999508
5.75433419402 	 0.00139585650264
5.77277757285 	 0.000969613488418
5.79122095168 	 0.00121971576729
5.80966433051 	 0.00067193641369
5.82810770933 	 0.000553123870424
5.84655108816 	 0.00027076802413
5.86499446699 	 0.000377959692323
5.88343784581 	 0.00039044713753
5.90188122464 	 0.000977061261095
5.92032460347 	 0.000779447705783
5.93876798229 	 0.00102283391443
5.95721136112 	 0.000941964607908
5.97565473995 	 0.00131462413396
5.99409811878 	 0.0010711043976
6.0125414976 	 0.000547131937406
6.03098487643 	 0.000422288132867
6.04942825526 	 0.000263630817839
6.06787163408 	 0.000585369435237
6.08631501291 	 0.00049825111694
6.10475839174 	 0.000725935491066
6.12320177056 	 0.000760170271274
6.14164514939 	 0.000753388054864
6.16008852822 	 0.000358159360648
6.17853190705 	 0.0010361108886
6.19697528587 	 0.000568344733778
6.2154186647 	 0.00101501884449
6.23386204353 	 0.00108139834887
6.25230542235 	 0.00111183890421
6.27074880118 	 0.000802463255162
6.28919218001 	 0.000526487826729
6.30763555883 	 0.000897133167128
6.32607893766 	 0.000624801028403
6.34452231649 	 0.000393906873732
6.36296569532 	 0.000953215578684
6.38140907414 	 0.000461682257337
6.39985245297 	 0.000699096379074
6.4182958318 	 0.000338119041987
6.43673921062 	 0.000673830918101
6.45518258945 	 0.00054583732602
6.47362596828 	 0.00114297516266
6.4920693471 	 0.00097684584998
6.51051272593 	 0.000667651017307
6.52895610476 	 0.000394626633144
6.54739948359 	 0.000287176909539
6.56584286241 	 0.000724249311866
6.58428624124 	 0.00030281549234
6.60272962007 	 0.000406569749631
6.62117299889 	 0.000719987001719
6.63961637772 	 0.00108469721596
6.65805975655 	 0.00112454093864
6.67650313537 	 0.00120578313925
6.6949465142 	 0.000832501624144
6.71338989303 	 0.000724791447318
6.73183327186 	 0.000112537683266
6.75027665068 	 0.000657659842212
6.76872002951 	 0.000790515690672
6.78716340834 	 0.00078850135861
6.80560678716 	 0.000436599828811
6.82405016599 	 0.000108924621009
6.84249354482 	 0.00012289733199
6.86093692364 	 0.000199920238194
6.87938030247 	 0.000551696182821
6.8978236813 	 0.000182449041105
6.91626706013 	 0.000250074084647
6.93471043895 	 0.00063552329346
6.95315381778 	 0.000656264934451
6.97159719661 	 0.00105189634549
6.99004057543 	 0.000677382897603
7.00848395426 	 0.000136705228895
7.02692733309 	 0.000311033592236
7.04537071191 	 0.000767341812582
7.06381409074 	 0.00124779157088
7.08225746957 	 0.000869713405102
7.1007008484 	 0.000226465436212
7.11914422722 	 0.000634083843352
7.13758760605 	 0.000599512479533
7.15603098488 	 0.000487295306172
7.1744743637 	 0.000868179383724
7.19291774253 	 0.00100798288735
7.21136112136 	 0.00134483240581
7.22980450018 	 0.00132777451425
7.24824787901 	 0.00043227510519
7.26669125784 	 0.000824849198931
7.28513463667 	 0.000155793249924
7.30357801549 	 0.000327127577208
7.32202139432 	 0.000850240554413
7.34046477315 	 0.000676313725156
7.35890815197 	 0.000931463890463
7.3773515308 	 0.000776884009751
7.39579490963 	 0.000515418714142
7.41423828845 	 0.000680976297794
7.43268166728 	 0.000493227410255
7.45112504611 	 0.000255698436111
7.46956842494 	 0.000360559712278
7.48801180376 	 0.000595379952527
7.50645518259 	 0.000202322387517
7.52489856142 	 0.000312864051788
7.54334194024 	 0.000527879671624
7.56178531907 	 0.000757270229503
7.5802286979 	 0.000985641154942
7.59867207672 	 0.000232868676446
7.61711545555 	 0.000407592109992
7.63555883438 	 0.000545121420004
7.65400221321 	 0.000412222691793
7.67244559203 	 0.000419699355636
7.69088897086 	 0.000436905641219
7.70933234969 	 0.000261510049369
7.72777572851 	 0.000226907839195
7.74621910734 	 0.000435666144889
7.76466248617 	 0.000162235079779
7.78310586499 	 0.000245416397856
7.80154924382 	 0.000575426941703
7.81999262265 	 0.000296908562222
7.83843600148 	 0.000245505030301
7.8568793803 	 0.000266303678135
7.87532275913 	 0.000318890148998
7.89376613796 	 0.000307220700952
7.91220951678 	 0.00041311768891
7.93065289561 	 0.000995758887513
7.94909627444 	 0.000657326310163
7.96753965326 	 0.000401671099076
7.98598303209 	 0.000130042925714
8.00442641092 	 0.000201241426961
8.02286978975 	 8.79464746637e-05
8.04131316857 	 0.000153304639918
8.0597565474 	 9.77428311595e-05
8.07819992623 	 0.000559483837536
8.09664330505 	 0.000286186764065
8.11508668388 	 0.000547074334222
8.13353006271 	 0.00103953765168
8.15197344153 	 0.000926342677842
8.17041682036 	 0.000860033477012
8.18886019919 	 0.000886590714968
8.20730357802 	 0.000708955144209
8.22574695684 	 0.000744108880734
8.24419033567 	 0.000577705933767
8.2626337145 	 0.000338858268113
8.28107709332 	 0.000317684960107
8.29952047215 	 0.000670764027823
8.31796385098 	 0.000511830883588
8.3364072298 	 0.000399727572736
8.35485060863 	 0.000209303523972
8.37329398746 	 0.000352195173534
8.39173736629 	 0.000487458075623
8.41018074511 	 0.000355318633809
8.42862412394 	 0.000234751555435
8.44706750277 	 0.000385584330369
8.46551088159 	 0.000297763589474
8.48395426042 	 0.000432295494088
8.50239763925 	 0.000422234989187
8.52084101807 	 0.000280970698318
8.5392843969 	 0.000449518314605
8.55772777573 	 0.000586575076627
8.57617115456 	 0.000562812741042
8.59461453338 	 0.000367197275037
8.61305791221 	 0.000341098921784
8.63150129104 	 0.000632449503303
8.64994466986 	 0.000542158180805
8.66838804869 	 0.000350880430597
8.68683142752 	 0.000288723426677
8.70527480634 	 0.000448017381217
8.72371818517 	 0.000633438069698
8.742161564 	 0.000571448861257
8.76060494283 	 0.000332597774609
8.77904832165 	 0.000228674880856
8.79749170048 	 0.000234066853883
8.81593507931 	 0.000475053764344
8.83437845813 	 0.000474106699321
8.85282183696 	 0.000461762724576
8.87126521579 	 0.000407472550419
8.88970859461 	 0.000238159218453
8.90815197344 	 0.000586734355376
8.92659535227 	 0.000393178080288
8.9450387311 	 0.00017462819461
8.96348210992 	 8.19395685241e-05
8.98192548875 	 0.000417797361612
9.00036886758 	 0.000351093436637
9.0188122464 	 0.000149421264998
9.03725562523 	 0.000274698918782
9.05569900406 	 0.000252156897387
9.07414238288 	 0.000215426241501
9.09258576171 	 0.000274987729676
9.11102914054 	 0.000198365910362
9.12947251937 	 0.000133823168984
9.14791589819 	 0.000448352216009
9.16635927702 	 0.000565575478259
9.18480265585 	 0.000413424272487
9.20324603467 	 0.000461315571578
9.2216894135 	 0.000342509013891
9.24013279233 	 0.000559883193411
9.25857617115 	 0.000547441763799
9.27701954998 	 0.000483564582093
9.29546292881 	 0.000479264850624
9.31390630764 	 0.000776307368986
9.33234968646 	 0.000975810573008
9.35079306529 	 0.000481028018167
9.36923644412 	 4.44696339364e-05
9.38767982294 	 0.000354305644524
9.40612320177 	 0.000520530756402
9.4245665806 	 0.000541724632858
9.44300995942 	 0.000263184176898
9.46145333825 	 0.000659767606546
9.47989671708 	 0.000691890743969
9.49834009591 	 0.000415433101437
9.51678347473 	 0.000349678246525
9.53522685356 	 0.000675665407764
9.55367023239 	 0.000674179100784
9.57211361121 	 0.000451577335978
9.59055699004 	 0.000727303475423
9.60900036887 	 0.000836740612348
9.62744374769 	 0.000773407958744
9.64588712652 	 0.000599548642182
9.66433050535 	 0.000635922340554
9.68277388418 	 0.000865302958235
9.701217263 	 0.0010476069252
9.71966064183 	 0.000911216530383
9.73810402066 	 0.000724867221808
9.75654739948 	 0.000540343866847
9.77499077831 	 0.000465968231194
9.79343415714 	 0.000488333770326
9.81187753596 	 0.000159209017561
9.83032091479 	 0.000408250672898
9.84876429362 	 0.000282921744573
9.86720767245 	 0.000488626200393
9.88565105127 	 0.000440187266105
9.9040944301 	 0.000621971994334
9.92253780893 	 0.000414367574336
9.94098118775 	 0.000583782178196
9.95942456658 	 0.000641819937238
9.97786794541 	 0.00042212998646
9.99631132423 	 0.000241525229289
10.0147547031 	 0.000138019419197
10.0331980819 	 0.000546832724607
10.0516414607 	 0.000283666577282
10.0700848395 	 0.000725666161847
10.0885282184 	 0.000516053791555
10.1069715972 	 0.000574424746446
10.125414976 	 0.000402722097432
10.1438583549 	 0.000354994108168
10.1623017337 	 0.000331028060852
10.1807451125 	 0.000685303442159
10.1991884913 	 0.000321310052507
10.2176318702 	 0.000394821588262
10.236075249 	 0.000138432930148
10.2545186278 	 0.00011557671223
10.2729620066 	 0.000279644579036
10.2914053855 	 0.000469425291588
10.3098487643 	 0.000418223179677
10.3282921431 	 0.000240246835537
10.3467355219 	 0.000657839057978
10.3651789008 	 0.000253101738301
10.3836222796 	 0.000222841888652
10.4020656584 	 0.000243627372858
10.4205090373 	 0.000591330370095
10.4389524161 	 0.000452791845021
10.4573957949 	 0.000456539356579
10.4758391737 	 0.00038243937335
10.4942825526 	 0.000327328518458
10.5127259314 	 0.000673687595041
10.5311693102 	 0.000304144465205
10.549612689 	 0.000478731912053
10.5680560679 	 0.000258275629786
10.5864994467 	 0.000450702286973
10.6049428255 	 0.000257994974062
10.6233862044 	 4.8460592139e-05
10.6418295832 	 7.6378732251e-05
10.660272962 	 7.01154941213e-05
10.6787163408 	 4.17054690176e-05
10.6971597197 	 0.000156721696097
10.7156030985 	 0.000304736047841
10.7340464773 	 0.000259312112665
10.7524898561 	 0.000199067037063
10.770933235 	 0.000349629080794
10.7893766138 	 0.000283074801179
10.8078199926 	 0.000540074620042
10.8262633714 	 0.000461546401646
10.8447067503 	 0.000104426340307
10.8631501291 	 0.000234337636175
10.8815935079 	 0.00024694485356
10.9000368868 	 0.000211091286777
10.9184802656 	 0.000310789924101
10.9369236444 	 0.000366419350247
10.9553670232 	 0.000368192201132
10.9738104021 	 0.00024671647564
10.9922537809 	 0.000368254388001
11.0106971597 	 0.000217650571052
11.0291405385 	 0.00016290871308
11.0475839174 	 0.000222580674518
11.0660272962 	 0.000269399621263
11.084470675 	 0.000235148910599
11.1029140539 	 0.000314607089773
11.1213574327 	 0.000202650962913
11.1398008115 	 0.000224027764413
11.1582441903 	 0.000151612884383
11.1766875692 	 0.000161720396266
11.195130948 	 1.95664169665e-05
11.2135743268 	 0.000342447673413
11.2320177056 	 0.000566050061831
11.2504610845 	 0.000444759151823
11.2689044633 	 0.000356908720429
11.2873478421 	 0.00020535533566
11.305791221 	 0.000178670023853
11.3242345998 	 0.000192111698773
11.3426779786 	 0.000213062019674
11.3611213574 	 0.000322953335667
11.3795647363 	 0.000114307440261
11.3980081151 	 0.000218327283151
11.4164514939 	 1.84493003249e-05
11.4348948727 	 0.000173366409742
11.4533382516 	 0.000352866589788
11.4717816304 	 0.000258415655266
11.4902250092 	 0.000163037959882
11.508668388 	 0.000166067140236
11.5271117669 	 8.11728431243e-05
11.5455551457 	 0.000181928641401
11.5639985245 	 0.000144060694511
11.5824419034 	 0.000141076894766
11.6008852822 	 0.000274250648761
11.619328661 	 0.000191531711099
11.6377720398 	 0.000159325791924
11.6562154187 	 0.000123429384411
11.6746587975 	 8.00549572519e-05
11.6931021763 	 0.000207851722574
11.7115455551 	 8.86643264783e-05
11.729988934 	 0.000314935736401
11.7484323128 	 0.000145467922939
11.7668756916 	 0.000196629552753
11.7853190705 	 9.52472044604e-05
11.8037624493 	 9.305527783e-05
11.8222058281 	 0.000174038263491
11.8406492069 	 0.000337780326067
11.8590925858 	 0.000575913716674
11.8775359646 	 0.000652065374194
11.8959793434 	 0.000381585786205
11.9144227222 	 0.000312216675148
11.9328661011 	 0.000306418527438
11.9513094799 	 0.000204885662145
11.9697528587 	 0.000230251661711
11.9881962376 	 0.00021125469889
12.0066396164 	 0.000297802828646
12.0250829952 	 0.000330111578432
12.043526374 	 0.000262639481093
12.0619697529 	 0.000238827886697
12.0804131317 	 5.25267864267e-05
12.0988565105 	 0.000220068853832
12.1172998893 	 0.000189760793386
12.1357432682 	 0.000327850612671
12.154186647 	 0.00025730990152
12.1726300258 	 0.000180347331632
12.1910734046 	 0.000166198156056
12.2095167835 	 0.000117081610364
12.2279601623 	 0.000176756106499
12.2464035411 	 0.000199131123406
12.26484692 	 0.00021287409889
12.2832902988 	 0.000143992139034
12.3017336776 	 0.000384586849452
12.3201770564 	 0.000381591012042
12.3386204353 	 0.000157979482659
12.3570638141 	 0.000229495041156
12.3755071929 	 0.000445793810266
12.3939505717 	 0.00051927570282
12.4123939506 	 0.000624482766955
12.4308373294 	 0.000405117598833
12.4492807082 	 0.000248689453147
12.4677240871 	 0.00033881361614
12.4861674659 	 0.000237964270272
12.5046108447 	 0.000260326661491
12.5230542235 	 0.000279377823301
12.5414976024 	 0.00028802117126
12.5599409812 	 0.000178338604443
12.57838436 	 0.000274096909183
12.5968277388 	 0.000130638788782
12.6152711177 	 0.000129839504591
12.6337144965 	 5.46407972935e-05
12.6521578753 	 0.000191577972228
12.6706012541 	 0.000162535748653
12.689044633 	 0.000105753408467
12.7074880118 	 6.25961405731e-05
12.7259313906 	 0.000104244891959
12.7443747695 	 2.39521899232e-05
12.7628181483 	 5.37461029038e-05
12.7812615271 	 5.04647894936e-05
12.7997049059 	 2.01653929761e-05
12.8181482848 	 9.98225146475e-05
12.8365916636 	 0.000172605238591
12.8550350424 	 0.000204081733002
12.8734784212 	 0.000230116185307
12.8919218001 	 0.000325847074392
12.9103651789 	 0.000267241320716
12.9288085577 	 0.00018992513053
12.9472519366 	 0.000124085873607
12.9656953154 	 0.000135786677909
12.9841386942 	 7.62543219279e-05
13.002582073 	 0.00019980998412
13.0210254519 	 0.000155886748985
13.0394688307 	 9.35298494269e-05
13.0579122095 	 0.000242086017752
13.0763555883 	 0.000101239302288
13.0947989672 	 0.000132304738253
13.113242346 	 6.27273806203e-05
13.1316857248 	 6.11610988016e-05
13.1501291037 	 5.03890762419e-05
13.1685724825 	 5.80950128876e-05
13.1870158613 	 0.00017594064313
13.2054592401 	 0.000102138646896
13.223902619 	 9.13741940906e-05
13.2423459978 	 5.96255486143e-05
13.2607893766 	 7.71345910354e-05
13.2792327554 	 0.000126456014191
13.2976761343 	 0.000115556314113
13.3161195131 	 0.000104939431407
13.3345628919 	 3.06530550779e-05
13.3530062707 	 3.25833742496e-05
13.3714496496 	 7.50382462132e-05
13.3898930284 	 5.18482374208e-05
13.4083364072 	 0.00018019908813
13.4267797861 	 9.95627311741e-05
13.4452231649 	 3.8147906705e-05
13.4636665437 	 0.000120369955611
13.4821099225 	 9.40560907655e-05
13.5005533014 	 0.000159499981278
13.5189966802 	 7.11482698845e-05
13.537440059 	 7.69783616196e-05
13.5558834378 	 2.03376384299e-05
13.5743268167 	 0.000149580321091
13.5927701955 	 2.24403689347e-05
13.6112135743 	 8.05229602072e-05
13.6296569532 	 0.00011624790057
13.648100332 	 9.38496511112e-05
13.6665437108 	 2.02287182009e-05
13.6849870896 	 5.15267316544e-05
13.7034304685 	 5.78677145012e-05
13.7218738473 	 5.36381016283e-05
13.7403172261 	 6.84633142873e-05
13.7587606049 	 5.44792526452e-05
13.7772039838 	 3.01423774047e-05
13.7956473626 	 3.51379078616e-05
13.8140907414 	 8.86545516152e-05
13.8325341203 	 0.000110435286487
13.8509774991 	 5.81908881877e-05
13.8694208779 	 2.55161673683e-05
13.8878642567 	 8.89008965356e-05
13.9063076356 	 9.71143942524e-05
13.9247510144 	 5.22280787533e-05
13.9431943932 	 6.46526803123e-05
13.961637772 	 7.10132456249e-05
13.9800811509 	 7.29012489595e-05
13.9985245297 	 2.28647974244e-05
14.0169679085 	 5.58655403868e-05
14.0354112873 	 5.54376840264e-05
14.0538546662 	 7.80377271942e-05
14.072298045 	 0.00010825132807
14.0907414238 	 0.000146616605572
14.1091848027 	 7.19087815284e-05
14.1276281815 	 6.24385290992e-05
14.1460715603 	 7.11305983206e-05
14.1645149391 	 2.40185859063e-05
14.182958318 	 8.9906768937e-05
14.2014016968 	 2.37498056601e-05
14.2198450756 	 7.36229628744e-05
14.2382884544 	 4.47039825398e-05
14.2567318333 	 6.89262942373e-05
14.2751752121 	 5.76038589905e-05
14.2936185909 	 5.56975439317e-05
14.3120619698 	 0.000105668399376
14.3305053486 	 0.000123388439398
14.3489487274 	 9.92184687969e-05
14.3673921062 	 3.64035354763e-05
14.3858354851 	 7.85812753683e-05
14.4042788639 	 4.25013314383e-05
14.4227222427 	 8.52160541277e-05
14.4411656215 	 9.34722992952e-05
14.4596090004 	 0.000115554039119
14.4780523792 	 8.00854212835e-05
14.496495758 	 7.81533882529e-05
14.5149391368 	 2.99183816219e-05
14.5333825157 	 9.63667334083e-05
14.5518258945 	 0.000113570733332
14.5702692733 	 9.06778235602e-05
14.5887126522 	 9.68088615736e-05
14.607156031 	 0.000102119699438
14.6255994098 	 9.99438514186e-05
14.6440427886 	 7.09684927515e-05
14.6624861675 	 2.70366675122e-05
14.6809295463 	 8.24843248446e-05
14.6993729251 	 7.02098732694e-05
14.7178163039 	 0.000104544623268
14.7362596828 	 7.49251330363e-05
14.7547030616 	 7.90162812277e-05
14.7731464404 	 6.42586047208e-05
14.7915898193 	 3.27961699955e-05
14.8100331981 	 3.69751837685e-05
14.8284765769 	 4.06351372083e-05
14.8469199557 	 3.62417266252e-05
14.8653633346 	 4.03462047252e-05
14.8838067134 	 5.42088313991e-05
14.9022500922 	 2.3498460241e-05
14.920693471 	 6.1148625038e-05
14.9391368499 	 1.85839178453e-05
14.9575802287 	 2.40799351714e-05
14.9760236075 	 6.23601511983e-05
14.9944669864 	 4.85463555667e-05
15.0129103652 	 5.43755490847e-05
15.031353744 	 3.38602291414e-05
15.0497971228 	 4.78273987787e-05
15.0682405017 	 2.33956607556e-05
15.0866838805 	 1.50686767401e-05
15.1051272593 	 6.50495360569e-05
15.1235706381 	 8.74721305372e-05
15.142014017 	 7.31720692012e-05
15.1604573958 	 9.83876360012e-05
15.1789007746 	 2.67850473131e-05
15.1973441534 	 3.97478292064e-05
15.2157875323 	 1.32229270302e-05
15.2342309111 	 3.03764628944e-05
15.2526742899 	 4.69486851299e-05
15.2711176688 	 4.29928693773e-05
15.2895610476 	 4.96410574799e-05
15.3080044264 	 5.67954695479e-05
15.3264478052 	 5.13858572281e-05
15.3448911841 	 5.33723633235e-05
15.3633345629 	 5.1243965783e-05
15.3817779417 	 9.20358588632e-05
15.4002213205 	 0.00010266174698
15.4186646994 	 4.73144190365e-05
15.4371080782 	 4.69102494504e-05
15.455551457 	 2.32634870657e-05
15.4739948359 	 1.88992294466e-05
15.4924382147 	 5.78339211219e-05
15.5108815935 	 6.43379290398e-05
15.5293249723 	 8.30128813578e-05
15.5477683512 	 6.03168552225e-05
15.56621173 	 4.84426360619e-05
15.5846551088 	 4.42579932452e-05
15.6030984876 	 3.55198693999e-05
15.6215418665 	 1.36697744996e-05
15.6399852453 	 2.76451987776e-05
15.6584286241 	 5.12759701774e-05
15.676872003 	 5.39152221231e-05
15.6953153818 	 7.85158898796e-05
15.7137587606 	 6.44437378592e-05
15.7322021394 	 4.3023031578e-05
15.7506455183 	 3.69832131811e-05
15.7690888971 	 8.88986083079e-06
15.7875322759 	 9.66198178445e-06
15.8059756547 	 2.92462788608e-05
15.8244190336 	 2.89075623932e-05
15.8428624124 	 1.0258315686e-05
15.8613057912 	 4.19590369975e-05
15.87974917 	 7.61082057674e-05
15.8981925489 	 6.65765717508e-05
15.9166359277 	 3.04859604828e-05
15.9350793065 	 1.88851121769e-05
15.9535226854 	 1.7416629625e-05
15.9719660642 	 2.95866730089e-05
15.990409443 	 2.89812541455e-05
16.0088528218 	 1.98062535302e-05
16.0272962007 	 2.63086249449e-05
16.0457395795 	 7.33006840299e-06
16.0641829583 	 2.28935185837e-05
16.0826263371 	 4.82294253833e-05
16.101069716 	 3.60706914372e-05
16.1195130948 	 4.95243136043e-05
16.1379564736 	 1.61573236077e-05
16.1563998525 	 4.90015926211e-05
16.1748432313 	 5.35471681702e-05
16.1932866101 	 5.33039664799e-05
16.2117299889 	 4.15804979479e-05
16.2301733678 	 1.75641657504e-05
16.2486167466 	 1.19537129335e-05
16.2670601254 	 3.44453689236e-05
16.2855035042 	 4.86583006584e-05
16.3039468831 	 1.58190219373e-05
16.3223902619 	 1.59350829117e-05
16.3408336407 	 2.56312878811e-05
16.3592770195 	 3.83845055385e-05
16.3777203984 	 4.14299717498e-05
16.3961637772 	 4.14277270083e-05
16.414607156 	 5.25616246798e-05
16.4330505349 	 5.70487473611e-05
16.4514939137 	 3.74683169214e-05
16.4699372925 	 5.06549457692e-05
16.4883806713 	 8.75727703737e-06
16.5068240502 	 1.80252851986e-05
16.525267429 	 4.50615509967e-05
16.5437108078 	 5.52551614373e-05
16.5621541866 	 5.24978502703e-05
16.5805975655 	 2.59354529464e-05
16.5990409443 	 1.68602523603e-05
16.6174843231 	 4.69540052956e-05
16.635927702 	 4.52571507004e-05
16.6543710808 	 4.3715115313e-05
16.6728144596 	 4.71556102202e-05
16.6912578384 	 5.05288828122e-05
16.7097012173 	 5.998098232e-05
16.7281445961 	 5.16423652119e-05
16.7465879749 	 6.25749498009e-05
16.7650313537 	 7.09863389374e-05
16.7834747326 	 6.55946179463e-05
16.8019181114 	 5.12845589558e-05
16.8203614902 	 3.05571824511e-05
16.8388048691 	 1.46499956623e-05
16.8572482479 	 1.08591839818e-05
16.8756916267 	 2.20461064859e-05
16.8941350055 	 2.08207216424e-05
16.9125783844 	 3.64169828624e-05
16.9310217632 	 3.27916827457e-05
16.949465142 	 9.55065410709e-06
16.9679085208 	 1.38453461016e-05
16.9863518997 	 1.63093384089e-05
17.0047952785 	 9.08579680035e-06
17.0232386573 	 1.67840225639e-05
17.0416820361 	 1.79317918422e-05
17.060125415 	 2.6845949615e-05
17.0785687938 	 4.49245840723e-05
17.0970121726 	 1.94104365044e-05
17.1154555515 	 2.86543475513e-05
17.1338989303 	 3.32041123356e-05
17.1523423091 	 2.65324338149e-05
17.1707856879 	 2.36748756499e-05
17.1892290668 	 1.38108005206e-05
17.2076724456 	 1.88171931097e-05
17.2261158244 	 1.71641755847e-05
17.2445592032 	 1.26118934593e-05
17.2630025821 	 8.08733358713e-06
17.2814459609 	 2.84728017117e-06
17.2998893397 	 6.4689765116e-06
17.3183327186 	 8.94658844845e-06
17.3367760974 	 6.81037013892e-06
17.3552194762 	 1.5553306559e-05
17.373662855 	 1.29480431025e-05
17.3921062339 	 1.77305166848e-05
17.4105496127 	 1.28572482356e-05
17.4289929915 	 2.78269111881e-05
17.4474363703 	 4.22757519096e-05
17.4658797492 	 2.65007743973e-05
17.484323128 	 4.00441798763e-05
17.5027665068 	 3.73697493522e-05
17.5212098857 	 2.14554950719e-05
17.5396532645 	 2.60822257802e-05
17.5580966433 	 2.53187153295e-05
17.5765400221 	 2.36924284895e-05
17.594983401 	 2.12858646247e-05
17.6134267798 	 1.25339819331e-05
17.6318701586 	 2.38956811729e-05
17.6503135374 	 1.2651310877e-05
17.6687569163 	 1.382127258e-05
17.6872002951 	 2.37125371628e-05
17.7056436739 	 3.50523183643e-05
17.7240870527 	 3.02991809563e-05
17.7425304316 	 2.85560391232e-05
17.7609738104 	 7.31160003708e-06
17.7794171892 	 1.02205679842e-05
17.7978605681 	 1.28345814309e-05
17.8163039469 	 1.77630401645e-05
17.8347473257 	 3.03714891375e-05
17.8531907045 	 4.54862549015e-05
17.8716340834 	 4.70774217682e-05
17.8900774622 	 4.38118310061e-05
17.908520841 	 2.59982467929e-05
17.9269642198 	 2.09617488956e-05
17.9454075987 	 1.7194569766e-05
17.9638509775 	 1.70916813082e-06
17.9822943563 	 3.56132671103e-06
18.0007377352 	 1.20448589121e-05
18.019181114 	 1.17515753978e-05
18.0376244928 	 1.16476370652e-05
18.0560678716 	 1.2217936666e-05
18.0745112505 	 1.55180148136e-05
18.0929546293 	 2.32325306095e-05
18.1113980081 	 3.55335140503e-05
18.1298413869 	 3.15713746199e-05
18.1482847658 	 2.66451580473e-05
18.1667281446 	 4.49749936189e-05
18.1851715234 	 3.56990294619e-05
18.2036149023 	 3.14911561162e-05
18.2220582811 	 2.65660167388e-05
18.2405016599 	 2.46962666182e-05
18.2589450387 	 3.65854836652e-05
18.2773884176 	 2.23994039727e-05
18.2958317964 	 1.28805656161e-05
18.3142751752 	 2.12776089642e-05
18.332718554 	 1.52358421551e-05
18.3511619329 	 1.3373119233e-05
18.3696053117 	 4.19871523454e-06
18.3880486905 	 5.93701213896e-06
18.4064920693 	 2.38518223241e-05
18.4249354482 	 1.84168702022e-05
18.443378827 	 2.13513352654e-05
18.4618222058 	 1.73523118557e-05
18.4802655847 	 2.10601830188e-05
18.4987089635 	 1.58501069925e-05
18.5171523423 	 1.71337388799e-05
18.5355957211 	 1.14184533053e-05
18.5540391 	 2.06271183531e-05
18.5724824788 	 4.10880421191e-05
18.5909258576 	 3.64889465046e-05
18.6093692364 	 3.56921325671e-05
18.6278126153 	 3.71855070044e-05
18.6462559941 	 2.75525398049e-05
18.6646993729 	 1.91006951006e-05
18.6831427518 	 6.00711140003e-06
18.7015861306 	 1.84629191505e-05
18.7200295094 	 1.94987150738e-05
18.7384728882 	 2.00859943648e-05
18.7569162671 	 1.52885523004e-05
18.7753596459 	 1.958607434e-05
18.7938030247 	 2.7242023325e-05
18.8122464035 	 9.55617982143e-06
18.8306897824 	 5.86980503589e-06
18.8491331612 	 8.87285416216e-06
18.86757654 	 7.46694397494e-06
18.8860199188 	 6.67674246312e-06
18.9044632977 	 2.04283683047e-05
18.9229066765 	 2.34054161894e-05
18.9413500553 	 2.38400456376e-05
18.9597934342 	 2.89748244492e-05
18.978236813 	 1.37493071152e-05
18.9966801918 	 1.09150307295e-05
19.0151235706 	 1.6660339711e-05
19.0335669495 	 1.32385192643e-05
19.0520103283 	 2.57236813891e-05
19.0704537071 	 2.47732824368e-05
19.0888970859 	 3.49047165613e-05
19.1073404648 	 3.69789738622e-05
19.1257838436 	 3.52919741266e-05
19.1442272224 	 3.06099277528e-05
19.1626706013 	 1.55220447935e-05
19.1811139801 	 1.12569739113e-05
19.1995573589 	 9.21310733693e-06
19.2180007377 	 1.24927437973e-05
19.2364441166 	 7.41374647344e-06
19.2548874954 	 1.42795834783e-05
19.2733308742 	 1.10822884363e-05
19.291774253 	 3.26714263769e-06
19.3102176319 	 1.50861430448e-06
19.3286610107 	 6.14126494145e-06
19.3471043895 	 1.43345648382e-05
19.3655477684 	 1.40959367025e-05
19.3839911472 	 1.34516373787e-05
19.402434526 	 7.17044552048e-06
19.4208779048 	 5.98478310897e-06
19.4393212837 	 1.06113943331e-05
19.4577646625 	 8.96583459143e-06
19.4762080413 	 1.22897372501e-05
19.4946514201 	 2.04379946483e-05
19.513094799 	 1.55075789468e-05
19.5315381778 	 1.42120989032e-05
19.5499815566 	 8.97338070914e-06
19.5684249354 	 1.39698806903e-05
19.5868683143 	 2.16262533946e-05
19.6053116931 	 7.44683660871e-06
19.6237550719 	 6.52354046151e-06
19.6421984508 	 1.05828843381e-05
19.6606418296 	 1.19379486415e-05
19.6790852084 	 5.54615996728e-06
19.6975285872 	 1.84557938944e-05
19.7159719661 	 1.63139139729e-05
19.7344153449 	 1.64805552434e-05
19.7528587237 	 1.32216519292e-05
19.7713021025 	 1.00083571883e-05
19.7897454814 	 1.02077979879e-05
19.8081888602 	 1.15296456838e-05
19.826632239 	 1.48860945734e-05
19.8450756179 	 2.446690321e-05
19.8635189967 	 1.41530109208e-05
19.8819623755 	 1.52845160128e-05
19.9004057543 	 2.08713053266e-05
19.9188491332 	 1.02192029163e-05
19.937292512 	 2.2485234847e-06
19.9557358908 	 9.53621983426e-06
19.9741792696 	 8.88116887532e-06
19.9926226485 	 1.73890362441e-05
20.0110660273 	 1.89607835353e-05
20.0295094061 	 2.52739329563e-05
20.047952785 	 1.09047257018e-05
20.0663961638 	 1.04565608261e-05
20.0848395426 	 2.20584934684e-05
20.1032829214 	 2.34200658032e-05
20.1217263003 	 2.46500009609e-05
20.1401696791 	 2.81838693325e-05
20.1586130579 	 1.06516355072e-05
20.1770564367 	 8.6546030681e-06
20.1954998156 	 6.52088016522e-06
20.2139431944 	 6.55535916152e-06
20.2323865732 	 1.84660278008e-06
20.250829952 	 5.73266644349e-06
20.2692733309 	 8.25274626555e-06
20.2877167097 	 9.15195568015e-06
20.3061600885 	 6.10494184042e-06
20.3246034674 	 4.60510875273e-06
20.3430468462 	 5.87890596982e-06
20.361490225 	 6.79585106247e-06
20.3799336038 	 1.0256512185e-05
20.3983769827 	 2.01645545035e-06
20.4168203615 	 6.92746745415e-06
20.4352637403 	 9.32433725407e-06
20.4537071191 	 1.60979195592e-05
20.472150498 	 1.47773731889e-05
20.4905938768 	 1.63869747411e-05
20.5090372556 	 1.95093027049e-05
20.5274806345 	 1.74547086933e-05
20.5459240133 	 1.62666888759e-05
20.5643673921 	 1.26535240736e-05
20.5828107709 	 1.22873861544e-05
20.6012541498 	 1.10160299895e-05
20.6196975286 	 4.8110430811e-06
20.6381409074 	 9.35924411032e-06
20.6565842862 	 7.88108384403e-06
20.6750276651 	 2.25789784657e-06
20.6934710439 	 2.72476843225e-06
20.7119144227 	 6.9273107983e-06
20.7303578015 	 1.2018554797e-05
20.7488011804 	 1.40484666082e-05
20.7672445592 	 6.39177471576e-06
20.785687938 	 5.87195093535e-06
20.8041313169 	 4.8751949389e-06
20.8225746957 	 6.6095405311e-06
20.8410180745 	 6.0480670062e-06
20.8594614533 	 8.56097010342e-06
20.8779048322 	 3.57033588399e-06
20.896348211 	 6.7984363015e-06
20.9147915898 	 7.53624885311e-06
20.9332349686 	 6.62127223174e-06
20.9516783475 	 4.88604739605e-06
20.9701217263 	 4.13092480565e-06
20.9885651051 	 5.69503433466e-06
21.007008484 	 1.1257205761e-05
21.0254518628 	 7.85383680814e-06
21.0438952416 	 6.30631372104e-06
21.0623386204 	 8.95247060399e-06
21.0807819993 	 6.35104441248e-06
21.0992253781 	 6.28656878745e-06
21.1176687569 	 3.72502553169e-06
21.1361121357 	 5.32969158052e-06
21.1545555146 	 6.93814991782e-06
21.1729988934 	 8.42103474992e-06
21.1914422722 	 4.1217060833e-06
21.2098856511 	 4.50049478516e-06
21.2283290299 	 1.12041900562e-05
21.2467724087 	 7.93708804108e-06
21.2652157875 	 8.08213767885e-06
21.2836591664 	 2.21367057554e-06
21.3021025452 	 1.26399482977e-05
21.320545924 	 1.33626704195e-05
21.3389893028 	 9.97308855524e-06
21.3574326817 	 1.09236100162e-05
21.3758760605 	 1.12150901606e-05
21.3943194393 	 7.47498076908e-06
21.4127628181 	 7.12508933765e-06
21.431206197 	 9.54035975437e-06
21.4496495758 	 3.70402289946e-06
21.4680929546 	 3.66860519597e-06
21.4865363335 	 5.82455000709e-06
21.5049797123 	 6.98573295e-06
21.5234230911 	 6.39246810309e-06
21.5418664699 	 1.07933485216e-05
21.5603098488 	 8.00351361464e-06
21.5787532276 	 4.27277015726e-06
21.5971966064 	 6.13289786251e-06
21.6156399852 	 1.16679052546e-05
21.6340833641 	 1.6805590815e-05
21.6525267429 	 1.51343519654e-05
21.6709701217 	 9.89526628485e-06
21.6894135006 	 1.50004770779e-05
21.7078568794 	 1.19738212565e-05
21.7263002582 	 9.47808907332e-06
21.744743637 	 4.36407696822e-06
21.7631870159 	 7.15171647673e-06
21.7816303947 	 4.24305771032e-06
21.8000737735 	 3.48794512341e-06
21.8185171523 	 3.79967561446e-06
21.8369605312 	 5.10979732267e-06
21.85540391 	 3.20111373153e-06
21.8738472888 	 1.70571404293e-06
21.8922906677 	 2.27514785756e-06
21.9107340465 	 2.87291670567e-06
21.9291774253 	 5.03254021726e-06
21.9476208041 	 7.06659369496e-06
21.966064183 	 3.46806348397e-06
21.9845075618 	 9.3949470173e-07
22.0029509406 	 6.96996929565e-07
22.0213943194 	 7.72787678385e-06
22.0398376983 	 1.3415379238e-05
22.0582810771 	 7.34252882621e-06
22.0767244559 	 1.31423222849e-05
22.0951678347 	 7.38002372429e-06
22.1136112136 	 1.22000585917e-05
22.1320545924 	 1.59082297802e-05
22.1504979712 	 1.32697980334e-05
22.1689413501 	 5.47698216385e-06
22.1873847289 	 4.84925093692e-06
22.2058281077 	 3.3110970917e-06
22.2242714865 	 3.53032569807e-06
22.2427148654 	 5.42229997617e-06
22.2611582442 	 8.31282078157e-06
22.279601623 	 7.95943201725e-06
22.2980450018 	 7.53916654943e-06
22.3164883807 	 5.054096915e-06
22.3349317595 	 6.85966463557e-06
22.3533751383 	 1.52892713024e-05
22.3718185172 	 9.80510693594e-06
22.390261896 	 5.89636188491e-06
22.4087052748 	 5.64428619731e-06
22.4271486536 	 9.60195160525e-07
22.4455920325 	 9.04578600224e-06
22.4640354113 	 1.05434281659e-05
22.4824787901 	 1.11862371337e-05
22.5009221689 	 9.12998380776e-06
22.5193655478 	 2.70269943752e-06
22.5378089266 	 5.08463180201e-06
22.5562523054 	 4.1580907611e-06
22.5746956842 	 5.0977671126e-06
22.5931390631 	 5.45697939547e-06
22.6115824419 	 7.83689424294e-06
22.6300258207 	 1.60893557467e-06
22.6484691996 	 5.23094572082e-06
22.6669125784 	 4.63087864605e-06
22.6853559572 	 5.88597057439e-06
22.703799336 	 3.17585285138e-06
22.7222427149 	 5.12147173511e-06
22.7406860937 	 7.00087851227e-06
22.7591294725 	 6.13849820299e-06
22.7775728513 	 1.03404978551e-05
22.7960162302 	 1.00053609872e-05
22.814459609 	 6.2709909405e-06
22.8329029878 	 2.95009391807e-06
22.8513463667 	 1.78199448505e-06
22.8697897455 	 6.05031907134e-06
22.8882331243 	 5.18046496114e-06
22.9066765031 	 1.92470840754e-06
22.925119882 	 5.06737068545e-06
22.9435632608 	 3.30697166416e-06
22.9620066396 	 4.63221470443e-06
22.9804500184 	 4.81697511842e-06
22.9988933973 	 3.88717118026e-06
23.0173367761 	 3.1404151447e-06
23.0357801549 	 1.31276451026e-06
23.0542235338 	 4.60708001509e-06
23.0726669126 	 4.24315932903e-06
23.0911102914 	 2.89340862114e-06
23.1095536702 	 2.48878816515e-06
23.1279970491 	 1.12222183182e-06
23.1464404279 	 8.14992397733e-07
23.1648838067 	 4.6118649396e-06
23.1833271855 	 8.02270454042e-06
23.2017705644 	 7.1996112489e-06
23.2202139432 	 7.77247505707e-06
23.238657322 	 7.75004537176e-06
23.2571007008 	 9.56159847079e-06
23.2755440797 	 5.69458867496e-06
23.2939874585 	 4.66039475804e-06
23.3124308373 	 2.86591548837e-06
23.3308742162 	 6.3756523571e-06
23.349317595 	 8.06677205243e-06
23.3677609738 	 8.01565771709e-06
23.3862043526 	 5.1963340537e-06
23.4046477315 	 5.34036551375e-06
23.4230911103 	 4.92363515977e-06
23.4415344891 	 6.64181295954e-06
23.4599778679 	 7.17733624253e-06
23.4784212468 	 3.86421600317e-06
23.4968646256 	 2.23578598879e-06
23.5153080044 	 2.50344011874e-07
23.5337513833 	 3.71186612037e-06
23.5521947621 	 3.96479288182e-06
23.5706381409 	 1.90172536382e-06
23.5890815197 	 3.49584209928e-06
23.6075248986 	 6.46135391407e-06
23.6259682774 	 6.89916720879e-06
23.6444116562 	 5.26396284485e-06
23.662855035 	 4.53940294516e-06
23.6812984139 	 8.41725442818e-06
23.6997417927 	 8.49138320944e-06
23.7181851715 	 7.51809329825e-06
23.7366285504 	 6.10515591177e-06
23.7550719292 	 7.18084572299e-06
23.773515308 	 6.24869416199e-06
23.7919586868 	 3.1402656926e-06
23.8104020657 	 3.63571699418e-06
23.8288454445 	 2.77574830858e-06
23.8472888233 	 2.93720420754e-06
23.8657322021 	 1.08751805835e-06
23.884175581 	 3.63466281504e-06
23.9026189598 	 3.88235600448e-06
23.9210623386 	 5.18725540113e-06
23.9395057174 	 2.17006280986e-06
23.9579490963 	 3.6779021928e-06
23.9763924751 	 1.84214417022e-06
23.9948358539 	 2.13592176381e-06
24.0132792328 	 6.41940143322e-06
24.0317226116 	 7.31885973474e-06
24.0501659904 	 4.99641395896e-06
24.0686093692 	 5.49688810926e-06
24.0870527481 	 6.09504240969e-06
24.1054961269 	 6.55352593047e-06
24.1239395057 	 2.34799841945e-06
24.1423828845 	 1.89446958191e-06
24.1608262634 	 1.60448464587e-06
24.1792696422 	 5.45936717449e-06
24.197713021 	 4.35102215165e-06
24.2161563999 	 4.96341857237e-06
24.2345997787 	 5.88475055589e-06
24.2530431575 	 3.25773103665e-06
24.2714865363 	 1.11544151808e-06
24.2899299152 	 2.07453341864e-06
24.308373294 	 9.67453490119e-07
24.3268166728 	 1.66627723594e-06
24.3452600516 	 3.44000767539e-06
24.3637034305 	 7.39050280499e-06
24.3821468093 	 8.25887569196e-06
24.4005901881 	 8.99687361418e-06
24.4190335669 	 7.10158449018e-06
24.4374769458 	 3.18469066806e-06
24.4559203246 	 4.8884800737e-06
24.4743637034 	 3.45458681615e-06
24.4928070823 	 6.64881774593e-06
24.5112504611 	 6.5720263834e-06
24.5296938399 	 5.37524035148e-06
24.5481372187 	 6.47681413823e-06
24.5665805976 	 5.05379870916e-06
24.5850239764 	 2.68569741641e-06
24.6034673552 	 4.92819923388e-06
24.621910734 	 1.25943769599e-06
24.6403541129 	 3.07506143433e-06
24.6587974917 	 5.48698940448e-06
24.6772408705 	 5.99086803066e-06
24.6956842494 	 3.86664286653e-06
24.7141276282 	 7.78390932195e-06
24.732571007 	 4.80696742797e-06
24.7510143858 	 4.69743135456e-06
24.7694577647 	 6.41695063717e-06
24.7879011435 	 3.58287611566e-06
24.8063445223 	 4.84284591175e-06
24.8247879011 	 2.96232336288e-06
24.84323128 	 7.74681595168e-06
24.8616746588 	 6.24826374038e-06
24.8801180376 	 4.20267888301e-06
24.8985614165 	 3.18233998027e-06
24.9170047953 	 2.27911573866e-06
24.9354481741 	 4.6705742486e-06
24.9538915529 	 4.73629709799e-06
24.9723349318 	 3.0405963411e-06
24.9907783106 	 1.40322527779e-06
25.0092216894 	 4.2487638915e-06
25.0276650682 	 3.2125969314e-06
25.0461084471 	 2.80183023402e-06
25.0645518259 	 4.69680939789e-06
25.0829952047 	 3.22683144555e-06
25.1014385835 	 1.70128399886e-06
25.1198819624 	 1.84785077733e-06
25.1383253412 	 2.04198537753e-06
25.15676872 	 2.8036200767e-06
25.1752120989 	 2.64317215524e-06
25.1936554777 	 1.28451142754e-06
25.2120988565 	 9.72888006384e-07
25.2305422353 	 1.26885408489e-06
25.2489856142 	 1.51116720012e-06
25.267428993 	 3.36244500432e-06
25.2858723718 	 2.13878415423e-06
25.3043157506 	 4.0591263717e-06
25.3227591295 	 1.74748622145e-06
25.3412025083 	 1.10069878001e-06
25.3596458871 	 3.0807059968e-06
25.378089266 	 1.51144018064e-06
25.3965326448 	 1.64089654339e-06
25.4149760236 	 1.72234964545e-06
25.4334194024 	 1.93351727873e-06
25.4518627813 	 3.40669028093e-06
25.4703061601 	 2.78697283268e-06
25.4887495389 	 2.53703292152e-06
25.5071929177 	 4.35815937638e-06
25.5256362966 	 4.28330398457e-06
25.5440796754 	 3.74870346567e-06
25.5625230542 	 3.89056298785e-06
25.5809664331 	 3.90777187716e-06
25.5994098119 	 3.5608364792e-06
25.6178531907 	 4.03220916608e-06
25.6362965695 	 2.14760985375e-06
25.6547399484 	 4.11786827379e-06
25.6731833272 	 3.52509254612e-06
25.691626706 	 1.8826544896e-06
25.7100700848 	 1.31493878807e-06
25.7285134637 	 1.3563294602e-06
25.7469568425 	 1.78782155643e-06
25.7654002213 	 9.16676411201e-07
25.7838436001 	 2.18533990114e-06
25.802286979 	 3.31849672717e-06
25.8207303578 	 2.33110600773e-06
25.8391737366 	 3.67861400088e-06
25.8576171155 	 3.06306234408e-06
25.8760604943 	 3.69981686486e-06
25.8945038731 	 3.8711266889e-06
25.9129472519 	 2.83349672061e-06
25.9313906308 	 2.47949577507e-06
25.9498340096 	 3.91798240605e-06
25.9682773884 	 4.84729159975e-06
25.9867207672 	 4.45228930861e-06
26.0051641461 	 4.13787794848e-06
26.0236075249 	 3.94824514118e-06
26.0420509037 	 1.72414425127e-06
26.0604942826 	 8.11865096108e-07
26.0789376614 	 3.5071712311e-07
26.0973810402 	 4.17554137916e-07
26.115824419 	 2.52866762917e-06
26.1342677979 	 2.02628271366e-06
26.1527111767 	 3.05299480056e-06
26.1711545555 	 4.28865089731e-06
26.1895979343 	 3.7842844371e-06
26.2080413132 	 3.91188561974e-06
26.226484692 	 4.37306227127e-06
26.2449280708 	 3.7476005627e-06
26.2633714496 	 4.30095490784e-06
26.2818148285 	 3.48178974781e-06
26.3002582073 	 2.40813165296e-06
26.3187015861 	 2.51185414524e-06
26.337144965 	 2.66113705861e-06
26.3555883438 	 3.0903633332e-06
26.3740317226 	 4.65005282275e-06
26.3924751014 	 5.1438296953e-06
26.4109184803 	 5.53838207673e-06
26.4293618591 	 4.51599377836e-06
26.4478052379 	 4.89159369994e-06
26.4662486167 	 2.64357965178e-06
26.4846919956 	 3.38082962515e-06
26.5031353744 	 6.82622290819e-07
26.5215787532 	 1.0842837253e-06
26.5400221321 	 2.02193082946e-06
26.5584655109 	 1.36647946551e-06
26.5769088897 	 1.34098730491e-06
26.5953522685 	 2.0384071439e-06
26.6137956474 	 2.07574937392e-06
26.6322390262 	 2.97237317965e-07
26.650682405 	 2.85364587514e-06
26.6691257838 	 1.87020866293e-06
26.6875691627 	 1.14934928067e-06
26.7060125415 	 4.96363432153e-07
26.7244559203 	 1.01865023065e-06
26.7428992992 	 1.55738404358e-06
26.761342678 	 5.1128834184e-07
26.7797860568 	 1.37343475148e-06
26.7982294356 	 1.82089216965e-06
26.8166728145 	 9.64830668862e-07
26.8351161933 	 1.37400288309e-06
26.8535595721 	 3.61261656878e-06
26.8720029509 	 3.07728485126e-06
26.8904463298 	 2.53903468847e-06
26.9088897086 	 2.375038841e-06
26.9273330874 	 4.03316088896e-06
26.9457764662 	 4.1104671897e-06
26.9642198451 	 1.74934973038e-06
26.9826632239 	 2.40262822022e-06
27.0011066027 	 4.55819382651e-06
27.0195499816 	 6.48031101831e-06
27.0379933604 	 6.93360367574e-06
27.0564367392 	 3.29769387833e-06
27.074880118 	 2.12134422166e-06
27.0933234969 	 1.3615189181e-06
27.1117668757 	 8.27953778631e-07
27.1302102545 	 3.14954452583e-06
27.1486536333 	 2.90403381311e-06
27.1670970122 	 3.37083145935e-06
27.185540391 	 4.68876857913e-06
27.2039837698 	 3.9189048046e-06
27.2224271487 	 2.79320101079e-06
27.2408705275 	 1.55704178155e-06
27.2593139063 	 2.61367934934e-06
27.2777572851 	 2.02505016065e-06
27.296200664 	 2.59732332628e-06
27.3146440428 	 4.2006119377e-06
27.3330874216 	 3.04210695031e-06
27.3515308004 	 7.51336062336e-07
27.3699741793 	 9.23883107334e-07
27.3884175581 	 1.2141309907e-06
27.4068609369 	 1.03957208237e-06
27.4253043158 	 4.65755380454e-07
27.4437476946 	 4.09311570299e-07
27.4621910734 	 1.69025478307e-06
27.4806344522 	 2.21545487282e-06
27.4990778311 	 1.72195891188e-06
27.5175212099 	 2.32459506759e-06
27.5359645887 	 2.06664282146e-06
27.5544079675 	 1.08624932008e-06
27.5728513464 	 7.54376614083e-07
27.5912947252 	 3.04742268375e-06
27.609738104 	 2.12890081045e-06
27.6281814828 	 2.95195479078e-06
27.6466248617 	 1.6186086487e-06
27.6650682405 	 1.50838200699e-06
27.6835116193 	 1.12534177933e-06
27.7019549982 	 1.9747815265e-06
27.720398377 	 1.84445414967e-06
27.7388417558 	 3.14338330642e-06
27.7572851346 	 2.39023661258e-06
27.7757285135 	 2.95481490587e-06
27.7941718923 	 2.45550780275e-06
27.8126152711 	 2.23219074459e-06
27.8310586499 	 2.93441511191e-06
27.8495020288 	 2.75164391987e-06
27.8679454076 	 1.29617963944e-06
27.8863887864 	 1.33160259479e-06
27.9048321653 	 3.92113571945e-07
27.9232755441 	 9.76144080232e-07
27.9417189229 	 1.36822565322e-06
27.9601623017 	 8.29159298122e-07
27.9786056806 	 1.09214127663e-06
27.9970490594 	 7.82216965125e-07
28.0154924382 	 9.06159130034e-07
28.033935817 	 4.58246355588e-07
28.0523791959 	 2.61446794868e-07
28.0708225747 	 5.02349750034e-07
28.0892659535 	 6.91455915576e-07
28.1077093323 	 1.35553643566e-06
28.1261527112 	 5.16704059145e-07
28.14459609 	 6.20729793839e-07
28.1630394688 	 5.57225890379e-07
28.1814828477 	 9.19409752053e-07
28.1999262265 	 1.54056066667e-06
28.2183696053 	 3.14948792394e-06
28.2368129841 	 1.79868361861e-06
28.255256363 	 2.67987209811e-06
28.2736997418 	 1.86518665814e-06
28.2921431206 	 1.86207401335e-06
28.3105864994 	 1.11593945103e-06
28.3290298783 	 1.78645666409e-06
28.3474732571 	 2.50435300406e-06
28.3659166359 	 3.189076148e-06
28.3843600148 	 2.17349887739e-06
28.4028033936 	 2.73263028898e-06
28.4212467724 	 3.07085627079e-06
28.4396901512 	 3.38976264628e-06
28.4581335301 	 2.45682752139e-06
28.4765769089 	 2.06484281422e-06
28.4950202877 	 1.63771929854e-06
28.5134636665 	 1.07288943667e-06
28.5319070454 	 2.3241783079e-06
28.5503504242 	 2.1668001506e-06
28.568793803 	 3.00803617868e-06
28.5872371819 	 1.53253364185e-06
28.6056805607 	 2.4924223929e-06
28.6241239395 	 2.71454118956e-06
28.6425673183 	 2.02965853785e-06
28.6610106972 	 3.05792614434e-06
28.679454076 	 3.83544036001e-06
28.6978974548 	 1.68379522973e-06
28.7163408336 	 2.20615572565e-06
28.7347842125 	 1.65151511011e-06
28.7532275913 	 1.65557083064e-06
28.7716709701 	 1.17700960529e-06
28.7901143489 	 1.16727678728e-06
28.8085577278 	 1.94618723085e-06
28.8270011066 	 2.05100730684e-06
28.8454444854 	 1.11886099419e-06
28.8638878643 	 7.28417955554e-07
28.8823312431 	 9.44631001811e-07
28.9007746219 	 1.39400892627e-06
28.9192180007 	 1.71553297853e-06
28.9376613796 	 1.26223730299e-06
28.9561047584 	 9.30891405307e-07
28.9745481372 	 4.53542904188e-07
28.992991516 	 2.06141248714e-07
29.0114348949 	 3.38853689395e-07
29.0298782737 	 1.07214172683e-06
29.0483216525 	 6.1745273614e-07
29.0667650314 	 9.89825206564e-07
29.0852084102 	 2.42844187204e-06
29.103651789 	 2.91466969352e-06
29.1220951678 	 2.45533202444e-06
29.1405385467 	 9.34677827179e-07
29.1589819255 	 1.38083597106e-06
29.1774253043 	 1.67697315399e-06
29.1958686831 	 1.29677926172e-06
29.214312062 	 9.84089729555e-07
29.2327554408 	 2.51821125048e-07
29.2511988196 	 1.62801607835e-06
29.2696421985 	 1.76229144803e-06
29.2880855773 	 1.31620144337e-06
29.3065289561 	 5.87277774621e-07
29.3249723349 	 4.61530559191e-07
29.3434157138 	 6.32362214404e-07
29.3618590926 	 5.16940538139e-07
29.3803024714 	 1.42388016117e-06
29.3987458502 	 7.24765969355e-08
29.4171892291 	 1.22732989627e-07
29.4356326079 	 1.0625862786e-06
29.4540759867 	 6.88889984774e-07
29.4725193655 	 8.10922810643e-07
29.4909627444 	 9.33313262371e-07
29.5094061232 	 1.03092938536e-06
29.527849502 	 7.20605119086e-07
29.5462928809 	 1.58280096235e-06
29.5647362597 	 1.05171986796e-06
29.5831796385 	 1.99118584483e-06
29.6016230173 	 1.17696891278e-06
29.6200663962 	 9.23947784044e-07
29.638509775 	 5.38668838347e-07
29.6569531538 	 5.78023164048e-07
29.6753965326 	 1.09512194289e-06
29.6938399115 	 1.66311957589e-06
29.7122832903 	 1.0819739215e-06
29.7307266691 	 1.11437235576e-06
29.749170048 	 1.03319174874e-06
29.7676134268 	 1.74443495352e-07
29.7860568056 	 8.85105410905e-07
29.8045001844 	 1.02310797987e-06
29.8229435633 	 8.15348160052e-07
29.8413869421 	 6.80819417907e-07
29.8598303209 	 6.95310556845e-07
29.8782736997 	 8.87596305506e-07
29.8967170786 	 6.12576151164e-07
29.9151604574 	 1.01640181512e-07
29.9336038362 	 8.44345610123e-07
29.952047215 	 2.29575869151e-06
29.9704905939 	 1.81386345441e-06
29.9889339727 	 1.31657945975e-06
30.0073773515 	 1.13734671699e-06
30.0258207304 	 6.38202530864e-07
30.0442641092 	 1.24288780624e-06
30.062707488 	 9.32164981545e-07
30.0811508668 	 5.60177448089e-07
30.0995942457 	 1.35794279722e-06
30.1180376245 	 1.52696783851e-06
30.1364810033 	 2.16887605196e-06
30.1549243821 	 5.17696676836e-07
30.173367761 	 8.37125223588e-07
30.1918111398 	 6.85223308574e-07
30.2102545186 	 2.12528835236e-08
30.2286978975 	 7.09518735843e-07
30.2471412763 	 3.02253197459e-07
30.2655846551 	 1.10115483143e-06
30.2840280339 	 5.88884316187e-07
30.3024714128 	 1.35991289902e-07
30.3209147916 	 1.13088794274e-06
30.3393581704 	 9.74803434704e-07
30.3578015492 	 1.90604363277e-06
30.3762449281 	 1.5272893268e-06
30.3946883069 	 1.02873340986e-06
30.4131316857 	 1.56680070874e-06
30.4315750646 	 7.13934464593e-07
30.4500184434 	 1.39742241763e-07
30.4684618222 	 5.42577912946e-07
30.486905201 	 1.87897838286e-07
30.5053485799 	 5.85881314246e-07
30.5237919587 	 4.61667290055e-07
30.5422353375 	 1.84693478552e-07
30.5606787163 	 9.40106153028e-07
30.5791220952 	 9.75789452585e-07
30.597565474 	 1.05239277405e-06
30.6160088528 	 4.03536676119e-07
30.6344522316 	 5.4772480527e-07
30.6528956105 	 5.59930473191e-07
30.6713389893 	 7.81284816414e-07
30.6897823681 	 8.40866060958e-07
30.708225747 	 6.83887515448e-07
30.7266691258 	 8.33471968959e-07
30.7451125046 	 1.58782936728e-07
30.7635558834 	 7.48431949499e-07
30.7819992623 	 2.84443695541e-07
30.8004426411 	 5.20339434559e-07
30.8188860199 	 1.23251223879e-06
30.8373293987 	 1.96307761717e-06
30.8557727776 	 1.4353134984e-06
30.8742161564 	 1.88707639222e-06
30.8926595352 	 9.69677576634e-07
30.9111029141 	 1.63117233609e-06
30.9295462929 	 1.65009819346e-06
30.9479896717 	 1.38753072835e-06
30.9664330505 	 6.47822849607e-07
30.9848764294 	 1.0063622413e-06
31.0033198082 	 4.42592894284e-07
31.021763187 	 8.30066859275e-07
31.0402065658 	 9.55206464433e-07
31.0586499447 	 1.35598847689e-06
31.0770933235 	 1.73577975573e-06
31.0955367023 	 1.74500039257e-06
31.1139800812 	 9.27023342377e-07
31.13242346 	 8.62406931269e-07
31.1508668388 	 6.51706400813e-07
31.1693102176 	 1.33791832637e-06
31.1877535965 	 3.79190934542e-07
31.2061969753 	 7.45942107296e-07
31.2246403541 	 9.91926738165e-07
31.2430837329 	 1.22467576875e-06
31.2615271118 	 9.27298782991e-07
31.2799704906 	 9.83102702076e-07
31.2984138694 	 3.68484131378e-07
31.3168572482 	 7.52759065031e-07
31.3353006271 	 1.10581770285e-06
31.3537440059 	 2.07376481725e-06
31.3721873847 	 1.28698712887e-06
31.3906307636 	 9.09404678477e-07
31.4090741424 	 8.97081195426e-07
31.4275175212 	 2.48745584394e-07
31.4459609 	 3.38556249983e-07
31.4644042789 	 1.13648517768e-07
31.4828476577 	 4.01415198016e-07
31.5012910365 	 4.59630465315e-07
31.5197344153 	 6.93067769646e-07
31.5381777942 	 7.16593960429e-07
31.556621173 	 8.70117423677e-07
31.5750645518 	 8.18013235364e-07
31.5935079307 	 8.90889512531e-07
31.6119513095 	 1.12764714324e-06
31.6303946883 	 5.31699742552e-07
31.6488380671 	 6.05618530982e-07
31.667281446 	 1.17276099566e-06
31.6857248248 	 5.26410113349e-07
31.7041682036 	 4.77231013279e-07
31.7226115824 	 5.5419323352e-07
31.7410549613 	 3.62897616138e-07
31.7594983401 	 2.00230953678e-07
31.7779417189 	 4.44984161218e-07
31.7963850977 	 5.49050706778e-07
31.8148284766 	 7.45508026363e-07
31.8332718554 	 1.61299141398e-06
31.8517152342 	 1.3824702935e-06
31.8701586131 	 1.1973883929e-06
31.8886019919 	 1.08400697874e-06
31.9070453707 	 2.93794654673e-07
31.9254887495 	 7.59505053549e-07
31.9439321284 	 9.42064711728e-07
31.9623755072 	 1.28747462819e-06
31.980818886 	 1.19391099565e-06
31.9992622648 	 7.73905261054e-07
32.0177056437 	 5.4745207558e-07
32.0361490225 	 9.65310765421e-07
32.0545924013 	 2.06992076621e-07
32.0730357802 	 7.14671011375e-07
32.091479159 	 5.83289568255e-07
32.1099225378 	 9.71049977523e-07
32.1283659166 	 2.25191007834e-07
32.1468092955 	 5.7873085784e-07
32.1652526743 	 9.72127728447e-08
32.1836960531 	 1.44456913738e-06
32.2021394319 	 1.58956826146e-06
32.2205828108 	 9.89280984581e-07
32.2390261896 	 5.0724485942e-07
32.2574695684 	 4.65697813305e-07
32.2759129473 	 2.86762691221e-07
32.2943563261 	 5.1578825754e-07
32.3127997049 	 1.55235237724e-06
32.3312430837 	 8.79521491162e-07
32.3496864626 	 9.14207568469e-07
32.3681298414 	 4.01982301932e-07
32.3865732202 	 8.89369243218e-07
32.405016599 	 3.87773280785e-07
32.4234599779 	 9.96869539156e-07
32.4419033567 	 6.15375385725e-07
32.4603467355 	 5.53219319357e-07
32.4787901143 	 4.34606639114e-07
32.4972334932 	 5.03642372571e-07
32.515676872 	 3.05828107647e-07
32.5341202508 	 2.05480168181e-07
32.5525636297 	 6.16720751229e-07
32.5710070085 	 1.77085917449e-07
32.5894503873 	 5.53205321471e-07
32.6078937661 	 7.1811919557e-07
32.626337145 	 9.70003282537e-07
32.6447805238 	 3.47384804784e-07
32.6632239026 	 3.02136853386e-07
32.6816672814 	 4.6062049697e-07
32.7001106603 	 8.01675870785e-07
32.7185540391 	 3.11840877723e-07
32.7369974179 	 7.03580372171e-07
32.7554407968 	 8.94347473745e-07
32.7738841756 	 3.92485684689e-07
32.7923275544 	 1.45736432148e-07
32.8107709332 	 3.00424740899e-07
32.8292143121 	 9.62430890419e-07
32.8476576909 	 9.97031489927e-07
32.8661010697 	 7.99978846935e-07
32.8845444485 	 5.51804418477e-07
32.9029878274 	 7.50751986371e-07
32.9214312062 	 9.43428501712e-07
32.939874585 	 4.2594292923e-07
32.9583179639 	 6.57440359206e-07
32.9767613427 	 8.1261072009e-07
32.9952047215 	 1.06319483972e-06
33.0136481003 	 6.05568848102e-07
33.0320914792 	 1.15122465767e-06
33.050534858 	 7.47484963505e-07
33.0689782368 	 3.70337214836e-07
33.0874216156 	 3.02034386257e-07
33.1058649945 	 5.70568381854e-07
33.1243083733 	 7.18090190447e-07
33.1427517521 	 3.05899459122e-07
33.1611951309 	 6.73697652146e-07
33.1796385098 	 5.61545166029e-07
33.1980818886 	 7.18723754539e-07
33.2165252674 	 9.21253251334e-07
33.2349686463 	 1.02330434767e-06
33.2534120251 	 5.12194512017e-07
33.2718554039 	 3.96808993756e-07
33.2902987827 	 8.71576710102e-07
33.3087421616 	 6.48506849745e-07
33.3271855404 	 8.02933938189e-07
33.3456289192 	 5.89575610634e-07
33.364072298 	 5.3729890334e-07
33.3825156769 	 4.73478405463e-07
33.4009590557 	 9.24208021897e-07
33.4194024345 	 1.14555220717e-06
33.4378458134 	 1.350850305e-06
33.4562891922 	 1.21819550437e-06
33.474732571 	 9.83564607398e-07
33.4931759498 	 5.60983614917e-07
33.5116193287 	 3.1884056929e-07
33.5300627075 	 6.49595672937e-07
33.5485060863 	 4.93271233226e-07
33.5669494651 	 8.18037990923e-07
33.585392844 	 7.72126734847e-07
33.6038362228 	 8.83908248619e-07
33.6222796016 	 7.30339057057e-07
33.6407229805 	 4.76466766928e-07
33.6591663593 	 6.83935332233e-07
33.6776097381 	 6.59545075418e-07
33.6960531169 	 5.42878092006e-07
33.7144964958 	 7.17294787623e-07
33.7329398746 	 2.47201702773e-07
33.7513832534 	 1.48951994469e-07
33.7698266322 	 9.93263310133e-07
33.7882700111 	 7.60946554042e-07
33.8067133899 	 6.36878078355e-07
33.8251567687 	 7.39477538796e-07
33.8436001475 	 7.7468894218e-07
33.8620435264 	 4.28374581078e-07
33.8804869052 	 7.8104792234e-07
33.898930284 	 6.50421863569e-07
33.9173736629 	 3.50049670142e-07
33.9358170417 	 7.86494876885e-07
33.9542604205 	 7.7700357864e-07
33.9727037993 	 3.73841384532e-07
33.9911471782 	 3.91403963893e-07
34.009590557 	 4.07196998445e-07
34.0280339358 	 7.61061742989e-07
34.0464773146 	 8.86967438941e-07
34.0649206935 	 6.27918829288e-07
34.0833640723 	 6.40756353207e-07
34.1018074511 	 2.38682541408e-07
34.12025083 	 2.44112722255e-07
34.1386942088 	 2.28076295707e-07
34.1571375876 	 6.89932618028e-07
34.1755809664 	 1.84329354148e-07
34.1940243453 	 4.98852341963e-07
34.2124677241 	 2.19839962363e-07
34.2309111029 	 5.83413463972e-08
34.2493544817 	 2.56770770832e-07
34.2677978606 	 2.54561261245e-07
34.2862412394 	 6.49584081355e-07
34.3046846182 	 6.92324017262e-07
34.323127997 	 1.22953030527e-06
34.3415713759 	 7.5494456169e-07
34.3600147547 	 2.37822312407e-07
34.3784581335 	 2.79699542464e-07
34.3969015124 	 4.41943238332e-07
34.4153448912 	 3.36551277295e-07
34.43378827 	 1.52010104789e-07
34.4522316488 	 5.19426752194e-07
34.4706750277 	 5.89813749336e-07
34.4891184065 	 6.71210899571e-07
34.5075617853 	 5.31276007135e-07
34.5260051641 	 6.92002986655e-07
34.544448543 	 8.85677599034e-08
34.5628919218 	 6.5114483963e-07
34.5813353006 	 5.62677772425e-07
34.5997786795 	 2.43831488634e-07
34.6182220583 	 2.37917666774e-07
34.6366654371 	 3.31417511085e-07
34.6551088159 	 5.82500834263e-07
34.6735521948 	 7.3137286284e-07
34.6919955736 	 4.50522278993e-07
34.7104389524 	 1.05529399187e-07
34.7288823312 	 7.26872493154e-07
34.7473257101 	 4.62664169453e-07
34.7657690889 	 9.98449424534e-07
34.7842124677 	 6.87756557506e-07
34.8026558466 	 2.78417839114e-07
34.8210992254 	 5.70964771672e-07
34.8395426042 	 4.36835742631e-07
34.857985983 	 5.45205130126e-07
34.8764293619 	 3.39200054054e-07
34.8948727407 	 7.18731375737e-07
34.9133161195 	 2.27379500333e-07
34.9317594983 	 1.87558361168e-07
34.9502028772 	 2.4938863569e-07
34.968646256 	 2.44851965173e-07
34.9870896348 	 3.08533075216e-07
35.0055330136 	 5.29600585796e-07
35.0239763925 	 3.87383253422e-07
35.0424197713 	 6.24829789185e-07
35.0608631501 	 6.01335736553e-07
35.079306529 	 8.58032244271e-07
35.0977499078 	 1.79054969507e-07
35.1161932866 	 4.18769891726e-07
35.1346366654 	 2.86049768187e-07
35.1530800443 	 1.37311959713e-07
35.1715234231 	 6.14415497796e-07
35.1899668019 	 6.00156169187e-07
35.2084101807 	 8.41065453824e-07
35.2268535596 	 3.82889450271e-07
35.2452969384 	 1.89447337465e-07
35.2637403172 	 6.43541968273e-07
35.2821836961 	 3.67083235474e-07
35.3006270749 	 4.62016109009e-07
35.3190704537 	 5.32007311078e-07
35.3375138325 	 8.04004561043e-07
35.3559572114 	 1.05180236799e-06
35.3744005902 	 9.79390744179e-07
35.392843969 	 5.84594054739e-07
35.4112873478 	 5.1511993221e-07
35.4297307267 	 7.49367957203e-07
35.4481741055 	 1.1077817288e-06
35.4666174843 	 5.71596979097e-07
35.4850608632 	 5.31641211799e-08
35.503504242 	 3.6521192449e-07
35.5219476208 	 7.54191464583e-08
35.5403909996 	 5.85305990699e-07
35.5588343785 	 6.16699376595e-07
35.5772777573 	 5.93155611671e-07
35.5957211361 	 5.98398952856e-07
35.6141645149 	 5.20727782036e-07
35.6326078938 	 6.81260187795e-07
35.6510512726 	 1.20525222376e-06
35.6694946514 	 9.15420257228e-07
35.6879380302 	 8.53942638744e-07
35.7063814091 	 8.51295194199e-07
35.7248247879 	 8.26102795628e-07
35.7432681667 	 3.70269669483e-07
35.7617115456 	 3.71685704524e-07
35.7801549244 	 3.1064018645e-07
35.7985983032 	 8.09077540326e-07
35.817041682 	 2.94751628524e-07
35.8354850609 	 2.32695794614e-07
35.8539284397 	 3.17688665136e-07
35.8723718185 	 3.28410904107e-07
35.8908151973 	 3.06618360065e-07
35.9092585762 	 7.76086985295e-08
35.927701955 	 3.14455895049e-07
35.9461453338 	 2.53113185796e-07
35.9645887127 	 4.10860175002e-07
35.9830320915 	 1.60219220968e-07
36.0014754703 	 1.59552110032e-07
36.0199188491 	 8.28377207961e-07
36.038362228 	 5.84097071671e-07
36.0568056068 	 2.06283246947e-07
36.0752489856 	 1.97000160722e-07
36.0936923644 	 1.6226803291e-07
36.1121357433 	 5.5672110299e-08
36.1305791221 	 6.79113904726e-07
36.1490225009 	 6.80600925956e-07
36.1674658797 	 1.69125630392e-07
36.1859092586 	 4.73149844763e-07
36.2043526374 	 5.02436717179e-07
36.2227960162 	 3.92566052172e-07
36.2412393951 	 2.7795618678e-07
36.2596827739 	 3.79713429219e-07
36.2781261527 	 3.75296239651e-07
36.2965695315 	 2.00190542311e-07
36.3150129104 	 4.56638338354e-07
36.3334562892 	 3.84911562601e-07
36.351899668 	 2.35575540236e-07
36.3703430468 	 2.76226016144e-07
36.3887864257 	 3.96463126977e-07
36.4072298045 	 4.78365662439e-07
36.4256731833 	 3.3231490106e-07
36.4441165622 	 3.5508379331e-07
36.462559941 	 2.71266374377e-07
36.4810033198 	 2.31741803538e-07
36.4994466986 	 1.58681213029e-07
36.5178900775 	 1.11623808467e-07
36.5363334563 	 6.70291820829e-07
36.5547768351 	 4.28767416884e-07
36.5732202139 	 4.9694198456e-07
36.5916635928 	 4.81210415105e-07
36.6101069716 	 5.63261129019e-07
36.6285503504 	 6.08273196348e-07
36.6469937293 	 2.22175574318e-07
36.6654371081 	 4.70570195822e-07
36.6838804869 	 6.83954013957e-07
36.7023238657 	 6.04553354524e-07
36.7207672446 	 7.00692578635e-07
36.7392106234 	 2.78862410139e-07
36.7576540022 	 3.18254930887e-07
36.776097381 	 3.48450330336e-08
36.7945407599 	 1.05982095319e-07
36.8129841387 	 1.35892691197e-07
36.8314275175 	 1.15500911157e-07
36.8498708963 	 2.37712791198e-07
36.8683142752 	 3.9128007095e-07
36.886757654 	 2.6853531341e-07
36.9052010328 	 1.73402898515e-07
36.9236444117 	 1.91499765611e-07
36.9420877905 	 3.42372858024e-07
36.9605311693 	 2.61401208512e-07
36.9789745481 	 4.15105677143e-07
36.997417927 	 5.87998653045e-08
37.0158613058 	 1.75290867695e-07
37.0343046846 	 1.9342201111e-07
37.0527480634 	 1.46991470153e-07
37.0711914423 	 7.06436171608e-07
37.0896348211 	 4.25444883949e-07
37.1080781999 	 4.18918525346e-07
37.1265215788 	 3.16827818559e-07
37.1449649576 	 3.28024348367e-07
37.1634083364 	 5.35174414129e-07
37.1818517152 	 6.96064981859e-07
37.2002950941 	 4.44845565843e-07
37.2187384729 	 4.74836135929e-07
37.2371818517 	 5.2139348272e-07
37.2556252305 	 7.08305398294e-07
37.2740686094 	 8.30919452345e-07
37.2925119882 	 8.80345804269e-07
37.310955367 	 4.45047319313e-07
37.3293987459 	 6.60593895574e-07
37.3478421247 	 4.54912575373e-07
37.3662855035 	 2.71437694584e-07
37.3847288823 	 2.03427528642e-07
37.4031722612 	 3.69427378036e-07
37.42161564 	 2.54949800282e-07
37.4400590188 	 3.31918634014e-07
37.4585023976 	 4.58621298432e-07
37.4769457765 	 6.09819809822e-07
37.4953891553 	 5.30104413435e-07
37.5138325341 	 6.38121631913e-07
37.5322759129 	 2.17492643297e-07
37.5507192918 	 5.95700976663e-07
37.5691626706 	 4.45165581375e-07
37.5876060494 	 7.21751967145e-08
37.6060494283 	 1.88946842087e-07
37.6244928071 	 7.48437689722e-08
37.6429361859 	 3.72488755504e-07
37.6613795647 	 4.0833259738e-07
37.6798229436 	 8.98720879831e-07
37.6982663224 	 7.22291286188e-07
37.7167097012 	 5.97554338421e-07
37.73515308 	 3.76027911063e-07
37.7535964589 	 3.85040004813e-07
37.7720398377 	 1.37683355187e-07
37.7904832165 	 2.36080406432e-07
37.8089265954 	 1.05512250022e-07
37.8273699742 	 5.43560166777e-07
37.845813353 	 4.57464714997e-07
37.8642567318 	 3.09078066136e-07
37.8827001107 	 4.47302370289e-07
37.9011434895 	 5.93217829952e-07
37.9195868683 	 4.12605340571e-07
37.9380302471 	 5.41335386643e-07
37.956473626 	 3.33239695498e-07
37.9749170048 	 2.49917622597e-07
37.9933603836 	 1.16342179292e-07
38.0118037624 	 2.84525163476e-07
38.0302471413 	 5.74024464805e-07
38.0486905201 	 4.80842957911e-07
38.0671338989 	 6.24605177504e-07
38.0855772778 	 7.2360225628e-07
38.1040206566 	 3.02684223365e-07
38.1224640354 	 3.12938207366e-07
38.1409074142 	 2.29793863792e-07
38.1593507931 	 5.26940664564e-07
38.1777941719 	 4.35614633509e-07
38.1962375507 	 2.82775825045e-07
38.2146809295 	 3.55055488675e-07
38.2331243084 	 5.71727124674e-07
38.2515676872 	 4.28036466984e-07
38.270011066 	 4.71226810357e-07
38.2884544449 	 8.38802786204e-08
38.3068978237 	 1.14836356573e-07
38.3253412025 	 3.50087281786e-07
38.3437845813 	 7.12303012319e-07
38.3622279602 	 6.53644062401e-07
38.380671339 	 5.43908467824e-07
38.3991147178 	 3.98952095788e-07
38.4175580966 	 1.72967190175e-07
38.4360014755 	 2.50148842529e-07
38.4544448543 	 5.43026281392e-08
38.4728882331 	 1.18120494231e-07
38.491331612 	 1.7885649077e-07
38.5097749908 	 1.83488937111e-07
38.5282183696 	 3.06090156323e-07
38.5466617484 	 4.8491600438e-08
38.5651051273 	 2.23613295584e-07
38.5835485061 	 2.72112935436e-07
38.6019918849 	 5.26349442702e-07
38.6204352637 	 3.5330038453e-07
38.6388786426 	 4.29773535337e-07
38.6573220214 	 7.09914023198e-08
38.6757654002 	 8.75320625848e-08
38.694208779 	 4.91860298979e-07
38.7126521579 	 7.02840968149e-07
38.7310955367 	 7.70179765869e-07
38.7495389155 	 4.52191492977e-07
38.7679822944 	 2.75491321924e-07
38.7864256732 	 2.89978730212e-07
38.804869052 	 7.28834036189e-07
38.8233124308 	 5.82330099788e-07
38.8417558097 	 6.65585871469e-07
38.8601991885 	 4.53253517387e-07
38.8786425673 	 3.23540724278e-07
38.8970859461 	 2.17432172089e-07
38.915529325 	 1.49524744694e-07
38.9339727038 	 8.33266428518e-08
38.9524160826 	 5.44217154105e-07
38.9708594615 	 5.46078856396e-07
38.9893028403 	 4.33358681462e-07
39.0077462191 	 2.30614789409e-07
39.0261895979 	 2.63837344549e-07
39.0446329768 	 2.64301930288e-07
39.0630763556 	 1.12686741912e-07
39.0815197344 	 3.05172631871e-07
39.0999631132 	 4.1919735412e-07
39.1184064921 	 4.4384662722e-07
39.1368498709 	 1.06073909289e-07
39.1552932497 	 3.75340823986e-07
39.1737366286 	 4.3330290729e-07
39.1921800074 	 6.85596103072e-07
39.2106233862 	 3.29424624476e-07
39.229066765 	 4.35340939248e-07
39.2475101439 	 3.01300604356e-07
39.2659535227 	 5.89813414749e-07
39.2843969015 	 5.58860452121e-07
39.3028402803 	 2.98844662805e-07
39.3212836592 	 3.43031383417e-07
39.339727038 	 5.64740081284e-07
39.3581704168 	 3.3224518121e-07
39.3766137956 	 3.01484595375e-07
39.3950571745 	 3.55436309186e-07
39.4135005533 	 2.18362652275e-07
39.4319439321 	 1.1727911764e-07
39.450387311 	 2.95512609903e-07
39.4688306898 	 5.05970215384e-07
39.4872740686 	 3.75739350147e-07
39.5057174474 	 6.58386923922e-08
39.5241608263 	 2.93717597336e-07
39.5426042051 	 3.28569373053e-07
39.5610475839 	 3.90222795754e-07
39.5794909627 	 2.72204220477e-07
39.5979343416 	 2.4138979795e-07
39.6163777204 	 6.93654013384e-08
39.6348210992 	 2.43228123098e-07
39.6532644781 	 4.97612466503e-07
39.6717078569 	 4.33003330724e-07
39.6901512357 	 4.62360136719e-07
39.7085946145 	 4.05196502534e-07
39.7270379934 	 2.20145541642e-07
39.7454813722 	 9.68774264055e-08
39.763924751 	 9.80284790827e-08
39.7823681298 	 1.83599182808e-07
39.8008115087 	 2.87542957073e-07
39.8192548875 	 5.11183102609e-07
39.8376982663 	 4.87617168799e-07
39.8561416451 	 3.38094734548e-07
39.874585024 	 3.52116230268e-07
39.8930284028 	 2.04126512755e-07
39.9114717816 	 1.38780723645e-07
39.9299151605 	 1.47739672446e-07
39.9483585393 	 2.75905680048e-07
39.9668019181 	 9.81290565646e-08
39.9852452969 	 2.08794734602e-07
40.0036886758 	 2.18542232941e-07
40.0221320546 	 3.5491134272e-07
40.0405754334 	 1.51415810787e-07
40.0590188122 	 6.3478425902e-07
40.0774621911 	 6.8442699857e-07
40.0959055699 	 5.1625520542e-07
40.1143489487 	 3.21070636722e-07
40.1327923276 	 2.5855599176e-07
40.1512357064 	 7.68819427616e-08
40.1696790852 	 7.94501702384e-08
40.188122464 	 2.7458718905e-07
40.2065658429 	 1.62843311596e-07
40.2250092217 	 1.09576420832e-07
40.2434526005 	 3.39038530995e-07
40.2618959793 	 4.21906076593e-07
40.2803393582 	 4.41694609367e-07
40.298782737 	 4.03135994646e-07
40.3172261158 	 3.29097121175e-07
40.3356694947 	 2.30635446667e-07
40.3541128735 	 2.88573849134e-07
40.3725562523 	 2.70618169601e-07
40.3909996311 	 1.34989787984e-07
40.40944301 	 2.0913016901e-07
40.4278863888 	 4.82190698168e-07
40.4463297676 	 4.1283307384e-07
40.4647731464 	 1.22896705972e-07
40.4832165253 	 2.31816506986e-07
40.5016599041 	 1.34164667975e-07
40.5201032829 	 2.21905026076e-07
40.5385466617 	 1.57311387932e-07
40.5569900406 	 1.49539527725e-07
40.5754334194 	 2.50975252632e-07
40.5938767982 	 2.53424301297e-07
40.6123201771 	 5.21685473679e-07
40.6307635559 	 5.23516491257e-07
40.6492069347 	 3.17701440883e-07
40.6676503135 	 1.63655219842e-07
40.6860936924 	 7.34618733633e-08
40.7045370712 	 4.1218757073e-07
40.72298045 	 4.21800793922e-07
40.7414238288 	 1.87271410601e-07
40.7598672077 	 1.42515443309e-07
40.7783105865 	 2.70147418912e-07
40.7967539653 	 3.71099914569e-07
40.8151973442 	 2.74759312592e-07
40.833640723 	 2.83569702201e-07
40.8520841018 	 5.30062427602e-07
40.8705274806 	 4.34074043075e-07
40.8889708595 	 4.22300352478e-07
40.9074142383 	 2.71617065984e-07
40.9258576171 	 1.33835926607e-07
40.9443009959 	 1.20920671274e-07
40.9627443748 	 5.2060531523e-07
40.9811877536 	 6.59021133236e-07
40.9996311324 	 6.54116310568e-07
41.0180745113 	 4.47885480734e-07
41.0365178901 	 2.56594979063e-07
41.0549612689 	 2.9187555503e-07
41.0734046477 	 1.66195994169e-07
41.0918480266 	 1.57519004614e-07
41.1102914054 	 9.43522346403e-08
41.1287347842 	 2.40589202536e-07
41.147178163 	 4.84321530562e-07
41.1656215419 	 3.02687696278e-07
41.1840649207 	 1.89110430197e-07
41.2025082995 	 1.31727780837e-07
41.2209516783 	 1.4562956059e-07
41.2393950572 	 2.78786661851e-07
41.257838436 	 1.62196468471e-07
41.2762818148 	 1.40124357341e-07
41.2947251937 	 1.25524152706e-07
41.3131685725 	 4.37471560441e-07
41.3316119513 	 4.17866321552e-07
41.3500553301 	 4.25547785596e-07
41.368498709 	 4.45641070007e-07
41.3869420878 	 3.64040208489e-07
41.4053854666 	 3.24900997212e-07
41.4238288454 	 2.87508559939e-07
41.4422722243 	 1.08887128915e-07
41.4607156031 	 7.17045390081e-08
41.4791589819 	 1.20916064893e-07
41.4976023608 	 2.50640150889e-07
41.5160457396 	 3.10189621678e-07
41.5344891184 	 4.65835645922e-07
41.5529324972 	 2.37103787712e-07
41.5713758761 	 1.23150863413e-07
41.5898192549 	 1.83752397371e-07
41.6082626337 	 1.01515869678e-07
41.6267060125 	 5.88515671174e-08
41.6451493914 	 1.43657812677e-07
41.6635927702 	 1.17465017632e-07
41.682036149 	 1.71829734836e-07
41.7004795278 	 2.20134321685e-07
41.7189229067 	 6.21006655346e-07
41.7373662855 	 5.99644952059e-07
41.7558096643 	 4.94133156279e-07
41.7742530432 	 3.15018042086e-07
41.792696422 	 2.29147787552e-07
41.8111398008 	 1.52271884151e-07
41.8295831796 	 5.40035827874e-08
41.8480265585 	 1.57080440533e-07
41.8664699373 	 2.25930532242e-07
41.8849133161 	 1.72741417609e-07
41.9033566949 	 4.65690935447e-07
41.9218000738 	 2.66708101032e-07
41.9402434526 	 2.10170080851e-07
41.9586868314 	 2.09309786662e-07
41.9771302103 	 9.55259411345e-08
41.9955735891 	 1.34530457128e-07
42.0140169679 	 2.54035362603e-08
42.0324603467 	 3.58250699025e-07
42.0509037256 	 3.02507513784e-07
42.0693471044 	 2.67314867036e-07
42.0877904832 	 8.42094370519e-08
42.106233862 	 3.28972959974e-07
42.1246772409 	 3.44974381692e-07
42.1431206197 	 2.29124591463e-07
42.1615639985 	 5.61982565064e-08
42.1800073774 	 2.43234571285e-08
42.1984507562 	 1.09499008721e-07
42.216894135 	 2.05003032839e-07
42.2353375138 	 3.85865195856e-07
42.2537808927 	 4.81051272664e-07
42.2722242715 	 3.76621652195e-07
42.2906676503 	 1.74939854739e-07
42.3091110291 	 2.09153297037e-07
42.327554408 	 2.65499445975e-07
42.3459977868 	 7.55534219754e-08
42.3644411656 	 2.10936106458e-07
42.3828845444 	 1.46500864059e-07
42.4013279233 	 3.14214964005e-07
42.4197713021 	 3.86442514562e-07
42.4382146809 	 3.25187360667e-07
42.4566580598 	 1.42503156143e-07
42.4751014386 	 1.64837412679e-07
42.4935448174 	 2.91112838323e-07
42.5119881962 	 2.15217487355e-07
42.5304315751 	 9.10779181018e-08
42.5488749539 	 2.72891791109e-08
42.5673183327 	 1.1769366129e-07
42.5857617115 	 1.87103964443e-07
42.6042050904 	 3.32496297294e-07
42.6226484692 	 4.78637857834e-07
42.641091848 	 3.75136835511e-07
42.6595352269 	 2.50704040867e-07
42.6779786057 	 1.98762120402e-07
42.6964219845 	 2.58030447106e-07
42.7148653633 	 1.56392509674e-07
42.7333087422 	 1.71965722898e-07
42.751752121 	 1.78900300544e-07
42.7701954998 	 7.98314603913e-08
42.7886388786 	 1.65770555944e-07
42.8070822575 	 2.21616346035e-07
42.8255256363 	 2.40342142865e-07
42.8439690151 	 3.61003918236e-07
42.862412394 	 2.37999195915e-07
42.8808557728 	 3.01307557126e-07
42.8992991516 	 1.24150493491e-07
42.9177425304 	 2.68963605514e-07
42.9361859093 	 3.00675680665e-07
42.9546292881 	 1.96771980392e-07
42.9730726669 	 1.11021991101e-07
42.9915160457 	 3.04675586534e-07
43.0099594246 	 2.9391475822e-07
43.0284028034 	 3.24968143454e-07
43.0468461822 	 2.02155559959e-07
43.065289561 	 2.72626935662e-07
43.0837329399 	 1.28863919153e-07
43.1021763187 	 9.20348928085e-08
43.1206196975 	 1.62685299614e-07
43.1390630764 	 3.67909755872e-07
43.1575064552 	 5.35003597375e-07
43.175949834 	 2.23484829608e-07
43.1943932128 	 2.42085707141e-07
43.2128365917 	 2.84591373128e-08
43.2312799705 	 3.09998635753e-07
43.2497233493 	 3.69010016004e-07
43.2681667281 	 3.69037876754e-07
43.286610107 	 2.41936350426e-07
43.3050534858 	 8.46615783189e-08
43.3234968646 	 1.47066788451e-07
43.3419402435 	 3.36987215715e-07
43.3603836223 	 1.86985900636e-07
43.3788270011 	 3.71562966685e-07
43.3972703799 	 3.65701966858e-07
43.4157137588 	 2.46047862609e-07
43.4341571376 	 9.52750334017e-08
43.4526005164 	 1.89729951514e-07
43.4710438952 	 1.50568636149e-07
43.4894872741 	 1.80614514097e-07
43.5079306529 	 2.77827507732e-07
43.5263740317 	 2.87907224043e-07
43.5448174105 	 2.68361044298e-07
43.5632607894 	 2.47015559872e-07
43.5817041682 	 2.50906177456e-07
43.600147547 	 2.81097222642e-07
43.6185909259 	 2.8896199852e-07
43.6370343047 	 1.96430180854e-07
43.6554776835 	 1.64523910669e-07
43.6739210623 	 3.26266571818e-07
43.6923644412 	 3.19902857413e-07
43.71080782 	 3.28838147402e-07
43.7292511988 	 2.26822615043e-07
43.7476945776 	 2.01985439642e-07
43.7661379565 	 2.60040850801e-07
43.7845813353 	 2.33223373856e-07
43.8030247141 	 2.92701141717e-07
43.821468093 	 2.3013456636e-07
43.8399114718 	 2.01754283492e-07
43.8583548506 	 3.08096536788e-07
43.8767982294 	 3.20193277808e-07
43.8952416083 	 2.65003922237e-07
43.9136849871 	 2.29283432679e-07
43.9321283659 	 9.44008355742e-08
43.9505717447 	 2.96581697841e-07
43.9690151236 	 3.63346040335e-07
43.9874585024 	 3.78184276254e-07
44.0059018812 	 2.40931993617e-07
44.0243452601 	 2.3402629769e-07
44.0427886389 	 2.44653731583e-07
44.0612320177 	 1.42193552365e-07
44.0796753965 	 2.90465887778e-07
44.0981187754 	 4.76484110285e-07
44.1165621542 	 3.63027970782e-07
44.135005533 	 2.55386617566e-07
44.1534489118 	 2.08141259648e-07
44.1718922907 	 1.05310460308e-07
44.1903356695 	 8.52140181009e-08
44.2087790483 	 9.20022658411e-08
44.2272224271 	 1.58473001732e-07
44.245665806 	 1.06150872106e-07
44.2641091848 	 3.14820096489e-07
44.2825525636 	 2.94347571467e-07
44.3009959425 	 2.87396809843e-07
44.3194393213 	 2.68824694551e-07
44.3378827001 	 2.43651524119e-07
44.3563260789 	 3.5205978805e-07
44.3747694578 	 2.72305554666e-07
44.3932128366 	 2.60186677054e-07
44.4116562154 	 1.7859912977e-07
44.4300995942 	 2.59019192666e-07
44.4485429731 	 1.92880649592e-07
44.4669863519 	 1.76027339201e-07
44.4854297307 	 1.94665695645e-07
44.5038731096 	 2.89869929672e-07
44.5223164884 	 3.24316356237e-07
44.5407598672 	 3.47035648581e-07
44.559203246 	 2.37019563339e-07
44.5776466249 	 2.04370220944e-07
44.5960900037 	 1.09548768707e-07
44.6145333825 	 1.71975681975e-07
44.6329767613 	 2.37681033112e-07
44.6514201402 	 2.69056282432e-07
44.669863519 	 2.66690930934e-07
44.6883068978 	 3.63198421964e-07
44.7067502767 	 1.77516463866e-07
44.7251936555 	 7.79806009299e-08
44.7436370343 	 1.37803870367e-07
44.7620804131 	 1.00289634445e-07
44.780523792 	 1.02818728507e-07
44.7989671708 	 2.44422254494e-07
44.8174105496 	 4.00403932405e-07
44.8358539284 	 3.22672506996e-07
44.8542973073 	 2.13328340035e-07
44.8727406861 	 2.42899121004e-07
44.8911840649 	 3.70017300904e-07
44.9096274437 	 2.22416615681e-07
44.9280708226 	 9.81086752186e-08
44.9465142014 	 2.43078406945e-08
44.9649575802 	 8.87427384494e-08
44.9834009591 	 1.92429108323e-07
45.0018443379 	 1.60901216065e-07
45.0202877167 	 3.93783674782e-07
45.0387310955 	 4.45759198694e-07
45.0571744744 	 2.85399329324e-07
45.0756178532 	 1.62931364768e-07
45.094061232 	 2.33950491428e-07
45.1125046108 	 2.16080185853e-07
45.1309479897 	 1.51862881831e-07
45.1493913685 	 6.70462786373e-08
45.1678347473 	 1.94001796354e-07
45.1862781262 	 3.74492735963e-07
45.204721505 	 2.35399081268e-07
45.2231648838 	 1.55240329639e-07
45.2416082626 	 2.25000381395e-07
45.2600516415 	 1.41591473932e-07
45.2784950203 	 1.80056319729e-07
45.2969383991 	 2.11140981898e-07
45.3153817779 	 2.37249645137e-07
45.3338251568 	 2.51786610285e-07
45.3522685356 	 2.75590830486e-07
45.3707119144 	 2.04731299409e-07
45.3891552932 	 4.07586357974e-07
45.4075986721 	 4.83034256801e-07
45.4260420509 	 4.09038520967e-07
45.4444854297 	 2.39807483119e-07
45.4629288086 	 2.20927646692e-07
45.4813721874 	 1.82349665136e-07
45.4998155662 	 1.85918163406e-07
45.518258945 	 1.1967080315e-07
45.5367023239 	 1.56860696778e-07
45.5551457027 	 2.62904293688e-07
45.5735890815 	 2.67234106051e-07
45.5920324603 	 2.63580920988e-07
45.6104758392 	 2.49524436986e-07
45.628919218 	 3.01644936323e-07
45.6473625968 	 3.51760831444e-07
45.6658059757 	 1.41850295691e-07
45.6842493545 	 1.13125747973e-07
45.7026927333 	 9.97564045727e-08
45.7211361121 	 1.2201572707e-07
45.739579491 	 2.46263235349e-07
45.7580228698 	 4.16496555301e-07
45.7764662486 	 4.14652803635e-07
45.7949096274 	 2.42919306018e-07
45.8133530063 	 9.21838134909e-08
45.8317963851 	 1.56154354393e-07
45.8502397639 	 2.25647582953e-07
45.8686831428 	 2.88660096638e-07
45.8871265216 	 2.70465445548e-07
45.9055699004 	 2.07958003285e-07
45.9240132792 	 2.43083532794e-07
45.9424566581 	 2.22253495313e-07
45.9609000369 	 2.17176719388e-07
45.9793434157 	 2.28344898548e-07
45.9977867945 	 3.28843554211e-07
46.0162301734 	 2.81324017372e-07
46.0346735522 	 1.71327838336e-07
46.053116931 	 1.29936092635e-07
46.0715603098 	 1.55694800826e-07
46.0900036887 	 2.01998510215e-07
46.1084470675 	 3.99587064481e-07
46.1268904463 	 3.51020975341e-07
46.1453338252 	 1.44005587641e-07
46.163777204 	 2.74883777779e-07
46.1822205828 	 2.98885611049e-07
46.2006639616 	 1.47984810229e-07
46.2191073405 	 1.07567210934e-07
46.2375507193 	 7.45740551429e-08
46.2559940981 	 1.12813777239e-07
46.2744374769 	 1.31764708318e-07
46.2928808558 	 2.51878307728e-07
46.3113242346 	 3.23725759383e-07
46.3297676134 	 3.31994465651e-07
46.3482109923 	 1.07273037958e-07
46.3666543711 	 2.20944035029e-07
46.3850977499 	 3.2158565258e-07
46.4035411287 	 1.69283960054e-07
46.4219845076 	 1.26345140582e-07
46.4404278864 	 2.17183190916e-07
46.4588712652 	 2.5759481404e-07
46.477314644 	 3.16829827114e-07
46.4957580229 	 3.40440618833e-07
46.5142014017 	 3.16838651017e-07
46.5326447805 	 3.27784002974e-07
46.5510881594 	 1.52624510479e-07
46.5695315382 	 5.3883058853e-08
46.587974917 	 1.34304719405e-07
46.6064182958 	 1.08272678437e-07
46.6248616747 	 8.94313157712e-08
46.6433050535 	 2.27460017219e-07
46.6617484323 	 2.10295896946e-07
46.6801918111 	 2.55654083837e-07
46.69863519 	 2.83059593524e-07
46.7170785688 	 3.46410656805e-07
46.7355219476 	 3.74588009579e-07
46.7539653264 	 2.96271089059e-07
46.7724087053 	 1.23131212999e-07
46.7908520841 	 1.23235052325e-07
46.8092954629 	 1.03085396295e-07
46.8277388418 	 1.48627262159e-07
46.8461822206 	 2.36777621061e-07
46.8646255994 	 3.59097023381e-07
46.8830689782 	 3.15632101469e-07
46.9015123571 	 2.79196075727e-07
46.9199557359 	 2.30061252858e-07
46.9383991147 	 1.44290754312e-07
46.9568424935 	 4.91034315602e-08
46.9752858724 	 5.7768564515e-08
46.9937292512 	 1.1956231143e-07
47.01217263 	 1.71831615697e-07
47.0306160089 	 2.69310362515e-07
47.0490593877 	 3.05102817693e-07
47.0675027665 	 3.05667563475e-07
47.0859461453 	 1.97191946896e-07
47.1043895242 	 2.5143115942e-07
47.122832903 	 2.40781463556e-07
47.1412762818 	 1.19970300564e-07
47.1597196606 	 5.68697141182e-08
47.1781630395 	 2.53840657275e-07
47.1966064183 	 2.76148800773e-07
47.2150497971 	 2.2786310737e-07
47.2334931759 	 1.73445123038e-07
47.2519365548 	 3.20507473946e-07
47.2703799336 	 3.48601263814e-07
47.2888233124 	 2.59297753153e-07
47.3072666913 	 3.96030245684e-08
47.3257100701 	 7.61092361945e-08
47.3441534489 	 1.40353065779e-07
47.3625968277 	 1.99712606517e-07
47.3810402066 	 2.68756955043e-07
47.3994835854 	 4.06611446632e-07
47.4179269642 	 2.29202113557e-07
47.436370343 	 3.22713101286e-07
47.4548137219 	 3.37811822415e-07
47.4732571007 	 2.0089281643e-07
47.4917004795 	 1.63980513971e-07
47.5101438584 	 1.023161808e-07
47.5285872372 	 9.97522064919e-08
47.547030616 	 2.19547483986e-07
47.5654739948 	 5.75624824897e-08
47.5839173737 	 1.78788674011e-07
47.6023607525 	 3.72025177467e-07
47.6208041313 	 4.31590447369e-07
47.6392475101 	 2.49277459217e-07
47.657690889 	 1.83430163631e-07
47.6761342678 	 1.57734876188e-07
47.6945776466 	 1.06261327634e-07
47.7130210255 	 1.33713481416e-07
47.7314644043 	 1.98329973691e-07
47.7499077831 	 3.28409456085e-07
47.7683511619 	 2.62218153252e-07
47.7867945408 	 1.45004967779e-07
47.8052379196 	 3.02416085104e-07
47.8236812984 	 2.91514029085e-07
47.8421246772 	 2.28792663731e-07
47.8605680561 	 2.3633078374e-07
47.8790114349 	 2.44287305584e-07
47.8974548137 	 1.9674349485e-07
47.9158981925 	 1.29473484715e-07
47.9343415714 	 2.19887767155e-07
47.9527849502 	 2.95697487896e-07
47.971228329 	 3.65495013911e-07
47.9896717079 	 3.00994653293e-07
48.0081150867 	 1.85576663904e-07
48.0265584655 	 1.94717946187e-07
48.0450018443 	 1.12932163513e-07
48.0634452232 	 1.33364043447e-07
48.081888602 	 4.15982853113e-08
48.1003319808 	 1.68542367043e-07
48.1187753596 	 2.10256933915e-07
48.1372187385 	 3.04064835269e-07
48.1556621173 	 3.83077732291e-07
48.1741054961 	 3.3499745904e-07
48.192548875 	 1.66087543636e-07
48.2109922538 	 1.23209929832e-07
48.2294356326 	 1.85854376086e-07
48.2478790114 	 1.48971775823e-07
48.2663223903 	 1.07040876283e-07
48.2847657691 	 1.94166175157e-07
48.3032091479 	 1.78013204656e-07
48.3216525267 	 1.15962152549e-07
48.3400959056 	 2.47063790574e-07
48.3585392844 	 4.54585653496e-07
48.3769826632 	 3.51690164738e-07
48.3954260421 	 1.55918490981e-07
48.4138694209 	 1.74992451909e-07
48.4323127997 	 1.44922121661e-07
48.4507561785 	 1.35620063983e-07
48.4691995574 	 1.5741356297e-07
48.4876429362 	 2.03810139325e-07
48.506086315 	 2.93770433052e-07
48.5245296938 	 1.93406361154e-07
48.5429730727 	 3.35435503268e-07
48.5614164515 	 3.44747293062e-07
48.5798598303 	 3.62494736188e-07
48.5983032091 	 1.72960485211e-07
48.616746588 	 7.95634993127e-08
48.6351899668 	 5.26062614797e-08
48.6536333456 	 1.10917019826e-07
48.6720767245 	 2.05167295944e-07
48.6905201033 	 3.12873524817e-07
48.7089634821 	 2.49548555268e-07
48.7274068609 	 2.7641355512e-07
48.7458502398 	 1.44342881134e-07
48.7642936186 	 2.04931737232e-07
48.7827369974 	 2.13715902163e-07
48.8011803762 	 2.21214231921e-07
48.8196237551 	 1.54196886276e-07
48.8380671339 	 1.50119572207e-07
48.8565105127 	 2.02781803408e-07
48.8749538916 	 3.13495767253e-07
48.8933972704 	 3.14160840983e-07
48.9118406492 	 2.78793378033e-07
48.930284028 	 1.71914214998e-07
48.9487274069 	 2.51750224628e-07
48.9671707857 	 1.38142808304e-07
48.9856141645 	 1.29190931584e-07
49.0040575433 	 8.19496184419e-08
49.0225009222 	 9.49274755989e-08
49.040944301 	 1.54571557236e-07
49.0593876798 	 1.81266686491e-07
49.0778310586 	 2.84171756906e-07
49.0962744375 	 3.01423840243e-07
49.1147178163 	 2.93692064864e-07
49.1331611951 	 2.21253168276e-07
49.151604574 	 1.33987021613e-07
49.1700479528 	 2.14817312534e-07
49.1884913316 	 1.96363400955e-07
49.2069347104 	 1.97952595319e-07
49.2253780893 	 2.41938859609e-07
49.2438214681 	 2.08755327969e-07
49.2622648469 	 2.56240092546e-07
49.2807082257 	 2.88936730961e-07
49.2991516046 	 3.15540223714e-07
49.3175949834 	 3.41237747153e-07
49.3360383622 	 2.51769932768e-07
49.3544817411 	 5.76550100663e-08
49.3729251199 	 1.75306159708e-08
49.3913684987 	 8.07854362417e-08
49.4098118775 	 1.33461818046e-07
49.4282552564 	 2.36155655781e-07
49.4466986352 	 2.75164462254e-07
49.465142014 	 2.93049027326e-07
49.4835853928 	 3.13393006341e-07
49.5020287717 	 3.30134754986e-07
49.5204721505 	 2.27852925907e-07
49.5389155293 	 1.8216862117e-07
49.5573589082 	 1.78470250503e-07
49.575802287 	 1.2530629264e-07
49.5942456658 	 8.45213803993e-08
49.6126890446 	 9.31680338139e-08
49.6311324235 	 2.14936812219e-07
49.6495758023 	 3.59539497435e-07
49.6680191811 	 2.8259726976e-07
49.6864625599 	 2.57416917099e-07
49.7049059388 	 1.71407035191e-07
49.7233493176 	 2.06791529182e-07
49.7417926964 	 1.2758684838e-07
49.7602360752 	 1.41443727745e-07
49.7786794541 	 2.50000112472e-07
49.7971228329 	 3.10249972515e-07
49.8155662117 	 3.19441610587e-07
49.8340095906 	 3.44426997799e-07
49.8524529694 	 2.3141898172e-07
49.8708963482 	 1.99258344598e-07
49.889339727 	 1.73693920736e-07
49.9077831059 	 1.54673480564e-08
49.9262264847 	 3.42743952988e-08
49.9446698635 	 6.98206219196e-08
49.9631132423 	 1.22560018158e-07
49.9815566212 	 2.28870398603e-07
50.0 	 3.7329811728e-07
