0.0 	 1.72061772833e-08
0.0402414486922 	 2.9679040385e-07
0.0804828973843 	 1.65602060333e-06
0.120724346076 	 4.18819437199e-06
0.160965794769 	 1.10984059739e-05
0.201207243461 	 1.47202621571e-05
0.241448692153 	 2.84434200257e-05
0.281690140845 	 5.82627068693e-05
0.321931589537 	 2.83647333216e-05
0.362173038229 	 5.80740815112e-05
0.402414486922 	 5.31191140256e-05
0.442655935614 	 3.94088139778e-05
0.482897384306 	 6.34743576687e-05
0.523138832998 	 9.02997654167e-05
0.56338028169 	 8.92572705632e-05
0.603621730382 	 5.84604919028e-05
0.643863179074 	 1.72989933137e-05
0.684104627767 	 0.000125906836999
0.724346076459 	 0.000106909757883
0.764587525151 	 0.000146947218374
0.804828973843 	 3.0746268205e-05
0.845070422535 	 9.45758306208e-05
0.885311871227 	 2.21795867049e-05
0.92555331992 	 3.93366080961e-05
0.965794768612 	 5.38878706075e-05
1.0060362173 	 0.000109008854578
1.046277666 	 3.44081799304e-05
1.08651911469 	 6.85036381405e-06
1.12676056338 	 4.64873087558e-05
1.16700201207 	 0.000110072354946
1.20724346076 	 0.000103783806826
1.24748490946 	 6.06779816384e-05
1.28772635815 	 2.59852211213e-05
1.32796780684 	 5.90247061414e-05
1.36820925553 	 0.000118664962247
1.40845070423 	 0.000113866041527
1.44869215292 	 8.54872439908e-05
1.48893360161 	 9.30878989113e-05
1.5291750503 	 3.47209657663e-05
1.56941649899 	 1.66014328404e-05
1.60965794769 	 5.57197158221e-05
1.64989939638 	 6.13880393943e-05
1.69014084507 	 4.26504340797e-05
1.73038229376 	 4.47842471692e-05
1.77062374245 	 5.07225091237e-05
1.81086519115 	 7.66667941291e-05
1.85110663984 	 0.00020812618078
1.89134808853 	 0.000197669365945
1.93158953722 	 1.82777282152e-05
1.97183098592 	 0.000103321822835
2.01207243461 	 0.000102102162706
2.0523138833 	 0.000141879458055
2.09255533199 	 0.000171221945273
2.13279678068 	 7.80756559735e-05
2.17303822938 	 0.000114719861418
2.21327967807 	 5.96816518286e-05
2.25352112676 	 8.03202527379e-05
2.29376257545 	 6.33938239213e-05
2.33400402414 	 0.000162378789692
2.37424547284 	 0.000205220784625
2.41448692153 	 0.000162297903328
2.45472837022 	 0.000213672749674
2.49496981891 	 0.000175715852582
2.53521126761 	 0.000171445080642
2.5754527163 	 0.000222197867072
2.61569416499 	 0.000222211058989
2.65593561368 	 0.000288345717108
2.69617706237 	 0.000228683956123
2.73641851107 	 1.56353130896e-05
2.77665995976 	 2.43679473379e-05
2.81690140845 	 0.000178530607492
2.85714285714 	 0.000128181569749
2.89738430584 	 0.000107302109881
2.93762575453 	 0.000136315742651
2.97786720322 	 0.000222990419856
3.01810865191 	 0.000179217985327
3.0583501006 	 5.58368444964e-05
3.0985915493 	 0.000120095758874
3.13883299799 	 0.000141788050698
3.17907444668 	 0.000139860730479
3.21931589537 	 0.00013230049911
3.25955734406 	 8.36472581499e-05
3.29979879276 	 8.79063531275e-05
3.34004024145 	 4.65920208597e-05
3.38028169014 	 6.33455476051e-05
3.42052313883 	 0.000133451362945
3.46076458753 	 7.20726785551e-05
3.50100603622 	 0.000102160845754
3.54124748491 	 5.32371754247e-05
3.5814889336 	 9.77958638044e-05
3.62173038229 	 7.10440132037e-05
3.66197183099 	 7.65007665924e-05
3.70221327968 	 5.34412255858e-05
3.74245472837 	 0.000127460972052
3.78269617706 	 3.06133913579e-05
3.82293762575 	 8.63322918074e-05
3.86317907445 	 0.000109540497339
3.90342052314 	 0.000100359326495
3.94366197183 	 0.000155758711074
3.98390342052 	 0.000100788330888
4.02414486922 	 7.41162862658e-05
4.06438631791 	 3.78736429997e-05
4.1046277666 	 0.000132684415849
4.14486921529 	 9.63008744266e-05
4.18511066398 	 5.92842330736e-05
4.22535211268 	 0.000108163379238
4.26559356137 	 1.98774463905e-05
4.30583501006 	 8.77636477753e-05
4.34607645875 	 9.81166912699e-05
4.38631790744 	 9.1820681931e-05
4.42655935614 	 0.000191086377189
4.46680080483 	 0.000273216294119
4.50704225352 	 0.00017717790032
4.54728370221 	 0.000113024057019
4.58752515091 	 0.000128765886624
4.6277665996 	 0.000208962884085
4.66800804829 	 5.74221622676e-05
4.70824949698 	 2.14710288969e-05
4.74849094567 	 2.63445631752e-05
4.78873239437 	 5.91314380225e-05
4.82897384306 	 0.000122918969464
4.86921529175 	 0.000121063196664
4.90945674044 	 0.000156764210378
4.94969818913 	 0.000102707555944
4.98993963783 	 0.000193222480738
5.03018108652 	 0.000167960808168
5.07042253521 	 5.74522744226e-05
5.1106639839 	 5.00696991624e-05
5.1509054326 	 7.94800377391e-05
5.19114688129 	 0.000109830651636
5.23138832998 	 0.000130908042705
5.27162977867 	 0.000160813443984
5.31187122736 	 6.03723969225e-05
5.35211267606 	 8.71522757227e-05
5.39235412475 	 2.82804033128e-05
5.43259557344 	 5.73358140798e-05
5.47283702213 	 5.48797281393e-05
5.51307847082 	 0.00010763792194
5.55331991952 	 0.000176834291553
5.59356136821 	 0.000192226893115
5.6338028169 	 0.000176583991096
5.67404426559 	 0.000145305932936
5.71428571429 	 0.00023385529658
5.75452716298 	 0.000192599705598
5.79476861167 	 0.00018286209798
5.83501006036 	 5.10710364754e-05
5.87525150905 	 8.61887455264e-05
5.91549295775 	 7.28515163694e-05
5.95573440644 	 3.32916717534e-05
5.99597585513 	 7.7544323292e-05
6.03621730382 	 8.38221058608e-05
6.07645875252 	 0.000141636692024
6.11670020121 	 0.000106233675049
6.1569416499 	 8.60312121163e-05
6.19718309859 	 4.29940226915e-05
6.23742454728 	 8.87968071849e-05
6.27766599598 	 0.000113808584594
6.31790744467 	 0.000101292312452
6.35814889336 	 0.000123644149155
6.39839034205 	 0.00021534368805
6.43863179074 	 0.000117936275103
6.47887323944 	 1.07806656948e-05
6.51911468813 	 2.80612681484e-05
6.55935613682 	 4.44286268377e-05
6.59959758551 	 3.82120620509e-05
6.63983903421 	 9.67532002734e-05
6.6800804829 	 6.88659834408e-05
6.72032193159 	 5.0866443201e-05
6.76056338028 	 6.46701249538e-05
6.80080482897 	 4.68876010466e-05
6.84104627767 	 7.46210456167e-05
6.88128772636 	 0.000114170164083
6.92152917505 	 0.000152128748884
6.96177062374 	 0.000208387658088
7.00201207243 	 0.000209542739691
7.04225352113 	 0.00014651782289
7.08249496982 	 3.49877824508e-05
7.12273641851 	 7.13044264268e-05
7.1629778672 	 0.000124748221459
7.2032193159 	 8.31342714632e-05
7.24346076459 	 1.09098653299e-06
7.28370221328 	 0.000103381507858
7.32394366197 	 7.79379532474e-05
7.36418511066 	 0.00010995379572
7.40442655936 	 6.13460385006e-05
7.44466800805 	 9.31676716406e-05
7.48490945674 	 0.000104705043118
7.52515090543 	 0.000106102582528
7.56539235412 	 0.000120443106133
7.60563380282 	 8.5981459346e-05
7.64587525151 	 0.000100940762902
7.6861167002 	 0.000160410105098
7.72635814889 	 0.000115585930936
7.76659959759 	 8.98867892815e-05
7.80684104628 	 8.63266709017e-05
7.84708249497 	 2.21851975584e-05
7.88732394366 	 4.35364366228e-05
7.92756539235 	 3.70209897403e-05
7.96780684105 	 4.09566453441e-05
8.00804828974 	 3.6190181666e-05
8.04828973843 	 4.36787373164e-05
8.08853118712 	 7.14577474419e-05
8.12877263581 	 6.75423431288e-05
8.16901408451 	 3.06868055176e-05
8.2092555332 	 2.12308106648e-05
8.24949698189 	 2.27269955389e-05
8.28973843058 	 3.09791679186e-05
8.32997987928 	 3.92619024471e-05
8.37022132797 	 1.24096653018e-05
8.41046277666 	 6.25515541432e-05
8.45070422535 	 5.14107955326e-05
8.49094567404 	 3.035116848e-05
8.53118712274 	 5.26338538532e-05
8.57142857143 	 4.6433753184e-05
8.61167002012 	 8.84893492322e-05
8.65191146881 	 5.48054149124e-05
8.69215291751 	 5.47788240268e-05
8.7323943662 	 4.63705693173e-05
8.77263581489 	 4.84749223229e-05
8.81287726358 	 7.78213779602e-05
8.85311871227 	 5.77589647865e-05
8.89336016097 	 6.04793151586e-05
8.93360160966 	 4.41642869647e-05
8.97384305835 	 7.65403897078e-05
9.01408450704 	 3.20191590202e-05
9.05432595573 	 1.35061594641e-05
9.09456740443 	 3.96169581203e-05
9.13480885312 	 7.19697265299e-05
9.17505030181 	 4.97937433688e-05
9.2152917505 	 7.23403965631e-05
9.2555331992 	 8.04627047643e-05
9.29577464789 	 4.78078275095e-05
9.33601609658 	 2.20023920816e-05
9.37625754527 	 5.7899303946e-05
9.41649899396 	 2.35516956659e-05
9.45674044266 	 9.40002860417e-05
9.49698189135 	 9.72513042832e-05
9.53722334004 	 4.55201850817e-05
9.57746478873 	 4.20975596539e-05
9.61770623742 	 6.15715440318e-05
9.65794768612 	 7.99742199598e-05
9.69818913481 	 4.24439554819e-05
9.7384305835 	 1.33143751508e-05
9.77867203219 	 4.05108629968e-05
9.81891348089 	 2.76359999539e-05
9.85915492958 	 3.32833752011e-05
9.89939637827 	 4.71234137665e-05
9.93963782696 	 6.66582664511e-05
9.97987927565 	 8.37372760304e-05
10.0201207243 	 7.32017863494e-05
10.060362173 	 1.40853690183e-05
10.1006036217 	 5.11069949815e-05
10.1408450704 	 6.81101058279e-05
10.1810865191 	 5.45955647604e-05
10.2213279678 	 4.94919320186e-05
10.2615694165 	 2.19026027374e-06
10.3018108652 	 8.95471648611e-05
10.3420523139 	 8.11163635637e-05
10.3822937626 	 8.08579025854e-05
10.4225352113 	 4.33476237359e-05
10.46277666 	 5.9274512582e-05
10.5030181087 	 7.45835484455e-05
10.5432595573 	 5.65918153805e-05
10.583501006 	 1.79212678728e-05
10.6237424547 	 4.16870485388e-05
10.6639839034 	 1.48734192908e-05
10.7042253521 	 1.83829518475e-05
10.7444668008 	 1.97375592005e-05
10.7847082495 	 3.27745432616e-05
10.8249496982 	 3.45842592453e-05
10.8651911469 	 3.61372079848e-05
10.9054325956 	 5.0074112927e-05
10.9456740443 	 5.16268203803e-05
10.985915493 	 5.63001586584e-05
11.0261569416 	 2.58975022677e-05
11.0663983903 	 6.96934836856e-05
11.106639839 	 6.74452451694e-05
11.1468812877 	 5.32525648586e-05
11.1871227364 	 8.15543106265e-05
11.2273641851 	 2.48811016344e-05
11.2676056338 	 4.72334508638e-05
11.3078470825 	 2.77254207053e-05
11.3480885312 	 2.85702954588e-05
11.3883299799 	 2.7491957725e-05
11.4285714286 	 0.000101609144617
11.4688128773 	 5.64231308123e-05
11.509054326 	 1.74413178037e-05
11.5492957746 	 5.29175237586e-05
11.5895372233 	 1.98505930937e-05
11.629778672 	 3.48424938585e-05
11.6700201207 	 5.19028987593e-05
11.7102615694 	 0.000104627751146
11.7505030181 	 4.69220931104e-05
11.7907444668 	 5.41558550064e-05
11.8309859155 	 0.000106653918695
11.8712273642 	 1.04436182376e-05
11.9114688129 	 1.0367832474e-05
11.9517102616 	 1.94247176615e-05
11.9919517103 	 4.15474715086e-05
12.032193159 	 2.573184492e-05
12.0724346076 	 8.89053839458e-05
12.1126760563 	 2.31807251539e-05
12.152917505 	 5.87558653209e-05
12.1931589537 	 8.34334719836e-05
12.2334004024 	 0.000117923135291
12.2736418511 	 9.65349356496e-05
12.3138832998 	 7.72345262297e-05
12.3541247485 	 0.000101148028532
12.3943661972 	 5.32782505477e-05
12.4346076459 	 6.06219141765e-05
12.4748490946 	 6.73712280183e-05
12.5150905433 	 7.89962061271e-05
12.555331992 	 4.92324282352e-05
12.5955734406 	 6.22765185594e-06
12.6358148893 	 1.90023620711e-05
12.676056338 	 6.81666535199e-06
12.7162977867 	 2.93009598483e-05
12.7565392354 	 1.84815105913e-05
12.7967806841 	 5.84916957361e-05
12.8370221328 	 3.48990691479e-05
12.8772635815 	 3.66268663967e-05
12.9175050302 	 4.71929305775e-05
12.9577464789 	 6.06247891094e-05
12.9979879276 	 8.35221624693e-05
13.0382293763 	 5.8055905626e-05
13.0784708249 	 8.30359205295e-05
13.1187122736 	 9.22177601473e-05
13.1589537223 	 5.03473183906e-05
13.199195171 	 9.4754308985e-05
13.2394366197 	 3.36959750496e-05
13.2796780684 	 3.65937044921e-05
13.3199195171 	 4.26252433802e-05
13.3601609658 	 6.28661826899e-05
13.4004024145 	 6.78852281783e-05
13.4406438632 	 3.19707519498e-05
13.4808853119 	 4.11236199225e-05
13.5211267606 	 3.20369555918e-05
13.5613682093 	 2.12991215494e-05
13.6016096579 	 2.7115484137e-05
13.6418511066 	 3.61030220302e-05
13.6820925553 	 1.61815832809e-05
13.722334004 	 4.5084364859e-05
13.7625754527 	 5.94875451891e-05
13.8028169014 	 4.93559095108e-05
13.8430583501 	 1.06389662138e-05
13.8832997988 	 5.25961920533e-05
13.9235412475 	 4.12428566029e-05
13.9637826962 	 3.76898158077e-05
14.0040241449 	 6.38010444283e-05
14.0442655936 	 5.44692943354e-05
14.0845070423 	 8.327087625e-05
14.1247484909 	 4.79887331384e-05
14.1649899396 	 2.46516282458e-05
14.2052313883 	 4.36432714208e-06
14.245472837 	 1.30072254864e-05
14.2857142857 	 6.12286878682e-05
14.3259557344 	 7.80366409287e-05
14.3661971831 	 1.6143125945e-05
14.4064386318 	 4.55450491365e-05
14.4466800805 	 2.46003239697e-05
14.4869215292 	 4.26629716812e-05
14.5271629779 	 6.4123501006e-05
14.5674044266 	 9.4224444018e-05
14.6076458753 	 0.000102163414229
14.6478873239 	 7.1163639469e-05
14.6881287726 	 6.95681606708e-05
14.7283702213 	 8.96054253243e-05
14.76861167 	 6.47881940741e-05
14.8088531187 	 6.55699574579e-05
14.8490945674 	 3.54698815293e-05
14.8893360161 	 5.17197849273e-05
14.9295774648 	 5.1733428796e-05
14.9698189135 	 2.62335655278e-05
15.0100603622 	 2.58188511247e-05
15.0503018109 	 6.856835567e-05
15.0905432596 	 8.63507322054e-05
15.1307847082 	 9.53805266877e-05
15.1710261569 	 7.14756765607e-05
15.2112676056 	 2.31562847195e-05
15.2515090543 	 3.02284250619e-05
15.291750503 	 6.94628676711e-05
15.3319919517 	 2.45238976512e-05
15.3722334004 	 6.59710402569e-05
15.4124748491 	 5.26513963805e-05
15.4527162978 	 5.57965213662e-05
15.4929577465 	 8.5955630871e-06
15.5331991952 	 4.59367708533e-05
15.5734406439 	 0.000101827409718
15.6136820926 	 0.000103916202949
15.6539235412 	 0.000107309471835
15.6941649899 	 7.66087490663e-05
15.7344064386 	 6.73647054157e-05
15.7746478873 	 9.20166088514e-05
15.814889336 	 7.83412014672e-05
15.8551307847 	 4.83012405036e-05
15.8953722334 	 5.32563372642e-05
15.9356136821 	 1.91657994156e-05
15.9758551308 	 1.79991238322e-05
16.0160965795 	 8.1820714144e-05
16.0563380282 	 5.87456438495e-05
16.0965794769 	 4.42398495967e-05
16.1368209256 	 3.54861598442e-05
16.1770623742 	 4.71139094347e-05
16.2173038229 	 2.4396917619e-05
16.2575452716 	 3.49844890562e-05
16.2977867203 	 3.82583064078e-05
16.338028169 	 2.71955712514e-05
16.3782696177 	 1.10800603637e-05
16.4185110664 	 5.73739722678e-05
16.4587525151 	 4.5962276137e-05
16.4989939638 	 2.9586502883e-05
16.5392354125 	 1.96521588459e-05
16.5794768612 	 3.94078728238e-05
16.6197183099 	 2.94036639432e-05
16.6599597586 	 2.72804754522e-05
16.7002012072 	 2.79042167425e-05
16.7404426559 	 2.67840200931e-05
16.7806841046 	 1.96214626141e-05
16.8209255533 	 2.1282491576e-05
16.861167002 	 4.33465171168e-05
16.9014084507 	 4.25253583457e-05
16.9416498994 	 2.90142516514e-05
16.9818913481 	 1.16896078445e-05
17.0221327968 	 1.47308663839e-05
17.0623742455 	 3.269558809e-05
17.1026156942 	 5.70239110796e-05
17.1428571429 	 2.24423175617e-05
17.1830985915 	 2.60590433081e-05
17.2233400402 	 3.17103908375e-05
17.2635814889 	 3.09873983138e-05
17.3038229376 	 4.11727745506e-05
17.3440643863 	 2.32535020699e-05
17.384305835 	 2.04328536757e-05
17.4245472837 	 1.4097938216e-05
17.4647887324 	 2.01927533189e-05
17.5050301811 	 1.3413501402e-05
17.5452716298 	 1.97663887752e-05
17.5855130785 	 3.10563419565e-05
17.6257545272 	 1.04975697005e-05
17.6659959759 	 1.62690654889e-06
17.7062374245 	 1.72853774005e-05
17.7464788732 	 1.96781494281e-05
17.7867203219 	 2.89579182178e-05
17.8269617706 	 3.26949597036e-05
17.8672032193 	 1.84010393941e-05
17.907444668 	 2.98389956394e-05
17.9476861167 	 1.94166989324e-05
17.9879275654 	 2.38777778918e-05
18.0281690141 	 7.46959333582e-06
18.0684104628 	 1.07892916825e-05
18.1086519115 	 2.40884187101e-05
18.1488933602 	 2.65672575913e-05
18.1891348089 	 3.38481836589e-05
18.2293762575 	 2.11557438909e-05
18.2696177062 	 2.23635585501e-05
18.3098591549 	 8.70992903281e-06
18.3501006036 	 6.7418447925e-06
18.3903420523 	 1.93327185786e-05
18.430583501 	 4.29300332166e-06
18.4708249497 	 1.27508132188e-05
18.5110663984 	 2.13685912698e-05
18.5513078471 	 1.76859715765e-05
18.5915492958 	 1.44120980037e-05
18.6317907445 	 1.19038288757e-05
18.6720321932 	 9.58942140227e-06
18.7122736419 	 1.88664073701e-05
18.7525150905 	 9.93192404331e-06
18.7927565392 	 1.06207443788e-05
18.8329979879 	 7.47812069899e-06
18.8732394366 	 1.26609054472e-05
18.9134808853 	 1.49858706409e-05
18.953722334 	 1.41246455193e-05
18.9939637827 	 1.2016237854e-05
19.0342052314 	 1.76751197563e-05
19.0744466801 	 1.18538217629e-05
19.1146881288 	 1.99486234832e-05
19.1549295775 	 6.37757164467e-07
19.1951710262 	 8.08830546956e-06
19.2354124748 	 1.46074427195e-05
19.2756539235 	 8.96227109265e-06
19.3158953722 	 7.21760319493e-06
19.3561368209 	 1.41959879293e-05
19.3963782696 	 7.80647122853e-06
19.4366197183 	 1.27105962513e-05
19.476861167 	 1.00961827938e-05
19.5171026157 	 5.70849206498e-06
19.5573440644 	 1.63493926968e-05
19.5975855131 	 4.44380254903e-06
19.6378269618 	 1.5174709718e-05
19.6780684105 	 2.32572134821e-05
19.7183098592 	 1.82809265374e-05
19.7585513078 	 2.6776071402e-05
19.7987927565 	 1.56950257283e-06
19.8390342052 	 1.51276815119e-05
19.8792756539 	 5.97911728777e-06
19.9195171026 	 1.69156089495e-05
19.9597585513 	 2.56274387502e-05
20.0 	 1.01720706257e-05
20.0402414487 	 5.32860938409e-06
20.0804828974 	 3.17362180213e-05
20.1207243461 	 1.50962902474e-05
20.1609657948 	 1.57907879035e-05
20.2012072435 	 9.0914172097e-06
20.2414486922 	 5.81933136009e-06
20.2816901408 	 3.17333700631e-06
20.3219315895 	 8.13705004204e-06
20.3621730382 	 8.47105426633e-06
20.4024144869 	 6.82696643311e-06
20.4426559356 	 9.15639433931e-06
20.4828973843 	 6.094028359e-06
20.523138833 	 1.02315295592e-05
20.5633802817 	 1.20206097035e-05
20.6036217304 	 1.26254817686e-05
20.6438631791 	 5.79529643203e-06
20.6841046278 	 1.92731889797e-05
20.7243460765 	 8.16104144481e-06
20.7645875252 	 1.88688044044e-05
20.8048289738 	 4.37462479741e-06
20.8450704225 	 5.17220351126e-06
20.8853118712 	 1.05360062172e-05
20.9255533199 	 4.52765519555e-06
20.9657947686 	 8.61424683579e-06
21.0060362173 	 9.4763740311e-06
21.046277666 	 4.068279788e-06
21.0865191147 	 1.67975202629e-05
21.1267605634 	 1.43221484974e-05
21.1670020121 	 1.32055218195e-05
21.2072434608 	 1.85648759613e-05
21.2474849095 	 2.26457298665e-05
21.2877263581 	 1.46863137764e-05
21.3279678068 	 1.61597366392e-05
21.3682092555 	 1.55747969509e-05
21.4084507042 	 8.85558023385e-06
21.4486921529 	 1.93134237343e-05
21.4889336016 	 5.98216763867e-06
21.5291750503 	 9.79416332143e-07
21.569416499 	 1.01151469885e-05
21.6096579477 	 1.50902200371e-06
21.6498993964 	 1.06139593192e-05
21.6901408451 	 6.37199048801e-06
21.7303822938 	 2.65030227113e-06
21.7706237425 	 3.08891516595e-06
21.8108651911 	 8.54584469621e-06
21.8511066398 	 1.13311674922e-05
21.8913480885 	 6.12226959085e-06
21.9315895372 	 1.14070046641e-05
21.9718309859 	 9.21210684654e-06
22.0120724346 	 9.52555905193e-06
22.0523138833 	 1.43385522731e-05
22.092555332 	 6.23963502526e-06
22.1327967807 	 6.17804992078e-06
22.1730382294 	 7.62092645358e-06
22.2132796781 	 1.22229844854e-06
22.2535211268 	 6.71626903308e-06
22.2937625755 	 3.33515714095e-06
22.3340040241 	 4.36249064782e-06
22.3742454728 	 9.08594838891e-07
22.4144869215 	 1.72045211852e-05
22.4547283702 	 3.72617976337e-06
22.4949698189 	 4.12412643983e-06
22.5352112676 	 1.55227861178e-05
22.5754527163 	 9.5639142698e-06
22.615694165 	 1.54057597713e-05
22.6559356137 	 7.86160854666e-06
22.6961770624 	 1.108741883e-05
22.7364185111 	 3.38096470059e-06
22.7766599598 	 1.73085199863e-06
22.8169014085 	 5.04364722087e-06
22.8571428571 	 2.85484882928e-06
22.8973843058 	 8.61554893504e-06
22.9376257545 	 5.23499538763e-06
22.9778672032 	 4.24356792194e-06
23.0181086519 	 2.96189205028e-06
23.0583501006 	 1.88509771516e-06
23.0985915493 	 7.98986443203e-06
23.138832998 	 1.04041137692e-05
23.1790744467 	 9.06100939156e-06
23.2193158954 	 3.9418985371e-06
23.2595573441 	 4.5525158832e-06
23.2997987928 	 8.94922937305e-06
23.3400402414 	 7.31805407468e-06
23.3802816901 	 1.62951099334e-05
23.4205231388 	 6.76958292329e-06
23.4607645875 	 4.61580143175e-06
23.5010060362 	 2.81557361577e-06
23.5412474849 	 6.42314931226e-06
23.5814889336 	 6.95604235844e-06
23.6217303823 	 2.77840189263e-06
23.661971831 	 9.25873230067e-06
23.7022132797 	 8.31687656054e-06
23.7424547284 	 1.0584430695e-05
23.7826961771 	 1.01369980022e-05
23.8229376258 	 8.1479278607e-06
23.8631790744 	 3.08883581336e-06
23.9034205231 	 2.29539516705e-06
23.9436619718 	 8.90735616547e-06
23.9839034205 	 6.55122731083e-06
24.0241448692 	 8.00415766437e-06
24.0643863179 	 9.63279058802e-06
24.1046277666 	 9.8162537471e-06
24.1448692153 	 8.92401551501e-06
24.185110664 	 6.29712720253e-06
24.2253521127 	 2.72857378736e-06
24.2655935614 	 3.56402690325e-06
24.3058350101 	 5.96661971731e-06
24.3460764588 	 3.87487035421e-06
24.3863179074 	 4.75588176676e-06
24.4265593561 	 8.68798236861e-06
24.4668008048 	 7.60883457563e-06
24.5070422535 	 4.13001157451e-06
24.5472837022 	 5.75664836244e-07
24.5875251509 	 6.85088208395e-06
24.6277665996 	 8.04313805742e-06
24.6680080483 	 2.81016450173e-06
24.708249497 	 3.76641511903e-06
24.7484909457 	 7.95718929001e-06
24.7887323944 	 5.40931593798e-06
24.8289738431 	 4.26061147074e-06
24.8692152918 	 2.7336911259e-06
24.9094567404 	 4.36976790356e-06
24.9496981891 	 7.16447222337e-06
24.9899396378 	 5.77211029631e-06
25.0301810865 	 1.93756742503e-06
25.0704225352 	 3.21133011611e-06
25.1106639839 	 2.84716553471e-06
25.1509054326 	 7.24749626274e-06
25.1911468813 	 5.40993796778e-06
25.23138833 	 5.56128579834e-06
25.2716297787 	 6.23457043616e-06
25.3118712274 	 2.9488564286e-06
25.3521126761 	 1.63966885355e-06
25.3923541247 	 2.77843046414e-06
25.4325955734 	 2.94122502929e-06
25.4728370221 	 4.3622065221e-06
25.5130784708 	 6.55338911034e-06
25.5533199195 	 2.17592259471e-06
25.5935613682 	 5.04619147542e-06
25.6338028169 	 2.16505960713e-06
25.6740442656 	 6.87300111074e-06
25.7142857143 	 1.77179708701e-06
25.754527163 	 5.04710348392e-06
25.7947686117 	 6.88671282597e-06
25.8350100604 	 4.60353441577e-06
25.8752515091 	 1.65961166601e-06
25.9154929577 	 2.11100040336e-06
25.9557344064 	 6.64079501681e-07
25.9959758551 	 4.50719368587e-06
26.0362173038 	 7.17091019221e-06
26.0764587525 	 6.9191709733e-06
26.1167002012 	 2.50060491006e-06
26.1569416499 	 3.59346612423e-06
26.1971830986 	 7.67942803464e-07
26.2374245473 	 8.61497166377e-07
26.277665996 	 1.84091901402e-06
26.3179074447 	 5.02423934499e-06
26.3581488934 	 3.23697618783e-06
26.3983903421 	 4.16831016577e-06
26.4386317907 	 5.44269755651e-06
26.4788732394 	 4.99513008229e-06
26.5191146881 	 7.06489196865e-06
26.5593561368 	 4.56536052921e-06
26.5995975855 	 3.00738882078e-06
26.6398390342 	 1.718182296e-06
26.6800804829 	 1.62597819012e-06
26.7203219316 	 6.9045127852e-06
26.7605633803 	 5.80077559136e-06
26.800804829 	 5.17977972113e-06
26.8410462777 	 5.47935724478e-06
26.8812877264 	 6.83077896643e-06
26.9215291751 	 5.51500507345e-06
26.9617706237 	 6.69467807623e-06
27.0020120724 	 3.3902910086e-06
27.0422535211 	 1.32908983626e-06
27.0824949698 	 3.59175302938e-06
27.1227364185 	 5.64507098119e-06
27.1629778672 	 2.68477980598e-06
27.2032193159 	 4.48252929131e-06
27.2434607646 	 2.38238193946e-06
27.2837022133 	 2.06722663909e-06
27.323943662 	 3.76654239212e-06
27.3641851107 	 4.24084408595e-06
27.4044265594 	 4.47144600115e-06
27.444668008 	 1.68420588026e-06
27.4849094567 	 4.7491672715e-06
27.5251509054 	 1.86948747375e-06
27.5653923541 	 2.21971856882e-06
27.6056338028 	 3.48461276772e-06
27.6458752515 	 5.51044238329e-06
27.6861167002 	 1.05026215374e-06
27.7263581489 	 8.85299508009e-06
27.7665995976 	 6.23916463361e-06
27.8068410463 	 6.9284041637e-06
27.847082495 	 3.37804704315e-06
27.8873239437 	 3.9458021502e-06
27.9275653924 	 4.28798022253e-06
27.967806841 	 1.76420435255e-06
28.0080482897 	 5.71495276395e-06
28.0482897384 	 2.82111501148e-06
28.0885311871 	 5.39468651712e-06
28.1287726358 	 1.75369006714e-06
28.1690140845 	 4.38161153778e-07
28.2092555332 	 5.20818624208e-06
28.2494969819 	 2.4906094048e-06
28.2897384306 	 3.94700807858e-06
28.3299798793 	 5.03262435522e-06
28.370221328 	 3.48188284379e-06
28.4104627767 	 4.60424903968e-06
28.4507042254 	 2.56427315506e-06
28.490945674 	 3.4558413369e-06
28.5311871227 	 2.00362176627e-06
28.5714285714 	 4.17518459391e-06
28.6116700201 	 3.94435041061e-06
28.6519114688 	 2.70943182227e-06
28.6921529175 	 3.40228065457e-06
28.7323943662 	 3.30569774097e-06
28.7726358149 	 4.58063774318e-06
28.8128772636 	 2.42460963569e-06
28.8531187123 	 2.63010676079e-06
28.893360161 	 4.1466855759e-06
28.9336016097 	 2.87650860026e-06
28.9738430584 	 3.05561794759e-06
29.014084507 	 2.77095013265e-06
29.0543259557 	 2.90919736957e-06
29.0945674044 	 2.52115203133e-07
29.1348088531 	 4.03321196936e-06
29.1750503018 	 5.24835088206e-06
29.2152917505 	 5.0213121791e-06
29.2555331992 	 4.32370081992e-06
29.2957746479 	 9.85516832695e-07
29.3360160966 	 3.70531445555e-06
29.3762575453 	 3.44674411435e-07
29.416498994 	 2.79605276856e-06
29.4567404427 	 1.99224325291e-06
29.4969818913 	 2.36864504487e-06
29.53722334 	 2.70527730755e-06
29.5774647887 	 1.72291202398e-06
29.6177062374 	 1.87798965186e-06
29.6579476861 	 2.76537337488e-06
29.6981891348 	 3.19366502459e-06
29.7384305835 	 2.05043176832e-06
29.7786720322 	 1.95656326667e-06
29.8189134809 	 1.32111028657e-06
29.8591549296 	 1.35894027597e-06
29.8993963783 	 2.323618475e-06
29.939637827 	 3.6320423101e-06
29.9798792757 	 1.28658002752e-06
30.0201207243 	 2.80519191266e-06
30.060362173 	 2.28328932033e-06
30.1006036217 	 3.51695350591e-06
30.1408450704 	 1.19775318479e-06
30.1810865191 	 6.0186907158e-07
30.2213279678 	 1.44069545697e-06
30.2615694165 	 3.38677183659e-06
30.3018108652 	 1.37354192149e-06
30.3420523139 	 2.68424867877e-06
30.3822937626 	 2.07338291558e-06
30.4225352113 	 1.87250805609e-06
30.46277666 	 3.03069981663e-06
30.5030181087 	 5.30720704721e-06
30.5432595573 	 5.72012015343e-06
30.583501006 	 3.30372356993e-06
30.6237424547 	 3.8228224276e-06
30.6639839034 	 5.52832398693e-06
30.7042253521 	 5.07377306148e-06
30.7444668008 	 4.6372339691e-06
30.7847082495 	 2.47198188499e-06
30.8249496982 	 2.99806572813e-06
30.8651911469 	 4.40701100513e-06
30.9054325956 	 2.66670830893e-06
30.9456740443 	 3.13717206443e-06
30.985915493 	 1.71681814453e-06
31.0261569416 	 1.83582316607e-06
31.0663983903 	 3.58692665079e-06
31.106639839 	 1.02139276821e-06
31.1468812877 	 3.30024259765e-06
31.1871227364 	 3.23369175809e-06
31.2273641851 	 5.39783105857e-06
31.2676056338 	 3.46703486828e-06
31.3078470825 	 2.24091358313e-06
31.3480885312 	 1.35766878763e-06
31.3883299799 	 3.20888339306e-06
31.4285714286 	 5.93783122085e-07
31.4688128773 	 4.49802451581e-06
31.509054326 	 1.58606910916e-06
31.5492957746 	 3.46493057283e-06
31.5895372233 	 1.2497514666e-06
31.629778672 	 3.29271172997e-06
31.6700201207 	 2.55326969248e-06
31.7102615694 	 2.53673213224e-06
31.7505030181 	 2.74669438459e-06
31.7907444668 	 1.22710291744e-06
31.8309859155 	 1.52149590553e-06
31.8712273642 	 1.69155419994e-06
31.9114688129 	 1.93131684842e-06
31.9517102616 	 1.19128486967e-06
31.9919517103 	 2.62724630061e-06
32.032193159 	 3.21755940495e-06
32.0724346076 	 2.35720379252e-06
32.1126760563 	 1.71284183992e-06
32.152917505 	 3.37223725296e-06
32.1931589537 	 2.78317754308e-06
32.2334004024 	 1.88069353204e-06
32.2736418511 	 2.94450985839e-07
32.3138832998 	 2.36920941018e-06
32.3541247485 	 1.17280706318e-06
32.3943661972 	 2.52598785331e-06
32.4346076459 	 3.23896894377e-06
32.4748490946 	 2.83876495808e-06
32.5150905433 	 1.85938726602e-06
32.555331992 	 1.75490938394e-06
32.5955734406 	 5.08537893808e-07
32.6358148893 	 3.16537920298e-06
32.676056338 	 2.93441179992e-07
32.7162977867 	 7.27610070085e-07
32.7565392354 	 1.45886970674e-06
32.7967806841 	 3.41751484654e-06
32.8370221328 	 2.09699720498e-06
32.8772635815 	 7.88800535277e-07
32.9175050302 	 2.44381272143e-06
32.9577464789 	 1.83685588909e-06
32.9979879276 	 2.434418182e-06
33.0382293763 	 2.00845377955e-06
33.0784708249 	 1.4527496345e-06
33.1187122736 	 1.99843251189e-06
33.1589537223 	 1.06588494176e-06
33.199195171 	 1.989275203e-06
33.2394366197 	 1.06133679145e-06
33.2796780684 	 2.62595883234e-06
33.3199195171 	 2.30599190628e-07
33.3601609658 	 1.42318320137e-06
33.4004024145 	 1.77441561962e-06
33.4406438632 	 7.42066784085e-07
33.4808853119 	 1.54637485124e-06
33.5211267606 	 1.37542253284e-06
33.5613682093 	 1.55978986517e-06
33.6016096579 	 1.46698906989e-06
33.6418511066 	 6.63724130656e-07
33.6820925553 	 1.50280408066e-06
33.722334004 	 1.92052576215e-06
33.7625754527 	 1.5660566273e-06
33.8028169014 	 1.20218802563e-06
33.8430583501 	 2.98642128077e-06
33.8832997988 	 1.36096476441e-06
33.9235412475 	 1.903747089e-06
33.9637826962 	 1.34965235707e-06
34.0040241449 	 8.08920644423e-07
34.0442655936 	 1.31353718819e-06
34.0845070423 	 1.76361610067e-06
34.1247484909 	 2.0202134662e-06
34.1649899396 	 8.22200918069e-07
34.2052313883 	 2.60958164095e-06
34.245472837 	 3.23996294532e-06
34.2857142857 	 1.18127254105e-06
34.3259557344 	 9.95742024953e-07
34.3661971831 	 3.28887620873e-06
34.4064386318 	 1.68492031007e-06
34.4466800805 	 3.18138374181e-06
34.4869215292 	 2.26121676174e-06
34.5271629779 	 2.40919312509e-06
34.5674044266 	 9.36083187405e-07
34.6076458753 	 8.17487075045e-07
34.6478873239 	 2.39565713596e-06
34.6881287726 	 2.17681132894e-06
34.7283702213 	 3.71855376542e-07
34.76861167 	 1.8802214756e-06
34.8088531187 	 2.20651941841e-06
34.8490945674 	 1.13182877899e-06
34.8893360161 	 2.49672842362e-06
34.9295774648 	 2.61259119572e-06
34.9698189135 	 9.41735161168e-07
35.0100603622 	 1.09147180666e-06
35.0503018109 	 3.30014742338e-06
35.0905432596 	 1.84038586507e-06
35.1307847082 	 1.86778175503e-06
35.1710261569 	 1.80589158132e-06
35.2112676056 	 2.39774753682e-06
35.2515090543 	 1.09528615994e-06
35.291750503 	 1.17584801143e-06
35.3319919517 	 1.93227003187e-06
35.3722334004 	 1.22428621965e-06
35.4124748491 	 1.72235781072e-06
35.4527162978 	 7.5171360312e-07
35.4929577465 	 6.35872729906e-07
35.5331991952 	 3.93817883719e-07
35.5734406439 	 1.21110541477e-06
35.6136820926 	 1.36280618998e-06
35.6539235412 	 1.62507914203e-06
35.6941649899 	 3.31220429554e-07
35.7344064386 	 2.37402043882e-06
35.7746478873 	 7.24509774772e-07
35.814889336 	 1.56843130457e-06
35.8551307847 	 1.11006139531e-06
35.8953722334 	 2.16499538876e-07
35.9356136821 	 9.09323407206e-07
35.9758551308 	 9.93074409359e-07
36.0160965795 	 6.95390263789e-07
36.0563380282 	 1.73141549751e-06
36.0965794769 	 1.07228353419e-06
36.1368209256 	 1.45700052089e-06
36.1770623742 	 1.09252134909e-06
36.2173038229 	 3.77105503309e-07
36.2575452716 	 1.25480961269e-06
36.2977867203 	 1.13916134591e-06
36.338028169 	 1.39390193454e-06
36.3782696177 	 1.64401393545e-06
36.4185110664 	 1.19866278032e-06
36.4587525151 	 1.10272000328e-06
36.4989939638 	 8.21061674707e-07
36.5392354125 	 4.01983551814e-07
36.5794768612 	 7.81261408317e-07
36.6197183099 	 1.40266840473e-06
36.6599597586 	 2.02386242973e-06
36.7002012072 	 2.34490386126e-06
36.7404426559 	 1.59149100076e-06
36.7806841046 	 1.25378981402e-06
36.8209255533 	 4.25975216203e-07
36.861167002 	 8.46664070189e-07
36.9014084507 	 1.59871958987e-06
36.9416498994 	 1.29161082456e-06
36.9818913481 	 1.88982370911e-06
37.0221327968 	 2.28705131333e-06
37.0623742455 	 2.40690896572e-06
37.1026156942 	 1.54816270279e-06
37.1428571429 	 1.73706546014e-06
37.1830985915 	 1.2133246803e-06
37.2233400402 	 9.18556334263e-07
37.2635814889 	 1.55578421258e-06
37.3038229376 	 1.75180187735e-06
37.3440643863 	 1.41141765504e-06
37.384305835 	 1.16502955283e-06
37.4245472837 	 2.45452603401e-06
37.4647887324 	 2.50751084119e-06
37.5050301811 	 1.07618287234e-06
37.5452716298 	 2.27509440631e-06
37.5855130785 	 1.16086941733e-06
37.6257545272 	 1.53229302817e-06
37.6659959759 	 5.31935338714e-07
37.7062374245 	 1.70489791397e-06
37.7464788732 	 7.83097115286e-07
37.7867203219 	 1.67715185197e-06
37.8269617706 	 1.21894800684e-06
37.8672032193 	 5.06783522362e-07
37.907444668 	 1.70143896983e-06
37.9476861167 	 1.12125406116e-06
37.9879275654 	 5.9375760722e-07
38.0281690141 	 6.22678504833e-07
38.0684104628 	 1.12387832689e-06
38.1086519115 	 1.06056107292e-06
38.1488933602 	 1.07270463177e-06
38.1891348089 	 2.54528565675e-06
38.2293762575 	 1.21503647103e-06
38.2696177062 	 3.6047512394e-06
38.3098591549 	 1.49036382274e-06
38.3501006036 	 2.19720354358e-06
38.3903420523 	 2.99524187579e-06
38.430583501 	 1.48145999787e-06
38.4708249497 	 1.16679658358e-06
38.5110663984 	 6.7336177275e-07
38.5513078471 	 4.76845519918e-07
38.5915492958 	 6.88954410794e-07
38.6317907445 	 8.24627476383e-07
38.6720321932 	 7.80616266742e-07
38.7122736419 	 6.07108680806e-07
38.7525150905 	 2.15365073637e-06
38.7927565392 	 2.6058621142e-06
38.8329979879 	 2.15131203615e-06
38.8732394366 	 3.00347925559e-06
38.9134808853 	 1.19005614497e-06
38.953722334 	 7.81335577787e-07
38.9939637827 	 1.50355235039e-06
39.0342052314 	 8.29075272345e-07
39.0744466801 	 1.2551096624e-06
39.1146881288 	 3.57462184519e-07
39.1549295775 	 5.01128811512e-07
39.1951710262 	 5.92533664488e-07
39.2354124748 	 5.0550409796e-07
39.2756539235 	 2.39795164165e-07
39.3158953722 	 1.32451836548e-06
39.3561368209 	 1.08409092467e-06
39.3963782696 	 5.88961256916e-07
39.4366197183 	 1.1468321234e-06
39.476861167 	 1.78216757962e-06
39.5171026157 	 1.89707371827e-06
39.5573440644 	 2.66527769526e-06
39.5975855131 	 1.86273897662e-06
39.6378269618 	 1.57537323436e-06
39.6780684105 	 1.07474642865e-06
39.7183098592 	 1.40111568505e-06
39.7585513078 	 1.75727034936e-07
39.7987927565 	 1.85339891314e-06
39.8390342052 	 1.07241936996e-06
39.8792756539 	 7.27755239019e-07
39.9195171026 	 9.66237554831e-07
39.9597585513 	 1.3358123977e-06
40.0 	 1.28350289714e-06
40.0402414487 	 1.60426626266e-06
40.0804828974 	 1.39708026292e-06
40.1207243461 	 1.58885648903e-06
40.1609657948 	 2.47833687243e-07
40.2012072435 	 5.38781300226e-07
40.2414486922 	 1.08095400292e-06
40.2816901408 	 1.24300446904e-06
40.3219315895 	 1.36245508273e-06
40.3621730382 	 1.72274379496e-06
40.4024144869 	 1.47398443341e-06
40.4426559356 	 1.04993235528e-06
40.4828973843 	 6.84179526767e-07
40.523138833 	 1.38468676465e-06
40.5633802817 	 9.64907376334e-07
40.6036217304 	 1.10956343362e-06
40.6438631791 	 7.91710356144e-07
40.6841046278 	 6.29901077169e-07
40.7243460765 	 5.73905687781e-07
40.7645875252 	 5.80489623215e-07
40.8048289738 	 7.27420522934e-07
40.8450704225 	 1.60935375788e-06
40.8853118712 	 1.23381089752e-06
40.9255533199 	 1.07565932164e-06
40.9657947686 	 1.68265261467e-06
41.0060362173 	 5.17767810964e-07
41.046277666 	 6.59014875025e-07
41.0865191147 	 1.70246432774e-07
41.1267605634 	 3.15263730908e-07
41.1670020121 	 5.19745833195e-07
41.2072434608 	 8.49916265e-07
41.2474849095 	 9.1334849449e-07
41.2877263581 	 4.64351537429e-07
41.3279678068 	 3.64888169073e-07
41.3682092555 	 9.86665114534e-07
41.4084507042 	 3.3457227775e-07
41.4486921529 	 6.38652475606e-07
41.4889336016 	 1.07253709253e-06
41.5291750503 	 5.90899329818e-07
41.569416499 	 1.67998943587e-06
41.6096579477 	 9.75922716886e-07
41.6498993964 	 1.12048634366e-06
41.6901408451 	 2.25526802436e-06
41.7303822938 	 1.61616278203e-06
41.7706237425 	 1.7127369791e-06
41.8108651911 	 8.67433617466e-07
41.8511066398 	 3.4219538232e-07
41.8913480885 	 1.25308488853e-06
41.9315895372 	 1.70551243378e-06
41.9718309859 	 1.86616731411e-06
42.0120724346 	 7.29667345664e-07
42.0523138833 	 1.43113181629e-06
42.092555332 	 1.73802599059e-06
42.1327967807 	 9.61811590231e-07
42.1730382294 	 2.29840849369e-06
42.2132796781 	 1.64043932461e-06
42.2535211268 	 1.41728321735e-06
42.2937625755 	 1.0910588972e-06
42.3340040241 	 7.35717955391e-07
42.3742454728 	 2.26464748843e-07
42.4144869215 	 4.95017478427e-07
42.4547283702 	 9.27433948098e-07
42.4949698189 	 1.09628667796e-06
42.5352112676 	 4.98577621828e-07
42.5754527163 	 8.61921652086e-07
42.615694165 	 5.89187276942e-07
42.6559356137 	 3.69613208871e-07
42.6961770624 	 9.76608084596e-07
42.7364185111 	 1.1096424934e-06
42.7766599598 	 4.84477840418e-07
42.8169014085 	 4.4509266478e-07
42.8571428571 	 1.28713593735e-06
42.8973843058 	 1.39651372493e-06
42.9376257545 	 1.21557979114e-06
42.9778672032 	 7.9730950455e-07
43.0181086519 	 1.22381907803e-06
43.0583501006 	 1.0219389356e-06
43.0985915493 	 4.61719253537e-07
43.138832998 	 1.07302446779e-06
43.1790744467 	 9.12474834346e-07
43.2193158954 	 1.24712739806e-06
43.2595573441 	 8.46873423146e-07
43.2997987928 	 9.28058206201e-07
43.3400402414 	 5.17847965721e-07
43.3802816901 	 7.73874752032e-07
43.4205231388 	 7.93219642107e-07
43.4607645875 	 9.93616553948e-07
43.5010060362 	 2.77748306429e-07
43.5412474849 	 1.12039096878e-06
43.5814889336 	 1.62175632711e-06
43.6217303823 	 4.78931856948e-07
43.661971831 	 1.04182813709e-06
43.7022132797 	 1.77704888698e-07
43.7424547284 	 5.5957906493e-07
43.7826961771 	 4.74389375746e-07
43.8229376258 	 7.46741099638e-07
43.8631790744 	 6.29812214655e-07
43.9034205231 	 1.05662026079e-06
43.9436619718 	 9.42473361784e-07
43.9839034205 	 8.98794744139e-07
44.0241448692 	 6.69397529805e-07
44.0643863179 	 5.92003626576e-07
44.1046277666 	 5.15033601584e-07
44.1448692153 	 9.0361448672e-07
44.185110664 	 1.91245923143e-06
44.2253521127 	 1.43306818976e-06
44.2655935614 	 1.35217425952e-06
44.3058350101 	 1.44549521112e-06
44.3460764588 	 2.00030549637e-06
44.3863179074 	 1.38181304834e-06
44.4265593561 	 1.18486172296e-06
44.4668008048 	 6.0217659644e-07
44.5070422535 	 1.10634139847e-06
44.5472837022 	 3.37337385196e-07
44.5875251509 	 9.91200928699e-07
44.6277665996 	 3.71849032212e-07
44.6680080483 	 7.13043085604e-07
44.708249497 	 7.67776340671e-07
44.7484909457 	 8.81145022812e-07
44.7887323944 	 8.06337832558e-07
44.8289738431 	 2.60963857143e-07
44.8692152918 	 4.04644129122e-07
44.9094567404 	 5.80106339516e-07
44.9496981891 	 5.43488240021e-07
44.9899396378 	 2.0918023107e-07
45.0301810865 	 1.13623497844e-06
45.0704225352 	 4.1265951696e-07
45.1106639839 	 6.67762715381e-07
45.1509054326 	 8.44686254085e-07
45.1911468813 	 1.57531773807e-06
45.23138833 	 1.25611302294e-06
45.2716297787 	 5.65858693783e-07
45.3118712274 	 1.32690246513e-06
45.3521126761 	 4.24639232904e-07
45.3923541247 	 7.28488810533e-07
45.4325955734 	 1.40054006949e-06
45.4728370221 	 7.92043413838e-07
45.5130784708 	 1.26992108542e-06
45.5533199195 	 1.57527777686e-06
45.5935613682 	 9.23789663941e-07
45.6338028169 	 1.25514980795e-06
45.6740442656 	 5.37615487869e-07
45.7142857143 	 4.52382733137e-07
45.754527163 	 9.9039080031e-07
45.7947686117 	 8.78527340606e-07
45.8350100604 	 1.88278290415e-07
45.8752515091 	 1.05233419112e-06
45.9154929577 	 1.18015551284e-06
45.9557344064 	 6.37382342064e-07
45.9959758551 	 2.59462219963e-07
46.0362173038 	 9.06882084046e-07
46.0764587525 	 6.74614321164e-07
46.1167002012 	 6.78573424655e-07
46.1569416499 	 5.63388205677e-07
46.1971830986 	 2.43418785171e-07
46.2374245473 	 6.31185389148e-07
46.277665996 	 1.42010288036e-06
46.3179074447 	 1.07865467148e-06
46.3581488934 	 1.3885496798e-06
46.3983903421 	 9.62471710022e-08
46.4386317907 	 5.53059905436e-07
46.4788732394 	 9.27881767962e-08
46.5191146881 	 4.20841599068e-07
46.5593561368 	 5.39546128602e-07
46.5995975855 	 1.32072945e-06
46.6398390342 	 9.69623403356e-07
46.6800804829 	 7.88172281813e-07
46.7203219316 	 1.27208498256e-06
46.7605633803 	 7.0780273264e-07
46.800804829 	 7.45782337713e-07
46.8410462777 	 5.43723616035e-07
46.8812877264 	 6.77106544737e-07
46.9215291751 	 3.75662345297e-07
46.9617706237 	 1.0494710283e-06
47.0020120724 	 5.17476574155e-07
47.0422535211 	 4.26233446115e-07
47.0824949698 	 5.18369465586e-07
47.1227364185 	 7.69663050816e-07
47.1629778672 	 1.18706055439e-06
47.2032193159 	 1.23763118024e-06
47.2434607646 	 4.0136062577e-07
47.2837022133 	 6.57089998471e-07
47.323943662 	 4.46635096009e-07
47.3641851107 	 4.55328357979e-07
47.4044265594 	 9.91254753437e-08
47.444668008 	 4.37757123058e-07
47.4849094567 	 8.57863436242e-07
47.5251509054 	 5.06450984222e-07
47.5653923541 	 1.21001876832e-07
47.6056338028 	 1.73486434489e-07
47.6458752515 	 3.74236367233e-07
47.6861167002 	 4.92774588695e-07
47.7263581489 	 4.90743699595e-07
47.7665995976 	 1.72254896789e-07
47.8068410463 	 1.02250451313e-07
47.847082495 	 5.8340499382e-07
47.8873239437 	 1.08086144379e-06
47.9275653924 	 7.53059384643e-07
47.967806841 	 7.07232005516e-07
48.0080482897 	 4.71039373235e-07
48.0482897384 	 5.00247090119e-07
48.0885311871 	 8.0174749813e-07
48.1287726358 	 4.36167261088e-07
48.1690140845 	 4.22713285707e-07
48.2092555332 	 8.52568211437e-08
48.2494969819 	 2.93934293763e-08
48.2897384306 	 2.74927989119e-07
48.3299798793 	 3.26015377427e-07
48.370221328 	 1.55014829872e-07
48.4104627767 	 1.53449270181e-07
48.4507042254 	 2.62936856214e-07
48.490945674 	 3.26801772757e-07
48.5311871227 	 3.3271986364e-07
48.5714285714 	 1.42855896649e-07
48.6116700201 	 2.03203120491e-07
48.6519114688 	 4.37655273843e-07
48.6921529175 	 5.85353106067e-07
48.7323943662 	 6.77002147862e-07
48.7726358149 	 7.64169050086e-07
48.8128772636 	 5.4112060831e-07
48.8531187123 	 2.22495223787e-07
48.893360161 	 4.97752113861e-07
48.9336016097 	 6.35332885593e-07
48.9738430584 	 2.8340524695e-07
49.014084507 	 8.64833099828e-07
49.0543259557 	 6.73240060325e-07
49.0945674044 	 3.17753276842e-07
49.1348088531 	 3.21268819437e-07
49.1750503018 	 3.88095491367e-07
49.2152917505 	 2.30490883838e-07
49.2555331992 	 3.64005515807e-07
49.2957746479 	 7.51875469501e-08
49.3360160966 	 2.14418408261e-07
49.3762575453 	 3.89547330495e-07
49.416498994 	 2.9149330896e-07
49.4567404427 	 2.89621102897e-07
49.4969818913 	 4.22729721365e-07
49.53722334 	 5.08369318919e-07
49.5774647887 	 4.20787688395e-07
49.6177062374 	 5.17306535166e-07
49.6579476861 	 4.198691592e-07
49.6981891348 	 6.35708370937e-07
49.7384305835 	 8.201454668e-07
49.7786720322 	 7.07270724205e-07
49.8189134809 	 6.41763951883e-07
49.8591549296 	 4.7299483983e-07
49.8993963783 	 1.19786718662e-06
49.939637827 	 9.27908066253e-07
49.9798792757 	 5.88550768207e-07
50.0201207243 	 9.0496178271e-07
50.060362173 	 3.3153915428e-07
50.1006036217 	 2.65385477895e-07
50.1408450704 	 4.33989983346e-07
50.1810865191 	 4.51865647965e-07
50.2213279678 	 5.53163580118e-07
50.2615694165 	 4.52401228884e-07
50.3018108652 	 5.05954541983e-07
50.3420523139 	 3.2986818394e-07
50.3822937626 	 1.78341914243e-07
50.4225352113 	 1.92889864962e-07
50.46277666 	 2.4948708001e-07
50.5030181087 	 1.47121585861e-07
50.5432595573 	 2.79123235541e-07
50.583501006 	 1.06494821866e-07
50.6237424547 	 2.08361089389e-07
50.6639839034 	 6.23655922156e-07
50.7042253521 	 4.48286288441e-07
50.7444668008 	 7.25885820569e-07
50.7847082495 	 4.4833807554e-07
50.8249496982 	 6.45971129359e-07
50.8651911469 	 1.54722386075e-07
50.9054325956 	 4.51280302271e-07
50.9456740443 	 3.11637429284e-07
50.985915493 	 3.96309719486e-07
51.0261569416 	 4.24375387023e-07
51.0663983903 	 3.86599237476e-07
51.106639839 	 2.51916084517e-07
51.1468812877 	 5.91243526217e-07
51.1871227364 	 4.6285048648e-07
51.2273641851 	 6.8100593783e-07
51.2676056338 	 5.42306022383e-07
51.3078470825 	 6.72781892514e-08
51.3480885312 	 3.00016263707e-07
51.3883299799 	 1.89792687684e-07
51.4285714286 	 2.33287994457e-07
51.4688128773 	 3.74197368265e-07
51.509054326 	 3.73816764008e-07
51.5492957746 	 3.22178974946e-07
51.5895372233 	 3.00446736164e-07
51.629778672 	 1.12997831488e-07
51.6700201207 	 1.76557601322e-07
51.7102615694 	 1.99803823972e-07
51.7505030181 	 7.75431595847e-07
51.7907444668 	 3.92898266666e-07
51.8309859155 	 4.09233137705e-07
51.8712273642 	 2.57837814951e-07
51.9114688129 	 3.2886091637e-07
51.9517102616 	 3.20838299876e-07
51.9919517103 	 5.88541588737e-07
52.032193159 	 1.16736990043e-07
52.0724346076 	 6.69599774686e-07
52.1126760563 	 2.21336102469e-07
52.152917505 	 3.64852338967e-07
52.1931589537 	 7.91343120751e-07
52.2334004024 	 3.16069389093e-07
52.2736418511 	 2.30666911777e-07
52.3138832998 	 6.02070464059e-07
52.3541247485 	 1.29275279612e-07
52.3943661972 	 1.90422170447e-07
52.4346076459 	 3.19150566876e-07
52.4748490946 	 5.74636027675e-07
52.5150905433 	 5.19968300429e-07
52.555331992 	 2.39097151376e-07
52.5955734406 	 4.00146923998e-07
52.6358148893 	 3.21352683725e-07
52.676056338 	 2.76106226983e-07
52.7162977867 	 7.44377529872e-07
52.7565392354 	 9.04517736552e-07
52.7967806841 	 6.2001270115e-07
52.8370221328 	 8.71778609139e-08
52.8772635815 	 5.83013747072e-07
52.9175050302 	 6.52082259483e-07
52.9577464789 	 8.73598004251e-07
52.9979879276 	 3.99605044339e-07
53.0382293763 	 5.89394212578e-07
53.0784708249 	 2.47996365289e-07
53.1187122736 	 2.27093182332e-07
53.1589537223 	 5.31085452845e-07
53.199195171 	 3.57310678557e-07
53.2394366197 	 3.30920416678e-07
53.2796780684 	 3.58595153039e-07
53.3199195171 	 4.46581317532e-07
53.3601609658 	 6.22105367418e-07
53.4004024145 	 2.72184894386e-07
53.4406438632 	 2.57753516128e-07
53.4808853119 	 3.60949383562e-07
53.5211267606 	 6.06142196033e-07
53.5613682093 	 4.51909672761e-07
53.6016096579 	 4.97148851518e-07
53.6418511066 	 4.50952842059e-07
53.6820925553 	 1.93931603235e-07
53.722334004 	 2.86230400157e-07
53.7625754527 	 1.99993567745e-07
53.8028169014 	 4.27851277473e-07
53.8430583501 	 3.65972021015e-07
53.8832997988 	 4.71599397789e-07
53.9235412475 	 2.92744987767e-07
53.9637826962 	 3.52189836372e-07
54.0040241449 	 1.26539896056e-07
54.0442655936 	 5.76896482879e-07
54.0845070423 	 5.37842427801e-07
54.1247484909 	 2.72131823435e-07
54.1649899396 	 1.80587599168e-07
54.2052313883 	 2.68469673227e-07
54.245472837 	 7.48123910971e-08
54.2857142857 	 3.54751606282e-07
54.3259557344 	 3.77906477479e-07
54.3661971831 	 2.8483919778e-07
54.4064386318 	 5.7341900065e-07
54.4466800805 	 3.42780024721e-07
54.4869215292 	 6.1521218556e-07
54.5271629779 	 6.39056381834e-07
54.5674044266 	 3.7407681911e-07
54.6076458753 	 1.53317150261e-07
54.6478873239 	 3.01775907271e-07
54.6881287726 	 2.21413143163e-07
54.7283702213 	 3.14140361939e-07
54.76861167 	 5.51336075716e-07
54.8088531187 	 5.23483312055e-07
54.8490945674 	 3.27100952655e-07
54.8893360161 	 2.79503433343e-07
54.9295774648 	 1.6028665319e-07
54.9698189135 	 1.01502190327e-07
55.0100603622 	 5.51696382311e-08
55.0503018109 	 2.72985287765e-07
55.0905432596 	 5.93589096605e-07
55.1307847082 	 6.4432613436e-07
55.1710261569 	 5.44259694439e-07
55.2112676056 	 4.38367611047e-07
55.2515090543 	 6.61563267681e-07
55.291750503 	 3.35246890093e-07
55.3319919517 	 6.05418661281e-07
55.3722334004 	 1.69622643593e-07
55.4124748491 	 1.78402708143e-07
55.4527162978 	 3.29906123052e-07
55.4929577465 	 1.75982436382e-07
55.5331991952 	 5.03483621349e-07
55.5734406439 	 3.25293021704e-07
55.6136820926 	 5.23090715496e-07
55.6539235412 	 1.99527720417e-07
55.6941649899 	 1.91772490255e-07
55.7344064386 	 2.67256589713e-07
55.7746478873 	 3.0537510389e-07
55.814889336 	 3.1824935342e-07
55.8551307847 	 3.15542790728e-07
55.8953722334 	 3.32504585736e-07
55.9356136821 	 4.60048246046e-07
55.9758551308 	 2.02889751653e-07
56.0160965795 	 3.46310777611e-07
56.0563380282 	 4.51252440771e-07
56.0965794769 	 3.13962740231e-07
56.1368209256 	 2.92119273472e-07
56.1770623742 	 3.95469761645e-07
56.2173038229 	 4.25520330385e-07
56.2575452716 	 4.55505718812e-07
56.2977867203 	 1.51990063232e-08
56.338028169 	 3.18625698189e-07
56.3782696177 	 3.50928485113e-07
56.4185110664 	 1.61326156861e-07
56.4587525151 	 1.16691143021e-07
56.4989939638 	 2.11535773842e-07
56.5392354125 	 5.09238407703e-07
56.5794768612 	 4.06841429108e-07
56.6197183099 	 3.60829850237e-07
56.6599597586 	 3.62519958061e-07
56.7002012072 	 5.99503253825e-07
56.7404426559 	 5.79563603896e-07
56.7806841046 	 6.01543548145e-07
56.8209255533 	 2.99819707402e-07
56.861167002 	 3.62437962681e-07
56.9014084507 	 4.98328348847e-07
56.9416498994 	 4.74437991374e-07
56.9818913481 	 3.24618373348e-07
57.0221327968 	 4.42543900054e-07
57.0623742455 	 3.67978540285e-07
57.1026156942 	 3.27174328034e-07
57.1428571429 	 4.45715714825e-07
57.1830985915 	 5.51059722912e-07
57.2233400402 	 7.64537313143e-07
57.2635814889 	 8.07528536491e-07
57.3038229376 	 4.39348977962e-07
57.3440643863 	 3.70333370581e-07
57.384305835 	 3.67618942062e-07
57.4245472837 	 2.88405571934e-07
57.4647887324 	 5.94096300508e-07
57.5050301811 	 3.4777283896e-07
57.5452716298 	 6.11306971198e-07
57.5855130785 	 5.89688333072e-07
57.6257545272 	 3.82732953058e-07
57.6659959759 	 5.25242316612e-07
57.7062374245 	 2.08212792802e-07
57.7464788732 	 6.25931438605e-07
57.7867203219 	 1.12933634454e-07
57.8269617706 	 1.95666834065e-07
57.8672032193 	 4.83385293333e-07
57.907444668 	 2.65539807792e-07
57.9476861167 	 2.47289202173e-07
57.9879275654 	 4.75854330499e-07
58.0281690141 	 3.18275217503e-07
58.0684104628 	 2.55674809184e-07
58.1086519115 	 1.84223337917e-07
58.1488933602 	 3.26878432742e-07
58.1891348089 	 2.72396776919e-07
58.2293762575 	 2.98910885297e-07
58.2696177062 	 3.48253516569e-07
58.3098591549 	 5.52776806814e-07
58.3501006036 	 3.83240645253e-07
58.3903420523 	 1.75512057808e-07
58.430583501 	 2.26455891053e-07
58.4708249497 	 1.40912666628e-07
58.5110663984 	 4.27335236027e-08
58.5513078471 	 1.90199473601e-07
58.5915492958 	 2.72835109423e-07
58.6317907445 	 7.29730966287e-08
58.6720321932 	 3.58302306142e-07
58.7122736419 	 2.47168825565e-07
58.7525150905 	 2.79856952127e-07
58.7927565392 	 2.62944030526e-07
58.8329979879 	 9.4932752841e-08
58.8732394366 	 3.52644022108e-07
58.9134808853 	 1.62103060043e-07
58.953722334 	 1.39949630004e-07
58.9939637827 	 3.42241062904e-07
59.0342052314 	 4.58420897226e-07
59.0744466801 	 2.64216369805e-07
59.1146881288 	 3.29591227035e-07
59.1549295775 	 1.88604805213e-07
59.1951710262 	 2.32396619294e-07
59.2354124748 	 2.50974054106e-07
59.2756539235 	 2.59289528659e-07
59.3158953722 	 5.56479423365e-08
59.3561368209 	 1.18424937356e-07
59.3963782696 	 2.94600905358e-07
59.4366197183 	 4.39604940511e-07
59.476861167 	 3.73664718e-07
59.5171026157 	 2.43863448865e-07
59.5573440644 	 1.97084182559e-07
59.5975855131 	 2.98379927241e-07
59.6378269618 	 1.14072614661e-07
59.6780684105 	 1.4792738951e-07
59.7183098592 	 4.41982956484e-07
59.7585513078 	 3.46203861992e-07
59.7987927565 	 1.27255623836e-07
59.8390342052 	 2.02118204247e-07
59.8792756539 	 3.91825069289e-07
59.9195171026 	 4.15920847669e-07
59.9597585513 	 2.31888359741e-07
60.0 	 1.29856898628e-07
60.0402414487 	 8.11459263548e-08
60.0804828974 	 2.26987038289e-07
60.1207243461 	 1.23884316516e-08
60.1609657948 	 2.84905688098e-07
60.2012072435 	 2.17250905096e-07
60.2414486922 	 2.49375249155e-07
60.2816901408 	 2.32948564238e-07
60.3219315895 	 4.27638645887e-07
60.3621730382 	 1.20425470756e-07
60.4024144869 	 8.74829337063e-08
60.4426559356 	 1.91194488413e-07
60.4828973843 	 3.30845044726e-07
60.523138833 	 1.0684542154e-07
60.5633802817 	 1.50157704888e-07
60.6036217304 	 3.62251362114e-07
60.6438631791 	 3.84248769431e-07
60.6841046278 	 5.17350119299e-08
60.7243460765 	 1.07607579549e-07
60.7645875252 	 2.92713055287e-07
60.8048289738 	 9.02123525319e-08
60.8450704225 	 1.28758929906e-07
60.8853118712 	 9.11532034688e-08
60.9255533199 	 6.62670337218e-08
60.9657947686 	 2.48264258883e-07
61.0060362173 	 1.06277929982e-07
61.046277666 	 1.92611784936e-07
61.0865191147 	 2.49468247399e-07
61.1267605634 	 2.15532347206e-07
61.1670020121 	 2.13307714919e-07
61.2072434608 	 2.84288450728e-07
61.2474849095 	 1.1933124707e-07
61.2877263581 	 2.11573769535e-07
61.3279678068 	 8.51790963999e-08
61.3682092555 	 1.79871360186e-08
61.4084507042 	 1.50755656525e-07
61.4486921529 	 3.47701068781e-07
61.4889336016 	 3.09181986109e-07
61.5291750503 	 3.03183866109e-07
61.569416499 	 1.61198016465e-07
61.6096579477 	 2.27194178734e-07
61.6498993964 	 1.88710717357e-07
61.6901408451 	 2.24987920713e-07
61.7303822938 	 3.06043839093e-07
61.7706237425 	 1.46139083698e-07
61.8108651911 	 2.10629133184e-08
61.8511066398 	 1.91487994162e-07
61.8913480885 	 2.1511649581e-07
61.9315895372 	 2.52567350209e-07
61.9718309859 	 3.59551813906e-07
62.0120724346 	 1.48343574312e-07
62.0523138833 	 3.13667499789e-07
62.092555332 	 2.86078197103e-07
62.1327967807 	 5.23709246587e-08
62.1730382294 	 1.15633980812e-07
62.2132796781 	 6.19972807064e-08
62.2535211268 	 1.05850195617e-07
62.2937625755 	 2.93017585418e-07
62.3340040241 	 1.97674334455e-07
62.3742454728 	 3.27985901486e-07
62.4144869215 	 1.33172316082e-07
62.4547283702 	 1.49815487263e-07
62.4949698189 	 2.51192882219e-07
62.5352112676 	 2.75175847404e-07
62.5754527163 	 8.81018733682e-08
62.615694165 	 1.73507739915e-07
62.6559356137 	 1.36936553866e-07
62.6961770624 	 2.16372696101e-07
62.7364185111 	 5.34333864659e-08
62.7766599598 	 6.70038486642e-08
62.8169014085 	 3.02306659243e-07
62.8571428571 	 1.33904923826e-07
62.8973843058 	 1.60695801666e-07
62.9376257545 	 1.02499709954e-07
62.9778672032 	 9.69040835039e-08
63.0181086519 	 1.72926387439e-07
63.0583501006 	 3.2346745585e-07
63.0985915493 	 3.35510860398e-07
63.138832998 	 1.77234742916e-07
63.1790744467 	 1.59086523523e-07
63.2193158954 	 1.50842063933e-07
63.2595573441 	 7.58788816477e-08
63.2997987928 	 6.86170066129e-08
63.3400402414 	 1.04121524636e-07
63.3802816901 	 2.48114252628e-07
63.4205231388 	 2.23467582843e-07
63.4607645875 	 6.31557687067e-08
63.5010060362 	 2.75291416232e-07
63.5412474849 	 1.45765851223e-07
63.5814889336 	 1.10382428859e-07
63.6217303823 	 4.90227344434e-08
63.661971831 	 2.63395411345e-07
63.7022132797 	 5.23438897037e-08
63.7424547284 	 3.0112068622e-07
63.7826961771 	 4.097764364e-07
63.8229376258 	 3.5645954434e-07
63.8631790744 	 1.24030133484e-07
63.9034205231 	 3.40002776095e-07
63.9436619718 	 3.5765574246e-07
63.9839034205 	 2.59536558052e-07
64.0241448692 	 2.53993410932e-07
64.0643863179 	 1.96219635917e-07
64.1046277666 	 1.20569761506e-07
64.1448692153 	 1.73252131663e-08
64.185110664 	 1.18848535998e-07
64.2253521127 	 1.29816303348e-07
64.2655935614 	 6.64548222925e-08
64.3058350101 	 2.38501834213e-07
64.3460764588 	 2.31277587199e-07
64.3863179074 	 2.84352824736e-07
64.4265593561 	 4.71915400254e-07
64.4668008048 	 3.44457247086e-07
64.5070422535 	 1.94100060337e-07
64.5472837022 	 2.50496885711e-07
64.5875251509 	 1.75372999822e-07
64.6277665996 	 1.24151901281e-07
64.6680080483 	 7.22912298893e-08
64.708249497 	 7.86636747008e-08
64.7484909457 	 5.2592608518e-08
64.7887323944 	 1.22066729956e-07
64.8289738431 	 1.5809043944e-07
64.8692152918 	 3.04104215453e-08
64.9094567404 	 1.84839236294e-07
64.9496981891 	 9.53425130493e-08
64.9899396378 	 2.48938141712e-07
65.0301810865 	 2.01095283267e-07
65.0704225352 	 3.40411049715e-07
65.1106639839 	 2.38721093766e-07
65.1509054326 	 2.63629250438e-07
65.1911468813 	 7.11618171738e-08
65.23138833 	 1.40579447904e-07
65.2716297787 	 5.91432842391e-08
65.3118712274 	 1.16292042937e-07
65.3521126761 	 1.55711902762e-07
65.3923541247 	 8.84230599347e-08
65.4325955734 	 1.76475376317e-07
65.4728370221 	 4.85384241334e-08
65.5130784708 	 3.23435951457e-07
65.5533199195 	 3.27160505509e-07
65.5935613682 	 2.21343908331e-07
65.6338028169 	 8.91976056176e-08
65.6740442656 	 2.2211386251e-07
65.7142857143 	 2.71084051389e-07
65.754527163 	 1.55168447697e-07
65.7947686117 	 1.85349343053e-07
65.8350100604 	 1.56260993628e-07
65.8752515091 	 1.96504210736e-07
65.9154929577 	 2.25936007705e-07
65.9557344064 	 3.56024569865e-07
65.9959758551 	 1.69744421642e-07
66.0362173038 	 1.28204975617e-07
66.0764587525 	 5.97201914054e-08
66.1167002012 	 1.19174411867e-07
66.1569416499 	 1.82889374754e-07
66.1971830986 	 1.09468833023e-07
66.2374245473 	 2.00440085845e-07
66.277665996 	 9.62862308917e-08
66.3179074447 	 1.08350943707e-07
66.3581488934 	 9.24701204591e-08
66.3983903421 	 1.24257761348e-07
66.4386317907 	 1.55141068379e-07
66.4788732394 	 2.14056751566e-07
66.5191146881 	 1.91786105157e-07
66.5593561368 	 2.16858437049e-07
66.5995975855 	 1.42919072765e-07
66.6398390342 	 1.58831374676e-07
66.6800804829 	 7.72126483789e-08
66.7203219316 	 2.08039846324e-07
66.7605633803 	 2.49664428407e-07
66.800804829 	 2.4538859506e-07
66.8410462777 	 2.16121434169e-07
66.8812877264 	 2.35756826703e-07
66.9215291751 	 1.91159770257e-07
66.9617706237 	 3.4117888821e-07
67.0020120724 	 1.4190987886e-07
67.0422535211 	 3.61949582192e-08
67.0824949698 	 6.03656370325e-08
67.1227364185 	 7.76702407507e-08
67.1629778672 	 5.76580901668e-08
67.2032193159 	 1.24016775562e-07
67.2434607646 	 1.8736199022e-07
67.2837022133 	 2.1213013321e-07
67.323943662 	 1.46257476672e-07
67.3641851107 	 9.30438574239e-08
67.4044265594 	 7.627882772e-08
67.444668008 	 1.35098417389e-07
67.4849094567 	 1.3986577633e-07
67.5251509054 	 1.25845298931e-07
67.5653923541 	 3.46618303948e-07
67.6056338028 	 1.19440152195e-07
67.6458752515 	 1.14728039468e-07
67.6861167002 	 1.15054583456e-07
67.7263581489 	 1.9123854421e-07
67.7665995976 	 2.94486374679e-07
67.8068410463 	 2.04428250578e-07
67.847082495 	 3.23920425667e-07
67.8873239437 	 2.88323708993e-07
67.9275653924 	 1.17230649321e-07
67.967806841 	 1.67210253731e-07
68.0080482897 	 6.85562670785e-08
68.0482897384 	 1.39723838699e-07
68.0885311871 	 1.15800081764e-07
68.1287726358 	 5.62573348121e-08
68.1690140845 	 1.251446418e-07
68.2092555332 	 4.91145513342e-08
68.2494969819 	 1.16363374606e-07
68.2897384306 	 2.24825643615e-07
68.3299798793 	 1.04342389717e-07
68.370221328 	 9.53791692658e-08
68.4104627767 	 2.17215461244e-07
68.4507042254 	 1.68763529959e-07
68.490945674 	 9.69853249855e-08
68.5311871227 	 6.51956744222e-08
68.5714285714 	 3.50116868195e-08
68.6116700201 	 2.05801160078e-07
68.6519114688 	 2.38804371856e-07
68.6921529175 	 1.80887527833e-07
68.7323943662 	 2.25668914847e-07
68.7726358149 	 1.79326143327e-07
68.8128772636 	 8.09853392905e-08
68.8531187123 	 2.47242193889e-07
68.893360161 	 2.95004251167e-07
68.9336016097 	 1.02566338664e-07
68.9738430584 	 3.95559233908e-08
69.014084507 	 1.58120335761e-07
69.0543259557 	 1.13000816983e-07
69.0945674044 	 8.2764707918e-08
69.1348088531 	 5.01724943062e-08
69.1750503018 	 2.97407882933e-08
69.2152917505 	 9.68596622148e-08
69.2555331992 	 4.93127739801e-08
69.2957746479 	 5.80944919307e-08
69.3360160966 	 1.94562787367e-07
69.3762575453 	 3.06509839701e-07
69.416498994 	 2.59615790229e-07
69.4567404427 	 2.06772684193e-07
69.4969818913 	 4.02690021594e-08
69.53722334 	 5.550046521e-08
69.5774647887 	 6.8792176405e-08
69.6177062374 	 6.51780020615e-08
69.6579476861 	 1.34378580164e-07
69.6981891348 	 1.18570093541e-07
69.7384305835 	 1.09391398983e-07
69.7786720322 	 1.98790518038e-07
69.8189134809 	 1.66823154889e-07
69.8591549296 	 2.11148393132e-07
69.8993963783 	 2.30034187684e-07
69.939637827 	 2.18817879378e-07
69.9798792757 	 1.11562841545e-07
70.0201207243 	 1.68156932648e-07
70.060362173 	 1.11437969476e-07
70.1006036217 	 2.61934216366e-07
70.1408450704 	 1.89531677971e-07
70.1810865191 	 1.43214125562e-07
70.2213279678 	 2.18547577325e-07
70.2615694165 	 3.15575646351e-07
70.3018108652 	 3.02722756272e-07
70.3420523139 	 2.78754099857e-07
70.3822937626 	 2.21674435452e-07
70.4225352113 	 1.52392350952e-07
70.46277666 	 2.28756688965e-07
70.5030181087 	 2.69298773754e-07
70.5432595573 	 1.76588839925e-07
70.583501006 	 7.02095870079e-08
70.6237424547 	 1.77675714827e-07
70.6639839034 	 1.80297663273e-07
70.7042253521 	 1.42216131706e-07
70.7444668008 	 1.53574152648e-07
70.7847082495 	 1.75904561724e-07
70.8249496982 	 1.74132679967e-07
70.8651911469 	 1.31632016373e-07
70.9054325956 	 7.83117052643e-08
70.9456740443 	 7.73387060678e-08
70.985915493 	 2.03122556731e-07
71.0261569416 	 2.15325731479e-07
71.0663983903 	 2.1032393181e-07
71.106639839 	 3.40960872212e-08
71.1468812877 	 1.815241186e-07
71.1871227364 	 2.88478217749e-07
71.2273641851 	 2.84376107117e-07
71.2676056338 	 1.44514779683e-07
71.3078470825 	 8.58688625405e-08
71.3480885312 	 1.49926787457e-07
71.3883299799 	 2.46162265168e-07
71.4285714286 	 1.11582955627e-07
71.4688128773 	 6.82619674545e-08
71.509054326 	 1.19075594729e-07
71.5492957746 	 1.93513763662e-07
71.5895372233 	 9.31841055941e-08
71.629778672 	 9.05454357032e-08
71.6700201207 	 7.73386760241e-08
71.7102615694 	 6.3964855539e-08
71.7505030181 	 9.51411943794e-08
71.7907444668 	 1.37915574788e-07
71.8309859155 	 9.99601746817e-08
71.8712273642 	 1.01382152692e-07
71.9114688129 	 7.21795337529e-08
71.9517102616 	 1.04575467658e-07
71.9919517103 	 1.71690427338e-07
72.032193159 	 1.76095710867e-07
72.0724346076 	 7.67621061406e-08
72.1126760563 	 1.71614714074e-07
72.152917505 	 1.08058580833e-07
72.1931589537 	 9.29564425246e-08
72.2334004024 	 2.05826789411e-07
72.2736418511 	 1.25832152695e-07
72.3138832998 	 1.7718600651e-07
72.3541247485 	 3.47473903213e-07
72.3943661972 	 3.78708719657e-07
72.4346076459 	 1.88758270163e-07
72.4748490946 	 1.33179503371e-07
72.5150905433 	 2.36854220906e-07
72.555331992 	 1.12268256123e-07
72.5955734406 	 2.53530139484e-07
72.6358148893 	 2.98754119307e-07
72.676056338 	 2.28011683066e-07
72.7162977867 	 4.17147624482e-09
72.7565392354 	 2.511817241e-08
72.7967806841 	 1.16028961111e-07
72.8370221328 	 7.70968983298e-08
72.8772635815 	 9.9375173646e-08
72.9175050302 	 6.00767176611e-08
72.9577464789 	 1.52543378634e-07
72.9979879276 	 5.77591196691e-08
73.0382293763 	 2.64219212588e-07
73.0784708249 	 1.88366626914e-07
73.1187122736 	 1.83307077108e-07
73.1589537223 	 1.42864684943e-07
73.199195171 	 1.71949482314e-07
73.2394366197 	 3.1623436917e-08
73.2796780684 	 1.42617698939e-07
73.3199195171 	 1.6053986866e-07
73.3601609658 	 1.62405531722e-07
73.4004024145 	 7.80998380681e-08
73.4406438632 	 9.43467709504e-08
73.4808853119 	 5.55564385401e-08
73.5211267606 	 2.76545525052e-08
73.5613682093 	 2.30969845118e-07
73.6016096579 	 2.49150397759e-07
73.6418511066 	 1.84743616493e-07
73.6820925553 	 1.21082767704e-07
73.722334004 	 3.51164985647e-08
73.7625754527 	 9.00493446095e-08
73.8028169014 	 1.76082684436e-07
73.8430583501 	 1.83575944813e-07
73.8832997988 	 1.23927442843e-07
73.9235412475 	 1.1655799717e-07
73.9637826962 	 1.37481294547e-07
74.0040241449 	 1.4889691949e-07
74.0442655936 	 1.62998901073e-07
74.0845070423 	 1.72019548778e-08
74.1247484909 	 6.98123312223e-08
74.1649899396 	 1.07992080207e-07
74.2052313883 	 1.81009640274e-07
74.245472837 	 8.36909309914e-08
74.2857142857 	 1.68725566678e-07
74.3259557344 	 1.98913152725e-07
74.3661971831 	 2.77357355839e-07
74.4064386318 	 2.85861208889e-07
74.4466800805 	 2.54964537671e-07
74.4869215292 	 2.02850589199e-07
74.5271629779 	 2.23671663787e-07
74.5674044266 	 1.5710691557e-07
74.6076458753 	 1.36384759223e-07
74.6478873239 	 2.10971902355e-07
74.6881287726 	 1.4221019502e-07
74.7283702213 	 7.16305349436e-08
74.76861167 	 1.3254038925e-07
74.8088531187 	 1.57362993656e-07
74.8490945674 	 5.26540282821e-08
74.8893360161 	 1.27219594747e-07
74.9295774648 	 1.53233982405e-07
74.9698189135 	 1.79370506202e-07
75.0100603622 	 1.88888366322e-07
75.0503018109 	 9.13807029645e-08
75.0905432596 	 1.2434740852e-07
75.1307847082 	 2.65467563728e-07
75.1710261569 	 3.02703735009e-07
75.2112676056 	 1.55178889026e-07
75.2515090543 	 1.07855294068e-07
75.291750503 	 1.23342421625e-07
75.3319919517 	 3.36418996087e-08
75.3722334004 	 3.27656977184e-08
75.4124748491 	 8.98911553721e-08
75.4527162978 	 6.42576114363e-08
75.4929577465 	 3.20116232574e-08
75.5331991952 	 4.43965718298e-08
75.5734406439 	 3.64689516424e-08
75.6136820926 	 1.99509294938e-07
75.6539235412 	 1.27215816172e-07
75.6941649899 	 1.61650963914e-07
75.7344064386 	 1.16353008708e-07
75.7746478873 	 1.2695426077e-07
75.814889336 	 2.09950992945e-07
75.8551307847 	 1.465504558e-07
75.8953722334 	 1.60806674302e-07
75.9356136821 	 2.33403345051e-07
75.9758551308 	 2.01712316158e-07
76.0160965795 	 1.55504301874e-07
76.0563380282 	 2.01931075181e-07
76.0965794769 	 1.66677838162e-07
76.1368209256 	 6.54239052554e-08
76.1770623742 	 1.28696689169e-07
76.2173038229 	 9.91185332437e-08
76.2575452716 	 1.17509114149e-07
76.2977867203 	 1.20115350176e-07
76.338028169 	 8.08309708151e-08
76.3782696177 	 1.23393983632e-07
76.4185110664 	 1.30205983086e-07
76.4587525151 	 9.51310419988e-08
76.4989939638 	 3.91488837769e-08
76.5392354125 	 8.88043010846e-08
76.5794768612 	 7.2361343675e-08
76.6197183099 	 8.33453667934e-08
76.6599597586 	 2.12541026179e-08
76.7002012072 	 1.02892641081e-07
76.7404426559 	 1.29319201634e-07
76.7806841046 	 4.10671703158e-08
76.8209255533 	 7.26392784127e-08
76.861167002 	 1.95925112602e-07
76.9014084507 	 2.07321063903e-07
76.9416498994 	 4.6163675888e-08
76.9818913481 	 8.45273042232e-08
77.0221327968 	 2.13974667376e-08
77.0623742455 	 5.36827823288e-08
77.1026156942 	 2.05980673056e-08
77.1428571429 	 1.51279272137e-07
77.1830985915 	 1.07621761776e-07
77.2233400402 	 7.16851952831e-08
77.2635814889 	 7.985924303e-08
77.3038229376 	 1.87829484682e-07
77.3440643863 	 1.73491137079e-07
77.384305835 	 6.54925395534e-08
77.4245472837 	 1.10807493122e-07
77.4647887324 	 1.10905647774e-07
77.5050301811 	 7.16550992128e-08
77.5452716298 	 1.15005350821e-07
77.5855130785 	 1.52507334927e-07
77.6257545272 	 1.092987724e-07
77.6659959759 	 2.29409917095e-07
77.7062374245 	 2.38113464874e-07
77.7464788732 	 2.87927920315e-07
77.7867203219 	 2.11064268699e-07
77.8269617706 	 1.94179494472e-07
77.8672032193 	 3.68179335794e-08
77.907444668 	 8.635408983e-08
77.9476861167 	 2.17586868148e-07
77.9879275654 	 1.36623122102e-07
78.0281690141 	 1.81338582242e-07
78.0684104628 	 1.23279619278e-07
78.1086519115 	 9.42692560082e-08
78.1488933602 	 7.44508210922e-08
78.1891348089 	 9.39725270682e-08
78.2293762575 	 9.14445595591e-08
78.2696177062 	 4.70848436457e-08
78.3098591549 	 7.59827920999e-08
78.3501006036 	 8.26041118267e-08
78.3903420523 	 4.07135362217e-08
78.430583501 	 1.40987612345e-07
78.4708249497 	 1.12693381127e-07
78.5110663984 	 1.65010148809e-07
78.5513078471 	 2.04739569354e-07
78.5915492958 	 9.9076681226e-08
78.6317907445 	 1.3806775417e-07
78.6720321932 	 1.27996439967e-07
78.7122736419 	 1.25084973677e-07
78.7525150905 	 7.35285653545e-08
78.7927565392 	 3.07530421271e-08
78.8329979879 	 9.46310037935e-08
78.8732394366 	 1.33343315947e-07
78.9134808853 	 5.61952575643e-08
78.953722334 	 9.46799085401e-08
78.9939637827 	 9.7646493519e-08
79.0342052314 	 5.794273211e-08
79.0744466801 	 3.17949818624e-09
79.1146881288 	 4.84979844504e-08
79.1549295775 	 2.48763478273e-08
79.1951710262 	 4.18623624702e-08
79.2354124748 	 1.21823201388e-07
79.2756539235 	 6.09896192421e-08
79.3158953722 	 1.05505838719e-07
79.3561368209 	 1.7764906763e-07
79.3963782696 	 2.18879360723e-07
79.4366197183 	 1.0787652071e-07
79.476861167 	 2.63801538437e-08
79.5171026157 	 1.1382637914e-07
79.5573440644 	 4.95281775352e-08
79.5975855131 	 1.11678890763e-07
79.6378269618 	 2.62966168435e-08
79.6780684105 	 6.08349922408e-08
79.7183098592 	 6.56358311885e-08
79.7585513078 	 1.95013839915e-08
79.7987927565 	 5.2694974229e-08
79.8390342052 	 1.40644494111e-07
79.8792756539 	 2.64179007265e-07
79.9195171026 	 1.76702380166e-07
79.9597585513 	 9.02474851831e-08
80.0 	 1.14551143546e-07
80.0402414487 	 1.72620175931e-07
80.0804828974 	 1.64955804869e-07
80.1207243461 	 1.03668624993e-07
80.1609657948 	 1.33056249996e-07
80.2012072435 	 1.15300589054e-07
80.2414486922 	 1.20046529929e-07
80.2816901408 	 1.06342369889e-07
80.3219315895 	 7.98239386996e-08
80.3621730382 	 8.25215176759e-08
80.4024144869 	 3.79506950916e-08
80.4426559356 	 3.66413261839e-08
80.4828973843 	 3.57473301559e-08
80.523138833 	 4.2684178623e-08
80.5633802817 	 2.34299094392e-08
80.6036217304 	 1.13719154841e-07
80.6438631791 	 1.28054802158e-07
80.6841046278 	 1.39072789525e-07
80.7243460765 	 1.70561126843e-07
80.7645875252 	 1.69402537664e-07
80.8048289738 	 1.10797463307e-07
80.8450704225 	 5.29743674299e-08
80.8853118712 	 1.09792216804e-07
80.9255533199 	 1.80972739574e-07
80.9657947686 	 1.4986953067e-07
81.0060362173 	 6.04248703036e-08
81.046277666 	 6.39931436708e-08
81.0865191147 	 4.70622409239e-08
81.1267605634 	 6.40288475624e-08
81.1670020121 	 7.96532884121e-08
81.2072434608 	 1.57747150945e-07
81.2474849095 	 1.53580353547e-07
81.2877263581 	 1.71014321373e-07
81.3279678068 	 1.59604596255e-07
81.3682092555 	 1.42017716447e-07
81.4084507042 	 1.41015873219e-07
81.4486921529 	 3.01248663626e-08
81.4889336016 	 1.07262116452e-07
81.5291750503 	 8.33745809699e-08
81.569416499 	 1.45630094294e-08
81.6096579477 	 3.59837876867e-08
81.6498993964 	 2.07450499228e-08
81.6901408451 	 6.72484430293e-08
81.7303822938 	 6.29695527217e-08
81.7706237425 	 2.05505678592e-08
81.8108651911 	 7.48220617971e-08
81.8511066398 	 8.66166963103e-08
81.8913480885 	 5.4275469709e-08
81.9315895372 	 6.55341825981e-08
81.9718309859 	 1.60819925083e-07
82.0120724346 	 1.71007433407e-07
82.0523138833 	 1.53929928202e-07
82.092555332 	 1.98832424148e-08
82.1327967807 	 6.92060382591e-08
82.1730382294 	 1.1784621949e-07
82.2132796781 	 5.92626064247e-08
82.2535211268 	 5.98378925995e-08
82.2937625755 	 2.5977648009e-08
82.3340040241 	 1.19575404475e-07
82.3742454728 	 3.2490381294e-08
82.4144869215 	 2.28940077394e-08
82.4547283702 	 6.19133578361e-08
82.4949698189 	 2.14129959538e-08
82.5352112676 	 5.08106023309e-08
82.5754527163 	 4.60941064772e-08
82.615694165 	 5.51840407974e-08
82.6559356137 	 6.89079069695e-08
82.6961770624 	 1.03890235521e-08
82.7364185111 	 3.06401254625e-08
82.7766599598 	 9.72339813706e-08
82.8169014085 	 2.40995403891e-08
82.8571428571 	 8.27405043486e-08
82.8973843058 	 1.34684847639e-07
82.9376257545 	 3.14056622738e-08
82.9778672032 	 9.31825379245e-08
83.0181086519 	 8.97745721491e-08
83.0583501006 	 1.23707869053e-08
83.0985915493 	 9.15884721905e-08
83.138832998 	 4.89847989006e-08
83.1790744467 	 9.32564559164e-08
83.2193158954 	 5.31891446764e-08
83.2595573441 	 5.14270766296e-08
83.2997987928 	 9.71775484627e-08
83.3400402414 	 5.19784374829e-08
83.3802816901 	 1.03350943222e-07
83.4205231388 	 8.97710380639e-08
83.4607645875 	 1.07396290704e-07
83.5010060362 	 3.39913122846e-08
83.5412474849 	 8.726136515e-08
83.5814889336 	 1.11348352948e-07
83.6217303823 	 1.55864706035e-07
83.661971831 	 1.90555423613e-08
83.7022132797 	 8.16216951857e-08
83.7424547284 	 1.03130495771e-07
83.7826961771 	 9.52977223634e-08
83.8229376258 	 6.53203757807e-08
83.8631790744 	 3.62231800627e-08
83.9034205231 	 8.96601604648e-09
83.9436619718 	 1.21968100165e-07
83.9839034205 	 1.66026653093e-07
84.0241448692 	 1.07979127541e-07
84.0643863179 	 2.9724492745e-08
84.1046277666 	 7.11835219735e-08
84.1448692153 	 1.33243815668e-07
84.185110664 	 1.17586291984e-07
84.2253521127 	 5.37923590787e-08
84.2655935614 	 4.1434860599e-08
84.3058350101 	 5.72411479787e-08
84.3460764588 	 7.34203761114e-08
84.3863179074 	 1.03513273273e-07
84.4265593561 	 6.07451251293e-08
84.4668008048 	 9.23940725513e-08
84.5070422535 	 1.22558288109e-07
84.5472837022 	 8.66991803653e-08
84.5875251509 	 6.50068731337e-08
84.6277665996 	 2.36620402269e-08
84.6680080483 	 7.93702339615e-08
84.708249497 	 3.52132007176e-08
84.7484909457 	 8.93069698429e-08
84.7887323944 	 1.27747643992e-07
84.8289738431 	 1.97483805608e-07
84.8692152918 	 1.41371857316e-07
84.9094567404 	 1.27131266443e-07
84.9496981891 	 1.84431298894e-07
84.9899396378 	 1.85413671188e-07
85.0301810865 	 1.72046565001e-07
85.0704225352 	 7.05685787198e-08
85.1106639839 	 1.73192357984e-07
85.1509054326 	 1.28239463958e-07
85.1911468813 	 1.48899539143e-07
85.23138833 	 1.57330821078e-07
85.2716297787 	 8.55591295916e-08
85.3118712274 	 1.25117321007e-07
85.3521126761 	 1.33127353729e-07
85.3923541247 	 1.04960138368e-07
85.4325955734 	 1.54101169982e-07
85.4728370221 	 1.53124920893e-07
85.5130784708 	 1.522964083e-07
85.5533199195 	 1.53870373338e-07
85.5935613682 	 1.47504172015e-07
85.6338028169 	 8.54074626934e-08
85.6740442656 	 8.17848233389e-08
85.7142857143 	 6.29792394597e-08
85.754527163 	 1.07662743457e-07
85.7947686117 	 5.0266387822e-08
85.8350100604 	 8.87123845954e-08
85.8752515091 	 7.12261050087e-08
85.9154929577 	 1.06225355744e-08
85.9557344064 	 2.39149481593e-08
85.9959758551 	 2.93719590511e-08
86.0362173038 	 5.5848744121e-08
86.0764587525 	 1.96611753146e-08
86.1167002012 	 1.88845470566e-08
86.1569416499 	 5.66018322336e-08
86.1971830986 	 5.98735561119e-08
86.2374245473 	 8.91295154604e-08
86.277665996 	 1.33685930934e-07
86.3179074447 	 1.20703417767e-07
86.3581488934 	 8.79804710695e-08
86.3983903421 	 4.85005358812e-08
86.4386317907 	 5.82340686333e-08
86.4788732394 	 9.06754806984e-08
86.5191146881 	 7.47422210631e-08
86.5593561368 	 7.33312188906e-08
86.5995975855 	 3.07552218782e-08
86.6398390342 	 9.45886037984e-08
86.6800804829 	 8.19752800179e-08
86.7203219316 	 7.46842068164e-08
86.7605633803 	 6.39562954153e-08
86.800804829 	 6.78255334829e-08
86.8410462777 	 4.96994732814e-08
86.8812877264 	 1.05476264545e-07
86.9215291751 	 1.29919632808e-07
86.9617706237 	 5.57340285314e-08
87.0020120724 	 1.23885757709e-08
87.0422535211 	 1.55554122032e-07
87.0824949698 	 1.43970662225e-07
87.1227364185 	 1.45455114881e-07
87.1629778672 	 4.94937167034e-08
87.2032193159 	 9.52412730439e-08
87.2434607646 	 4.46454446355e-08
87.2837022133 	 2.42422849306e-08
87.323943662 	 1.86857111483e-08
87.3641851107 	 5.75716553277e-08
87.4044265594 	 4.54728595613e-08
87.444668008 	 5.02738207434e-08
87.4849094567 	 6.64135110103e-08
87.5251509054 	 1.70907787897e-07
87.5653923541 	 1.52045755414e-07
87.6056338028 	 1.70099824235e-07
87.6458752515 	 1.2695539468e-07
87.6861167002 	 1.44243879491e-07
87.7263581489 	 6.0426675789e-08
87.7665995976 	 7.17645675671e-08
87.8068410463 	 1.62117589786e-07
87.847082495 	 1.18130268528e-07
87.8873239437 	 1.0683373041e-07
87.9275653924 	 8.78485687221e-08
87.967806841 	 1.18099172173e-07
88.0080482897 	 7.51498072776e-08
88.0482897384 	 7.2601120246e-08
88.0885311871 	 1.14268073511e-07
88.1287726358 	 8.69298778324e-08
88.1690140845 	 1.34743804863e-07
88.2092555332 	 2.99453242748e-08
88.2494969819 	 1.09142486807e-07
88.2897384306 	 5.53467471718e-08
88.3299798793 	 5.25027953718e-08
88.370221328 	 5.56062417245e-08
88.4104627767 	 5.25318037365e-08
88.4507042254 	 1.10782598444e-07
88.490945674 	 5.9623447754e-08
88.5311871227 	 8.89613594622e-08
88.5714285714 	 1.93241734746e-08
88.6116700201 	 4.05810068486e-08
88.6519114688 	 2.01117560238e-08
88.6921529175 	 3.13500764481e-08
88.7323943662 	 1.12370633861e-07
88.7726358149 	 1.05537293568e-07
88.8128772636 	 1.54600335778e-07
88.8531187123 	 1.61323667352e-07
88.893360161 	 2.20156938195e-07
88.9336016097 	 1.29074665689e-07
88.9738430584 	 5.99508339988e-08
89.014084507 	 6.83341642529e-08
89.0543259557 	 4.89714614648e-08
89.0945674044 	 7.9949499767e-08
89.1348088531 	 1.78192341646e-09
89.1750503018 	 2.22574233109e-08
89.2152917505 	 5.3874226784e-08
89.2555331992 	 8.59108330438e-08
89.2957746479 	 1.06390955867e-07
89.3360160966 	 1.43951012653e-07
89.3762575453 	 2.15328120982e-07
89.416498994 	 1.73332259614e-07
89.4567404427 	 1.30003440526e-07
89.4969818913 	 9.26110356993e-08
89.53722334 	 6.37496407828e-08
89.5774647887 	 8.06546325298e-08
89.6177062374 	 8.82522168288e-08
89.6579476861 	 1.2507432068e-07
89.6981891348 	 1.15426739313e-07
89.7384305835 	 1.12122648187e-07
89.7786720322 	 1.22424584007e-07
89.8189134809 	 1.0939235816e-07
89.8591549296 	 1.13985482565e-07
89.8993963783 	 1.39743281754e-07
89.939637827 	 9.64936241607e-08
89.9798792757 	 3.62508964828e-08
90.0201207243 	 3.62882353809e-08
90.060362173 	 4.36031160519e-08
90.1006036217 	 1.66892917983e-07
90.1408450704 	 1.6277443449e-07
90.1810865191 	 1.28732996405e-07
90.2213279678 	 1.17715712682e-07
90.2615694165 	 6.93806100017e-08
90.3018108652 	 1.44388028088e-07
90.3420523139 	 5.18457917623e-08
90.3822937626 	 2.61139925609e-08
90.4225352113 	 7.02839128144e-08
90.46277666 	 8.33833895909e-08
90.5030181087 	 6.19733611687e-08
90.5432595573 	 9.14892066394e-08
90.583501006 	 2.9269511734e-08
90.6237424547 	 5.73584073552e-08
90.6639839034 	 6.18871528354e-08
90.7042253521 	 8.20030498874e-08
90.7444668008 	 4.76216952742e-08
90.7847082495 	 5.20983019944e-08
90.8249496982 	 2.22028876787e-08
90.8651911469 	 3.99122531177e-08
90.9054325956 	 5.85418879063e-08
90.9456740443 	 1.04488969186e-07
90.985915493 	 1.24555058432e-07
91.0261569416 	 1.34538881839e-07
91.0663983903 	 7.765202799e-08
91.106639839 	 6.09729070855e-08
91.1468812877 	 7.17323600799e-08
91.1871227364 	 3.62142984557e-08
91.2273641851 	 6.7749659752e-08
91.2676056338 	 6.5210721759e-08
91.3078470825 	 3.82851972989e-08
91.3480885312 	 8.40977491022e-08
91.3883299799 	 8.71098730783e-08
91.4285714286 	 1.37453188793e-07
91.4688128773 	 9.44103484948e-08
91.509054326 	 7.35044113156e-08
91.5492957746 	 8.80043536711e-08
91.5895372233 	 2.80566592109e-08
91.629778672 	 5.13561239947e-08
91.6700201207 	 5.5862842157e-08
91.7102615694 	 8.70249972992e-08
91.7505030181 	 8.0107304074e-08
91.7907444668 	 3.75182859299e-08
91.8309859155 	 6.40186899293e-08
91.8712273642 	 3.60807953588e-08
91.9114688129 	 3.65559126624e-08
91.9517102616 	 6.5798577256e-08
91.9919517103 	 1.00438062165e-07
92.032193159 	 5.2140335058e-08
92.0724346076 	 7.27212712337e-08
92.1126760563 	 4.56413206892e-08
92.152917505 	 4.42479055433e-08
92.1931589537 	 1.92324297441e-08
92.2334004024 	 3.14717206948e-08
92.2736418511 	 4.53556168382e-08
92.3138832998 	 6.85181731605e-08
92.3541247485 	 5.37173913036e-08
92.3943661972 	 3.69190468431e-08
92.4346076459 	 2.24545739188e-08
92.4748490946 	 2.48742171045e-08
92.5150905433 	 2.51298344728e-08
92.555331992 	 1.25630345482e-08
92.5955734406 	 3.27459212985e-08
92.6358148893 	 7.68018166913e-08
92.676056338 	 1.99516920492e-08
92.7162977867 	 4.15367863218e-08
92.7565392354 	 6.02178847744e-08
92.7967806841 	 5.42148097199e-08
92.8370221328 	 7.37252619805e-08
92.8772635815 	 6.19655937394e-08
92.9175050302 	 3.07339914992e-08
92.9577464789 	 1.25407129427e-07
92.9979879276 	 7.96041562972e-08
93.0382293763 	 1.49243050348e-07
93.0784708249 	 9.82771709197e-08
93.1187122736 	 5.82746815659e-08
93.1589537223 	 2.75404023135e-08
93.199195171 	 4.05204471049e-08
93.2394366197 	 4.96203366264e-08
93.2796780684 	 2.39020308506e-08
93.3199195171 	 3.72319993946e-08
93.3601609658 	 5.59546941954e-09
93.4004024145 	 4.69553026567e-08
93.4406438632 	 5.54800503863e-08
93.4808853119 	 5.60282900426e-08
93.5211267606 	 1.21595133558e-07
93.5613682093 	 9.31805550446e-08
93.6016096579 	 3.18443151961e-08
93.6418511066 	 7.92656628706e-08
93.6820925553 	 8.19159806886e-09
93.722334004 	 1.43067463795e-08
93.7625754527 	 3.67138269986e-08
93.8028169014 	 1.25980379846e-08
93.8430583501 	 4.49935650179e-08
93.8832997988 	 2.49511663163e-08
93.9235412475 	 4.84543421633e-08
93.9637826962 	 7.17333711459e-08
94.0040241449 	 8.78998354766e-08
94.0442655936 	 1.21949320812e-07
94.0845070423 	 8.77819826018e-08
94.1247484909 	 1.14084019808e-07
94.1649899396 	 7.0079382083e-08
94.2052313883 	 3.75341530171e-08
94.245472837 	 4.70682041566e-08
94.2857142857 	 4.46844061792e-08
94.3259557344 	 4.61996720032e-08
94.3661971831 	 4.94668299323e-08
94.4064386318 	 3.895579198e-08
94.4466800805 	 3.39594370849e-09
94.4869215292 	 4.94047688602e-08
94.5271629779 	 3.91513431403e-08
94.5674044266 	 7.98829195835e-08
94.6076458753 	 1.13880957255e-07
94.6478873239 	 1.20043219765e-07
94.6881287726 	 6.0425189927e-08
94.7283702213 	 3.03613026189e-08
94.76861167 	 7.72169809297e-08
94.8088531187 	 1.05964764628e-07
94.8490945674 	 1.03625945646e-07
94.8893360161 	 1.83237778571e-08
94.9295774648 	 5.58122701866e-08
94.9698189135 	 5.53468620641e-08
95.0100603622 	 5.82785122558e-08
95.0503018109 	 8.39906899448e-08
95.0905432596 	 8.600513643e-08
95.1307847082 	 6.51683896907e-08
95.1710261569 	 2.72214428679e-08
95.2112676056 	 3.06815261327e-08
95.2515090543 	 5.5982639198e-08
95.291750503 	 1.21432898585e-07
95.3319919517 	 1.02295470081e-07
95.3722334004 	 4.23561199694e-08
95.4124748491 	 9.39685592077e-08
95.4527162978 	 7.64530840052e-08
95.4929577465 	 1.40414721107e-07
95.5331991952 	 1.18800167766e-07
95.5734406439 	 1.29080691418e-07
95.6136820926 	 4.79592592562e-08
95.6539235412 	 1.09242157773e-07
95.6941649899 	 4.26473371313e-08
95.7344064386 	 5.16053194576e-08
95.7746478873 	 6.58057348014e-08
95.814889336 	 1.43798259162e-08
95.8551307847 	 4.8963025343e-08
95.8953722334 	 3.5085497247e-08
95.9356136821 	 2.8033757249e-08
95.9758551308 	 3.35834419472e-08
96.0160965795 	 5.37421836317e-08
96.0563380282 	 8.27563492698e-08
96.0965794769 	 1.05646043608e-08
96.1368209256 	 5.57413920362e-08
96.1770623742 	 2.27890742371e-08
96.2173038229 	 6.32923962216e-08
96.2575452716 	 4.39469957252e-08
96.2977867203 	 8.2463694843e-08
96.338028169 	 4.90828238989e-08
96.3782696177 	 4.58252937263e-08
96.4185110664 	 6.88000387432e-08
96.4587525151 	 8.90984274874e-08
96.4989939638 	 9.02519703679e-08
96.5392354125 	 6.12829957897e-08
96.5794768612 	 8.29883140444e-08
96.6197183099 	 4.79927445235e-08
96.6599597586 	 8.19889950848e-08
96.7002012072 	 9.12588601207e-08
96.7404426559 	 4.87336363481e-08
96.7806841046 	 2.33383855198e-08
96.8209255533 	 1.89105047629e-08
96.861167002 	 3.64179756716e-08
96.9014084507 	 2.60519514157e-08
96.9416498994 	 2.45199670567e-08
96.9818913481 	 3.00782184537e-08
97.0221327968 	 8.21898814131e-08
97.0623742455 	 6.26680771965e-08
97.1026156942 	 5.18046796847e-08
97.1428571429 	 1.11202011541e-07
97.1830985915 	 4.13561933365e-08
97.2233400402 	 5.17496047531e-08
97.2635814889 	 1.12661421943e-07
97.3038229376 	 8.92228238325e-08
97.3440643863 	 9.82231609238e-08
97.384305835 	 4.47394629958e-08
97.4245472837 	 3.12847928024e-08
97.4647887324 	 4.63286751233e-08
97.5050301811 	 3.20032772034e-08
97.5452716298 	 7.01646827204e-08
97.5855130785 	 8.18344756507e-08
97.6257545272 	 7.69156162572e-08
97.6659959759 	 7.04374288063e-08
97.7062374245 	 2.52885976726e-08
97.7464788732 	 4.03059445729e-08
97.7867203219 	 5.79636122165e-08
97.8269617706 	 4.4719324053e-08
97.8672032193 	 1.7065769032e-08
97.907444668 	 3.05247707614e-08
97.9476861167 	 5.02739418891e-08
97.9879275654 	 2.42874699327e-08
98.0281690141 	 6.00520119309e-08
98.0684104628 	 7.69639063147e-08
98.1086519115 	 5.92968340367e-08
98.1488933602 	 4.29091764875e-08
98.1891348089 	 6.27121071821e-08
98.2293762575 	 6.58715763641e-09
98.2696177062 	 3.44427254317e-08
98.3098591549 	 1.85384321647e-08
98.3501006036 	 4.43266016167e-08
98.3903420523 	 6.36876682559e-08
98.430583501 	 8.59259831718e-08
98.4708249497 	 5.99336446847e-08
98.5110663984 	 4.91336140452e-08
98.5513078471 	 4.14731780862e-08
98.5915492958 	 7.18906438099e-08
98.6317907445 	 5.99394753572e-08
98.6720321932 	 6.39902275616e-08
98.7122736419 	 2.17851801067e-08
98.7525150905 	 4.53161594533e-08
98.7927565392 	 6.16346535297e-08
98.8329979879 	 6.18895799935e-08
98.8732394366 	 6.85324001423e-08
98.9134808853 	 1.2553451149e-07
98.953722334 	 8.29255253387e-08
98.9939637827 	 5.92124030705e-08
99.0342052314 	 4.39485904477e-08
99.0744466801 	 1.10250095443e-08
99.1146881288 	 6.5050307101e-08
99.1549295775 	 2.33091945618e-08
99.1951710262 	 3.85177239354e-08
99.2354124748 	 3.11297833233e-08
99.2756539235 	 5.38116730572e-08
99.3158953722 	 2.64506949439e-08
99.3561368209 	 3.25196002953e-08
99.3963782696 	 7.26927929938e-08
99.4366197183 	 7.90579476167e-08
99.476861167 	 3.55029052692e-08
99.5171026157 	 5.45326643156e-08
99.5573440644 	 2.31058836309e-08
99.5975855131 	 1.88679274838e-08
99.6378269618 	 4.29849328353e-08
99.6780684105 	 5.86291845948e-08
99.7183098592 	 6.47227153942e-08
99.7585513078 	 1.10419667812e-08
99.7987927565 	 6.73267311063e-08
99.8390342052 	 7.95310398643e-08
99.8792756539 	 5.14086679401e-08
99.9195171026 	 5.89369808483e-08
99.9597585513 	 4.47087755271e-08
100.0 	 5.60379347199e-08
