0.0 	 1.34957259272e-07
0.0360620266859 	 3.76079669749e-06
0.0721240533718 	 0.000103974210448
0.108186080058 	 0.000209822661519
0.144248106744 	 0.000592910794399
0.180310133429 	 0.000269353690035
0.216372160115 	 8.54299648184e-05
0.252434186801 	 0.000236518227416
0.288496213487 	 0.000338581241607
0.324558240173 	 8.01566066472e-05
0.360620266859 	 0.000168565245129
0.396682293545 	 0.000154558017044
0.432744320231 	 0.000130835684758
0.468806346917 	 0.000225089064123
0.504868373603 	 0.000241547096817
0.540930400288 	 0.000201274976417
0.576992426974 	 0.000389602312154
0.61305445366 	 0.000183577064634
0.649116480346 	 0.000405041628597
0.685178507032 	 0.0002154531966
0.721240533718 	 0.000320481006849
0.757302560404 	 0.000311605178892
0.79336458709 	 0.000237395553687
0.829426613776 	 0.000190771814044
0.865488640462 	 0.000171610807082
0.901550667147 	 0.000166394062379
0.937612693833 	 0.000140644571473
0.973674720519 	 0.000263621639465
1.00973674721 	 9.09816706149e-05
1.04579877389 	 0.000297113202382
1.08186080058 	 0.000351900957935
1.11792282726 	 0.000105193887242
1.15398485395 	 9.46048528939e-05
1.19004688063 	 0.000416035932583
1.22610890732 	 0.000327802016892
1.26217093401 	 0.000224281829758
1.29823296069 	 0.000145048080032
1.33429498738 	 8.39616190091e-05
1.37035701406 	 8.31660777446e-05
1.40641904075 	 0.000302415119926
1.44248106744 	 0.000159271567461
1.47854309412 	 5.1662279653e-05
1.51460512081 	 0.000135087763092
1.55066714749 	 0.000219009327282
1.58672917418 	 0.000355656131299
1.62279120087 	 0.000122974146433
1.65885322755 	 0.000264230257099
1.69491525424 	 0.00046414445754
1.73097728092 	 0.00021963661516
1.76703930761 	 0.000166112501389
1.80310133429 	 0.000216127784043
1.83916336098 	 5.31706243552e-05
1.87522538767 	 1.82979246757e-05
1.91128741435 	 0.000181703050055
1.94734944104 	 0.000321503340988
1.98341146772 	 0.000410424957335
2.01947349441 	 0.000178449720894
2.0555355211 	 0.000172305454528
2.09159754778 	 0.000179902848924
2.12765957447 	 0.000155365332374
2.16372160115 	 4.54067524134e-05
2.19978362784 	 0.000162114591062
2.23584565453 	 0.000169263591376
2.27190768121 	 0.000303420254096
2.3079697079 	 0.000138145443192
2.34403173458 	 0.00015458889478
2.38009376127 	 0.00015025625425
2.41615578796 	 0.000185041718298
2.45221781464 	 0.000119802060665
2.48827984133 	 0.000185856636557
2.52434186801 	 0.000107349061124
2.5604038947 	 5.75747346906e-05
2.59646592138 	 6.02036205157e-05
2.63252794807 	 1.18642593186e-05
2.66858997476 	 8.79281375181e-05
2.70465200144 	 0.000116096356808
2.74071402813 	 9.04657180986e-05
2.77677605481 	 9.06945187188e-05
2.8128380815 	 8.35288376838e-05
2.84890010819 	 7.03061696386e-05
2.88496213487 	 0.000268960090362
2.92102416156 	 0.000221977883646
2.95708618824 	 0.000207293454099
2.99314821493 	 7.33206427316e-05
3.02921024162 	 5.63551584739e-05
3.0652722683 	 3.7967009871e-05
3.10133429499 	 0.000122665535987
3.13739632167 	 0.000165267903779
3.17345834836 	 8.90720294433e-05
3.20952037505 	 8.76912566068e-05
3.24558240173 	 3.43862029433e-05
3.28164442842 	 4.34613699447e-05
3.3177064551 	 9.15272179807e-05
3.35376848179 	 1.6410450813e-05
3.38983050847 	 7.29978329097e-05
3.42589253516 	 7.11876467585e-05
3.46195456185 	 7.88282236274e-05
3.49801658853 	 9.46851080358e-05
3.53407861522 	 6.09428950345e-05
3.5701406419 	 9.36590508733e-05
3.60620266859 	 0.000145366983116
3.64226469528 	 7.57755576973e-05
3.67832672196 	 2.64747969549e-05
3.71438874865 	 9.56984138852e-05
3.75045077533 	 2.59162036693e-05
3.78651280202 	 6.16049207681e-05
3.82257482871 	 6.21912558096e-05
3.85863685539 	 9.32395841298e-05
3.89469888208 	 0.000185523614391
3.93076090876 	 0.000103221015526
3.96682293545 	 8.32489049216e-05
4.00288496213 	 2.95604565303e-05
4.03894698882 	 5.36654268412e-05
4.07500901551 	 7.99781294977e-05
4.11107104219 	 9.91473798296e-05
4.14713306888 	 5.55181403243e-05
4.18319509556 	 6.07964779115e-05
4.21925712225 	 3.53689545014e-05
4.25531914894 	 1.15709268538e-05
4.29138117562 	 3.99884047541e-05
4.32744320231 	 1.82791697506e-05
4.36350522899 	 3.94927920677e-05
4.39956725568 	 1.42193821125e-05
4.43562928237 	 2.0587033163e-05
4.47169130905 	 1.59651396567e-05
4.50775333574 	 2.05755908871e-05
4.54381536242 	 2.62320195873e-05
4.57987738911 	 4.10906035054e-05
4.6159394158 	 5.87324210571e-05
4.65200144248 	 1.24021781475e-05
4.68806346917 	 2.52302519603e-05
4.72412549585 	 1.15119195914e-05
4.76018752254 	 9.0145871705e-05
4.79624954922 	 7.68921687812e-05
4.83231157591 	 1.90645606284e-05
4.8683736026 	 7.85918075571e-05
4.90443562928 	 2.27284933745e-05
4.94049765597 	 2.72426151652e-05
4.97655968265 	 3.97736368684e-05
5.01262170934 	 5.74480918352e-05
5.04868373603 	 1.84074996456e-05
5.08474576271 	 1.85093677904e-05
5.1208077894 	 3.87898751319e-05
5.15686981608 	 6.60576495031e-05
5.19293184277 	 8.28820131849e-05
5.22899386946 	 8.79923452314e-05
5.26505589614 	 0.000126845564207
5.30111792283 	 0.00013895827631
5.33717994951 	 5.97607222521e-05
5.3732419762 	 8.99501810849e-05
5.40930400288 	 4.75794039947e-05
5.44536602957 	 7.69347858169e-05
5.48142805626 	 2.85293463029e-05
5.51749008294 	 4.23307395933e-05
5.55355210963 	 2.14554720475e-05
5.58961413631 	 6.28367405586e-05
5.625676163 	 9.05943328166e-05
5.66173818969 	 5.52140791851e-05
5.69780021637 	 5.8251122883e-05
5.73386224306 	 2.16927138419e-05
5.76992426974 	 6.87327826483e-05
5.80598629643 	 3.9258878661e-05
5.84204832312 	 3.27794245211e-05
5.8781103498 	 4.86166698309e-05
5.91417237649 	 2.39082662851e-05
5.95023440317 	 4.37329983803e-05
5.98629642986 	 4.98162162053e-05
6.02235845655 	 3.46390600951e-05
6.05842048323 	 4.03407447209e-05
6.09448250992 	 1.71734958888e-05
6.1305445366 	 2.7952869199e-05
6.16660656329 	 6.44750048833e-05
6.20266858997 	 4.5516776413e-05
6.23873061666 	 2.2570950988e-05
6.27479264335 	 5.38870027921e-05
6.31085467003 	 4.69108126204e-05
6.34691669672 	 8.32900479364e-05
6.3829787234 	 5.52118851017e-05
6.41904075009 	 4.2984437611e-05
6.45510277678 	 3.3178354069e-05
6.49116480346 	 2.73576266349e-05
6.52722683015 	 3.29951228502e-05
6.56328885683 	 1.42160465747e-05
6.59935088352 	 3.25010360188e-05
6.63541291021 	 1.97169214128e-05
6.67147493689 	 2.68383860254e-05
6.70753696358 	 1.17536345777e-05
6.74359899026 	 3.124849972e-05
6.77966101695 	 3.35676218241e-05
6.81572304364 	 2.47454405423e-05
6.85178507032 	 2.7946997084e-05
6.88784709701 	 1.20135979457e-05
6.92390912369 	 1.96328607329e-05
6.95997115038 	 3.40049406968e-05
6.99603317706 	 6.96442620142e-05
7.03209520375 	 5.82652357674e-05
7.06815723044 	 2.63734586296e-05
7.10421925712 	 3.04604558003e-05
7.14028128381 	 1.52736620498e-05
7.17634331049 	 8.50210135363e-06
7.21240533718 	 2.5664407208e-05
7.24846736387 	 5.3775345428e-05
7.28452939055 	 8.58704099698e-05
7.32059141724 	 5.7790151577e-05
7.35665344392 	 4.19409311195e-05
7.39271547061 	 4.00236732263e-05
7.4287774973 	 3.7055225226e-05
7.46483952398 	 3.99401633358e-06
7.50090155067 	 2.22533201375e-05
7.53696357735 	 5.04956943031e-05
7.57302560404 	 1.80969687804e-05
7.60908763072 	 2.8640087532e-05
7.64514965741 	 4.69393697657e-05
7.6812116841 	 4.49325125287e-05
7.71727371078 	 4.99570629802e-05
7.75333573747 	 2.61335399821e-05
7.78939776415 	 4.25008913898e-05
7.82545979084 	 5.83357519723e-05
7.86152181753 	 2.0931002292e-05
7.89758384421 	 3.32606624386e-05
7.9336458709 	 2.85736249018e-05
7.96970789758 	 2.90310997293e-05
8.00576992427 	 3.59113453407e-05
8.04183195096 	 1.55170412082e-05
8.07789397764 	 8.46218805663e-06
8.11395600433 	 3.00538459232e-05
8.15001803101 	 6.67768812635e-06
8.1860800577 	 2.93587001396e-05
8.22214208439 	 4.36290082739e-05
8.25820411107 	 5.17955205191e-05
8.29426613776 	 4.65426231618e-05
8.33032816444 	 1.45871814096e-05
8.36639019113 	 2.95231636527e-05
8.40245221781 	 3.28730238955e-05
8.4385142445 	 2.16860349891e-05
8.47457627119 	 2.14808642605e-05
8.51063829787 	 5.04521344807e-05
8.54670032456 	 5.23407572846e-05
8.58276235124 	 3.60787641022e-05
8.61882437793 	 1.82635772342e-05
8.65488640462 	 2.01091085481e-05
8.6909484313 	 1.63280748756e-05
8.72701045799 	 1.54353261587e-05
8.76307248467 	 1.20606753579e-05
8.79913451136 	 2.76586957432e-05
8.83519653805 	 7.73983215279e-06
8.87125856473 	 1.15210283415e-05
8.90732059142 	 2.5788916423e-05
8.9433826181 	 3.63154928319e-05
8.97944464479 	 3.18261572198e-05
9.01550667147 	 2.34626586485e-05
9.05156869816 	 8.85706804271e-06
9.08763072485 	 4.07260473247e-05
9.12369275153 	 2.5244213941e-05
9.15975477822 	 2.11009771039e-05
9.1958168049 	 7.35897975078e-06
9.23187883159 	 2.46613722072e-05
9.26794085828 	 1.46249994411e-05
9.30400288496 	 1.69448779461e-05
9.34006491165 	 9.23215591896e-06
9.37612693833 	 2.35441953508e-05
9.41218896502 	 4.51334663173e-05
9.44825099171 	 9.65771345735e-06
9.48431301839 	 1.71286916633e-05
9.52037504508 	 1.40636392279e-05
9.55643707176 	 1.38896800868e-05
9.59249909845 	 2.95665740238e-05
9.62856112514 	 9.11271613608e-06
9.66462315182 	 1.21625994004e-05
9.70068517851 	 1.1855400426e-05
9.73674720519 	 1.37118476298e-05
9.77280923188 	 2.56254978408e-05
9.80887125856 	 3.44053156467e-05
9.84493328525 	 9.34778756562e-06
9.88099531194 	 2.8169284803e-05
9.91705733862 	 2.35949721655e-05
9.95311936531 	 2.97249479992e-05
9.98918139199 	 2.37778787516e-05
10.0252434187 	 2.78115077991e-05
10.0613054454 	 3.18807861205e-05
10.0973674721 	 1.27195705591e-05
10.1334294987 	 9.86618133935e-06
10.1694915254 	 2.1810075418e-05
10.2055535521 	 1.50753872456e-05
10.2416155788 	 3.30204463001e-05
10.2776776055 	 2.50578593616e-05
10.3137396322 	 2.28469154981e-05
10.3498016589 	 3.71747020034e-05
10.3858636855 	 2.93923823901e-05
10.4219257122 	 2.93833152554e-05
10.4579877389 	 1.83648447314e-05
10.4940497656 	 1.58898936781e-05
10.5301117923 	 3.68805883946e-06
10.566173819 	 2.29408656344e-05
10.6022358457 	 1.06743923851e-05
10.6382978723 	 2.82173602816e-05
10.674359899 	 3.4695292302e-05
10.7104219257 	 2.47322834722e-05
10.7464839524 	 3.46323174973e-05
10.7825459791 	 1.2806519386e-05
10.8186080058 	 2.22415386333e-05
10.8546700325 	 2.97662610641e-05
10.8907320591 	 3.00904206992e-05
10.9267940858 	 2.96259799995e-05
10.9628561125 	 3.56099371791e-05
10.9989181392 	 2.22074599158e-05
11.0349801659 	 6.61436063382e-06
11.0710421926 	 8.60050290926e-06
11.1071042193 	 1.77638640095e-05
11.1431662459 	 1.13297576419e-05
11.1792282726 	 8.60591222669e-06
11.2152902993 	 7.07131556784e-06
11.251352326 	 8.62119974303e-06
11.2874143527 	 4.14064919914e-06
11.3234763794 	 8.10202879997e-06
11.3595384061 	 9.17287680205e-06
11.3956004327 	 2.67960351021e-05
11.4316624594 	 4.5901511539e-05
11.4677244861 	 2.14542385309e-05
11.5037865128 	 1.71663784372e-05
11.5398485395 	 1.29602677885e-05
11.5759105662 	 2.00932290194e-05
11.6119725929 	 8.56669038371e-06
11.6480346195 	 1.20414695861e-05
11.6840966462 	 2.33874329585e-05
11.7201586729 	 5.6805573484e-06
11.7562206996 	 6.65124157208e-06
11.7922827263 	 5.90432155355e-06
11.828344753 	 1.60136315852e-05
11.8644067797 	 8.88173363878e-06
11.9004688063 	 1.87177351548e-05
11.936530833 	 1.41287156323e-05
11.9725928597 	 6.46625966043e-06
12.0086548864 	 1.10866694753e-05
12.0447169131 	 1.54671450271e-05
12.0807789398 	 4.37992950067e-06
12.1168409665 	 1.73782744176e-05
12.1529029931 	 1.95783936461e-05
12.1889650198 	 1.02545314065e-05
12.2250270465 	 1.30951404099e-05
12.2610890732 	 2.60804056699e-05
12.2971510999 	 1.73292089372e-05
12.3332131266 	 1.26750223852e-05
12.3692751533 	 2.26483766708e-05
12.4053371799 	 8.49464883468e-06
12.4413992066 	 9.80775930946e-06
12.4774612333 	 1.95756910952e-05
12.51352326 	 9.08050580776e-06
12.5495852867 	 2.41531150761e-05
12.5856473134 	 3.2284341697e-05
12.6217093401 	 1.78193502338e-05
12.6577713668 	 2.04353553036e-05
12.6938333934 	 2.6760836181e-05
12.7298954201 	 1.957384537e-05
12.7659574468 	 4.73601601832e-06
12.8020194735 	 1.81020929719e-05
12.8380815002 	 1.7982892123e-05
12.8741435269 	 1.04501138954e-05
12.9102055536 	 1.43587580475e-05
12.9462675802 	 1.68914990632e-05
12.9823296069 	 9.31060285507e-06
13.0183916336 	 2.20124186218e-05
13.0544536603 	 4.22526262765e-06
13.090515687 	 6.79000249061e-06
13.1265777137 	 1.12294842959e-05
13.1626397404 	 1.51911256234e-05
13.198701767 	 1.51994051662e-05
13.2347637937 	 8.8511398538e-06
13.2708258204 	 6.77585393646e-06
13.3068878471 	 9.39090250954e-06
13.3429498738 	 2.45284861796e-05
13.3790119005 	 7.14515373041e-06
13.4150739272 	 7.75773221493e-06
13.4511359538 	 9.91521062942e-06
13.4871979805 	 7.92366561245e-06
13.5232600072 	 1.55819739172e-05
13.5593220339 	 1.48225662365e-05
13.5953840606 	 1.32651517605e-05
13.6314460873 	 3.94411830392e-06
13.667508114 	 6.86810380397e-06
13.7035701406 	 1.17564759405e-05
13.7396321673 	 1.40628954282e-05
13.775694194 	 1.73564011948e-05
13.8117562207 	 9.1067227687e-06
13.8478182474 	 2.02808823893e-05
13.8838802741 	 6.65357433439e-06
13.9199423008 	 1.57965577589e-05
13.9560043274 	 5.19767971869e-06
13.9920663541 	 1.01285307947e-05
14.0281283808 	 2.77024355694e-05
14.0641904075 	 1.06179678951e-05
14.1002524342 	 3.78599240948e-06
14.1363144609 	 1.0181239148e-05
14.1723764876 	 2.2328318246e-05
14.2084385142 	 4.8377570923e-06
14.2445005409 	 9.52504026722e-06
14.2805625676 	 1.2137944415e-05
14.3166245943 	 8.97580869045e-06
14.352686621 	 8.78814144664e-06
14.3887486477 	 6.28377688247e-06
14.4248106744 	 2.15589874211e-06
14.460872701 	 3.67482630608e-06
14.4969347277 	 1.06257431287e-05
14.5329967544 	 4.88212060966e-06
14.5690587811 	 5.03182959874e-06
14.6051208078 	 4.38476887401e-06
14.6411828345 	 1.03060525851e-05
14.6772448612 	 9.25446000745e-07
14.7133068878 	 2.77533182392e-06
14.7493689145 	 6.21849847819e-06
14.7854309412 	 3.47322890224e-06
14.8214929679 	 1.42780705882e-05
14.8575549946 	 5.82336570899e-06
14.8936170213 	 1.14683560372e-05
14.929679048 	 8.87137677087e-06
14.9657410746 	 1.06406295306e-05
15.0018031013 	 1.0736532544e-05
15.037865128 	 5.14301654933e-06
15.0739271547 	 3.39259189074e-06
15.1099891814 	 6.73480869776e-06
15.1460512081 	 1.0822050131e-05
15.1821132348 	 8.96141693819e-06
15.2181752614 	 5.68113899887e-06
15.2542372881 	 1.36119930449e-05
15.2902993148 	 1.03046562657e-05
15.3263613415 	 7.76084402647e-06
15.3624233682 	 9.87954576462e-06
15.3984853949 	 1.05829138936e-05
15.4345474216 	 3.7916708796e-06
15.4706094483 	 3.66385247854e-06
15.5066714749 	 8.52907863559e-06
15.5427335016 	 5.61784121023e-06
15.5787955283 	 9.84226651109e-06
15.614857555 	 8.7804420053e-06
15.6509195817 	 9.28604387776e-06
15.6869816084 	 5.03479600497e-06
15.7230436351 	 9.48953874005e-06
15.7591056617 	 6.7433303348e-06
15.7951676884 	 8.54542314573e-06
15.8312297151 	 5.07599241749e-06
15.8672917418 	 4.70047364043e-06
15.9033537685 	 1.03219955636e-05
15.9394157952 	 7.02862169029e-06
15.9754778219 	 6.13243666715e-06
16.0115398485 	 2.60000276198e-06
16.0476018752 	 7.19021711781e-06
16.0836639019 	 1.4359647639e-06
16.1197259286 	 8.4964475847e-06
16.1557879553 	 5.38408799018e-06
16.191849982 	 6.64109050666e-06
16.2279120087 	 1.04413364397e-05
16.2639740353 	 7.12843108925e-06
16.300036062 	 7.88404678172e-06
16.3360980887 	 1.99220618218e-06
16.3721601154 	 8.19419007106e-06
16.4082221421 	 6.13039754593e-06
16.4442841688 	 1.43481901143e-05
16.4803461955 	 5.3906538482e-06
16.5164082221 	 1.31960220666e-06
16.5524702488 	 1.72741808306e-06
16.5885322755 	 7.12170395861e-06
16.6245943022 	 9.75702852241e-06
16.6606563289 	 1.16848399469e-05
16.6967183556 	 6.85730789415e-06
16.7327803823 	 1.16591802805e-05
16.7688424089 	 1.85546574358e-05
16.8049044356 	 9.76744524378e-06
16.8409664623 	 1.0994221487e-05
16.877028489 	 7.37003265439e-06
16.9130905157 	 1.27439416934e-06
16.9491525424 	 5.20537989911e-06
16.9852145691 	 1.46562670716e-05
17.0212765957 	 1.08352840674e-05
17.0573386224 	 7.4552864673e-06
17.0934006491 	 4.91787584413e-06
17.1294626758 	 4.39844990561e-06
17.1655247025 	 3.23590034975e-06
17.2015867292 	 5.67193227611e-06
17.2376487559 	 4.65516479554e-06
17.2737107825 	 4.87504983478e-06
17.3097728092 	 2.26753910497e-06
17.3458348359 	 1.43985885594e-05
17.3818968626 	 4.02616907058e-06
17.4179588893 	 8.46962306227e-06
17.454020916 	 9.38799500495e-06
17.4900829427 	 6.5815038136e-06
17.5261449693 	 6.20451462429e-06
17.562206996 	 9.58023093767e-06
17.5982690227 	 1.342463633e-05
17.6343310494 	 7.78991285348e-06
17.6703930761 	 1.060406601e-05
17.7064551028 	 8.1925018504e-06
17.7425171295 	 2.66754215725e-06
17.7785791561 	 2.7703574662e-06
17.8146411828 	 1.04835231337e-05
17.8507032095 	 1.18574697103e-05
17.8867652362 	 1.3633215904e-05
17.9228272629 	 1.16263246111e-06
17.9588892896 	 9.00361653749e-06
17.9949513163 	 4.12216090648e-06
18.0310133429 	 5.127895057e-06
18.0670753696 	 8.2967234199e-06
18.1031373963 	 5.49808257269e-06
18.139199423 	 1.11226705316e-06
18.1752614497 	 1.20673625309e-05
18.2113234764 	 1.01099607299e-05
18.2473855031 	 3.76385336237e-06
18.2834475298 	 1.19400443143e-05
18.3195095564 	 5.06888772628e-06
18.3555715831 	 1.01740138099e-05
18.3916336098 	 4.4543501516e-06
18.4276956365 	 1.43403116036e-05
18.4637576632 	 7.28093510803e-06
18.4998196899 	 4.822308245e-06
18.5358817166 	 8.8808265477e-06
18.5719437432 	 9.04112391766e-06
18.6080057699 	 2.30486856382e-06
18.6440677966 	 6.44697988719e-06
18.6801298233 	 4.73087625904e-06
18.71619185 	 1.11888220277e-05
18.7522538767 	 5.8727180125e-06
18.7883159034 	 3.24719627165e-06
18.82437793 	 7.20215560249e-06
18.8604399567 	 6.10862825758e-06
18.8965019834 	 1.20444551776e-05
18.9325640101 	 4.4176100214e-06
18.9686260368 	 6.01565382146e-06
19.0046880635 	 1.53384154174e-06
19.0407500902 	 4.64551092751e-06
19.0768121168 	 7.7289233886e-06
19.1128741435 	 5.87405520971e-07
19.1489361702 	 6.25440852166e-06
19.1849981969 	 1.01982605366e-05
19.2210602236 	 4.69030724821e-06
19.2571222503 	 1.03063607705e-05
19.293184277 	 5.26469962442e-06
19.3292463036 	 3.6825678475e-06
19.3653083303 	 3.17842631964e-06
19.401370357 	 5.26019632149e-06
19.4374323837 	 7.16706903925e-06
19.4734944104 	 6.40728136496e-06
19.5095564371 	 5.05497921242e-06
19.5456184638 	 4.92593779797e-06
19.5816804904 	 8.32685557263e-06
19.6177425171 	 5.6430683738e-06
19.6538045438 	 6.49991652424e-06
19.6898665705 	 1.1424596293e-05
19.7259285972 	 7.15348766333e-06
19.7619906239 	 1.85087822123e-06
19.7980526506 	 6.30053123085e-06
19.8341146772 	 7.92814347458e-06
19.8701767039 	 9.03949086865e-06
19.9062387306 	 2.46674380311e-06
19.9423007573 	 1.32121427585e-05
19.978362784 	 9.69429632594e-06
20.0144248107 	 5.59791188141e-06
20.0504868374 	 2.01487853099e-06
20.086548864 	 6.23260114384e-06
20.1226108907 	 2.12288794642e-06
20.1586729174 	 1.28564999691e-05
20.1947349441 	 4.21006494944e-06
20.2307969708 	 4.14804213901e-06
20.2668589975 	 6.55517411122e-06
20.3029210242 	 5.05946198955e-06
20.3389830508 	 3.4849391445e-06
20.3750450775 	 5.69291841127e-06
20.4111071042 	 1.74947701259e-06
20.4471691309 	 8.65226616568e-06
20.4832311576 	 3.4844733134e-06
20.5192931843 	 2.27585899275e-06
20.555355211 	 6.99000636821e-06
20.5914172376 	 1.03937345708e-05
20.6274792643 	 9.49297957826e-06
20.663541291 	 1.29192469125e-05
20.6996033177 	 7.21884817533e-06
20.7356653444 	 8.66546741639e-06
20.7717273711 	 2.02175616073e-06
20.8077893978 	 6.03073183493e-06
20.8438514245 	 5.61583442672e-06
20.8799134511 	 3.50195046487e-06
20.9159754778 	 5.84923749898e-06
20.9520375045 	 3.10431552826e-06
20.9880995312 	 2.32749137374e-06
21.0241615579 	 9.27502338633e-06
21.0602235846 	 1.75286595197e-06
21.0962856113 	 3.88997837177e-06
21.1323476379 	 6.88672247612e-06
21.1684096646 	 1.75180609408e-05
21.2044716913 	 4.39774176155e-06
21.240533718 	 1.16895781231e-05
21.2765957447 	 5.37717385114e-06
21.3126577714 	 8.72131255258e-06
21.3487197981 	 2.5377946634e-06
21.3847818247 	 6.70190409843e-06
21.4208438514 	 4.97406434874e-06
21.4569058781 	 1.10160549655e-06
21.4929679048 	 1.29965346101e-06
21.5290299315 	 6.07385121889e-06
21.5650919582 	 4.54894454308e-06
21.6011539849 	 1.2108021512e-05
21.6372160115 	 4.57414968481e-06
21.6732780382 	 5.05084933122e-06
21.7093400649 	 3.69024422054e-06
21.7454020916 	 5.15058489652e-06
21.7814641183 	 3.38764747061e-06
21.817526145 	 3.63608419891e-06
21.8535881717 	 3.81529846202e-06
21.8896501983 	 1.73773904022e-05
21.925712225 	 6.89972063383e-06
21.9617742517 	 1.07138437907e-05
21.9978362784 	 7.4853998187e-06
22.0338983051 	 6.91614082645e-06
22.0699603318 	 6.09518011996e-06
22.1060223585 	 9.2122761341e-06
22.1420843851 	 1.19643449689e-05
22.1781464118 	 3.80569209475e-06
22.2142084385 	 7.84624840412e-06
22.2502704652 	 1.24428440752e-05
22.2863324919 	 6.30323810084e-06
22.3223945186 	 6.40747702164e-06
22.3584565453 	 7.94984067783e-06
22.3945185719 	 4.22058999909e-06
22.4305805986 	 3.81994431373e-06
22.4666426253 	 1.42366646383e-05
22.502704652 	 5.89089237649e-06
22.5387666787 	 5.22111695179e-06
22.5748287054 	 1.40283632355e-06
22.6108907321 	 2.91804229176e-06
22.6469527587 	 3.50328419524e-06
22.6830147854 	 5.43502989902e-06
22.7190768121 	 8.17454943258e-06
22.7551388388 	 1.3316453789e-05
22.7912008655 	 5.21450617267e-06
22.8272628922 	 6.28808216296e-06
22.8633249189 	 2.46487001627e-06
22.8993869455 	 1.37607371476e-06
22.9354489722 	 4.27067981288e-06
22.9715109989 	 5.69024452744e-06
23.0075730256 	 3.90034539018e-06
23.0436350523 	 1.63324680248e-06
23.079697079 	 5.20483441897e-06
23.1157591057 	 1.76898638584e-06
23.1518211323 	 1.9695183208e-06
23.187883159 	 6.62856886653e-06
23.2239451857 	 9.02843649611e-06
23.2600072124 	 1.25614158391e-05
23.2960692391 	 1.10284506003e-06
23.3321312658 	 7.80167049001e-06
23.3681932925 	 5.47147706005e-06
23.4042553191 	 9.0496088355e-06
23.4403173458 	 5.09475330476e-06
23.4763793725 	 1.10006620789e-05
23.5124413992 	 5.30569130086e-06
23.5485034259 	 4.20717856241e-06
23.5845654526 	 4.10092581437e-06
23.6206274793 	 6.20629619515e-06
23.656689506 	 2.99434275463e-06
23.6927515326 	 4.9731618909e-06
23.7288135593 	 2.27360205458e-06
23.764875586 	 4.80024682878e-06
23.8009376127 	 7.35714198696e-06
23.8369996394 	 7.99829861657e-06
23.8730616661 	 9.1037798375e-07
23.9091236928 	 6.16066772114e-06
23.9451857194 	 5.69543667219e-06
23.9812477461 	 9.87047874303e-06
24.0173097728 	 1.09097342874e-05
24.0533717995 	 1.99761032128e-06
24.0894338262 	 2.75402525234e-06
24.1254958529 	 6.48699661444e-06
24.1615578796 	 3.40002835745e-06
24.1976199062 	 8.18569684476e-06
24.2336819329 	 8.55119258048e-07
24.2697439596 	 4.73869419332e-06
24.3058059863 	 6.01298251543e-06
24.341868013 	 1.06287544216e-05
24.3779300397 	 9.12468642674e-06
24.4139920664 	 8.16391693665e-06
24.450054093 	 6.53036214606e-06
24.4861161197 	 6.95317572538e-06
24.5221781464 	 1.07416526548e-06
24.5582401731 	 9.39914975613e-07
24.5943021998 	 3.07929468828e-06
24.6303642265 	 8.94272830771e-06
24.6664262532 	 2.98585038769e-06
24.7024882798 	 4.57640066025e-06
24.7385503065 	 2.90455376665e-06
24.7746123332 	 4.38564570164e-06
24.8106743599 	 5.11676795562e-06
24.8467363866 	 2.70857346052e-06
24.8827984133 	 5.00647060146e-06
24.91886044 	 3.04232958232e-06
24.9549224666 	 7.70957775509e-06
24.9909844933 	 2.57476036571e-06
25.02704652 	 5.11675601938e-06
25.0631085467 	 1.60817142658e-06
25.0991705734 	 2.75969570875e-06
25.1352326001 	 2.04980016315e-06
25.1712946268 	 6.13613786266e-06
25.2073566534 	 7.89615199032e-06
25.2434186801 	 3.91647701924e-06
25.2794807068 	 2.48706803126e-06
25.3155427335 	 4.03356409918e-06
25.3516047602 	 3.74202891968e-06
25.3876667869 	 3.95294931802e-06
25.4237288136 	 5.98004721536e-06
25.4597908402 	 3.32367357558e-06
25.4958528669 	 5.72044232175e-06
25.5319148936 	 1.86390694566e-06
25.5679769203 	 1.18306985914e-06
25.604038947 	 2.39767297127e-06
25.6401009737 	 6.56360055408e-06
25.6761630004 	 3.807092483e-06
25.712225027 	 3.41357457532e-06
25.7482870537 	 3.41108797432e-06
25.7843490804 	 4.54985860389e-06
25.8204111071 	 2.91928217391e-06
25.8564731338 	 6.17597471625e-06
25.8925351605 	 1.46336611468e-06
25.9285971872 	 3.45072470162e-06
25.9646592138 	 2.01572136764e-06
26.0007212405 	 1.31969297787e-05
26.0367832672 	 1.93480332354e-06
26.0728452939 	 5.61315089972e-06
26.1089073206 	 3.8523651019e-06
26.1449693473 	 1.34155628771e-06
26.181031374 	 1.95085070229e-06
26.2170934006 	 1.34858686713e-06
26.2531554273 	 3.10846706156e-07
26.289217454 	 3.48744229168e-06
26.3252794807 	 3.52159836137e-06
26.3613415074 	 6.45236568468e-07
26.3974035341 	 8.06045292429e-06
26.4334655608 	 7.31529034279e-06
26.4695275875 	 1.58194520903e-06
26.5055896141 	 4.31389683503e-06
26.5416516408 	 7.73077487601e-06
26.5777136675 	 3.62309128377e-06
26.6137756942 	 8.65992041526e-06
26.6498377209 	 4.53501613011e-06
26.6858997476 	 5.75139050464e-06
26.7219617743 	 7.63934521301e-06
26.7580238009 	 4.30911931986e-06
26.7940858276 	 2.52598802173e-06
26.8301478543 	 4.25631789919e-06
26.866209881 	 5.78293019748e-06
26.9022719077 	 7.31379229641e-06
26.9383339344 	 7.43991756158e-06
26.9743959611 	 2.23075259628e-06
27.0104579877 	 2.05513965412e-06
27.0465200144 	 4.47579057814e-06
27.0825820411 	 5.82586505211e-06
27.1186440678 	 3.37771999454e-06
27.1547060945 	 3.73443233191e-06
27.1907681212 	 1.98833513949e-06
27.2268301479 	 1.96819441062e-06
27.2628921745 	 4.00303682424e-06
27.2989542012 	 2.82960501818e-06
27.3350162279 	 2.92468964982e-06
27.3710782546 	 4.76981328055e-06
27.4071402813 	 4.06341606148e-06
27.443202308 	 5.0549088569e-06
27.4792643347 	 2.8534431653e-06
27.5153263613 	 1.09821081108e-06
27.551388388 	 6.4201331966e-06
27.5874504147 	 4.96614281039e-06
27.6235124414 	 1.44701334132e-06
27.6595744681 	 5.68132409272e-06
27.6956364948 	 4.25470055202e-06
27.7316985215 	 6.06791017555e-06
27.7677605481 	 4.95499441215e-06
27.8038225748 	 2.36230630854e-06
27.8398846015 	 5.02868731132e-06
27.8759466282 	 3.12297345597e-06
27.9120086549 	 2.5506737566e-06
27.9480706816 	 4.49935972517e-06
27.9841327083 	 1.12059651952e-06
28.0201947349 	 4.74659040032e-06
28.0562567616 	 3.65786529781e-06
28.0923187883 	 1.46843596033e-06
28.128380815 	 5.75203807118e-06
28.1644428417 	 2.16021163358e-06
28.2005048684 	 2.20161799357e-06
28.2365668951 	 4.73495718957e-06
28.2726289217 	 1.25904193048e-06
28.3086909484 	 2.11303298893e-06
28.3447529751 	 1.64809303261e-06
28.3808150018 	 4.60274491012e-06
28.4168770285 	 5.13123043686e-06
28.4529390552 	 5.16753912565e-07
28.4890010819 	 7.59658324788e-06
28.5250631085 	 6.29061943668e-06
28.5611251352 	 5.23747242118e-06
28.5971871619 	 2.90064296721e-06
28.6332491886 	 3.0517314431e-06
28.6693112153 	 1.21484867945e-06
28.705373242 	 5.02257336982e-06
28.7414352687 	 5.7443595586e-06
28.7774972953 	 5.91665130277e-06
28.813559322 	 3.9478652867e-06
28.8496213487 	 2.16941973687e-06
28.8856833754 	 7.14460653615e-06
28.9217454021 	 1.13824478649e-06
28.9578074288 	 5.391058625e-06
28.9938694555 	 6.33911245353e-06
29.0299314821 	 7.93406973973e-06
29.0659935088 	 5.9135864895e-06
29.1020555355 	 4.78654578493e-06
29.1381175622 	 3.11384756443e-06
29.1741795889 	 8.77771967588e-07
29.2102416156 	 2.37683496858e-06
29.2463036423 	 3.027642295e-06
29.282365669 	 1.81267101765e-06
29.3184276956 	 4.34824741396e-06
29.3544897223 	 2.81866268327e-06
29.390551749 	 2.33832096566e-06
29.4266137757 	 3.84793846885e-06
29.4626758024 	 3.80957237574e-06
29.4987378291 	 1.26056057977e-06
29.5347998558 	 4.01460489214e-06
29.5708618824 	 7.08659042796e-06
29.6069239091 	 1.15296008603e-06
29.6429859358 	 1.66884040886e-06
29.6790479625 	 5.67790977248e-06
29.7151099892 	 3.19322238098e-06
29.7511720159 	 2.18614570106e-06
29.7872340426 	 1.83438921218e-06
29.8232960692 	 3.94306996407e-06
29.8593580959 	 2.58486572125e-06
29.8954201226 	 5.048027272e-06
29.9314821493 	 1.77940056168e-06
29.967544176 	 3.82427394613e-06
30.0036062027 	 1.61833415702e-06
30.0396682294 	 7.81898151721e-06
30.075730256 	 1.29368340893e-06
30.1117922827 	 5.33987134385e-06
30.1478543094 	 2.07242866731e-06
30.1839163361 	 1.66988846327e-06
30.2199783628 	 3.29679673023e-06
30.2560403895 	 2.50606709284e-06
30.2921024162 	 2.8917395502e-06
30.3281644428 	 3.20620081751e-06
30.3642264695 	 3.15414709962e-06
30.4002884962 	 3.77616882712e-06
30.4363505229 	 1.02077163893e-06
30.4724125496 	 2.74585506504e-06
30.5084745763 	 6.41889953833e-06
30.544536603 	 4.28656795477e-06
30.5805986296 	 3.77550818883e-06
30.6166606563 	 6.0600804293e-06
30.652722683 	 1.79561501991e-06
30.6887847097 	 3.00078572122e-06
30.7248467364 	 1.97891813819e-06
30.7609087631 	 4.96446348465e-06
30.7969707898 	 9.39989997574e-07
30.8330328164 	 4.78382416161e-06
30.8690948431 	 2.39436328542e-06
30.9051568698 	 3.78165228185e-06
30.9412188965 	 5.12925397041e-06
30.9772809232 	 1.06160067363e-06
31.0133429499 	 3.8635025499e-06
31.0494049766 	 3.38219439e-06
31.0854670032 	 3.67657237751e-06
31.1215290299 	 5.20453595802e-06
31.1575910566 	 2.4527415916e-06
31.1936530833 	 1.83278850761e-06
31.22971511 	 3.34346715991e-06
31.2657771367 	 1.44224078141e-06
31.3018391634 	 2.88857113245e-06
31.33790119 	 2.14754276634e-06
31.3739632167 	 1.36305243343e-06
31.4100252434 	 2.61905666028e-06
31.4460872701 	 2.33381552216e-06
31.4821492968 	 3.40105779469e-06
31.5182113235 	 4.49934259755e-06
31.5542733502 	 4.27300162616e-06
31.5903353768 	 1.0557800813e-06
31.6263974035 	 5.068225294e-06
31.6624594302 	 5.05631054664e-06
31.6985214569 	 7.37614792797e-07
31.7345834836 	 1.28769571828e-06
31.7706455103 	 1.68349438998e-06
31.806707537 	 2.79921120436e-06
31.8427695636 	 3.71144354593e-06
31.8788315903 	 7.25729290288e-07
31.914893617 	 3.30491725824e-06
31.9509556437 	 1.76857119136e-06
31.9870176704 	 1.40635316094e-06
32.0230796971 	 2.31024958552e-06
32.0591417238 	 3.43740696112e-06
32.0952037505 	 4.63804283074e-06
32.1312657771 	 2.80551968715e-06
32.1673278038 	 1.54029381751e-06
32.2033898305 	 2.18492774825e-06
32.2394518572 	 2.03507762563e-06
32.2755138839 	 8.32546031509e-07
32.3115759106 	 1.34801063793e-06
32.3476379373 	 4.82283190045e-06
32.3836999639 	 2.05938692201e-06
32.4197619906 	 1.09612358094e-06
32.4558240173 	 4.93105077521e-06
32.491886044 	 1.7110257971e-06
32.5279480707 	 1.81051529464e-06
32.5640100974 	 4.31132628635e-06
32.6000721241 	 1.52765933097e-06
32.6361341507 	 1.80785744887e-06
32.6721961774 	 1.98906591388e-06
32.7082582041 	 1.71454145804e-06
32.7443202308 	 2.21926822279e-06
32.7803822575 	 1.69047197221e-06
32.8164442842 	 1.52237998446e-06
32.8525063109 	 7.56828536242e-07
32.8885683375 	 1.63672559542e-06
32.9246303642 	 6.35519715665e-07
32.9606923909 	 1.7409385053e-06
32.9967544176 	 3.6575112868e-06
33.0328164443 	 1.96691630364e-06
33.068878471 	 2.49223284841e-06
33.1049404977 	 1.79090803152e-06
33.1410025243 	 1.31088380296e-06
33.177064551 	 1.65634308691e-06
33.2131265777 	 9.47667288119e-07
33.2491886044 	 1.90790890598e-06
33.2852506311 	 2.20332762774e-06
33.3213126578 	 1.08955980265e-06
33.3573746845 	 2.03881244581e-06
33.3934367111 	 9.89424855428e-07
33.4294987378 	 4.36991420145e-06
33.4655607645 	 1.99666328132e-06
33.5016227912 	 1.16616126782e-06
33.5376848179 	 9.63544573468e-07
33.5737468446 	 8.24396781021e-07
33.6098088713 	 2.58754429535e-06
33.6458708979 	 9.50589893109e-07
33.6819329246 	 4.09428680699e-06
33.7179949513 	 1.57820038309e-06
33.754056978 	 1.65236949134e-06
33.7901190047 	 3.02379311856e-06
33.8261810314 	 4.12850826218e-07
33.8622430581 	 3.10644693255e-07
33.8983050847 	 2.21251390332e-06
33.9343671114 	 1.4741360534e-06
33.9704291381 	 2.96602139397e-06
34.0064911648 	 4.94915039646e-07
34.0425531915 	 1.76180009081e-06
34.0786152182 	 1.41978547026e-06
34.1146772449 	 3.94390957076e-07
34.1507392715 	 1.60142360622e-06
34.1868012982 	 1.32605358889e-06
34.2228633249 	 1.54945037396e-06
34.2589253516 	 6.97294106437e-07
34.2949873783 	 1.79830285395e-06
34.331049405 	 1.80284436118e-06
34.3671114317 	 2.02284343357e-06
34.4031734583 	 2.70024444491e-06
34.439235485 	 2.51603360221e-06
34.4752975117 	 1.62209318323e-06
34.5113595384 	 1.33402886295e-06
34.5474215651 	 4.75160328548e-07
34.5834835918 	 1.78858327892e-06
34.6195456185 	 3.92436060197e-07
34.6556076451 	 4.3455222471e-07
34.6916696718 	 9.16322683655e-07
34.7277316985 	 1.58568344841e-06
34.7637937252 	 2.31247691592e-06
34.7998557519 	 2.74923760217e-06
34.8359177786 	 1.05995181014e-06
34.8719798053 	 1.85171851527e-06
34.908041832 	 1.58129800975e-06
34.9441038586 	 1.77659464777e-06
34.9801658853 	 2.14319023812e-06
35.016227912 	 2.13859451795e-06
35.0522899387 	 2.45596040208e-06
35.0883519654 	 2.47494619869e-06
35.1244139921 	 3.73373267355e-07
35.1604760188 	 2.15247559797e-06
35.1965380454 	 4.41154634836e-07
35.2326000721 	 1.84107184831e-06
35.2686620988 	 1.04343233683e-06
35.3047241255 	 1.52003654232e-06
35.3407861522 	 1.60456424429e-06
35.3768481789 	 2.18785821306e-06
35.4129102056 	 3.89397719488e-07
35.4489722322 	 3.30799549797e-06
35.4850342589 	 2.44801068094e-06
35.5210962856 	 1.53158286616e-06
35.5571583123 	 1.69064755644e-06
35.593220339 	 1.39383257083e-06
35.6292823657 	 1.90702713817e-06
35.6653443924 	 2.53067499833e-06
35.701406419 	 2.28851904493e-06
35.7374684457 	 1.7746300317e-06
35.7735304724 	 8.74576090126e-08
35.8095924991 	 1.79466128819e-06
35.8456545258 	 2.66241817461e-06
35.8817165525 	 7.34036879592e-07
35.9177785792 	 1.68428773191e-06
35.9538406058 	 1.33130708481e-06
35.9899026325 	 1.94084666191e-06
36.0259646592 	 2.17053617881e-06
36.0620266859 	 4.23165078277e-07
36.0980887126 	 2.56174947232e-06
36.1341507393 	 1.6212369078e-06
36.170212766 	 7.66249159378e-07
36.2062747926 	 1.61786203659e-06
36.2423368193 	 1.91933206542e-06
36.278398846 	 1.40796124007e-06
36.3144608727 	 5.62856888678e-07
36.3505228994 	 6.69408900688e-07
36.3865849261 	 1.34124773943e-06
36.4226469528 	 2.01496227046e-06
36.4587089794 	 1.63939025438e-06
36.4947710061 	 3.10116645112e-07
36.5308330328 	 1.15938733362e-06
36.5668950595 	 2.68608724647e-06
36.6029570862 	 1.28602796093e-06
36.6390191129 	 1.74215163357e-06
36.6750811396 	 1.15433154313e-06
36.7111431662 	 1.22754853604e-06
36.7472051929 	 1.97888370419e-07
36.7832672196 	 1.57474346333e-06
36.8193292463 	 1.08242054739e-06
36.855391273 	 1.08056667488e-06
36.8914532997 	 1.3549239221e-06
36.9275153264 	 6.64171242994e-07
36.963577353 	 4.47296315022e-07
36.9996393797 	 1.6202481136e-06
37.0357014064 	 3.58305720738e-07
37.0717634331 	 1.01701436016e-07
37.1078254598 	 1.42686964321e-06
37.1438874865 	 1.01073992191e-06
37.1799495132 	 5.27690932371e-07
37.2160115398 	 4.22140773449e-07
37.2520735665 	 3.92518784126e-07
37.2881355932 	 9.97330506263e-07
37.3241976199 	 1.06590536281e-06
37.3602596466 	 1.59317285301e-06
37.3963216733 	 5.02741780285e-07
37.4323837 	 1.41096644236e-06
37.4684457266 	 1.47871800759e-06
37.5045077533 	 4.69896769373e-07
37.54056978 	 1.31616462405e-06
37.5766318067 	 1.0849699445e-06
37.6126938334 	 1.22007542559e-06
37.6487558601 	 2.09172851116e-06
37.6848178868 	 1.59171012806e-07
37.7208799135 	 1.55491805121e-06
37.7569419401 	 1.5489915044e-06
37.7930039668 	 1.2106537932e-06
37.8290659935 	 1.38885436224e-06
37.8651280202 	 8.32022291792e-07
37.9011900469 	 5.99942644879e-07
37.9372520736 	 2.26054611145e-06
37.9733141003 	 1.63973607764e-06
38.0093761269 	 1.2243399363e-06
38.0454381536 	 1.48289185687e-06
38.0815001803 	 1.04499148282e-06
38.117562207 	 3.64884806683e-07
38.1536242337 	 8.08900439611e-07
38.1896862604 	 1.05015632657e-06
38.2257482871 	 1.32528765018e-06
38.2618103137 	 1.35023317073e-06
38.2978723404 	 8.29962889612e-07
38.3339343671 	 1.01214992079e-06
38.3699963938 	 1.26160671086e-06
38.4060584205 	 2.29524592376e-06
38.4421204472 	 1.17044169694e-06
38.4781824739 	 3.63574175151e-07
38.5142445005 	 3.98895243247e-07
38.5503065272 	 6.78341352558e-07
38.5863685539 	 7.48976159149e-07
38.6224305806 	 4.30003221822e-07
38.6584926073 	 8.65356489119e-07
38.694554634 	 1.12886271994e-06
38.7306166607 	 9.17603274028e-07
38.7666786873 	 8.55422790766e-07
38.802740714 	 2.15387812928e-07
38.8388027407 	 1.70159061969e-06
38.8748647674 	 1.40285658982e-06
38.9109267941 	 1.2092135644e-06
38.9469888208 	 9.93176288537e-07
38.9830508475 	 5.34221786379e-07
39.0191128741 	 1.07102080999e-06
39.0551749008 	 6.20166309896e-07
39.0912369275 	 1.60513117877e-06
39.1272989542 	 8.38594556138e-07
39.1633609809 	 1.24672669805e-06
39.1994230076 	 6.24927831838e-07
39.2354850343 	 1.22584676917e-06
39.2715470609 	 8.28230537383e-07
39.3076090876 	 8.56299128925e-07
39.3436711143 	 2.309434196e-07
39.379733141 	 1.01736862333e-06
39.4157951677 	 1.29806277465e-06
39.4518571944 	 1.19158699187e-06
39.4879192211 	 1.71394372143e-06
39.5239812477 	 1.48761673637e-06
39.5600432744 	 1.12089307099e-06
39.5961053011 	 8.0147460435e-07
39.6321673278 	 1.08342428173e-06
39.6682293545 	 7.9759102181e-07
39.7042913812 	 4.76118849544e-07
39.7403534079 	 1.01805583291e-06
39.7764154345 	 1.09494727885e-06
39.8124774612 	 1.00761197893e-06
39.8485394879 	 2.71694184542e-07
39.8846015146 	 4.86470910927e-07
39.9206635413 	 5.12963855174e-07
39.956725568 	 8.04613802765e-07
39.9927875947 	 5.27416491804e-07
40.0288496213 	 1.49708405189e-06
40.064911648 	 8.25064274724e-07
40.1009736747 	 4.23608272116e-07
40.1370357014 	 6.37839856922e-07
40.1730977281 	 3.71907722614e-07
40.2091597548 	 4.70687870922e-07
40.2452217815 	 1.17100273979e-06
40.2812838082 	 1.03489520998e-06
40.3173458348 	 1.4227496136e-06
40.3534078615 	 6.4984064524e-07
40.3894698882 	 1.35791082141e-06
40.4255319149 	 3.93497200794e-07
40.4615939416 	 1.06760898495e-06
40.4976559683 	 1.8659485545e-06
40.533717995 	 1.0933889571e-06
40.5697800216 	 1.79421804723e-06
40.6058420483 	 1.7459191377e-06
40.641904075 	 1.32529718453e-06
40.6779661017 	 8.48579675202e-07
40.7140281284 	 5.45271541426e-07
40.7500901551 	 8.96596231318e-07
40.7861521818 	 8.02711803727e-07
40.8222142084 	 2.9186188342e-07
40.8582762351 	 4.91855534853e-07
40.8943382618 	 1.18962976082e-06
40.9304002885 	 7.27671445652e-07
40.9664623152 	 6.00219069828e-07
41.0025243419 	 7.94861726062e-07
41.0385863686 	 5.28544643385e-07
41.0746483952 	 8.33954785448e-07
41.1107104219 	 6.65407827695e-07
41.1467724486 	 9.55686016425e-07
41.1828344753 	 1.31689481067e-06
41.218896502 	 1.04486057588e-06
41.2549585287 	 5.32462796649e-07
41.2910205554 	 8.99423648492e-07
41.327082582 	 4.40261857121e-07
41.3631446087 	 1.1339149715e-06
41.3992066354 	 6.15785077311e-07
41.4352686621 	 1.53707137644e-06
41.4713306888 	 1.22836699114e-06
41.5073927155 	 1.58020544974e-06
41.5434547422 	 7.87789964847e-08
41.5795167688 	 1.15181140168e-07
41.6155787955 	 6.84003424718e-07
41.6516408222 	 5.57242228399e-07
41.6877028489 	 8.51224691227e-07
41.7237648756 	 1.10445426248e-06
41.7598269023 	 1.26419652039e-06
41.795888929 	 1.15451548811e-06
41.8319509556 	 6.3000313346e-07
41.8680129823 	 1.02806973395e-06
41.904075009 	 6.40596622081e-07
41.9401370357 	 1.5371897378e-07
41.9761990624 	 4.90974117325e-07
42.0122610891 	 7.88353858568e-07
42.0483231158 	 1.2133898379e-06
42.0843851424 	 6.88439989804e-07
42.1204471691 	 9.75359162604e-08
42.1565091958 	 1.04294381143e-06
42.1925712225 	 6.02584596765e-07
42.2286332492 	 9.50636910353e-07
42.2646952759 	 8.40917536724e-07
42.3007573026 	 3.06785420435e-07
42.3368193292 	 5.92864310366e-07
42.3728813559 	 1.08471182945e-06
42.4089433826 	 4.61840298657e-07
42.4450054093 	 5.97542635174e-07
42.481067436 	 7.98696347172e-07
42.5171294627 	 6.57704783867e-07
42.5531914894 	 9.46766332316e-07
42.589253516 	 7.19452285446e-07
42.6253155427 	 6.72716691788e-07
42.6613775694 	 2.95678048592e-07
42.6974395961 	 1.055910186e-06
42.7335016228 	 5.50709152127e-07
42.7695636495 	 1.01690042598e-06
42.8056256762 	 3.77023831068e-07
42.8416877028 	 2.92776455816e-07
42.8777497295 	 1.02606474735e-06
42.9138117562 	 5.3254849454e-07
42.9498737829 	 1.92137145671e-07
42.9859358096 	 1.12293644326e-06
43.0219978363 	 1.09601700061e-06
43.058059863 	 1.8769671232e-07
43.0941218897 	 1.00009315748e-06
43.1301839163 	 7.72482943443e-07
43.166245943 	 1.14653366237e-06
43.2023079697 	 9.2004364945e-07
43.2383699964 	 2.7525919807e-07
43.2744320231 	 5.87121072441e-07
43.3104940498 	 9.87895280804e-07
43.3465560765 	 4.81814783344e-07
43.3826181031 	 8.75445637826e-07
43.4186801298 	 7.33057756029e-07
43.4547421565 	 7.54914517245e-07
43.4908041832 	 4.97448772816e-07
43.5268662099 	 4.23297170164e-07
43.5629282366 	 7.49146522387e-07
43.5989902633 	 1.00617451401e-06
43.6350522899 	 4.30403059359e-07
43.6711143166 	 5.71778035485e-07
43.7071763433 	 6.32285455982e-07
43.74323837 	 1.03780928796e-07
43.7793003967 	 4.35643087203e-07
43.8153624234 	 4.20148053079e-07
43.8514244501 	 1.38789701451e-07
43.8874864767 	 8.8052266666e-08
43.9235485034 	 4.80713405663e-07
43.9596105301 	 1.17871548261e-06
43.9956725568 	 1.90657167985e-07
44.0317345835 	 7.37593500839e-07
44.0677966102 	 1.17464428679e-06
44.1038586369 	 6.4397857529e-07
44.1399206635 	 5.16563647809e-07
44.1759826902 	 3.81049390298e-07
44.2120447169 	 1.09977454955e-06
44.2481067436 	 1.55694379638e-06
44.2841687703 	 8.14982028321e-07
44.320230797 	 8.07572003597e-07
44.3562928237 	 5.26486280341e-07
44.3923548503 	 1.58203889538e-07
44.428416877 	 2.30377497136e-07
44.4644789037 	 5.06526713583e-07
44.5005409304 	 7.53779150639e-07
44.5366029571 	 5.582355447e-07
44.5726649838 	 6.34972220015e-07
44.6087270105 	 4.62393366602e-07
44.6447890371 	 5.11064904247e-07
44.6808510638 	 2.03081095288e-07
44.7169130905 	 6.60782871624e-07
44.7529751172 	 1.78774932216e-07
44.7890371439 	 7.30789066562e-07
44.8250991706 	 1.26564562817e-06
44.8611611973 	 9.01256539642e-07
44.8972232239 	 1.01968925179e-06
44.9332852506 	 7.85986692395e-07
44.9693472773 	 4.83104044239e-07
45.005409304 	 5.69695934955e-07
45.0414713307 	 2.5101793453e-07
45.0775333574 	 4.39890122192e-07
45.1135953841 	 1.35990482885e-07
45.1496574107 	 9.30066114989e-07
45.1857194374 	 5.24857287839e-07
45.2217814641 	 1.26155032337e-06
45.2578434908 	 4.53190055871e-07
45.2939055175 	 6.00612082227e-07
45.3299675442 	 1.0166536817e-06
45.3660295709 	 8.92933129139e-07
45.4020915975 	 5.31616182755e-07
45.4381536242 	 1.71893341346e-07
45.4742156509 	 8.42382141239e-07
45.5102776776 	 9.78893250605e-07
45.5463397043 	 4.47045005358e-07
45.582401731 	 4.99275638599e-07
45.6184637577 	 6.65008687562e-07
45.6545257843 	 5.62798263371e-07
45.690587811 	 4.47968872672e-07
45.7266498377 	 2.93166546691e-07
45.7627118644 	 5.50336078971e-07
45.7987738911 	 7.57579866015e-07
45.8348359178 	 5.78545591122e-07
45.8708979445 	 6.8290838543e-07
45.9069599712 	 8.12895853744e-07
45.9430219978 	 1.17387340157e-06
45.9790840245 	 7.97568918511e-07
46.0151460512 	 5.86419654229e-07
46.0512080779 	 2.47120442395e-07
46.0872701046 	 8.23467241611e-07
46.1233321313 	 7.30119936005e-07
46.159394158 	 6.94110417653e-07
46.1954561846 	 6.57227626152e-07
46.2315182113 	 6.82018848884e-07
46.267580238 	 2.91918097404e-07
46.3036422647 	 4.32017420855e-07
46.3397042914 	 6.28020029401e-07
46.3757663181 	 2.86647625153e-07
46.4118283448 	 4.16074785481e-07
46.4478903714 	 4.98111654601e-07
46.4839523981 	 5.53699715171e-07
46.5200144248 	 6.30325978652e-08
46.5560764515 	 5.27619082126e-07
46.5921384782 	 7.62166974587e-07
46.6282005049 	 4.67241435129e-07
46.6642625316 	 2.1630914695e-07
46.7003245582 	 4.56963868868e-07
46.7363865849 	 4.2130726263e-07
46.7724486116 	 2.1172220069e-07
46.8085106383 	 2.66918671329e-07
46.844572665 	 4.26333747971e-07
46.8806346917 	 6.44091573337e-07
46.9166967184 	 6.55048111038e-07
46.952758745 	 4.2119400789e-07
46.9888207717 	 2.23200789982e-07
47.0248827984 	 6.27361333342e-07
47.0609448251 	 6.32569261362e-07
47.0970068518 	 1.86078478151e-07
47.1330688785 	 8.8637603749e-07
47.1691309052 	 5.38283670738e-07
47.2051929318 	 5.337703477e-07
47.2412549585 	 4.82754875858e-07
47.2773169852 	 4.30621093505e-07
47.3133790119 	 5.99026980667e-07
47.3494410386 	 8.36806472844e-07
47.3855030653 	 4.33283812656e-07
47.421565092 	 4.93653476449e-07
47.4576271186 	 1.19067162701e-07
47.4936891453 	 5.25130859908e-07
47.529751172 	 5.00197847415e-07
47.5658131987 	 3.42289011981e-07
47.6018752254 	 2.60703915909e-07
47.6379372521 	 7.11511713213e-07
47.6739992788 	 3.80778470308e-07
47.7100613054 	 4.85107820087e-07
47.7461233321 	 6.35414386267e-07
47.7821853588 	 2.39254420814e-07
47.8182473855 	 1.22049931563e-07
47.8543094122 	 6.65282024601e-08
47.8903714389 	 4.00308859935e-07
47.9264334656 	 6.8045008244e-07
47.9624954922 	 8.53478807076e-07
47.9985575189 	 4.2356953208e-07
48.0346195456 	 4.1876329295e-07
48.0706815723 	 5.07078624656e-07
48.106743599 	 5.2022221442e-07
48.1428056257 	 3.75278098305e-07
48.1788676524 	 2.83524532776e-07
48.214929679 	 1.98791928246e-07
48.2509917057 	 3.75939157689e-07
48.2870537324 	 4.2031183928e-07
48.3231157591 	 5.31658974915e-07
48.3591777858 	 2.20712027253e-07
48.3952398125 	 5.8378866204e-07
48.4313018392 	 2.36592003065e-07
48.4673638658 	 3.23403274046e-07
48.5034258925 	 4.40427326891e-08
48.5394879192 	 3.1450741498e-07
48.5755499459 	 2.57252871998e-07
48.6116119726 	 7.95019622286e-08
48.6476739993 	 9.37352367183e-08
48.683736026 	 1.78465423778e-07
48.7197980527 	 5.19124750068e-07
48.7558600793 	 1.94524208111e-07
48.791922106 	 5.25224517299e-07
48.8279841327 	 2.52051524698e-07
48.8640461594 	 4.61306322508e-07
48.9001081861 	 5.81372154425e-07
48.9361702128 	 3.66705476276e-07
48.9722322395 	 3.59772482469e-07
49.0082942661 	 2.099904694e-07
49.0443562928 	 8.19759562305e-07
49.0804183195 	 3.95232981188e-07
49.1164803462 	 2.54774330004e-07
49.1525423729 	 7.66246679844e-07
49.1886043996 	 2.60547927957e-07
49.2246664263 	 5.02171699913e-07
49.2607284529 	 3.83670924202e-07
49.2967904796 	 4.21518863219e-07
49.3328525063 	 3.61384340592e-07
49.368914533 	 1.38585808854e-07
49.4049765597 	 6.63524206465e-07
49.4410385864 	 1.69591783277e-07
49.4771006131 	 7.13646980612e-07
49.5131626397 	 5.83181764983e-07
49.5492246664 	 2.18489173366e-07
49.5852866931 	 3.92195482289e-07
49.6213487198 	 1.64835506547e-07
49.6574107465 	 2.91384071759e-07
49.6934727732 	 3.20183689382e-07
49.7295347999 	 4.42123596172e-08
49.7655968265 	 4.27643605399e-07
49.8016588532 	 3.18283605211e-07
49.8377208799 	 5.8160793853e-07
49.8737829066 	 4.38610301919e-07
49.9098449333 	 1.69592712175e-07
49.94590696 	 1.43498494152e-07
49.9819689867 	 5.67430654031e-07
50.0180310133 	 4.48548514768e-07
50.05409304 	 4.16942427283e-07
50.0901550667 	 2.88576777987e-07
50.1262170934 	 5.74428593323e-07
50.1622791201 	 3.01390077561e-07
50.1983411468 	 5.74301304448e-07
50.2344031735 	 2.63828959718e-07
50.2704652001 	 2.34943586408e-07
50.3065272268 	 2.27602887389e-07
50.3425892535 	 3.83906505172e-07
50.3786512802 	 2.86204566204e-07
50.4147133069 	 2.76802813608e-07
50.4507753336 	 4.9313053863e-07
50.4868373603 	 5.41618483467e-07
50.5228993869 	 1.12394361076e-07
50.5589614136 	 2.71524223162e-07
50.5950234403 	 3.35743976973e-07
50.631085467 	 8.41600121062e-07
50.6671474937 	 6.68871533264e-07
50.7032095204 	 6.34155252907e-07
50.7392715471 	 7.9547803029e-08
50.7753335737 	 5.05330083337e-07
50.8113956004 	 1.7200845832e-07
50.8474576271 	 5.61103314044e-07
50.8835196538 	 4.60768564697e-07
50.9195816805 	 2.16848752925e-07
50.9556437072 	 2.3401211188e-07
50.9917057339 	 6.36871256693e-07
51.0277677605 	 3.81440067531e-07
51.0638297872 	 9.77183071506e-08
51.0998918139 	 4.08929957068e-07
51.1359538406 	 4.24358244589e-07
51.1720158673 	 8.04629646366e-08
51.208077894 	 1.39916859624e-07
51.2441399207 	 4.24840512919e-07
51.2802019473 	 5.08024422412e-07
51.316263974 	 7.56104621722e-08
51.3523260007 	 5.93352181741e-07
51.3883880274 	 3.4052681865e-07
51.4244500541 	 9.88173239497e-08
51.4605120808 	 1.00869304432e-07
51.4965741075 	 5.54577777222e-07
51.5326361342 	 2.60759228634e-07
51.5686981608 	 3.46701114235e-07
51.6047601875 	 7.28922395948e-07
51.6408222142 	 1.50046244896e-07
51.6768842409 	 2.04297109343e-07
51.7129462676 	 4.98738684306e-07
51.7490082943 	 1.41880273243e-07
51.785070321 	 1.3510937514e-07
51.8211323476 	 6.94264407284e-08
51.8571943743 	 2.45298141707e-07
51.893256401 	 3.57627011002e-07
51.9293184277 	 5.20588884027e-07
51.9653804544 	 4.55391167544e-07
52.0014424811 	 3.99895243568e-07
52.0375045078 	 4.24330698637e-07
52.0735665344 	 6.25705117117e-08
52.1096285611 	 6.1128950584e-07
52.1456905878 	 4.02510508781e-07
52.1817526145 	 2.68796799979e-07
52.2178146412 	 3.92162542935e-07
52.2538766679 	 4.05008357664e-07
52.2899386946 	 2.45315722643e-07
52.3260007212 	 8.72759516976e-08
52.3620627479 	 5.02986926331e-07
52.3981247746 	 6.2036616652e-07
52.4341868013 	 2.40368655138e-08
52.470248828 	 3.71101879735e-07
52.5063108547 	 6.58414455575e-08
52.5423728814 	 1.48500324736e-07
52.578434908 	 2.20269966198e-07
52.6144969347 	 2.3914579888e-07
52.6505589614 	 1.79552622831e-07
52.6866209881 	 3.02076501313e-07
52.7226830148 	 8.78587859586e-07
52.7587450415 	 9.42188295168e-07
52.7948070682 	 3.97450354508e-07
52.8308690948 	 2.8623524538e-07
52.8669311215 	 1.96095722542e-07
52.9029931482 	 2.76421355216e-07
52.9390551749 	 3.30990892325e-07
52.9751172016 	 4.18388483083e-07
53.0111792283 	 2.50994595095e-07
53.047241255 	 3.27686722972e-07
53.0833032816 	 5.29200213821e-07
53.1193653083 	 2.77320716813e-07
53.155427335 	 4.98221899923e-07
53.1914893617 	 3.72377877769e-07
53.2275513884 	 2.48791764043e-07
53.2636134151 	 4.02035190956e-07
53.2996754418 	 1.27137318498e-07
53.3357374684 	 4.27006387782e-07
53.3717994951 	 5.60189692162e-07
53.4078615218 	 3.12140445813e-07
53.4439235485 	 1.00512476495e-07
53.4799855752 	 1.76113953944e-07
53.5160476019 	 3.41763645592e-07
53.5521096286 	 2.37361175375e-07
53.5881716552 	 2.19240826037e-07
53.6242336819 	 2.14679086893e-07
53.6602957086 	 1.05879815122e-07
53.6963577353 	 1.54084751438e-07
53.732419762 	 1.82578462049e-07
53.7684817887 	 2.99147880734e-07
53.8045438154 	 5.06881334306e-07
53.840605842 	 6.21274696852e-07
53.8766678687 	 6.38219808826e-07
53.9127298954 	 3.95961160343e-07
53.9487919221 	 2.22393667409e-07
53.9848539488 	 8.31848938009e-08
54.0209159755 	 4.66531057578e-07
54.0569780022 	 1.68490369187e-07
54.0930400288 	 3.27354510477e-07
54.1291020555 	 4.27937275237e-08
54.1651640822 	 2.35871640735e-07
54.2012261089 	 3.75413389576e-07
54.2372881356 	 4.81164354571e-07
54.2733501623 	 2.12625937706e-07
54.309412189 	 1.97592367753e-07
54.3454742157 	 3.64922299434e-08
54.3815362423 	 1.59233408716e-08
54.417598269 	 3.25540937619e-07
54.4536602957 	 1.15849411434e-07
54.4897223224 	 3.73674445618e-07
54.5257843491 	 7.49095981244e-07
54.5618463758 	 2.2834630378e-07
54.5979084025 	 3.34467733145e-07
54.6339704291 	 1.32187257556e-07
54.6700324558 	 2.14321446828e-07
54.7060944825 	 1.52806850992e-07
54.7421565092 	 3.14768372629e-07
54.7782185359 	 1.72565030324e-07
54.8142805626 	 1.30563258296e-07
54.8503425893 	 3.45294215844e-07
54.8864046159 	 4.99492477237e-07
54.9224666426 	 5.21069650342e-07
54.9585286693 	 4.23226747005e-07
54.994590696 	 2.95044126159e-07
55.0306527227 	 1.72653682522e-07
55.0667147494 	 2.01897561119e-07
55.1027767761 	 9.45677291684e-08
55.1388388027 	 2.66395120213e-07
55.1749008294 	 3.1110054295e-07
55.2109628561 	 4.01527275896e-07
55.2470248828 	 2.10764474752e-07
55.2830869095 	 5.06074987639e-07
55.3191489362 	 2.32564856463e-07
55.3552109629 	 3.38790521342e-07
55.3912729895 	 1.21353818024e-07
55.4273350162 	 1.82619904949e-07
55.4633970429 	 3.23204033097e-07
55.4994590696 	 2.06774631708e-07
55.5355210963 	 3.94040891351e-07
55.571583123 	 4.57622234153e-07
55.6076451497 	 3.89022665122e-07
55.6437071763 	 6.27142463185e-07
55.679769203 	 3.96127346294e-07
55.7158312297 	 2.44884617539e-07
55.7518932564 	 2.80365691053e-07
55.7879552831 	 1.30615233758e-07
55.8240173098 	 3.46941369044e-07
55.8600793365 	 1.77270269439e-07
55.8961413631 	 1.3818164168e-07
55.9322033898 	 2.9752574873e-07
55.9682654165 	 7.34408910624e-07
56.0043274432 	 4.58621870649e-07
56.0403894699 	 4.10970049733e-07
56.0764514966 	 3.5416104673e-07
56.1125135233 	 3.04319376224e-07
56.1485755499 	 1.98211140305e-07
56.1846375766 	 2.93945242003e-07
56.2206996033 	 1.62109755728e-07
56.25676163 	 1.71042886187e-07
56.2928236567 	 1.92525573901e-07
56.3288856834 	 2.88710689205e-07
56.3649477101 	 5.27336956118e-07
56.4010097367 	 3.4279296427e-07
56.4370717634 	 2.62934623277e-07
56.4731337901 	 3.04425748977e-07
56.5091958168 	 2.82971511108e-07
56.5452578435 	 1.90991111848e-07
56.5813198702 	 4.20711538931e-07
56.6173818969 	 3.35578341438e-07
56.6534439235 	 3.98743222894e-07
56.6895059502 	 2.2621252331e-07
56.7255679769 	 4.14664646632e-07
56.7616300036 	 4.66363935416e-07
56.7976920303 	 3.27022707714e-07
56.833754057 	 6.66789923048e-08
56.8698160837 	 1.87564536917e-07
56.9058781103 	 1.97038544027e-07
56.941940137 	 1.86899487602e-07
56.9780021637 	 3.27098597014e-07
57.0140641904 	 1.09522358816e-07
57.0501262171 	 3.63150104361e-07
57.0861882438 	 2.27025964393e-07
57.1222502705 	 5.09364332782e-07
57.1583122972 	 1.05074874178e-07
57.1943743238 	 5.69263427516e-08
57.2304363505 	 1.07679969399e-07
57.2664983772 	 2.29284958217e-07
57.3025604039 	 2.69210696568e-07
57.3386224306 	 2.8738147836e-07
57.3746844573 	 2.34452252234e-07
57.410746484 	 6.60739361057e-07
57.4468085106 	 3.59537410163e-07
57.4828705373 	 1.94123129196e-07
57.518932564 	 1.71144725326e-07
57.5549945907 	 1.03556778602e-07
57.5910566174 	 1.37718733843e-07
57.6271186441 	 1.15117598293e-07
57.6631806708 	 6.29164800247e-08
57.6992426974 	 3.88971793346e-07
57.7353047241 	 3.42782634665e-07
57.7713667508 	 4.33899983196e-07
57.8074287775 	 2.09475408702e-07
57.8434908042 	 2.57973590111e-07
57.8795528309 	 2.5607622018e-07
57.9156148576 	 3.20926305896e-07
57.9516768842 	 8.88995779308e-08
57.9877389109 	 8.12054000524e-08
58.0238009376 	 3.01136476704e-07
58.0598629643 	 2.64961202209e-07
58.095924991 	 2.03808510791e-07
58.1319870177 	 2.84068948524e-07
58.1680490444 	 4.66247469488e-07
58.204111071 	 2.51982024215e-07
58.2401730977 	 2.20901072465e-07
58.2762351244 	 1.82821097088e-07
58.3122971511 	 8.25027932887e-08
58.3483591778 	 3.12656756849e-07
58.3844212045 	 3.23645624407e-07
58.4204832312 	 1.71672834574e-07
58.4565452578 	 2.61432608651e-07
58.4926072845 	 1.9483576325e-07
58.5286693112 	 2.85415830703e-07
58.5647313379 	 5.56154147487e-07
58.6007933646 	 1.51094937504e-07
58.6368553913 	 2.78030386557e-07
58.672917418 	 2.59264057036e-07
58.7089794446 	 1.73364281842e-07
58.7450414713 	 1.42108345403e-07
58.781103498 	 2.96785824772e-07
58.8171655247 	 1.59429289314e-07
58.8532275514 	 2.27895070047e-07
58.8892895781 	 1.0200102099e-07
58.9253516048 	 5.10393510166e-07
58.9614136314 	 3.74267875741e-07
58.9974756581 	 5.48454728551e-07
59.0335376848 	 2.99353928511e-07
59.0695997115 	 1.99841402406e-07
59.1056617382 	 2.61664721439e-07
59.1417237649 	 1.69615340507e-07
59.1777857916 	 1.19242675904e-07
59.2138478182 	 4.30780653033e-07
59.2499098449 	 4.87946559242e-07
59.2859718716 	 4.62729383254e-07
59.3220338983 	 2.34627933815e-07
59.358095925 	 3.59392538286e-08
59.3941579517 	 1.93262474483e-07
59.4302199784 	 1.17697216189e-07
59.466282005 	 1.33934975427e-07
59.5023440317 	 4.15376846193e-07
59.5384060584 	 1.98446880216e-07
59.5744680851 	 3.32474890069e-07
59.6105301118 	 4.84155954702e-07
59.6465921385 	 2.38469580445e-07
59.6826541652 	 2.14367719981e-07
59.7187161918 	 2.02285361731e-07
59.7547782185 	 2.67386626219e-07
59.7908402452 	 1.81049381837e-07
59.8269022719 	 1.2877839601e-07
59.8629642986 	 1.9408998316e-07
59.8990263253 	 1.95032286041e-07
59.935088352 	 3.66602024085e-07
59.9711503787 	 4.55532507575e-07
60.0072124053 	 2.91601557736e-07
60.043274432 	 1.52731541345e-07
60.0793364587 	 9.27563510976e-08
60.1153984854 	 9.36621577497e-08
60.1514605121 	 1.8106003191e-07
60.1875225388 	 6.30823108873e-08
60.2235845655 	 4.12273971394e-07
60.2596465921 	 9.24943038357e-08
60.2957086188 	 3.81186080105e-07
60.3317706455 	 3.2099618477e-07
60.3678326722 	 4.13548286147e-07
60.4038946989 	 2.61088937611e-07
60.4399567256 	 9.75783750941e-08
60.4760187523 	 3.70127356303e-08
60.5120807789 	 1.59229732099e-07
60.5481428056 	 1.07820607878e-07
60.5842048323 	 1.58617603587e-07
60.620266859 	 1.98232550341e-07
60.6563288857 	 2.9973737161e-07
60.6923909124 	 1.98725282079e-07
60.7284529391 	 3.56898681049e-07
60.7645149657 	 4.05704962575e-07
60.8005769924 	 2.42239481091e-07
60.8366390191 	 1.28497243208e-07
60.8727010458 	 1.38883323888e-07
60.9087630725 	 2.10228027981e-07
60.9448250992 	 1.27414119517e-07
60.9808871259 	 2.33280412737e-07
61.0169491525 	 2.35454918178e-07
61.0530111792 	 4.00339834973e-07
61.0890732059 	 4.83748915691e-07
61.1251352326 	 3.53095779615e-07
61.1611972593 	 1.82030827891e-07
61.197259286 	 1.16520772385e-07
61.2333213127 	 6.09069977831e-08
61.2693833393 	 1.49769186674e-07
61.305445366 	 1.28260796972e-07
61.3415073927 	 2.49196125255e-07
61.3775694194 	 3.29240608623e-07
61.4136314461 	 4.00652252141e-07
61.4496934728 	 3.24124597185e-07
61.4857554995 	 1.59001668246e-07
61.5218175261 	 9.11114054618e-08
61.5578795528 	 1.03298458849e-08
61.5939415795 	 1.60399205015e-07
61.6300036062 	 6.50635531055e-08
61.6660656329 	 1.61046888556e-07
61.7021276596 	 2.30071264502e-07
61.7381896863 	 4.11206616295e-07
61.7742517129 	 3.74737956868e-07
61.8103137396 	 3.49808941125e-07
61.8463757663 	 1.7013756907e-07
61.882437793 	 1.63958599041e-07
61.9184998197 	 1.17430296468e-07
61.9545618464 	 1.8283456373e-07
61.9906238731 	 1.83665404699e-07
62.0266858997 	 3.7086707856e-07
62.0627479264 	 3.23982331331e-07
62.0988099531 	 4.15401800867e-07
62.1348719798 	 2.49365822092e-08
62.1709340065 	 3.3008943021e-07
62.2069960332 	 2.47611123779e-07
62.2430580599 	 1.50720590613e-07
62.2791200865 	 1.9783051068e-07
62.3151821132 	 1.88014456285e-07
62.3512441399 	 2.80178960086e-07
62.3873061666 	 1.65708133859e-07
62.4233681933 	 2.34849192145e-07
62.45943022 	 3.91123378448e-07
62.4954922467 	 2.8716300808e-07
62.5315542734 	 3.09973095226e-07
62.5676163 	 1.62020281563e-07
62.6036783267 	 3.11880329987e-07
62.6397403534 	 8.85869655889e-08
62.6758023801 	 6.85136769291e-08
62.7118644068 	 1.79641611807e-07
62.7479264335 	 2.30049743473e-07
62.7839884602 	 2.81321935843e-07
62.8200504868 	 2.34198091888e-07
62.8561125135 	 3.00330216655e-07
62.8921745402 	 2.51151233099e-07
62.9282365669 	 2.54521920795e-07
62.9642985936 	 1.4009448857e-07
63.0003606203 	 9.44238900135e-08
63.036422647 	 7.56026872546e-08
63.0724846736 	 1.35320684047e-07
63.1085467003 	 1.10327437716e-07
63.144608727 	 2.52345850126e-07
63.1806707537 	 2.75992342204e-07
63.2167327804 	 4.04267984102e-07
63.2527948071 	 2.8002231231e-07
63.2888568338 	 2.11541234499e-07
63.3249188604 	 5.09590959169e-08
63.3609808871 	 1.73873712009e-07
63.3970429138 	 8.69979913787e-08
63.4331049405 	 1.31757534949e-07
63.4691669672 	 2.39439540086e-07
63.5052289939 	 4.1169820895e-07
63.5412910206 	 4.46620152093e-07
63.5773530472 	 2.92377561207e-07
63.6134150739 	 2.03077659085e-07
63.6494771006 	 1.87996186172e-07
63.6855391273 	 1.92778948054e-07
63.721601154 	 1.01827928296e-07
63.7576631807 	 7.87091626566e-08
63.7937252074 	 5.75199228579e-08
63.829787234 	 1.98929391635e-07
63.8658492607 	 3.10701311914e-07
63.9019112874 	 4.22400895477e-07
63.9379733141 	 2.56715751224e-07
63.9740353408 	 3.43235574991e-07
64.0100973675 	 9.27108409077e-08
64.0461593942 	 2.40953182876e-07
64.0822214208 	 1.74262587594e-07
64.1182834475 	 1.75285975549e-07
64.1543454742 	 2.08503838449e-07
64.1904075009 	 1.21639864916e-07
64.2264695276 	 2.22300449994e-07
64.2625315543 	 2.49906200015e-07
64.298593581 	 2.8045472268e-07
64.3346556076 	 2.3124058902e-07
64.3707176343 	 2.95755337002e-07
64.406779661 	 1.90516271948e-07
64.4428416877 	 1.45339162553e-07
64.4789037144 	 2.2107635739e-07
64.5149657411 	 1.20821055253e-07
64.5510277678 	 2.04165701833e-07
64.5870897944 	 2.26450539724e-07
64.6231518211 	 3.16318831821e-07
64.6592138478 	 2.79074082102e-07
64.6952758745 	 3.16548134149e-07
64.7313379012 	 2.25208747323e-07
64.7673999279 	 2.01748826504e-07
64.8034619546 	 1.45834485208e-07
64.8395239812 	 1.67959556062e-07
64.8755860079 	 7.99183237735e-08
64.9116480346 	 1.90026125191e-07
64.9477100613 	 1.9088775554e-07
64.983772088 	 3.46337553935e-07
65.0198341147 	 3.4434404707e-07
65.0558961414 	 3.88360926375e-07
65.091958168 	 2.37668002589e-07
65.1280201947 	 1.81141211946e-07
65.1640822214 	 4.90602966846e-08
65.2001442481 	 1.19910000709e-07
65.2362062748 	 1.89810371978e-07
65.2722683015 	 1.82167996097e-07
65.3083303282 	 2.19511665687e-07
65.3443923549 	 3.45105351997e-07
65.3804543815 	 2.13918191731e-07
65.4165164082 	 3.36820800674e-07
65.4525784349 	 3.04681650385e-07
65.4886404616 	 1.01888709399e-07
65.5247024883 	 1.4684367728e-07
65.560764515 	 6.90006356557e-09
65.5968265417 	 1.03622258266e-07
65.6328885683 	 2.2139982414e-07
65.668950595 	 2.67184106175e-07
65.7050126217 	 1.92222626566e-07
65.7410746484 	 2.91813315905e-07
65.7771366751 	 2.42248391158e-07
65.8131987018 	 1.79886022965e-07
65.8492607285 	 1.28520839585e-07
65.8853227551 	 1.85993825391e-07
65.9213847818 	 3.40325548781e-08
65.9574468085 	 1.41669756637e-07
65.9935088352 	 1.59763730818e-07
66.0295708619 	 2.41016999328e-07
66.0656328886 	 3.02806923957e-07
66.1016949153 	 3.18057404448e-07
66.1377569419 	 2.42050096979e-07
66.1738189686 	 2.76466128029e-07
66.2098809953 	 1.81089978992e-07
66.245943022 	 8.52786848761e-08
66.2820050487 	 1.24084853359e-07
66.3180670754 	 6.91783167051e-08
66.3541291021 	 2.72226504769e-07
66.3901911287 	 2.48257203372e-07
66.4262531554 	 1.40906033046e-07
66.4623151821 	 1.97713636895e-07
66.4983772088 	 3.7950041906e-07
66.5344392355 	 3.08667230048e-07
66.5705012622 	 2.39391613622e-07
66.6065632889 	 5.44437282536e-08
66.6426253155 	 6.7053505344e-08
66.6786873422 	 1.50080551354e-07
66.7147493689 	 9.02324310688e-08
66.7508113956 	 2.19933752813e-07
66.7868734223 	 4.41521151996e-07
66.822935449 	 3.478790164e-07
66.8589974757 	 2.20672894562e-07
66.8950595023 	 1.87739935207e-07
66.931121529 	 2.03289158661e-07
66.9671835557 	 1.64447706036e-07
67.0032455824 	 8.91879565322e-08
67.0393076091 	 1.64086737242e-07
67.0753696358 	 1.70023280091e-07
67.1114316625 	 3.46171693864e-07
67.1474936891 	 1.8623600799e-07
67.1835557158 	 2.44165262286e-07
67.2196177425 	 2.79274575387e-07
67.2556797692 	 4.0405054173e-07
67.2917417959 	 8.92947082578e-08
67.3278038226 	 1.10807378819e-07
67.3638658493 	 5.11282842709e-08
67.3999278759 	 1.80991324745e-07
67.4359899026 	 1.35563469962e-07
67.4720519293 	 2.08855924032e-07
67.508113956 	 3.3742909603e-07
67.5441759827 	 3.29311124041e-07
67.5802380094 	 2.97341112208e-07
67.6163000361 	 1.36545146206e-07
67.6523620627 	 1.56967511461e-07
67.6884240894 	 1.09616109387e-07
67.7244861161 	 1.00891909883e-07
67.7605481428 	 1.25296006389e-07
67.7966101695 	 1.26723384611e-07
67.8326721962 	 2.38851025526e-07
67.8687342229 	 3.2334509261e-07
67.9047962495 	 3.20134868067e-07
67.9408582762 	 2.94165045714e-07
67.9769203029 	 1.63652608894e-07
68.0129823296 	 2.11566865807e-07
68.0490443563 	 1.20874475549e-07
68.085106383 	 1.04570431263e-07
68.1211684097 	 9.1645986936e-08
68.1572304364 	 3.09051957752e-07
68.193292463 	 1.9521514105e-07
68.2293544897 	 1.71729939917e-07
68.2654165164 	 1.48291158114e-07
68.3014785431 	 2.76959334408e-07
68.3375405698 	 2.79947052518e-07
68.3736025965 	 2.71300080142e-07
68.4096646232 	 1.46850936259e-07
68.4457266498 	 1.333821816e-07
68.4817886765 	 1.77789478464e-07
68.5178507032 	 1.64889078547e-07
68.5539127299 	 1.73525200231e-07
68.5899747566 	 1.40469135178e-07
68.6260367833 	 3.69740725181e-07
68.66209881 	 3.1374294694e-07
68.6981608366 	 2.48905723164e-07
68.7342228633 	 2.00223810598e-07
68.77028489 	 1.84483961121e-07
68.8063469167 	 5.8374832602e-08
68.8424089434 	 6.80891933212e-08
68.8784709701 	 1.55880657209e-07
68.9145329968 	 2.46210820348e-07
68.9505950234 	 3.12583152742e-07
68.9866570501 	 2.13579688589e-07
69.0227190768 	 3.3721428861e-07
69.0587811035 	 2.61679746697e-07
69.0948431302 	 2.01397775509e-07
69.1309051569 	 1.05581625921e-07
69.1669671836 	 1.13571264976e-07
69.2030292102 	 1.53588112709e-08
69.2390912369 	 2.16627442539e-07
69.2751532636 	 2.9593350568e-07
69.3112152903 	 3.40753004874e-07
69.347277317 	 2.65691876441e-07
69.3833393437 	 2.56224199079e-07
69.4194013704 	 1.62697787971e-07
69.455463397 	 2.08580846002e-07
69.4915254237 	 1.5618701239e-07
69.5275874504 	 8.41675265717e-08
69.5636494771 	 1.13582255889e-07
69.5997115038 	 1.54209343532e-07
69.6357735305 	 2.06316052156e-07
69.6718355572 	 3.19854918953e-07
69.7078975838 	 2.03643218301e-07
69.7439596105 	 1.98697539306e-07
69.7800216372 	 3.05591705254e-07
69.8160836639 	 2.28516486391e-07
69.8521456906 	 2.51126450466e-08
69.8882077173 	 1.14289913949e-07
69.924269744 	 4.21329819583e-08
69.9603317706 	 1.58279102977e-07
69.9963937973 	 2.50626214984e-07
70.032455824 	 2.7438696899e-07
70.0685178507 	 3.29059925571e-07
70.1045798774 	 2.00445897998e-07
70.1406419041 	 2.18125223875e-07
70.1767039308 	 1.72381771956e-07
70.2127659574 	 1.58073297591e-07
70.2488279841 	 2.57349794344e-08
70.2848900108 	 1.40308480508e-07
70.3209520375 	 1.38566026986e-07
70.3570140642 	 2.10754845367e-07
70.3930760909 	 2.64563474444e-07
70.4291381176 	 3.16537598611e-07
70.4652001442 	 1.96792822721e-07
70.5012621709 	 2.44211979813e-07
70.5373241976 	 1.91668656146e-07
70.5733862243 	 4.64610389826e-08
70.609448251 	 7.24791122598e-08
70.6455102777 	 3.34137420476e-08
70.6815723044 	 1.92756613382e-07
70.717634331 	 1.61871336721e-07
70.7536963577 	 2.63851821317e-07
70.7897583844 	 2.60706737729e-07
70.8258204111 	 2.73341247716e-07
70.8618824378 	 2.26601699856e-07
70.8979444645 	 2.13067923616e-07
70.9340064912 	 1.4703054667e-07
70.9700685179 	 1.1232895903e-07
71.0061305445 	 9.29231376659e-08
71.0421925712 	 1.45935319303e-07
71.0782545979 	 2.44580437591e-07
71.1143166246 	 3.04703301202e-07
71.1503786513 	 3.12864280056e-07
71.186440678 	 1.85675139249e-07
71.2225027047 	 1.80149829442e-07
71.2585647313 	 1.78042879749e-07
71.294626758 	 1.80091992087e-07
71.3306887847 	 2.38806169823e-08
71.3667508114 	 5.08881462221e-08
71.4028128381 	 1.57056114146e-07
71.4388748648 	 2.12462602702e-07
71.4749368915 	 2.93035791358e-07
71.5109989181 	 2.74484136784e-07
71.5470609448 	 3.38520226382e-07
71.5831229715 	 2.52041282391e-07
71.6191849982 	 1.76164638317e-07
71.6552470249 	 1.97822045e-08
71.6913090516 	 8.98759354775e-08
71.7273710783 	 1.71694860907e-07
71.7634331049 	 1.61784272877e-07
71.7994951316 	 2.15281244851e-07
71.8355571583 	 2.18535261296e-07
71.871619185 	 3.19298892849e-07
71.9076812117 	 3.1932443498e-07
71.9437432384 	 1.93279530347e-07
71.9798052651 	 1.0941521034e-07
72.0158672917 	 1.3587141042e-07
72.0519293184 	 4.80998737288e-08
72.0879913451 	 8.48806991453e-08
72.1240533718 	 1.50191395927e-07
72.1601153985 	 1.80472397905e-07
72.1961774252 	 3.40215396761e-07
72.2322394519 	 2.40292296737e-07
72.2683014785 	 2.4763648688e-07
72.3043635052 	 2.63657960161e-07
72.3404255319 	 1.76484445864e-07
72.3764875586 	 1.19625846777e-07
72.4125495853 	 7.4029138356e-08
72.448611612 	 9.93076034824e-08
72.4846736387 	 2.03399141609e-07
72.5207356653 	 1.78084487621e-07
72.556797692 	 2.90289199569e-07
72.5928597187 	 1.94588568097e-07
72.6289217454 	 2.89364269574e-07
72.6649837721 	 2.52531377758e-07
72.7010457988 	 2.05586243008e-07
72.7371078255 	 1.40743534606e-07
72.7731698521 	 2.50126603635e-08
72.8092318788 	 1.87469631282e-07
72.8452939055 	 1.37325519109e-07
72.8813559322 	 1.66279102731e-07
72.9174179589 	 2.4957367882e-07
72.9534799856 	 3.11129871817e-07
72.9895420123 	 2.2897070845e-07
73.0256040389 	 2.51950649377e-07
73.0616660656 	 1.92960153597e-07
73.0977280923 	 1.20139987032e-07
73.133790119 	 5.68300020553e-08
73.1698521457 	 2.98171219775e-08
73.2059141724 	 7.24945356955e-08
73.2419761991 	 2.39702743677e-07
73.2780382257 	 2.24042505856e-07
73.3141002524 	 2.73526879606e-07
73.3501622791 	 2.90224079731e-07
73.3862243058 	 2.03411211373e-07
73.4222863325 	 2.24653071719e-07
73.4583483592 	 1.28417812782e-07
73.4944103859 	 8.24911843267e-08
73.5304724125 	 8.64405167334e-08
73.5665344392 	 1.64029222024e-07
73.6025964659 	 2.19431951199e-07
73.6386584926 	 2.06868489993e-07
73.6747205193 	 3.18701874875e-07
73.710782546 	 2.58662941752e-07
73.7468445727 	 2.19871783729e-07
73.7829065994 	 1.95835128912e-07
73.818968626 	 1.46730347594e-07
73.8550306527 	 7.01278969909e-08
73.8910926794 	 8.23672917711e-08
73.9271547061 	 1.8368403337e-07
73.9632167328 	 2.02136732281e-07
73.9992787595 	 2.61831229306e-07
74.0353407862 	 2.47585166505e-07
74.0714028128 	 3.10977196185e-07
74.1074648395 	 1.94782057956e-07
74.1435268662 	 1.93882526428e-07
74.1795888929 	 3.62881393599e-08
74.2156509196 	 9.22792526986e-08
74.2517129463 	 6.69000642331e-08
74.287774973 	 1.24470512704e-07
74.3238369996 	 1.77325898474e-07
74.3598990263 	 1.4789768034e-07
74.395961053 	 3.27618722367e-07
74.4320230797 	 3.13888495256e-07
74.4680851064 	 2.27208878462e-07
74.5041471331 	 2.06745644731e-07
74.5402091598 	 7.33400276456e-08
74.5762711864 	 5.42960547076e-08
74.6123332131 	 5.34498341179e-08
74.6483952398 	 1.26870435964e-07
74.6844572665 	 1.71960290901e-07
74.7205192932 	 2.24156143981e-07
74.7565813199 	 3.00244977911e-07
74.7926433466 	 2.79123188199e-07
74.8287053732 	 2.31068749024e-07
74.8647673999 	 2.26995974408e-07
74.9008294266 	 3.05106391155e-08
74.9368914533 	 9.42984790928e-09
74.97295348 	 5.77248245042e-08
75.0090155067 	 1.1534270838e-07
75.0450775334 	 1.881971262e-07
75.08113956 	 3.08793333675e-07
75.1172015867 	 2.80232639103e-07
75.1532636134 	 3.00053199217e-07
75.1893256401 	 2.67360367472e-07
75.2253876668 	 1.45043194314e-07
75.2614496935 	 9.77690818793e-08
75.2975117202 	 5.50237660942e-08
75.3335737468 	 1.01646194388e-07
75.3696357735 	 1.94395051414e-07
75.4056978002 	 1.77268612755e-07
75.4417598269 	 2.84678195126e-07
75.4778218536 	 2.47728193435e-07
75.5138838803 	 1.89069518376e-07
75.549945907 	 2.30295541237e-07
75.5860079336 	 2.09857606582e-07
75.6220699603 	 1.18949107797e-07
75.658131987 	 7.29949622859e-08
75.6941940137 	 6.84972491518e-08
75.7302560404 	 9.77341833787e-08
75.7663180671 	 1.92351394767e-07
75.8023800938 	 2.61878030132e-07
75.8384421204 	 2.24044576579e-07
75.8745041471 	 2.55978536153e-07
75.9105661738 	 2.70194208852e-07
75.9466282005 	 1.75144353221e-07
75.9826902272 	 8.89296891741e-08
76.0187522539 	 7.94094421024e-08
76.0548142806 	 7.68041444403e-08
76.0908763072 	 1.25479395387e-07
76.1269383339 	 1.92518364342e-07
76.1630003606 	 1.91712490988e-07
76.1990623873 	 2.8145048432e-07
76.235124414 	 3.05996605025e-07
76.2711864407 	 2.04614994667e-07
76.3072484674 	 1.97024854721e-07
76.343310494 	 1.41687424772e-07
76.3793725207 	 7.05786888231e-08
76.4154345474 	 2.96720802834e-08
76.4514965741 	 9.82416838385e-08
76.4875586008 	 2.3365673156e-07
76.5236206275 	 2.79825115855e-07
76.5596826542 	 2.40774991563e-07
76.5957446809 	 2.20449269807e-07
76.6318067075 	 2.07259874169e-07
76.6678687342 	 2.09723174032e-07
76.7039307609 	 1.57419482982e-07
76.7399927876 	 9.08255205459e-08
76.7760548143 	 6.92894612021e-08
76.812116841 	 1.60680801395e-07
76.8481788677 	 2.50527705834e-07
76.8842408943 	 2.06470746951e-07
76.920302921 	 2.53106735819e-07
76.9563649477 	 2.93868331171e-07
76.9924269744 	 2.6660070911e-07
77.0284890011 	 1.46363717954e-07
77.0645510278 	 1.45928977132e-07
77.1006130545 	 9.64150780998e-08
77.1366750811 	 8.55628229654e-08
77.1727371078 	 1.14541877261e-07
77.2087991345 	 1.5835566624e-07
77.2448611612 	 2.5887235954e-07
77.2809231879 	 2.72697838588e-07
77.3169852146 	 2.51918211005e-07
77.3530472413 	 2.28759526466e-07
77.3891092679 	 2.58612898587e-07
77.4251712946 	 9.48596181496e-08
77.4612333213 	 6.50413683704e-08
77.497295348 	 7.01742333067e-08
77.5333573747 	 1.31001303316e-07
77.5694194014 	 2.12507999207e-07
77.6054814281 	 2.38708105037e-07
77.6415434547 	 2.7711308001e-07
77.6776054814 	 2.75132395318e-07
77.7136675081 	 2.09144103895e-07
77.7497295348 	 1.77536460458e-07
77.7857915615 	 8.50100513787e-08
77.8218535882 	 9.23959304732e-08
77.8579156149 	 7.27022367992e-08
77.8939776415 	 1.19593816453e-07
77.9300396682 	 1.80645144703e-07
77.9661016949 	 2.72026001983e-07
78.0021637216 	 2.31366090446e-07
78.0382257483 	 2.58742323384e-07
78.074287775 	 2.19171912689e-07
78.1103498017 	 1.58942830078e-07
78.1464118283 	 1.41406068458e-07
78.182473855 	 6.36704888601e-08
78.2185358817 	 4.51577338572e-08
78.2545979084 	 8.84646139225e-08
78.2906599351 	 1.93844947066e-07
78.3267219618 	 2.84417075852e-07
78.3627839885 	 2.41823327519e-07
78.3988460151 	 2.04659763045e-07
78.4349080418 	 2.82268050881e-07
78.4709700685 	 1.45736625885e-07
78.5070320952 	 1.00337968948e-07
78.5430941219 	 1.17045301772e-07
78.5791561486 	 7.36760924324e-08
78.6152181753 	 1.14624121997e-07
78.6512802019 	 1.57446945001e-07
78.6873422286 	 2.3981349312e-07
78.7234042553 	 2.54942346401e-07
78.759466282 	 2.98213791354e-07
78.7955283087 	 2.43439776058e-07
78.8315903354 	 2.1800237975e-07
78.8676523621 	 1.13924171398e-07
78.9037143887 	 7.88854237911e-08
78.9397764154 	 8.34963183885e-08
78.9758384421 	 1.24163383747e-07
79.0119004688 	 1.30787096564e-07
79.0479624955 	 2.63508312299e-07
79.0840245222 	 2.7400499501e-07
79.1200865489 	 2.38417375215e-07
79.1561485755 	 2.25036374987e-07
79.1922106022 	 2.47654440065e-07
79.2282726289 	 1.23187673829e-07
79.2643346556 	 6.36907001724e-08
79.3003966823 	 6.70002345595e-08
79.336458709 	 9.77244185711e-08
79.3725207357 	 2.23306281442e-07
79.4085827624 	 2.55869716914e-07
79.444644789 	 2.68468483001e-07
79.4807068157 	 2.8682628318e-07
79.5167688424 	 2.07002783603e-07
79.5528308691 	 1.77595338212e-07
79.5888928958 	 1.70475747843e-07
79.6249549225 	 6.53045604207e-08
79.6610169492 	 9.38161943398e-08
79.6970789758 	 1.27301559189e-07
79.7331410025 	 2.27703558237e-07
79.7692030292 	 2.12925381875e-07
79.8052650559 	 2.54324685487e-07
79.8413270826 	 2.47042739173e-07
79.8773891093 	 1.96104062832e-07
79.913451136 	 2.5278119677e-07
79.9495131626 	 1.69313910094e-07
79.9855751893 	 1.62504754899e-08
80.021637216 	 2.5143193113e-08
80.0576992427 	 1.39373397018e-07
80.0937612694 	 2.38973683725e-07
80.1298232961 	 2.49719822434e-07
80.1658853228 	 2.15524274219e-07
80.2019473494 	 2.39599848229e-07
80.2380093761 	 2.36948427306e-07
80.2740714028 	 1.56468478519e-07
80.3101334295 	 8.18067436395e-08
80.3461954562 	 1.11158922778e-07
80.3822574829 	 5.64913941321e-08
80.4183195096 	 1.63697022334e-07
80.4543815362 	 1.48674352637e-07
80.4904435629 	 1.92918356734e-07
80.5265055896 	 2.60015028013e-07
80.5625676163 	 2.59932244073e-07
80.598629643 	 1.73232382387e-07
80.6346916697 	 2.22296988332e-07
80.6707536964 	 1.45332730442e-07
80.706815723 	 9.35098376744e-08
80.7428777497 	 1.49895501522e-08
80.7789397764 	 1.08586104955e-07
80.8150018031 	 1.71863695601e-07
80.8510638298 	 2.26770205679e-07
80.8871258565 	 2.66779369157e-07
80.9231878832 	 2.08747947776e-07
80.9592499098 	 2.60304082273e-07
80.9953119365 	 2.43305208537e-07
81.0313739632 	 1.27232212272e-07
81.0674359899 	 7.67348851514e-08
81.1034980166 	 6.79014112157e-08
81.1395600433 	 1.35273323045e-07
81.17562207 	 1.52488098253e-07
81.2116840966 	 2.11989401474e-07
81.2477461233 	 2.65330145732e-07
81.28380815 	 2.71582567957e-07
81.3198701767 	 2.70548902576e-07
81.3559322034 	 1.72423680985e-07
81.3919942301 	 1.2967305217e-07
81.4280562568 	 7.07985024254e-08
81.4641182834 	 4.31761521754e-08
81.5001803101 	 9.22547028046e-08
81.5362423368 	 1.46907112101e-07
81.5723043635 	 2.50638939307e-07
81.6083663902 	 2.69682681483e-07
81.6444284169 	 2.71405988245e-07
81.6804904436 	 2.46362733768e-07
81.7165524702 	 2.16280068003e-07
81.7526144969 	 1.21035502666e-07
81.7886765236 	 6.02723376682e-08
81.8247385503 	 4.74953416433e-08
81.860800577 	 1.6276824261e-07
81.8968626037 	 1.5250804413e-07
81.9329246304 	 2.38626628056e-07
81.9689866571 	 2.49301329094e-07
82.0050486837 	 2.59408282176e-07
82.0411107104 	 2.23694869798e-07
82.0771727371 	 1.67307860935e-07
82.1132347638 	 1.20004008512e-07
82.1492967905 	 1.15370760976e-07
82.1853588172 	 3.21748658061e-08
82.2214208439 	 1.37498224748e-07
82.2574828705 	 1.62055680435e-07
82.2935448972 	 1.84914052633e-07
82.3296069239 	 2.55669411431e-07
82.3656689506 	 2.70440727862e-07
82.4017309773 	 2.65946908945e-07
82.437793004 	 1.99957013005e-07
82.4738550307 	 1.30738865808e-07
82.5099170573 	 4.50609917229e-08
82.545979084 	 5.05099665312e-08
82.5820411107 	 9.25975570061e-08
82.6181031374 	 1.55615747772e-07
82.6541651641 	 2.25787449881e-07
82.6902271908 	 2.42650018586e-07
82.7262892175 	 2.6091041204e-07
82.7623512441 	 2.36849183357e-07
82.7984132708 	 2.0114521136e-07
82.8344752975 	 1.12013836548e-07
82.8705373242 	 6.15293211615e-08
82.9065993509 	 4.90539307308e-08
82.9426613776 	 1.32233224359e-07
82.9787234043 	 1.68313552087e-07
83.0147854309 	 1.93567283367e-07
83.0508474576 	 2.0690019335e-07
83.0869094843 	 2.80128819961e-07
83.122971511 	 2.89328434819e-07
83.1590335377 	 2.00199910073e-07
83.1950955644 	 1.44456931827e-07
83.2311575911 	 4.14449842799e-08
83.2672196177 	 3.20890577091e-08
83.3032816444 	 8.31449249827e-08
83.3393436711 	 1.63027168096e-07
83.3754056978 	 2.79793676225e-07
83.4114677245 	 2.52104391469e-07
83.4475297512 	 2.39149664093e-07
83.4835917779 	 2.05907279969e-07
83.5196538045 	 2.34153722315e-07
83.5557158312 	 1.40557791787e-07
83.5917778579 	 6.94279240049e-08
83.6278398846 	 3.97553845643e-09
83.6639019113 	 1.1071016988e-07
83.699963938 	 1.75839651212e-07
83.7360259647 	 2.1928103677e-07
83.7720879913 	 2.31870533024e-07
83.808150018 	 2.72837611367e-07
83.8442120447 	 2.36975163487e-07
83.8802740714 	 1.81156085489e-07
83.9163360981 	 1.54750561632e-07
83.9523981248 	 8.25094717831e-08
83.9884601515 	 4.48634030401e-08
84.0245221781 	 1.11187563113e-07
84.0605842048 	 1.69200524091e-07
84.0966462315 	 2.48792889824e-07
84.1327082582 	 2.45586051808e-07
84.1687702849 	 2.22153323104e-07
84.2048323116 	 2.21437456184e-07
84.2408943383 	 2.27084326961e-07
84.2769563649 	 1.82163691159e-07
84.3130183916 	 1.41010687802e-08
84.3490804183 	 3.24000257434e-08
84.385142445 	 1.07229976765e-07
84.4212044717 	 1.43128354367e-07
84.4572664984 	 2.06222571029e-07
84.4933285251 	 2.24050907523e-07
84.5293905517 	 2.73188356128e-07
84.5654525784 	 2.56445685881e-07
84.6015146051 	 1.69633646747e-07
84.6375766318 	 1.18661256403e-07
84.6736386585 	 1.01944660632e-07
84.7097006852 	 4.8992823948e-08
84.7457627119 	 9.34962945433e-08
84.7818247386 	 1.72327714399e-07
84.8178867652 	 2.10374219927e-07
84.8539487919 	 2.75233427006e-07
84.8900108186 	 2.38355611024e-07
84.9260728453 	 2.36413755588e-07
84.962134872 	 1.90644601478e-07
84.9981968987 	 1.49323255058e-07
85.0342589254 	 6.03441221065e-08
85.070320952 	 2.37346563748e-08
85.1063829787 	 9.22662604704e-08
85.1424450054 	 1.49402524298e-07
85.1785070321 	 1.88274887963e-07
85.2145690588 	 2.64183665265e-07
85.2506310855 	 2.59332172723e-07
85.2866931122 	 2.44821792517e-07
85.3227551388 	 2.112845765e-07
85.3588171655 	 1.15065512488e-07
85.3948791922 	 7.68206645168e-08
85.4309412189 	 6.08180717844e-08
85.4670032456 	 9.69722065409e-08
85.5030652723 	 1.79722011391e-07
85.539127299 	 1.87729256996e-07
85.5751893256 	 2.50858825059e-07
85.6112513523 	 2.77921340482e-07
85.647313379 	 2.41425929293e-07
85.6833754057 	 2.02265149955e-07
85.7194374324 	 1.32115067488e-07
85.7554994591 	 8.11255805877e-08
85.7915614858 	 6.25603421688e-08
85.8276235124 	 8.08066467353e-08
85.8636855391 	 1.19156862604e-07
85.8997475658 	 2.08358573915e-07
85.9358095925 	 2.4996344916e-07
85.9718716192 	 2.57117487525e-07
86.0079336459 	 2.3196683865e-07
86.0439956726 	 2.15968828676e-07
86.0800576992 	 1.59132780721e-07
86.1161197259 	 5.34025758279e-08
86.1521817526 	 1.33939627081e-08
86.1882437793 	 8.87802869621e-08
86.224305806 	 1.69328164565e-07
86.2603678327 	 2.09754174851e-07
86.2964298594 	 2.05104524586e-07
86.332491886 	 2.94430950985e-07
86.3685539127 	 2.48660144987e-07
86.4046159394 	 1.78443762566e-07
86.4406779661 	 9.40721109259e-08
86.4767399928 	 1.05704242732e-07
86.5128020195 	 6.27142517615e-08
86.5488640462 	 5.36549421968e-08
86.5849260728 	 1.60726697517e-07
86.6209880995 	 1.94662904911e-07
86.6570501262 	 2.59508331696e-07
86.6931121529 	 2.68441682988e-07
86.7291741796 	 2.27577773224e-07
86.7652362063 	 2.18665871109e-07
86.801298233 	 1.44228263404e-07
86.8373602596 	 6.0493941882e-08
86.8734222863 	 3.56327349907e-08
86.909484313 	 8.2470240828e-08
86.9455463397 	 1.69436427861e-07
86.9816083664 	 2.05678296509e-07
87.0176703931 	 2.61079848759e-07
87.0537324198 	 2.37513484813e-07
87.0897944464 	 2.47871005463e-07
87.1258564731 	 1.81558343974e-07
87.1619184998 	 1.50224123554e-07
87.1979805265 	 7.87980979097e-08
87.2340425532 	 3.47369089911e-08
87.2701045799 	 1.07695299541e-07
87.3061666066 	 1.59292484832e-07
87.3422286332 	 2.12356749272e-07
87.3782906599 	 2.35037046902e-07
87.4143526866 	 2.71804819199e-07
87.4504147133 	 2.07765521459e-07
87.48647674 	 1.92370466448e-07
87.5225387667 	 1.6573457042e-07
87.5586007934 	 9.7035206992e-08
87.5946628201 	 3.38918617014e-08
87.6307248467 	 6.86306823389e-08
87.6667868734 	 1.41232483517e-07
87.7028489001 	 2.32076688264e-07
87.7389109268 	 2.56768827735e-07
87.7749729535 	 2.22680740036e-07
87.8110349802 	 2.17002160231e-07
87.8470970069 	 1.99238437818e-07
87.8831590335 	 1.41499668662e-07
87.9192210602 	 1.1831929835e-07
87.9552830869 	 1.98723188456e-08
87.9913451136 	 7.00430855841e-08
88.0274071403 	 1.64318221009e-07
88.063469167 	 1.96682592482e-07
88.0995311937 	 2.44755741086e-07
88.1355932203 	 2.39224505387e-07
88.171655247 	 2.522730355e-07
88.2077172737 	 1.75302089976e-07
88.2437793004 	 1.47484698421e-07
88.2798413271 	 1.22875103069e-07
88.3159033538 	 3.61033472334e-08
88.3519653805 	 8.48573776021e-08
88.3880274071 	 1.77629713804e-07
88.4240894338 	 2.07751279015e-07
88.4601514605 	 2.36354844948e-07
88.4962134872 	 2.36440941609e-07
88.5322755139 	 2.08143798523e-07
88.5683375406 	 2.02652290107e-07
88.6043995673 	 1.51100994583e-07
88.6404615939 	 1.0679714385e-07
88.6765236206 	 3.17529649099e-08
88.7125856473 	 6.83855756719e-08
88.748647674 	 1.68919770849e-07
88.7847097007 	 2.07032448718e-07
88.8207717274 	 2.20311032041e-07
88.8568337541 	 2.44220561335e-07
88.8928957807 	 2.4439444652e-07
88.9289578074 	 2.03106888599e-07
88.9650198341 	 1.62564095339e-07
89.0010818608 	 1.04400571113e-07
89.0371438875 	 2.34266424628e-08
89.0732059142 	 9.51712813793e-08
89.1092679409 	 1.32267606053e-07
89.1453299675 	 2.40116990921e-07
89.1813919942 	 2.15307238815e-07
89.2174540209 	 2.65185632621e-07
89.2535160476 	 2.33584341524e-07
89.2895780743 	 2.20505349043e-07
89.325640101 	 1.40082864384e-07
89.3617021277 	 8.18481397606e-08
89.3977641543 	 4.33075980224e-08
89.433826181 	 3.93967153413e-08
89.4698882077 	 1.43682517195e-07
89.5059502344 	 2.08587492905e-07
89.5420122611 	 2.57084124246e-07
89.5780742878 	 2.62842070941e-07
89.6141363145 	 2.17975663978e-07
89.6501983411 	 2.21865273046e-07
89.6862603678 	 1.70023237805e-07
89.7223223945 	 4.95386559725e-08
89.7583844212 	 3.00271320235e-08
89.7944464479 	 7.49324786477e-08
89.8305084746 	 1.63667652299e-07
89.8665705013 	 2.19264882304e-07
89.9026325279 	 2.31292175444e-07
89.9386945546 	 2.50868991104e-07
89.9747565813 	 2.11349448531e-07
90.010818608 	 1.84584935667e-07
90.0468806347 	 1.55826536755e-07
90.0829426614 	 9.83434668511e-08
90.1190046881 	 3.59451247002e-08
90.1550667147 	 6.751811055e-08
90.1911287414 	 1.43719542529e-07
90.2271907681 	 2.07885232597e-07
90.2632527948 	 2.35180633636e-07
90.2993148215 	 2.44858580375e-07
90.3353768482 	 2.22890418016e-07
90.3714388749 	 2.15598049298e-07
90.4075009016 	 1.5370750535e-07
90.4435629282 	 9.47630131182e-08
90.4796249549 	 2.08703519441e-08
90.5156869816 	 9.39442701601e-08
90.5517490083 	 1.616995505e-07
90.587811035 	 1.91331187128e-07
90.6238730617 	 1.98124146161e-07
90.6599350884 	 2.27021938384e-07
90.695997115 	 2.78339923967e-07
90.7320591417 	 2.13476818586e-07
90.7681211684 	 1.37923172699e-07
90.8041831951 	 1.01964367825e-07
90.8402452218 	 2.5714720231e-08
90.8763072485 	 8.09532387027e-08
90.9123692752 	 1.5293651022e-07
90.9484313018 	 1.79947422195e-07
90.9844933285 	 2.2592403465e-07
91.0205553552 	 2.63551992833e-07
91.0566173819 	 2.2450980815e-07
91.0926794086 	 1.94127999926e-07
91.1287414353 	 1.61613188582e-07
91.164803462 	 1.16803240219e-07
91.2008654886 	 2.66564037195e-08
91.2369275153 	 8.35826388436e-08
91.272989542 	 1.64247729137e-07
91.3090515687 	 1.99550916722e-07
91.3451135954 	 2.32827667801e-07
91.3811756221 	 2.28507491865e-07
91.4172376488 	 2.27945043671e-07
91.4532996754 	 2.21946026143e-07
91.4893617021 	 1.44940931276e-07
91.5254237288 	 1.13181136427e-07
91.5614857555 	 4.68854435211e-08
91.5975477822 	 8.72716618273e-08
91.6336098089 	 1.3899914939e-07
91.6696718356 	 1.83154680531e-07
91.7057338622 	 2.44724822686e-07
91.7417958889 	 2.44566159707e-07
91.7778579156 	 2.49190945032e-07
91.8139199423 	 2.18122598983e-07
91.849981969 	 1.6657606047e-07
91.8860439957 	 9.53217685575e-08
91.9221060224 	 4.12261042228e-08
91.958168049 	 7.50909642854e-08
91.9942300757 	 1.29791669427e-07
92.0302921024 	 1.95463194671e-07
92.0663541291 	 2.46557977451e-07
92.1024161558 	 2.49254268695e-07
92.1384781825 	 2.580827669e-07
92.1745402092 	 2.11201933583e-07
92.2106022358 	 1.34287844009e-07
92.2466642625 	 8.87270903257e-08
92.2827262892 	 2.52425791808e-08
92.3187883159 	 7.79690394663e-08
92.3548503426 	 1.48395124744e-07
92.3909123693 	 1.98462407853e-07
92.426974396 	 2.23301215013e-07
92.4630364226 	 2.39713471163e-07
92.4990984493 	 2.28327267323e-07
92.535160476 	 1.90198435883e-07
92.5712225027 	 1.48876381057e-07
92.6072845294 	 9.44959435377e-08
92.6433465561 	 2.4031061477e-08
92.6794085828 	 6.32170088318e-08
92.7154706094 	 1.15358335752e-07
92.7515326361 	 1.73845092044e-07
92.7875946628 	 2.22055186901e-07
92.8236566895 	 2.63796753552e-07
92.8597187162 	 2.40856474763e-07
92.8957807429 	 2.06691015738e-07
92.9318427696 	 1.59802509835e-07
92.9679047962 	 7.0701923074e-08
93.0039668229 	 5.90491766191e-08
93.0400288496 	 6.77763451405e-08
93.0760908763 	 1.28560159387e-07
93.112152903 	 1.82523311826e-07
93.1482149297 	 2.23691548842e-07
93.1842769564 	 2.48313378456e-07
93.2203389831 	 2.37524416117e-07
93.2564010097 	 2.18224082219e-07
93.2924630364 	 1.70341206785e-07
93.3285250631 	 1.11767216315e-07
93.3645870898 	 3.1492339844e-08
93.4006491165 	 7.74719561958e-08
93.4367111432 	 1.41919807954e-07
93.4727731699 	 1.68201917312e-07
93.5088351965 	 2.29057776487e-07
93.5448972232 	 2.71552617172e-07
93.5809592499 	 2.47554781688e-07
93.6170212766 	 2.05419376002e-07
93.6530833033 	 1.5841402025e-07
93.68914533 	 1.01803189913e-07
93.7252073567 	 3.38135576382e-08
93.7612693833 	 4.37491906816e-08
93.79733141 	 1.18755113981e-07
93.8333934367 	 1.80688783675e-07
93.8694554634 	 2.39527906986e-07
93.9055174901 	 2.62176717764e-07
93.9415795168 	 2.49080074559e-07
93.9776415435 	 2.0656467141e-07
94.0137035701 	 1.24231085735e-07
94.0497655968 	 1.03551632417e-07
94.0858276235 	 3.77778016827e-08
94.1218896502 	 6.32552597514e-08
94.1579516769 	 1.28811133947e-07
94.1940137036 	 2.01429060768e-07
94.2300757303 	 2.17714058633e-07
94.2661377569 	 2.45544437273e-07
94.3021997836 	 2.33578821339e-07
94.3382618103 	 2.22002683434e-07
94.374323837 	 1.5471041459e-07
94.4103858637 	 1.09531414922e-07
94.4464478904 	 2.2713629723e-08
94.4825099171 	 4.13681945571e-08
94.5185719437 	 1.49242702533e-07
94.5546339704 	 1.98189222926e-07
94.5906959971 	 2.14210661244e-07
94.6267580238 	 2.32749431386e-07
94.6628200505 	 2.48202517499e-07
94.6988820772 	 2.20049985131e-07
94.7349441039 	 1.47043451e-07
94.7710061305 	 8.649450236e-08
94.8070681572 	 6.01244480173e-08
94.8431301839 	 7.42578284138e-08
94.8791922106 	 1.33892229816e-07
94.9152542373 	 1.90606319407e-07
94.951316264 	 2.00166640828e-07
94.9873782907 	 2.42336390237e-07
95.0234403173 	 2.36827391527e-07
95.059502344 	 2.25540058536e-07
95.0955643707 	 1.55865690813e-07
95.1316263974 	 9.66134688024e-08
95.1676884241 	 5.86609188261e-08
95.2037504508 	 4.98232098791e-08
95.2398124775 	 1.2448833552e-07
95.2758745041 	 1.97510835963e-07
95.3119365308 	 2.35591414316e-07
95.3479985575 	 2.45989547039e-07
95.3840605842 	 2.11804584593e-07
95.4201226109 	 2.15332283444e-07
95.4561846376 	 1.72925156026e-07
95.4922466643 	 9.76203291754e-08
95.5283086909 	 4.01968575351e-08
95.5643707176 	 4.69349011462e-08
95.6004327443 	 1.17903252782e-07
95.636494771 	 1.94971604666e-07
95.6725567977 	 2.4233510132e-07
95.7086188244 	 2.54793196578e-07
95.7446808511 	 2.35588219207e-07
95.7807428777 	 1.97271269507e-07
95.8168049044 	 1.53386074486e-07
95.8528669311 	 9.66619962263e-08
95.8889289578 	 5.52893968682e-08
95.9249909845 	 3.99787305568e-08
95.9610530112 	 1.35235057174e-07
95.9971150379 	 2.03505584497e-07
96.0331770646 	 2.13583952217e-07
96.0692390912 	 2.43646276071e-07
96.1053011179 	 2.36163403095e-07
96.1413631446 	 1.91371725333e-07
96.1774251713 	 1.8243135235e-07
96.213487198 	 1.18558573383e-07
96.2495492247 	 3.81654773609e-08
96.2856112514 	 5.4651045172e-08
96.321673278 	 1.49404138794e-07
96.3577353047 	 1.80150121413e-07
96.3937973314 	 2.08619133673e-07
96.4298593581 	 2.31357778172e-07
96.4659213848 	 2.38955531139e-07
96.5019834115 	 2.41390124148e-07
96.5380454382 	 1.64615370618e-07
96.5741074648 	 1.03680464283e-07
96.6101694915 	 3.47777018253e-08
96.6462315182 	 7.49867443693e-08
96.6822935449 	 1.19732064743e-07
96.7183555716 	 1.75364967946e-07
96.7544175983 	 2.13422616092e-07
96.790479625 	 2.26662741357e-07
96.8265416516 	 2.58327569953e-07
96.8626036783 	 2.10807895991e-07
96.898665705 	 1.69528768969e-07
96.9347277317 	 1.12883483046e-07
96.9707897584 	 4.13601152549e-08
97.0068517851 	 5.70155054351e-08
97.0429138118 	 1.36869539003e-07
97.0789758384 	 1.77553245305e-07
97.1150378651 	 2.33864802719e-07
97.1510998918 	 2.57504237146e-07
97.1871619185 	 2.23307941035e-07
97.2232239452 	 2.20880037746e-07
97.2592859719 	 1.79929794343e-07
97.2953479986 	 1.01034035349e-07
97.3314100252 	 3.29749018887e-08
97.3674720519 	 6.19855712362e-08
97.4035340786 	 1.38076324049e-07
97.4395961053 	 1.76018297665e-07
97.475658132 	 2.16757281053e-07
97.5117201587 	 2.3056640108e-07
97.5477821854 	 2.34630307798e-07
97.583844212 	 2.16291554797e-07
97.6199062387 	 1.59865436615e-07
97.6559682654 	 1.20499019832e-07
97.6920302921 	 4.89591152339e-08
97.7280923188 	 5.65063368914e-08
97.7641543455 	 1.15621889282e-07
97.8002163722 	 1.81052120059e-07
97.8362783988 	 2.26049511032e-07
97.8723404255 	 2.44914254122e-07
97.9084024522 	 2.43060778756e-07
97.9444644789 	 2.20723909195e-07
97.9805265056 	 1.59540998099e-07
98.0165885323 	 1.15917673902e-07
98.052650559 	 3.68776193743e-08
98.0887125856 	 3.59199392743e-08
98.1247746123 	 1.13871645936e-07
98.160836639 	 1.94382257361e-07
98.1968986657 	 2.27358443568e-07
98.2329606924 	 2.29862945074e-07
98.2690227191 	 2.60365750878e-07
98.3050847458 	 2.34467188554e-07
98.3411467724 	 1.51880464218e-07
98.3772087991 	 9.04776440374e-08
98.4132708258 	 3.61148635675e-08
98.4493328525 	 6.75497258525e-08
98.4853948792 	 1.15574546148e-07
98.5214569059 	 1.60107831168e-07
98.5575189326 	 2.10439054247e-07
98.5935809592 	 2.23966587132e-07
98.6296429859 	 2.31788433262e-07
98.6657050126 	 2.25593217239e-07
98.7017670393 	 1.88514063856e-07
98.737829066 	 1.10850532553e-07
98.7738910927 	 4.17615182719e-08
98.8099531194 	 4.27091302357e-08
98.8460151461 	 1.28383547418e-07
98.8820771727 	 1.63215825563e-07
98.9181391994 	 2.08868909498e-07
98.9542012261 	 2.57821501609e-07
98.9902632528 	 2.329383403e-07
99.0263252795 	 2.29388837593e-07
99.0623873062 	 1.73761171127e-07
99.0984493329 	 1.01452236505e-07
99.1345113595 	 4.42905462779e-08
99.1705733862 	 3.30940047119e-08
99.2066354129 	 9.98381813788e-08
99.2426974396 	 1.69502829522e-07
99.2787594663 	 2.57393189169e-07
99.314821493 	 2.40935678619e-07
99.3508835197 	 2.41648878174e-07
99.3869455463 	 2.1734737065e-07
99.423007573 	 1.67746840797e-07
99.4590695997 	 1.11777047592e-07
99.4951316264 	 3.91871444264e-08
99.5311936531 	 5.47404037645e-08
99.5672556798 	 1.09116137816e-07
99.6033177065 	 1.89530523628e-07
99.6393797331 	 2.28371123835e-07
99.6754417598 	 2.48098962948e-07
99.7115037865 	 2.39282786216e-07
99.7475658132 	 1.98092018786e-07
99.7836278399 	 1.5179134905e-07
99.8196898666 	 1.11658777405e-07
99.8557518933 	 5.76656380716e-08
99.8918139199 	 4.93862989146e-08
99.9278759466 	 1.1845900458e-07
99.9639379733 	 1.85596652042e-07
100.0 	 2.27773549344e-07
