0.0 	 4.5724437801e-09
0.047258979206 	 4.59813487178e-08
0.0945179584121 	 6.15069260421e-07
0.141776937618 	 2.33617811646e-07
0.189035916824 	 8.58668357059e-07
0.23629489603 	 2.5938171637e-06
0.283553875236 	 2.66308270233e-06
0.330812854442 	 1.4047424947e-05
0.378071833648 	 2.65994434727e-05
0.425330812854 	 1.55303144946e-05
0.47258979206 	 1.57266610209e-05
0.519848771267 	 4.52306629074e-05
0.567107750473 	 1.23192913536e-05
0.614366729679 	 1.54454197723e-05
0.661625708885 	 3.29191772333e-05
0.708884688091 	 4.31308267351e-05
0.756143667297 	 6.1482380827e-05
0.803402646503 	 5.69100270637e-05
0.850661625709 	 4.72461166585e-05
0.897920604915 	 6.41992328911e-05
0.945179584121 	 2.10989472241e-05
0.992438563327 	 4.17528136772e-05
1.03969754253 	 2.77572705485e-05
1.08695652174 	 6.46793753526e-05
1.13421550095 	 3.35214005517e-05
1.18147448015 	 3.10580143444e-05
1.22873345936 	 8.65172700472e-06
1.27599243856 	 4.11959041702e-06
1.32325141777 	 3.45645065635e-05
1.37051039698 	 1.79059280644e-05
1.41776937618 	 1.94401088259e-05
1.46502835539 	 2.97390369492e-05
1.51228733459 	 8.20271886618e-06
1.5595463138 	 2.69738064673e-05
1.60680529301 	 5.60773615512e-06
1.65406427221 	 5.57448072983e-05
1.70132325142 	 3.24045231075e-05
1.74858223062 	 1.88514961883e-05
1.79584120983 	 2.42038914215e-05
1.84310018904 	 1.99181187496e-05
1.89035916824 	 3.92320394412e-05
1.93761814745 	 5.12185848101e-05
1.98487712665 	 2.37965358565e-05
2.03213610586 	 3.63675197085e-05
2.07939508507 	 3.81811344167e-05
2.12665406427 	 1.15268397006e-05
2.17391304348 	 5.06558134886e-06
2.22117202268 	 2.81958125058e-05
2.26843100189 	 2.70043559455e-05
2.3156899811 	 3.41812892411e-05
2.3629489603 	 5.45078495108e-05
2.41020793951 	 3.14837843431e-05
2.45746691871 	 5.62140402168e-05
2.50472589792 	 3.65293449143e-05
2.55198487713 	 5.46540302401e-05
2.59924385633 	 5.48937777259e-05
2.64650283554 	 6.37848049204e-05
2.69376181474 	 5.1446262626e-05
2.74102079395 	 6.78721064515e-05
2.78827977316 	 5.84246512104e-05
2.83553875236 	 5.04127670526e-05
2.88279773157 	 3.94609788438e-05
2.93005671078 	 3.0855165454e-05
2.97731568998 	 3.69972878967e-05
3.02457466919 	 3.09732691184e-05
3.07183364839 	 4.00309579183e-05
3.1190926276 	 3.7756503348e-05
3.16635160681 	 6.25235598495e-05
3.21361058601 	 4.95085714819e-05
3.26086956522 	 6.01927655183e-05
3.30812854442 	 4.92301564039e-05
3.35538752363 	 6.7354340168e-05
3.40264650284 	 6.95773191312e-05
3.44990548204 	 6.91164834989e-05
3.49716446125 	 7.81037937322e-05
3.54442344045 	 4.01474538917e-05
3.59168241966 	 5.0428484666e-05
3.63894139887 	 4.63618580685e-05
3.68620037807 	 4.64926570938e-05
3.73345935728 	 4.2146891281e-05
3.78071833648 	 2.14752298756e-05
3.82797731569 	 3.245417543e-05
3.8752362949 	 4.10506897278e-05
3.9224952741 	 2.44047915861e-05
3.96975425331 	 3.64350437149e-05
4.01701323251 	 4.23070662161e-05
4.06427221172 	 3.42330115325e-05
4.11153119093 	 3.7674975844e-05
4.15879017013 	 3.27651280011e-05
4.20604914934 	 2.69922978597e-05
4.25330812854 	 2.67222875195e-05
4.30056710775 	 5.25256105149e-05
4.34782608696 	 6.36211392575e-05
4.39508506616 	 5.86789901912e-05
4.44234404537 	 9.59812142508e-05
4.48960302457 	 8.81738867907e-05
4.53686200378 	 9.40553211939e-05
4.58412098299 	 0.000102723193702
4.63137996219 	 9.41160915359e-05
4.6786389414 	 9.78428042599e-05
4.7258979206 	 9.45485574275e-05
4.77315689981 	 7.42789919782e-05
4.82041587902 	 6.85427867905e-05
4.86767485822 	 7.3822842071e-05
4.91493383743 	 6.57445039814e-05
4.96219281664 	 6.98282517449e-05
5.00945179584 	 4.85819175048e-05
5.05671077505 	 2.94772135996e-05
5.10396975425 	 2.61819979973e-05
5.15122873346 	 4.26134534947e-05
5.19848771267 	 4.78078444376e-05
5.24574669187 	 2.97906659489e-05
5.29300567108 	 2.72981456047e-05
5.34026465028 	 3.20251871523e-05
5.38752362949 	 2.18706046781e-05
5.4347826087 	 1.86896963807e-05
5.4820415879 	 2.7364379925e-05
5.52930056711 	 5.05378422277e-05
5.57655954631 	 5.90283016362e-05
5.62381852552 	 5.14340430538e-05
5.67107750473 	 7.26508658532e-05
5.71833648393 	 0.000114146710715
5.76559546314 	 9.64204152224e-05
5.81285444234 	 9.15628647516e-05
5.86011342155 	 9.13495021044e-05
5.90737240076 	 9.08313311896e-05
5.95463137996 	 9.97990642955e-05
6.00189035917 	 9.31549164784e-05
6.04914933837 	 6.97926154404e-05
6.09640831758 	 8.06296462769e-05
6.14366729679 	 5.19465133792e-05
6.19092627599 	 4.69675229784e-05
6.2381852552 	 7.00046099445e-05
6.2854442344 	 9.4705683729e-05
6.33270321361 	 8.14621375142e-05
6.37996219282 	 7.59788064931e-05
6.42722117202 	 8.72337169299e-05
6.47448015123 	 7.35839358476e-05
6.52173913043 	 7.04610320732e-05
6.56899810964 	 8.07437681097e-05
6.61625708885 	 6.60699254334e-05
6.66351606805 	 5.94056073115e-05
6.71077504726 	 5.67789589643e-05
6.75803402647 	 5.69100015131e-05
6.80529300567 	 8.61890286432e-05
6.85255198488 	 9.82277598269e-05
6.89981096408 	 0.000109702306621
6.94706994329 	 0.000110380542654
6.9943289225 	 0.000110361719385
7.0415879017 	 0.000114988052008
7.08884688091 	 9.64523528905e-05
7.13610586011 	 8.13229941114e-05
7.18336483932 	 0.00011090982964
7.23062381853 	 0.000111240778837
7.27788279773 	 0.000106856395769
7.32514177694 	 0.000110975342937
7.37240075614 	 0.000111021472995
7.41965973535 	 0.000124656909969
7.46691871456 	 0.000138341142892
7.51417769376 	 0.00012669908898
7.56143667297 	 0.000128839656976
7.60869565217 	 0.000145471470068
7.65595463138 	 0.000142537152442
7.70321361059 	 0.00011908678878
7.75047258979 	 0.000114626731263
7.797731569 	 9.9493755915e-05
7.8449905482 	 8.58571419822e-05
7.89224952741 	 7.68896849673e-05
7.93950850662 	 9.59976036579e-05
7.98676748582 	 0.000101503506129
8.03402646503 	 8.80756900859e-05
8.08128544423 	 7.74176745425e-05
8.12854442344 	 8.65961958409e-05
8.17580340265 	 9.94802469243e-05
8.22306238185 	 8.78498124619e-05
8.27032136106 	 9.54673416444e-05
8.31758034026 	 7.77748942772e-05
8.36483931947 	 0.000116632056848
8.41209829868 	 0.000124250365537
8.45935727788 	 0.000133833902952
8.50661625709 	 0.000133816245665
8.55387523629 	 0.000142329047357
8.6011342155 	 0.000128831459006
8.64839319471 	 0.000127563249056
8.69565217391 	 0.000135309325472
8.74291115312 	 0.000145191077645
8.79017013233 	 0.000132307381257
8.83742911153 	 0.000125670967789
8.88468809074 	 0.000112538502922
8.93194706994 	 0.000114556498924
8.97920604915 	 0.000109957760956
9.02646502836 	 0.000143555543381
9.07372400756 	 0.000145252412943
9.12098298677 	 0.000116843059358
9.16824196597 	 0.000100842506004
9.21550094518 	 9.30016674725e-05
9.26275992439 	 9.49686021619e-05
9.31001890359 	 0.00011157423889
9.3572778828 	 0.00011602231296
9.404536862 	 0.000111521347063
9.45179584121 	 9.58841357736e-05
9.49905482042 	 7.65933646873e-05
9.54631379962 	 7.27781355345e-05
9.59357277883 	 7.83359516757e-05
9.64083175803 	 8.49430892229e-05
9.68809073724 	 9.14225335677e-05
9.73534971645 	 7.80813436477e-05
9.78260869565 	 7.49105392437e-05
9.82986767486 	 7.96611637095e-05
9.87712665406 	 6.81341294141e-05
9.92438563327 	 7.89508210736e-05
9.97164461248 	 9.08586230088e-05
10.0189035917 	 8.17596120721e-05
10.0661625709 	 8.333800776e-05
10.1134215501 	 9.26923795627e-05
10.1606805293 	 0.000119563978174
10.2079395085 	 0.000142470008427
10.2551984877 	 0.0001476004596
10.3024574669 	 0.00013928706938
10.3497164461 	 0.000127024961733
10.3969754253 	 0.000113985765018
10.4442344045 	 8.34254772278e-05
10.4914933837 	 6.77740652284e-05
10.5387523629 	 9.29127485087e-05
10.5860113422 	 0.000119283309226
10.6332703214 	 0.00013985398368
10.6805293006 	 0.000152300978483
10.7277882798 	 0.000181347455949
10.775047259 	 0.000176233667538
10.8223062382 	 0.00016822121987
10.8695652174 	 0.000179035048595
10.9168241966 	 0.000194542039856
10.9640831758 	 0.000215591436415
11.011342155 	 0.000246028122239
11.0586011342 	 0.000266503971448
11.1058601134 	 0.000282572233656
11.1531190926 	 0.000304089787146
11.2003780718 	 0.000314254416759
11.247637051 	 0.000303862764881
11.2948960302 	 0.000304954287271
11.3421550095 	 0.00029688249621
11.3894139887 	 0.000290203534187
11.4366729679 	 0.000284776604393
11.4839319471 	 0.000266642314373
11.5311909263 	 0.00025150257406
11.5784499055 	 0.000237094190958
11.6257088847 	 0.000209829942241
11.6729678639 	 0.000194995929856
11.7202268431 	 0.00018695768748
11.7674858223 	 0.000171544440042
11.8147448015 	 0.000158202105875
11.8620037807 	 0.000138540809779
11.9092627599 	 0.000113469681347
11.9565217391 	 8.93857249422e-05
12.0037807183 	 8.3154607519e-05
12.0510396975 	 0.000115885354988
12.0982986767 	 0.00014374156161
12.145557656 	 0.000163855819741
12.1928166352 	 0.00017567957912
12.2400756144 	 0.000179185509938
12.2873345936 	 0.000204778839808
12.3345935728 	 0.000216137063662
12.381852552 	 0.00020137610407
12.4291115312 	 0.000193546273476
12.4763705104 	 0.000187232202139
12.5236294896 	 0.000170832034641
12.5708884688 	 0.000170395165095
12.618147448 	 0.000165250043413
12.6654064272 	 0.000163301323552
12.7126654064 	 0.000176844781687
12.7599243856 	 0.000179574132455
12.8071833648 	 0.000193303918296
12.854442344 	 0.000239535495969
12.9017013233 	 0.000275602880172
12.9489603025 	 0.000297145649088
12.9962192817 	 0.000295966640008
13.0434782609 	 0.000286890006292
13.0907372401 	 0.00027452322094
13.1379962193 	 0.000257308007668
13.1852551985 	 0.000249101331862
13.2325141777 	 0.000269237914486
13.2797731569 	 0.000293249584546
13.3270321361 	 0.000301944267139
13.3742911153 	 0.000298737185226
13.4215500945 	 0.000294877579844
13.4688090737 	 0.000281583159114
13.5160680529 	 0.000272766402291
13.5633270321 	 0.000262496021796
13.6105860113 	 0.000268455062291
13.6578449905 	 0.000278955007142
13.7051039698 	 0.000271829926305
13.752362949 	 0.000251204980278
13.7996219282 	 0.000251363126882
13.8468809074 	 0.000255256181319
13.8941398866 	 0.000234374529444
13.9413988658 	 0.000213996357727
13.988657845 	 0.000193502419848
14.0359168242 	 0.000179447192711
14.0831758034 	 0.000180997678776
14.1304347826 	 0.000174003995912
14.1776937618 	 0.000163595558137
14.224952741 	 0.000147571159589
14.2722117202 	 0.000131751777153
14.3194706994 	 0.000123978116513
14.3667296786 	 0.00012403952364
14.4139886578 	 0.00014264457543
14.4612476371 	 0.000167338985052
14.5085066163 	 0.000176703553172
14.5557655955 	 0.000180993077435
14.6030245747 	 0.000186882263634
14.6502835539 	 0.000195334606212
14.6975425331 	 0.000199222028298
14.7448015123 	 0.000206154220175
14.7920604915 	 0.00020364097445
14.8393194707 	 0.000216845712726
14.8865784499 	 0.000234008545614
14.9338374291 	 0.000247011639602
14.9810964083 	 0.000256888702442
15.0283553875 	 0.000254894022482
15.0756143667 	 0.000243105159559
15.1228733459 	 0.000229831707585
15.1701323251 	 0.000223860288875
15.2173913043 	 0.000236466452461
15.2646502836 	 0.000255212335977
15.3119092628 	 0.000259251062887
15.359168242 	 0.000248023817406
15.4064272212 	 0.000241671324806
15.4536862004 	 0.000236277866974
15.5009451796 	 0.000230719235368
15.5482041588 	 0.000223301524628
15.595463138 	 0.00021835992577
15.6427221172 	 0.00023171526224
15.6899810964 	 0.000237295804166
15.7372400756 	 0.000239818225586
15.7844990548 	 0.000251370597081
15.831758034 	 0.000248964941111
15.8790170132 	 0.000236553172934
15.9262759924 	 0.000235200953145
15.9735349716 	 0.000238311130317
16.0207939509 	 0.000232687350593
16.0680529301 	 0.000227254554556
16.1153119093 	 0.00021940683972
16.1625708885 	 0.000203035430009
16.2098298677 	 0.000200034932189
16.2570888469 	 0.000207935844067
16.3043478261 	 0.000211504196648
16.3516068053 	 0.000203655625694
16.3988657845 	 0.000198724463292
16.4461247637 	 0.000202671184802
16.4933837429 	 0.000188543235082
16.5406427221 	 0.000184904634708
16.5879017013 	 0.000186036187131
16.6351606805 	 0.000178319450427
16.6824196597 	 0.000171952704612
16.7296786389 	 0.000175150616067
16.7769376181 	 0.000182594528308
16.8241965974 	 0.000187208029558
16.8714555766 	 0.000179967896267
16.9187145558 	 0.00015978401017
16.965973535 	 0.000131957494229
17.0132325142 	 0.000102748619936
17.0604914934 	 9.00321175887e-05
17.1077504726 	 8.05875234554e-05
17.1550094518 	 7.68164781024e-05
17.202268431 	 8.9635128462e-05
17.2495274102 	 9.07296401436e-05
17.2967863894 	 8.92647963002e-05
17.3440453686 	 8.24317931735e-05
17.3913043478 	 6.8142832949e-05
17.438563327 	 5.46464058614e-05
17.4858223062 	 4.62554071561e-05
17.5330812854 	 3.36440001995e-05
17.5803402647 	 2.79201557086e-05
17.6275992439 	 1.96901035479e-05
17.6748582231 	 1.97192096715e-05
17.7221172023 	 1.52597092087e-05
17.7693761815 	 1.47396228004e-05
17.8166351607 	 9.51715175412e-06
17.8638941399 	 1.40839153282e-05
17.9111531191 	 2.40321215318e-05
17.9584120983 	 4.88493141538e-05
18.0056710775 	 6.17997161988e-05
18.0529300567 	 6.98892990072e-05
18.1001890359 	 7.38862859185e-05
18.1474480151 	 8.12841552248e-05
18.1947069943 	 9.54026319081e-05
18.2419659735 	 0.000103607371962
18.2892249527 	 0.000106683010968
18.3364839319 	 0.000111371818827
18.3837429112 	 0.000112379021898
18.4310018904 	 0.000119432689197
18.4782608696 	 0.000121078998344
18.5255198488 	 0.000121153968856
18.572778828 	 0.000121618322471
18.6200378072 	 0.000123931838783
18.6672967864 	 0.000129482290723
18.7145557656 	 0.00013748885176
18.7618147448 	 0.000139646910571
18.809073724 	 0.000148093817325
18.8563327032 	 0.000145726938753
18.9035916824 	 0.000135097972549
18.9508506616 	 0.00012938463015
18.9981096408 	 0.000117913685113
19.04536862 	 0.000106890426768
19.0926275992 	 0.000107192030451
19.1398865784 	 0.000100840511555
19.1871455577 	 9.66698929504e-05
19.2344045369 	 8.80540680032e-05
19.2816635161 	 7.23380454625e-05
19.3289224953 	 5.17420149807e-05
19.3761814745 	 3.91628239358e-05
19.4234404537 	 3.92846898076e-05
19.4706994329 	 4.42081036854e-05
19.5179584121 	 4.26823260807e-05
19.5652173913 	 3.70925568888e-05
19.6124763705 	 2.52784605823e-05
19.6597353497 	 1.67948265435e-05
19.7069943289 	 1.45162682165e-05
19.7542533081 	 1.54774294724e-05
19.8015122873 	 1.87691295391e-05
19.8487712665 	 1.75289839166e-05
19.8960302457 	 1.38337382185e-05
19.943289225 	 2.2743560677e-05
19.9905482042 	 2.92350447511e-05
20.0378071834 	 3.67996911664e-05
20.0850661626 	 5.66606375748e-05
20.1323251418 	 6.38748908356e-05
20.179584121 	 6.31315504726e-05
20.2268431002 	 5.85607928202e-05
20.2741020794 	 6.26737531259e-05
20.3213610586 	 6.67944446709e-05
20.3686200378 	 7.10254226854e-05
20.415879017 	 7.61356166985e-05
20.4631379962 	 9.65262239546e-05
20.5103969754 	 0.000100241199167
20.5576559546 	 9.62379306736e-05
20.6049149338 	 0.000101285229976
20.652173913 	 9.99467316035e-05
20.6994328922 	 8.96633032549e-05
20.7466918715 	 8.97572264503e-05
20.7939508507 	 8.97494917351e-05
20.8412098299 	 9.02036039957e-05
20.8884688091 	 9.30282334953e-05
20.9357277883 	 9.74188977699e-05
20.9829867675 	 9.90322585048e-05
21.0302457467 	 9.96126121428e-05
21.0775047259 	 0.000100477026879
21.1247637051 	 9.7617324379e-05
21.1720226843 	 8.56373755548e-05
21.2192816635 	 7.73902672323e-05
21.2665406427 	 7.49704166741e-05
21.3137996219 	 7.51945378498e-05
21.3610586011 	 7.6372121444e-05
21.4083175803 	 7.39767589025e-05
21.4555765595 	 7.19086931894e-05
21.5028355388 	 7.86594182914e-05
21.550094518 	 7.59774786673e-05
21.5973534972 	 7.60910939007e-05
21.6446124764 	 7.36128740884e-05
21.6918714556 	 6.38761933584e-05
21.7391304348 	 6.20761453333e-05
21.786389414 	 6.52314500393e-05
21.8336483932 	 7.1955892542e-05
21.8809073724 	 7.58956255557e-05
21.9281663516 	 7.69959123339e-05
21.9754253308 	 6.82206942891e-05
22.02268431 	 6.57655856915e-05
22.0699432892 	 6.58536089743e-05
22.1172022684 	 6.99075002208e-05
22.1644612476 	 7.55980446803e-05
22.2117202268 	 8.04342639019e-05
22.258979206 	 8.36633928425e-05
22.3062381853 	 8.4996405285e-05
22.3534971645 	 8.44736552243e-05
22.4007561437 	 8.65951544371e-05
22.4480151229 	 8.45543794791e-05
22.4952741021 	 7.96746392075e-05
22.5425330813 	 7.19296946833e-05
22.5897920605 	 6.46163382677e-05
22.6370510397 	 6.46022141258e-05
22.6843100189 	 6.96973928082e-05
22.7315689981 	 6.78755497421e-05
22.7788279773 	 7.20002567167e-05
22.8260869565 	 7.49121524338e-05
22.8733459357 	 7.48408131771e-05
22.9206049149 	 7.4285819401e-05
22.9678638941 	 7.42074037071e-05
23.0151228733 	 7.53403396762e-05
23.0623818526 	 8.0638708495e-05
23.1096408318 	 8.51333670629e-05
23.156899811 	 9.10800028908e-05
23.2041587902 	 9.65554820264e-05
23.2514177694 	 9.79058259398e-05
23.2986767486 	 0.000102797471727
23.3459357278 	 0.00010469112115
23.393194707 	 0.000104796595302
23.4404536862 	 0.000111253020908
23.4877126654 	 0.000112699965396
23.5349716446 	 0.000107431315012
23.5822306238 	 0.000102697714289
23.629489603 	 9.54722003124e-05
23.6767485822 	 8.58869774872e-05
23.7240075614 	 7.62679083846e-05
23.7712665406 	 6.81408791114e-05
23.8185255198 	 5.8081532895e-05
23.8657844991 	 5.60193929102e-05
23.9130434783 	 5.64733968178e-05
23.9603024575 	 5.46280179122e-05
24.0075614367 	 5.16867637415e-05
24.0548204159 	 5.25733358883e-05
24.1020793951 	 4.89758581837e-05
24.1493383743 	 4.37776921997e-05
24.1965973535 	 4.3700142589e-05
24.2438563327 	 4.56928840566e-05
24.2911153119 	 5.22485176761e-05
24.3383742911 	 5.68481961918e-05
24.3856332703 	 5.81399302141e-05
24.4328922495 	 5.75149361063e-05
24.4801512287 	 5.53809614715e-05
24.5274102079 	 5.27281486252e-05
24.5746691871 	 5.19519583912e-05
24.6219281664 	 4.70616013119e-05
24.6691871456 	 4.78018675583e-05
24.7164461248 	 4.66783548771e-05
24.763705104 	 4.2830824192e-05
24.8109640832 	 4.38302579233e-05
24.8582230624 	 4.52181586836e-05
24.9054820416 	 3.98029794324e-05
24.9527410208 	 3.64342863166e-05
25.0 	 2.92122058572e-05
25.0472589792 	 2.70074234341e-05
25.0945179584 	 2.88477901103e-05
25.1417769376 	 3.22826542417e-05
25.1890359168 	 3.31228591878e-05
25.236294896 	 2.69666449772e-05
25.2835538752 	 1.92426417016e-05
25.3308128544 	 2.16874696192e-05
25.3780718336 	 2.00220595049e-05
25.4253308129 	 2.59058032102e-05
25.4725897921 	 3.18037622314e-05
25.5198487713 	 3.08615923195e-05
25.5671077505 	 2.78246698231e-05
25.6143667297 	 2.47138902248e-05
25.6616257089 	 2.11955429147e-05
25.7088846881 	 2.01140758321e-05
25.7561436673 	 1.93601434698e-05
25.8034026465 	 2.13594772215e-05
25.8506616257 	 2.32888359898e-05
25.8979206049 	 2.56006744489e-05
25.9451795841 	 2.6222770796e-05
25.9924385633 	 2.60805798244e-05
26.0396975425 	 2.653381309e-05
26.0869565217 	 2.98292457878e-05
26.1342155009 	 2.9169277511e-05
26.1814744802 	 2.68555327777e-05
26.2287334594 	 2.54601344951e-05
26.2759924386 	 2.53286101117e-05
26.3232514178 	 2.565337495e-05
26.370510397 	 2.51372757912e-05
26.4177693762 	 2.51615384419e-05
26.4650283554 	 2.62001257821e-05
26.5122873346 	 2.63060685088e-05
26.5595463138 	 2.52162685793e-05
26.606805293 	 2.44443050778e-05
26.6540642722 	 2.58075711989e-05
26.7013232514 	 3.06501027369e-05
26.7485822306 	 3.31215656362e-05
26.7958412098 	 3.34225039012e-05
26.843100189 	 3.4206392179e-05
26.8903591682 	 3.13280388399e-05
26.9376181474 	 2.9336447639e-05
26.9848771267 	 3.48031380845e-05
27.0321361059 	 3.81939130919e-05
27.0793950851 	 4.10455479658e-05
27.1266540643 	 4.29452507386e-05
27.1739130435 	 4.24695816945e-05
27.2211720227 	 4.19440963389e-05
27.2684310019 	 4.08931965874e-05
27.3156899811 	 3.70664202337e-05
27.3629489603 	 3.8708793739e-05
27.4102079395 	 3.86904671979e-05
27.4574669187 	 4.01166083609e-05
27.5047258979 	 3.91277431618e-05
27.5519848771 	 3.69350480789e-05
27.5992438563 	 3.19822801184e-05
27.6465028355 	 2.56000230804e-05
27.6937618147 	 1.96227955652e-05
27.741020794 	 1.72905454322e-05
27.7882797732 	 1.73028840543e-05
27.8355387524 	 1.6425995639e-05
27.8827977316 	 1.34731783194e-05
27.9300567108 	 8.92443034777e-06
27.97731569 	 5.0323596797e-06
28.0245746692 	 5.57141594091e-06
28.0718336484 	 7.42903864584e-06
28.1190926276 	 9.80681233658e-06
28.1663516068 	 8.82706302424e-06
28.213610586 	 7.73631311297e-06
28.2608695652 	 9.87217733578e-06
28.3081285444 	 9.5778636362e-06
28.3553875236 	 8.44910865618e-06
28.4026465028 	 9.39337892588e-06
28.449905482 	 8.50208964074e-06
28.4971644612 	 7.64465423237e-06
28.5444234405 	 9.20085486188e-06
28.5916824197 	 1.24066350883e-05
28.6389413989 	 1.64908262402e-05
28.6862003781 	 1.9349563265e-05
28.7334593573 	 2.19152815526e-05
28.7807183365 	 2.30922716116e-05
28.8279773157 	 2.27890903424e-05
28.8752362949 	 2.07015229453e-05
28.9224952741 	 1.97656097141e-05
28.9697542533 	 1.93552556575e-05
29.0170132325 	 2.08241593062e-05
29.0642722117 	 2.12102708774e-05
29.1115311909 	 2.14622462063e-05
29.1587901701 	 2.1072300742e-05
29.2060491493 	 2.10726127119e-05
29.2533081285 	 2.05002603134e-05
29.3005671078 	 2.09508285493e-05
29.347826087 	 2.18226904106e-05
29.3950850662 	 2.16581475838e-05
29.4423440454 	 2.29193485664e-05
29.4896030246 	 2.4258470809e-05
29.5368620038 	 2.39170833149e-05
29.584120983 	 2.45806243619e-05
29.6313799622 	 2.57019669428e-05
29.6786389414 	 2.81159017977e-05
29.7258979206 	 2.84350300999e-05
29.7731568998 	 2.79647781572e-05
29.820415879 	 2.80049368311e-05
29.8676748582 	 2.68902170571e-05
29.9149338374 	 2.60744725477e-05
29.9621928166 	 2.62006658566e-05
30.0094517958 	 2.42005459911e-05
30.056710775 	 2.3618545872e-05
30.1039697543 	 2.33819897318e-05
30.1512287335 	 2.38725993659e-05
30.1984877127 	 2.33837006663e-05
30.2457466919 	 2.3879548822e-05
30.2930056711 	 2.27811694854e-05
30.3402646503 	 2.22361399854e-05
30.3875236295 	 2.13535103627e-05
30.4347826087 	 2.02878501611e-05
30.4820415879 	 1.76529406978e-05
30.5293005671 	 1.48481757916e-05
30.5765595463 	 1.17914643921e-05
30.6238185255 	 8.78190993393e-06
30.6710775047 	 4.62329904646e-06
30.7183364839 	 2.33171041093e-06
30.7655954631 	 1.12726083824e-06
30.8128544423 	 3.7091400821e-06
30.8601134216 	 7.7262590275e-06
30.9073724008 	 9.7028469915e-06
30.95463138 	 1.03858184346e-05
31.0018903592 	 1.03512439404e-05
31.0491493384 	 1.0613812019e-05
31.0964083176 	 1.22779623264e-05
31.1436672968 	 1.41942259704e-05
31.190926276 	 1.46751892559e-05
31.2381852552 	 1.40284201575e-05
31.2854442344 	 1.35528413918e-05
31.3327032136 	 1.18533142575e-05
31.3799621928 	 1.14541888292e-05
31.427221172 	 1.03618246625e-05
31.4744801512 	 1.01434850587e-05
31.5217391304 	 8.48609971134e-06
31.5689981096 	 6.29335217065e-06
31.6162570888 	 6.13928507375e-06
31.6635160681 	 4.07709085071e-06
31.7107750473 	 1.92408505379e-06
31.7580340265 	 2.74047203005e-06
31.8052930057 	 3.31889938733e-06
31.8525519849 	 2.87705249945e-06
31.8998109641 	 2.13275634449e-06
31.9470699433 	 3.34328225562e-06
31.9943289225 	 3.6276039317e-06
32.0415879017 	 3.55903804474e-06
32.0888468809 	 4.62123975206e-06
32.1361058601 	 5.67189396688e-06
32.1833648393 	 6.35521796907e-06
32.2306238185 	 7.80259896427e-06
32.2778827977 	 9.34424878708e-06
32.3251417769 	 1.06672271584e-05
32.3724007561 	 1.24941339864e-05
32.4196597353 	 1.36993767715e-05
32.4669187146 	 1.48284301473e-05
32.5141776938 	 1.64638210333e-05
32.561436673 	 1.82278598917e-05
32.6086956522 	 2.03941423164e-05
32.6559546314 	 2.11991319716e-05
32.7032136106 	 2.07592160101e-05
32.7504725898 	 2.03673977293e-05
32.797731569 	 1.82699364224e-05
32.8449905482 	 1.66094608845e-05
32.8922495274 	 1.63121685315e-05
32.9395085066 	 1.62788561387e-05
32.9867674858 	 1.46151872979e-05
33.034026465 	 1.38057616851e-05
33.0812854442 	 1.25676602577e-05
33.1285444234 	 1.07223367929e-05
33.1758034026 	 9.66093305196e-06
33.2230623819 	 8.5780480775e-06
33.2703213611 	 8.09019667017e-06
33.3175803403 	 8.61940066397e-06
33.3648393195 	 9.16673855668e-06
33.4120982987 	 9.23290982968e-06
33.4593572779 	 9.98651221564e-06
33.5066162571 	 1.02923466995e-05
33.5538752363 	 1.07718287464e-05
33.6011342155 	 1.17247665467e-05
33.6483931947 	 1.1806233503e-05
33.6956521739 	 1.05164306266e-05
33.7429111531 	 1.05322782683e-05
33.7901701323 	 1.01436279634e-05
33.8374291115 	 1.06933684594e-05
33.8846880907 	 9.63854435248e-06
33.9319470699 	 9.18796508395e-06
33.9792060491 	 8.07925195127e-06
34.0264650284 	 7.81065821901e-06
34.0737240076 	 6.30620459127e-06
34.1209829868 	 5.7190127556e-06
34.168241966 	 5.25182139467e-06
34.2155009452 	 4.58793790012e-06
34.2627599244 	 3.62752902273e-06
34.3100189036 	 3.81613017708e-06
34.3572778828 	 2.65012570502e-06
34.404536862 	 2.33386840193e-06
34.4517958412 	 1.99766098759e-06
34.4990548204 	 1.55062077848e-06
34.5463137996 	 2.28347057666e-06
34.5935727788 	 2.94265979283e-06
34.640831758 	 2.93569679317e-06
34.6880907372 	 3.63158254598e-06
34.7353497164 	 5.48114103916e-06
34.7826086957 	 5.36015531485e-06
34.8298676749 	 5.45773573678e-06
34.8771266541 	 4.87181979805e-06
34.9243856333 	 4.49869643218e-06
34.9716446125 	 4.44834147832e-06
35.0189035917 	 5.71930724561e-06
35.0661625709 	 6.23979844958e-06
35.1134215501 	 6.83376845955e-06
35.1606805293 	 6.91078754958e-06
35.2079395085 	 7.08706077416e-06
35.2551984877 	 6.56645869606e-06
35.3024574669 	 6.76111434613e-06
35.3497164461 	 7.13878163509e-06
35.3969754253 	 7.3361787405e-06
35.4442344045 	 7.0740348516e-06
35.4914933837 	 6.92526518428e-06
35.5387523629 	 6.62926734854e-06
35.5860113422 	 7.12055076521e-06
35.6332703214 	 7.25434243327e-06
35.6805293006 	 7.02732673751e-06
35.7277882798 	 6.98593847269e-06
35.775047259 	 6.90146742004e-06
35.8223062382 	 6.67649826651e-06
35.8695652174 	 7.02159354056e-06
35.9168241966 	 6.96213137412e-06
35.9640831758 	 7.07770829796e-06
36.011342155 	 6.34258607755e-06
36.0586011342 	 5.55439399118e-06
36.1058601134 	 5.25438638237e-06
36.1531190926 	 4.54614807636e-06
36.2003780718 	 4.5310172262e-06
36.247637051 	 4.90310638069e-06
36.2948960302 	 4.83771287222e-06
36.3421550095 	 5.04311693963e-06
36.3894139887 	 5.67248322384e-06
36.4366729679 	 5.33314670222e-06
36.4839319471 	 6.05641948432e-06
36.5311909263 	 6.99328442359e-06
36.5784499055 	 7.38122530787e-06
36.6257088847 	 7.3359060259e-06
36.6729678639 	 7.06329408927e-06
36.7202268431 	 6.76324830953e-06
36.7674858223 	 6.47021648207e-06
36.8147448015 	 5.23234100881e-06
36.8620037807 	 5.17211339974e-06
36.9092627599 	 5.47383395692e-06
36.9565217391 	 5.72268620644e-06
37.0037807183 	 6.1099340921e-06
37.0510396975 	 6.00467482366e-06
37.0982986767 	 5.21809836196e-06
37.145557656 	 5.05823684388e-06
37.1928166352 	 4.13332633086e-06
37.2400756144 	 3.88562064413e-06
37.2873345936 	 4.11246901759e-06
37.3345935728 	 4.23692287595e-06
37.381852552 	 3.91069752536e-06
37.4291115312 	 3.35099317388e-06
37.4763705104 	 3.07052781296e-06
37.5236294896 	 3.89340855537e-06
37.5708884688 	 3.83387394509e-06
37.618147448 	 3.79453929754e-06
37.6654064272 	 4.03122986826e-06
37.7126654064 	 3.7242033853e-06
37.7599243856 	 3.4805368052e-06
37.8071833648 	 3.47304586428e-06
37.854442344 	 3.53265800949e-06
37.9017013233 	 3.97578993378e-06
37.9489603025 	 4.02637233703e-06
37.9962192817 	 3.52680670497e-06
38.0434782609 	 3.32133190625e-06
38.0907372401 	 3.68435244871e-06
38.1379962193 	 4.09197963964e-06
38.1852551985 	 4.14105490768e-06
38.2325141777 	 4.14252166558e-06
38.2797731569 	 3.92585866251e-06
38.3270321361 	 3.73859347292e-06
38.3742911153 	 3.42325168275e-06
38.4215500945 	 3.42967984683e-06
38.4688090737 	 3.65588056915e-06
38.5160680529 	 4.1136617047e-06
38.5633270321 	 4.49659982657e-06
38.6105860113 	 4.68716477479e-06
38.6578449905 	 5.26100142064e-06
38.7051039698 	 5.89582800471e-06
38.752362949 	 6.30121542732e-06
38.7996219282 	 6.04179639724e-06
38.8468809074 	 6.47639121678e-06
38.8941398866 	 7.0297293452e-06
38.9413988658 	 6.88560975366e-06
38.988657845 	 6.57919115579e-06
39.0359168242 	 6.10836769542e-06
39.0831758034 	 5.81039977328e-06
39.1304347826 	 5.76637281425e-06
39.1776937618 	 6.26104549689e-06
39.224952741 	 6.53752163481e-06
39.2722117202 	 6.43127240626e-06
39.3194706994 	 6.2334588261e-06
39.3667296786 	 5.6631030834e-06
39.4139886578 	 4.74599454126e-06
39.4612476371 	 4.47205405894e-06
39.5085066163 	 4.26704566466e-06
39.5557655955 	 3.74389570615e-06
39.6030245747 	 3.31436291804e-06
39.6502835539 	 3.298330762e-06
39.6975425331 	 3.03074716502e-06
39.7448015123 	 3.2057085822e-06
39.7920604915 	 3.7946450609e-06
39.8393194707 	 4.20836619833e-06
39.8865784499 	 4.55454806032e-06
39.9338374291 	 4.88275976505e-06
39.9810964083 	 4.91387260673e-06
40.0283553875 	 4.78117608784e-06
40.0756143667 	 4.95564280389e-06
40.1228733459 	 5.66135305948e-06
40.1701323251 	 5.67475361389e-06
40.2173913043 	 5.84778176856e-06
40.2646502836 	 6.01764644624e-06
40.3119092628 	 6.34596693242e-06
40.359168242 	 6.37908865828e-06
40.4064272212 	 6.77711678962e-06
40.4536862004 	 7.52338385732e-06
40.5009451796 	 7.39408536582e-06
40.5482041588 	 6.66623306597e-06
40.595463138 	 6.49579989692e-06
40.6427221172 	 5.86079433394e-06
40.6899810964 	 5.54522650081e-06
40.7372400756 	 5.36004128422e-06
40.7844990548 	 4.97562281224e-06
40.831758034 	 4.93575680506e-06
40.8790170132 	 5.15458288142e-06
40.9262759924 	 4.79450068252e-06
40.9735349716 	 4.74145448583e-06
41.0207939509 	 4.60481764475e-06
41.0680529301 	 4.40966149419e-06
41.1153119093 	 4.1052568906e-06
41.1625708885 	 3.78310309306e-06
41.2098298677 	 3.98186282819e-06
41.2570888469 	 3.90723424523e-06
41.3043478261 	 3.39962667193e-06
41.3516068053 	 3.38877210021e-06
41.3988657845 	 3.08791589512e-06
41.4461247637 	 3.02726449858e-06
41.4933837429 	 3.11337477497e-06
41.5406427221 	 2.99890624572e-06
41.5879017013 	 2.66070096958e-06
41.6351606805 	 2.57814923155e-06
41.6824196597 	 2.24517113035e-06
41.7296786389 	 1.89037511385e-06
41.7769376181 	 1.8642886474e-06
41.8241965974 	 1.86709671093e-06
41.8714555766 	 1.78857725537e-06
41.9187145558 	 1.80873008473e-06
41.965973535 	 1.85353009661e-06
42.0132325142 	 2.12702297725e-06
42.0604914934 	 2.40506635109e-06
42.1077504726 	 2.60043116949e-06
42.1550094518 	 2.85129861648e-06
42.202268431 	 2.48045072736e-06
42.2495274102 	 2.27922768618e-06
42.2967863894 	 2.03744752597e-06
42.3440453686 	 1.56233926689e-06
42.3913043478 	 1.07320794373e-06
42.438563327 	 5.03752705873e-07
42.4858223062 	 1.84304376561e-07
42.5330812854 	 4.51803073635e-07
42.5803402647 	 9.29984856583e-07
42.6275992439 	 1.42971040827e-06
42.6748582231 	 1.80989323594e-06
42.7221172023 	 2.23861394205e-06
42.7693761815 	 2.83117407604e-06
42.8166351607 	 2.82970791794e-06
42.8638941399 	 2.56999169928e-06
42.9111531191 	 2.34631776829e-06
42.9584120983 	 1.9805027502e-06
43.0056710775 	 1.87616000397e-06
43.0529300567 	 1.82872990581e-06
43.1001890359 	 1.68845549383e-06
43.1474480151 	 1.74516828167e-06
43.1947069943 	 1.76939674148e-06
43.2419659735 	 1.72442320259e-06
43.2892249527 	 1.83552750258e-06
43.3364839319 	 1.95458130978e-06
43.3837429112 	 2.03620354478e-06
43.4310018904 	 2.0067490939e-06
43.4782608696 	 1.51972705803e-06
43.5255198488 	 1.31506428331e-06
43.572778828 	 1.26066717004e-06
43.6200378072 	 9.22098539273e-07
43.6672967864 	 5.04284013698e-07
43.7145557656 	 4.06557595515e-07
43.7618147448 	 3.02137809248e-07
43.809073724 	 1.79158453475e-07
43.8563327032 	 1.58526582866e-07
43.9035916824 	 2.34792323017e-07
43.9508506616 	 4.27684550148e-07
43.9981096408 	 4.31422060524e-07
44.04536862 	 5.79130948235e-07
44.0926275992 	 9.49069274616e-07
44.1398865784 	 1.11341565439e-06
44.1871455577 	 1.17846517673e-06
44.2344045369 	 1.43950507124e-06
44.2816635161 	 1.45590347448e-06
44.3289224953 	 1.19138234681e-06
44.3761814745 	 1.00860569768e-06
44.4234404537 	 9.13744054965e-07
44.4706994329 	 1.02790285957e-06
44.5179584121 	 1.34957349667e-06
44.5652173913 	 1.58236601153e-06
44.6124763705 	 1.78534323099e-06
44.6597353497 	 2.1815609879e-06
44.7069943289 	 2.44549383023e-06
44.7542533081 	 2.59871563879e-06
44.8015122873 	 3.01204685033e-06
44.8487712665 	 3.19492622383e-06
44.8960302457 	 3.31306016373e-06
44.943289225 	 3.46090973309e-06
44.9905482042 	 3.52614755317e-06
45.0378071834 	 3.17428150286e-06
45.0850661626 	 2.85785314199e-06
45.1323251418 	 2.95184405892e-06
45.179584121 	 3.0706926589e-06
45.2268431002 	 3.01254138298e-06
45.2741020794 	 3.07985988125e-06
45.3213610586 	 3.07458697207e-06
45.3686200378 	 2.94102844369e-06
45.415879017 	 2.86959304723e-06
45.4631379962 	 2.85482288784e-06
45.5103969754 	 2.65186815339e-06
45.5576559546 	 2.75826013607e-06
45.6049149338 	 2.83854262322e-06
45.652173913 	 2.55361255511e-06
45.6994328922 	 2.3272087882e-06
45.7466918715 	 2.230358368e-06
45.7939508507 	 1.99749885078e-06
45.8412098299 	 1.59307178222e-06
45.8884688091 	 1.55954521116e-06
45.9357277883 	 1.49564114737e-06
45.9829867675 	 1.32645219484e-06
46.0302457467 	 1.17305481186e-06
46.0775047259 	 1.2199281558e-06
46.1247637051 	 9.8103424287e-07
46.1720226843 	 7.57333953727e-07
46.2192816635 	 6.94281535517e-07
46.2665406427 	 9.11389718433e-07
46.3137996219 	 9.61032369341e-07
46.3610586011 	 1.00633238212e-06
46.4083175803 	 1.17142772257e-06
46.4555765595 	 1.24083023166e-06
46.5028355388 	 1.35537543228e-06
46.550094518 	 1.743647519e-06
46.5973534972 	 1.85910224151e-06
46.6446124764 	 2.01475317621e-06
46.6918714556 	 2.26039980465e-06
46.7391304348 	 2.30000121934e-06
46.786389414 	 2.30677787361e-06
46.8336483932 	 2.57060821771e-06
46.8809073724 	 2.74075078223e-06
46.9281663516 	 2.90301954653e-06
46.9754253308 	 2.88756351882e-06
47.02268431 	 2.71798845757e-06
47.0699432892 	 2.58356959798e-06
47.1172022684 	 2.52867950501e-06
47.1644612476 	 2.43604239238e-06
47.2117202268 	 2.42063975304e-06
47.258979206 	 2.23807610058e-06
47.3062381853 	 2.23386180378e-06
47.3534971645 	 2.29664569038e-06
47.4007561437 	 2.35382077256e-06
47.4480151229 	 2.42505128769e-06
47.4952741021 	 2.61742403504e-06
47.5425330813 	 2.72643444884e-06
47.5897920605 	 2.73443062407e-06
47.6370510397 	 2.48125887551e-06
47.6843100189 	 2.14612784348e-06
47.7315689981 	 1.80052102078e-06
47.7788279773 	 1.7691552791e-06
47.8260869565 	 1.92714927605e-06
47.8733459357 	 2.03325514504e-06
47.9206049149 	 2.07534097134e-06
47.9678638941 	 1.91532953766e-06
48.0151228733 	 1.73386839737e-06
48.0623818526 	 1.80965200785e-06
48.1096408318 	 1.8237703052e-06
48.156899811 	 1.76732548696e-06
48.2041587902 	 1.65785255971e-06
48.2514177694 	 1.6158155279e-06
48.2986767486 	 1.53151920504e-06
48.3459357278 	 1.60326839347e-06
48.393194707 	 1.68502992688e-06
48.4404536862 	 1.89978825641e-06
48.4877126654 	 1.76081401804e-06
48.5349716446 	 1.58476376844e-06
48.5822306238 	 1.26777787466e-06
48.629489603 	 8.71884564915e-07
48.6767485822 	 1.02284699234e-06
48.7240075614 	 1.33129294288e-06
48.7712665406 	 1.59324813207e-06
48.8185255198 	 1.63690947679e-06
48.8657844991 	 1.40132843771e-06
48.9130434783 	 1.18721529544e-06
48.9603024575 	 1.09024707955e-06
49.0075614367 	 1.12793975255e-06
49.0548204159 	 1.17181622185e-06
49.1020793951 	 1.15226840924e-06
49.1493383743 	 1.06145532004e-06
49.1965973535 	 8.95517504704e-07
49.2438563327 	 6.9397614521e-07
49.2911153119 	 6.92493521881e-07
49.3383742911 	 1.06926380686e-06
49.3856332703 	 1.30629185989e-06
49.4328922495 	 1.43966706429e-06
49.4801512287 	 1.6547987946e-06
49.5274102079 	 1.75460529476e-06
49.5746691871 	 1.88977863171e-06
49.6219281664 	 2.25227423248e-06
49.6691871456 	 2.55179864064e-06
49.7164461248 	 2.67149655161e-06
49.763705104 	 2.76807761654e-06
49.8109640832 	 2.92449323121e-06
49.8582230624 	 3.04559403387e-06
49.9054820416 	 3.15313958947e-06
49.9527410208 	 3.13384789283e-06
50.0 	 2.9841442288e-06
