0.0 	 1.25608745174e-07
0.0350385423966 	 4.85362755594e-07
0.0700770847933 	 4.42690031699e-06
0.10511562719 	 4.87944221098e-06
0.140154169587 	 2.96520974766e-05
0.175192711983 	 0.000155666170425
0.21023125438 	 0.000363029670242
0.245269796776 	 0.000490958440654
0.280308339173 	 0.000716156555248
0.31534688157 	 0.000545753072022
0.350385423966 	 0.00276451547245
0.385423966363 	 0.003518236813
0.42046250876 	 0.00274187382283
0.455501051156 	 0.000884314100074
0.490539593553 	 0.00228647014807
0.52557813595 	 0.00116590928818
0.560616678346 	 0.00133801740176
0.595655220743 	 0.00200511948135
0.630693763139 	 0.0004432453716
0.665732305536 	 0.00131351004981
0.700770847933 	 0.00285152128639
0.735809390329 	 0.00258603938567
0.770847932726 	 0.00292825937564
0.805886475123 	 0.000947131941684
0.840925017519 	 0.00185667372781
0.875963559916 	 0.000449933780695
0.911002102313 	 0.00545662727742
0.946040644709 	 0.00732754652687
0.981079187106 	 0.00520768949837
1.0161177295 	 0.00151586916686
1.0511562719 	 0.00231522313697
1.0861948143 	 0.00230824289775
1.12123335669 	 0.00320929000254
1.15627189909 	 0.00722221854338
1.19131044149 	 0.00607661134829
1.22634898388 	 0.00255294847576
1.26138752628 	 0.0018712989742
1.29642606868 	 0.00221983901736
1.33146461107 	 0.00136205533573
1.36650315347 	 0.00137820002556
1.40154169587 	 0.00364722030999
1.43658023826 	 0.00257790888717
1.47161878066 	 0.00056864861422
1.50665732306 	 0.00298153742183
1.54169586545 	 0.00466877263942
1.57673440785 	 0.00293503520515
1.61177295025 	 0.000805305627579
1.64681149264 	 0.0022595875522
1.68185003504 	 0.00146217336659
1.71688857744 	 0.00146839003764
1.75192711983 	 0.00225730953236
1.78696566223 	 0.00352692097888
1.82200420463 	 0.00240473349457
1.85704274702 	 0.00250550339713
1.89208128942 	 0.0028483197959
1.92711983181 	 0.00394879651317
1.96215837421 	 0.00471702417835
1.99719691661 	 0.00310624159155
2.032235459 	 0.00196151422786
2.0672740014 	 0.00268597057068
2.1023125438 	 0.00245408321343
2.13735108619 	 0.00174794305246
2.17238962859 	 0.00116944041834
2.20742817099 	 0.00415836131753
2.24246671338 	 0.00540448519948
2.27750525578 	 0.00572165751968
2.31254379818 	 0.0060675736034
2.34758234057 	 0.00512611636915
2.38262088297 	 0.00526811263934
2.41765942537 	 0.00401966231126
2.45269796776 	 0.00357651413026
2.48773651016 	 0.00141358449531
2.52277505256 	 0.000870810978135
2.55781359495 	 0.000728658660896
2.59285213735 	 0.00100754144795
2.62789067975 	 0.00232656667604
2.66292922214 	 0.00144056233106
2.69796776454 	 0.0017878578887
2.73300630694 	 0.00252210650753
2.76804484933 	 0.002851288386
2.80308339173 	 0.00302636609351
2.83812193413 	 0.0018476528606
2.87316047652 	 0.00115340884126
2.90819901892 	 0.000876098665312
2.94323756132 	 0.000267849398121
2.97827610371 	 0.00128479872933
3.01331464611 	 0.000995974777346
3.04835318851 	 0.000920915605977
3.0833917309 	 0.000867657325957
3.1184302733 	 0.00104924532969
3.1534688157 	 0.00177201781117
3.18850735809 	 0.00134517125633
3.22354590049 	 0.00130374214217
3.25858444289 	 0.000896853423803
3.29362298528 	 0.00195520533983
3.32866152768 	 0.00169703928215
3.36370007008 	 0.00123282657629
3.39873861247 	 0.00159663877362
3.43377715487 	 0.00103678034911
3.46881569727 	 0.000656138365527
3.50385423966 	 0.00135157983872
3.53889278206 	 0.000938269567745
3.57393132446 	 0.00126985786632
3.60896986685 	 0.00228141370939
3.64400840925 	 0.00289844265826
3.67904695165 	 0.00190676416964
3.71408549404 	 0.00199803754414
3.74912403644 	 0.000928792311443
3.78416257884 	 0.00103808620047
3.81920112123 	 0.000452713539789
3.85423966363 	 0.00178592516238
3.88927820603 	 0.00170280367838
3.92431674842 	 0.000894985153203
3.95935529082 	 0.000361777285345
3.99439383322 	 0.000258803894283
4.02943237561 	 0.000997617312493
4.06447091801 	 0.000774204120535
4.09950946041 	 0.00035621648454
4.1345480028 	 0.00139432397706
4.1695865452 	 0.000951815306073
4.2046250876 	 0.000314917314741
4.23966362999 	 0.00060213569135
4.27470217239 	 0.000661664468353
4.30974071479 	 0.000798332172764
4.34477925718 	 0.00152826291767
4.37981779958 	 0.0031724077045
4.41485634198 	 0.00275830017578
4.44989488437 	 0.00188110964314
4.48493342677 	 0.00259457760902
4.51997196917 	 0.00183757854879
4.55501051156 	 0.00220743750786
4.59004905396 	 0.00268815905885
4.62508759636 	 0.00278108353509
4.66012613875 	 0.00251245297051
4.69516468115 	 0.00196347662417
4.73020322355 	 0.0016872938667
4.76524176594 	 0.00221948397479
4.80028030834 	 0.00117943327445
4.83531885074 	 0.00152125112109
4.87035739313 	 0.00063637444768
4.90539593553 	 0.001363120883
4.94043447793 	 0.00164621232571
4.97547302032 	 0.00082252388415
5.01051156272 	 0.00121562137271
5.04555010512 	 0.0003266400729
5.08058864751 	 0.000341298324239
5.11562718991 	 0.000754234349632
5.15066573231 	 0.000526498429647
5.1857042747 	 0.000467355157702
5.2207428171 	 0.000708492351726
5.2557813595 	 0.000991196309091
5.29081990189 	 0.000810969988103
5.32585844429 	 0.00073659085248
5.36089698669 	 0.000719250257342
5.39593552908 	 0.000912021986677
5.43097407148 	 0.000875377828447
5.46601261388 	 0.000599483361722
5.50105115627 	 0.000690009488518
5.53608969867 	 0.000508987551815
5.57112824107 	 0.000534862554044
5.60616678346 	 0.000309812316578
5.64120532586 	 0.000392214298952
5.67624386826 	 0.000736893424115
5.71128241065 	 0.000118932992824
5.74632095305 	 0.00028977495927
5.78135949544 	 0.000481186118664
5.81639803784 	 0.000698243735971
5.85143658024 	 0.000805393523314
5.88647512263 	 0.000507674630974
5.92151366503 	 0.000868490505815
5.95655220743 	 0.000825891944216
5.99159074982 	 0.000300366598821
6.02662929222 	 0.000647091612528
6.06166783462 	 0.000774698212655
6.09670637701 	 0.000775361906755
6.13174491941 	 0.00105333293293
6.16678346181 	 0.000768866702653
6.2018220042 	 0.00047400577539
6.2368605466 	 0.000602672962683
6.271899089 	 0.000400687259245
6.30693763139 	 0.00012259062939
6.34197617379 	 0.000157223289891
6.37701471619 	 0.000214768769574
6.41205325858 	 0.000546712564845
6.44709180098 	 0.000352702940883
6.48213034338 	 0.000660542935949
6.51716888577 	 0.000385487144961
6.55220742817 	 0.000281863513401
6.58724597057 	 0.000191264237605
6.62228451296 	 0.000618624113992
6.65732305536 	 0.00101112772704
6.69236159776 	 0.000825307217777
6.72740014015 	 0.000516435625936
6.76243868255 	 0.000324543629063
6.79747722495 	 0.000597023647061
6.83251576734 	 0.000675728421313
6.86755430974 	 0.000591574360067
6.90259285214 	 0.000530444951736
6.93763139453 	 0.000570420706614
6.97266993693 	 0.000157474338917
7.00770847933 	 0.000698058697152
7.04274702172 	 0.000931807184592
7.07778556412 	 0.00121269328243
7.11282410652 	 0.00111347250154
7.14786264891 	 0.000874030876625
7.18290119131 	 0.000626120917516
7.21793973371 	 0.000213419600956
7.2529782761 	 0.000427861913982
7.2880168185 	 0.000168070299503
7.3230553609 	 0.000377495627945
7.35809390329 	 0.000432491390288
7.39313244569 	 0.000455727733772
7.42817098809 	 0.000420206606411
7.46320953048 	 0.000402997303259
7.49824807288 	 0.000533526510189
7.53328661528 	 0.000435983561498
7.56832515767 	 0.000309500634295
7.60336370007 	 3.24982364353e-05
7.63840224247 	 0.000145121910327
7.67344078486 	 4.7541345019e-05
7.70847932726 	 6.42628668314e-05
7.74351786966 	 0.000239506838759
7.77855641205 	 0.000597434572884
7.81359495445 	 0.000360650916358
7.84863349685 	 0.000389538663545
7.88367203924 	 0.000695596445978
7.91871058164 	 0.000981276745148
7.95374912404 	 0.00091384004087
7.98878766643 	 0.000960847072671
8.02382620883 	 0.000874365315129
8.05886475123 	 0.000873828307563
8.09390329362 	 0.000451956132296
8.12894183602 	 0.000769124789874
8.16398037842 	 0.000829289751046
8.19901892081 	 0.00104754378076
8.23405746321 	 0.00124979182057
8.26909600561 	 0.0012565439095
8.304134548 	 0.00109225649419
8.3391730904 	 0.000912036501476
8.3742116328 	 0.00109785606233
8.40925017519 	 0.00108298953308
8.44428871759 	 0.00122697474971
8.47932725999 	 0.0010480939453
8.51436580238 	 0.000853127746635
8.54940434478 	 0.00102422863421
8.58444288718 	 0.000786204572508
8.61948142957 	 0.000469078619022
8.65451997197 	 0.000224702608415
8.68955851437 	 0.000215742396127
8.72459705676 	 0.00016686902982
8.75963559916 	 0.000254062317498
8.79467414156 	 0.000380202020533
8.82971268395 	 0.000244582569604
8.86475122635 	 0.000506561881686
8.89978976875 	 0.000288204011709
8.93482831114 	 0.000374731410062
8.96986685354 	 0.000374627697783
9.00490539594 	 0.000392027296804
9.03994393833 	 0.000320275580872
9.07498248073 	 0.000251816836833
9.11002102313 	 0.000376120563157
9.14505956552 	 0.000820167035144
9.18009810792 	 0.000891100321045
9.21513665032 	 0.000663662096483
9.25017519271 	 0.000704531006293
9.28521373511 	 0.000519225100294
9.32025227751 	 0.000644219858958
9.3552908199 	 0.000621186141093
9.3903293623 	 0.000469510853549
9.4253679047 	 0.000326755240812
9.46040644709 	 0.000251985088856
9.49544498949 	 0.000233875782146
9.53048353189 	 0.000210266400074
9.56552207428 	 0.00037365835664
9.60056061668 	 0.000380790062474
9.63559915907 	 0.000714011941829
9.67063770147 	 0.000532811320349
9.70567624387 	 0.000422962697867
9.74071478626 	 0.000150228401734
9.77575332866 	 0.000294206874084
9.81079187106 	 0.000240463724776
9.84583041345 	 0.000126485659941
9.88086895585 	 1.88455040539e-05
9.91590749825 	 0.000156832462621
9.95094604064 	 0.000356603626039
9.98598458304 	 0.00057022146332
10.0210231254 	 0.000444984951568
10.0560616678 	 0.00029892041195
10.0911002102 	 0.000273929576671
10.1261387526 	 0.000338752199759
10.161177295 	 0.000238863532524
10.1962158374 	 0.000103027469231
10.2312543798 	 6.35444689748e-05
10.2662929222 	 0.000163473631189
10.3013314646 	 0.000261065915793
10.336370007 	 0.000192493892756
10.3714085494 	 0.00016550965925
10.4064470918 	 0.000166269321299
10.4414856342 	 0.000228077325257
10.4765241766 	 0.000208389018163
10.511562719 	 0.000191355064116
10.5466012614 	 0.000176965236331
10.5816398038 	 0.000199044713526
10.6166783462 	 0.000137256911463
10.6517168886 	 5.41022761063e-05
10.686755431 	 0.000201388725027
10.7217939734 	 0.000142568949446
10.7568325158 	 3.68225235883e-05
10.7918710582 	 0.00015357793129
10.8269096006 	 0.000283447257472
10.861948143 	 0.000459304174215
10.8969866854 	 0.000423402435082
10.9320252278 	 0.000478344789003
10.9670637701 	 0.000629202031398
11.0021023125 	 0.000641114571431
11.0371408549 	 0.000646200861188
11.0721793973 	 0.000565870352566
11.1072179397 	 0.000412625737101
11.1422564821 	 0.000310176263227
11.1772950245 	 0.000256623805832
11.2123335669 	 0.000430798585637
11.2473721093 	 0.000475780283465
11.2824106517 	 0.00048491551568
11.3174491941 	 0.000454455058784
11.3524877365 	 0.000568131684511
11.3875262789 	 0.000496546272446
11.4225648213 	 0.000498630331502
11.4576033637 	 0.000315982043656
11.4926419061 	 0.000277467952319
11.5276804485 	 2.94470005886e-06
11.5627189909 	 6.2590718712e-05
11.5977575333 	 9.87217239372e-05
11.6327960757 	 0.00012350514948
11.6678346181 	 8.44297060709e-05
11.7028731605 	 0.000242179287216
11.7379117029 	 0.000208247126339
11.7729502453 	 0.000206300580504
11.8079887877 	 0.00012488977598
11.8430273301 	 0.000232292566959
11.8780658725 	 0.000245540090195
11.9131044149 	 0.000314636418663
11.9481429573 	 0.000298746203677
11.9831814996 	 0.000170308950653
12.018220042 	 0.000143765078477
12.0532585844 	 0.000141065540339
12.0882971268 	 0.000253388179094
12.1233356692 	 0.000236066571056
12.1583742116 	 0.00028800921299
12.193412754 	 0.000410169130358
12.2284512964 	 0.000296027656229
12.2634898388 	 0.000176160898673
12.2985283812 	 0.000274911217241
12.3335669236 	 0.000457300822828
12.368605466 	 0.000447068464507
12.4036440084 	 0.00033719346433
12.4386825508 	 0.000133968358886
12.4737210932 	 0.000319961441843
12.5087596356 	 0.000326150225443
12.543798178 	 0.000400707390556
12.5788367204 	 0.00021797164937
12.6138752628 	 0.000162542443862
12.6489138052 	 0.000117283435253
12.6839523476 	 0.000221461146784
12.71899089 	 0.000399584963829
12.7540294324 	 0.000480061774814
12.7890679748 	 0.000391226865809
12.8241065172 	 9.72276166364e-05
12.8591450596 	 5.82639093802e-05
12.894183602 	 9.12955055654e-05
12.9292221444 	 8.82021550242e-05
12.9642606868 	 9.22059943887e-05
12.9992992292 	 0.000209071649204
13.0343377715 	 0.000231387322963
13.0693763139 	 0.000181369461979
13.1044148563 	 5.47857271208e-05
13.1394533987 	 0.000219082250752
13.1744919411 	 0.000171338161451
13.2095304835 	 8.51788119241e-05
13.2445690259 	 0.000115011236783
13.2796075683 	 0.000205636325024
13.3146461107 	 0.000120483208872
13.3496846531 	 0.000221706776571
13.3847231955 	 0.000214571619571
13.4197617379 	 0.000187466725725
13.4548002803 	 0.000135419151065
13.4898388227 	 0.000187497649815
13.5248773651 	 0.000281010392467
13.5599159075 	 0.000233853797852
13.5949544499 	 0.000264220153495
13.6299929923 	 0.000188508835522
13.6650315347 	 5.92312734359e-05
13.7000700771 	 0.000195954168995
13.7351086195 	 0.000128699417657
13.7701471619 	 0.000174407151379
13.8051857043 	 3.68459860003e-05
13.8402242467 	 6.86182999282e-05
13.8752627891 	 8.0078099288e-05
13.9103013315 	 8.17212236104e-06
13.9453398739 	 0.000127853068152
13.9803784163 	 0.000130633750592
14.0154169587 	 0.000160876697009
14.0504555011 	 3.70042712409e-05
14.0854940434 	 0.000111009377126
14.1205325858 	 0.000184222964629
14.1555711282 	 0.000226174416802
14.1906096706 	 0.000163049739543
14.225648213 	 0.000120207887204
14.2606867554 	 0.000101314408573
14.2957252978 	 0.000116988552067
14.3307638402 	 0.00019030773972
14.3658023826 	 0.000363670142599
14.400840925 	 0.000338494535655
14.4358794674 	 0.000193549879725
14.4709180098 	 0.000155582443053
14.5059565522 	 0.000116199160011
14.5409950946 	 6.97027904245e-05
14.576033637 	 0.000224585121016
14.6110721794 	 0.000119211847623
14.6461107218 	 5.56163259109e-05
14.6811492642 	 0.000118212514899
14.7161878066 	 3.71737106894e-05
14.751226349 	 1.54768049556e-05
14.7862648914 	 6.45552664092e-05
14.8213034338 	 7.35368443889e-05
14.8563419762 	 6.66722920936e-05
14.8913805186 	 6.81956756899e-05
14.926419061 	 9.60136960749e-05
14.9614576034 	 0.000104116263757
14.9964961458 	 6.46296128407e-05
15.0315346882 	 3.16632799087e-05
15.0665732306 	 0.000122516522971
15.101611773 	 0.000129451377177
15.1366503153 	 0.000101275179607
15.1716888577 	 0.0001226666918
15.2067274001 	 0.00013278988702
15.2417659425 	 0.000113064297464
15.2768044849 	 0.000152467591856
15.3118430273 	 0.000129809328007
15.3468815697 	 0.000112671833928
15.3819201121 	 3.70694079941e-05
15.4169586545 	 0.000150244990902
15.4519971969 	 9.91697234951e-05
15.4870357393 	 7.88810595321e-05
15.5220742817 	 8.75145256871e-05
15.5571128241 	 5.56372698835e-06
15.5921513665 	 6.84707108314e-05
15.6271899089 	 0.000128264652376
15.6622284513 	 0.000110060817994
15.6972669937 	 5.18192023711e-05
15.7323055361 	 0.00011554168005
15.7673440785 	 0.00012586696378
15.8023826209 	 7.89057454117e-05
15.8374211633 	 0.000104191459684
15.8724597057 	 0.000121099347591
15.9074982481 	 9.24549729057e-05
15.9425367905 	 7.59838240307e-05
15.9775753329 	 7.39003734569e-05
16.0126138753 	 8.31147317412e-05
16.0476524177 	 0.000129205268269
16.0826909601 	 0.000146479855127
16.1177295025 	 0.000159518114997
16.1527680448 	 0.000174936379889
16.1878065872 	 0.000196302553787
16.2228451296 	 0.000113585780556
16.257883672 	 4.16983416759e-05
16.2929222144 	 6.25016167036e-05
16.3279607568 	 4.2831499552e-05
16.3629992992 	 3.93353867405e-05
16.3980378416 	 4.11426015282e-05
16.433076384 	 5.44218337905e-05
16.4681149264 	 3.30596157642e-05
16.5031534688 	 2.39006756898e-05
16.5381920112 	 8.52476862916e-05
16.5732305536 	 4.8962729106e-05
16.608269096 	 3.2706805128e-05
16.6433076384 	 9.91799140904e-05
16.6783461808 	 0.000105066711406
16.7133847232 	 5.81897169393e-05
16.7484232656 	 2.22099540608e-05
16.783461808 	 1.84225289117e-05
16.8185003504 	 3.90477429015e-05
16.8535388928 	 6.44163282136e-05
16.8885774352 	 5.47658286043e-05
16.9236159776 	 9.90724462259e-05
16.95865452 	 0.000189269306257
16.9936930624 	 0.000231259952443
17.0287316048 	 0.000177720936786
17.0637701472 	 0.000135319424581
17.0988086896 	 5.04771547117e-05
17.133847232 	 0.000103451395856
17.1688857744 	 3.22239103209e-05
17.2039243167 	 7.0783602447e-05
17.2389628591 	 0.000181329483417
17.2740014015 	 0.000197799721259
17.3090399439 	 0.000168131393645
17.3440784863 	 0.00017037715972
17.3791170287 	 0.000129971950466
17.4141555711 	 8.53828631589e-05
17.4491941135 	 6.99143390199e-05
17.4842326559 	 3.95751307024e-05
17.5192711983 	 5.62340898715e-05
17.5543097407 	 9.86512842963e-05
17.5893482831 	 9.54510606466e-05
17.6243868255 	 6.66241401675e-05
17.6594253679 	 6.59989931663e-05
17.6944639103 	 2.94293633705e-05
17.7295024527 	 1.77717193465e-05
17.7645409951 	 5.28999902184e-05
17.7995795375 	 0.000155453617186
17.8346180799 	 0.000169502345993
17.8696566223 	 0.000115406247839
17.9046951647 	 6.93997843262e-05
17.9397337071 	 0.00010466893556
17.9747722495 	 0.000164945828823
18.0098107919 	 0.000151140497222
18.0448493343 	 0.000147474826735
18.0798878767 	 5.15696451607e-05
18.1149264191 	 2.95217340233e-05
18.1499649615 	 4.75535931332e-05
18.1850035039 	 0.000112981822499
18.2200420463 	 0.000135092172033
18.2550805886 	 0.000112623950862
18.290119131 	 0.000115618460502
18.3251576734 	 0.000110014875915
18.3601962158 	 4.43450992063e-05
18.3952347582 	 5.02658946561e-05
18.4302733006 	 3.33439955775e-05
18.465311843 	 6.78790654755e-05
18.5003503854 	 4.96484371056e-05
18.5353889278 	 5.97490865807e-05
18.5704274702 	 5.94575519788e-05
18.6054660126 	 0.000101883902705
18.640504555 	 0.000104218517885
18.6755430974 	 3.38517920861e-05
18.7105816398 	 8.89035396253e-05
18.7456201822 	 9.58406382591e-05
18.7806587246 	 4.07405695461e-05
18.815697267 	 5.09119758955e-05
18.8507358094 	 1.6922095423e-05
18.8857743518 	 3.32540318958e-05
18.9208128942 	 8.05563034852e-05
18.9558514366 	 1.13504137592e-05
18.990889979 	 4.50132187051e-05
19.0259285214 	 1.81002260924e-05
19.0609670638 	 7.43574437725e-05
19.0960056062 	 8.33582871715e-05
19.1310441486 	 8.77332491137e-05
19.166082691 	 9.08724122013e-05
19.2011212334 	 6.06159693372e-05
19.2361597758 	 7.93301056271e-05
19.2711983181 	 0.0001084111587
19.3062368605 	 0.000123621800885
19.3412754029 	 0.000155770786393
19.3763139453 	 0.000143580813389
19.4113524877 	 0.000128081793857
19.4463910301 	 0.000151872848718
19.4814295725 	 0.00014504072019
19.5164681149 	 6.72394008354e-05
19.5515066573 	 4.65147082075e-05
19.5865451997 	 2.39299386239e-05
19.6215837421 	 3.41458329178e-05
19.6566222845 	 6.10645979702e-05
19.6916608269 	 7.91800221026e-05
19.7266993693 	 5.47269957059e-05
19.7617379117 	 0.000110326949496
19.7967764541 	 4.4224934841e-05
19.8318149965 	 7.5460157652e-05
19.8668535389 	 6.90599806563e-05
19.9018920813 	 3.48997487434e-05
19.9369306237 	 9.26715174555e-05
19.9719691661 	 0.000132927787579
20.0070077085 	 4.69830394419e-05
20.0420462509 	 0.000102063693702
20.0770847933 	 0.00014285857606
20.1121233357 	 0.000133325315871
20.1471618781 	 0.000101734929466
20.1822004205 	 1.94111967623e-05
20.2172389629 	 2.90888620125e-05
20.2522775053 	 4.38135294913e-05
20.2873160477 	 0.000123166333464
20.32235459 	 9.08314133091e-05
20.3573931324 	 3.1258586192e-05
20.3924316748 	 5.26972462924e-05
20.4274702172 	 4.61156536334e-05
20.4625087596 	 3.80294814944e-05
20.497547302 	 8.20485068917e-05
20.5325858444 	 7.14767552568e-05
20.5676243868 	 1.80576987275e-05
20.6026629292 	 0.00011117000723
20.6377014716 	 7.32467523883e-05
20.672740014 	 2.88248494749e-05
20.7077785564 	 4.42815910405e-05
20.7428170988 	 6.32484778169e-05
20.7778556412 	 2.28389065508e-05
20.8128941836 	 5.19210753246e-05
20.847932726 	 5.35547676474e-05
20.8829712684 	 3.33501825864e-05
20.9180098108 	 1.83823258958e-05
20.9530483532 	 5.70312001667e-05
20.9880868956 	 8.42736291963e-05
21.023125438 	 0.000104617292611
21.0581639804 	 0.000109014624306
21.0932025228 	 0.000146856357856
21.1282410652 	 0.000195219673644
21.1632796076 	 0.000188752097597
21.19831815 	 0.000104432614582
21.2333566924 	 4.15126318818e-05
21.2683952348 	 3.44548037923e-05
21.3034337772 	 9.11279592458e-05
21.3384723196 	 8.81927641942e-05
21.3735108619 	 3.31196084699e-05
21.4085494043 	 4.03137261464e-05
21.4435879467 	 5.97186160667e-05
21.4786264891 	 5.87012902863e-05
21.5136650315 	 5.58005644789e-05
21.5487035739 	 1.5466594823e-05
21.5837421163 	 3.320808322e-05
21.6187806587 	 7.82839559693e-05
21.6538192011 	 9.08981617453e-05
21.6888577435 	 3.81486628792e-05
21.7238962859 	 5.55048044563e-05
21.7589348283 	 3.63152854972e-05
21.7939733707 	 1.09941079839e-05
21.8290119131 	 4.19768341477e-05
21.8640504555 	 2.06111380157e-05
21.8990889979 	 1.63407460335e-05
21.9341275403 	 3.57191672924e-05
21.9691660827 	 3.92405188456e-05
22.0042046251 	 3.40492252473e-05
22.0392431675 	 3.17639036411e-05
22.0742817099 	 2.68134055206e-05
22.1093202523 	 3.32139371553e-05
22.1443587947 	 3.61757869687e-05
22.1793973371 	 1.32109132277e-05
22.2144358795 	 2.87228615529e-05
22.2494744219 	 1.62435937814e-05
22.2845129643 	 1.69815680433e-05
22.3195515067 	 4.32093146621e-05
22.3545900491 	 3.63245980807e-05
22.3896285915 	 2.78805964171e-05
22.4246671338 	 7.09885186654e-05
22.4597056762 	 0.000103602106399
22.4947442186 	 8.4653978059e-05
22.529782761 	 5.00307801363e-05
22.5648213034 	 4.34909078144e-05
22.5998598458 	 7.93177561965e-05
22.6348983882 	 7.63712863534e-05
22.6699369306 	 8.37585821612e-05
22.704975473 	 5.58618185365e-05
22.7400140154 	 3.38091438916e-05
22.7750525578 	 2.32307142709e-05
22.8100911002 	 4.87727445072e-05
22.8451296426 	 3.34387344655e-05
22.880168185 	 2.32230836515e-05
22.9152067274 	 7.65163308261e-06
22.9502452698 	 4.57343519135e-05
22.9852838122 	 4.8072614805e-05
23.0203223546 	 4.96291354049e-05
23.055360897 	 1.22294502596e-05
23.0903994394 	 2.25099759606e-05
23.1254379818 	 2.82863071226e-05
23.1604765242 	 3.65480248278e-05
23.1955150666 	 5.81117614527e-05
23.230553609 	 5.90608891412e-05
23.2655921514 	 3.2351162241e-05
23.3006306938 	 7.28381163241e-06
23.3356692362 	 2.75579436402e-05
23.3707077786 	 4.99621852939e-05
23.405746321 	 9.18946831183e-05
23.4407848633 	 8.34877166565e-05
23.4758234057 	 3.37766336254e-05
23.5108619481 	 4.059456903e-05
23.5459004905 	 2.7377783611e-05
23.5809390329 	 2.72046425509e-05
23.6159775753 	 3.14918369133e-05
23.6510161177 	 3.33749374682e-05
23.6860546601 	 2.84127479989e-05
23.7210932025 	 5.07128123905e-05
23.7561317449 	 4.93238755206e-05
23.7911702873 	 2.54805355897e-05
23.8262088297 	 3.31829275377e-05
23.8612473721 	 5.91395965727e-05
23.8962859145 	 8.60958646253e-05
23.9313244569 	 4.52865772782e-05
23.9663629993 	 1.69255886112e-05
24.0014015417 	 5.01774628538e-05
24.0364400841 	 7.49775479577e-05
24.0714786265 	 0.000105933962391
24.1065171689 	 0.00010012243753
24.1415557113 	 5.59896641397e-05
24.1765942537 	 4.90959393286e-05
24.2116327961 	 4.33895072938e-05
24.2466713385 	 4.46732431851e-05
24.2817098809 	 6.37183689577e-05
24.3167484233 	 6.14690506224e-05
24.3517869657 	 3.69585259716e-05
24.3868255081 	 2.43250588497e-05
24.4218640505 	 1.99990817095e-05
24.4569025929 	 1.63468800007e-05
24.4919411352 	 4.60290394284e-05
24.5269796776 	 4.04805591564e-05
24.56201822 	 4.34818178637e-05
24.5970567624 	 5.97919007845e-05
24.6320953048 	 6.40233610668e-05
24.6671338472 	 5.97148307272e-05
24.7021723896 	 4.04109999973e-05
24.737210932 	 4.18881183847e-05
24.7722494744 	 4.43384920016e-05
24.8072880168 	 3.43343977049e-05
24.8423265592 	 8.8016052034e-06
24.8773651016 	 2.05012458539e-05
24.912403644 	 2.54527675668e-05
24.9474421864 	 2.0652736012e-05
24.9824807288 	 2.00461458659e-05
25.0175192712 	 1.24979476237e-05
25.0525578136 	 2.50037781494e-05
25.087596356 	 3.74563577577e-05
25.1226348984 	 4.63351102425e-05
25.1576734408 	 1.07379366755e-05
25.1927119832 	 1.57620049648e-05
25.2277505256 	 3.90641389258e-05
25.262789068 	 5.92463452787e-05
25.2978276104 	 5.26958072422e-05
25.3328661528 	 4.15744922752e-05
25.3679046952 	 1.49269477854e-05
25.4029432376 	 4.30861279881e-05
25.43798178 	 6.20130062818e-05
25.4730203224 	 6.50903573285e-05
25.5080588648 	 7.17909756642e-05
25.5430974071 	 6.92446571645e-05
25.5781359495 	 5.74753081677e-05
25.6131744919 	 2.8743250501e-05
25.6482130343 	 1.70926091504e-05
25.6832515767 	 2.36125576906e-05
25.7182901191 	 1.8712391976e-05
25.7533286615 	 5.56021538012e-06
25.7883672039 	 1.30482752814e-05
25.8234057463 	 2.39236013509e-05
25.8584442887 	 3.57084055357e-05
25.8934828311 	 4.96974436836e-05
25.9285213735 	 2.81372516316e-05
25.9635599159 	 1.49032799243e-05
25.9985984583 	 2.32389047476e-05
26.0336370007 	 2.37137591425e-05
26.0686755431 	 3.27893956478e-05
26.1037140855 	 4.15267580004e-05
26.1387526279 	 4.81555555045e-05
26.1737911703 	 2.41322615423e-05
26.2088297127 	 3.84663235403e-05
26.2438682551 	 4.48280971742e-05
26.2789067975 	 4.65412450682e-05
26.3139453399 	 5.01205614631e-05
26.3489838823 	 6.49168069869e-05
26.3840224247 	 6.60327767122e-05
26.4190609671 	 3.56796323501e-05
26.4540995095 	 2.75361176707e-05
26.4891380519 	 1.7179625959e-05
26.5241765943 	 3.45948677889e-05
26.5592151367 	 3.0232134389e-05
26.594253679 	 5.57226363633e-05
26.6292922214 	 4.04662021127e-05
26.6643307638 	 2.30556823668e-05
26.6993693062 	 3.50964466203e-05
26.7344078486 	 2.66562443776e-05
26.769446391 	 2.74226482731e-05
26.8044849334 	 2.11402245057e-05
26.8395234758 	 3.33067558952e-05
26.8745620182 	 6.76995595831e-05
26.9096005606 	 6.72970508329e-05
26.944639103 	 4.51109788238e-05
26.9796776454 	 1.39693942281e-05
27.0147161878 	 4.6760560962e-05
27.0497547302 	 4.96036128759e-05
27.0847932726 	 5.13417537963e-05
27.119831815 	 7.52661627644e-05
27.1548703574 	 6.80590116028e-05
27.1899088998 	 5.55694791881e-05
27.2249474422 	 1.91734580084e-05
27.2599859846 	 2.17203881566e-05
27.295024527 	 3.29043234171e-05
27.3300630694 	 7.28684272695e-06
27.3651016118 	 3.48049344047e-05
27.4001401542 	 3.87364622325e-05
27.4351786966 	 2.61876475276e-05
27.470217239 	 3.37207954333e-05
27.5052557814 	 3.26908557805e-05
27.5402943238 	 1.81149689106e-05
27.5753328662 	 2.4793761584e-05
27.6103714085 	 1.69893344416e-05
27.6454099509 	 3.82309314268e-05
27.6804484933 	 3.19793779094e-05
27.7154870357 	 1.71232596516e-05
27.7505255781 	 1.8296805744e-05
27.7855641205 	 2.30353785217e-05
27.8206026629 	 2.08012752737e-05
27.8556412053 	 2.0447618807e-06
27.8906797477 	 8.75195422965e-06
27.9257182901 	 3.09265782014e-05
27.9607568325 	 4.56541671027e-05
27.9957953749 	 3.80095136408e-05
28.0308339173 	 4.56695186602e-05
28.0658724597 	 3.43396720299e-05
28.1009110021 	 1.36442388993e-05
28.1359495445 	 1.7205073737e-05
28.1709880869 	 1.56224910261e-06
28.2060266293 	 8.07831599695e-06
28.2410651717 	 1.1503028157e-05
28.2761037141 	 4.35199223859e-05
28.3111422565 	 1.91384131959e-05
28.3461807989 	 3.0588803345e-05
28.3812193413 	 2.36842299029e-05
28.4162578837 	 1.22976285126e-05
28.4512964261 	 2.60958005966e-05
28.4863349685 	 3.35896100878e-05
28.5213735109 	 1.95050128398e-05
28.5564120533 	 1.37249979642e-05
28.5914505957 	 1.79455783433e-05
28.6264891381 	 2.49697893112e-05
28.6615276804 	 5.9309208197e-05
28.6965662228 	 7.872415423e-05
28.7316047652 	 7.63618678773e-05
28.7666433076 	 5.29981902551e-05
28.80168185 	 2.49744215171e-05
28.8367203924 	 2.71966891482e-05
28.8717589348 	 3.6284180832e-05
28.9067974772 	 4.26079429499e-05
28.9418360196 	 3.6987139131e-05
28.976874562 	 3.14313853496e-05
29.0119131044 	 4.17197053624e-05
29.0469516468 	 3.8364822235e-05
29.0819901892 	 1.92025544812e-06
29.1170287316 	 3.62206587632e-05
29.152067274 	 3.44108566823e-05
29.1871058164 	 3.02013848316e-05
29.2221443588 	 2.41171027388e-05
29.2571829012 	 5.48012730318e-05
29.2922214436 	 6.05523855662e-05
29.327259986 	 6.82822283908e-05
29.3622985284 	 6.60117196264e-05
29.3973370708 	 7.04041297696e-05
29.4323756132 	 6.38810701604e-05
29.4674141556 	 3.78606081456e-05
29.502452698 	 1.674267928e-05
29.5374912404 	 2.75930305434e-05
29.5725297828 	 1.55091912165e-05
29.6075683252 	 4.63468088899e-05
29.6426068676 	 6.48979089441e-05
29.67764541 	 6.10181821225e-05
29.7126839523 	 5.31359726176e-05
29.7477224947 	 7.98282701157e-06
29.7827610371 	 3.30088653291e-05
29.8177995795 	 6.54862624215e-05
29.8528381219 	 6.98427576438e-05
29.8878766643 	 5.27407620648e-05
29.9229152067 	 2.79400489762e-05
29.9579537491 	 1.09214814939e-05
29.9929922915 	 2.52083803043e-05
30.0280308339 	 2.03503876923e-05
30.0630693763 	 2.35504981762e-05
30.0981079187 	 1.52520514902e-05
30.1331464611 	 1.40354536074e-06
30.1681850035 	 1.89665937854e-05
30.2032235459 	 1.09209130931e-05
30.2382620883 	 3.21709660919e-05
30.2733006307 	 2.08035842725e-05
30.3083391731 	 2.70464717197e-05
30.3433777155 	 4.66701346153e-06
30.3784162579 	 7.80382831235e-06
30.4134548003 	 3.58409853435e-05
30.4484933427 	 2.51038288578e-05
30.4835318851 	 2.16953917396e-05
30.5185704275 	 3.54468321793e-05
30.5536089699 	 4.68999507528e-05
30.5886475123 	 6.26818088807e-05
30.6236860547 	 5.63007035889e-05
30.6587245971 	 3.79511880215e-05
30.6937631395 	 5.03017136301e-05
30.7288016819 	 3.81063871345e-05
30.7638402242 	 3.10621245491e-05
30.7988787666 	 3.38118924185e-05
30.833917309 	 3.63094546648e-05
30.8689558514 	 4.12556963568e-05
30.9039943938 	 5.57686254797e-05
30.9390329362 	 4.6677858325e-05
30.9740714786 	 1.33342862662e-05
31.009110021 	 2.1054713207e-05
31.0441485634 	 2.29057101916e-05
31.0791871058 	 3.1367595981e-05
31.1142256482 	 3.21396752784e-05
31.1492641906 	 2.40513794966e-05
31.184302733 	 3.48065388743e-05
31.2193412754 	 1.31686464992e-05
31.2543798178 	 1.47697607761e-05
31.2894183602 	 2.98543336425e-05
31.3244569026 	 1.16937295473e-05
31.359495445 	 1.42435241246e-05
31.3945339874 	 1.29497981838e-05
31.4295725298 	 2.33996528594e-05
31.4646110722 	 1.47812595994e-05
31.4996496146 	 2.29533240926e-05
31.534688157 	 2.43323082469e-05
31.5697266994 	 2.18582808541e-05
31.6047652418 	 4.09874501906e-06
31.6398037842 	 2.46814988897e-05
31.6748423266 	 3.17413186813e-05
31.709880869 	 2.44500857506e-05
31.7449194114 	 2.76858874025e-05
31.7799579537 	 2.35415057966e-05
31.8149964961 	 2.78171985089e-05
31.8500350385 	 1.79226148329e-05
31.8850735809 	 3.39607005517e-05
31.9201121233 	 1.94392044281e-05
31.9551506657 	 2.17711410375e-05
31.9901892081 	 1.02427671462e-05
32.0252277505 	 3.25585795064e-05
32.0602662929 	 3.52111747045e-05
32.0953048353 	 3.04906505521e-05
32.1303433777 	 2.70859267817e-05
32.1653819201 	 3.46018878554e-05
32.2004204625 	 1.95135940194e-05
32.2354590049 	 2.84208846895e-05
32.2704975473 	 2.01229860404e-05
32.3055360897 	 2.17651939621e-05
32.3405746321 	 1.99166335107e-05
32.3756131745 	 1.69589441629e-05
32.4106517169 	 1.91891730597e-05
32.4456902593 	 4.25938192303e-05
32.4807288017 	 4.29227833676e-05
32.5157673441 	 3.64252605065e-05
32.5508058865 	 1.90771725073e-05
32.5858444289 	 8.24551997845e-06
32.6208829713 	 1.80271221449e-05
32.6559215137 	 1.99481008391e-05
32.6909600561 	 3.03762716502e-05
32.7259985985 	 2.21337194823e-05
32.7610371409 	 3.54699612924e-05
32.7960756833 	 1.80719131371e-05
32.8311142256 	 1.56105419045e-05
32.866152768 	 1.57441620675e-05
32.9011913104 	 1.43848080961e-05
32.9362298528 	 1.4808058409e-05
32.9712683952 	 2.868685362e-06
33.0063069376 	 1.37065902251e-05
33.04134548 	 2.3706301333e-05
33.0763840224 	 2.72875943895e-05
33.1114225648 	 1.71951777834e-05
33.1464611072 	 1.75600542866e-05
33.1814996496 	 1.21971197304e-05
33.216538192 	 1.43853874543e-05
33.2515767344 	 6.74826190029e-06
33.2866152768 	 3.25184678822e-06
33.3216538192 	 8.3592025227e-06
33.3566923616 	 1.11569741807e-05
33.391730904 	 2.49375252863e-05
33.4267694464 	 3.48669830888e-05
33.4618079888 	 3.21751957019e-05
33.4968465312 	 1.76684964579e-05
33.5318850736 	 6.81311057866e-06
33.566923616 	 1.59650767684e-05
33.6019621584 	 1.74034815305e-05
33.6370007008 	 2.13442732905e-05
33.6720392432 	 1.56385482644e-05
33.7070777856 	 3.82390097479e-05
33.742116328 	 3.09946639661e-05
33.7771548704 	 1.83937314848e-05
33.8121934128 	 1.52161930564e-05
33.8472319552 	 2.18373199892e-05
33.8822704975 	 2.75281558626e-05
33.9173090399 	 1.30800352739e-05
33.9523475823 	 1.74106291485e-05
33.9873861247 	 1.68869321192e-05
34.0224246671 	 1.84098438598e-06
34.0574632095 	 8.11096739342e-06
34.0925017519 	 2.62776205641e-05
34.1275402943 	 2.79512681807e-05
34.1625788367 	 2.01240715613e-05
34.1976173791 	 3.43620002951e-05
34.2326559215 	 2.19962473895e-05
34.2676944639 	 1.41059736468e-05
34.3027330063 	 1.03018559011e-05
34.3377715487 	 1.56143046232e-05
34.3728100911 	 2.11338895961e-05
34.4078486335 	 6.99177366239e-06
34.4428871759 	 9.27502479471e-06
34.4779257183 	 1.35741939704e-05
34.5129642607 	 2.22992422322e-05
34.5480028031 	 5.76711272486e-06
34.5830413455 	 2.15860660356e-05
34.6180798879 	 2.73462729531e-05
34.6531184303 	 1.92034962154e-05
34.6881569727 	 1.43560726998e-05
34.7231955151 	 1.36317601486e-05
34.7582340575 	 1.85231472921e-05
34.7932725999 	 9.46961921353e-06
34.8283111423 	 1.54994229381e-05
34.8633496847 	 2.02145354808e-05
34.898388227 	 1.33083219854e-05
34.9334267694 	 1.14385396023e-05
34.9684653118 	 1.69522617472e-05
35.0035038542 	 6.08679995336e-06
35.0385423966 	 1.7247768418e-05
35.073580939 	 2.62777853468e-05
35.1086194814 	 1.96439564375e-05
35.1436580238 	 1.67522360922e-05
35.1786965662 	 2.60398119617e-05
35.2137351086 	 5.3337614123e-06
35.248773651 	 2.44704719786e-05
35.2838121934 	 3.76821322318e-05
35.3188507358 	 3.4793096457e-05
35.3538892782 	 1.54194852802e-05
35.3889278206 	 1.05183048487e-05
35.423966363 	 8.63472579134e-06
35.4590049054 	 1.56438411666e-05
35.4940434478 	 1.43495123375e-05
35.5290819902 	 8.82881363173e-06
35.5641205326 	 2.15620953297e-05
35.599159075 	 2.13874575153e-05
35.6341976174 	 2.27476777747e-05
35.6692361598 	 1.31188547773e-05
35.7042747022 	 1.21521937496e-05
35.7393132446 	 2.1146390034e-05
35.774351787 	 2.30330494775e-05
35.8093903294 	 1.34900648319e-05
35.8444288718 	 1.48433987221e-05
35.8794674142 	 2.42163484812e-05
35.9145059566 	 1.52772395085e-05
35.9495444989 	 4.82136785142e-06
35.9845830413 	 9.96734067638e-06
36.0196215837 	 1.23348733579e-05
36.0546601261 	 1.06017680611e-06
36.0896986685 	 3.27668914515e-06
36.1247372109 	 1.04335898364e-05
36.1597757533 	 2.05621803073e-05
36.1948142957 	 2.40939572979e-05
36.2298528381 	 2.51117537715e-05
36.2648913805 	 9.60539442735e-06
36.2999299229 	 1.58654530698e-05
36.3349684653 	 2.2325678711e-05
36.3700070077 	 1.24858998933e-05
36.4050455501 	 1.06719973486e-05
36.4400840925 	 1.79927108755e-05
36.4751226349 	 2.2762790853e-05
36.5101611773 	 7.39046287325e-06
36.5451997197 	 1.58414353156e-05
36.5802382621 	 2.11788438567e-05
36.6152768045 	 1.40961479117e-05
36.6503153469 	 1.19120799662e-05
36.6853538893 	 2.72272059308e-05
36.7203924317 	 1.90695398641e-05
36.7554309741 	 2.13721195715e-05
36.7904695165 	 1.61140039558e-05
36.8255080589 	 2.45188195645e-05
36.8605466013 	 1.57342596604e-05
36.8955851437 	 1.11732461263e-05
36.9306236861 	 2.10097598739e-05
36.9656622285 	 1.33445227383e-05
37.0007007708 	 1.77808671758e-06
37.0357393132 	 1.46717286827e-05
37.0707778556 	 2.47530073587e-05
37.105816398 	 1.60995363488e-05
37.1408549404 	 1.2439156552e-05
37.1758934828 	 5.84780903009e-06
37.2109320252 	 5.82431868986e-06
37.2459705676 	 4.62113182413e-06
37.28100911 	 7.47001530397e-06
37.3160476524 	 3.4351697284e-06
37.3510861948 	 1.46512849006e-05
37.3861247372 	 2.47891775893e-05
37.4211632796 	 1.56005470439e-05
37.456201822 	 1.10888527652e-05
37.4912403644 	 4.9078389537e-06
37.5262789068 	 2.11463689067e-05
37.5613174492 	 2.2955011975e-05
37.5963559916 	 2.25289736517e-05
37.631394534 	 1.30395349612e-05
37.6664330764 	 7.53910759283e-06
37.7014716188 	 3.0948839991e-06
37.7365101612 	 1.66898625289e-05
37.7715487036 	 2.06223128338e-05
37.806587246 	 1.71296833919e-05
37.8416257884 	 1.75149243628e-05
37.8766643308 	 6.52864201719e-06
37.9117028732 	 1.0948861454e-05
37.9467414156 	 1.79490126875e-05
37.981779958 	 1.72333047513e-05
38.0168185004 	 2.46031619657e-05
38.0518570427 	 2.16494267714e-05
38.0868955851 	 1.84096658971e-05
38.1219341275 	 1.28981052893e-05
38.1569726699 	 7.53758683181e-06
38.1920112123 	 7.25664256635e-06
38.2270497547 	 1.14591331853e-05
38.2620882971 	 2.32045439471e-05
38.2971268395 	 2.35732259656e-05
38.3321653819 	 2.41157414459e-05
38.3672039243 	 2.0838620811e-05
38.4022424667 	 1.43601418827e-05
38.4372810091 	 4.66440640684e-06
38.4723195515 	 5.88419855375e-06
38.5073580939 	 8.95532508619e-06
38.5423966363 	 8.37314966972e-06
38.5774351787 	 1.67217027581e-05
38.6124737211 	 2.83665962791e-05
38.6475122635 	 2.40926480905e-05
38.6825508059 	 1.33094733716e-05
38.7175893483 	 5.39763418364e-06
38.7526278907 	 1.27325088779e-05
38.7876664331 	 1.52523253616e-05
38.8227049755 	 1.02811333753e-05
38.8577435179 	 1.27479455944e-05
38.8927820603 	 1.79861300177e-05
38.9278206027 	 1.75764462943e-05
38.9628591451 	 1.50624896146e-05
38.9978976875 	 1.2459058038e-05
39.0329362299 	 1.94134788521e-05
39.0679747722 	 2.22559402942e-05
39.1030133146 	 1.66455981435e-05
39.138051857 	 1.29684727447e-05
39.1730903994 	 6.66211430641e-06
39.2081289418 	 7.40421976506e-06
39.2431674842 	 1.28792477179e-05
39.2782060266 	 1.36476996084e-05
39.313244569 	 9.5591993436e-06
39.3482831114 	 1.38420718656e-05
39.3833216538 	 1.52072500124e-05
39.4183601962 	 2.60152311475e-05
39.4533987386 	 2.43954163573e-05
39.488437281 	 1.98218995981e-05
39.5234758234 	 1.38978660702e-05
39.5585143658 	 1.09151960707e-05
39.5935529082 	 5.95638555159e-06
39.6285914506 	 7.64654588705e-06
39.663629993 	 1.17788344669e-05
39.6986685354 	 8.55484080607e-06
39.7337070778 	 6.58448682065e-06
39.7687456202 	 2.8091146264e-06
39.8037841626 	 4.25253191042e-06
39.838822705 	 4.5959797992e-06
39.8738612474 	 4.98705290056e-06
39.9088997898 	 8.43028857595e-06
39.9439383322 	 1.19182180892e-05
39.9789768746 	 1.31183729925e-05
40.014015417 	 1.37664877376e-05
40.0490539594 	 1.67051504874e-05
40.0840925018 	 1.52494679473e-05
40.1191310441 	 1.13749510518e-05
40.1541695865 	 1.41875819217e-05
40.1892081289 	 1.33003203864e-05
40.2242466713 	 1.10202093277e-05
40.2592852137 	 1.07028788788e-05
40.2943237561 	 6.87248314321e-06
40.3293622985 	 1.69480966915e-06
40.3644008409 	 9.66388414021e-06
40.3994393833 	 8.44411986863e-06
40.4344779257 	 1.60024647981e-05
40.4695164681 	 9.28852036253e-06
40.5045550105 	 5.5502036764e-06
40.5395935529 	 5.04792980677e-06
40.5746320953 	 1.01486740179e-05
40.6096706377 	 2.06698674781e-05
40.6447091801 	 1.76339236581e-05
40.6797477225 	 1.37611102345e-05
40.7147862649 	 7.34137522635e-06
40.7498248073 	 3.1407465157e-06
40.7848633497 	 4.9576059753e-06
40.8199018921 	 6.97995441007e-06
40.8549404345 	 3.37465754154e-06
40.8899789769 	 2.7390227623e-06
40.9250175193 	 6.82831722284e-06
40.9600560617 	 1.00573268379e-05
40.9950946041 	 1.32827325276e-05
41.0301331465 	 1.7026368985e-05
41.0651716889 	 1.23179942742e-05
41.1002102313 	 2.77166117177e-06
41.1352487737 	 7.08951958124e-06
41.170287316 	 8.75714036489e-06
41.2053258584 	 4.66630975918e-06
41.2403644008 	 9.11748294495e-06
41.2754029432 	 1.37129211873e-05
41.3104414856 	 1.35315438505e-05
41.345480028 	 1.46932044509e-05
41.3805185704 	 1.18880611565e-05
41.4155571128 	 6.08298825075e-06
41.4505956552 	 5.27654332095e-06
41.4856341976 	 3.31603367586e-06
41.52067274 	 1.06222239908e-05
41.5557112824 	 6.67544162205e-06
41.5907498248 	 9.07739339213e-06
41.6257883672 	 1.93538222985e-05
41.6608269096 	 1.57201397351e-05
41.695865452 	 1.10600674071e-05
41.7309039944 	 9.80598333983e-06
41.7659425368 	 9.19110949754e-06
41.8009810792 	 4.29857445859e-06
41.8360196216 	 1.26815456195e-05
41.871058164 	 1.02578997494e-05
41.9060967064 	 7.53694284063e-06
41.9411352488 	 5.19077731071e-06
41.9761737912 	 7.93865456804e-06
42.0112123336 	 3.28092798822e-06
42.046250876 	 1.2028946394e-05
42.0812894184 	 1.0061818539e-05
42.1163279608 	 3.78164533327e-06
42.1513665032 	 4.04278865032e-06
42.1864050456 	 2.20886389755e-06
42.2214435879 	 1.33136040048e-06
42.2564821303 	 6.74661105232e-06
42.2915206727 	 7.81550264886e-06
42.3265592151 	 7.59363778082e-06
42.3615977575 	 6.81560198392e-06
42.3966362999 	 9.11867028825e-06
42.4316748423 	 9.24065659562e-06
42.4667133847 	 5.64435192814e-06
42.5017519271 	 2.50131474158e-06
42.5367904695 	 7.62169525765e-06
42.5718290119 	 1.11283293081e-05
42.6068675543 	 1.04127105473e-05
42.6419060967 	 5.65227122633e-06
42.6769446391 	 2.69320443077e-07
42.7119831815 	 5.48594470836e-06
42.7470217239 	 3.18884624222e-06
42.7820602663 	 5.30098389055e-06
42.8170988087 	 6.58757645131e-06
42.8521373511 	 8.22087565122e-06
42.8871758935 	 7.94446767724e-06
42.9222144359 	 6.66392390584e-06
42.9572529783 	 5.54950238535e-06
42.9922915207 	 1.18180387699e-05
43.0273300631 	 7.05352888892e-06
43.0623686055 	 2.5653115684e-06
43.0974071479 	 3.21192483843e-06
43.1324456903 	 8.67985154954e-06
43.1674842327 	 8.25885497609e-06
43.2025227751 	 1.05567092973e-05
43.2375613174 	 1.52388455693e-05
43.2725998598 	 1.29953249801e-05
43.3076384022 	 1.38847677743e-06
43.3426769446 	 6.32571050046e-06
43.377715487 	 9.43695599285e-06
43.4127540294 	 9.89742163889e-06
43.4477925718 	 5.00428657029e-06
43.4828311142 	 1.07387665437e-05
43.5178696566 	 1.13939855305e-05
43.552908199 	 7.44971399774e-06
43.5879467414 	 8.29310460217e-06
43.6229852838 	 1.11218966804e-05
43.6580238262 	 1.0226955504e-05
43.6930623686 	 8.14076689314e-06
43.728100911 	 4.92876892156e-06
43.7631394534 	 3.81130915827e-06
43.7981779958 	 5.52952607507e-06
43.8332165382 	 9.78600983894e-06
43.8682550806 	 9.6232972637e-06
43.903293623 	 5.14362776149e-06
43.9383321654 	 6.05227796696e-06
43.9733707078 	 1.12154950936e-05
44.0084092502 	 8.3564106714e-06
44.0434477926 	 1.05810782547e-05
44.078486335 	 8.73849864597e-06
44.1135248774 	 8.99173178567e-06
44.1485634198 	 4.36002984601e-06
44.1836019622 	 3.05537271887e-06
44.2186405046 	 3.9179552846e-06
44.253679047 	 6.26155614444e-06
44.2887175893 	 5.74444768936e-06
44.3237561317 	 4.85853136769e-06
44.3587946741 	 7.58159765846e-06
44.3938332165 	 1.4593468632e-05
44.4288717589 	 1.78843578888e-05
44.4639103013 	 1.9414496826e-05
44.4989488437 	 1.74019408229e-05
44.5339873861 	 1.31697094815e-05
44.5690259285 	 9.36374623258e-06
44.6040644709 	 9.31122602836e-06
44.6391030133 	 1.09263979043e-05
44.6741415557 	 1.6845450499e-05
44.7091800981 	 1.70028945206e-05
44.7442186405 	 7.55217672066e-06
44.7792571829 	 6.68577608853e-06
44.8142957253 	 1.20306350982e-05
44.8493342677 	 1.35445040686e-05
44.8843728101 	 1.72465799285e-05
44.9194113525 	 1.56574461972e-05
44.9544498949 	 8.61556525321e-06
44.9894884373 	 1.12511844667e-06
45.0245269797 	 5.29084569725e-06
45.0595655221 	 4.78018332599e-06
45.0946040645 	 3.22918456979e-06
45.1296426069 	 1.55786614406e-06
45.1646811493 	 5.52435115033e-06
45.1997196917 	 4.22142293758e-06
45.2347582341 	 6.678523301e-06
45.2697967765 	 7.23086016724e-06
45.3048353189 	 7.29553112291e-06
45.3398738612 	 8.89255363431e-06
45.3749124036 	 1.09945564089e-05
45.409950946 	 6.26646143258e-06
45.4449894884 	 4.65465535667e-06
45.4800280308 	 7.02534387069e-06
45.5150665732 	 1.29286851075e-05
45.5501051156 	 1.15081850424e-05
45.585143658 	 1.65645233793e-05
45.6201822004 	 1.8584985107e-05
45.6552207428 	 1.47262733673e-05
45.6902592852 	 8.63814412616e-06
45.7252978276 	 6.19534489082e-06
45.76033637 	 7.53920034322e-06
45.7953749124 	 6.25065741396e-06
45.8304134548 	 3.23376237803e-06
45.8654519972 	 3.40224539336e-06
45.9004905396 	 3.25881576974e-06
45.935529082 	 2.73540867615e-06
45.9705676244 	 3.90566488357e-06
46.0056061668 	 5.07941015158e-06
46.0406447092 	 6.87429174943e-06
46.0756832516 	 9.31437765311e-06
46.110721794 	 1.12440301301e-05
46.1457603364 	 1.42956711589e-05
46.1807988788 	 1.33433233196e-05
46.2158374212 	 1.17711069685e-05
46.2508759636 	 4.45559922041e-06
46.285914506 	 2.81581079866e-06
46.3209530484 	 6.00280312374e-07
46.3559915907 	 1.47969742137e-06
46.3910301331 	 6.4689205726e-06
46.4260686755 	 8.59490071119e-06
46.4611072179 	 1.09236563213e-05
46.4961457603 	 8.27890197529e-06
46.5311843027 	 8.25578614513e-06
46.5662228451 	 6.95081087869e-06
46.6012613875 	 9.58178113419e-06
46.6362999299 	 8.08150442217e-06
46.6713384723 	 5.33948382537e-06
46.7063770147 	 6.17273789906e-06
46.7414155571 	 7.31012872985e-06
46.7764540995 	 8.99434322979e-06
46.8114926419 	 4.5968852965e-06
46.8465311843 	 8.72915747694e-06
46.8815697267 	 1.01195329759e-05
46.9166082691 	 1.57110829166e-05
46.9516468115 	 1.11401875208e-05
46.9866853539 	 9.49108605444e-06
47.0217238963 	 5.87597770479e-06
47.0567624387 	 4.16053170278e-06
47.0918009811 	 1.77738871816e-06
47.1268395235 	 1.61462866639e-06
47.1618780659 	 3.69343856703e-06
47.1969166083 	 5.14234464795e-06
47.2319551507 	 6.9824777727e-06
47.2669936931 	 1.13250280958e-05
47.3020322355 	 1.30156350372e-05
47.3370707779 	 5.35508504385e-06
47.3721093203 	 4.62417861501e-06
47.4071478626 	 1.0436111361e-05
47.442186405 	 7.7482466737e-06
47.4772249474 	 1.01317336934e-05
47.5122634898 	 1.02656471933e-05
47.5473020322 	 1.33634885317e-05
47.5823405746 	 1.38516297144e-05
47.617379117 	 1.19629672714e-05
47.6524176594 	 7.14695433502e-06
47.6874562018 	 2.1413663815e-06
47.7224947442 	 5.15400949979e-06
47.7575332866 	 7.68929235363e-06
47.792571829 	 9.31646356842e-06
47.8276103714 	 8.69760355369e-06
47.8626489138 	 8.89686518536e-06
47.8976874562 	 7.78246639045e-06
47.9327259986 	 7.79708346719e-06
47.967764541 	 3.85758104599e-06
48.0028030834 	 5.48877508693e-06
48.0378416258 	 8.13492754827e-06
48.0728801682 	 6.1988627618e-06
48.1079187106 	 7.50265903898e-06
48.142957253 	 5.529615755e-06
48.1779957954 	 4.37717224325e-06
48.2130343378 	 2.81089872268e-06
48.2480728802 	 1.42736998764e-06
48.2831114226 	 4.4283945986e-06
48.318149965 	 6.13247063944e-06
48.3531885074 	 5.48410972309e-06
48.3882270498 	 2.78948345164e-06
48.4232655922 	 3.20768587055e-06
48.4583041345 	 3.94111382437e-06
48.4933426769 	 6.40984516918e-06
48.5283812193 	 7.24157199435e-06
48.5634197617 	 6.72074647144e-06
48.5984583041 	 4.68820913018e-06
48.6334968465 	 5.32758878214e-06
48.6685353889 	 5.43142392671e-06
48.7035739313 	 3.52654726323e-06
48.7386124737 	 4.43957612916e-06
48.7736510161 	 2.37591113578e-06
48.8086895585 	 5.28563490286e-06
48.8437281009 	 8.26892109845e-06
48.8787666433 	 7.95878361034e-06
48.9138051857 	 8.41315013993e-06
48.9488437281 	 6.87436746202e-06
48.9838822705 	 2.79637077793e-06
49.0189208129 	 3.34069007624e-06
49.0539593553 	 4.91803259701e-06
49.0889978977 	 2.24909949745e-06
49.1240364401 	 2.52191507422e-06
49.1590749825 	 4.52308923957e-07
49.1941135249 	 3.90648600121e-06
49.2291520673 	 3.46760716182e-06
49.2641906097 	 7.05718525594e-08
49.2992291521 	 3.58420956185e-06
49.3342676945 	 4.08033662544e-06
49.3693062369 	 9.38200501733e-06
49.4043447793 	 8.86123800668e-06
49.4393833217 	 1.04148068103e-05
49.4744218641 	 1.15012169034e-05
49.5094604064 	 1.37064182773e-05
49.5444989488 	 7.39566803786e-06
49.5795374912 	 5.02487708335e-06
49.6145760336 	 3.11297583349e-06
49.649614576 	 4.14602085174e-06
49.6846531184 	 5.89895732001e-06
49.7196916608 	 6.54849773034e-06
49.7547302032 	 7.24354315655e-06
49.7897687456 	 6.9324833637e-06
49.824807288 	 6.65421342812e-06
49.8598458304 	 6.20841221062e-06
49.8948843728 	 4.20722972777e-06
49.9299229152 	 6.04882756283e-06
49.9649614576 	 8.04472858815e-06
50.0 	 6.3006419462e-06
