0.0  0.0
0.005  -1.941112e-06
0.01  -8.392789e-06
0.015  -2.08733e-05
0.02  -4.116487e-05
0.025  -7.074231e-05
0.03  -0.0001100459
0.035  -0.0001578287
0.04  -0.0002110298
0.045  -0.0002650672
0.05  -0.0003143513
0.055  -0.0003529887
0.06  -0.0003756764
0.065  -0.0003789776
0.07  -0.0003623206
0.075  -0.0003273747
0.08  -0.0002756219
0.085  -0.0002056668
0.09  -0.0001126021
0.095  1.068899e-05
0.1  0.0001720487
0.105  0.0003778904
0.11  0.0006307438
0.115  0.0009274558
0.12  0.001256778
0.125  0.001598371
0.13  0.001925236
0.135  0.002207698
0.14  0.002422447
0.145  0.002563025
0.15  0.002638047
0.155  0.002660935
0.16  0.002647197
0.165  0.002621171
0.17  0.002620491
0.17500000000000002  0.002692222
0.18  0.002883032
0.185  0.003225687
0.19  0.003724543
0.195  0.004349651
0.2  0.005047765
0.20500000000000002  0.005755443
0.21  0.006401065
0.215  0.006908698
0.22  0.007210808
0.225  0.007263151
0.23  0.007047059
0.23500000000000001  0.006561968
0.24  0.005833673
0.245  0.004924553
0.25  0.003920846
0.255  0.002909636
0.26  0.00196151
0.265  0.001121514
0.27  0.0004139659
0.275  -0.0001443837
0.28  -0.0005427641
0.28500000000000003  -0.0007824492
0.29  -0.000872438
0.295  -0.0008234577
0.3  -0.0006550437
0.305  -0.0004052655
0.31  -0.0001305755
0.315  0.0001023259
0.32  0.0002313966
0.325  0.0002195122
0.33  7.763439e-05
0.335  -0.0001317239
0.34  -0.0003328809
0.34500000000000003  -0.0004760776
0.35000000000000003  -0.0005398068
0.355  -0.0005131378
0.36  -0.0003827838
0.365  -0.0001327094
0.37  0.0002509912
0.375  0.0007740942
0.38  0.001432235
0.385  0.002213578
0.39  0.00309881
0.395  0.004061828
0.4  0.005071683
0.405  0.006090306
0.41000000000000003  0.007070889
0.41500000000000004  0.0079569
0.42  0.008678707
0.425  0.009159912
0.43  0.009329396
0.435  0.009128524
0.44  0.008530898
0.445  0.007569673
0.45  0.006337818
0.455  0.004951582
0.46  0.003515298
0.465  0.002119749
0.47000000000000003  0.0008456026
0.47500000000000003  -0.0002461829
0.48  -0.001116926
0.485  -0.001742465
0.49  -0.002104537
0.495  -0.002192852
0.5  -0.002020651
0.505  -0.001630145
0.51  -0.00108557
0.515  -0.0004719108
0.52  0.000122872
0.525  0.0006434805
0.53  0.001078547
0.535  0.00144414
0.54  0.001756996
0.545  0.002011733
0.55  0.002180729
0.555  0.002233561
0.56  0.002163962
0.5650000000000001  0.002004662
0.5700000000000001  0.001809097
0.5750000000000001  0.001621266
0.58  0.001468501
0.585  0.001372959
0.59  0.001359287
0.595  0.001450484
0.6  0.001657859
0.605  0.001972686
0.61  0.002361648
0.615  0.002773331
0.62  0.00316034
0.625  0.003493675
0.63  0.003759591
0.635  0.003959657
0.64  0.004109037
0.645  0.004221392
0.65  0.004297214
0.655  0.004326682
0.66  0.004301483
0.665  0.004227038
0.67  0.004125456
0.675  0.004024766
0.68  0.00394337
0.685  0.00388599
0.6900000000000001  0.003849307
0.6950000000000001  0.003821418
0.7000000000000001  0.003776134
0.705  0.003676676
0.71  0.003487739
0.715  0.003185812
0.72  0.002770613
0.725  0.00227419
0.73  0.001747916
0.735  0.001234467
0.74  0.0007597852
0.745  0.0003457923
0.75  1.87351e-05
0.755  -0.0001931542
0.76  -0.0002670438
0.765  -0.0001921556
0.77  2.93174e-05
0.775  0.0003817509
0.78  0.0008319998
0.785  0.001338227
0.79  0.001869306
0.795  0.002407718
0.8  0.002939074
0.805  0.003445952
0.81  0.003907185
0.8150000000000001  0.004300402
0.8200000000000001  0.004605279
0.8250000000000001  0.004803963
0.8300000000000001  0.004878103
0.835  0.004805916
0.84  0.004565234
0.845  0.004144379
0.85  0.003554074
0.855  0.002828869
0.86  0.002019156
0.865  0.001186281
0.87  0.0003937675
0.875  -0.0003139635
0.88  -0.000918073
0.885  -0.001407875
0.89  -0.001769421
0.895  -0.001987676
0.9  -0.002051124
0.905  -0.001954034
0.91  -0.001700082
0.915  -0.001311043
0.92  -0.000829613
0.925  -0.000308122
0.93  0.0002102159
0.935  0.0007031608
0.9400000000000001  0.001162937
0.9450000000000001  0.001579617
0.9500000000000001  0.001934251
0.9550000000000001  0.002206831
0.96  0.002386819
0.965  0.002475318
0.97  0.002480242
0.975  0.002412141
0.98  0.002282973
0.985  0.002107817
0.99  0.00191052
0.995  0.001727526
1.0  0.001603777
1.0050000000000001  0.001577867
1.01  0.001664729
1.0150000000000001  0.001851437
1.02  0.002102823
1.025  0.002372092
1.03  0.002615461
1.035  0.002803518
1.04  0.002923879
1.045  0.00297544
1.05  0.0029656
1.055  0.002907902
1.06  0.002814487
1.065  0.002691714
1.07  0.002536597
1.075  0.002333881
1.08  0.002065505
1.085  0.001728715
1.09  0.001343636
1.095  0.0009484227
1.1  0.0005874329
1.105  0.0002983208
1.11  0.0001109072
1.115  4.668376e-05
1.12  0.0001037519
1.125  0.0002457323
1.1300000000000001  0.0004132159
1.135  0.0005456854
1.1400000000000001  0.000594625
1.145  0.0005311153
1.1500000000000001  0.0003545891
1.155  9.241208e-05
1.16  -0.0002084309
1.165  -0.0004942215
1.17  -0.0007218882
1.175  -0.0008667901
1.18  -0.0009199893
1.185  -0.0008867681
1.19  -0.0007899489
1.195  -0.0006691541
1.2  -0.0005676281
1.205  -0.0005144805
1.21  -0.0005198354
1.215  -0.0005821606
1.22  -0.0006900657
1.225  -0.0008225764
1.23  -0.0009569612
1.235  -0.001075397
1.24  -0.001166187
1.245  -0.001225498
1.25  -0.001259672
1.2550000000000001  -0.001280194
1.26  -0.0012944
1.2650000000000001  -0.001301287
1.27  -0.0012895
1.2750000000000001  -0.001235754
1.28  -0.001110983
1.285  -0.0008919158
1.29  -0.0005691926
1.295  -0.0001501552
1.3  0.0003416429
1.305  0.0008707935
1.31  0.001405306
1.315  0.001930368
1.32  0.002436531
1.325  0.002898919
1.33  0.003277871
1.335  0.003535745
1.34  0.003649976
1.345  0.003614911
1.35  0.003436973
1.355  0.003132108
1.36  0.002722365
1.365  0.002229496
1.37  0.001674959
1.375  0.001082503
1.3800000000000001  0.0004771491
1.385  -0.0001155109
1.3900000000000001  -0.0006698902
1.395  -0.001163034
1.4000000000000001  -0.001574957
1.405  -0.001884149
1.41  -0.002066785
1.415  -0.002105862
1.42  -0.002004626
1.425  -0.001795649
1.43  -0.001534697
1.435  -0.001279244
1.44  -0.001067192
1.445  -0.0009067723
1.45  -0.0007828221
1.455  -0.0006744473
1.46  -0.0005681317
1.465  -0.0004583632
1.47  -0.0003425602
1.475  -0.0002182759
1.48  -8.316849e-05
1.485  6.352414e-05
1.49  0.0002204412
1.495  0.0003852771
1.5  0.0005541736
1.5050000000000001  0.0007194025
1.51  0.0008696239
1.5150000000000001  0.0009933494
1.52  0.001081855
1.5250000000000001  0.00112912
1.53  0.001129159
1.5350000000000001  0.001072454
1.54  0.0009453062
1.545  0.0007346949
1.55  0.0004373318
1.555  6.762061e-05
1.56  -0.000345226
1.565  -0.0007697275
1.57  -0.001176943
1.575  -0.001537027
1.58  -0.001828014
1.585  -0.002051655
1.59  -0.002230007
1.595  -0.002384954
1.6  -0.002522497
1.605  -0.00263011
1.61  -0.002686273
1.615  -0.002676148
1.62  -0.002600321
1.625  -0.002474145
1.6300000000000001  -0.002323886
1.635  -0.002176712
1.6400000000000001  -0.002049358
1.645  -0.001948434
1.6500000000000001  -0.001873527
1.655  -0.001813431
1.6600000000000001  -0.001746405
1.665  -0.001648694
1.67  -0.001502498
1.675  -0.001301902
1.68  -0.001061617
1.685  -0.0008212966
1.69  -0.0006321466
1.695  -0.0005298611
1.7  -0.0005221988
1.705  -0.0006050056
1.71  -0.0007775182
1.715  -0.001035411
1.72  -0.001356561
1.725  -0.001697311
1.73  -0.002001413
1.735  -0.002216723
1.74  -0.002310195
1.745  -0.002276452
1.75  -0.002142874
1.7550000000000001  -0.001958656
1.76  -0.00176705
1.7650000000000001  -0.001589304
1.77  -0.001427719
1.7750000000000001  -0.001271887
1.78  -0.001104226
1.7850000000000001  -0.0009089499
1.79  -0.0006810689
1.795  -0.0004317082
1.8  -0.0001863119
1.805  2.711756e-05
1.81  0.0001881024
1.815  0.0002850319
1.82  0.0003193894
1.825  0.0003149652
1.83  0.0003174263
1.835  0.0003716784
1.84  0.0004908754
1.845  0.0006468554
1.85  0.0007907623
1.855  0.0008847706
1.86  0.0009152196
1.865  0.0008843195
1.87  0.0008028613
1.875  0.0006906787
1.8800000000000001  0.0005703126
1.885  0.0004518108
1.8900000000000001  0.0003257378
1.895  0.0001736631
1.9000000000000001  -1.040205e-05
1.905  -0.0002054001
1.9100000000000001  -0.0003705636
1.915  -0.0004710929
1.92  -0.0004981676
1.925  -0.00047133
1.93  -0.0004320898
1.935  -0.0004239837
1.94  -0.0004676591
1.945  -0.0005577674
1.95  -0.0006742627
1.955  -0.0007929212
1.96  -0.0008956561
1.965  -0.0009736286
1.97  -0.001022988
1.975  -0.001041636
1.98  -0.001027489
1.985  -0.0009774414
1.99  -0.0008903562
1.995  -0.0007741184
2.0  -0.0006508264
2.005  -0.0005522199
2.0100000000000002  -0.0005042596
2.015  -0.0005184725
2.02  -0.0005996577
2.025  -0.0007535199
2.0300000000000002  -0.000985585
2.035  -0.001296748
2.04  -0.001680744
2.045  -0.002125893
2.05  -0.0026152
2.055  -0.003121619
2.06  -0.003606635
2.065  -0.004026298
2.07  -0.004343018
2.075  -0.004543357
2.08  -0.004640821
2.085  -0.0046525
2.09  -0.004581934
2.095  -0.004421387
2.1  -0.004160475
2.105  -0.003794527
2.11  -0.003327794
2.115  -0.002772884
2.12  -0.00215107
2.125  -0.00149573
2.13  -0.0008538921
2.1350000000000002  -0.000278698
2.14  0.0001863668
2.145  0.0005209143
2.15  0.0007296431
2.1550000000000002  0.0008342531
2.16  0.0008611395
2.165  0.000836719
2.17  0.0007926272
2.1750000000000003  0.0007668441
2.18  0.0007918941
2.185  0.0008760668
2.19  0.0009924873
2.195  0.001093063
2.2  0.001138003
2.205  0.001104458
2.21  0.0009758909
2.215  0.0007428965
2.22  0.0004114899
2.225  2.908609e-06
2.23  -0.0004529578
2.235  -0.0009263618
2.24  -0.001390904
2.245  -0.001821121
2.25  -0.002192874
2.255  -0.002484962
2.2600000000000002  -0.002678517
2.265  -0.002756544
2.27  -0.00270537
2.275  -0.002517831
2.2800000000000002  -0.002198962
2.285  -0.001771134
2.29  -0.001276694
2.295  -0.0007736187
2.3000000000000003  -0.0003208858
2.305  3.273421e-05
2.31  0.0002564802
2.315  0.0003455695
2.32  0.0003155805
2.325  0.0001877507
2.33  -2.064242e-05
2.335  -0.0002943554
2.34  -0.0006125513
2.345  -0.0009477396
2.35  -0.001270441
2.355  -0.001553265
2.36  -0.001773604
2.365  -0.001915054
2.37  -0.001966326
2.375  -0.001917439
2.38  -0.001760124
2.3850000000000002  -0.001500624
2.39  -0.001170631
2.395  -0.0008155962
2.4  -0.0004747016
2.4050000000000002  -0.000177126
2.41  5.332669e-05
2.415  0.0001988576
2.42  0.0002524251
2.4250000000000003  0.0002215982
2.43  0.0001266837
2.435  -4.901152e-06
2.44  -0.0001430256
2.445  -0.0002605463
2.45  -0.0003432026
2.455  -0.0003924551
2.46  -0.0004165275
2.465  -0.0004240934
2.47  -0.0004235008
2.475  -0.0004202278
2.48  -0.0004159172
2.485  -0.0004109374
2.49  -0.0004051797
2.495  -0.0003962928
2.5  -0.0003809106
2.505  -0.0003604746
2.5100000000000002  -0.0003465087
2.515  -0.0003601461
2.52  -0.0004242236
2.525  -0.0005537992
2.5300000000000002  -0.0007519737
2.535  -0.001011286
2.54  -0.001317354
2.545  -0.001652414
2.5500000000000003  -0.001998272
2.555  -0.002334342
2.56  -0.002630402
2.565  -0.002844668
2.57  -0.002936957
2.575  -0.002885591
2.58  -0.002689416
2.585  -0.002363586
2.59  -0.001936831
2.595  -0.001444051
2.6  -0.0009179925
2.605  -0.0003858119
2.61  0.0001265519
2.615  0.0005869714
2.62  0.0009560812
2.625  0.001198061
2.63  0.001299414
2.6350000000000002  0.001278105
2.64  0.001173011
2.645  0.001023229
2.65  0.0008567409
2.6550000000000002  0.0006964368
2.66  0.0005674733
2.665  0.0004928385
2.67  0.0004802617
2.6750000000000003  0.0005158623
2.68  0.0005770459
2.685  0.0006483361
2.69  0.0007218785
2.695  0.0007905202
2.7  0.0008433668
2.705  0.0008647987
2.71  0.0008379188
2.715  0.0007531724
2.72  0.0006164089
2.725  0.0004435624
2.73  0.0002470768
2.735  3.380035e-05
2.74  -0.0001875635
2.745  -0.0004011102
2.75  -0.0005830695
2.755  -0.0007075527
2.7600000000000002  -0.0007562571
2.765  -0.0007226598
2.77  -0.000606274
2.775  -0.0004069688
2.7800000000000002  -0.000129615
2.785  0.000208702
2.79  0.0005810565
2.795  0.0009625951
2.8000000000000003  0.001338374
2.805  0.001697378
2.81  0.002022362
2.815  0.002283977
2.82  0.002442145
2.825  0.002460649
2.83  0.002326593
2.835  0.002051248
2.84  0.001654784
2.845  0.001159962
2.85  0.0005937743
2.855  -1.659659e-05
2.86  -0.0006475176
2.865  -0.001272564
2.87  -0.001857174
2.875  -0.002367334
2.88  -0.002782532
2.8850000000000002  -0.003097968
2.89  -0.003317274
2.895  -0.00344459
2.9  -0.003481275
2.9050000000000002  -0.003428254
2.91  -0.003288484
2.915  -0.003066699
2.92  -0.002770258
2.9250000000000003  -0.002412243
2.93  -0.002014069
2.935  -0.001604353
2.94  -0.001211847
2.945  -0.0008586459
2.95  -0.0005628365
2.955  -0.0003404841
2.96  -0.0001967179
2.965  -0.0001193973
2.97  -8.581315e-05
2.975  -7.53868e-05
2.98  -7.600359e-05
2.985  -7.997487e-05
2.99  -7.842349e-05
2.995  -6.134059e-05
3.0  -1.988107e-05
3.005  5.348253e-05
3.0100000000000002  0.000165223
3.015  0.0003194687
3.02  0.0005164891
3.025  0.000752918
3.0300000000000002  0.001024571
3.035  0.001327946
3.04  0.001655475
3.045  0.001988143
3.0500000000000003  0.002294469
3.055  0.002540179
3.06  0.002702457
3.065  0.002779343
3.0700000000000003  0.002785135
3.075  0.002736052
3.08  0.002644202
3.085  0.002519671
3.09  0.002370872
3.095  0.002202261
3.1  0.002013963
3.105  0.001806358
3.11  0.001585002
3.115  0.001362516
3.12  0.001158356
3.125  0.0009955824
3.13  0.0008907057
3.1350000000000002  0.000843503
3.14  0.000841546
3.145  0.0008712425
3.15  0.0009204935
3.1550000000000002  0.0009794175
3.16  0.00104168
3.165  0.001102292
3.17  0.001157278
3.1750000000000003  0.001205564
3.18  0.001248604
3.185  0.001289834
3.19  0.001335357
3.1950000000000003  0.001391465
3.2  0.001458132
3.205  0.001525961
3.21  0.001580549
3.215  0.00160769
3.22  0.00159495
3.225  0.001531465
3.23  0.001406181
3.235  0.001206236
3.24  0.000918379
3.245  0.0005334097
3.25  5.247079e-05
3.255  -0.0005083389
3.2600000000000002  -0.001118779
3.265  -0.001737691
3.27  -0.002314053
3.275  -0.002792514
3.2800000000000002  -0.003125114
3.285  -0.003279357
3.29  -0.003243927
3.295  -0.003033948
3.3000000000000003  -0.00268383
3.305  -0.002228813
3.31  -0.001696422
3.315  -0.001113886
3.3200000000000003  -0.0005179547
3.325  4.582466e-05
3.33  0.0005336861
3.335  0.0009115798
3.34  0.00115626
3.345  0.001259749
3.35  0.001239191
3.355  0.001132922
3.36  0.0009802078
3.365  0.0008086389
3.37  0.0006366634
3.375  0.000479444
3.38  0.0003527337
3.3850000000000002  0.000273092
3.39  0.000251406
3.395  0.0002854367
3.4  0.0003630673
3.4050000000000002  0.0004733234
3.41  0.0006120577
3.415  0.0007813628
3.42  0.0009855049
3.4250000000000003  0.001225466
3.43  0.001496559
3.435  0.001788306
3.44  0.002085947
3.4450000000000003  0.002373924
3.45  0.002637975
3.455  0.002864775
3.46  0.003042011
3.465  0.003160455
3.47  0.003216147
3.475  0.003208678
3.48  0.003136677
3.485  0.002996999
3.49  0.002788427
3.495  0.002515699
3.5  0.002190447
3.505  0.00182725
3.5100000000000002  0.001439692
3.515  0.001042639
3.52  0.0006564881
3.525  0.000305459
3.5300000000000002  8.89445e-06
3.535  -0.0002266572
3.54  -0.0004069337
3.545  -0.0005409801
3.5500000000000003  -0.0006318033
3.555  -0.0006761419
3.56  -0.00067041
3.565  -0.0006152123
3.5700000000000003  -0.0005170454
3.575  -0.0003873162
3.58  -0.0002371389
3.585  -7.008189e-05
3.59  0.0001172288
3.595  0.0003266245
3.6  0.0005541427
3.605  0.00079162
3.61  0.001028868
3.615  0.001256206
3.62  0.001466858
3.625  0.001655805
3.63  0.001815011
3.6350000000000002  0.001930346
3.64  0.001985265
3.645  0.001969406
3.65  0.001884415
3.6550000000000002  0.001742716
3.66  0.00156209
3.665  0.001360543
3.67  0.001153193
3.6750000000000003  0.0009508648
3.68  0.0007591653
3.685  0.0005800503
3.69  0.0004162304
3.6950000000000003  0.0002740084
3.7  0.0001644082
3.705  0.0001038703
3.71  0.0001119603
3.715  0.0002024518
3.72  0.0003674266
3.725  0.0005718917
3.73  0.0007696468
3.735  0.0009208299
3.74  0.0009986282
3.745  0.0009874407
3.75  0.0008807274
3.755  0.0006871167
3.7600000000000002  0.0004378034
3.765  0.0001777168
3.77  -5.495053e-05
3.775  -0.0002362104
3.7800000000000002  -0.0003518161
3.785  -0.0003919092
3.79  -0.0003461486
3.795  -0.0002055319
3.8000000000000003  2.516637e-05
3.805  0.0003131442
3.81  0.0006018105
3.815  0.0008382147
3.8200000000000003  0.0009978634
3.825  0.001085198
3.83  0.001117064
3.835  0.001110987
3.84  0.001082962
3.845  0.001044941
3.85  0.001004699
3.855  0.0009706836
3.86  0.0009534888
3.865  0.0009599807
3.87  0.0009876104
3.875  0.001028474
3.88  0.001080365
3.8850000000000002  0.00114985
3.89  0.001242678
3.895  0.001354414
3.9  0.001469154
3.9050000000000002  0.001564645
3.91  0.001621991
3.915  0.001635812
3.92  0.001618758
3.9250000000000003  0.001596155
3.93  0.001590358
3.935  0.001606291
3.94  0.001629948
3.9450000000000003  0.001638619
3.95  0.001614131
3.955  0.001547345
3.96  0.001434575
3.9650000000000003  0.001275075
3.97  0.001070173
3.975  0.0008219181
3.98  0.0005332799
3.985  0.000209975
3.99  -0.0001377728
3.995  -0.0004926306
4.0  -0.0008268346
4.005  -0.001101979
4.01  -0.001279228
4.015  -0.001337219
4.0200000000000005  -0.001276328
4.025  -0.001109757
4.03  -0.0008637529
4.035  -0.0005752837
4.04  -0.0002787727
4.045  -1.037851e-06
4.05  0.0002382836
4.055  0.0004294009
4.0600000000000005  0.0005727987
4.065  0.0006752416
4.07  0.0007458639
4.075  0.0007942838
4.08  0.0008285545
4.085  0.0008551666
4.09  0.0008814495
4.095  0.0009154798
4.1  0.0009612085
4.105  0.001014925
4.11  0.001067482
4.115  0.001107448
4.12  0.00112599
4.125  0.001124484
4.13  0.001115436
4.135  0.001114667
4.14  0.001132803
4.1450000000000005  0.001170445
4.15  0.001219198
4.155  0.001267608
4.16  0.001305103
4.165  0.001321489
4.17  0.0013067
4.175  0.001252962
4.18  0.001157916
4.1850000000000005  0.001025687
4.19  0.0008650365
4.195  0.0006879546
4.2  0.0005071949
4.205  0.0003314872
4.21  0.0001637563
4.215  6.758786e-07
4.22  -0.0001708473
4.225  -0.0003726632
4.23  -0.0006221038
4.235  -0.0009175918
4.24  -0.001237739
4.245  -0.001554648
4.25  -0.001849763
4.255  -0.002116256
4.26  -0.002347591
4.265  -0.0025253
4.2700000000000005  -0.002618631
4.275  -0.00259869
4.28  -0.002453658
4.285  -0.002190714
4.29  -0.001828266
4.295  -0.001393465
4.3  -0.0009240316
4.305  -0.0004554103
4.3100000000000005  -5.173064e-06
4.315  0.0004210518
4.32  0.0008194494
4.325  0.001186839
4.33  0.001522039
4.335  0.001826192
4.34  0.002096395
4.345  0.002319172
4.3500000000000005  0.002476738
4.355  0.00255904
4.36  0.002569347
4.365  0.002523094
4.37  0.002439824
4.375  0.002333203
4.38  0.002207871
4.385  0.002061394
4.39  0.001889166
4.3950000000000005  0.001690554
4.4  0.001470595
4.405  0.001238081
4.41  0.0010023
4.415  0.0007689483
4.42  0.0005385397
4.425  0.000308875
4.43  7.869206e-05
4.4350000000000005  -0.0001513244
4.44  -0.0003800328
4.445  -0.0006074236
4.45  -0.0008352749
4.455  -0.00106642
4.46  -0.001302962
4.465  -0.001544509
4.47  -0.001787115
4.4750000000000005  -0.002024082
4.48  -0.00224788
4.485  -0.002450293
4.49  -0.002621235
4.495  -0.002747402
4.5  -0.002811311
4.505  -0.002794695
4.51  -0.002688413
4.515  -0.002503128
4.5200000000000005  -0.002269177
4.525  -0.002018832
4.53  -0.001767398
4.535  -0.001516388
4.54  -0.001267425
4.545  -0.001023897
4.55  -0.0007850191
4.555  -0.0005427064
4.5600000000000005  -0.0002810404
4.565  1.856564e-05
4.57  0.0003662383
4.575  0.0007556459
4.58  0.001164981
4.585  0.001567904
4.59  0.001942446
4.595  0.00226304
4.6000000000000005  0.002492447
4.605  0.002598883
4.61  0.002579423
4.615  0.002460192
4.62  0.002278115
4.625  0.002062599
4.63  0.001832699
4.635  0.001602488
4.64  0.00138086
4.6450000000000005  0.001170658
4.65  0.0009697593
4.655  0.0007723715
4.66  0.0005709201
4.665  0.0003570852
4.67  0.0001227254
4.675  -0.0001380174
4.68  -0.0004253685
4.6850000000000005  -0.0007294716
4.69  -0.001030628
4.695  -0.001310542
4.7  -0.001563464
4.705  -0.001792804
4.71  -0.002004652
4.715  -0.002209725
4.72  -0.002423185
4.7250000000000005  -0.002655271
4.73  -0.002901557
4.735  -0.003144811
4.74  -0.003365196
4.745  -0.003543833
4.75  -0.003661403
4.755  -0.003701334
4.76  -0.003654123
4.765  -0.003520902
4.7700000000000005  -0.003317166
4.775  -0.00306667
4.78  -0.002787864
4.785  -0.002490444
4.79  -0.002181248
4.795  -0.001869747
4.8  -0.001570266
4.805  -0.00130021
4.8100000000000005  -0.001074594
4.815  -0.0009005451
4.82  -0.0007770979
4.825  -0.000698738
4.83  -0.0006586784
4.835  -0.0006503808
4.84  -0.0006663194
4.845  -0.0006970964
4.8500000000000005  -0.0007322593
4.855  -0.0007596678
4.86  -0.0007641134
4.865  -0.0007277692
4.87  -0.0006336299
4.875  -0.0004721459
4.88  -0.0002482139
4.885  1.718006e-05
4.89  0.0002978202
4.8950000000000005  0.0005764596
4.9  0.0008433573
4.905  0.001086132
4.91  0.001286575
4.915  0.001424434
4.92  0.001482107
4.925  0.001447476
4.93  0.001317001
4.9350000000000005  0.001098056
4.94  0.0008061383
4.945  0.0004590018
4.95  7.498266e-05
4.955  -0.0003249073
4.96  -0.0007176628
4.965  -0.001081365
4.97  -0.001396632
4.9750000000000005  -0.001646785
4.98  -0.001819067
4.985  -0.00190699
4.99  -0.001910998
4.995  -0.001837537
5.0  -0.00169936
5.005  -0.001513785
5.01  -0.001297319
5.015  -0.00106366
5.0200000000000005  -0.0008268444
5.025  -0.0006042186
5.03  -0.0004154992
5.035  -0.000277521
5.04  -0.0001987856
5.045  -0.0001799173
5.05  -0.0002179857
5.055  -0.0003074219
5.0600000000000005  -0.0004400837
5.065  -0.000607302
5.07  -0.0007985519
5.075  -0.0009968941
5.08  -0.001177216
5.085  -0.001312546
5.09  -0.001388241
5.095  -0.001409914
5.1000000000000005  -0.001396581
5.105  -0.001369471
5.11  -0.001344915
5.115  -0.001333105
5.12  -0.001340091
5.125  -0.001367454
5.13  -0.001408966
5.135  -0.00144998
5.14  -0.001474211
5.1450000000000005  -0.001471082
5.15  -0.001436535
5.155  -0.001373175
5.16  -0.001293796
5.165  -0.001222292
5.17  -0.001184946
5.175  -0.001198087
5.18  -0.001267016
5.1850000000000005  -0.00138718
5.19  -0.001537049
5.195  -0.001683297
5.2  -0.001800875
5.205  -0.001882868
5.21  -0.00193416
5.215  -0.00196036
5.22  -0.001962165
5.2250000000000005  -0.001937211
5.23  -0.001884547
5.235  -0.001808169
5.24  -0.001717511
5.245  -0.001625563
5.25  -0.00154707
5.255  -0.001494916
5.26  -0.001474044
5.265  -0.001479838
5.2700000000000005  -0.001504359
5.275  -0.001541759
5.28  -0.001586485
5.285  -0.001629967
5.29  -0.00166109
5.295  -0.001668476
5.3  -0.001642191
5.305  -0.001575374
5.3100000000000005  -0.001465558
5.315  -0.001314289
5.32  -0.001125912
5.325  -0.000908107
5.33  -0.0006733646
5.335  -0.0004382056
5.34  -0.0002198721
5.345  -3.262969e-05
5.3500000000000005  0.0001145204
5.355  0.0002189689
5.36  0.0002839013
5.365  0.0003148574
5.37  0.0003176939
5.375  0.0003008045
5.38  0.0002765813
5.385  0.000259569
5.39  0.0002628374
5.3950000000000005  0.0002925728
5.4  0.0003463035
5.405  0.0004183425
5.41  0.0005036814
5.415  0.0005963124
5.42  0.0006888718
5.425  0.0007755901
5.43  0.000851082
5.4350000000000005  0.0009036549
5.44  0.000914099
5.445  0.0008644773
5.45  0.0007512883
5.455  0.00059251
5.46  0.0004203618
5.465  0.0002632563
5.47  0.000130914
5.4750000000000005  1.754535e-05
5.48  -8.345535e-05
5.485  -0.0001713507
5.49  -0.0002402565
5.495  -0.0002845395
5.5  -0.0003021621
5.505  -0.0002959199
5.51  -0.0002729327
5.515  -0.0002433442
5.5200000000000005  -0.0002197462
5.525  -0.0002153272
5.53  -0.0002398151
5.535  -0.0002965562
5.54  -0.0003808771
5.545  -0.0004796888
5.55  -0.0005761092
5.555  -0.0006563365
5.5600000000000005  -0.0007126846
5.565  -0.000744377
5.57  -0.000756344
5.575  -0.0007552002
5.58  -0.0007472143
5.585  -0.0007381626
5.59  -0.0007296738
5.595  -0.0007161587
5.6000000000000005  -0.000689914
5.605  -0.0006481395
5.61  -0.000593749
5.615  -0.0005324384
5.62  -0.0004701081
5.625  -0.0004110477
5.63  -0.0003564788
5.635  -0.0003048398
5.64  -0.000254027
5.6450000000000005  -0.0002032819
5.65  -0.0001532501
5.655  -0.0001052117
5.66  -6.043504e-05
5.665  -1.958345e-05
5.67  1.751804e-05
5.675  5.160357e-05
5.68  8.348033e-05
5.6850000000000005  0.0001138531
5.69  0.0001436535
5.695  0.0001741782
5.7  0.000206393
5.705  0.0002398352
5.71  0.0002720955
5.715  0.0002994622
5.72  0.0003189219
5.7250000000000005  0.0003300675
5.73  0.0003347096
5.735  0.0003352531
5.74  0.0003337902
5.745  0.0003313846
5.75  0.0003274843
5.755  0.0003205445
5.76  0.0003094656
5.765  0.0002942702
5.7700000000000005  0.00027562
5.775  0.0002542576
5.78  0.0002310147
5.785  0.0002069397
5.79  0.0001830865
5.795  0.0001602411
5.8  0.0001390239
5.805  0.0001200394
5.8100000000000005  0.0001036695
5.815  8.975661e-05
5.82  7.77055e-05
5.825  6.695189e-05
5.83  5.718173e-05
5.835  4.821929e-05
5.84  3.993133e-05
5.845  3.222089e-05
5.8500000000000005  2.50243e-05
5.855  1.830071e-05
5.86  1.203039e-05
5.865  6.213115e-06
5.87  8.622455e-07
5.875  -4.001345e-06
5.88  -8.352597e-06
5.885  -1.21632e-05
5.89  -1.540169e-05
5.8950000000000005  -1.803309e-05
5.9  -2.00184e-05
5.905  -2.131425e-05
5.91  -2.187282e-05
