0.0 	 0.00325139361031
0.108342361863 	 0.0118565392389
0.216684723727 	 0.089644431567
0.32502708559 	 0.103666756085
0.433369447454 	 0.068443616795
0.541711809317 	 0.215571299241
0.650054171181 	 0.100732087432
0.758396533044 	 0.0537761009345
0.866738894908 	 0.130152181603
0.975081256771 	 0.0205645023992
1.08342361863 	 0.0128212307122
1.1917659805 	 0.0160798464522
1.30010834236 	 0.0103416711295
1.40845070423 	 0.0251619415928
1.51679306609 	 0.0169710035355
1.62513542795 	 0.0148456613122
1.73347778982 	 0.0154060383871
1.84182015168 	 0.00441579139371
1.95016251354 	 0.0116925175448
2.05850487541 	 0.00201951776653
2.16684723727 	 0.013458597493
2.27518959913 	 0.0113546010847
2.383531961 	 0.00791928535404
2.49187432286 	 0.0133785728461
2.60021668472 	 0.00988271749956
2.70855904659 	 0.0015385265479
2.81690140845 	 0.00462318849299
2.92524377031 	 0.00269836598178
3.03358613218 	 0.00152218481926
3.14192849404 	 0.00149234641413
3.2502708559 	 0.00172614530039
3.35861321777 	 0.00130261584489
3.46695557963 	 0.00107169943109
3.5752979415 	 0.00108319341628
3.68364030336 	 0.00108853334605
3.79198266522 	 0.00175894587644
3.90032502709 	 0.00215893031265
4.00866738895 	 0.00112747620425
4.11700975081 	 0.000945661716448
4.22535211268 	 0.000828201344075
4.33369447454 	 0.000704065132613
4.4420368364 	 0.00128017378681
4.55037919827 	 0.00122056953813
4.65872156013 	 0.00122534638402
4.76706392199 	 0.00129153431125
4.87540628386 	 0.000793822971722
4.98374864572 	 0.00039420994738
5.09209100758 	 0.00154013440762
5.20043336945 	 0.000794748078924
5.30877573131 	 0.000704057395164
5.41711809317 	 0.00101494995773
5.52546045504 	 0.000418225166454
5.6338028169 	 0.000353081756692
5.74214517876 	 0.0012787068318
5.85048754063 	 0.00110109531296
5.95882990249 	 0.00141354633167
6.06717226436 	 0.000886336609664
6.17551462622 	 0.00048804715642
6.28385698808 	 0.000688435733998
6.39219934995 	 0.00127734312069
6.50054171181 	 0.00119663563452
6.60888407367 	 0.000836350234087
6.71722643554 	 0.00129461200395
6.8255687974 	 0.0011285663286
6.93391115926 	 0.00127451796948
7.04225352113 	 0.000760699534544
7.15059588299 	 0.000223643111228
7.25893824485 	 0.000917094381629
7.36728060672 	 0.000425736733771
7.47562296858 	 0.000201521684907
7.58396533044 	 0.000373992954175
7.69230769231 	 0.00034231701233
7.80065005417 	 0.000141162841564
7.90899241603 	 0.000230070134468
8.0173347779 	 0.000619469548125
8.12567713976 	 0.000724558941061
8.23401950163 	 0.000313101026968
8.34236186349 	 0.000169466883816
8.45070422535 	 0.00020859885141
8.55904658722 	 0.000149076136572
8.66738894908 	 0.000408787172077
8.77573131094 	 0.000240176443695
8.88407367281 	 0.000341598605953
8.99241603467 	 0.000388732634496
9.10075839653 	 0.000140672597006
9.2091007584 	 7.98569515978e-05
9.31744312026 	 6.84489489797e-05
9.42578548212 	 8.34866465228e-05
9.53412784399 	 0.00014573860431
9.64247020585 	 0.000138757336139
9.75081256771 	 0.000135436860907
9.85915492958 	 0.000116133254207
9.96749729144 	 0.000210486253148
10.0758396533 	 6.3209604141e-05
10.1841820152 	 0.000106515580589
10.292524377 	 0.000209872008691
10.4008667389 	 0.000133722547414
10.5092091008 	 0.000151683230744
10.6175514626 	 4.30771309326e-05
10.7258938245 	 7.0311291285e-05
10.8342361863 	 1.41065074684e-05
10.9425785482 	 5.61552226516e-05
11.0509209101 	 1.41288221622e-05
11.1592632719 	 5.71138820356e-05
11.2676056338 	 6.26997559612e-05
11.3759479957 	 7.74318087335e-05
11.4842903575 	 0.000127648829076
11.5926327194 	 5.06246977633e-05
11.7009750813 	 5.65328558267e-05
11.8093174431 	 7.86448737378e-05
11.917659805 	 6.10457019486e-05
12.0260021668 	 6.19261661019e-05
12.1343445287 	 0.000118217862041
12.2426868906 	 4.60797954785e-05
12.3510292524 	 5.0193388013e-05
12.4593716143 	 9.49556527172e-05
12.5677139762 	 5.43723596691e-05
12.676056338 	 0.000113276941382
12.7843986999 	 2.56574947441e-05
12.8927410618 	 5.97195661344e-05
13.0010834236 	 8.68025061223e-05
13.1094257855 	 6.75886716163e-05
13.2177681473 	 9.27954313706e-05
13.3261105092 	 7.01818057968e-05
13.4344528711 	 3.36093270526e-05
13.5427952329 	 7.86753665075e-06
13.6511375948 	 1.13665174369e-05
13.7594799567 	 6.41473571214e-05
13.8678223185 	 5.28320851872e-05
13.9761646804 	 4.42641630067e-05
14.0845070423 	 6.64591959023e-05
14.1928494041 	 4.39442066534e-05
14.301191766 	 6.47372691913e-05
14.4095341278 	 6.40436117854e-05
14.5178764897 	 6.0087647511e-05
14.6262188516 	 7.23067791477e-05
14.7345612134 	 0.000101132932632
14.8429035753 	 1.42184384276e-05
14.9512459372 	 2.91113272845e-05
15.059588299 	 4.71699461242e-05
15.1679306609 	 8.15806938416e-05
15.2762730228 	 2.36265836801e-05
15.3846153846 	 4.95214299393e-05
15.4929577465 	 8.15519196948e-05
15.6013001083 	 6.26707597367e-05
15.7096424702 	 3.77039643318e-05
15.8179848321 	 1.53017277691e-05
15.9263271939 	 7.39475270517e-05
16.0346695558 	 2.67279190821e-05
16.1430119177 	 5.81460402797e-05
16.2513542795 	 6.79509713802e-05
16.3596966414 	 4.75730616142e-05
16.4680390033 	 2.9552111046e-05
16.5763813651 	 2.18119387802e-05
16.684723727 	 5.20787178106e-05
16.7930660888 	 1.84632460123e-05
16.9014084507 	 4.54399187808e-05
17.0097508126 	 8.30139319197e-06
17.1180931744 	 3.30313417489e-06
17.2264355363 	 1.87672352646e-06
17.3347778982 	 1.90684919401e-05
17.44312026 	 2.44494709569e-05
17.5514626219 	 1.76356512391e-05
17.6598049837 	 1.46893806912e-05
17.7681473456 	 1.33986106319e-05
17.8764897075 	 2.67914537541e-05
17.9848320693 	 3.42716841078e-05
18.0931744312 	 5.70617430731e-06
18.2015167931 	 2.75628145228e-05
18.3098591549 	 2.14489991703e-05
18.4182015168 	 1.5713009983e-05
18.5265438787 	 1.29402073789e-05
18.6348862405 	 9.04539395299e-06
18.7432286024 	 1.55160742762e-05
18.8515709642 	 9.60073418593e-06
18.9599133261 	 1.09779534949e-05
19.068255688 	 6.19306127976e-06
19.1765980498 	 1.5400169701e-05
19.2849404117 	 2.41172057543e-05
19.3932827736 	 2.02263514063e-05
19.5016251354 	 1.72159759502e-05
19.6099674973 	 3.75306204754e-05
19.7183098592 	 5.97845046836e-06
19.826652221 	 9.03006198355e-06
19.9349945829 	 1.31353810889e-05
20.0433369447 	 1.07266721854e-05
20.1516793066 	 1.66438876379e-05
20.2600216685 	 1.32401684679e-05
20.3683640303 	 1.44175956378e-05
20.4767063922 	 9.93112830714e-06
20.5850487541 	 5.35578561217e-06
20.6933911159 	 9.60682331796e-06
20.8017334778 	 1.25969266401e-05
20.9100758397 	 9.95469523281e-06
21.0184182015 	 1.24949384959e-05
21.1267605634 	 8.02670201371e-06
21.2351029252 	 2.9852681921e-06
21.3434452871 	 4.19703045364e-06
21.451787649 	 2.39527884674e-06
21.5601300108 	 4.45631046665e-06
21.6684723727 	 6.47787463227e-06
21.7768147346 	 1.20027218855e-06
21.8851570964 	 3.13141998419e-06
21.9934994583 	 5.42319078449e-06
22.1018418202 	 2.58172572727e-06
22.210184182 	 2.61370018849e-06
22.3185265439 	 3.34167028364e-06
22.4268689057 	 4.22982315133e-06
22.5352112676 	 2.12675246389e-06
22.6435536295 	 5.35166498742e-06
22.7518959913 	 6.50043224741e-06
22.8602383532 	 5.93304793573e-06
22.9685807151 	 5.78038883631e-06
23.0769230769 	 3.21390113485e-06
23.1852654388 	 5.8188908951e-06
23.2936078007 	 3.88513376375e-06
23.4019501625 	 2.15921631646e-06
23.5102925244 	 9.1120816713e-07
23.6186348862 	 1.67852930322e-06
23.7269772481 	 4.20078611368e-06
23.83531961 	 3.90811333988e-06
23.9436619718 	 6.22600246061e-06
24.0520043337 	 2.31619661648e-06
24.1603466956 	 2.74758397043e-06
24.2686890574 	 3.60680097109e-06
24.3770314193 	 3.48299658317e-06
24.4853737811 	 8.17535829423e-07
24.593716143 	 2.05087623428e-06
24.7020585049 	 3.13299953606e-06
24.8104008667 	 1.49050771478e-06
24.9187432286 	 2.47767418657e-06
25.0270855905 	 5.16298924982e-06
25.1354279523 	 1.43992600047e-06
25.2437703142 	 2.08737726826e-07
25.3521126761 	 3.5805481595e-06
25.4604550379 	 3.01511399353e-06
25.5687973998 	 3.10580540987e-06
25.6771397616 	 8.90055439696e-07
25.7854821235 	 1.89941941841e-06
25.8938244854 	 1.29960731465e-06
26.0021668472 	 8.7255888272e-07
26.1105092091 	 1.78402445524e-06
26.218851571 	 4.3299054678e-07
26.3271939328 	 8.81875626815e-07
26.4355362947 	 7.02071916851e-07
26.5438786566 	 1.04515573866e-06
26.6522210184 	 2.89388619512e-06
26.7605633803 	 1.07669621941e-06
26.8689057421 	 9.41723730269e-07
26.977248104 	 1.77776033102e-06
27.0855904659 	 2.88963483721e-06
27.1939328277 	 1.34223044062e-06
27.3022751896 	 1.15658507249e-06
27.4106175515 	 1.57241513374e-06
27.5189599133 	 7.36607469725e-07
27.6273022752 	 2.17432553803e-06
27.7356446371 	 1.25099727593e-07
27.8439869989 	 5.51323034063e-07
27.9523293608 	 8.35799633833e-07
28.0606717226 	 1.22559969577e-06
28.1690140845 	 1.06984864799e-06
28.2773564464 	 1.95773281073e-06
28.3856988082 	 7.31083313786e-07
28.4940411701 	 1.17655972191e-06
28.602383532 	 2.17160659542e-06
28.7107258938 	 2.22471449803e-06
28.8190682557 	 1.33509848413e-06
28.9274106176 	 9.07572359809e-07
29.0357529794 	 9.40329763312e-07
29.1440953413 	 4.83440423868e-07
29.2524377031 	 1.17278481744e-06
29.360780065 	 4.23289565786e-07
29.4691224269 	 6.41422143204e-07
29.5774647887 	 1.35236503431e-06
29.6858071506 	 1.43191522822e-06
29.7941495125 	 5.82119332518e-07
29.9024918743 	 1.27800029543e-06
30.0108342362 	 8.69664057458e-07
30.119176598 	 4.21371972661e-07
30.2275189599 	 2.08308516867e-07
30.3358613218 	 3.57725798197e-07
30.4442036836 	 8.37731930779e-07
30.5525460455 	 6.70036821882e-07
30.6608884074 	 8.04464366039e-07
30.7692307692 	 5.86679065859e-07
30.8775731311 	 6.38629185077e-07
30.985915493 	 1.03911990599e-06
31.0942578548 	 2.75715347082e-07
31.2026002167 	 6.12420682273e-07
31.3109425785 	 6.51978101017e-07
31.4192849404 	 9.02706441566e-07
31.5276273023 	 5.58351603778e-07
31.6359696641 	 2.30312515583e-07
31.744312026 	 2.65930885079e-07
31.8526543879 	 7.95236412867e-07
31.9609967497 	 1.7043045402e-07
32.0693391116 	 1.6410617336e-07
32.1776814735 	 9.31049496475e-07
32.2860238353 	 2.56539672783e-07
32.3943661972 	 1.38588784066e-07
32.502708559 	 1.45985372704e-07
32.6110509209 	 5.82228784735e-07
32.7193932828 	 2.1341530274e-07
32.8277356446 	 2.48796487429e-07
32.9360780065 	 4.47846334572e-07
33.0444203684 	 5.92606975573e-07
33.1527627302 	 6.19055734568e-07
33.2611050921 	 3.86098584546e-07
33.369447454 	 4.76617817476e-07
33.4777898158 	 1.58741744672e-07
33.5861321777 	 5.53285831472e-08
33.6944745395 	 2.35203096836e-07
33.8028169014 	 4.44512347657e-07
33.9111592633 	 4.41205442094e-07
34.0195016251 	 3.1153124541e-07
34.127843987 	 5.12615127965e-07
34.2361863489 	 1.99391365037e-07
34.3445287107 	 5.39066205575e-08
34.4528710726 	 2.64833872034e-07
34.5612134345 	 2.91949111077e-07
34.6695557963 	 4.2962045364e-07
34.7778981582 	 3.4401355672e-07
34.88624052 	 3.94001480033e-07
34.9945828819 	 2.27531570619e-07
35.1029252438 	 3.4016465535e-07
35.2112676056 	 3.4443689118e-07
35.3196099675 	 1.05429616584e-07
35.4279523294 	 1.9983524552e-07
35.5362946912 	 2.50711162336e-07
35.6446370531 	 2.03694484951e-07
35.752979415 	 4.45545849674e-07
35.8613217768 	 2.26286822268e-07
35.9696641387 	 6.54487182061e-08
36.0780065005 	 2.25215338102e-07
36.1863488624 	 1.80794768702e-07
36.2946912243 	 2.35998996278e-07
36.4030335861 	 1.68411890234e-07
36.511375948 	 2.9029185027e-07
36.6197183099 	 1.21280037147e-07
36.7280606717 	 1.52955166125e-07
36.8364030336 	 1.73970588206e-07
36.9447453954 	 1.92199210199e-07
37.0530877573 	 1.64957026626e-07
37.1614301192 	 1.16858996299e-07
37.269772481 	 2.96069647648e-07
37.3781148429 	 1.06817879881e-07
37.4864572048 	 1.5782075001e-07
37.5947995666 	 1.4139646618e-07
37.7031419285 	 2.98691668707e-07
37.8114842904 	 9.43055502908e-08
37.9198266522 	 3.16112842674e-07
38.0281690141 	 1.66698333442e-07
38.1365113759 	 1.07174963929e-07
38.2448537378 	 2.39258088964e-07
38.3531960997 	 1.20213631203e-07
38.4615384615 	 2.71416859727e-07
38.5698808234 	 2.73250832177e-07
38.6782231853 	 1.95232473772e-07
38.7865655471 	 1.46865799188e-07
38.894907909 	 1.20433372844e-07
39.0032502709 	 1.42548177411e-07
39.1115926327 	 1.98218718276e-07
39.2199349946 	 2.16546131604e-07
39.3282773564 	 1.21598173716e-07
39.4366197183 	 7.46694728315e-08
39.5449620802 	 2.85590507993e-07
39.653304442 	 1.18245334599e-07
39.7616468039 	 1.96500666657e-07
39.8699891658 	 1.05019956999e-07
39.9783315276 	 2.23757223465e-07
40.0866738895 	 1.89667373724e-07
40.1950162514 	 2.42987845079e-07
40.3033586132 	 2.11648217386e-07
40.4117009751 	 1.00852956344e-07
40.5200433369 	 1.32000761735e-07
40.6283856988 	 9.63886424835e-08
40.7367280607 	 1.4017601423e-07
40.8450704225 	 8.98449262591e-08
40.9534127844 	 2.23572659e-07
41.0617551463 	 1.22068728021e-07
41.1700975081 	 1.39931420336e-07
41.27843987 	 9.96677581714e-08
41.3867822319 	 5.58671567782e-08
41.4951245937 	 1.05340462804e-07
41.6034669556 	 6.78131151671e-08
41.7118093174 	 1.11928091609e-07
41.8201516793 	 6.40508288964e-08
41.9284940412 	 5.73634924717e-08
42.036836403 	 1.22046487992e-07
42.1451787649 	 1.15030118573e-07
42.2535211268 	 1.04148169556e-07
42.3618634886 	 1.39221745459e-07
42.4702058505 	 9.12145273548e-08
42.5785482124 	 8.83789947568e-08
42.6868905742 	 8.65118056003e-08
42.7952329361 	 6.0238351699e-08
42.9035752979 	 1.54625783231e-07
43.0119176598 	 8.98401060981e-08
43.1202600217 	 1.42303365645e-07
43.2286023835 	 1.132657782e-07
43.3369447454 	 5.7416471333e-08
43.4452871073 	 1.23303283937e-07
43.5536294691 	 9.75119915777e-08
43.661971831 	 1.27469083646e-07
43.7703141928 	 1.30305437623e-07
43.8786565547 	 1.17914363642e-07
43.9869989166 	 6.85900554339e-08
44.0953412784 	 1.68513206985e-07
44.2036836403 	 9.79752616983e-08
44.3120260022 	 1.49886907333e-07
44.420368364 	 9.78466600319e-08
44.5287107259 	 6.57801968562e-08
44.6370530878 	 1.11196577458e-07
44.7453954496 	 5.83404755727e-08
44.8537378115 	 7.86606825177e-08
44.9620801733 	 1.51867624408e-07
45.0704225352 	 1.13347427975e-07
45.1787648971 	 1.18932398077e-07
45.2871072589 	 1.26411693695e-07
45.3954496208 	 5.59237242023e-08
45.5037919827 	 5.98368163895e-08
45.6121343445 	 1.23336223581e-07
45.7204767064 	 1.20556660188e-07
45.8288190683 	 1.16228540364e-07
45.9371614301 	 1.09801889594e-07
46.045503792 	 7.30796225242e-08
46.1538461538 	 1.00980223966e-07
46.2621885157 	 1.06208948317e-07
46.3705308776 	 7.12618438087e-08
46.4788732394 	 1.31826146576e-07
46.5872156013 	 1.24191704182e-07
46.6955579632 	 7.90097996559e-08
46.803900325 	 8.03512247854e-08
46.9122426869 	 9.65749121833e-08
47.0205850488 	 8.36344636578e-08
47.1289274106 	 1.04878624075e-07
47.2372697725 	 8.51048376483e-08
47.3456121343 	 1.03018323142e-07
47.4539544962 	 1.14401749741e-07
47.5622968581 	 4.72733753287e-08
47.6706392199 	 1.22921819788e-07
47.7789815818 	 8.12976747959e-08
47.8873239437 	 8.38709139704e-08
47.9956663055 	 1.03355387534e-07
48.1040086674 	 9.985505241e-08
48.2123510293 	 1.08811358105e-07
48.3206933911 	 7.27229865722e-08
48.429035753 	 6.08042239944e-08
48.5373781148 	 8.20916892876e-08
48.6457204767 	 1.27857233563e-07
48.7540628386 	 8.72083415674e-08
48.8624052004 	 9.82335557568e-08
48.9707475623 	 9.15149280389e-08
49.0790899242 	 5.7286583502e-08
49.187432286 	 6.55488245153e-08
49.2957746479 	 4.55687897943e-08
49.4041170098 	 1.12272888961e-07
49.5124593716 	 1.17059731986e-07
49.6208017335 	 7.65188091167e-08
49.7291440953 	 9.08169320506e-08
49.8374864572 	 9.65582509579e-08
49.9458288191 	 9.86390009181e-08
50.0541711809 	 9.10941040428e-08
50.1625135428 	 8.46033535148e-08
50.2708559047 	 1.03562202649e-07
50.3791982665 	 1.03680401245e-07
50.4875406284 	 6.47387011368e-08
50.5958829902 	 1.0543203003e-07
50.7042253521 	 8.3072089205e-08
50.812567714 	 1.00253105822e-07
50.9209100758 	 7.68801770062e-08
51.0292524377 	 1.07127810457e-07
51.1375947996 	 9.6324035409e-08
51.2459371614 	 9.43339700857e-08
51.3542795233 	 5.12114338348e-08
51.4626218852 	 8.39966340838e-08
51.570964247 	 7.75807329789e-08
51.6793066089 	 7.12850662234e-08
51.7876489707 	 7.58563235814e-08
51.8959913326 	 8.61798329032e-08
52.0043336945 	 8.9334569186e-08
52.1126760563 	 8.91185469907e-08
52.2210184182 	 9.60435249872e-08
52.3293607801 	 7.05871970933e-08
52.4377031419 	 8.96281680176e-08
52.5460455038 	 8.42070209616e-08
52.6543878657 	 9.07348505384e-08
52.7627302275 	 9.66145686558e-08
52.8710725894 	 8.65990180419e-08
52.9794149512 	 8.77888184472e-08
53.0877573131 	 9.43215302836e-08
53.196099675 	 7.11741822811e-08
53.3044420368 	 9.42697822638e-08
53.4127843987 	 8.89461540688e-08
53.5211267606 	 8.58049807654e-08
53.6294691224 	 8.90613865098e-08
53.7378114843 	 8.45082583899e-08
53.8461538462 	 7.30382651336e-08
53.954496208 	 9.77137744588e-08
54.0628385699 	 9.59898833922e-08
54.1711809317 	 8.27678565053e-08
54.2795232936 	 6.79420086181e-08
54.3878656555 	 9.21282734408e-08
54.4962080173 	 8.05450733739e-08
54.6045503792 	 8.3579453447e-08
54.7128927411 	 7.75309746847e-08
54.8212351029 	 8.23451625866e-08
54.9295774648 	 8.30342464706e-08
55.0379198267 	 8.78401760143e-08
55.1462621885 	 6.84032685186e-08
55.2546045504 	 9.33881470549e-08
55.3629469122 	 7.59046099968e-08
55.4712892741 	 8.00214751484e-08
55.579631636 	 9.42742173326e-08
55.6879739978 	 7.88071131878e-08
55.7963163597 	 6.96524164384e-08
55.9046587216 	 9.21747645949e-08
56.0130010834 	 8.42205543244e-08
56.1213434453 	 7.7671960676e-08
56.2296858072 	 8.81446778279e-08
56.338028169 	 7.90195927171e-08
56.4463705309 	 8.04288721706e-08
56.5547128927 	 9.20828824184e-08
56.6630552546 	 7.88608782355e-08
56.7713976165 	 8.28192024916e-08
56.8797399783 	 7.61654406286e-08
56.9880823402 	 7.47340090065e-08
57.0964247021 	 8.17684534995e-08
57.2047670639 	 8.36853065027e-08
57.3131094258 	 8.00412445066e-08
57.4214517876 	 7.79576635959e-08
57.5297941495 	 7.90279981174e-08
57.6381365114 	 8.22732142874e-08
57.7464788732 	 9.14519507425e-08
57.8548212351 	 8.37168523073e-08
57.963163597 	 7.01754507338e-08
58.0715059588 	 7.39443050097e-08
58.1798483207 	 7.6412059554e-08
58.2881906826 	 8.13721123417e-08
58.3965330444 	 8.2342277647e-08
58.5048754063 	 7.68573441739e-08
58.6132177681 	 8.32609664747e-08
58.72156013 	 6.97262041509e-08
58.8299024919 	 7.73459340234e-08
58.9382448537 	 7.50339371621e-08
59.0465872156 	 7.39797679241e-08
59.1549295775 	 7.76491821126e-08
59.2632719393 	 8.10831914603e-08
59.3716143012 	 8.18272468692e-08
59.4799566631 	 8.10486162648e-08
59.5882990249 	 7.86295282925e-08
59.6966413868 	 7.56885762468e-08
59.8049837486 	 7.25066113594e-08
59.9133261105 	 8.28847976135e-08
60.0216684724 	 7.62860986448e-08
60.1300108342 	 8.37133640861e-08
60.2383531961 	 7.82641285554e-08
60.346695558 	 7.99148440735e-08
60.4550379198 	 7.86592625778e-08
60.5633802817 	 7.83692527633e-08
60.6717226436 	 7.16847930409e-08
60.7800650054 	 7.18043762912e-08
60.8884073673 	 7.90847906301e-08
60.9967497291 	 8.06476783582e-08
61.105092091 	 7.66705516785e-08
61.2134344529 	 8.0921045619e-08
61.3217768147 	 7.4808419182e-08
61.4301191766 	 7.27890330637e-08
61.5384615385 	 7.77553786862e-08
61.6468039003 	 7.68197873627e-08
61.7551462622 	 8.04119003623e-08
61.8634886241 	 7.81369296474e-08
61.9718309859 	 7.63309695993e-08
62.0801733478 	 7.46100904947e-08
62.1885157096 	 8.08203541264e-08
62.2968580715 	 7.51892167378e-08
62.4052004334 	 7.74526776226e-08
62.5135427952 	 7.68732186543e-08
62.6218851571 	 7.63290251424e-08
62.730227519 	 7.58116241274e-08
62.8385698808 	 7.24279081087e-08
62.9469122427 	 7.43287543429e-08
63.0552546046 	 7.64043180659e-08
63.1635969664 	 7.97425023012e-08
63.2719393283 	 7.80330034276e-08
63.3802816901 	 7.48451875414e-08
63.488624052 	 7.56526761212e-08
63.5969664139 	 7.39778868491e-08
63.7053087757 	 7.3259363709e-08
63.8136511376 	 7.78685113219e-08
63.9219934995 	 7.40440757622e-08
64.0303358613 	 7.62982071298e-08
64.1386782232 	 7.38597762702e-08
64.247020585 	 7.62143521612e-08
64.3553629469 	 7.58752204863e-08
64.4637053088 	 7.36881226074e-08
64.5720476706 	 7.1734991218e-08
64.6803900325 	 7.11201871084e-08
64.7887323944 	 7.16308541586e-08
64.8970747562 	 7.38912182108e-08
65.0054171181 	 7.36840118888e-08
65.11375948 	 7.34350307899e-08
65.2221018418 	 7.50026761965e-08
65.3304442037 	 7.23288843489e-08
65.4387865655 	 7.39406776682e-08
65.5471289274 	 7.5885011663e-08
65.6554712893 	 7.72061808469e-08
65.7638136511 	 7.60256504809e-08
65.872156013 	 7.4309592697e-08
65.9804983749 	 7.17388044773e-08
66.0888407367 	 6.9041957245e-08
66.1971830986 	 7.39954066475e-08
66.3055254605 	 7.36291806249e-08
66.4138678223 	 7.68759969831e-08
66.5222101842 	 7.56229381213e-08
66.630552546 	 7.52843711289e-08
66.7388949079 	 7.26756180392e-08
66.8472372698 	 7.41073923641e-08
66.9555796316 	 7.18473593002e-08
67.0639219935 	 7.3174362928e-08
67.1722643554 	 7.3118143397e-08
67.2806067172 	 7.28148045733e-08
67.3889490791 	 7.26679273086e-08
67.497291441 	 7.32630740719e-08
67.6056338028 	 7.39869240878e-08
67.7139761647 	 7.26698725368e-08
67.8223185265 	 7.25935342435e-08
67.9306608884 	 7.2509725681e-08
68.0390032503 	 7.20825302825e-08
68.1473456121 	 7.04018862724e-08
68.255687974 	 7.46839566308e-08
68.3640303359 	 7.20332012292e-08
68.4723726977 	 7.24625229444e-08
68.5807150596 	 7.30125477785e-08
68.6890574215 	 7.19101174971e-08
68.7973997833 	 7.23190835202e-08
68.9057421452 	 7.03623265444e-08
69.014084507 	 7.21976373647e-08
69.1224268689 	 7.28084727484e-08
69.2307692308 	 7.00087140547e-08
69.3391115926 	 7.31051527482e-08
69.4474539545 	 7.08997397329e-08
69.5557963164 	 7.25200870566e-08
69.6641386782 	 7.21608289397e-08
69.7724810401 	 7.16877379782e-08
69.880823402 	 7.05976638685e-08
69.9891657638 	 7.04883605721e-08
70.0975081257 	 7.2779177214e-08
70.2058504875 	 7.17401379076e-08
70.3141928494 	 6.93184330508e-08
70.4225352113 	 7.05170978441e-08
70.5308775731 	 7.07101336818e-08
70.639219935 	 7.08228916272e-08
70.7475622969 	 7.09190919389e-08
70.8559046587 	 6.99396111022e-08
70.9642470206 	 7.33246042022e-08
71.0725893824 	 7.12716874572e-08
71.1809317443 	 7.01635282181e-08
71.2892741062 	 7.09189488751e-08
71.397616468 	 7.07098518599e-08
71.5059588299 	 7.11029512096e-08
71.6143011918 	 7.10807931532e-08
71.7226435536 	 6.94688654689e-08
71.8309859155 	 7.02222652491e-08
71.9393282774 	 6.99696718903e-08
72.0476706392 	 6.94709276296e-08
72.1560130011 	 7.09884653747e-08
72.2643553629 	 6.99990100964e-08
72.3726977248 	 6.85373678735e-08
72.4810400867 	 7.07994432128e-08
72.5893824485 	 7.05300377909e-08
72.6977248104 	 7.13498763904e-08
72.8060671723 	 6.91335428975e-08
72.9144095341 	 7.13402102229e-08
73.022751896 	 6.97226748531e-08
73.1310942579 	 7.01186638242e-08
73.2394366197 	 6.84721390848e-08
73.3477789816 	 7.02206865753e-08
73.4561213434 	 7.04663912825e-08
73.5644637053 	 7.17087593166e-08
73.6728060672 	 6.97072654661e-08
73.781148429 	 7.02288694165e-08
73.8894907909 	 6.85210920773e-08
73.9978331528 	 6.90781222451e-08
74.1061755146 	 6.97529155029e-08
74.2145178765 	 6.84041775607e-08
74.3228602384 	 6.96762045472e-08
74.4312026002 	 7.04882954595e-08
74.5395449621 	 7.10520132275e-08
74.6478873239 	 6.91240865586e-08
74.7562296858 	 6.83076243394e-08
74.8645720477 	 6.87153873267e-08
74.9729144095 	 6.85337182635e-08
75.0812567714 	 6.88275405991e-08
75.1895991333 	 6.84448347633e-08
75.2979414951 	 6.8659389903e-08
75.406283857 	 6.91078392815e-08
75.5146262189 	 6.87537906797e-08
75.6229685807 	 6.8967102574e-08
75.7313109426 	 6.8685711679e-08
75.8396533044 	 6.96245380495e-08
75.9479956663 	 6.93347589319e-08
76.0563380282 	 6.92354220421e-08
76.16468039 	 6.78745064987e-08
76.2730227519 	 6.89514559734e-08
76.3813651138 	 6.83805484717e-08
76.4897074756 	 6.84990679035e-08
76.5980498375 	 6.88449579866e-08
76.7063921993 	 6.81158000333e-08
76.8147345612 	 6.95249295401e-08
76.9230769231 	 6.74725743277e-08
77.0314192849 	 6.77893594789e-08
77.1397616468 	 6.88711205976e-08
77.2481040087 	 6.92996242278e-08
77.3564463705 	 6.75938176715e-08
77.4647887324 	 6.73402147065e-08
77.5731310943 	 6.78816916776e-08
77.6814734561 	 6.84196575271e-08
77.789815818 	 6.80922796882e-08
77.8981581798 	 6.71883461745e-08
78.0065005417 	 6.89025006691e-08
78.1148429036 	 6.77659621285e-08
78.2231852654 	 6.7724297575e-08
78.3315276273 	 6.81857242111e-08
78.4398699892 	 6.81640807228e-08
78.548212351 	 6.75725207841e-08
78.6565547129 	 6.70748720159e-08
78.7648970748 	 6.79912276448e-08
78.8732394366 	 6.79507793976e-08
78.9815817985 	 6.86391894792e-08
79.0899241603 	 6.78107567606e-08
79.1982665222 	 6.73637882319e-08
79.3066088841 	 6.63098746337e-08
79.4149512459 	 6.64879422713e-08
79.5232936078 	 6.72313104692e-08
79.6316359697 	 6.84398875066e-08
79.7399783315 	 6.68161979311e-08
79.8483206934 	 6.7695346045e-08
79.9566630553 	 6.71801556958e-08
80.0650054171 	 6.71785761171e-08
80.173347779 	 6.65521975447e-08
80.2816901408 	 6.68744141731e-08
80.3900325027 	 6.77668067479e-08
80.4983748646 	 6.76217668106e-08
80.6067172264 	 6.78574603008e-08
80.7150595883 	 6.61281128752e-08
80.8234019502 	 6.66841491908e-08
80.931744312 	 6.55901239497e-08
81.0400866739 	 6.80131398886e-08
81.1484290358 	 6.64515357936e-08
81.2567713976 	 6.76728284309e-08
81.3651137595 	 6.56454223498e-08
81.4734561213 	 6.74403110595e-08
81.5817984832 	 6.61949546586e-08
81.6901408451 	 6.7113320272e-08
81.7984832069 	 6.740837469e-08
81.9068255688 	 6.75613117519e-08
82.0151679307 	 6.74246747545e-08
82.1235102925 	 6.61163730366e-08
82.2318526544 	 6.61435185612e-08
82.3401950163 	 6.63645722894e-08
82.4485373781 	 6.75073844557e-08
82.55687974 	 6.60194986115e-08
82.6652221018 	 6.68103459979e-08
82.7735644637 	 6.47800521325e-08
82.8819068256 	 6.69110614252e-08
82.9902491874 	 6.58789323693e-08
83.0985915493 	 6.72061723296e-08
83.2069339112 	 6.59716636673e-08
83.315276273 	 6.71514394649e-08
83.4236186349 	 6.60974231896e-08
83.5319609967 	 6.6948462514e-08
83.6403033586 	 6.60726088162e-08
83.7486457205 	 6.65121968443e-08
83.8569880823 	 6.63145506286e-08
83.9653304442 	 6.63807524942e-08
84.0736728061 	 6.63128054625e-08
84.1820151679 	 6.58524622015e-08
84.2903575298 	 6.59402585646e-08
84.3986998917 	 6.44132191188e-08
84.5070422535 	 6.61253252247e-08
84.6153846154 	 6.56617348316e-08
84.7237269772 	 6.66332310368e-08
84.8320693391 	 6.61710617492e-08
84.940411701 	 6.5706468731e-08
85.0487540628 	 6.55364128608e-08
85.1570964247 	 6.52057416728e-08
85.2654387866 	 6.63341065252e-08
85.3737811484 	 6.69659888863e-08
85.4821235103 	 6.73304567472e-08
85.5904658722 	 6.55608528296e-08
85.698808234 	 6.51615220653e-08
85.8071505959 	 6.40836305566e-08
85.9154929577 	 6.57520405322e-08
86.0238353196 	 6.58713278915e-08
86.1321776815 	 6.59583403717e-08
86.2405200433 	 6.64045218726e-08
86.3488624052 	 6.5245816095e-08
86.4572047671 	 6.57496037295e-08
86.5655471289 	 6.42285869479e-08
86.6738894908 	 6.47648013285e-08
86.7822318527 	 6.58373559301e-08
86.8905742145 	 6.67904656871e-08
86.9989165764 	 6.62584723435e-08
87.1072589382 	 6.53611561555e-08
87.2156013001 	 6.44561865672e-08
87.323943662 	 6.51983512255e-08
87.4322860238 	 6.50598421249e-08
87.5406283857 	 6.55696339429e-08
87.6489707476 	 6.70068791188e-08
87.7573131094 	 6.56746330141e-08
87.8656554713 	 6.55788268478e-08
87.9739978332 	 6.44050928715e-08
88.082340195 	 6.54337369923e-08
88.1906825569 	 6.50358886364e-08
88.2990249187 	 6.42494390692e-08
88.4073672806 	 6.40982571091e-08
88.5157096425 	 6.57324027455e-08
88.6240520043 	 6.51998725549e-08
88.7323943662 	 6.58750945793e-08
88.8407367281 	 6.48574184286e-08
88.9490790899 	 6.53799979634e-08
89.0574214518 	 6.48749717429e-08
89.1657638137 	 6.5165390584e-08
89.2741061755 	 6.49572126427e-08
89.3824485374 	 6.50654510287e-08
89.4907908992 	 6.54110708973e-08
89.5991332611 	 6.56620214348e-08
89.707475623 	 6.56641503339e-08
89.8158179848 	 6.5060390394e-08
89.9241603467 	 6.49686465271e-08
90.0325027086 	 6.47565071437e-08
90.1408450704 	 6.41001443023e-08
90.2491874323 	 6.37859577867e-08
90.3575297941 	 6.55195573526e-08
90.465872156 	 6.5151804268e-08
90.5742145179 	 6.40296638513e-08
90.6825568797 	 6.32123330614e-08
90.7908992416 	 6.51024718143e-08
90.8992416035 	 6.54697431889e-08
91.0075839653 	 6.57379100941e-08
91.1159263272 	 6.38417841622e-08
91.2242686891 	 6.71722920036e-08
91.3326110509 	 6.45486495961e-08
91.4409534128 	 6.54386117782e-08
91.5492957746 	 6.38638316813e-08
91.6576381365 	 6.43528478762e-08
91.7659804984 	 6.49428207836e-08
91.8743228602 	 6.40758187504e-08
91.9826652221 	 6.48571032119e-08
92.091007584 	 6.4689364845e-08
92.1993499458 	 6.56757302223e-08
92.3076923077 	 6.42831025521e-08
92.4160346696 	 6.42863580378e-08
92.5243770314 	 6.29863529185e-08
92.6327193933 	 6.55617205508e-08
92.7410617551 	 6.48120980953e-08
92.849404117 	 6.52946460848e-08
92.9577464789 	 6.33483389413e-08
93.0660888407 	 6.45823558903e-08
93.1744312026 	 6.42247597189e-08
93.2827735645 	 6.51161988982e-08
93.3911159263 	 6.37713191997e-08
93.4994582882 	 6.5743598151e-08
93.6078006501 	 6.34103450469e-08
93.7161430119 	 6.55220244813e-08
93.8244853738 	 6.43380445516e-08
93.9328277356 	 6.45047111877e-08
94.0411700975 	 6.54539714387e-08
94.1495124594 	 6.50525793498e-08
94.2578548212 	 6.50800462979e-08
94.3661971831 	 6.39566423856e-08
94.474539545 	 6.30129883803e-08
94.5828819068 	 6.47071585386e-08
94.6912242687 	 6.41850129975e-08
94.7995666306 	 6.33493134232e-08
94.9079089924 	 6.42208371961e-08
95.0162513543 	 6.4783178696e-08
95.1245937161 	 6.3504255531e-08
95.232936078 	 6.27462595549e-08
95.3412784399 	 6.46267057853e-08
95.4496208017 	 6.57569727035e-08
95.5579631636 	 6.61380711719e-08
95.6663055255 	 6.39781495356e-08
95.7746478873 	 6.44098855792e-08
95.8829902492 	 6.40498184644e-08
95.9913326111 	 6.59060226151e-08
96.0996749729 	 6.50129635067e-08
96.2080173348 	 6.53287484296e-08
96.3163596966 	 6.30972268281e-08
96.4247020585 	 6.35499676494e-08
96.5330444204 	 6.32351168798e-08
96.6413867822 	 6.41198280684e-08
96.7497291441 	 6.27536983716e-08
96.858071506 	 6.48448606139e-08
96.9664138678 	 6.31411540106e-08
97.0747562297 	 6.42686344096e-08
97.1830985915 	 6.44948987886e-08
97.2914409534 	 6.47340098394e-08
97.3997833153 	 6.55151722618e-08
97.5081256771 	 6.44107950387e-08
97.616468039 	 6.54424498299e-08
97.7248104009 	 6.4176273857e-08
97.8331527627 	 6.46963140909e-08
97.9414951246 	 6.31001353513e-08
98.0498374865 	 6.49681952325e-08
98.1581798483 	 6.3300730404e-08
98.2665222102 	 6.40921744057e-08
98.374864572 	 6.36364929863e-08
98.4832069339 	 6.44278928196e-08
98.5915492958 	 6.34342668866e-08
98.6998916576 	 6.4965318626e-08
98.8082340195 	 6.46470407141e-08
98.9165763814 	 6.41650671709e-08
99.0249187432 	 6.39794370323e-08
99.1332611051 	 6.33959313338e-08
99.241603467 	 6.43335764392e-08
99.3499458288 	 6.45633527939e-08
99.4582881907 	 6.45329918918e-08
99.5666305525 	 6.38463602064e-08
99.6749729144 	 6.38178832453e-08
99.7833152763 	 6.37980935249e-08
99.8916576381 	 6.48114431548e-08
100.0 	 6.4889625716e-08
