0.0  0.0
0.005  3.321645e-05
0.01  0.0001334021
0.015  0.0003018737
0.02  0.0005404864
0.025  0.000851741
0.03  0.0012389
0.035  0.001706099
0.04  0.002258435
0.045  0.002901982
0.05  0.003643681
0.055  0.004491033
0.06  0.005451599
0.065  0.006532385
0.07  0.007739331
0.075  0.009077104
0.08  0.0105492
0.085  0.01215816
0.09  0.01390564
0.095  0.01579248
0.1  0.01781859
0.105  0.01998291
0.11  0.0222832
0.115  0.024716
0.12  0.02727652
0.125  0.02995877
0.13  0.03275566
0.135  0.03565916
0.14  0.03866033
0.145  0.04174908
0.15  0.0449137
0.155  0.04814018
0.16  0.05141156
0.165  0.05470763
0.17  0.05800528
0.17500000000000002  0.06127992
0.18  0.06450811
0.185  0.06767128
0.19  0.07075967
0.195  0.07377502
0.2  0.07673041
0.20500000000000002  0.07964717
0.21  0.08255063
0.215  0.08546646
0.22  0.08841791
0.225  0.09142447
0.23  0.09450215
0.23500000000000001  0.09766472
0.24  0.100925
0.245  0.1042957
0.25  0.1077897
0.255  0.11142
0.26  0.1152004
0.265  0.119145
0.27  0.123268
0.275  0.1275844
0.28  0.1321089
0.28500000000000003  0.1368563
0.29  0.1418407
0.295  0.1470753
0.3  0.1525714
0.305  0.1583386
0.31  0.1643842
0.315  0.1707134
0.32  0.1773295
0.325  0.1842318
0.33  0.1914123
0.335  0.1988533
0.34  0.206524
0.34500000000000003  0.2143819
0.35000000000000003  0.2223754
0.355  0.2304465
0.36  0.2385329
0.365  0.2465682
0.37  0.2544817
0.375  0.262199
0.38  0.2696424
0.385  0.276732
0.39  0.2833896
0.395  0.2895441
0.4  0.295138
0.405  0.3001342
0.41000000000000003  0.3045184
0.41500000000000004  0.3082958
0.42  0.3114846
0.425  0.3141106
0.43  0.3162055
0.435  0.3178064
0.44  0.3189551
0.445  0.3196976
0.45  0.320082
0.455  0.3201569
0.46  0.3199703
0.465  0.3195677
0.47000000000000003  0.3189923
0.47500000000000003  0.3182848
0.48  0.3174836
0.485  0.3166251
0.49  0.3157433
0.495  0.3148701
0.5  0.3140354
0.505  0.3132678
0.51  0.3125955
0.515  0.3120462
0.52  0.3116459
0.525  0.3114179
0.53  0.3113804
0.535  0.3115455
0.54  0.3119186
0.545  0.312499
0.55  0.3132812
0.555  0.314254
0.56  0.3154004
0.5650000000000001  0.3166967
0.5700000000000001  0.3181142
0.5750000000000001  0.3196208
0.58  0.3211838
0.585  0.3227706
0.59  0.3243503
0.595  0.3258943
0.6  0.3273763
0.605  0.3287715
0.61  0.3300559
0.615  0.3312063
0.62  0.3322002
0.625  0.3330162
0.63  0.3336347
0.635  0.3340383
0.64  0.3342134
0.645  0.3341508
0.65  0.3338467
0.655  0.3333024
0.66  0.3325222
0.665  0.3315118
0.67  0.3302768
0.675  0.3288215
0.68  0.327149
0.685  0.3252609
0.6900000000000001  0.3231587
0.6950000000000001  0.3208438
0.7000000000000001  0.3183188
0.705  0.3155886
0.71  0.3126601
0.715  0.3095437
0.72  0.3062525
0.725  0.3028037
0.73  0.2992192
0.735  0.2955259
0.74  0.2917554
0.745  0.2879421
0.75  0.2841218
0.755  0.2803305
0.76  0.2766038
0.765  0.2729766
0.77  0.2694828
0.775  0.266155
0.78  0.2630241
0.785  0.2601193
0.79  0.257467
0.795  0.2550893
0.8  0.2530013
0.805  0.2512079
0.81  0.2497022
0.8150000000000001  0.2484654
0.8200000000000001  0.2474691
0.8250000000000001  0.2466775
0.8300000000000001  0.2460504
0.835  0.2455453
0.84  0.2451182
0.845  0.2447245
0.85  0.2443188
0.855  0.2438564
0.86  0.2432942
0.865  0.2425931
0.87  0.241721
0.875  0.2406559
0.88  0.2393879
0.885  0.237919
0.89  0.2362625
0.895  0.234441
0.9  0.2324822
0.905  0.2304152
0.91  0.2282656
0.915  0.2260521
0.92  0.2237837
0.925  0.2214594
0.93  0.2190701
0.935  0.2166016
0.9400000000000001  0.2140373
0.9450000000000001  0.2113599
0.9500000000000001  0.208553
0.9550000000000001  0.2056033
0.96  0.2025028
0.965  0.1992503
0.97  0.1958518
0.975  0.1923198
0.98  0.1886721
0.985  0.1849316
0.99  0.1811256
0.995  0.1772853
1.0  0.1734442
1.0050000000000001  0.1696372
1.01  0.1658998
1.0150000000000001  0.1622675
1.02  0.1587762
1.025  0.155462
1.03  0.1523613
1.035  0.1495114
1.04  0.1469504
1.045  0.1447172
1.05  0.1428515
1.055  0.1413919
1.06  0.1403749
1.065  0.1398318
1.07  0.1397869
1.075  0.1402565
1.08  0.1412487
1.085  0.142765
1.09  0.1448006
1.095  0.1473443
1.1  0.1503795
1.105  0.1538847
1.11  0.157833
1.115  0.1621916
1.12  0.1669204
1.125  0.1719737
1.1300000000000001  0.1773024
1.135  0.182857
1.1400000000000001  0.1885895
1.145  0.194454
1.1500000000000001  0.2004065
1.155  0.2064032
1.16  0.212399
1.165  0.2183482
1.17  0.2242061
1.175  0.2299335
1.18  0.2355007
1.185  0.2408904
1.19  0.2460989
1.195  0.2511361
1.2  0.2560231
1.205  0.2607881
1.21  0.2654585
1.215  0.270055
1.22  0.2745871
1.225  0.2790509
1.23  0.2834302
1.235  0.2876975
1.24  0.2918163
1.245  0.2957434
1.25  0.2994301
1.2550000000000001  0.3028228
1.26  0.305864
1.2650000000000001  0.3084928
1.27  0.3106469
1.2750000000000001  0.3122652
1.28  0.3132928
1.285  0.3136871
1.29  0.3134248
1.295  0.312506
1.3  0.3109538
1.305  0.3088109
1.31  0.3061353
1.315  0.3029932
1.32  0.2994523
1.325  0.2955768
1.33  0.291426
1.335  0.287056
1.34  0.2825219
1.345  0.2778793
1.35  0.2731848
1.355  0.2684961
1.36  0.263871
1.365  0.2593651
1.37  0.2550312
1.375  0.2509184
1.3800000000000001  0.2470725
1.385  0.2435375
1.3900000000000001  0.2403569
1.395  0.2375735
1.4000000000000001  0.2352274
1.405  0.233353
1.41  0.2319743
1.415  0.2311007
1.42  0.2307247
1.425  0.2308228
1.43  0.2313603
1.435  0.2322945
1.44  0.2335781
1.445  0.2351617
1.45  0.2369965
1.455  0.2390367
1.46  0.2412407
1.465  0.2435735
1.47  0.2460089
1.475  0.2485336
1.48  0.2511498
1.485  0.2538749
1.49  0.2567384
1.495  0.2597764
1.5  0.2630262
1.5050000000000001  0.2665219
1.51  0.2702894
1.5150000000000001  0.2743413
1.52  0.2786723
1.5250000000000001  0.2832577
1.53  0.2880549
1.5350000000000001  0.2930071
1.54  0.2980477
1.545  0.3031049
1.55  0.3081052
1.555  0.3129757
1.56  0.3176426
1.565  0.3220294
1.57  0.3260557
1.575  0.3296404
1.58  0.3327083
1.585  0.3351989
1.59  0.3370725
1.595  0.3383123
1.6  0.3389237
1.605  0.3389304
1.61  0.3383685
1.615  0.33728
1.62  0.3357093
1.625  0.3337012
1.6300000000000001  0.3313005
1.635  0.3285526
1.6400000000000001  0.3255031
1.645  0.3221978
1.6500000000000001  0.3186807
1.655  0.3149923
1.6600000000000001  0.3111668
1.665  0.3072302
1.67  0.303199
1.675  0.2990792
1.68  0.2948654
1.685  0.2905428
1.69  0.2860908
1.695  0.2814857
1.7  0.2767046
1.705  0.2717267
1.71  0.2665356
1.715  0.26112
1.72  0.2554744
1.725  0.2495992
1.73  0.2435012
1.735  0.2371948
1.74  0.2307017
1.745  0.2240498
1.75  0.2172737
1.7550000000000001  0.2104133
1.76  0.2035136
1.7650000000000001  0.1966222
1.77  0.1897875
1.7750000000000001  0.1830584
1.78  0.1764824
1.7850000000000001  0.1701058
1.79  0.163973
1.795  0.1581269
1.8  0.1526094
1.805  0.1474627
1.81  0.1427303
1.815  0.138457
1.82  0.1346867
1.825  0.1314598
1.83  0.1288102
1.835  0.1267623
1.84  0.1253296
1.845  0.1245133
1.85  0.1243022
1.855  0.1246735
1.86  0.1255935
1.865  0.1270208
1.87  0.1289085
1.875  0.1312062
1.8800000000000001  0.1338613
1.885  0.1368193
1.8900000000000001  0.1400237
1.895  0.1434168
1.9000000000000001  0.146939
1.905  0.1505292
1.9100000000000001  0.1541271
1.915  0.1576771
1.92  0.161134
1.925  0.1644676
1.93  0.1676628
1.935  0.170717
1.94  0.1736364
1.945  0.1764321
1.95  0.1791166
1.955  0.1817006
1.96  0.1841907
1.965  0.1865872
1.97  0.188884
1.975  0.1910699
1.98  0.1931294
1.985  0.1950445
1.99  0.1967957
1.995  0.1983639
2.0  0.1997327
2.005  0.2008915
2.0100000000000002  0.2018377
2.015  0.2025777
2.02  0.2031272
2.025  0.2035096
2.0300000000000002  0.2037543
2.035  0.2038943
2.04  0.203963
2.045  0.2039906
2.05  0.204002
2.055  0.2040162
2.06  0.204049
2.065  0.2041143
2.07  0.2042254
2.075  0.2043962
2.08  0.2046412
2.085  0.2049759
2.09  0.2054165
2.095  0.2059795
2.1  0.2066815
2.105  0.2075384
2.11  0.2085656
2.115  0.2097772
2.12  0.2111855
2.125  0.2128005
2.13  0.2146293
2.1350000000000002  0.2166753
2.14  0.2189396
2.145  0.2214218
2.15  0.2241209
2.1550000000000002  0.2270355
2.16  0.2301633
2.165  0.2335
2.17  0.2370384
2.1750000000000003  0.2407676
2.18  0.2446724
2.185  0.2487347
2.19  0.2529335
2.195  0.2572459
2.2  0.2616478
2.205  0.2661155
2.21  0.2706272
2.215  0.2751647
2.22  0.2797136
2.225  0.2842626
2.23  0.2888014
2.235  0.2933178
2.24  0.2977962
2.245  0.3022154
2.25  0.3065487
2.255  0.3107659
2.2600000000000002  0.3148361
2.265  0.3187307
2.27  0.3224241
2.275  0.3258935
2.2800000000000002  0.3291186
2.285  0.332081
2.29  0.3347647
2.295  0.3371566
2.3000000000000003  0.339246
2.305  0.3410241
2.31  0.3424833
2.315  0.3436158
2.32  0.3444135
2.325  0.3448666
2.33  0.3449638
2.335  0.3446921
2.34  0.3440377
2.345  0.3429861
2.35  0.3415226
2.355  0.339632
2.36  0.3372973
2.365  0.3344989
2.37  0.3312142
2.375  0.3274172
2.38  0.3230794
2.3850000000000002  0.3181728
2.39  0.3126742
2.395  0.3065709
2.4  0.2998656
2.4050000000000002  0.2925769
2.41  0.2847376
2.415  0.2763906
2.42  0.267587
2.4250000000000003  0.2583831
2.43  0.2488389
2.435  0.2390154
2.44  0.2289745
2.445  0.2187777
2.45  0.2084856
2.455  0.1981573
2.46  0.1878492
2.465  0.1776149
2.47  0.1675047
2.475  0.1575646
2.48  0.1478359
2.485  0.1383554
2.49  0.1291557
2.495  0.1202654
2.5  0.1117096
2.505  0.1035096
2.5100000000000002  0.09568523
2.515  0.08825573
2.52  0.08124135
2.525  0.0746636
2.5300000000000002  0.06854476
2.535  0.06290634
2.54  0.05776689
2.545  0.0531397
2.5500000000000003  0.04903117
2.555  0.04544068
2.56  0.04236189
2.565  0.03978427
2.57  0.03769355
2.575  0.03607132
2.58  0.0348944
2.585  0.03413503
2.59  0.03376188
2.595  0.03374167
2.6  0.03404044
2.605  0.03462445
2.61  0.03546082
2.615  0.03651768
2.62  0.03776384
2.625  0.03916815
2.63  0.0406988
2.6350000000000002  0.04232276
2.64  0.04400564
2.645  0.04571224
2.65  0.0474076
2.6550000000000002  0.04905856
2.66  0.05063559
2.665  0.05211434
2.67  0.05347682
2.6750000000000003  0.05471205
2.68  0.05581634
2.685  0.05679262
2.69  0.05764869
2.695  0.05839567
2.7  0.05904696
2.705  0.05961771
2.71  0.06012402
2.715  0.06058161
2.72  0.06100401
2.725  0.06140053
2.73  0.06177458
2.735  0.062123
2.74  0.06243661
2.745  0.06270121
2.75  0.06289842
2.755  0.06300666
2.7600000000000002  0.06300306
2.765  0.06286612
2.77  0.06257861
2.775  0.0621298
2.7800000000000002  0.06151665
2.785  0.06074372
2.79  0.05982266
2.795  0.05877196
2.8000000000000003  0.05761631
2.805  0.0563845
2.81  0.05510646
2.815  0.05381074
2.82  0.05252292
2.825  0.05126489
2.83  0.05005456
2.835  0.0489059
2.84  0.04782906
2.845  0.04683038
2.85  0.04591276
2.855  0.04507653
2.86  0.04432057
2.865  0.04364312
2.87  0.04304227
2.875  0.0425162
2.88  0.04206312
2.8850000000000002  0.04168079
2.89  0.04136572
2.895  0.04111224
2.9  0.04091192
2.9050000000000002  0.04075397
2.91  0.04062711
2.915  0.04052287
2.92  0.04043993
2.9250000000000003  0.04038833
2.93  0.04039161
2.935  0.04048526
2.94  0.04071177
2.945  0.04111525
2.95  0.0417379
2.955  0.0426184
2.96  0.0437915
2.965  0.04528817
2.97  0.04713596
2.975  0.04935884
2.98  0.05197618
2.985  0.0550008
2.99  0.0584363
2.995  0.0622747
3.0  0.06649512
3.005  0.0710638
3.0100000000000002  0.07593645
3.015  0.08106247
3.02  0.08638891
3.025  0.09186289
3.0300000000000002  0.09743248
3.035  0.1030461
3.04  0.1086517
3.045  0.1141965
3.0500000000000003  0.1196267
3.055  0.1248876
3.06  0.1299226
3.065  0.1346729
3.0700000000000003  0.1390773
3.075  0.143073
3.08  0.1465983
3.085  0.1495955
3.09  0.1520157
3.095  0.1538213
3.1  0.1549894
3.105  0.1555126
3.11  0.1553972
3.115  0.1546594
3.12  0.1533216
3.125  0.1514118
3.13  0.1489625
3.1350000000000002  0.1460118
3.14  0.1426037
3.145  0.138788
3.15  0.1346179
3.1550000000000002  0.1301468
3.16  0.1254234
3.165  0.1204882
3.17  0.1153711
3.1750000000000003  0.1100914
3.18  0.104661
3.185  0.09908641
3.19  0.09337113
3.1950000000000003  0.08751758
3.2  0.08152839
3.205  0.07540688
3.21  0.06915719
3.215  0.06278462
3.22  0.05629668
3.225  0.04970506
3.23  0.04302813
3.235  0.03629306
3.24  0.02953705
3.245  0.02280647
3.25  0.01615313
3.255  0.009628909
3.2600000000000002  0.003281525
3.265  -0.002847032
3.27  -0.008720323
3.275  -0.01430683
3.2800000000000002  -0.01957948
3.285  -0.02451533
3.29  -0.0290957
3.295  -0.03330705
3.3000000000000003  -0.03714166
3.305  -0.04059762
3.31  -0.04367802
3.315  -0.0463903
3.3200000000000003  -0.04874601
3.325  -0.05076045
3.33  -0.05245222
3.335  -0.05384291
3.34  -0.05495728
3.345  -0.05582343
3.35  -0.05647279
3.355  -0.05693997
3.36  -0.0572625
3.365  -0.05748001
3.37  -0.0576332
3.375  -0.05776284
3.38  -0.05790929
3.3850000000000002  -0.05811223
3.39  -0.05841077
3.395  -0.05884369
3.4  -0.05944974
3.4050000000000002  -0.06026725
3.41  -0.06133249
3.415  -0.06267659
3.42  -0.06432152
3.4250000000000003  -0.06627664
3.43  -0.06853725
3.435  -0.07108573
3.44  -0.07389384
3.4450000000000003  -0.07692475
3.45  -0.08013543
3.455  -0.08348007
3.46  -0.08691356
3.465  -0.09039339
3.47  -0.09387959
3.475  -0.09733441
3.48  -0.1007237
3.485  -0.1040206
3.49  -0.10721
3.495  -0.1102906
3.5  -0.1132733
3.505  -0.1161762
3.5100000000000002  -0.1190215
3.515  -0.1218334
3.52  -0.1246374
3.525  -0.1274601
3.5300000000000002  -0.1303288
3.535  -0.1332697
3.54  -0.1363043
3.545  -0.1394447
3.5500000000000003  -0.1426894
3.555  -0.1460213
3.56  -0.1494097
3.565  -0.1528167
3.5700000000000003  -0.1562016
3.575  -0.1595245
3.58  -0.1627465
3.585  -0.1658299
3.59  -0.1687377
3.595  -0.1714343
3.6  -0.173888
3.605  -0.1760739
3.61  -0.1779793
3.615  -0.1796066
3.62  -0.1809745
3.625  -0.1821155
3.63  -0.1830701
3.6350000000000002  -0.1838833
3.64  -0.1846016
3.645  -0.1852724
3.65  -0.1859445
3.6550000000000002  -0.1866702
3.66  -0.1875071
3.665  -0.1885192
3.67  -0.1897757
3.6750000000000003  -0.1913471
3.68  -0.1932988
3.685  -0.1956827
3.69  -0.1985331
3.6950000000000003  -0.2018647
3.7  -0.2056719
3.705  -0.2099296
3.71  -0.2145982
3.715  -0.2196303
3.72  -0.2249767
3.725  -0.2305889
3.73  -0.2364189
3.735  -0.2424188
3.74  -0.2485392
3.745  -0.2547282
3.75  -0.2609316
3.755  -0.2670924
3.7600000000000002  -0.2731515
3.765  -0.2790478
3.77  -0.2847181
3.775  -0.2900982
3.7800000000000002  -0.2951233
3.785  -0.2997298
3.79  -0.3038565
3.795  -0.3074482
3.8000000000000003  -0.3104602
3.805  -0.3128646
3.81  -0.3146542
3.815  -0.3158429
3.8200000000000003  -0.316462
3.825  -0.3165542
3.83  -0.3161671
3.835  -0.3153475
3.84  -0.3141398
3.845  -0.3125866
3.85  -0.3107306
3.855  -0.3086163
3.86  -0.3062902
3.865  -0.3037989
3.87  -0.3011854
3.875  -0.2984855
3.88  -0.2957251
3.8850000000000002  -0.2929203
3.89  -0.2900777
3.895  -0.2871965
3.9  -0.2842714
3.9050000000000002  -0.2812948
3.91  -0.2782582
3.915  -0.2751533
3.92  -0.2719729
3.9250000000000003  -0.2687122
3.93  -0.26537
3.935  -0.2619502
3.94  -0.2584613
3.9450000000000003  -0.2549162
3.95  -0.2513305
3.955  -0.2477218
3.96  -0.2441093
3.9650000000000003  -0.2405147
3.97  -0.236962
3.975  -0.2334775
3.98  -0.2300895
3.985  -0.2268269
3.99  -0.2237184
3.995  -0.2207922
4.0  -0.2180758
4.005  -0.2155942
4.01  -0.2133677
4.015  -0.2114078
4.0200000000000005  -0.2097147
4.025  -0.2082756
4.03  -0.2070664
4.035  -0.2060531
4.04  -0.2051931
4.045  -0.2044349
4.05  -0.2037192
4.055  -0.2029798
4.0600000000000005  -0.2021469
4.065  -0.2011501
4.07  -0.1999208
4.075  -0.1983921
4.08  -0.1964986
4.085  -0.194178
4.09  -0.1913729
4.095  -0.1880341
4.1  -0.1841251
4.105  -0.1796251
4.11  -0.1745307
4.115  -0.1688544
4.12  -0.1626219
4.125  -0.1558691
4.13  -0.14864
4.135  -0.140986
4.14  -0.1329642
4.1450000000000005  -0.1246361
4.15  -0.1160664
4.155  -0.1073224
4.16  -0.09847429
4.165  -0.08959524
4.17  -0.08076096
4.175  -0.07204845
4.18  -0.06353352
4.1850000000000005  -0.0552872
4.19  -0.04737153
4.195  -0.03983649
4.2  -0.0327194
4.205  -0.02604581
4.21  -0.01983034
4.215  -0.01407789
4.22  -0.008785773
4.225  -0.003946577
4.23  0.000449515
4.235  0.00441349
4.24  0.007956976
4.245  0.01109221
4.25  0.01383233
4.255  0.01619189
4.26  0.01818717
4.265  0.01983614
4.2700000000000005  0.02115787
4.275  0.02217159
4.28  0.02289595
4.285  0.02334875
4.29  0.02354722
4.295  0.02350872
4.3  0.02325164
4.305  0.02279563
4.3100000000000005  0.02216097
4.315  0.02136678
4.32  0.02042898
4.325  0.01935884
4.33  0.01816308
4.335  0.0168455
4.34  0.0154094
4.345  0.01386031
4.3500000000000005  0.01220855
4.355  0.0104711
4.36  0.008671834
4.365  0.006840233
4.37  0.005009443
4.375  0.003214405
4.38  0.001490123
4.385  -0.0001297479
4.39  -0.001613767
4.3950000000000005  -0.002932968
4.4  -0.004060868
4.405  -0.004973745
4.41  -0.005651494
4.415  -0.006079123
4.42  -0.006248595
4.425  -0.006160352
4.43  -0.005823777
4.4350000000000005  -0.005256441
4.44  -0.004482876
4.445  -0.003533231
4.45  -0.002441486
4.455  -0.001243453
4.46  2.47446e-05
4.465  0.00132754
4.47  0.002630314
4.4750000000000005  0.00389936
4.48  0.005101655
4.485  0.006204687
4.49  0.007176391
4.495  0.007985021
4.5  0.008598804
4.505  0.00898532
4.51  0.009110682
4.515  0.008938781
4.5200000000000005  0.008431092
4.525  0.007547522
4.53  0.006248473
4.535  0.004497757
4.54  0.00226571
4.545  -0.0004680574
4.55  -0.003712402
4.555  -0.0074626
4.5600000000000005  -0.01169915
4.565  -0.0163888
4.57  -0.02148727
4.575  -0.02694189
4.58  -0.03269394
4.585  -0.03868097
4.59  -0.04483849
4.595  -0.05110118
4.6000000000000005  -0.05740413
4.605  -0.06368466
4.61  -0.06988462
4.615  -0.07595274
4.62  -0.08184607
4.625  -0.08752966
4.63  -0.09297457
4.635  -0.09815588
4.64  -0.1030512
4.6450000000000005  -0.1076395
4.65  -0.1119003
4.655  -0.1158132
4.66  -0.1193582
4.665  -0.1225166
4.67  -0.1252717
4.675  -0.1276105
4.68  -0.129524
4.6850000000000005  -0.1310081
4.69  -0.1320625
4.695  -0.1326893
4.7  -0.1328923
4.705  -0.1326764
4.71  -0.1320477
4.715  -0.1310131
4.72  -0.1295804
4.7250000000000005  -0.1277586
4.73  -0.1255584
4.735  -0.122993
4.74  -0.1200786
4.745  -0.1168354
4.75  -0.1132881
4.755  -0.1094672
4.76  -0.1054081
4.765  -0.1011512
4.7700000000000005  -0.09674055
4.775  -0.0922238
4.78  -0.087651
4.785  -0.08307445
4.79  -0.07854844
4.795  -0.07412889
4.8  -0.06987231
4.805  -0.06583395
4.8100000000000005  -0.06206509
4.815  -0.05860982
4.82  -0.05550213
4.825  -0.05276448
4.83  -0.05040756
4.835  -0.04843041
4.84  -0.04682072
4.845  -0.04555559
4.8500000000000005  -0.04460221
4.855  -0.04391927
4.86  -0.04345993
4.865  -0.04317516
4.87  -0.04301639
4.875  -0.04293689
4.88  -0.04289219
4.885  -0.04283981
4.89  -0.04273902
4.8950000000000005  -0.04255081
4.9  -0.0422381
4.905  -0.04176568
4.91  -0.04110007
4.915  -0.04020953
4.92  -0.03906496
4.925  -0.03764207
4.93  -0.03592429
4.9350000000000005  -0.03390562
4.94  -0.0315919
4.945  -0.02899934
4.95  -0.02615149
4.955  -0.02307707
4.96  -0.0198094
4.965  -0.0163861
4.97  -0.01284836
4.9750000000000005  -0.009239532
4.98  -0.005603351
4.985  -0.001982281
4.99  0.001583936
4.995  0.005059317
5.0  0.008412167
5.005  0.01161538
5.01  0.01464656
5.015  0.01748765
5.0200000000000005  0.0201237
5.025  0.02254158
5.03  0.02472907
5.035  0.02667461
5.04  0.02836722
5.045  0.02979654
5.05  0.03095282
5.055  0.03182685
5.0600000000000005  0.03240959
5.065  0.03269171
5.07  0.03266302
5.075  0.03231211
5.08  0.03162676
5.085  0.03059538
5.09  0.02920973
5.095  0.02746859
5.1000000000000005  0.02538093
5.105  0.02296724
5.11  0.02025792
5.115  0.01729008
5.12  0.01410462
5.125  0.01074419
5.13  0.007251767
5.135  0.00367003
5.14  4.142598e-05
5.1450000000000005  -0.003591282
5.15  -0.007184431
5.155  -0.01069337
5.16  -0.01407335
5.165  -0.01728157
5.17  -0.02028025
5.175  -0.02304003
5.18  -0.02554258
5.1850000000000005  -0.02778184
5.19  -0.02976363
5.195  -0.03150366
5.2  -0.03302448
5.205  -0.0343531
5.21  -0.03551947
5.215  -0.03655507
5.22  -0.03749158
5.2250000000000005  -0.03835994
5.23  -0.03918972
5.235  -0.04000901
5.24  -0.04084468
5.245  -0.04172308
5.25  -0.04267035
5.255  -0.04371211
5.26  -0.04487242
5.265  -0.04617243
5.2700000000000005  -0.04762916
5.275  -0.04925533
5.28  -0.05106012
5.285  -0.05305014
5.29  -0.05522913
5.295  -0.05759637
5.3  -0.06014406
5.305  -0.06285467
5.3100000000000005  -0.06569887
5.315  -0.06863574
5.32  -0.07161581
5.325  -0.07458526
5.33  -0.07748976
5.335  -0.08027736
5.34  -0.08290091
5.345  -0.08531971
5.3500000000000005  -0.08750014
5.355  -0.0894153
5.36  -0.09104512
5.365  -0.09237776
5.37  -0.09341154
5.375  -0.09415575
5.38  -0.09462943
5.385  -0.09485909
5.39  -0.09487677
5.3950000000000005  -0.09471849
5.4  -0.09442223
5.405  -0.09402549
5.41  -0.09356311
5.415  -0.0930655
5.42  -0.0925574
5.425  -0.09205702
5.43  -0.09157573
5.4350000000000005  -0.09111892
5.44  -0.09068798
5.445  -0.09028228
5.45  -0.0899008
5.455  -0.08954354
5.46  -0.08921277
5.465  -0.08891391
5.47  -0.08865577
5.4750000000000005  -0.08844996
5.48  -0.08830998
5.485  -0.08825027
5.49  -0.08828527
5.495  -0.08842819
5.5  -0.08868953
5.505  -0.08907568
5.51  -0.08958818
5.515  -0.09022403
5.5200000000000005  -0.09097693
5.525  -0.09183861
5.53  -0.0927998
5.535  -0.09385081
5.54  -0.09498175
5.545  -0.09618241
5.55  -0.09744221
5.555  -0.09875003
5.5600000000000005  -0.1000943
5.565  -0.1014634
5.57  -0.1028459
5.575  -0.1042312
5.58  -0.1056098
5.585  -0.1069729
5.59  -0.1083113
5.595  -0.109613
5.6000000000000005  -0.1108605
5.605  -0.1120293
5.61  -0.1130865
5.615  -0.1139937
5.62  -0.1147105
5.625  -0.1151992
5.63  -0.1154269
5.635  -0.1153666
5.64  -0.1149972
5.6450000000000005  -0.1143048
5.65  -0.1132849
5.655  -0.1119443
5.66  -0.1103012
5.665  -0.108385
5.67  -0.1062357
5.675  -0.1039017
5.68  -0.101435
5.6850000000000005  -0.09888707
5.69  -0.09630453
5.695  -0.09372631
5.7  -0.09118253
5.705  -0.08869521
5.71  -0.08628053
5.715  -0.08395107
5.72  -0.08171731
5.7250000000000005  -0.07958824
5.73  -0.07757175
5.735  -0.07567486
5.74  -0.07390362
5.745  -0.07226311
5.75  -0.07075738
5.755  -0.06938958
5.76  -0.06816192
5.765  -0.06707525
5.7700000000000005  -0.06612839
5.775  -0.06531721
5.78  -0.06463388
5.785  -0.06406602
5.79  -0.06359597
5.795  -0.06320066
5.8  -0.06285292
5.805  -0.06252385
5.8100000000000005  -0.0621848
5.815  -0.06180851
5.82  -0.06136982
5.825  -0.06084688
5.83  -0.06022333
5.835  -0.05949073
5.84  -0.05865034
5.845  -0.05771268
5.8500000000000005  -0.05669542
5.855  -0.05562064
5.86  -0.05451299
5.865  -0.05339803
5.87  -0.05230049
5.875  -0.05124181
5.88  -0.05023723
5.885  -0.04929297
5.89  -0.04840473
5.8950000000000005  -0.0475587
5.9  -0.04673436
5.905  -0.04590698
5.91  -0.04504899
5.915  -0.04413083
5.92  -0.04312202
5.925  -0.04199307
5.93  -0.04071855
5.9350000000000005  -0.03928106
5.94  -0.03767533
5.945  -0.03591082
5.95  -0.03401126
5.955  -0.03201211
5.96  -0.02995811
5.965  -0.02790113
5.97  -0.025898
5.9750000000000005  -0.02400848
5.98  -0.02229297
5.985  -0.02080943
5.99  -0.01960906
5.995  -0.01873159
6.0  -0.01820162
6.005  -0.01802762
6.01  -0.0182046
6.015000000000001  -0.01871866
6.0200000000000005  -0.01955048
6.025  -0.02067697
6.03  -0.0220721
6.035  -0.02370796
6.04  -0.02555608
6.045  -0.02758906
6.05  -0.02978214
6.055  -0.03211419
6.0600000000000005  -0.034568
6.065  -0.03712936
6.07  -0.03978595
6.075  -0.04252628
6.08  -0.04533905
6.085  -0.04821279
6.09  -0.05113546
6.095  -0.05409443
6.1000000000000005  -0.05707641
6.105  -0.06006762
6.11  -0.06305368
6.115  -0.06601959
6.12  -0.06894956
6.125  -0.07182718
6.13  -0.0746358
6.135  -0.07735914
6.140000000000001  -0.07998199
6.1450000000000005  -0.08249105
6.15  -0.08487582
6.155  -0.08712988
6.16  -0.08925212
6.165  -0.09124748
6.17  -0.09312616
6.175  -0.09490167
6.18  -0.09658859
6.1850000000000005  -0.09820064
6.19  -0.09974856
6.195  -0.1012377
6.2  -0.1026659
6.205  -0.104022
6.21  -0.105287
6.215  -0.1064362
6.22  -0.107441
6.2250000000000005  -0.1082712
6.23  -0.1088966
6.235  -0.1092903
6.24  -0.1094322
6.245  -0.1093127
6.25  -0.1089354
6.255  -0.1083181
6.26  -0.1074904
6.265000000000001  -0.1064906
6.2700000000000005  -0.1053619
6.275  -0.1041515
6.28  -0.1029083
6.285  -0.1016821
6.29  -0.1005232
6.295  -0.09948167
6.3  -0.09860664
6.305  -0.09794496
6.3100000000000005  -0.09753911
6.315  -0.09742501
6.32  -0.09762983
6.325  -0.09817006
6.33  -0.09905021
6.335  -0.1002634
6.34  -0.1017936
6.345  -0.1036184
6.3500000000000005  -0.1057108
6.355  -0.1080415
6.36  -0.1105802
6.365  -0.1132973
6.37  -0.1161637
6.375  -0.1191519
6.38  -0.1222356
6.385  -0.1253891
6.390000000000001  -0.1285869
6.3950000000000005  -0.1318023
6.4  -0.1350067
6.405  -0.1381692
6.41  -0.1412558
6.415  -0.1442293
6.42  -0.1470488
6.425  -0.1496703
6.43  -0.1520477
6.4350000000000005  -0.1541349
6.44  -0.1558885
6.445  -0.1572714
6.45  -0.1582536
6.455  -0.158813
6.46  -0.1589358
6.465  -0.158619
6.47  -0.157871
6.4750000000000005  -0.1567124
6.48  -0.1551744
6.485  -0.1532963
6.49  -0.151123
6.495  -0.1487015
6.5  -0.1460776
6.505  -0.1432941
6.51  -0.1403905
6.515000000000001  -0.137404
6.5200000000000005  -0.13437
6.525  -0.1313223
6.53  -0.1282921
6.535  -0.1253075
6.54  -0.1223932
6.545  -0.1195706
6.55  -0.1168587
6.555  -0.1142745
6.5600000000000005  -0.1118336
6.565  -0.1095503
6.57  -0.1074377
6.575  -0.1055072
6.58  -0.1037674
6.585  -0.1022239
6.59  -0.100879
6.595  -0.099733
6.6000000000000005  -0.0987847
6.605  -0.09803231
6.61  -0.0974734
6.615  -0.09710447
6.62  -0.09692
6.625  -0.09691139
6.63  -0.09706586
6.635  -0.09736613
6.640000000000001  -0.09779078
6.6450000000000005  -0.09831491
6.65  -0.09891054
6.655  -0.09954694
6.66  -0.1001913
6.665  -0.1008099
6.67  -0.1013687
6.675  -0.1018336
6.68  -0.1021713
6.6850000000000005  -0.1023493
6.69  -0.1023377
6.695  -0.1021108
6.7  -0.1016504
6.705  -0.1009478
6.71  -0.1000051
6.715  -0.0988349
6.72  -0.09745791
6.7250000000000005  -0.09590129
6.73  -0.09419679
6.735  -0.09237889
6.74  -0.09048292
6.745  -0.08854347
6.75  -0.08659237
6.755  -0.08465641
6.76  -0.08275497
6.765000000000001  -0.0808987
6.7700000000000005  -0.07909019
6.775  -0.07732661
6.78  -0.07560256
6.785  -0.07391203
6.79  -0.07224958
6.795  -0.07061144
6.8  -0.06899691
6.805  -0.06740962
6.8100000000000005  -0.06585849
6.815  -0.06435758
6.82  -0.06292552
6.825  -0.06158509
6.83  -0.0603629
6.835  -0.05928818
6.84  -0.05839043
6.845  -0.05769643
6.8500000000000005  -0.05722781
6.855  -0.05699986
6.86  -0.05702146
6.865  -0.05729526
6.87  -0.05781777
6.875  -0.05858005
6.88  -0.05956892
6.885  -0.06076814
6.890000000000001  -0.06215891
6.8950000000000005  -0.06372024
6.9  -0.06542905
6.905  -0.06726059
6.91  -0.0691892
6.915  -0.07118935
6.92  -0.07323658
6.925  -0.07530799
6.93  -0.07738223
6.9350000000000005  -0.07943902
6.94  -0.0814587
6.945  -0.08342197
6.95  -0.0853097
6.955  -0.087103
6.96  -0.0887832
6.965  -0.09033193
6.97  -0.09173106
6.9750000000000005  -0.09296259
6.98  -0.09400831
6.985  -0.09484957
6.99  -0.09546726
6.995  -0.09584238
7.0  -0.09595748
7.005  -0.09579893
7.01  -0.09535959
7.015000000000001  -0.0946412
7.0200000000000005  -0.09365515
7.025  -0.09242161
7.03  -0.09096775
7.035  -0.0893263
7.04  -0.08753401
7.045  -0.08562963
7.05  -0.08365158
7.055  -0.08163564
7.0600000000000005  -0.07961276
7.065  -0.07760757
7.07  -0.0756383
7.075  -0.0737183
7.08  -0.07185811
7.085  -0.07006706
7.09  -0.06835417
7.095  -0.06672868
7.1000000000000005  -0.06520028
7.105  -0.06377907
7.11  -0.06247538
7.115  -0.06129946
7.12  -0.0602612
7.125  -0.05936998
7.13  -0.05863441
7.135  -0.05806216
7.140000000000001  -0.05765971
7.1450000000000005  -0.05743171
7.15  -0.0573798
7.155  -0.05750107
7.16  -0.05778676
7.165  -0.05822199
7.17  -0.05878626
7.175  -0.05945402
7.18  -0.06019561
7.1850000000000005  -0.06097932
7.19  -0.06177402
7.195  -0.06255143
7.2  -0.06328692
7.205  -0.06395871
7.21  -0.06454635
7.215  -0.06502921
7.22  -0.0653857
7.2250000000000005  -0.06559325
7.23  -0.0656291
7.235  -0.06547193
7.24  -0.06510334
7.245  -0.06450856
7.25  -0.06367633
7.255  -0.06259894
7.26  -0.06127285
7.265000000000001  -0.05969965
7.2700000000000005  -0.05788664
7.275  -0.05584674
7.28  -0.05359832
7.285  -0.05116501
7.29  -0.04857518
7.295  -0.04586064
7.3  -0.04305513
7.305  -0.04019331
7.3100000000000005  -0.03731017
7.315  -0.03444073
7.32  -0.03161982
7.325  -0.02888189
7.33  -0.02626063
7.335  -0.02378842
7.34  -0.02149524
7.345  -0.01940749
7.3500000000000005  -0.01754693
7.355  -0.0159304
7.36  -0.0145701
7.365  -0.01347359
7.37  -0.01264328
7.375  -0.01207601
7.38  -0.01176336
7.385  -0.01169309
7.390000000000001  -0.01185054
7.3950000000000005  -0.01221974
7.4  -0.01278407
7.405  -0.01352669
7.41  -0.01443041
7.415  -0.01547714
7.42  -0.01664676
7.425  -0.01791608
7.43  -0.01925822
7.4350000000000005  -0.02064321
7.44  -0.02203979
7.445  -0.02341796
7.45  -0.02475135
7.455  -0.02601881
7.46  -0.0272046
7.465  -0.02829766
7.47  -0.02929086
7.4750000000000005  -0.03018031
7.48  -0.03096476
7.485  -0.0316447
7.49  -0.03222203
7.495  -0.03270015
7.5  -0.03308461
7.505  -0.03338342
7.51  -0.03360678
7.515000000000001  -0.03376588
7.5200000000000005  -0.03387097
7.525  -0.03392912
7.53  -0.03394238
7.535  -0.03390686
7.54  -0.03381346
7.545  -0.03364963
7.55  -0.03340097
7.555  -0.03305228
7.5600000000000005  -0.03258852
7.565  -0.03199586
7.57  -0.0312629
7.575  -0.03038209
7.58  -0.02935102
7.585  -0.0281731
7.59  -0.02685759
7.595  -0.02541949
7.6000000000000005  -0.02387928
7.605  -0.02226195
7.61  -0.02059503
7.615  -0.01890631
7.62  -0.01722197
7.625  -0.01556508
7.63  -0.01395417
7.635  -0.01240179
7.640000000000001  -0.01091333
7.6450000000000005  -0.009487186
7.65  -0.00811593
7.655  -0.006787441
7.66  -0.005485344
7.665  -0.004189364
7.67  -0.002876424
7.675  -0.001522718
7.68  -0.0001063831
7.6850000000000005  0.001389742
7.69  0.0029759
7.695  0.00465466
7.7  0.006422162
7.705  0.008270565
7.71  0.01019035
7.715  0.01217218
7.72  0.01420851
7.7250000000000005  0.01629497
7.73  0.01843109
7.735  0.02062006
7.74  0.02286779
7.745  0.02518184
7.75  0.02757075
7.755  0.03004362
7.76  0.03260954
7.765000000000001  0.03527669
7.7700000000000005  0.03805103
7.775  0.04093448
7.78  0.04392331
7.785  0.04700739
7.79  0.05017126
7.795  0.05339651
7.8  0.05666425
7.805000000000001  0.05995675
7.8100000000000005  0.06325817
7.815  0.06655506
7.82  0.06983684
7.825  0.07309654
7.83  0.07633135
7.835  0.07954254
7.84  0.08273467
7.845  0.08591502
7.8500000000000005  0.08909324
7.855  0.09228125
7.86  0.09549291
7.865  0.09874341
7.87  0.1020488
7.875  0.1054251
7.88  0.1088877
7.885  0.1124495
7.890000000000001  0.11612
7.8950000000000005  0.1199039
7.9  0.1238014
7.905  0.1278089
7.91  0.1319204
7.915  0.1361287
7.92  0.1404255
7.925  0.1448019
7.930000000000001  0.1492487
7.9350000000000005  0.1537564
7.94  0.1583154
7.945  0.1629158
7.95  0.1675472
7.955  0.1721982
7.96  0.1768564
7.965  0.1815081
7.97  0.1861389
7.9750000000000005  0.1907335
7.98  0.1952768
7.985  0.1997533
7.99  0.2041468
7.995  0.2084403
8.0  0.2126149
8.005  0.2166497
8.01  0.220522
8.015  0.2242078
8.02  0.227684
8.025  0.2309308
8.03  0.2339324
8.035  0.2366794
8.040000000000001  0.2391685
8.045  0.2414029
8.05  0.243391
8.055  0.2451449
8.06  0.2466803
8.065  0.2480158
8.07  0.2491737
8.075  0.2501791
8.08  0.2510594
8.085  0.2518437
8.09  0.2525625
8.095  0.2532464
8.1  0.2539254
8.105  0.2546272
8.11  0.2553759
8.115  0.2561904
8.120000000000001  0.2570842
8.125  0.2580649
8.13  0.2591341
8.135  0.2602881
8.14  0.2615191
8.145  0.2628173
8.15  0.2641714
8.155  0.2655701
8.16  0.2670013
8.165000000000001  0.2684532
8.17  0.2699136
8.175  0.2713699
8.18  0.2728092
8.185  0.2742181
8.19  0.275583
8.195  0.2768905
8.2  0.2781282
8.205  0.2792853
8.21  0.2803532
8.215  0.2813263
8.22  0.2822013
8.225  0.282978
8.23  0.2836586
8.235  0.2842478
8.24  0.2847522
8.245000000000001  0.2851793
8.25  0.285537
8.255  0.2858327
8.26  0.2860727
8.265  0.2862608
8.27  0.2863979
8.275  0.2864812
8.28  0.2865054
8.285  0.2864631
8.290000000000001  0.2863459
8.295  0.2861444
8.3  0.2858494
8.305  0.2854521
8.31  0.2849454
8.315  0.2843246
8.32  0.2835886
8.325  0.2827397
8.33  0.2817829
8.335  0.2807251
8.34  0.2795741
8.345  0.2783378
8.35  0.2770241
8.355  0.2756408
8.36  0.2741969
8.365  0.2727034
8.370000000000001  0.2711757
8.375  0.2696346
8.38  0.2681068
8.385  0.2666237
8.39  0.2652195
8.395  0.2639288
8.4  0.2627831
8.405  0.2618093
8.41  0.2610293
8.415000000000001  0.2604616
8.42  0.2601225
8.425  0.2600272
8.43  0.2601892
8.435  0.2606187
8.44  0.2613199
8.445  0.2622888
8.45  0.2635118
8.455  0.2649663
8.46  0.2666232
8.465  0.2684488
8.47  0.2704079
8.475  0.2724664
8.48  0.2745934
8.485  0.2767623
8.49  0.27895
8.495000000000001  0.281136
8.5  0.2833015
8.505  0.2854301
8.51  0.2875086
8.515  0.2895287
8.52  0.2914876
8.525  0.2933878
8.53  0.2952358
8.535  0.2970414
8.540000000000001  0.2988161
8.545  0.3005708
8.55  0.3023133
8.555  0.3040452
8.56  0.3057603
8.565  0.3074447
8.57  0.309079
8.575000000000001  0.3106397
8.58  0.3121012
8.585  0.3134382
8.59  0.3146278
8.595  0.3156509
8.6  0.3164916
8.605  0.3171377
8.61  0.3175809
8.615  0.3178182
8.620000000000001  0.3178529
8.625  0.3176939
8.63  0.3173555
8.635  0.3168557
8.64  0.3162161
8.645  0.3154605
8.65  0.3146131
8.655  0.3136971
8.66  0.3127331
8.665000000000001  0.311738
8.67  0.3107243
8.675  0.3097014
8.68  0.3086761
8.685  0.3076548
8.69  0.3066432
8.695  0.3056471
8.700000000000001  0.3046726
8.705  0.3037258
8.71  0.3028134
8.715  0.3019427
8.72  0.3011225
8.725  0.3003634
8.73  0.2996778
8.735  0.2990794
8.74  0.2985806
8.745000000000001  0.2981905
8.75  0.2979122
8.755  0.2977407
8.76  0.2976636
8.765  0.2976628
8.77  0.2977169
8.775  0.2978026
8.78  0.2978953
8.785  0.29797
8.790000000000001  0.298001
8.795  0.2979622
8.8  0.2978277
8.805  0.2975728
8.81  0.297176
8.815  0.2966208
8.82  0.2958978
8.825000000000001  0.2950049
8.83  0.2939459
8.835  0.2927286
8.84  0.2913635
8.845  0.2898628
8.85  0.2882398
8.855  0.2865073
8.86  0.2846774
8.865  0.2827604
8.870000000000001  0.2807644
8.875  0.278696
8.88  0.27656
8.885  0.2743606
8.89  0.2721008
8.895  0.2697831
8.9  0.2674085
8.905  0.264977
8.91  0.2624877
8.915000000000001  0.2599394
8.92  0.2573312
8.925  0.2546631
8.93  0.2519365
8.935  0.2491544
8.94  0.2463213
8.945  0.2434438
8.950000000000001  0.2405304
8.955  0.2375919
8.96  0.2346411
8.965  0.2316923
8.97  0.2287601
8.975  0.2258583
8.98  0.222998
8.985  0.2201879
8.99  0.2174345
8.995000000000001  0.2147422
9.0  0.212113
9.005  0.2095469
9.01  0.2070421
9.015  0.2045952
9.02  0.2022026
9.025  0.1998598
9.03  0.1975618
9.035  0.1953032
9.040000000000001  0.1930779
9.045  0.1908802
9.05  0.1887044
9.055  0.1865465
9.06  0.1844043
9.065  0.1822783
9.07  0.1801711
9.075000000000001  0.1780871
9.08  0.1760315
9.085  0.1740102
9.09  0.1720282
9.095  0.1700893
9.1  0.1681947
9.105  0.1663417
9.11  0.1645239
9.115  0.1627314
9.120000000000001  0.1609521
9.125  0.1591716
9.13  0.1573744
9.135  0.1555438
9.14  0.1536625
9.145  0.1517135
9.15  0.1496812
9.155  0.1475527
9.16  0.1453198
9.165000000000001  0.1429799
9.17  0.1405359
9.175  0.1379948
9.18  0.1353657
9.185  0.132658
9.19  0.1298808
9.195  0.1270432
9.200000000000001  0.124154
9.205  0.1212234
9.21  0.1182635
9.215  0.1152889
9.22  0.1123163
9.225  0.1093632
9.23  0.1064457
9.235  0.1035765
9.24  0.100763
9.245000000000001  0.09800721
9.25  0.09530662
9.255  0.09265627
9.26  0.09005027
9.265  0.08748255
9.27  0.08494724
9.275  0.08243879
9.28  0.07995224
9.285  0.07748349
9.290000000000001  0.07502982
9.295  0.07259023
9.3  0.07016565
9.305  0.06775897
9.31  0.06537483
9.315  0.06301948
9.32  0.06070073
9.325000000000001  0.05842866
9.33  0.05621682
9.335  0.05408357
9.34  0.05205315
9.345  0.05015568
9.35  0.04842589
9.355  0.04690077
9.36  0.04561665
9.365  0.04460567
9.370000000000001  0.0438926
9.375  0.04349225
9.38  0.04340844
9.385  0.04363516
9.39  0.04415936
9.395  0.04496342
9.4  0.04602611
9.405  0.04732227
9.41  0.04882183
9.415000000000001  0.05048896
9.42  0.05228264
9.425  0.05415902
9.43  0.05607474
9.435  0.05798947
9.44  0.05986681
9.445  0.0616739
9.450000000000001  0.06338041
9.455  0.06495816
9.46  0.06638128
9.465  0.06762687
9.47  0.06867584
9.475  0.0695134
9.48  0.07012897
9.485  0.07051569
9.49  0.07067015
9.495000000000001  0.07059208
9.5  0.07028372
9.505  0.06974891
9.51  0.06899257
9.515  0.06802066
9.52  0.0668403
9.525  0.06545981
9.53  0.06388851
9.535  0.06213636
9.540000000000001  0.06021372
9.545  0.05813117
9.55  0.05589954
9.555  0.05352989
9.56  0.05103354
9.565  0.04842201
9.57  0.04570683
9.575000000000001  0.04289939
9.58  0.04001066
9.585  0.03705114
9.59  0.03403084
9.595  0.03095932
9.6  0.02784579
9.605  0.02469903
9.61  0.02152735
9.615  0.01833853
9.620000000000001  0.01513985
9.625  0.01193808
9.63  0.008739433
9.635  0.005549437
9.64  0.002372978
9.645  -0.000785469
9.65  -0.003921352
9.655  -0.007029379
9.66  -0.01010279
9.665000000000001  -0.0131328
9.67  -0.01610864
9.675  -0.01901835
9.68  -0.02185023
9.685  -0.02459464
9.69  -0.0272456
9.695  -0.02980198
9.700000000000001  -0.03226752
9.705  -0.03465035
9.71  -0.03696236
9.715  -0.03921864
9.72  -0.04143677
9.725  -0.04363615
9.73  -0.04583734
9.735  -0.04806103
9.74  -0.05032686
9.745000000000001  -0.0526522
9.75  -0.05505151
9.755  -0.05753614
9.76  -0.06011426
9.765  -0.06279044
9.77  -0.06556501
9.775  -0.06843409
9.78  -0.07139041
9.785  -0.07442473
9.790000000000001  -0.07752692
9.795  -0.08068669
9.8  -0.08389404
9.805  -0.08713963
9.81  -0.09041507
9.815  -0.09371313
9.82  -0.097028
9.825000000000001  -0.1003552
9.83  -0.103691
9.835  -0.1070314
9.84  -0.1103704
9.845  -0.1136996
9.85  -0.1170073
9.855  -0.1202798
9.86  -0.1235031
9.865  -0.1266642
9.870000000000001  -0.1297513
9.875  -0.132754
9.88  -0.1356624
9.885  -0.1384672
9.89  -0.1411596
9.895  -0.1437317
9.9  -0.146177
9.905  -0.1484917
9.91  -0.150675
9.915000000000001  -0.1527291
9.92  -0.1546589
9.925  -0.15647
9.93  -0.1581688
9.935  -0.1597615
9.94  -0.1612537
9.945  -0.1626506
9.950000000000001  -0.1639564
9.955  -0.1651737
9.96  -0.1663031
9.965  -0.1673432
9.97  -0.1682902
9.975  -0.169139
9.98  -0.1698826
9.985  -0.170512
9.99  -0.1710157
9.995000000000001  -0.1713796
10.0  -0.1715877
10.005  -0.1716231
10.01  -0.1714707
10.015  -0.1711195
10.02  -0.1705633
10.025  -0.1698009
10.03  -0.1688343
10.035  -0.1676683
10.040000000000001  -0.1663094
10.045  -0.1647662
10.05  -0.1630489
10.055  -0.161169
10.06  -0.1591397
10.065  -0.156976
10.07  -0.1546952
10.075000000000001  -0.1523161
10.08  -0.1498589
10.085  -0.1473449
10.09  -0.144796
10.095  -0.1422352
10.1  -0.1396862
10.105  -0.1371727
10.11  -0.1347175
10.115  -0.1323407
10.120000000000001  -0.1300589
10.125  -0.127885
10.13  -0.1258289
10.135  -0.1238989
10.14  -0.122103
10.145  -0.1204486
10.15  -0.1189419
10.155  -0.1175875
10.16  -0.1163869
10.165000000000001  -0.1153393
10.17  -0.1144417
10.175  -0.1136896
10.18  -0.1130779
10.185  -0.1126002
10.19  -0.1122496
10.195  -0.1120183
10.200000000000001  -0.1118976
10.205  -0.1118783
10.21  -0.1119501
10.215  -0.1121017
10.22  -0.1123212
10.225  -0.1125962
10.23  -0.1129158
10.235  -0.1132714
10.24  -0.1136588
10.245000000000001  -0.1140788
10.25  -0.1145371
10.255  -0.1150424
10.26  -0.1156048
10.265  -0.1162344
10.27  -0.1169402
10.275  -0.1177302
10.28  -0.1186111
10.285  -0.1195888
10.290000000000001  -0.1206675
10.295  -0.1218502
10.3  -0.1231376
10.305  -0.1245286
10.31  -0.1260204
10.315  -0.1276084
10.32  -0.1292864
10.325000000000001  -0.1310468
10.33  -0.1328808
10.335  -0.1347776
10.34  -0.1367251
10.345  -0.1387091
10.35  -0.1407144
10.355  -0.1427258
10.36  -0.1447294
10.365  -0.1467133
10.370000000000001  -0.1486689
10.375  -0.1505902
10.38  -0.1524745
10.385  -0.1543212
10.39  -0.1561305
10.395  -0.157902
10.4  -0.1596336
10.405  -0.1613207
10.41  -0.1629571
10.415000000000001  -0.1645349
10.42  -0.1660456
10.425  -0.16748
10.43  -0.1688285
10.435  -0.1700817
10.44  -0.1712305
10.445  -0.1722665
10.450000000000001  -0.1731819
10.455  -0.1739698
10.46  -0.1746241
10.465  -0.1751402
10.47  -0.1755158
10.475  -0.175751
10.48  -0.1758498
10.485  -0.1758188
10.49  -0.1756677
10.495000000000001  -0.1754086
10.5  -0.1750556
10.505  -0.1746242
10.51  -0.1741309
10.515  -0.1735923
10.52  -0.1730244
10.525  -0.1724418
10.53  -0.1718556
10.535  -0.1712722
10.540000000000001  -0.1706923
10.545  -0.170111
10.55  -0.1695203
10.555  -0.1689106
10.56  -0.1682737
10.565  -0.1676039
10.57  -0.1669003
10.575000000000001  -0.1661677
10.58  -0.1654158
10.585  -0.1646579
10.59  -0.1639094
10.595  -0.1631859
10.6  -0.1625023
10.605  -0.1618716
10.61  -0.161304
10.615  -0.1608054
10.620000000000001  -0.1603759
10.625  -0.1600088
10.63  -0.1596908
10.635  -0.1594031
10.64  -0.1591239
10.645  -0.1588309
10.65  -0.1585033
10.655  -0.158124
10.66  -0.1576808
10.665000000000001  -0.1571664
10.67  -0.1565786
10.675  -0.1559196
10.68  -0.1551957
10.685  -0.1544158
10.69  -0.1535899
10.695  -0.1527277
10.700000000000001  -0.1518383
10.705  -0.1509302
10.71  -0.1500112
10.715  -0.1490892
10.72  -0.1481716
10.725  -0.147266
10.73  -0.1463786
10.735  -0.1455134
10.74  -0.1446703
10.745000000000001  -0.1438451
10.75  -0.1430313
10.755  -0.1422235
10.76  -0.1414202
10.765  -0.1406254
10.77  -0.1398478
10.775  -0.1391013
10.78  -0.1384048
10.785  -0.1377823
10.790000000000001  -0.1372602
10.795  -0.1368652
10.8  -0.1366204
10.805  -0.1365438
10.81  -0.136647
10.815  -0.1369335
10.82  -0.1373993
10.825000000000001  -0.1380336
10.83  -0.1388186
10.835  -0.1397304
10.84  -0.140741
10.845  -0.1418196
10.85  -0.142936
10.855  -0.144062
10.86  -0.1451741
10.865  -0.1462542
10.870000000000001  -0.1472916
10.875  -0.1482836
10.88  -0.1492354
10.885  -0.1501583
10.89  -0.1510657
10.895  -0.15197
10.9  -0.1528806
10.905  -0.1538031
10.91  -0.154738
10.915000000000001  -0.1556801
10.92  -0.1566186
10.925  -0.157539
10.93  -0.1584253
10.935  -0.1592621
10.94  -0.1600358
10.945  -0.1607344
10.950000000000001  -0.1613487
10.955  -0.1618711
10.96  -0.1622961
10.965  -0.1626197
10.97  -0.1628394
10.975  -0.1629541
10.98  -0.1629641
10.985  -0.1628705
10.99  -0.1626755
10.995000000000001  -0.1623821
11.0  -0.1619946
11.005  -0.1615185
11.01  -0.1609607
11.015  -0.1603287
11.02  -0.1596292
11.025  -0.1588662
11.03  -0.1580397
11.035  -0.1571447
11.040000000000001  -0.1561731
11.045  -0.1551162
11.05  -0.1539665
11.055  -0.152718
11.06  -0.1513671
11.065  -0.1499126
11.07  -0.1483565
11.075000000000001  -0.1467037
11.08  -0.1449616
11.085  -0.1431402
11.09  -0.1412518
11.095  -0.1393108
11.1  -0.137333
11.105  -0.1353354
11.11  -0.1333357
11.115  -0.1313518
11.120000000000001  -0.1293994
11.125  -0.1274905
11.13  -0.1256302
11.135  -0.1238149
11.14  -0.1220326
11.145  -0.1202645
11.15  -0.1184887
11.155  -0.1166839
11.16  -0.1148316
11.165000000000001  -0.1129178
11.17  -0.1109331
11.175  -0.1088725
11.18  -0.1067363
11.185  -0.1045302
11.19  -0.1022648
11.195  -0.09995574
11.200000000000001  -0.09762302
11.205  -0.09529035
11.21  -0.09298362
11.215  -0.09072913
11.22  -0.08855204
11.225  -0.08647486
11.23  -0.08451682
11.235  -0.08269414
11.24  -0.08102062
11.245000000000001  -0.07950798
11.25  -0.07816572
11.255  -0.07700094
11.26  -0.07601817
11.265  -0.07521881
11.27  -0.07460079
11.275  -0.07415851
11.28  -0.07388377
11.285  -0.07376683
11.290000000000001  -0.07379708
11.295  -0.07396297
11.3  -0.07425132
11.305  -0.07464625
11.31  -0.07512812
11.315  -0.075673
11.32  -0.07625326
11.325000000000001  -0.07683929
11.33  -0.0774018
11.335  -0.07791403
11.34  -0.07835349
11.345  -0.07870263
11.35  -0.07894863
11.355  -0.07908264
11.36  -0.07909905
11.365  -0.07899531
11.370000000000001  -0.07877222
11.375  -0.07843397
11.38  -0.0779874
11.385  -0.07744063
11.39  -0.07680193
11.395  -0.07607883
11.4  -0.07527778
11.405  -0.07440424
11.41  -0.07346322
11.415000000000001  -0.07245996
11.42  -0.07140042
11.425  -0.07029157
11.43  -0.06914133
11.435  -0.06795817
11.44  -0.0667508
11.445  -0.06552784
11.450000000000001  -0.06429772
11.455  -0.06306863
11.46  -0.06184849
11.465  -0.0606449
11.47  -0.05946493
11.475  -0.05831497
11.48  -0.05720043
11.485  -0.05612543
11.49  -0.05509227
11.495000000000001  -0.05410096
11.5  -0.05314912
11.505  -0.05223273
11.51  -0.05134729
11.515  -0.05048899
11.52  -0.04965548
11.525  -0.04884603
11.53  -0.04806103
11.535  -0.04730084
11.540000000000001  -0.04656479
11.545  -0.04585069
11.55  -0.04515485
11.555  -0.04447264
11.56  -0.04379899
11.565  -0.04312892
11.57  -0.04245801
11.575000000000001  -0.0417827
11.58  -0.04110041
11.585  -0.04040939
11.59  -0.03970824
11.595  -0.03899518
11.6  -0.03826717
11.605  -0.0375195
11.61  -0.03674605
11.615  -0.03594015
11.620000000000001  -0.03509542
11.625  -0.03420646
11.63  -0.03326933
11.635  -0.03228201
11.64  -0.03124487
11.645  -0.03016117
11.65  -0.02903692
11.655  -0.02788023
11.66  -0.02670028
11.665000000000001  -0.02550608
11.67  -0.02430521
11.675  -0.02310279
11.68  -0.02190117
11.685  -0.02070064
11.69  -0.01950061
11.695  -0.01830066
11.700000000000001  -0.01710106
11.705  -0.01590294
11.71  -0.01470802
11.715  -0.01351841
11.72  -0.01233635
11.725  -0.01116415
11.73  -0.01000405
11.735  -0.008857966
11.74  -0.00772723
11.745000000000001  -0.00661207
11.75  -0.00551119
11.755  -0.004421483
11.76  -0.00333797
11.765  -0.002253916
11.77  -0.00116127
11.775  -5.136835e-05
11.78  0.001084404
11.785  0.002254116
11.790000000000001  0.003464759
11.795  0.004721415
11.8  0.006026184
11.805  0.007377256
11.81  0.008768587
11.815  0.01019025
11.82  0.01162906
11.825000000000001  0.01306933
11.83  0.01449413
11.835  0.01588719
11.84  0.01723506
11.845  0.01852814
11.85  0.01976061
11.855  0.02092989
11.86  0.02203624
11.865  0.02308249
11.870000000000001  0.02407379
11.875  0.02501746
11.88  0.02592285
11.885  0.02680073
11.89  0.02766211
11.895  0.02851688
11.9  0.02937246
11.905  0.03023309
11.91  0.0310999
11.915000000000001  0.03197172
11.92  0.03284598
11.925  0.03371904
11.93  0.03458617
11.935  0.03544126
11.94  0.03627658
11.945  0.03708297
11.950000000000001  0.03785047
11.955  0.03856937
11.96  0.03923112
11.965  0.03982932
11.97  0.04036075
11.975  0.04082626
11.98  0.04123099
11.985  0.04158378
11.99  0.04189629
11.995000000000001  0.04218185
12.0  0.04245422
12.005  0.04272626
12.01  0.04300889
12.015  0.04331053
12.02  0.04363688
12.025  0.04399052
12.030000000000001  0.04437089
12.035  0.04477482
12.040000000000001  0.04519773
12.045  0.04563479
12.05  0.04608171
12.055  0.04653494
12.06  0.04699155
12.065  0.04744905
12.07  0.04790546
12.075000000000001  0.04835965
12.08  0.04881175
12.085  0.04926372
12.09  0.04971969
12.095  0.05018596
12.1  0.05067034
12.105  0.05118113
12.11  0.05172609
12.115  0.05231122
12.120000000000001  0.05293946
12.125  0.05360924
12.13  0.05431351
12.135  0.05504004
12.14  0.05577259
12.145  0.05649253
12.15  0.0571805
12.155000000000001  0.0578178
12.16  0.05838724
12.165000000000001  0.05887336
12.17  0.05926208
12.175  0.05954017
12.18  0.05969519
12.185  0.05971569
12.19  0.05959191
12.195  0.05931678
12.200000000000001  0.05888694
12.205  0.05830334
12.21  0.05757073
12.215  0.05669627
12.22  0.05568801
12.225  0.05455383
12.23  0.05330068
12.235  0.05193436
12.24  0.05045976
12.245000000000001  0.04888136
12.25  0.04720381
12.255  0.04543233
12.26  0.04357295
12.265  0.04163253
12.27  0.03961871
12.275  0.03753978
12.280000000000001  0.03540471
12.285  0.03322295
12.290000000000001  0.03100427
12.295  0.02875847
12.3  0.02649511
12.305  0.02422326
12.31  0.02195127
12.315  0.01968666
12.32  0.01743609
12.325000000000001  0.01520558
12.33  0.01300094
12.335  0.01082843
12.34  0.00869531
12.345  0.006610119
12.35  0.004582275
12.355  0.002621257
12.36  0.0007356574
12.365  -0.001067464
12.370000000000001  -0.002782674
12.375  -0.004405755
12.38  -0.005933015
12.385  -0.007360471
12.39  -0.00868292
12.395  -0.009893072
12.4  -0.01098115
12.405000000000001  -0.01193539
12.41  -0.01274364
12.415000000000001  -0.01339549
12.42  -0.01388406
12.425  -0.01420695
12.43  -0.01436643
12.435  -0.014369
12.44  -0.01422511
12.445  -0.01394898
12.450000000000001  -0.01355843
12.455  -0.01307428
12.46  -0.01251967
12.465  -0.01191881
12.47  -0.01129517
12.475  -0.01066928
12.48  -0.01005667
12.485  -0.009466682
12.49  -0.008902727
12.495000000000001  -0.008363882
12.5  -0.007846776
12.505  -0.007346863
12.51  -0.0068591
12.515  -0.006378242
12.52  -0.005898856
12.525  -0.005415167
12.530000000000001  -0.00492085
12.535  -0.004408845
12.540000000000001  -0.003871197
12.545  -0.003299012
12.55  -0.002682719
12.555  -0.002012945
12.56  -0.001282022
12.565  -0.0004855247
12.57  0.0003767481
12.575000000000001  0.001300493
12.58  0.002276922
12.585  0.003292818
12.59  0.00433107
12.595  0.00537225
12.6  0.006396824
12.605  0.007386862
12.61  0.008326562
12.615  0.009201895
12.620000000000001  0.01000016
12.625  0.01071003
12.63  0.01132208
12.635  0.0118296
12.64  0.01222942
12.645  0.01252214
12.65  0.01271136
12.655000000000001  0.01280234
12.66  0.01280085
12.665000000000001  0.01271274
12.67  0.01254388
12.675  0.01230028
12.68  0.01198812
12.685  0.01161342
12.69  0.01118142
12.695  0.01069582
12.700000000000001  0.01015807
12.705  0.009567359
12.71  0.008921414
12.715  0.008217929
12.72  0.007456174
12.725  0.006638353
12.73  0.005770357
12.735  0.004861554
12.74  0.003923907
12.745000000000001  0.002971068
12.75  0.002017596
12.755  0.001078059
12.76  0.0001661608
12.765  -0.0007057517
12.77  -0.001526591
12.775  -0.002285947
12.780000000000001  -0.002973571
12.785  -0.003579532
12.790000000000001  -0.004095222
12.795  -0.004514864
12.8  -0.004836827
12.805  -0.005064009
12.81  -0.00520295
12.815  -0.00526229
12.82  -0.005251493
12.825000000000001  -0.005180111
12.83  -0.005057407
12.835  -0.004892225
12.84  -0.004692952
12.845  -0.004467447
12.85  -0.004222904
12.855  -0.003965747
12.86  -0.003701659
12.865  -0.00343583
12.870000000000001  -0.003173361
12.875  -0.002919736
12.88  -0.002681229
12.885  -0.002465104
12.89  -0.00227941
12.895  -0.002132235
12.9  -0.002030607
12.905000000000001  -0.001979527
12.91  -0.001981628
12.915000000000001  -0.002037658
12.92  -0.002147452
12.925  -0.0023109
12.93  -0.002528658
12.935  -0.002802516
12.94  -0.00313529
12.945  -0.003530228
12.950000000000001  -0.003990138
12.955  -0.004516494
12.96  -0.005108729
12.965  -0.005763965
12.97  -0.006477366
12.975  -0.007242818
12.98  -0.008053447
12.985  -0.00890179
12.99  -0.009779746
12.995000000000001  -0.01067833
13.0  -0.0115872
13.005  -0.01249425
13.01  -0.01338553
13.015  -0.01424589
13.02  -0.0150601
13.025  -0.01581436
13.030000000000001  -0.01649776
13.035  -0.01710367
13.040000000000001  -0.01763049
13.045  -0.01808144
13.05  -0.01846367
13.055  -0.01878723
13.06  -0.01906416
13.065  -0.01930705
13.07  -0.01952749
13.075000000000001  -0.01973511
13.08  -0.01993741
13.085  -0.0201399
13.09  -0.02034618
13.095  -0.02055806
13.1  -0.02077591
13.105  -0.02099925
13.11  -0.0212273
13.115  -0.02145929
13.120000000000001  -0.02169453
13.125  -0.02193234
13.13  -0.02217186
13.135  -0.02241194
13.14  -0.02265123
13.145  -0.02288823
13.15  -0.02312146
13.155000000000001  -0.02334939
13.16  -0.02357041
13.165000000000001  -0.02378263
13.17  -0.02398379
13.175  -0.02417126
13.18  -0.02434226
13.185  -0.02449429
13.19  -0.02462557
13.195  -0.02473523
13.200000000000001  -0.02482329
13.205  -0.02489044
13.21  -0.0249378
13.215  -0.02496664
13.22  -0.02497813
13.225  -0.02497317
13.23  -0.02495235
13.235  -0.02491613
13.24  -0.02486515
13.245000000000001  -0.02480061
13.25  -0.02472443
13.255  -0.02463909
13.26  -0.02454715
13.265  -0.02445063
13.27  -0.0243503
13.275  -0.02424541
13.280000000000001  -0.02413399
13.285  -0.02401335
13.290000000000001  -0.02388039
13.295  -0.02373153
13.3  -0.02356262
13.305  -0.02336921
13.31  -0.02314727
13.315  -0.02289393
13.32  -0.02260803
13.325000000000001  -0.02229029
13.33  -0.02194313
13.335  -0.02157033
13.34  -0.02117643
13.345  -0.02076633
13.35  -0.02034494
13.355  -0.01991698
13.36  -0.0194868
13.365  -0.01905824
13.370000000000001  -0.01863443
13.375  -0.01821768
13.38  -0.01780926
13.385  -0.01740931
13.39  -0.01701695
13.395  -0.01663059
13.4  -0.01624848
13.405000000000001  -0.01586914
13.41  -0.01549167
13.415000000000001  -0.01511586
13.42  -0.01474217
13.425  -0.01437138
13.43  -0.01400442
13.435  -0.01364212
13.44  -0.01328514
13.445  -0.01293397
13.450000000000001  -0.01258899
13.455  -0.01225051
13.46  -0.0119189
13.465  -0.01159454
13.47  -0.01127782
13.475  -0.01096902
13.48  -0.01066822
13.485  -0.01037513
13.49  -0.01008912
13.495000000000001  -0.009809266
13.5  -0.009534519
13.505  -0.0092639
13.51  -0.008996584
13.515  -0.008731941
13.52  -0.008469516
13.525  -0.008209014
13.530000000000001  -0.007950278
13.535  -0.007693272
13.540000000000001  -0.007438046
13.545  -0.007184697
13.55  -0.006933337
13.555  -0.006684073
13.56  -0.006437002
13.565  -0.006192215
13.57  -0.005949821
13.575000000000001  -0.005709975
13.58  -0.005472902
13.585  -0.005238916
13.59  -0.005008419
13.595  -0.004781872
13.6  -0.004559764
13.605  -0.004342585
13.61  -0.004130791
13.615  -0.003924782
13.620000000000001  -0.003724884
13.625  -0.003531339
13.63  -0.003344319
13.635  -0.003163933
13.64  -0.002990242
13.645  -0.002823278
13.65  -0.002663045
13.655000000000001  -0.002509528
13.66  -0.002362691
13.665000000000001  -0.002222476
13.67  -0.002088798
13.675  -0.001961546
13.68  -0.001840575
13.685  -0.001725715
13.69  -0.001616771
13.695  -0.001513537
13.700000000000001  -0.0014158
13.705  -0.001323349
13.71  -0.00123598
13.715  -0.001153499
13.72  -0.001075725
13.725  -0.00100249
13.73  -0.0009336292
13.735  -0.0008689781
13.74  -0.0008083657
13.745000000000001  -0.0007516127
13.75  -0.0006985304
13.755  -0.0006489223
13.76  -0.0006025878
13.765  -0.0005593266
13.77  -0.0005189431
13.775  -0.0004812486
13.780000000000001  -0.0004460624
13.785  -0.0004132116
13.790000000000001  -0.0003825327
13.795  -0.0003538721
13.8  -0.0003270879
13.805  -0.0003020498
13.81  -0.0002786385
13.815  -0.0002567457
13.82  -0.0002362727
13.825000000000001  -0.0002171298
13.83  -0.0001992355
13.835  -0.0001825161
13.84  -0.0001669044
13.845  -0.0001523397
13.85  -0.0001387668
13.855  -0.0001261358
13.86  -0.0001144016
13.865  -0.0001035239
13.870000000000001  -9.346729e-05
13.875  -8.420131e-05
13.88  -7.570037e-05
13.885  -6.794383e-05
13.89  -6.091591e-05
13.895  -5.460572e-05
13.9  -4.900734e-05
13.905000000000001  -4.411999e-05
13.91  -3.994827e-05
13.915000000000001  -3.650233e-05
13.92  -3.379807e-05
13.925  -3.185723e-05
13.93  -3.070746e-05
13.935  -3.038244e-05
