0.0 	 0.168278357292
0.0501504513541 	 0.35472680674
0.100300902708 	 1.24560810149
0.150451354062 	 1.37744844877
0.200601805416 	 0.345350392383
0.25075225677 	 0.104556614845
0.300902708124 	 0.194818771622
0.351053159478 	 0.0877466652426
0.401203610832 	 0.0511246272551
0.451354062187 	 0.0400811466759
0.501504513541 	 0.0288296894527
0.551654964895 	 0.0297442276959
0.601805416249 	 0.0108133474461
0.651955867603 	 0.0256126181382
0.702106318957 	 0.0158266749157
0.752256770311 	 0.0298224843281
0.802407221665 	 0.00843626853959
0.852557673019 	 0.0127600772761
0.902708124373 	 0.0148016841164
0.952858575727 	 0.0189401692344
1.00300902708 	 0.00589804582428
1.05315947844 	 0.00228609234192
1.10330992979 	 0.00515379054763
1.15346038114 	 0.00718844827644
1.2036108325 	 0.00343782387831
1.25376128385 	 0.00491672979154
1.30391173521 	 0.00316063599496
1.35406218656 	 0.0027890181831
1.40421263791 	 0.00117721963035
1.45436308927 	 0.00152668857038
1.50451354062 	 0.00272817679708
1.55466399198 	 0.00446819109524
1.60481444333 	 0.000947683920777
1.65496489468 	 0.00475901213336
1.70511534604 	 0.00313350585514
1.75526579739 	 0.00432438470135
1.80541624875 	 0.00172780510026
1.8555667001 	 0.00135041533756
1.90571715145 	 0.00172527822929
1.95586760281 	 0.00314461879352
2.00601805416 	 0.00397916260479
2.05616850552 	 0.00426658632101
2.10631895687 	 0.00191532740003
2.15646940822 	 0.00232744700749
2.20661985958 	 0.0027565162623
2.25677031093 	 0.00221710705757
2.30692076229 	 0.00121044429734
2.35707121364 	 0.00315188536597
2.40722166499 	 0.000496165204439
2.45737211635 	 0.000685433921797
2.5075225677 	 0.00113807935674
2.55767301906 	 0.00102466697623
2.60782347041 	 0.00198000912883
2.65797392177 	 0.00176125109281
2.70812437312 	 0.000878460021697
2.75827482447 	 0.000557846676499
2.80842527583 	 0.00149400382685
2.85857572718 	 0.00151672750581
2.90872617854 	 0.00221475149215
2.95887662989 	 0.00114186001016
3.00902708124 	 0.000269209126614
3.0591775326 	 0.001901343031
3.10932798395 	 0.00089801128957
3.15947843531 	 0.000780449947455
3.20962888666 	 0.00171483077301
3.25977933801 	 0.00124475687193
3.30992978937 	 0.00180833153575
3.36008024072 	 0.00145736850008
3.41023069208 	 0.00105530781366
3.46038114343 	 0.00102364862126
3.51053159478 	 0.00151774560908
3.56068204614 	 0.000714849644247
3.61083249749 	 0.00155276039205
3.66098294885 	 0.0014682005769
3.7111334002 	 8.83877869944e-05
3.76128385155 	 0.00100622231712
3.81143430291 	 0.000541960357709
3.86158475426 	 0.00224958185164
3.91173520562 	 0.00154152493986
3.96188565697 	 0.00251594713404
4.01203610832 	 0.0016627313737
4.06218655968 	 0.000191449445194
4.11233701103 	 0.000263603651648
4.16248746239 	 0.000739158741551
4.21263791374 	 0.00147688227185
4.2627883651 	 0.00178666449484
4.31293881645 	 0.000810773700257
4.3630892678 	 0.000433473023473
4.41323971916 	 0.000882031198988
4.46339017051 	 0.000838451407273
4.51354062187 	 0.000366680436235
4.56369107322 	 0.000915167114844
4.61384152457 	 0.000446791876815
4.66399197593 	 0.000128198452291
4.71414242728 	 0.000152098808415
4.76429287864 	 0.00106701852711
4.81444332999 	 0.000828467248865
4.86459378134 	 0.000300914662492
4.9147442327 	 0.000907779514704
4.96489468405 	 0.000232789505377
5.01504513541 	 0.000357933782373
5.06519558676 	 0.00028986179426
5.11534603811 	 0.000154018999722
5.16549648947 	 0.00023542736033
5.21564694082 	 0.00025947569676
5.26579739218 	 0.000235663473743
5.31594784353 	 0.000300112496681
5.36609829488 	 0.000319415805682
5.41624874624 	 0.000212311779182
5.46639919759 	 0.000347700230994
5.51654964895 	 0.000300553458188
5.5667001003 	 9.35255346616e-05
5.61685055165 	 0.000165873911847
5.66700100301 	 0.00053530562044
5.71715145436 	 5.99692708753e-05
5.76730190572 	 0.000466303216632
5.81745235707 	 0.00016338767452
5.86760280843 	 0.000264595031871
5.91775325978 	 0.000303315921666
5.96790371113 	 0.00028807331633
6.01805416249 	 0.000158445967021
6.06820461384 	 5.16726535965e-05
6.1183550652 	 0.000315171957551
6.16850551655 	 0.000219412630542
6.2186559679 	 8.54959276542e-05
6.26880641926 	 0.000212687516248
6.31895687061 	 0.00027959028446
6.36910732197 	 0.000321211723097
6.41925777332 	 0.000322163865018
6.46940822467 	 0.000199416061333
6.51955867603 	 0.000600630568608
6.56970912738 	 7.63947800812e-05
6.61985957874 	 0.000247543029876
6.67001003009 	 0.000230647285277
6.72016048144 	 0.000352280925967
6.7703109328 	 0.000226966957748
6.82046138415 	 0.000212397266009
6.87061183551 	 0.000111992729591
6.92076228686 	 8.07424186189e-05
6.97091273821 	 0.000258075736806
7.02106318957 	 0.000552307869527
7.07121364092 	 0.000315674977678
7.12136409228 	 0.0001848490987
7.17151454363 	 0.000286549214819
7.22166499498 	 0.000162658106089
7.27181544634 	 0.000216933261768
7.32196589769 	 0.000184392347264
7.37211634905 	 0.000178211220985
7.4222668004 	 0.000133637282247
7.47241725176 	 6.55198432719e-05
7.52256770311 	 0.000247934611291
7.57271815446 	 0.000134659093094
7.62286860582 	 6.37474201731e-05
7.67301905717 	 3.21087338786e-05
7.72316950853 	 0.000216964126647
7.77331995988 	 0.000138800185668
7.82347041123 	 0.000145230006648
7.87362086259 	 0.00048723620756
7.92377131394 	 4.75502796338e-05
7.9739217653 	 0.000115983371012
8.02407221665 	 0.00011976181154
8.074222668 	 0.000261518100039
8.12437311936 	 0.000108291643965
8.17452357071 	 0.000251667761501
8.22467402207 	 0.000306806630354
8.27482447342 	 6.36932037912e-05
8.32497492477 	 9.02517794666e-05
8.37512537613 	 0.000127686635955
8.42527582748 	 4.66211708174e-05
8.47542627884 	 0.000204047361967
8.52557673019 	 9.04362048534e-05
8.57572718154 	 0.000289865986106
8.6258776329 	 5.03459330423e-05
8.67602808425 	 0.000140563485778
8.72617853561 	 0.000121291553676
8.77632898696 	 0.000294740933287
8.82647943831 	 3.34521871505e-05
8.87662988967 	 0.000204695709283
8.92678034102 	 0.000228385798998
8.97693079238 	 0.000335875341527
9.02708124373 	 0.000109640317719
9.07723169509 	 9.10522231398e-05
9.12738214644 	 0.000214395806075
9.17753259779 	 0.000239998729285
9.22768304915 	 0.000153737923959
9.2778335005 	 0.000199102580448
9.32798395186 	 0.000108940203149
9.37813440321 	 7.56795552366e-05
9.42828485456 	 0.000134425692731
9.47843530592 	 6.97866015457e-05
9.52858575727 	 0.000166123257833
9.57873620863 	 7.9364396642e-05
9.62888665998 	 0.000136360100713
9.67903711133 	 0.000122269411445
9.72918756269 	 1.8752483033e-05
9.77933801404 	 4.22634752219e-05
9.8294884654 	 0.000147367765361
9.87963891675 	 0.000227526172818
9.9297893681 	 9.82837749508e-05
9.97993981946 	 0.000148737156038
10.0300902708 	 0.000150479996048
10.0802407222 	 0.000179007573737
10.1303911735 	 0.000333570387622
10.1805416249 	 0.000204249777144
10.2306920762 	 4.98079582851e-05
10.2808425276 	 0.000173731800186
10.3309929789 	 0.000138239537117
10.3811434303 	 0.000293327534773
10.4312938816 	 0.000230742179459
10.481444333 	 0.000144544204579
10.5315947844 	 0.000144258851385
10.5817452357 	 0.000133530963901
10.6318956871 	 2.27134161384e-05
10.6820461384 	 0.000129226881749
10.7321965898 	 4.05559304747e-05
10.7823470411 	 7.11358630115e-05
10.8324974925 	 8.89358402559e-05
10.8826479438 	 0.000108496508547
10.9327983952 	 8.16248656704e-05
10.9829488465 	 0.00017959589787
11.0330992979 	 0.000215887906412
11.0832497492 	 9.47452832369e-05
11.1334002006 	 0.000123317763531
11.183550652 	 0.000135545278465
11.2337011033 	 6.21498843698e-05
11.2838515547 	 0.000173373710122
11.334002006 	 0.000103903717516
11.3841524574 	 5.65989229547e-05
11.4343029087 	 9.43553487855e-05
11.4844533601 	 3.45593498186e-05
11.5346038114 	 3.51046564157e-05
11.5847542628 	 0.000113263269801
11.6349047141 	 5.40858399456e-05
11.6850551655 	 0.000133994290347
11.7352056169 	 7.64129946873e-05
11.7853560682 	 9.18452240882e-05
11.8355065196 	 8.13513526935e-05
11.8856569709 	 1.60317412675e-05
11.9358074223 	 2.48476127087e-05
11.9859578736 	 3.40563743673e-05
12.036108325 	 7.61093416507e-05
12.0862587763 	 7.96455313559e-05
12.1364092277 	 6.42919953116e-05
12.186559679 	 0.000121448730282
12.2367101304 	 8.84085164956e-05
12.2868605817 	 7.45038599032e-05
12.3370110331 	 5.76487144887e-05
12.3871614845 	 2.82447382758e-05
12.4373119358 	 8.66832114311e-05
12.4874623872 	 3.39399670004e-05
12.5376128385 	 5.77593226029e-05
12.5877632899 	 7.71931210794e-05
12.6379137412 	 7.10573379113e-05
12.6880641926 	 9.74126646316e-06
12.7382146439 	 7.6225471301e-05
12.7883650953 	 0.000102584203042
12.8385155466 	 3.85506427424e-05
12.888665998 	 8.83785052809e-05
12.9388164493 	 0.000101642635243
12.9889669007 	 0.000101671065711
13.0391173521 	 5.33185221371e-05
13.0892678034 	 7.86107752178e-05
13.1394182548 	 6.20377767763e-05
13.1895687061 	 3.50949211247e-05
13.2397191575 	 6.74967208292e-05
13.2898696088 	 6.74978393156e-05
13.3400200602 	 2.65267725112e-05
13.3901705115 	 5.38686921503e-05
13.4403209629 	 1.87136424282e-05
13.4904714142 	 3.24623315096e-05
13.5406218656 	 6.02379284971e-05
13.590772317 	 2.49550626803e-05
13.6409227683 	 6.42645108176e-05
13.6910732197 	 0.000125452376203
13.741223671 	 0.00011621239137
13.7913741224 	 8.83292947019e-05
13.8415245737 	 1.66574224852e-05
13.8916750251 	 2.97109589248e-05
13.9418254764 	 4.81957267602e-05
13.9919759278 	 1.46342531766e-05
14.0421263791 	 0.000115087465519
14.0922768305 	 7.41013781413e-05
14.1424272818 	 6.28338765077e-05
14.1925777332 	 1.91719837455e-05
14.2427281846 	 2.58245532174e-05
14.2928786359 	 1.17413778776e-05
14.3430290873 	 1.02642896331e-05
14.3931795386 	 6.7654902615e-05
14.44332999 	 4.72775780494e-05
14.4934804413 	 8.32052147264e-05
14.5436308927 	 2.58467572935e-05
14.593781344 	 3.90254559266e-05
14.6439317954 	 2.69678940258e-05
14.6940822467 	 5.27759309753e-05
14.7442326981 	 3.00183376434e-05
14.7943831494 	 2.19186931251e-05
14.8445336008 	 4.26464511635e-05
14.8946840522 	 4.72464129253e-05
14.9448345035 	 4.84253751519e-05
14.9949849549 	 3.98393267709e-05
15.0451354062 	 6.91098817457e-05
15.0952858576 	 3.38393247468e-05
15.1454363089 	 7.74811481581e-05
15.1955867603 	 4.6772231351e-05
15.2457372116 	 2.38681862881e-05
15.295887663 	 2.71969516197e-05
15.3460381143 	 2.82425068958e-05
15.3961885657 	 1.63712638369e-05
15.4463390171 	 3.67708152634e-05
15.4964894684 	 4.38876596979e-05
15.5466399198 	 6.71997610702e-05
15.5967903711 	 6.95617520839e-05
15.6469408225 	 9.82750854485e-06
15.6970912738 	 6.23900298034e-05
15.7472417252 	 8.43108455503e-05
15.7973921765 	 1.14524128599e-05
15.8475426279 	 3.9010785642e-05
15.8976930792 	 3.79283512908e-05
15.9478435306 	 2.39948177296e-05
15.9979939819 	 1.62550143576e-05
16.0481444333 	 6.55537265658e-05
16.0982948847 	 1.05817777063e-05
16.148445336 	 3.51927295474e-05
16.1985957874 	 2.11643733071e-05
16.2487462387 	 3.25852620834e-05
16.2988966901 	 5.2323239456e-05
16.3490471414 	 4.05272318946e-05
16.3991975928 	 3.02615844049e-05
16.4493480441 	 2.5534374538e-05
16.4994984955 	 5.08330522605e-05
16.5496489468 	 3.44186485738e-05
16.5997993982 	 2.93984971851e-05
16.6499498495 	 3.91450475892e-05
16.7001003009 	 2.11348491602e-05
16.7502507523 	 1.57603335084e-05
16.8004012036 	 4.12682257567e-05
16.850551655 	 4.62545491273e-05
16.9007021063 	 3.02538749958e-05
16.9508525577 	 3.7896671149e-06
17.001003009 	 1.38685100383e-05
17.0511534604 	 2.86558292028e-05
17.1013039117 	 4.7030509485e-05
17.1514543631 	 2.81486424599e-05
17.2016048144 	 2.59300501144e-05
17.2517552658 	 1.14967938216e-05
17.3019057172 	 2.77789864969e-06
17.3520561685 	 1.77078275411e-05
17.4022066199 	 1.30118570325e-05
17.4523570712 	 2.82438270888e-05
17.5025075226 	 3.17761570421e-05
17.5526579739 	 9.5804291874e-06
17.6028084253 	 8.22487997435e-06
17.6529588766 	 1.75895144292e-05
17.703109328 	 1.40719082544e-05
17.7532597793 	 1.09986123918e-05
17.8034102307 	 6.69320379613e-06
17.853560682 	 1.22502207197e-05
17.9037111334 	 7.38445683803e-06
17.9538615848 	 9.4609859544e-06
18.0040120361 	 2.44312706959e-06
18.0541624875 	 5.53287761095e-06
18.1043129388 	 1.58736291453e-05
18.1544633902 	 2.11197906056e-05
18.2046138415 	 1.09027341934e-05
18.2547642929 	 1.27957517302e-05
18.3049147442 	 5.98939091808e-06
18.3550651956 	 1.17535763186e-05
18.4052156469 	 2.16999502649e-05
18.4553660983 	 1.84817044414e-05
18.5055165496 	 1.14505254722e-05
18.555667001 	 9.32727100746e-06
18.6058174524 	 1.39370964096e-05
18.6559679037 	 1.09142145559e-05
18.7061183551 	 1.160691992e-05
18.7562688064 	 1.56548656811e-05
18.8064192578 	 2.2576144354e-06
18.8565697091 	 1.29862302836e-05
18.9067201605 	 7.43877689348e-06
18.9568706118 	 1.87509037581e-05
19.0070210632 	 7.16633877102e-06
19.0571715145 	 3.74585252634e-06
19.1073219659 	 2.95237209682e-06
19.1574724173 	 2.8438841747e-06
19.2076228686 	 1.22972113502e-05
19.25777332 	 1.75833528533e-05
19.3079237713 	 2.1309022099e-05
19.3580742227 	 1.0079109884e-05
19.408224674 	 1.05357602629e-05
19.4583751254 	 2.23483348312e-05
19.5085255767 	 1.9207221657e-05
19.5586760281 	 1.13129229572e-05
19.6088264794 	 6.20528275337e-06
19.6589769308 	 7.68314011454e-06
19.7091273821 	 1.81176968947e-05
19.7592778335 	 6.52322323222e-06
19.8094282849 	 1.42789320076e-05
19.8595787362 	 3.08701434137e-06
19.9097291876 	 1.27655299836e-05
19.9598796389 	 4.85292510945e-06
20.0100300903 	 1.65711102385e-05
20.0601805416 	 6.47874020639e-06
20.110330993 	 2.44443268616e-05
20.1604814443 	 1.44588262954e-05
20.2106318957 	 1.26393643587e-05
20.260782347 	 1.02500243186e-05
20.3109327984 	 1.93413059107e-05
20.3610832497 	 1.5611795817e-05
20.4112337011 	 8.082696753e-06
20.4613841525 	 6.62070124917e-06
20.5115346038 	 1.48404705186e-05
20.5616850552 	 1.12740722248e-05
20.6118355065 	 2.69259482188e-06
20.6619859579 	 1.74139e-05
20.7121364092 	 5.87173489257e-06
20.7622868606 	 2.55707638679e-05
20.8124373119 	 2.65879179655e-06
20.8625877633 	 1.41852163286e-05
20.9127382146 	 1.26094994699e-05
20.962888666 	 9.68880874277e-06
21.0130391174 	 1.66625488974e-05
21.0631895687 	 1.92947887882e-05
21.1133400201 	 1.49921054352e-05
21.1634904714 	 1.88361270011e-05
21.2136409228 	 7.63303197514e-06
21.2637913741 	 4.38035436424e-06
21.3139418255 	 4.97950878359e-06
21.3640922768 	 1.4977950828e-05
21.4142427282 	 2.00126077348e-05
21.4643931795 	 6.30940352392e-06
21.5145436309 	 1.26721348761e-05
21.5646940822 	 2.77999257644e-06
21.6148445336 	 8.91686484822e-06
21.664994985 	 9.44799278242e-06
21.7151454363 	 2.01739562256e-05
21.7652958877 	 6.77382831143e-06
21.815446339 	 7.62348947099e-06
21.8655967904 	 1.17488334745e-05
21.9157472417 	 9.79193960019e-06
21.9658976931 	 7.41477176666e-06
22.0160481444 	 6.3358288082e-06
22.0661985958 	 1.3098805494e-05
22.1163490471 	 1.57990770354e-05
22.1664994985 	 6.44491173548e-06
22.2166499498 	 3.72296575217e-06
22.2668004012 	 5.09252178705e-06
22.3169508526 	 1.65291233294e-05
22.3671013039 	 2.00447677536e-05
22.4172517553 	 9.08370407825e-06
22.4674022066 	 1.96251062328e-05
22.517552658 	 2.50054011297e-06
22.5677031093 	 8.42749728661e-06
22.6178535607 	 4.2072118901e-06
22.668004012 	 2.00496266065e-05
22.7181544634 	 1.31998057608e-05
22.7683049147 	 1.3128333865e-05
22.8184553661 	 5.7343246286e-06
22.8686058175 	 3.86488736814e-06
22.9187562688 	 6.82041904023e-06
22.9689067202 	 1.30537489276e-05
23.0190571715 	 1.15018221458e-05
23.0692076229 	 3.25324533668e-06
23.1193580742 	 4.57860137448e-06
23.1695085256 	 1.50866642505e-05
23.2196589769 	 1.0697519862e-05
23.2698094283 	 1.19061922036e-05
23.3199598796 	 1.20052665031e-06
23.370110331 	 9.25222136908e-06
23.4202607823 	 1.30444521521e-05
23.4704112337 	 1.20016615556e-05
23.5205616851 	 1.66683224489e-05
23.5707121364 	 2.96563210141e-06
23.6208625878 	 1.02996717745e-05
23.6710130391 	 7.60152215918e-06
23.7211634905 	 6.86266600023e-06
23.7713139418 	 1.50564013639e-05
23.8214643932 	 9.4122329365e-06
23.8716148445 	 1.21261358989e-05
23.9217652959 	 1.00775664396e-05
23.9719157472 	 5.03669275321e-06
24.0220661986 	 1.01305593721e-05
24.0722166499 	 9.43697284052e-06
24.1223671013 	 1.08798724626e-05
24.1725175527 	 6.46002280444e-06
24.222668004 	 4.3472944877e-06
24.2728184554 	 9.12579154963e-06
24.3229689067 	 6.24485254427e-06
24.3731193581 	 8.2898510261e-06
24.4232698094 	 1.05214703349e-05
24.4734202608 	 7.09212392242e-06
24.5235707121 	 1.13374034979e-05
24.5737211635 	 6.57621134074e-06
24.6238716148 	 5.68822532589e-06
24.6740220662 	 6.44412962094e-06
24.7241725176 	 1.35396658083e-05
24.7743229689 	 1.42025274775e-05
24.8244734203 	 3.72575707536e-06
24.8746238716 	 9.26859626723e-06
24.924774323 	 6.70623827279e-06
24.9749247743 	 9.44602052989e-06
25.0250752257 	 4.31193351145e-06
25.075225677 	 7.40870037373e-06
25.1253761284 	 9.3348512852e-06
25.1755265797 	 3.35554762154e-06
25.2256770311 	 6.66679989843e-06
25.2758274824 	 4.45782044992e-06
25.3259779338 	 1.43009933524e-05
25.3761283852 	 1.10018800968e-05
25.4262788365 	 1.26197413567e-06
25.4764292879 	 1.02065139038e-05
25.5265797392 	 9.71973026369e-06
25.5767301906 	 9.31050534878e-06
25.6268806419 	 7.32892061464e-06
25.6770310933 	 4.03515388642e-06
25.7271815446 	 7.13633318347e-06
25.777331996 	 4.14514355252e-06
25.8274824473 	 6.3377959251e-06
25.8776328987 	 9.78336191215e-06
25.9277833501 	 6.15675121921e-06
25.9779338014 	 7.28970244366e-06
26.0280842528 	 3.62834575691e-06
26.0782347041 	 6.19479077183e-06
26.1283851555 	 1.18283599733e-05
26.1785356068 	 8.1785300931e-06
26.2286860582 	 2.59125487665e-06
26.2788365095 	 1.31534931527e-05
26.3289869609 	 6.68718709177e-06
26.3791374122 	 8.64161871607e-06
26.4292878636 	 5.09886164693e-06
26.4794383149 	 6.19821318217e-06
26.5295887663 	 6.37241761303e-06
26.5797392177 	 1.25229560625e-05
26.629889669 	 1.05967061144e-05
26.6800401204 	 4.14303171923e-06
26.7301905717 	 1.09287024981e-05
26.7803410231 	 9.40091807506e-06
26.8304914744 	 6.15789975218e-06
26.8806419258 	 4.27005348384e-06
26.9307923771 	 6.96502503845e-06
26.9809428285 	 1.81352587903e-06
27.0310932798 	 5.10287100657e-06
27.0812437312 	 1.26269970445e-05
27.1313941825 	 5.42732646477e-06
27.1815446339 	 3.60909648337e-06
27.2316950853 	 7.97773103963e-06
27.2818455366 	 5.2395376996e-06
27.331995988 	 1.27286975423e-05
27.3821464393 	 3.02213263153e-06
27.4322968907 	 6.92824019613e-06
27.482447342 	 8.40406901149e-06
27.5325977934 	 1.43955855952e-05
27.5827482447 	 4.9787353403e-06
27.6328986961 	 6.42680063214e-06
27.6830491474 	 6.07951009808e-06
27.7331995988 	 7.84401523738e-06
27.7833500502 	 5.54247382206e-06
27.8335005015 	 7.86149122512e-06
27.8836509529 	 5.71397500977e-06
27.9338014042 	 7.35726769741e-06
27.9839518556 	 2.54460561502e-06
28.0341023069 	 3.48967902804e-06
28.0842527583 	 8.82031454386e-06
28.1344032096 	 5.53384058295e-06
28.184553661 	 3.50415517655e-06
28.2347041123 	 1.16093952641e-05
28.2848545637 	 8.85716454319e-06
28.335005015 	 2.94070065759e-06
28.3851554664 	 6.10414021967e-06
28.4353059178 	 5.14097475862e-06
28.4854563691 	 8.4226978328e-06
28.5356068205 	 8.20452071352e-06
28.5857572718 	 9.65587646854e-06
28.6359077232 	 1.88022549914e-06
28.6860581745 	 7.19492222869e-06
28.7362086259 	 5.08768969676e-06
28.7863590772 	 6.21379754883e-06
28.8365095286 	 3.87456295833e-06
28.8866599799 	 6.19095029704e-06
28.9368104313 	 3.94209821283e-06
28.9869608826 	 3.39589484962e-06
29.037111334 	 5.07244142211e-06
29.0872617854 	 6.58220599665e-06
29.1374122367 	 8.59884423661e-06
29.1875626881 	 5.38721992242e-06
29.2377131394 	 6.39269640351e-06
29.2878635908 	 3.49346919625e-06
29.3380140421 	 2.98288732585e-06
29.3881644935 	 3.84032218166e-06
29.4383149448 	 2.23575968813e-06
29.4884653962 	 8.12607541595e-06
29.5386158475 	 5.07117871928e-06
29.5887662989 	 5.49366761944e-06
29.6389167503 	 3.52688429972e-06
29.6890672016 	 5.45056689012e-06
29.739217653 	 5.43301597341e-06
29.7893681043 	 7.42841445461e-06
29.8395185557 	 5.6637144897e-06
29.889669007 	 6.42806058355e-06
29.9398194584 	 3.11845066057e-06
29.9899699097 	 1.94614576731e-07
30.0401203611 	 7.62644669726e-06
30.0902708124 	 2.07298774096e-06
30.1404212638 	 6.56957133452e-06
30.1905717151 	 8.78194833205e-06
30.2407221665 	 4.07249829019e-06
30.2908726179 	 1.95392364747e-06
30.3410230692 	 6.81517848564e-06
30.3911735206 	 7.65678706202e-06
30.4413239719 	 4.84219843612e-06
30.4914744233 	 2.60338759311e-06
30.5416248746 	 4.47957465837e-06
30.591775326 	 6.07945524605e-06
30.6419257773 	 5.40544721998e-06
30.6920762287 	 6.34498475884e-06
30.74222668 	 6.39345032896e-06
30.7923771314 	 5.55932244113e-06
30.8425275827 	 7.11402148689e-06
30.8926780341 	 6.51003219343e-06
30.9428284855 	 4.41145637341e-06
30.9929789368 	 7.58113658082e-06
31.0431293882 	 8.06849560068e-06
31.0932798395 	 3.64018231932e-06
31.1434302909 	 4.63666577327e-06
31.1935807422 	 6.50094480316e-06
31.2437311936 	 4.43018732565e-06
31.2938816449 	 4.20519598111e-06
31.3440320963 	 3.06766519697e-06
31.3941825476 	 4.62966694925e-06
31.444332999 	 5.96325856447e-06
31.4944834504 	 5.48419729002e-06
31.5446339017 	 6.75979348862e-06
31.5947843531 	 5.442084033e-06
31.6449348044 	 3.78121106406e-06
31.6950852558 	 3.77456803745e-06
31.7452357071 	 4.82539812074e-06
31.7953861585 	 2.88205979755e-06
31.8455366098 	 3.39802071081e-06
31.8956870612 	 6.76294574814e-06
31.9458375125 	 4.35000967695e-06
31.9959879639 	 5.76186685285e-06
32.0461384152 	 4.23969112045e-06
32.0962888666 	 5.4241566082e-06
32.146439318 	 5.19253597593e-06
32.1965897693 	 5.10854633677e-06
32.2467402207 	 2.94498492342e-06
32.296890672 	 4.19087941011e-06
32.3470411234 	 3.88143082936e-06
32.3971915747 	 6.2873824368e-06
32.4473420261 	 4.23091479299e-06
32.4974924774 	 5.2410174301e-06
32.5476429288 	 3.98492846957e-06
32.5977933801 	 4.27098192671e-06
32.6479438315 	 5.07881649828e-06
32.6980942828 	 4.33057593491e-06
32.7482447342 	 6.21285455636e-06
32.7983951856 	 3.92408616208e-06
32.8485456369 	 4.02333129469e-06
32.8986960883 	 4.05677682223e-06
32.9488465396 	 5.44935589973e-06
32.998996991 	 4.01522960458e-06
33.0491474423 	 5.52937995634e-06
33.0992978937 	 5.15661729034e-06
33.149448345 	 3.54932838912e-06
33.1995987964 	 4.91202998934e-06
33.2497492477 	 5.74630899617e-06
33.2998996991 	 1.84045729034e-06
33.3500501505 	 6.05511324461e-06
33.4002006018 	 4.75052360771e-06
33.4503510532 	 4.12673803994e-06
33.5005015045 	 3.66412125387e-06
33.5506519559 	 5.13773497772e-06
33.6008024072 	 4.30308665907e-06
33.6509528586 	 4.48915592461e-06
33.7011033099 	 4.31862102679e-06
33.7512537613 	 4.92651179383e-06
33.8014042126 	 4.61381395155e-06
33.851554664 	 4.73218479562e-06
33.9017051153 	 5.41209009105e-06
33.9518555667 	 5.02540410416e-06
34.0020060181 	 3.65276592165e-06
34.0521564694 	 4.03507795263e-06
34.1023069208 	 4.90769856091e-06
34.1524573721 	 4.15330148281e-06
34.2026078235 	 4.11234731987e-06
34.2527582748 	 4.34881705948e-06
34.3029087262 	 4.20448726015e-06
34.3530591775 	 4.07270996834e-06
34.4032096289 	 4.87953950857e-06
34.4533600802 	 3.60197169607e-06
34.5035105316 	 4.05962577675e-06
34.5536609829 	 4.4188112319e-06
34.6038114343 	 4.62435520547e-06
34.6539618857 	 3.64602787474e-06
34.704112337 	 3.16988187849e-06
34.7542627884 	 5.07726870459e-06
34.8044132397 	 3.8212044031e-06
34.8545636911 	 4.25699762643e-06
34.9047141424 	 3.83206303564e-06
34.9548645938 	 3.54197019495e-06
35.0050150451 	 5.71872530847e-06
35.0551654965 	 5.52708159721e-06
35.1053159478 	 4.44215450307e-06
35.1554663992 	 5.1515351755e-06
35.2056168506 	 3.52041686918e-06
35.2557673019 	 3.68888375179e-06
35.3059177533 	 4.02390517928e-06
35.3560682046 	 3.27059566008e-06
35.406218656 	 4.05315017676e-06
35.4563691073 	 4.60974978546e-06
35.5065195587 	 5.01237423002e-06
35.55667001 	 3.84555643937e-06
35.6068204614 	 3.96369671835e-06
35.6569709127 	 3.59201225728e-06
35.7071213641 	 4.17141319769e-06
35.7572718154 	 4.12998785567e-06
35.8074222668 	 4.93916996909e-06
35.8575727182 	 5.64421002357e-06
35.9077231695 	 5.51537892457e-06
35.9578736209 	 4.4982791677e-06
36.0080240722 	 3.90117209284e-06
36.0581745236 	 3.96052941519e-06
36.1083249749 	 4.27795267454e-06
36.1584754263 	 4.27395101494e-06
36.2086258776 	 4.12159216451e-06
36.258776329 	 3.20629711677e-06
36.3089267803 	 4.24509324589e-06
36.3590772317 	 4.51966480634e-06
36.409227683 	 3.33098386213e-06
36.4593781344 	 3.9737628904e-06
36.5095285858 	 3.6487422156e-06
36.5596790371 	 4.26127613854e-06
36.6098294885 	 4.37071310428e-06
36.6599799398 	 4.42475884634e-06
36.7101303912 	 3.95535897352e-06
36.7602808425 	 3.92265444175e-06
36.8104312939 	 4.54183254687e-06
36.8605817452 	 3.75267317387e-06
36.9107321966 	 3.36143334982e-06
36.9608826479 	 4.35278876847e-06
37.0110330993 	 4.82263174768e-06
37.0611835507 	 3.268469939e-06
37.111334002 	 3.54803789728e-06
37.1614844534 	 4.75049505846e-06
37.2116349047 	 4.82853885003e-06
37.2617853561 	 5.04305555781e-06
37.3119358074 	 3.35475095078e-06
37.3620862588 	 3.70800362854e-06
37.4122367101 	 3.59567407796e-06
37.4623871615 	 4.45776455886e-06
37.5125376128 	 4.0396909846e-06
37.5626880642 	 3.58239063529e-06
37.6128385155 	 4.06438868592e-06
37.6629889669 	 3.81926439029e-06
37.7131394183 	 4.37706010712e-06
37.7632898696 	 3.89459238119e-06
37.813440321 	 4.37593307978e-06
37.8635907723 	 3.30204972296e-06
37.9137412237 	 4.24864049559e-06
37.963891675 	 4.17114527805e-06
38.0140421264 	 3.94481443087e-06
38.0641925777 	 3.75216187398e-06
38.1143430291 	 3.85187712306e-06
38.1644934804 	 4.12343381745e-06
38.2146439318 	 4.51138938595e-06
38.2647943831 	 3.75405554496e-06
38.3149448345 	 4.27551694501e-06
38.3650952859 	 3.65186810589e-06
38.4152457372 	 3.78738701889e-06
38.4653961886 	 4.20049212729e-06
38.5155466399 	 3.70703012065e-06
38.5656970913 	 4.15112623306e-06
38.6158475426 	 3.81251419052e-06
38.665997994 	 4.17653231972e-06
38.7161484453 	 4.36675996415e-06
38.7662988967 	 3.92117882665e-06
38.816449348 	 4.40552477806e-06
38.8665997994 	 3.40276665813e-06
38.9167502508 	 3.54061496699e-06
38.9669007021 	 4.31112472353e-06
39.0170511535 	 4.02520226736e-06
39.0672016048 	 3.64392733731e-06
39.1173520562 	 4.28255625518e-06
39.1675025075 	 3.7126654711e-06
39.2176529589 	 3.7590911915e-06
39.2678034102 	 3.73260836876e-06
39.3179538616 	 3.36364130779e-06
39.3681043129 	 3.93572400972e-06
39.4182547643 	 2.84151423005e-06
39.4684052156 	 4.22581717581e-06
39.518555667 	 4.32138332295e-06
39.5687061184 	 4.22384294788e-06
39.6188565697 	 3.45881746574e-06
39.6690070211 	 3.36752603846e-06
39.7191574724 	 3.27732093233e-06
39.7693079238 	 3.92041238299e-06
39.8194583751 	 4.47612862513e-06
39.8696088265 	 3.67535812938e-06
39.9197592778 	 3.63039116799e-06
39.9699097292 	 3.96761060636e-06
40.0200601805 	 3.80331509996e-06
40.0702106319 	 4.111494556e-06
40.1203610832 	 3.91568754931e-06
40.1705115346 	 3.5597998687e-06
40.220661986 	 2.78515351928e-06
40.2708124373 	 3.94553635458e-06
40.3209628887 	 3.67627261799e-06
40.37111334 	 4.53401967273e-06
40.4212637914 	 3.4945851245e-06
40.4714142427 	 3.72880716707e-06
40.5215646941 	 4.29028423031e-06
40.5717151454 	 3.7410568872e-06
40.6218655968 	 3.51722226324e-06
40.6720160481 	 3.89364228216e-06
40.7221664995 	 3.9200055955e-06
40.7723169509 	 2.78594879202e-06
40.8224674022 	 3.4391296907e-06
40.8726178536 	 3.56235352435e-06
40.9227683049 	 4.19483083174e-06
40.9729187563 	 4.12955732646e-06
41.0230692076 	 4.42784872053e-06
41.073219659 	 4.06367574451e-06
41.1233701103 	 3.50544935626e-06
41.1735205617 	 3.53249519728e-06
41.223671013 	 3.41129220163e-06
41.2738214644 	 2.82612039218e-06
41.3239719157 	 4.14267137281e-06
41.3741223671 	 4.19372461813e-06
41.4242728185 	 3.83235103341e-06
41.4744232698 	 3.53322617179e-06
41.5245737212 	 3.73397027978e-06
41.5747241725 	 3.87303924813e-06
41.6248746239 	 3.5792598651e-06
41.6750250752 	 3.5910992869e-06
41.7251755266 	 2.87565761392e-06
41.7753259779 	 3.98212964034e-06
41.8254764293 	 3.70396633552e-06
41.8756268806 	 3.89760552025e-06
41.925777332 	 3.94847946018e-06
41.9759277834 	 4.07076390331e-06
42.0260782347 	 3.21903011115e-06
42.0762286861 	 3.59670301608e-06
42.1263791374 	 3.6841040575e-06
42.1765295888 	 3.65272088448e-06
42.2266800401 	 3.63672953846e-06
42.2768304915 	 3.9962136757e-06
42.3269809428 	 3.11657485985e-06
42.3771313942 	 3.92908505582e-06
42.4272818455 	 3.25642308475e-06
42.4774322969 	 3.40478614624e-06
42.5275827482 	 3.68482369706e-06
42.5777331996 	 3.64695707384e-06
42.627883651 	 3.57178680126e-06
42.6780341023 	 3.71737231428e-06
42.7281845537 	 4.00200116982e-06
42.778335005 	 3.56265188242e-06
42.8284854564 	 3.63374741282e-06
42.8786359077 	 3.49057721688e-06
42.9287863591 	 3.43014151633e-06
42.9789368104 	 3.20149005293e-06
43.0290872618 	 3.40951008279e-06
43.0792377131 	 3.26138893562e-06
43.1293881645 	 3.52189037823e-06
43.1795386158 	 4.11289987938e-06
43.2296890672 	 3.74074931838e-06
43.2798395186 	 3.77715182255e-06
43.3299899699 	 3.50256091106e-06
43.3801404213 	 2.81611299127e-06
43.4302908726 	 3.33367995659e-06
43.480441324 	 3.65819645579e-06
43.5305917753 	 3.7746904398e-06
43.5807422267 	 3.08684758316e-06
43.630892678 	 3.27627550457e-06
43.6810431294 	 3.4464948858e-06
43.7311935807 	 3.90401660341e-06
43.7813440321 	 3.78522672101e-06
43.8314944835 	 2.991474132e-06
43.8816449348 	 3.60862623e-06
43.9317953862 	 3.9407833991e-06
43.9819458375 	 3.2978574308e-06
44.0320962889 	 3.27663651128e-06
44.0822467402 	 3.35441200279e-06
44.1323971916 	 3.54090194105e-06
44.1825476429 	 3.81079677494e-06
44.2326980943 	 3.25708246455e-06
44.2828485456 	 3.32289201908e-06
44.332998997 	 3.59303448438e-06
44.3831494483 	 3.72894223305e-06
44.4332998997 	 3.43188269635e-06
44.4834503511 	 3.3808476981e-06
44.5336008024 	 3.47623816971e-06
44.5837512538 	 3.68871735284e-06
44.6339017051 	 3.53764203334e-06
44.6840521565 	 3.06743641025e-06
44.7342026078 	 3.2919050156e-06
44.7843530592 	 3.39092958281e-06
44.8345035105 	 3.48974336535e-06
44.8846539619 	 3.63929210984e-06
44.9348044132 	 3.23252670964e-06
44.9849548646 	 3.49537273284e-06
45.0351053159 	 3.50140190143e-06
45.0852557673 	 3.47927357405e-06
45.1354062187 	 2.64389781241e-06
45.18555667 	 3.46048183974e-06
45.2357071214 	 3.37033953133e-06
45.2858575727 	 3.54350672884e-06
45.3360080241 	 3.41233570331e-06
45.3861584754 	 3.39504443292e-06
45.4363089268 	 3.29772886906e-06
45.4864593781 	 3.30112669979e-06
45.5366098295 	 3.40582682161e-06
45.5867602808 	 3.67018960147e-06
45.6369107322 	 3.51875169063e-06
45.6870611836 	 3.03969389027e-06
45.7372116349 	 3.48021302743e-06
45.7873620863 	 3.1576694251e-06
45.8375125376 	 3.60806967512e-06
45.887662989 	 3.70990443864e-06
45.9378134403 	 3.12291351841e-06
45.9879638917 	 3.488074751e-06
46.038114343 	 3.42636093131e-06
46.0882647944 	 3.39901752004e-06
46.1384152457 	 3.55021442842e-06
46.1885656971 	 3.04826899763e-06
46.2387161484 	 3.28339129969e-06
46.2888665998 	 3.22181007333e-06
46.3390170512 	 3.23394743627e-06
46.3891675025 	 3.31976433443e-06
46.4393179539 	 3.93728616865e-06
46.4894684052 	 3.48830172752e-06
46.5396188566 	 3.62651549167e-06
46.5897693079 	 3.11187336215e-06
46.6399197593 	 3.29169482884e-06
46.6900702106 	 3.11835579586e-06
46.740220662 	 3.26879244444e-06
46.7903711133 	 3.11971698503e-06
46.8405215647 	 3.33849719833e-06
46.890672016 	 3.29371084088e-06
46.9408224674 	 3.2751273338e-06
46.9909729188 	 3.34928567354e-06
47.0411233701 	 3.37278407288e-06
47.0912738215 	 2.95577612826e-06
47.1414242728 	 3.51498217602e-06
47.1915747242 	 3.65105385517e-06
47.2417251755 	 2.87927863762e-06
47.2918756269 	 3.27410624118e-06
47.3420260782 	 3.46758267158e-06
47.3921765296 	 3.60060121098e-06
47.4423269809 	 3.27180818483e-06
47.4924774323 	 3.19080811599e-06
47.5426278837 	 3.1408601649e-06
47.592778335 	 3.20842899758e-06
47.6429287864 	 3.21986277382e-06
47.6930792377 	 3.19480879143e-06
47.7432296891 	 3.0976162809e-06
47.7933801404 	 3.33005261856e-06
47.8435305918 	 3.26041454618e-06
47.8936810431 	 3.17997313886e-06
47.9438314945 	 3.1349353357e-06
47.9939819458 	 3.28929275938e-06
48.0441323972 	 3.34556428965e-06
48.0942828485 	 3.38333288478e-06
48.1444332999 	 3.41024712898e-06
48.1945837513 	 3.12157160361e-06
48.2447342026 	 3.41153010849e-06
48.294884654 	 3.26849565051e-06
48.3450351053 	 2.98943971806e-06
48.3951855567 	 3.16615276067e-06
48.445336008 	 3.30136137502e-06
48.4954864594 	 3.32584107752e-06
48.5456369107 	 3.17463227151e-06
48.5957873621 	 3.1305898858e-06
48.6459378134 	 2.96921911794e-06
48.6960882648 	 3.38426786535e-06
48.7462387161 	 3.05713743487e-06
48.7963891675 	 3.29058304123e-06
48.8465396189 	 3.24600807948e-06
48.8966900702 	 3.11201189972e-06
48.9468405216 	 3.30578402391e-06
48.9969909729 	 3.00167947514e-06
49.0471414243 	 3.088929568e-06
49.0972918756 	 3.32742080965e-06
49.147442327 	 3.33433022933e-06
49.1975927783 	 3.31161949864e-06
49.2477432297 	 3.23340971616e-06
49.297893681 	 3.10792197019e-06
49.3480441324 	 3.13033017089e-06
49.3981945838 	 3.21468099178e-06
49.4483450351 	 3.28551700189e-06
49.4984954865 	 3.09928863678e-06
49.5486459378 	 3.06913198403e-06
49.5987963892 	 3.28128092844e-06
49.6489468405 	 3.2129028279e-06
49.6990972919 	 3.02321733141e-06
49.7492477432 	 3.00557786519e-06
49.7993981946 	 3.13678462035e-06
49.8495486459 	 2.97967826437e-06
49.8996990973 	 2.99825377481e-06
49.9498495486 	 3.11352581535e-06
50.0 	 3.1375436326e-06
50.0501504514 	 3.26744519311e-06
50.1003009027 	 3.26073845655e-06
50.1504513541 	 3.1185414003e-06
50.2006018054 	 3.05562953015e-06
50.2507522568 	 3.17239796402e-06
50.3009027081 	 3.17118314112e-06
50.3510531595 	 2.95052189697e-06
50.4012036108 	 3.1072469875e-06
50.4513540622 	 3.21041577447e-06
50.5015045135 	 3.05920276078e-06
50.5516549649 	 3.23830153015e-06
50.6018054162 	 3.23446112727e-06
50.6519558676 	 3.14530759128e-06
50.702106319 	 2.96597039213e-06
50.7522567703 	 3.13778660963e-06
50.8024072217 	 3.26012979111e-06
50.852557673 	 3.10944170392e-06
50.9027081244 	 3.00272024803e-06
50.9528585757 	 2.90779388902e-06
51.0030090271 	 3.20438882235e-06
51.0531594784 	 3.05748330504e-06
51.1033099298 	 3.15390667649e-06
51.1534603811 	 2.94756537332e-06
51.2036108325 	 3.16956224036e-06
51.2537612839 	 3.21049306655e-06
51.3039117352 	 3.00202903448e-06
51.3540621866 	 3.0546639565e-06
51.4042126379 	 3.02376224176e-06
51.4543630893 	 2.95952934259e-06
51.5045135406 	 3.1550343117e-06
51.554663992 	 3.12251732704e-06
51.6048144433 	 3.17948604556e-06
51.6549648947 	 2.88702808812e-06
51.705115346 	 3.12679439767e-06
51.7552657974 	 3.00660941099e-06
51.8054162487 	 2.9954286309e-06
51.8555667001 	 3.16648571553e-06
51.9057171515 	 3.18337886187e-06
51.9558676028 	 2.98234698765e-06
52.0060180542 	 2.94130647569e-06
52.0561685055 	 3.01979077191e-06
52.1063189569 	 3.04533077608e-06
52.1564694082 	 3.0754938067e-06
52.2066198596 	 3.01715960898e-06
52.2567703109 	 2.96804717208e-06
52.3069207623 	 3.01194505413e-06
52.3570712136 	 3.05246454791e-06
52.407221665 	 3.10124443392e-06
52.4573721163 	 3.02275870134e-06
52.5075225677 	 2.94442434575e-06
52.5576730191 	 2.93574497562e-06
52.6078234704 	 3.04963180615e-06
52.6579739218 	 2.93949694433e-06
52.7081243731 	 3.09026940791e-06
52.7582748245 	 3.02823597282e-06
52.8084252758 	 3.02224988597e-06
52.8585757272 	 3.08037378706e-06
52.9087261785 	 2.99413586905e-06
52.9588766299 	 3.06949043372e-06
53.0090270812 	 2.93811199221e-06
53.0591775326 	 2.93878222916e-06
53.109327984 	 2.95952999264e-06
53.1594784353 	 2.98235019486e-06
53.2096288867 	 2.94107453574e-06
53.259779338 	 3.02181001566e-06
53.3099297894 	 2.9936001123e-06
53.3600802407 	 2.88962886921e-06
53.4102306921 	 2.98487517579e-06
53.4603811434 	 3.04051171367e-06
53.5105315948 	 3.02255075101e-06
53.5606820461 	 2.96146266498e-06
53.6108324975 	 2.79497685089e-06
53.6609829488 	 3.06981011302e-06
53.7111334002 	 3.10613956512e-06
53.7612838516 	 3.03515570347e-06
53.8114343029 	 2.80614322226e-06
53.8615847543 	 2.93363282136e-06
53.9117352056 	 2.97295902214e-06
53.961885657 	 3.04247850097e-06
54.0120361083 	 3.02024869456e-06
54.0621865597 	 2.85638430105e-06
54.112337011 	 2.86620226151e-06
54.1624874624 	 2.9058235954e-06
54.2126379137 	 2.92581678823e-06
54.2627883651 	 2.93944924191e-06
54.3129388164 	 2.97965470492e-06
54.3630892678 	 2.96124440266e-06
54.4132397192 	 3.03097506968e-06
54.4633901705 	 2.98441416262e-06
54.5135406219 	 2.93838586553e-06
54.5636910732 	 2.90115568045e-06
54.6138415246 	 3.04995771635e-06
54.6639919759 	 3.00159667854e-06
54.7141424273 	 2.84709511893e-06
54.7642928786 	 2.89401105332e-06
54.81444333 	 2.88993785066e-06
54.8645937813 	 2.8816650606e-06
54.9147442327 	 2.911372959e-06
54.9648946841 	 2.91051548727e-06
55.0150451354 	 2.88232680409e-06
55.0651955868 	 2.98203796544e-06
55.1153460381 	 2.9266769391e-06
55.1654964895 	 2.85359073703e-06
55.2156469408 	 2.88706653276e-06
55.2657973922 	 2.94893025471e-06
55.3159478435 	 2.89427809133e-06
55.3660982949 	 3.00004735807e-06
55.4162487462 	 2.89779382464e-06
55.4663991976 	 2.90172967808e-06
55.5165496489 	 2.85857590035e-06
55.5667001003 	 2.93795225987e-06
55.6168505517 	 2.95528298206e-06
55.667001003 	 2.86587374864e-06
55.7171514544 	 2.88281343689e-06
55.7673019057 	 2.88540538779e-06
55.8174523571 	 2.82636649637e-06
55.8676028084 	 2.8724326532e-06
55.9177532598 	 2.81312764584e-06
55.9679037111 	 2.8720422138e-06
56.0180541625 	 2.85516856504e-06
56.0682046138 	 2.91250756e-06
56.1183550652 	 3.04388913291e-06
56.1685055165 	 2.78932414444e-06
56.2186559679 	 2.84033474848e-06
56.2688064193 	 2.86318369062e-06
56.3189568706 	 2.9391120273e-06
56.369107322 	 2.8231172133e-06
56.4192577733 	 2.9171333088e-06
56.4694082247 	 2.85770726398e-06
56.519558676 	 2.79951353465e-06
56.5697091274 	 2.81811080183e-06
56.6198595787 	 2.91901623584e-06
56.6700100301 	 2.86162525326e-06
56.7201604814 	 2.84550884205e-06
56.7703109328 	 2.84107192735e-06
56.8204613842 	 2.79062932532e-06
56.8706118355 	 2.81718382041e-06
56.9207622869 	 2.83740095398e-06
56.9709127382 	 2.84832290721e-06
57.0210631896 	 2.85846777442e-06
57.0712136409 	 2.81541833578e-06
57.1213640923 	 2.77516027984e-06
57.1715145436 	 2.84279709424e-06
57.221664995 	 2.85689512359e-06
57.2718154463 	 2.84639785725e-06
57.3219658977 	 2.77893437186e-06
57.372116349 	 2.84371630889e-06
57.4222668004 	 2.89837552865e-06
57.4724172518 	 2.80823332027e-06
57.5225677031 	 2.79708510038e-06
57.5727181545 	 2.73357367973e-06
57.6228686058 	 2.7976292945e-06
57.6730190572 	 2.93702265057e-06
57.7231695085 	 2.78451742999e-06
57.7733199599 	 2.79782500798e-06
57.8234704112 	 2.79821393068e-06
57.8736208626 	 2.84563507531e-06
57.9237713139 	 2.86432506914e-06
57.9739217653 	 2.74852920809e-06
58.0240722166 	 2.79015267107e-06
58.074222668 	 2.79723914225e-06
58.1243731194 	 2.87463759377e-06
58.1745235707 	 2.79109030743e-06
58.2246740221 	 2.78088044586e-06
58.2748244734 	 2.82852029803e-06
58.3249749248 	 2.80392376379e-06
58.3751253761 	 2.79725947664e-06
58.4252758275 	 2.79772473691e-06
58.4754262788 	 2.7961173951e-06
58.5255767302 	 2.75692033124e-06
58.5757271815 	 2.74546529897e-06
58.6258776329 	 2.80635584666e-06
58.6760280843 	 2.74630546636e-06
58.7261785356 	 2.72283032446e-06
58.776328987 	 2.75720492033e-06
58.8264794383 	 2.73407333129e-06
58.8766298897 	 2.79888006174e-06
58.926780341 	 2.83948841546e-06
58.9769307924 	 2.84764609695e-06
59.0270812437 	 2.75661206365e-06
59.0772316951 	 2.82977291512e-06
59.1273821464 	 2.79574694987e-06
59.1775325978 	 2.81774904161e-06
59.2276830491 	 2.759837235e-06
59.2778335005 	 2.76283048431e-06
59.3279839519 	 2.75533873629e-06
59.3781344032 	 2.76758131961e-06
59.4282848546 	 2.74805638402e-06
59.4784353059 	 2.75663448552e-06
59.5285857573 	 2.70748754343e-06
59.5787362086 	 2.75391017831e-06
59.62888666 	 2.7500913633e-06
59.6790371113 	 2.76262830056e-06
59.7291875627 	 2.72527410348e-06
59.779338014 	 2.68974264044e-06
59.8294884654 	 2.76677052612e-06
59.8796389168 	 2.74126036104e-06
59.9297893681 	 2.70419672306e-06
59.9799398195 	 2.75004608521e-06
60.0300902708 	 2.73736389312e-06
60.0802407222 	 2.71968083668e-06
60.1303911735 	 2.72103062945e-06
60.1805416249 	 2.74702472931e-06
60.2306920762 	 2.76356198234e-06
60.2808425276 	 2.72182458311e-06
60.3309929789 	 2.72099633696e-06
60.3811434303 	 2.72208513605e-06
60.4312938816 	 2.71027266872e-06
60.481444333 	 2.72433414505e-06
60.5315947844 	 2.72496287875e-06
60.5817452357 	 2.70342926767e-06
60.6318956871 	 2.75232287193e-06
60.6820461384 	 2.74245296667e-06
60.7321965898 	 2.74527400195e-06
60.7823470411 	 2.71007773269e-06
60.8324974925 	 2.7300489675e-06
60.8826479438 	 2.74036134466e-06
60.9327983952 	 2.69475259429e-06
60.9829488465 	 2.69941435301e-06
61.0330992979 	 2.73124354471e-06
61.0832497492 	 2.69436860368e-06
61.1334002006 	 2.68994563047e-06
61.183550652 	 2.68943498584e-06
61.2337011033 	 2.74139268455e-06
61.2838515547 	 2.70599768808e-06
61.334002006 	 2.67471337617e-06
61.3841524574 	 2.7388287397e-06
61.4343029087 	 2.68417827111e-06
61.4844533601 	 2.7113494456e-06
61.5346038114 	 2.67449767483e-06
61.5847542628 	 2.66081707244e-06
61.6349047141 	 2.6991309593e-06
61.6850551655 	 2.71992800731e-06
61.7352056169 	 2.66203688443e-06
61.7853560682 	 2.64577127856e-06
61.8355065196 	 2.67450525764e-06
61.8856569709 	 2.70091264612e-06
61.9358074223 	 2.67834311231e-06
61.9859578736 	 2.67883337163e-06
62.036108325 	 2.71119263402e-06
62.0862587763 	 2.66162264662e-06
62.1364092277 	 2.72533842554e-06
62.186559679 	 2.65077124587e-06
62.2367101304 	 2.63837925811e-06
62.2868605817 	 2.6924819614e-06
62.3370110331 	 2.68810743848e-06
62.3871614845 	 2.63900897445e-06
62.4373119358 	 2.65655234771e-06
62.4874623872 	 2.65333262752e-06
62.5376128385 	 2.68146173393e-06
62.5877632899 	 2.64477996337e-06
62.6379137412 	 2.67725878646e-06
62.6880641926 	 2.65421289269e-06
62.7382146439 	 2.63596567855e-06
62.7883650953 	 2.65215967158e-06
62.8385155466 	 2.66663202229e-06
62.888665998 	 2.638662066e-06
62.9388164493 	 2.66178792712e-06
62.9889669007 	 2.64252471189e-06
63.0391173521 	 2.66097413614e-06
63.0892678034 	 2.63975191349e-06
63.1394182548 	 2.66083608504e-06
63.1895687061 	 2.65539011479e-06
63.2397191575 	 2.64684438803e-06
63.2898696088 	 2.65044548072e-06
63.3400200602 	 2.6739826667e-06
63.3901705115 	 2.62957446045e-06
63.4403209629 	 2.62986603701e-06
63.4904714142 	 2.63279071549e-06
63.5406218656 	 2.64752145176e-06
63.590772317 	 2.64494076171e-06
63.6409227683 	 2.59608753961e-06
63.6910732197 	 2.63545237092e-06
63.741223671 	 2.58404118041e-06
63.7913741224 	 2.6274237546e-06
63.8415245737 	 2.62208899206e-06
63.8916750251 	 2.62619888086e-06
63.9418254764 	 2.65474310482e-06
63.9919759278 	 2.64619215939e-06
64.0421263791 	 2.63765482598e-06
64.0922768305 	 2.62846125074e-06
64.1424272818 	 2.60472502974e-06
64.1925777332 	 2.63202365797e-06
64.2427281846 	 2.61443380382e-06
64.2928786359 	 2.63346319412e-06
64.3430290873 	 2.60050929653e-06
64.3931795386 	 2.64584104342e-06
64.44332999 	 2.61326500291e-06
64.4934804413 	 2.59907883822e-06
64.5436308927 	 2.63481092167e-06
64.593781344 	 2.64075785933e-06
64.6439317954 	 2.59986222505e-06
64.6940822467 	 2.60946281911e-06
64.7442326981 	 2.61666288432e-06
64.7943831494 	 2.58753439252e-06
64.8445336008 	 2.59395174324e-06
64.8946840522 	 2.58941285211e-06
64.9448345035 	 2.60126132284e-06
64.9949849549 	 2.56882735978e-06
65.0451354062 	 2.62510725439e-06
65.0952858576 	 2.58655679218e-06
65.1454363089 	 2.57582635944e-06
65.1955867603 	 2.60394467515e-06
65.2457372116 	 2.59852385078e-06
65.295887663 	 2.58749708867e-06
65.3460381143 	 2.59323530557e-06
65.3961885657 	 2.58982211825e-06
65.4463390171 	 2.56592878694e-06
65.4964894684 	 2.6048501694e-06
65.5466399198 	 2.58450620769e-06
65.5967903711 	 2.57896579228e-06
65.6469408225 	 2.59903515902e-06
65.6970912738 	 2.56351275994e-06
65.7472417252 	 2.56053246745e-06
65.7973921765 	 2.56510247872e-06
65.8475426279 	 2.58645612517e-06
65.8976930792 	 2.57723891257e-06
65.9478435306 	 2.56886756176e-06
65.9979939819 	 2.5831736487e-06
66.0481444333 	 2.58880595978e-06
66.0982948847 	 2.57335548144e-06
66.148445336 	 2.57350361624e-06
66.1985957874 	 2.57163552548e-06
66.2487462387 	 2.57435933854e-06
66.2988966901 	 2.56321380417e-06
66.3490471414 	 2.56743249441e-06
66.3991975928 	 2.5603193565e-06
66.4493480441 	 2.54813593584e-06
66.4994984955 	 2.57121521767e-06
66.5496489468 	 2.58055393073e-06
66.5997993982 	 2.56097090149e-06
66.6499498495 	 2.58163546692e-06
66.7001003009 	 2.55201744861e-06
66.7502507523 	 2.52254438692e-06
66.8004012036 	 2.53106963294e-06
66.850551655 	 2.55974372445e-06
66.9007021063 	 2.5657262541e-06
66.9508525577 	 2.55521165533e-06
67.001003009 	 2.56430828706e-06
67.0511534604 	 2.56075124695e-06
67.1013039117 	 2.54236489607e-06
67.1514543631 	 2.56480011572e-06
67.2016048144 	 2.54227382453e-06
67.2517552658 	 2.55003700519e-06
67.3019057172 	 2.5295057e-06
67.3520561685 	 2.53613827718e-06
67.4022066199 	 2.53559248276e-06
67.4523570712 	 2.55558066939e-06
67.5025075226 	 2.55284479364e-06
67.5526579739 	 2.54163212421e-06
67.6028084253 	 2.52377098146e-06
67.6529588766 	 2.52668556947e-06
67.703109328 	 2.52609002275e-06
67.7532597793 	 2.54542240861e-06
67.8034102307 	 2.53923785835e-06
67.853560682 	 2.5097617169e-06
67.9037111334 	 2.53792622508e-06
67.9538615848 	 2.54153956043e-06
68.0040120361 	 2.52282629115e-06
68.0541624875 	 2.54075786508e-06
68.1043129388 	 2.5471316472e-06
68.1544633902 	 2.52715046497e-06
68.2046138415 	 2.52899384454e-06
68.2547642929 	 2.52176672559e-06
68.3049147442 	 2.49995662632e-06
68.3550651956 	 2.52604843308e-06
68.4052156469 	 2.52521286684e-06
68.4553660983 	 2.5047143734e-06
68.5055165496 	 2.52732955598e-06
68.555667001 	 2.52130766839e-06
68.6058174524 	 2.5060522917e-06
68.6559679037 	 2.50756978134e-06
68.7061183551 	 2.49450752658e-06
68.7562688064 	 2.50054410302e-06
68.8064192578 	 2.51934586136e-06
68.8565697091 	 2.49999864583e-06
68.9067201605 	 2.50568377567e-06
68.9568706118 	 2.52810013117e-06
69.0070210632 	 2.50685172858e-06
69.0571715145 	 2.51225507682e-06
69.1073219659 	 2.50433416101e-06
69.1574724173 	 2.51068023445e-06
69.2076228686 	 2.50922879242e-06
69.25777332 	 2.50685458962e-06
69.3079237713 	 2.49323523547e-06
69.3580742227 	 2.48312387908e-06
69.408224674 	 2.51288401915e-06
69.4583751254 	 2.49052372877e-06
69.5085255767 	 2.4825194109e-06
69.5586760281 	 2.50182616793e-06
69.6088264794 	 2.48062573877e-06
69.6589769308 	 2.49410670789e-06
69.7091273821 	 2.48939100225e-06
69.7592778335 	 2.49874534171e-06
69.8094282849 	 2.49179667768e-06
69.8595787362 	 2.48490795159e-06
69.9097291876 	 2.49452023322e-06
69.9598796389 	 2.4841106379e-06
70.0100300903 	 2.48444970587e-06
70.0601805416 	 2.49045588779e-06
70.110330993 	 2.49644049315e-06
70.1604814443 	 2.48207375263e-06
70.2106318957 	 2.48684223073e-06
70.260782347 	 2.48159615483e-06
70.3109327984 	 2.47065628383e-06
70.3610832497 	 2.48391443996e-06
70.4112337011 	 2.48518814308e-06
70.4613841525 	 2.48041526907e-06
70.5115346038 	 2.48050370868e-06
70.5616850552 	 2.47416580866e-06
70.6118355065 	 2.47731573675e-06
70.6619859579 	 2.45968538654e-06
70.7121364092 	 2.47413496645e-06
70.7622868606 	 2.46808962922e-06
70.8124373119 	 2.4796984009e-06
70.8625877633 	 2.46175751497e-06
70.9127382146 	 2.47052454559e-06
70.962888666 	 2.47073548073e-06
71.0130391174 	 2.45980449109e-06
71.0631895687 	 2.47351447327e-06
71.1133400201 	 2.46170789767e-06
71.1634904714 	 2.46695394685e-06
71.2136409228 	 2.47213359896e-06
71.2637913741 	 2.45736406328e-06
71.3139418255 	 2.46161844716e-06
71.3640922768 	 2.45522056167e-06
71.4142427282 	 2.45987810606e-06
71.4643931795 	 2.45472294737e-06
71.5145436309 	 2.46728285051e-06
71.5646940822 	 2.45578793003e-06
71.6148445336 	 2.45885948054e-06
71.664994985 	 2.44996107605e-06
71.7151454363 	 2.45864512843e-06
71.7652958877 	 2.45429058971e-06
71.815446339 	 2.44571270578e-06
71.8655967904 	 2.45161991323e-06
71.9157472417 	 2.44358164692e-06
71.9658976931 	 2.44467584238e-06
72.0160481444 	 2.450781926e-06
72.0661985958 	 2.43963129068e-06
72.1163490471 	 2.45679622956e-06
72.1664994985 	 2.44965589617e-06
72.2166499498 	 2.44149424145e-06
72.2668004012 	 2.44572772866e-06
72.3169508526 	 2.45102914934e-06
72.3671013039 	 2.44699666024e-06
72.4172517553 	 2.43635339084e-06
72.4674022066 	 2.4455426999e-06
72.517552658 	 2.44290040313e-06
72.5677031093 	 2.41785478147e-06
72.6178535607 	 2.44113211151e-06
72.668004012 	 2.44255028058e-06
72.7181544634 	 2.43407894231e-06
72.7683049147 	 2.43526470526e-06
72.8184553661 	 2.42084872792e-06
72.8686058175 	 2.44148148725e-06
72.9187562688 	 2.42792707154e-06
72.9689067202 	 2.44191688903e-06
73.0190571715 	 2.43645782564e-06
73.0692076229 	 2.42474634655e-06
73.1193580742 	 2.42449117192e-06
73.1695085256 	 2.42830194169e-06
73.2196589769 	 2.43530473672e-06
73.2698094283 	 2.4270021897e-06
73.3199598796 	 2.43070862809e-06
73.370110331 	 2.42620265873e-06
73.4202607823 	 2.41679914058e-06
73.4704112337 	 2.42004772437e-06
73.5205616851 	 2.42122340811e-06
73.5707121364 	 2.4155204175e-06
73.6208625878 	 2.43323263894e-06
73.6710130391 	 2.41861445669e-06
73.7211634905 	 2.4186526333e-06
73.7713139418 	 2.42152897474e-06
73.8214643932 	 2.41913774168e-06
73.8716148445 	 2.41570258461e-06
73.9217652959 	 2.41427027248e-06
73.9719157472 	 2.41136567236e-06
74.0220661986 	 2.41486093007e-06
74.0722166499 	 2.41920977131e-06
74.1223671013 	 2.40230597448e-06
74.1725175527 	 2.40782598671e-06
74.222668004 	 2.41426072705e-06
74.2728184554 	 2.4033709486e-06
74.3229689067 	 2.39801541947e-06
74.3731193581 	 2.41509174734e-06
74.4232698094 	 2.40288924856e-06
74.4734202608 	 2.40325578899e-06
74.5235707121 	 2.41884210364e-06
74.5737211635 	 2.40331215808e-06
74.6238716148 	 2.41413325563e-06
74.6740220662 	 2.39840435037e-06
74.7241725176 	 2.40069534354e-06
74.7743229689 	 2.39544334712e-06
74.8244734203 	 2.3897692176e-06
74.8746238716 	 2.40042252927e-06
74.924774323 	 2.39522879803e-06
74.9749247743 	 2.40423207086e-06
75.0250752257 	 2.39843125463e-06
75.075225677 	 2.39984094876e-06
75.1253761284 	 2.40306815412e-06
75.1755265797 	 2.38798612506e-06
75.2256770311 	 2.39352427818e-06
75.2758274824 	 2.39938671304e-06
75.3259779338 	 2.39463584418e-06
75.3761283852 	 2.39033060672e-06
75.4262788365 	 2.38565166426e-06
75.4764292879 	 2.38962482296e-06
75.5265797392 	 2.3880324557e-06
75.5767301906 	 2.39800191608e-06
75.6268806419 	 2.38289347205e-06
75.6770310933 	 2.39294669314e-06
75.7271815446 	 2.38476085055e-06
75.777331996 	 2.39249005858e-06
75.8274824473 	 2.37721214027e-06
75.8776328987 	 2.38996526916e-06
75.9277833501 	 2.38588401397e-06
75.9779338014 	 2.38165862706e-06
76.0280842528 	 2.38341824912e-06
76.0782347041 	 2.38331290032e-06
76.1283851555 	 2.37798430274e-06
76.1785356068 	 2.37899944261e-06
76.2286860582 	 2.3745513091e-06
76.2788365095 	 2.38399101467e-06
76.3289869609 	 2.37685621164e-06
76.3791374122 	 2.37664951269e-06
76.4292878636 	 2.37584880155e-06
76.4794383149 	 2.38043987087e-06
76.5295887663 	 2.38244986762e-06
76.5797392177 	 2.37427816816e-06
76.629889669 	 2.37525562696e-06
76.6800401204 	 2.36172761927e-06
76.7301905717 	 2.36073498771e-06
76.7803410231 	 2.3655536734e-06
76.8304914744 	 2.3723075682e-06
76.8806419258 	 2.37474443907e-06
76.9307923771 	 2.37088104278e-06
76.9809428285 	 2.37853721803e-06
77.0310932798 	 2.36919717063e-06
77.0812437312 	 2.3675123955e-06
77.1313941825 	 2.35958004545e-06
77.1815446339 	 2.36698968898e-06
77.2316950853 	 2.37217839297e-06
77.2818455366 	 2.35834495749e-06
77.331995988 	 2.36170279634e-06
77.3821464393 	 2.37186391503e-06
77.4322968907 	 2.35910738187e-06
77.482447342 	 2.36229476286e-06
77.5325977934 	 2.36189433996e-06
77.5827482447 	 2.35755389739e-06
77.6328986961 	 2.35784873191e-06
77.6830491474 	 2.35603276558e-06
77.7331995988 	 2.35788123838e-06
77.7833500502 	 2.35560720753e-06
77.8335005015 	 2.35396500448e-06
77.8836509529 	 2.35168236658e-06
77.9338014042 	 2.35191237319e-06
77.9839518556 	 2.35812674834e-06
78.0341023069 	 2.36917450969e-06
78.0842527583 	 2.34231615766e-06
78.1344032096 	 2.35472996584e-06
78.184553661 	 2.35681402548e-06
78.2347041123 	 2.34139812346e-06
78.2848545637 	 2.35571544342e-06
78.335005015 	 2.35087925962e-06
78.3851554664 	 2.35363069742e-06
78.4353059178 	 2.3441255973e-06
78.4854563691 	 2.34624921218e-06
78.5356068205 	 2.3505862668e-06
78.5857572718 	 2.3526824926e-06
78.6359077232 	 2.3451397431e-06
78.6860581745 	 2.34650886044e-06
78.7362086259 	 2.34501532813e-06
78.7863590772 	 2.33940559035e-06
78.8365095286 	 2.34523171387e-06
78.8866599799 	 2.34133065859e-06
78.9368104313 	 2.33679947258e-06
78.9869608826 	 2.34891177569e-06
79.037111334 	 2.33769667661e-06
79.0872617854 	 2.3391411772e-06
79.1374122367 	 2.3374354028e-06
79.1875626881 	 2.3421156537e-06
79.2377131394 	 2.34338586794e-06
79.2878635908 	 2.33437391277e-06
79.3380140421 	 2.34815149833e-06
79.3881644935 	 2.336593257e-06
79.4383149448 	 2.32885180803e-06
79.4884653962 	 2.34575564759e-06
79.5386158475 	 2.32774804245e-06
79.5887662989 	 2.31882463636e-06
79.6389167503 	 2.33493163612e-06
79.6890672016 	 2.33055336177e-06
79.739217653 	 2.33079938941e-06
79.7893681043 	 2.33998863484e-06
79.8395185557 	 2.3294169288e-06
79.889669007 	 2.33796217534e-06
79.9398194584 	 2.32947903664e-06
79.9899699097 	 2.33131876994e-06
80.0401203611 	 2.32796905303e-06
80.0902708124 	 2.32497998242e-06
80.1404212638 	 2.3259774493e-06
80.1905717151 	 2.32272735831e-06
80.2407221665 	 2.32344619031e-06
80.2908726179 	 2.3291417227e-06
80.3410230692 	 2.32505471649e-06
80.3911735206 	 2.32919633536e-06
80.4413239719 	 2.31818768244e-06
80.4914744233 	 2.33644990622e-06
80.5416248746 	 2.32673967145e-06
80.591775326 	 2.32094816498e-06
80.6419257773 	 2.31779611872e-06
80.6920762287 	 2.32049142514e-06
80.74222668 	 2.31583525564e-06
80.7923771314 	 2.31634167758e-06
80.8425275827 	 2.31311021036e-06
80.8926780341 	 2.3135177403e-06
80.9428284855 	 2.32867429298e-06
80.9929789368 	 2.31879549201e-06
81.0431293882 	 2.31732005999e-06
81.0932798395 	 2.31740112876e-06
81.1434302909 	 2.32434021035e-06
81.1935807422 	 2.31792246426e-06
81.2437311936 	 2.31622466562e-06
81.2938816449 	 2.29541752557e-06
81.3440320963 	 2.31323034994e-06
81.3941825476 	 2.31181690213e-06
81.444332999 	 2.31836207204e-06
81.4944834504 	 2.31571647141e-06
81.5446339017 	 2.30718441225e-06
81.5947843531 	 2.31771517572e-06
81.6449348044 	 2.30666940648e-06
81.6950852558 	 2.3113572479e-06
81.7452357071 	 2.31259211214e-06
81.7953861585 	 2.30922755552e-06
81.8455366098 	 2.30860899719e-06
81.8956870612 	 2.31038976284e-06
81.9458375125 	 2.30149240651e-06
81.9959879639 	 2.30830004102e-06
82.0461384152 	 2.31209404644e-06
82.0962888666 	 2.29697182538e-06
82.146439318 	 2.29896917375e-06
82.1965897693 	 2.30274068185e-06
82.2467402207 	 2.30350653219e-06
82.296890672 	 2.30644214656e-06
82.3470411234 	 2.30550650242e-06
82.3971915747 	 2.30847203924e-06
82.4473420261 	 2.30458944419e-06
82.4974924774 	 2.29826888797e-06
82.5476429288 	 2.29916752582e-06
82.5977933801 	 2.30836334111e-06
82.6479438315 	 2.29736113647e-06
82.6980942828 	 2.29933218622e-06
82.7482447342 	 2.29165528992e-06
82.7983951856 	 2.29486039184e-06
82.8485456369 	 2.30256973622e-06
82.8986960883 	 2.30115607164e-06
82.9488465396 	 2.28999318774e-06
82.998996991 	 2.29968963737e-06
83.0491474423 	 2.30167697467e-06
83.0992978937 	 2.2882010366e-06
83.149448345 	 2.29843179609e-06
83.1995987964 	 2.29454188238e-06
83.2497492477 	 2.28580675027e-06
83.2998996991 	 2.29688634536e-06
83.3500501505 	 2.30564824229e-06
83.4002006018 	 2.29287853492e-06
83.4503510532 	 2.28904797783e-06
83.5005015045 	 2.28761889991e-06
83.5506519559 	 2.28786524983e-06
83.6008024072 	 2.28678437434e-06
83.6509528586 	 2.29509302825e-06
83.7011033099 	 2.2955050019e-06
83.7512537613 	 2.28679167159e-06
83.8014042126 	 2.28763952103e-06
83.851554664 	 2.29056348163e-06
83.9017051153 	 2.2802817046e-06
83.9518555667 	 2.28843770362e-06
84.0020060181 	 2.28896230692e-06
84.0521564694 	 2.28835201541e-06
84.1023069208 	 2.28462237268e-06
84.1524573721 	 2.2929590392e-06
84.2026078235 	 2.27643200503e-06
84.2527582748 	 2.28507271613e-06
84.3029087262 	 2.27590726118e-06
84.3530591775 	 2.2812112125e-06
84.4032096289 	 2.2855726661e-06
84.4533600802 	 2.28725466416e-06
84.5035105316 	 2.28415915284e-06
84.5536609829 	 2.28844710839e-06
84.6038114343 	 2.27841082117e-06
84.6539618857 	 2.29013306549e-06
84.704112337 	 2.27610796837e-06
84.7542627884 	 2.27299806948e-06
84.8044132397 	 2.27968468371e-06
84.8545636911 	 2.26758420387e-06
84.9047141424 	 2.27745863308e-06
84.9548645938 	 2.27789843464e-06
85.0050150451 	 2.29016160837e-06
85.0551654965 	 2.27881371105e-06
85.1053159478 	 2.28465792451e-06
85.1554663992 	 2.27328691144e-06
85.2056168506 	 2.27360244484e-06
85.2557673019 	 2.26996454106e-06
85.3059177533 	 2.27566368617e-06
85.3560682046 	 2.27363623305e-06
85.406218656 	 2.27088417804e-06
85.4563691073 	 2.27509648529e-06
85.5065195587 	 2.2774975934e-06
85.55667001 	 2.27528806803e-06
85.6068204614 	 2.27673729709e-06
85.6569709127 	 2.27427337978e-06
85.7071213641 	 2.27018653219e-06
85.7572718154 	 2.2685070395e-06
85.8074222668 	 2.2670108285e-06
85.8575727182 	 2.27091402008e-06
85.9077231695 	 2.27507473918e-06
85.9578736209 	 2.26630585172e-06
86.0080240722 	 2.26688292133e-06
86.0581745236 	 2.27073854316e-06
86.1083249749 	 2.27415974278e-06
86.1584754263 	 2.27243027047e-06
86.2086258776 	 2.2637066919e-06
86.258776329 	 2.26365647232e-06
86.3089267803 	 2.26773713047e-06
86.3590772317 	 2.25578003697e-06
86.409227683 	 2.27906648249e-06
86.4593781344 	 2.26362899794e-06
86.5095285858 	 2.264111245e-06
86.5596790371 	 2.26450728192e-06
86.6098294885 	 2.26499025982e-06
86.6599799398 	 2.26850970725e-06
86.7101303912 	 2.26619764835e-06
86.7602808425 	 2.25927551613e-06
86.8104312939 	 2.26277543262e-06
86.8605817452 	 2.25354168824e-06
86.9107321966 	 2.26415725639e-06
86.9608826479 	 2.26440084231e-06
87.0110330993 	 2.2668198164e-06
87.0611835507 	 2.26792978581e-06
87.111334002 	 2.25902445837e-06
87.1614844534 	 2.2589442587e-06
87.2116349047 	 2.26067491641e-06
87.2617853561 	 2.26016271917e-06
87.3119358074 	 2.25976481829e-06
87.3620862588 	 2.24874917271e-06
87.4122367101 	 2.25389218368e-06
87.4623871615 	 2.26818264411e-06
87.5125376128 	 2.2582277017e-06
87.5626880642 	 2.26063888468e-06
87.6128385155 	 2.26398962352e-06
87.6629889669 	 2.26002132037e-06
87.7131394183 	 2.25890740895e-06
87.7632898696 	 2.24759251681e-06
87.813440321 	 2.24481471525e-06
87.8635907723 	 2.25367156599e-06
87.9137412237 	 2.25705676252e-06
87.963891675 	 2.25645833487e-06
88.0140421264 	 2.26786682613e-06
88.0641925777 	 2.25419346569e-06
88.1143430291 	 2.25880881021e-06
88.1644934804 	 2.25228698042e-06
88.2146439318 	 2.24201913957e-06
88.2647943831 	 2.25097268e-06
88.3149448345 	 2.25134473346e-06
88.3650952859 	 2.25643792823e-06
88.4152457372 	 2.24893895413e-06
88.4653961886 	 2.25212024741e-06
88.5155466399 	 2.25441221285e-06
88.5656970913 	 2.24624130236e-06
88.6158475426 	 2.25728532718e-06
88.665997994 	 2.25793786442e-06
88.7161484453 	 2.24836416182e-06
88.7662988967 	 2.24141921775e-06
88.816449348 	 2.24449768335e-06
88.8665997994 	 2.25198534681e-06
88.9167502508 	 2.25157664908e-06
88.9669007021 	 2.25026056837e-06
89.0170511535 	 2.24837312726e-06
89.0672016048 	 2.24726952396e-06
89.1173520562 	 2.24548549483e-06
89.1675025075 	 2.24442556729e-06
89.2176529589 	 2.25354407571e-06
89.2678034102 	 2.23939356492e-06
89.3179538616 	 2.25145416072e-06
89.3681043129 	 2.2405333068e-06
89.4182547643 	 2.24289620971e-06
89.4684052156 	 2.24936786947e-06
89.518555667 	 2.24582810293e-06
89.5687061184 	 2.25034897953e-06
89.6188565697 	 2.24054781106e-06
89.6690070211 	 2.25251109083e-06
89.7191574724 	 2.24171776621e-06
89.7693079238 	 2.24395766551e-06
89.8194583751 	 2.24671734538e-06
89.8696088265 	 2.22754736341e-06
89.9197592778 	 2.24478966817e-06
89.9699097292 	 2.24424600146e-06
90.0200601805 	 2.23811398101e-06
90.0702106319 	 2.24667149791e-06
90.1203610832 	 2.24311307948e-06
90.1705115346 	 2.24770359286e-06
90.220661986 	 2.24435780682e-06
90.2708124373 	 2.2324250773e-06
90.3209628887 	 2.24442977959e-06
90.37111334 	 2.23035365782e-06
90.4212637914 	 2.24209051785e-06
90.4714142427 	 2.24077208518e-06
90.5215646941 	 2.23752679175e-06
90.5717151454 	 2.23636169444e-06
90.6218655968 	 2.23932565531e-06
90.6720160481 	 2.24103677897e-06
90.7221664995 	 2.24118394626e-06
90.7723169509 	 2.2372292976e-06
90.8224674022 	 2.24211074235e-06
90.8726178536 	 2.2376819433e-06
90.9227683049 	 2.24049787961e-06
90.9729187563 	 2.23654749378e-06
91.0230692076 	 2.23693316171e-06
91.073219659 	 2.23848665113e-06
91.1233701103 	 2.23216121235e-06
91.1735205617 	 2.2274714689e-06
91.223671013 	 2.23187579447e-06
91.2738214644 	 2.23809872683e-06
91.3239719157 	 2.24159258056e-06
91.3741223671 	 2.23777752355e-06
91.4242728185 	 2.23890873971e-06
91.4744232698 	 2.23731603738e-06
91.5245737212 	 2.23029726793e-06
91.5747241725 	 2.23495774337e-06
91.6248746239 	 2.23320067434e-06
91.6750250752 	 2.22823356743e-06
91.7251755266 	 2.23120354566e-06
91.7753259779 	 2.22549866784e-06
91.8254764293 	 2.23920788258e-06
91.8756268806 	 2.23824572415e-06
91.925777332 	 2.23358270015e-06
91.9759277834 	 2.23848639775e-06
92.0260782347 	 2.22798012198e-06
92.0762286861 	 2.22655243487e-06
92.1263791374 	 2.23363726606e-06
92.1765295888 	 2.22746523465e-06
92.2266800401 	 2.2345961186e-06
92.2768304915 	 2.2308336002e-06
92.3269809428 	 2.23224404122e-06
92.3771313942 	 2.22703114888e-06
92.4272818455 	 2.23308283123e-06
92.4774322969 	 2.23358787997e-06
92.5275827482 	 2.2293139999e-06
92.5777331996 	 2.23085783028e-06
92.627883651 	 2.22862366186e-06
92.6780341023 	 2.2271723175e-06
92.7281845537 	 2.22503928081e-06
92.778335005 	 2.22961962799e-06
92.8284854564 	 2.23120809433e-06
92.8786359077 	 2.22512019248e-06
92.9287863591 	 2.23637972574e-06
92.9789368104 	 2.22968697946e-06
93.0290872618 	 2.22711455803e-06
93.0792377131 	 2.22242296489e-06
93.1293881645 	 2.22725846928e-06
93.1795386158 	 2.22852993445e-06
93.2296890672 	 2.2222083466e-06
93.2798395186 	 2.22871852163e-06
93.3299899699 	 2.23087849874e-06
93.3801404213 	 2.22318501484e-06
93.4302908726 	 2.22498696749e-06
93.480441324 	 2.2331754271e-06
93.5305917753 	 2.22666471642e-06
93.5807422267 	 2.21870618398e-06
93.630892678 	 2.22770496784e-06
93.6810431294 	 2.21954051088e-06
93.7311935807 	 2.2285978135e-06
93.7813440321 	 2.22677782576e-06
93.8314944835 	 2.22291494615e-06
93.8816449348 	 2.23244852187e-06
93.9317953862 	 2.22766550871e-06
93.9819458375 	 2.22792868263e-06
94.0320962889 	 2.21024523279e-06
94.0822467402 	 2.22030862335e-06
94.1323971916 	 2.23231072179e-06
94.1825476429 	 2.22169570215e-06
94.2326980943 	 2.22350864745e-06
94.2828485456 	 2.22428785651e-06
94.332998997 	 2.22131412698e-06
94.3831494483 	 2.22387611252e-06
94.4332998997 	 2.2276873118e-06
94.4834503511 	 2.21650880771e-06
94.5336008024 	 2.22534384161e-06
94.5837512538 	 2.22572371859e-06
94.6339017051 	 2.22138346671e-06
94.6840521565 	 2.23120668565e-06
94.7342026078 	 2.22334180586e-06
94.7843530592 	 2.21485476975e-06
94.8345035105 	 2.22077681636e-06
94.8846539619 	 2.21149700515e-06
94.9348044132 	 2.22593196063e-06
94.9849548646 	 2.21298954782e-06
95.0351053159 	 2.22576684554e-06
95.0852557673 	 2.22910478349e-06
95.1354062187 	 2.22025635408e-06
95.18555667 	 2.22443382894e-06
95.2357071214 	 2.21592409245e-06
95.2858575727 	 2.22773037007e-06
95.3360080241 	 2.21652247247e-06
95.3861584754 	 2.21374216542e-06
95.4363089268 	 2.21443003118e-06
95.4864593781 	 2.23027787138e-06
95.5366098295 	 2.21475960174e-06
95.5867602808 	 2.2273120132e-06
95.6369107322 	 2.22266895364e-06
95.6870611836 	 2.21159368998e-06
95.7372116349 	 2.22216195761e-06
95.7873620863 	 2.21512336252e-06
95.8375125376 	 2.21988082438e-06
95.887662989 	 2.21807388944e-06
95.9378134403 	 2.22312254371e-06
95.9879638917 	 2.22631437793e-06
96.038114343 	 2.21888304269e-06
96.0882647944 	 2.21012510056e-06
96.1384152457 	 2.22024029411e-06
96.1885656971 	 2.20998071046e-06
96.2387161484 	 2.22415441228e-06
96.2888665998 	 2.22078485771e-06
96.3390170512 	 2.22219430308e-06
96.3891675025 	 2.21109099428e-06
96.4393179539 	 2.21872388782e-06
96.4894684052 	 2.21782083463e-06
96.5396188566 	 2.21524516763e-06
96.5897693079 	 2.21902458624e-06
96.6399197593 	 2.22073423809e-06
96.6900702106 	 2.21699513724e-06
96.740220662 	 2.21557772538e-06
96.7903711133 	 2.22052115292e-06
96.8405215647 	 2.21328098591e-06
96.890672016 	 2.2227262898e-06
96.9408224674 	 2.21779874709e-06
96.9909729188 	 2.21040201464e-06
97.0411233701 	 2.21620002553e-06
97.0912738215 	 2.22014128186e-06
97.1414242728 	 2.21467189092e-06
97.1915747242 	 2.21394899739e-06
97.2417251755 	 2.21995694603e-06
97.2918756269 	 2.211381216e-06
97.3420260782 	 2.21423163258e-06
97.3921765296 	 2.22352082419e-06
97.4423269809 	 2.21477873049e-06
97.4924774323 	 2.22033798426e-06
97.5426278837 	 2.21796059327e-06
97.592778335 	 2.21798036898e-06
97.6429287864 	 2.21556358229e-06
97.6930792377 	 2.20537604626e-06
97.7432296891 	 2.21636656895e-06
97.7933801404 	 2.21602830132e-06
97.8435305918 	 2.21330902606e-06
97.8936810431 	 2.22253214925e-06
97.9438314945 	 2.21567184513e-06
97.9939819458 	 2.20316253343e-06
98.0441323972 	 2.21766449918e-06
98.0942828485 	 2.22171383219e-06
98.1444332999 	 2.21942447153e-06
98.1945837513 	 2.21796314413e-06
98.2447342026 	 2.21474962539e-06
98.294884654 	 2.21586133004e-06
98.3450351053 	 2.21781607698e-06
98.3951855567 	 2.21289316017e-06
98.445336008 	 2.21023964855e-06
98.4954864594 	 2.20660998071e-06
98.5456369107 	 2.21244158201e-06
98.5957873621 	 2.21447341388e-06
98.6459378134 	 2.2153671384e-06
98.6960882648 	 2.22230936284e-06
98.7462387161 	 2.21919075421e-06
98.7963891675 	 2.22158876696e-06
98.8465396189 	 2.20922719952e-06
98.8966900702 	 2.21235627244e-06
98.9468405216 	 2.22243961153e-06
98.9969909729 	 2.20623131348e-06
99.0471414243 	 2.21705518457e-06
99.0972918756 	 2.20497339585e-06
99.147442327 	 2.21658299953e-06
99.1975927783 	 2.21539029524e-06
99.2477432297 	 2.21434712003e-06
99.297893681 	 2.21697125763e-06
99.3480441324 	 2.21575580016e-06
99.3981945838 	 2.21147561187e-06
99.4483450351 	 2.22022466335e-06
99.4984954865 	 2.21380105387e-06
99.5486459378 	 2.20916570486e-06
99.5987963892 	 2.2202307067e-06
99.6489468405 	 2.21451956047e-06
99.6990972919 	 2.21058830788e-06
99.7492477432 	 2.21115161112e-06
99.7993981946 	 2.21394874014e-06
99.8495486459 	 2.20829127608e-06
99.8996990973 	 2.21720807991e-06
99.9498495486 	 2.21821978203e-06
100.0 	 2.21087444248e-06
