0.0  0.0
0.009999999999999998  1.45608e-05
0.019999999999999997  5.809657e-05
0.029999999999999995  0.0001302858
0.039999999999999994  0.0002308314
0.04999999999999999  0.0003597565
0.05999999999999999  0.0005180016
0.06999999999999999  0.000708118
0.07999999999999999  0.0009343196
0.08999999999999998  0.001200406
0.09999999999999998  0.001505998
0.10999999999999999  0.001843177
0.11999999999999998  0.002191305
0.12999999999999998  0.002515056
0.13999999999999999  0.002771874
0.14999999999999997  0.002912803
0.15999999999999998  0.002897625
0.16999999999999998  0.002732064
0.17999999999999997  0.002484109
0.18999999999999997  0.002282614
0.19999999999999996  0.002303839
0.20999999999999996  0.002740507
0.21999999999999997  0.003757069
0.22999999999999995  0.005398991
0.23999999999999996  0.007525327
0.24999999999999997  0.009885865
0.25999999999999995  0.01223453
0.26999999999999996  0.01435414
0.27999999999999997  0.01614245
0.29  0.01771763
0.29999999999999993  0.01929553
0.30999999999999994  0.02108954
0.31999999999999995  0.02338019
0.32999999999999996  0.02647517
0.33999999999999997  0.03054941
0.3499999999999999  0.0354376
0.35999999999999993  0.04065045
0.36999999999999994  0.04561527
0.37999999999999995  0.04975318
0.38999999999999996  0.05256714
0.3999999999999999  0.05396024
0.4099999999999999  0.05434396
0.41999999999999993  0.05423924
0.42999999999999994  0.05404591
0.43999999999999995  0.05410919
0.44999999999999996  0.05461608
0.4599999999999999  0.05558194
0.4699999999999999  0.05698591
0.4799999999999999  0.05870135
0.48999999999999994  0.06032999
0.49999999999999994  0.06128396
0.5099999999999999  0.06100398
0.5199999999999999  0.0592076
0.5299999999999999  0.05609716
0.5399999999999999  0.05207674
0.5499999999999999  0.04739231
0.5599999999999999  0.04218728
0.57  0.03638353
0.58  0.02962683
0.5899999999999999  0.0215798
0.5999999999999999  0.01192321
0.6099999999999999  0.0002597588
0.6199999999999999  -0.01346881
0.6299999999999999  -0.02867445
0.6399999999999999  -0.04460757
0.6499999999999999  -0.06046934
0.6599999999999999  -0.07497577
0.6699999999999999  -0.08701385
0.6799999999999999  -0.09623571
0.69  -0.1024186
0.6999999999999998  -0.1055533
0.7099999999999999  -0.1061825
0.7199999999999999  -0.1048711
0.7299999999999999  -0.1021245
0.7399999999999999  -0.09859158
0.7499999999999999  -0.09493861
0.7599999999999999  -0.09173153
0.7699999999999999  -0.08935289
0.7799999999999999  -0.08807327
0.7899999999999999  -0.08816997
0.7999999999999998  -0.08981418
0.8099999999999998  -0.09288875
0.8199999999999998  -0.09704894
0.8299999999999998  -0.101972
0.8399999999999999  -0.1073913
0.8499999999999999  -0.1130072
0.8599999999999999  -0.1185878
0.8699999999999999  -0.1241299
0.8799999999999999  -0.129741
0.8899999999999999  -0.1353663
0.8999999999999999  -0.1408351
0.9099999999999998  -0.1459936
0.9199999999999998  -0.1506487
0.9299999999999998  -0.1546343
0.9399999999999998  -0.1579384
0.9499999999999998  -0.1606079
0.9599999999999999  -0.1626437
0.9699999999999999  -0.1640397
0.9799999999999999  -0.1647985
0.9899999999999999  -0.1649124
0.9999999999999999  -0.164428
1.0099999999999998  -0.1635176
1.0199999999999998  -0.1623787
1.0299999999999998  -0.1611439
1.0399999999999998  -0.1599599
1.0499999999999998  -0.1590244
1.0599999999999998  -0.1585716
1.0699999999999998  -0.1587971
1.0799999999999998  -0.1596247
1.0899999999999999  -0.1607194
1.0999999999999999  -0.1617669
1.1099999999999999  -0.1624889
1.1199999999999999  -0.1626563
1.13  -0.1622083
1.14  -0.1611236
1.15  -0.1593305
1.16  -0.1567688
1.17  -0.1534534
1.1799999999999997  -0.1496461
1.1899999999999997  -0.1458093
1.1999999999999997  -0.1423144
1.2099999999999997  -0.1394861
1.2199999999999998  -0.1377207
1.2299999999999998  -0.1372721
1.2399999999999998  -0.1381441
1.2499999999999998  -0.1402959
1.2599999999999998  -0.1437269
1.2699999999999998  -0.148364
1.2799999999999998  -0.154061
1.2899999999999998  -0.1606208
1.2999999999999998  -0.167722
1.3099999999999998  -0.1749483
1.3199999999999998  -0.1818945
1.3299999999999998  -0.1881784
1.3399999999999999  -0.1935761
1.3499999999999999  -0.198304
1.3599999999999999  -0.2028601
1.3699999999999999  -0.2076382
1.38  -0.2130121
1.3899999999999997  -0.2194023
1.3999999999999997  -0.2269569
1.4099999999999997  -0.2354874
1.4199999999999997  -0.2447382
1.4299999999999997  -0.2543614
1.4399999999999997  -0.2638525
1.4499999999999997  -0.2727623
1.4599999999999997  -0.2807338
1.4699999999999998  -0.2873929
1.4799999999999998  -0.2924203
1.4899999999999998  -0.2957072
1.4999999999999998  -0.2973477
1.5099999999999998  -0.2975968
1.5199999999999998  -0.2969694
1.5299999999999998  -0.2961943
1.5399999999999998  -0.2960249
1.5499999999999998  -0.2971168
1.5599999999999998  -0.2996618
1.5699999999999998  -0.3032852
1.5799999999999998  -0.3075039
1.5899999999999999  -0.3117193
1.5999999999999996  -0.3151234
1.6099999999999997  -0.3170302
1.6199999999999997  -0.3168614
1.6299999999999997  -0.3142561
1.6399999999999997  -0.3095695
1.6499999999999997  -0.3036333
1.6599999999999997  -0.2973454
1.6699999999999997  -0.2917663
1.6799999999999997  -0.2878918
1.6899999999999997  -0.2863446
1.6999999999999997  -0.2872074
1.7099999999999997  -0.2901497
1.7199999999999998  -0.2948636
1.7299999999999998  -0.3011364
1.7399999999999998  -0.3089073
1.7499999999999998  -0.3182766
1.7599999999999998  -0.3291124
1.7699999999999998  -0.3408898
1.7799999999999998  -0.3530556
1.7899999999999998  -0.3652972
1.7999999999999998  -0.3773602
1.8099999999999998  -0.3889983
1.8199999999999996  -0.4001621
1.8299999999999996  -0.4109087
1.8399999999999996  -0.421239
1.8499999999999996  -0.4311507
1.8599999999999997  -0.4407362
1.8699999999999997  -0.4502405
1.8799999999999997  -0.4599852
1.8899999999999997  -0.4702449
1.8999999999999997  -0.4811725
1.9099999999999997  -0.4926305
1.9199999999999997  -0.5042109
1.9299999999999997  -0.5154347
1.9399999999999997  -0.5257969
1.9499999999999997  -0.5348464
1.9599999999999997  -0.5422182
1.9699999999999998  -0.5477259
1.9799999999999998  -0.5515655
1.9899999999999998  -0.5540953
1.9999999999999998  -0.5556202
2.01  -0.5565481
2.0199999999999996  -0.5573403
2.03  -0.5583083
2.0399999999999996  -0.5596397
2.05  -0.561504
2.0599999999999996  -0.5640636
2.07  -0.5674701
2.0799999999999996  -0.5717418
2.09  -0.5765618
2.0999999999999996  -0.5813922
2.11  -0.5856756
2.1199999999999997  -0.5888703
2.13  -0.590609
2.1399999999999997  -0.590776
2.1499999999999995  -0.5895469
2.1599999999999997  -0.587426
2.1699999999999995  -0.5851228
2.1799999999999997  -0.5834864
2.1899999999999995  -0.5832942
2.1999999999999997  -0.5848965
2.2099999999999995  -0.5879367
2.2199999999999998  -0.5914448
2.2299999999999995  -0.5943763
2.2399999999999998  -0.5960133
2.2499999999999996  -0.5960299
2.26  -0.5945474
2.2699999999999996  -0.5920119
2.28  -0.588794
2.2899999999999996  -0.5850783
2.3  -0.5810015
2.3099999999999996  -0.5767293
2.32  -0.5726195
2.3299999999999996  -0.5691791
2.34  -0.5667536
2.3499999999999996  -0.565522
2.3599999999999994  -0.5654403
2.3699999999999997  -0.566133
2.3799999999999994  -0.5670717
2.3899999999999997  -0.5676155
2.3999999999999995  -0.5671869
2.4099999999999997  -0.565534
2.4199999999999995  -0.5628743
2.4299999999999997  -0.5598997
2.4399999999999995  -0.5573098
2.4499999999999997  -0.5555657
2.4599999999999995  -0.5550407
2.4699999999999998  -0.5558205
2.4799999999999995  -0.5576847
2.4899999999999998  -0.5605061
2.4999999999999996  -0.5642505
2.51  -0.5688763
2.5199999999999996  -0.5744695
2.53  -0.5812268
2.5399999999999996  -0.589378
2.55  -0.5991258
2.5599999999999996  -0.6104835
2.5699999999999994  -0.6232002
2.5799999999999996  -0.6369273
2.5899999999999994  -0.6511515
2.5999999999999996  -0.6651867
2.6099999999999994  -0.6786855
2.6199999999999997  -0.6917782
2.6299999999999994  -0.7047301
2.6399999999999997  -0.7177617
2.6499999999999995  -0.7309006
2.6599999999999997  -0.7437591
2.6699999999999995  -0.7556285
2.6799999999999997  -0.7656935
2.6899999999999995  -0.7731827
2.6999999999999997  -0.7775328
2.7099999999999995  -0.7785466
2.7199999999999998  -0.7766633
2.7299999999999995  -0.7726892
2.7399999999999998  -0.7673464
2.7499999999999996  -0.7614582
2.76  -0.7557093
2.7699999999999996  -0.7500229
2.7799999999999994  -0.7439766
2.7899999999999996  -0.7374159
2.7999999999999994  -0.7302365
2.8099999999999996  -0.7222656
2.8199999999999994  -0.7132619
2.8299999999999996  -0.7028499
2.8399999999999994  -0.6907842
2.8499999999999996  -0.677273
2.8599999999999994  -0.6630429
2.8699999999999997  -0.6491576
2.8799999999999994  -0.6367846
2.8899999999999997  -0.6269445
2.8999999999999995  -0.6202151
2.9099999999999997  -0.6164374
2.9199999999999995  -0.6149929
2.9299999999999997  -0.615348
2.9399999999999995  -0.6168985
2.9499999999999997  -0.6188955
2.9599999999999995  -0.6207564
2.9699999999999998  -0.6220651
2.9799999999999995  -0.6225063
2.9899999999999993  -0.6220225
2.9999999999999996  -0.6206771
3.0099999999999993  -0.6182239
3.0199999999999996  -0.6142533
3.0299999999999994  -0.6085371
3.0399999999999996  -0.6009946
3.0499999999999994  -0.592022
3.0599999999999996  -0.5827497
3.0699999999999994  -0.5745826
3.0799999999999996  -0.5687706
3.0899999999999994  -0.5661966
3.0999999999999996  -0.5670393
3.1099999999999994  -0.5707417
3.1199999999999997  -0.5766057
3.1299999999999994  -0.5837547
3.1399999999999997  -0.5906419
3.1499999999999995  -0.5956878
3.1599999999999997  -0.5980122
3.1699999999999995  -0.5970839
3.1799999999999997  -0.5924767
3.1899999999999995  -0.5844544
3.1999999999999993  -0.5740838
3.2099999999999995  -0.5625109
3.2199999999999993  -0.5508797
3.2299999999999995  -0.5404475
3.2399999999999993  -0.5320293
3.2499999999999996  -0.5258442
3.2599999999999993  -0.521855
3.2699999999999996  -0.5197776
3.2799999999999994  -0.5190654
3.2899999999999996  -0.5190489
3.2999999999999994  -0.5188857
3.3099999999999996  -0.5177004
3.3199999999999994  -0.5148617
3.3299999999999996  -0.5102315
3.3399999999999994  -0.5043649
3.3499999999999996  -0.4981202
3.3599999999999994  -0.4923972
3.3699999999999997  -0.488168
3.3799999999999994  -0.4859294
3.3899999999999997  -0.4854695
3.3999999999999995  -0.486412
3.4099999999999997  -0.4883907
3.4199999999999995  -0.4909027
3.4299999999999993  -0.4935829
3.4399999999999995  -0.4965799
3.4499999999999993  -0.5004996
3.4599999999999995  -0.5062359
3.4699999999999993  -0.5149081
3.4799999999999995  -0.5272745
3.4899999999999993  -0.5431267
3.4999999999999996  -0.5616056
3.5099999999999993  -0.5815147
3.5199999999999996  -0.6014309
3.5299999999999994  -0.6202892
3.5399999999999996  -0.6376482
3.5499999999999994  -0.6535478
3.5599999999999996  -0.6681856
3.5699999999999994  -0.6814944
3.5799999999999996  -0.6931885
3.5899999999999994  -0.7029875
3.5999999999999996  -0.710631
3.6099999999999994  -0.7158592
3.6199999999999997  -0.7184787
3.6299999999999994  -0.7183125
3.6399999999999992  -0.7150707
3.6499999999999995  -0.7084123
3.6599999999999993  -0.6980453
3.6699999999999995  -0.6837002
3.6799999999999993  -0.665326
3.6899999999999995  -0.6433537
3.6999999999999993  -0.618706
3.7099999999999995  -0.5926727
3.7199999999999993  -0.5664054
3.7299999999999995  -0.5406085
3.7399999999999993  -0.5157012
3.7499999999999996  -0.491557
3.7599999999999993  -0.4674368
3.7699999999999996  -0.442352
3.7799999999999994  -0.4149956
3.7899999999999996  -0.3840165
3.7999999999999994  -0.3487781
3.8099999999999996  -0.3094564
3.8199999999999994  -0.2667624
3.8299999999999996  -0.2218903
3.8399999999999994  -0.176485
3.849999999999999  -0.1323918
3.8599999999999994  -0.09120505
3.869999999999999  -0.05405903
3.8799999999999994  -0.02180559
3.8899999999999992  0.005011294
3.8999999999999995  0.02650268
3.9099999999999993  0.04329283
3.9199999999999995  0.05601877
3.9299999999999993  0.06539187
3.9399999999999995  0.0722053
3.9499999999999993  0.07696458
3.9599999999999995  0.07993081
3.9699999999999993  0.08122458
3.9799999999999995  0.08081982
3.9899999999999993  0.07880497
3.9999999999999996  0.07555044
4.01  0.07157666
4.02  0.06739156
4.029999999999999  0.0634961
4.039999999999999  0.06033525
4.05  0.05813225
4.06  0.05673082
4.069999999999999  0.05561547
4.079999999999999  0.05413706
4.089999999999999  0.05134984
4.1  0.04591141
4.109999999999999  0.03665329
4.119999999999999  0.02313586
4.129999999999999  0.005640768
4.14  -0.01528251
4.1499999999999995  -0.03882404
4.159999999999999  -0.06357826
4.169999999999999  -0.08781326
4.18  -0.1101103
4.1899999999999995  -0.129673
4.199999999999999  -0.1461777
4.209999999999999  -0.1598103
4.22  -0.1712514
4.2299999999999995  -0.1814558
4.239999999999999  -0.1915694
4.249999999999999  -0.2026489
4.26  -0.2154203
4.27  -0.2302447
4.279999999999999  -0.2470539
4.289999999999999  -0.2654019
4.299999999999999  -0.2847213
4.31  -0.3043928
4.319999999999999  -0.3237085
4.329999999999999  -0.3420004
4.339999999999999  -0.3585826
4.35  -0.3727143
4.359999999999999  -0.3838502
4.369999999999999  -0.3916671
4.379999999999999  -0.3959184
4.39  -0.396607
4.3999999999999995  -0.3940423
4.409999999999999  -0.388576
4.419999999999999  -0.3805006
4.43  -0.370065
4.4399999999999995  -0.3575404
4.449999999999999  -0.3433296
4.459999999999999  -0.3279234
4.47  -0.3118487
4.4799999999999995  -0.2957046
4.489999999999999  -0.2797678
4.499999999999999  -0.263573
4.509999999999999  -0.2463725
4.52  -0.2275286
4.529999999999999  -0.2064621
4.539999999999999  -0.1828281
4.549999999999999  -0.1566691
4.56  -0.1283387
4.569999999999999  -0.09856735
4.579999999999999  -0.0685883
4.589999999999999  -0.03957417
4.6  -0.01223183
4.609999999999999  0.01284528
4.619999999999999  0.03538892
4.629999999999999  0.05580806
4.64  0.0746116
4.6499999999999995  0.0920187
4.659999999999999  0.1082782
4.669999999999999  0.1235618
4.68  0.1375548
4.6899999999999995  0.1496631
4.699999999999999  0.1593353
4.709999999999999  0.1660041
4.719999999999999  0.1691037
4.7299999999999995  0.1683241
4.739999999999999  0.1637238
4.749999999999999  0.1554369
4.759999999999999  0.1434954
4.77  0.1279558
4.779999999999999  0.1089798
4.789999999999999  0.08690555
4.799999999999999  0.06224538
4.81  0.03568471
4.819999999999999  0.008055703
4.829999999999999  -0.01992441
4.839999999999999  -0.04778985
4.85  -0.0752281
4.859999999999999  -0.1020872
4.869999999999999  -0.1283532
4.879999999999999  -0.1540281
4.89  -0.1791923
4.8999999999999995  -0.2040339
4.909999999999999  -0.2286972
4.919999999999999  -0.2531934
4.929999999999999  -0.2773746
4.9399999999999995  -0.300992
4.949999999999999  -0.3236816
4.959999999999999  -0.3448505
4.969999999999999  -0.3637809
4.9799999999999995  -0.379814
4.989999999999999  -0.3925036
4.999999999999999  -0.4015985
5.009999999999999  -0.4069056
5.02  -0.4084769
5.029999999999999  -0.4066516
5.039999999999999  -0.4018249
5.049999999999999  -0.3946484
5.06  -0.3861923
5.069999999999999  -0.3777858
5.079999999999999  -0.3708198
5.089999999999999  -0.3664104
5.1  -0.3649064
5.109999999999999  -0.3656999
5.119999999999999  -0.3679089
5.129999999999999  -0.3707236
5.139999999999999  -0.3732426
5.1499999999999995  -0.3747796
5.159999999999999  -0.3749399
5.169999999999999  -0.373414
5.179999999999999  -0.3702038
5.1899999999999995  -0.3658602
5.199999999999999  -0.3611888
5.209999999999999  -0.3570379
5.219999999999999  -0.3541968
5.2299999999999995  -0.3532187
5.239999999999999  -0.3543001
5.249999999999999  -0.3570711
5.259999999999999  -0.3607616
5.27  -0.3645383
5.279999999999999  -0.3677076
5.289999999999999  -0.3698471
5.299999999999999  -0.3707601
5.31  -0.3704669
5.319999999999999  -0.3690677
5.329999999999999  -0.3666371
5.339999999999999  -0.3633403
5.349999999999999  -0.3594616
5.359999999999999  -0.3553696
5.369999999999999  -0.3515013
5.379999999999999  -0.3482867
5.389999999999999  -0.3461083
5.3999999999999995  -0.3452853
5.409999999999999  -0.3459974
5.419999999999999  -0.3483206
5.429999999999999  -0.3522537
5.4399999999999995  -0.357499
5.449999999999999  -0.3633926
5.459999999999999  -0.3691706
5.469999999999999  -0.3739838
5.4799999999999995  -0.3769179
5.489999999999999  -0.3773522
5.499999999999999  -0.37506
5.509999999999999  -0.3702508
5.52  -0.3635092
5.529999999999999  -0.3556432
5.539999999999999  -0.3478292
5.549999999999999  -0.3412381
5.559999999999999  -0.3362514
5.569999999999999  -0.3324881
5.579999999999999  -0.3294494
5.589999999999999  -0.3266706
5.599999999999999  -0.3235674
5.609999999999999  -0.3196157
5.619999999999999  -0.3144237
5.629999999999999  -0.3075872
5.639999999999999  -0.298857
5.6499999999999995  -0.2884252
5.659999999999999  -0.276734
5.669999999999999  -0.264207
5.679999999999999  -0.2513007
5.6899999999999995  -0.2382936
5.699999999999999  -0.2250895
5.709999999999999  -0.2115627
5.719999999999999  -0.1978681
5.7299999999999995  -0.1844294
5.739999999999999  -0.1717762
5.749999999999999  -0.1604716
5.759999999999999  -0.1510588
5.769999999999999  -0.1436682
5.779999999999999  -0.1379302
5.789999999999999  -0.1334854
5.799999999999999  -0.130084
5.809999999999999  -0.1273969
5.819999999999999  -0.1252758
5.829999999999999  -0.1239367
5.839999999999999  -0.1236826
5.849999999999999  -0.1248063
5.859999999999999  -0.1277148
5.869999999999999  -0.1328059
5.879999999999999  -0.1401
5.889999999999999  -0.1491208
5.8999999999999995  -0.1592832
5.909999999999999  -0.1699636
5.919999999999999  -0.1804492
5.929999999999999  -0.190293
5.9399999999999995  -0.1993574
5.949999999999999  -0.2076501
5.959999999999999  -0.2152454
5.969999999999999  -0.2220236
5.979999999999999  -0.2275621
5.989999999999999  -0.2314541
5.999999999999999  -0.2334613
6.009999999999999  -0.2333677
6.019999999999999  -0.2311455
6.029999999999999  -0.2270695
6.039999999999999  -0.2214529
6.049999999999999  -0.2146035
6.059999999999999  -0.206906
6.069999999999999  -0.1986477
6.079999999999999  -0.1899221
6.089999999999999  -0.1807428
6.099999999999999  -0.1710675
6.109999999999999  -0.1607989
6.119999999999999  -0.1498368
6.129999999999999  -0.1380806
6.139999999999999  -0.1254976
6.1499999999999995  -0.1122239
6.159999999999999  -0.09850374
6.169999999999999  -0.08460474
6.179999999999999  -0.07079768
6.189999999999999  -0.05715087
6.199999999999999  -0.04342159
6.209999999999999  -0.02926066
6.219999999999999  -0.01427974
6.229999999999999  0.001941129
6.239999999999999  0.01973209
6.249999999999999  0.03934276
6.259999999999999  0.06080415
6.269999999999999  0.0836797
6.279999999999999  0.107292
6.289999999999999  0.1308609
6.299999999999999  0.1534101
6.309999999999999  0.174146
6.319999999999999  0.1927928
6.329999999999999  0.2096216
6.339999999999999  0.225401
6.349999999999999  0.2412034
6.359999999999999  0.258208
6.369999999999999  0.2773478
6.379999999999999  0.2990251
6.389999999999999  0.3230369
6.399999999999999  0.3483943
6.409999999999999  0.3735958
6.419999999999999  0.3971355
6.429999999999999  0.4179216
6.439999999999999  0.4358059
6.449999999999999  0.4512142
6.459999999999999  0.4645416
6.469999999999999  0.4762483
6.479999999999999  0.4866633
6.489999999999999  0.4957099
6.499999999999999  0.503136
6.509999999999999  0.5087777
6.519999999999999  0.5126991
6.529999999999999  0.5152545
6.539999999999999  0.5168681
6.549999999999999  0.5179005
6.559999999999999  0.5185958
6.569999999999999  0.5188021
6.579999999999999  0.5180348
6.589999999999999  0.5157778
6.599999999999999  0.5115455
6.609999999999999  0.5049628
6.619999999999999  0.4959758
6.629999999999999  0.4848647
6.639999999999999  0.4719686
6.649999999999999  0.4577238
6.659999999999999  0.4428237
6.669999999999999  0.4278562
6.679999999999999  0.413169
6.689999999999999  0.3991128
6.699999999999999  0.3857566
6.709999999999999  0.3726796
6.719999999999999  0.3593073
6.729999999999999  0.345045
6.739999999999999  0.3293898
6.749999999999999  0.3122788
6.759999999999999  0.2941057
6.769999999999999  0.2753191
6.779999999999999  0.2563702
6.789999999999999  0.2378743
6.799999999999999  0.2203974
6.809999999999999  0.2043098
6.819999999999999  0.1898618
6.829999999999999  0.1770451
6.839999999999999  0.1654722
6.849999999999999  0.1546316
6.8599999999999985  0.1441127
6.869999999999999  0.133747
6.879999999999999  0.1238074
6.889999999999999  0.1148315
6.899999999999999  0.1073535
6.909999999999999  0.1018957
6.919999999999999  0.09867787
6.929999999999999  0.09750592
6.939999999999999  0.09819411
6.949999999999999  0.1005701
6.959999999999999  0.1042617
6.969999999999999  0.1088224
6.979999999999999  0.1136512
6.989999999999999  0.1179249
6.999999999999999  0.1209772
7.009999999999999  0.1225562
7.019999999999999  0.1228618
7.029999999999999  0.1223549
7.039999999999999  0.1214981
7.049999999999999  0.1208635
7.059999999999999  0.1210029
7.0699999999999985  0.1221743
7.079999999999999  0.1244868
7.089999999999999  0.1279832
7.099999999999999  0.1325312
7.1099999999999985  0.1377979
7.119999999999999  0.1433403
7.129999999999999  0.1486358
7.139999999999999  0.1530071
7.149999999999999  0.155759
7.159999999999999  0.1564674
7.169999999999999  0.1551797
7.179999999999999  0.152276
7.189999999999999  0.1481118
7.199999999999999  0.1430182
7.209999999999999  0.1372898
7.219999999999999  0.130986
7.229999999999999  0.1240796
7.239999999999999  0.1166675
7.249999999999999  0.1089042
7.259999999999999  0.1008884
7.269999999999999  0.09266776
7.2799999999999985  0.08429987
7.289999999999999  0.07586886
7.299999999999999  0.0674732
7.309999999999999  0.05921653
7.3199999999999985  0.05120033
7.329999999999999  0.04352369
7.339999999999999  0.03628088
7.349999999999999  0.02955284
7.3599999999999985  0.02329449
7.369999999999999  0.01722626
7.379999999999999  0.01097537
7.389999999999999  0.004188387
7.399999999999999  -0.003469935
7.409999999999999  -0.01182437
7.419999999999999  -0.0198902
7.429999999999999  -0.02651662
7.439999999999999  -0.03076113
7.449999999999999  -0.03193694
7.459999999999999  -0.02968702
7.469999999999999  -0.02391716
7.479999999999999  -0.0149736
7.489999999999998  -0.00350886
7.499999999999999  0.00974677
7.509999999999999  0.02375743
7.519999999999999  0.03727203
7.5299999999999985  0.04929076
7.539999999999999  0.05917969
7.549999999999999  0.06659888
7.559999999999999  0.07178455
7.5699999999999985  0.07544209
7.579999999999999  0.07822199
7.589999999999999  0.08071647
7.599999999999999  0.0834241
7.6099999999999985  0.08661171
7.619999999999999  0.09031842
7.629999999999999  0.09426025
7.639999999999999  0.09804125
7.649999999999999  0.1013084
7.659999999999999  0.1036086
7.669999999999999  0.1045782
7.679999999999999  0.1042752
7.689999999999999  0.1030052
7.699999999999998  0.1009994
7.709999999999999  0.0985007
7.719999999999999  0.09581685
7.729999999999999  0.09317879
7.739999999999998  0.09074483
7.749999999999999  0.08861753
7.759999999999999  0.08674477
7.769999999999999  0.08496649
7.7799999999999985  0.08316674
7.789999999999999  0.08145
7.799999999999999  0.0802352
7.809999999999999  0.07997736
7.8199999999999985  0.08101387
7.829999999999999  0.08371682
7.839999999999999  0.088346
7.849999999999999  0.09477537
7.8599999999999985  0.1026774
7.869999999999999  0.1117773
7.879999999999999  0.1216865
7.889999999999999  0.1318228
7.899999999999999  0.1415654
7.909999999999998  0.150304
7.919999999999999  0.1574723
7.929999999999999  0.1626695
7.939999999999999  0.1659319
7.949999999999998  0.1677301
7.959999999999999  0.1685429
7.969999999999999  0.1687008
7.979999999999999  0.1684671
7.989999999999998  0.1679897
7.999999999999999  0.167199
8.009999999999998  0.1659004
8.02  0.1639255
8.03  0.1610799
8.04  0.1571423
8.049999999999999  0.1519384
8.059999999999999  0.1453097
8.069999999999999  0.1371426
8.079999999999998  0.1275158
8.089999999999998  0.1166612
8.1  0.1047887
8.11  0.09204712
8.12  0.07845861
8.129999999999999  0.06393182
8.139999999999999  0.04842225
8.149999999999999  0.03202195
8.159999999999998  0.01502761
8.169999999999998  -0.002148479
8.179999999999998  -0.01913032
8.19  -0.03553568
8.2  -0.05100698
8.209999999999999  -0.06531309
8.219999999999999  -0.07830398
8.229999999999999  -0.08987995
8.239999999999998  -0.1000317
8.249999999999998  -0.1088186
8.259999999999998  -0.1163316
8.27  -0.1227122
8.28  -0.1281689
8.29  -0.1329957
8.299999999999999  -0.1376034
8.309999999999999  -0.1424309
8.319999999999999  -0.1478105
8.329999999999998  -0.1539851
8.339999999999998  -0.1610545
8.349999999999998  -0.1688916
8.36  -0.1773001
8.37  -0.1860946
8.379999999999999  -0.195019
8.389999999999999  -0.2037884
8.399999999999999  -0.212167
8.409999999999998  -0.2200186
8.419999999999998  -0.2272997
8.429999999999998  -0.233959
8.44  -0.2399209
8.45  -0.2451202
8.459999999999999  -0.2494764
8.469999999999999  -0.25289
8.479999999999999  -0.2552496
8.489999999999998  -0.2564224
8.499999999999998  -0.2563363
8.509999999999998  -0.2551396
8.52  -0.2531609
8.53  -0.2507388
8.54  -0.2482129
8.549999999999999  -0.245783
8.559999999999999  -0.2432745
8.569999999999999  -0.2403419
8.579999999999998  -0.2367338
8.589999999999998  -0.2322218
8.599999999999998  -0.2267015
8.61  -0.2203585
8.62  -0.2134568
8.629999999999999  -0.2062023
8.639999999999999  -0.1988225
8.649999999999999  -0.1915019
8.659999999999998  -0.1843373
8.669999999999998  -0.1773826
8.679999999999998  -0.1706218
8.69  -0.1640022
8.7  -0.157523
8.709999999999999  -0.1512503
8.719999999999999  -0.1452858
8.729999999999999  -0.1397809
8.739999999999998  -0.1349232
8.749999999999998  -0.1308297
8.759999999999998  -0.1275226
8.769999999999998  -0.124905
8.78  -0.1227565
8.79  -0.1208663
8.799999999999999  -0.1190618
8.809999999999999  -0.1172201
8.819999999999999  -0.1153483
8.829999999999998  -0.1135096
8.839999999999998  -0.1117667
8.849999999999998  -0.1102806
8.86  -0.1092986
8.87  -0.1090563
8.879999999999999  -0.1098094
8.889999999999999  -0.1117628
8.899999999999999  -0.1147375
8.909999999999998  -0.1181785
8.919999999999998  -0.1214656
8.929999999999998  -0.1239385
8.94  -0.1250728
8.95  -0.1246265
8.959999999999999  -0.1225735
8.969999999999999  -0.1192482
8.979999999999999  -0.115171
8.989999999999998  -0.1107976
8.999999999999998  -0.1065945
9.009999999999998  -0.1028714
9.019999999999998  -0.09965741
9.03  -0.09695674
9.04  -0.09482372
9.049999999999999  -0.09327402
9.059999999999999  -0.09232656
9.069999999999999  -0.09195555
9.079999999999998  -0.09195557
9.089999999999998  -0.09196678
9.099999999999998  -0.09161976
9.11  -0.09061345
9.12  -0.088698
9.129999999999999  -0.08562436
9.139999999999999  -0.08115993
9.149999999999999  -0.07528274
9.159999999999998  -0.0682663
9.169999999999998  -0.06045444
9.179999999999998  -0.05223561
9.189999999999998  -0.04412986
9.2  -0.0365592
9.209999999999999  -0.02960154
9.219999999999999  -0.02308446
9.229999999999999  -0.01683871
9.239999999999998  -0.01070375
9.249999999999998  -0.004486916
9.259999999999998  0.001954962
9.269999999999998  0.008741214
9.28  0.01594968
9.29  0.02343383
9.299999999999999  0.03083934
9.309999999999999  0.03781215
9.319999999999999  0.04398437
9.329999999999998  0.04892382
9.339999999999998  0.05222497
9.349999999999998  0.05356797
9.36  0.05281693
9.37  0.05014037
9.379999999999999  0.04591179
9.389999999999999  0.04057263
9.399999999999999  0.03466574
9.409999999999998  0.02878797
9.419999999999998  0.02350918
9.429999999999998  0.01932547
9.439999999999998  0.01653184
9.45  0.01507107
9.459999999999999  0.01456349
9.469999999999999  0.01446671
9.479999999999999  0.01415081
9.489999999999998  0.01306388
9.499999999999998  0.01098172
9.509999999999998  0.008083316
9.519999999999998  0.004680071
9.53  0.001000597
9.54  -0.002653786
9.549999999999999  -0.00587041
9.559999999999999  -0.008260438
9.569999999999999  -0.009455324
9.579999999999998  -0.009053415
9.589999999999998  -0.006693011
9.599999999999998  -0.002264047
9.609999999999998  0.003952363
9.62  0.0114862
9.629999999999999  0.01989894
9.639999999999999  0.02871499
9.649999999999999  0.03730174
9.659999999999998  0.04505873
9.669999999999998  0.05172527
9.679999999999998  0.05722564
9.689999999999998  0.0614969
9.7  0.06458827
9.709999999999999  0.06661994
9.719999999999999  0.067706
9.729999999999999  0.06796818
9.739999999999998  0.06753114
9.749999999999998  0.06643827
9.759999999999998  0.06458874
9.769999999999998  0.06183101
9.78  0.05807797
9.79  0.05336732
9.799999999999999  0.04785175
9.809999999999999  0.04170998
9.819999999999999  0.03516562
9.829999999999998  0.02852373
9.839999999999998  0.02211402
9.849999999999998  0.01625137
9.859999999999998  0.01119962
9.87  0.007147739
9.879999999999999  0.004198509
9.889999999999999  0.002353486
9.899999999999999  0.00153326
9.909999999999998  0.001575567
9.919999999999998  0.002240718
9.929999999999998  0.003273086
9.939999999999998  0.004442544
9.95  0.005580806
9.959999999999999  0.006677188
9.969999999999999  0.007867323
9.979999999999999  0.009270576
9.989999999999998  0.01097317
9.999999999999998  0.01307165
10.009999999999998  0.01557798
10.019999999999998  0.01846103
10.029999999999998  0.02188439
10.04  0.02618497
10.049999999999999  0.03161808
10.059999999999999  0.03835659
10.069999999999999  0.04661228
10.079999999999998  0.05653572
10.089999999999998  0.0680323
10.099999999999998  0.08080041
10.109999999999998  0.09445826
10.12  0.1085412
10.129999999999999  0.1225326
10.139999999999999  0.1359615
10.149999999999999  0.1485951
10.159999999999998  0.1604791
10.169999999999998  0.1716743
10.179999999999998  0.1822137
10.189999999999998  0.1922351
10.2  0.2019574
10.209999999999999  0.2116482
10.219999999999999  0.221632
10.229999999999999  0.2321697
10.239999999999998  0.2432318
10.249999999999998  0.2545296
10.259999999999998  0.2657666
10.269999999999998  0.2765975
10.279999999999998  0.2866794
10.29  0.2960533
10.299999999999999  0.3050106
10.309999999999999  0.3137255
10.319999999999999  0.3223646
10.329999999999998  0.3310538
10.339999999999998  0.3396882
10.349999999999998  0.3481119
10.359999999999998  0.35624
10.37  0.363965
10.379999999999999  0.3711662
10.389999999999999  0.3777324
10.399999999999999  0.3835096
10.409999999999998  0.3883779
10.419999999999998  0.3924481
10.429999999999998  0.3960079
10.439999999999998  0.3993235
10.45  0.4026722
10.459999999999999  0.4063605
10.469999999999999  0.4106282
10.479999999999999  0.4156257
10.489999999999998  0.4213527
10.499999999999998  0.4276693
10.509999999999998  0.4344401
10.519999999999998  0.4415252
10.529999999999998  0.4487356
10.54  0.4558857
10.549999999999999  0.4627912
10.559999999999999  0.4692401
10.569999999999999  0.4750402
10.579999999999998  0.4800747
10.589999999999998  0.4843904
10.599999999999998  0.4882766
10.609999999999998  0.4920939
10.62  0.4961203
10.629999999999999  0.500586
10.639999999999999  0.5055505
10.649999999999999  0.5108216
10.659999999999998  0.5161713
10.669999999999998  0.5214068
10.679999999999998  0.5263521
10.689999999999998  0.5309893
10.699999999999998  0.5354122
10.709999999999999  0.5396765
10.719999999999999  0.5438389
10.729999999999999  0.5479619
10.739999999999998  0.5520647
10.749999999999998  0.5561459
10.759999999999998  0.5601681
10.769999999999998  0.564046
10.779999999999998  0.567689
10.79  0.5710047
10.799999999999999  0.5738914
10.809999999999999  0.5762506
10.819999999999999  0.5779881
10.829999999999998  0.5790157
10.839999999999998  0.5792523
10.849999999999998  0.5786255
10.859999999999998  0.5770773
10.87  0.5745671
10.879999999999999  0.5710799
10.889999999999999  0.5666353
10.899999999999999  0.5613125
10.909999999999998  0.555238
10.919999999999998  0.5485195
10.929999999999998  0.5412423
10.939999999999998  0.5334884
10.949999999999998  0.5253026
10.959999999999999  0.5166813
10.969999999999999  0.5075855
10.979999999999999  0.4979622
10.989999999999998  0.4877953
10.999999999999998  0.4771142
11.009999999999998  0.4659435
11.019999999999998  0.4542876
11.029999999999998  0.4421479
11.04  0.4295215
11.049999999999999  0.416383
11.059999999999999  0.4027433
11.069999999999999  0.3887568
11.079999999999998  0.3746611
11.089999999999998  0.3606617
11.099999999999998  0.346966
11.109999999999998  0.3337916
11.119999999999997  0.3213082
11.129999999999999  0.3096446
11.139999999999999  0.2988244
11.149999999999999  0.2886815
11.159999999999998  0.2789901
11.169999999999998  0.2695224
11.179999999999998  0.2599421
11.189999999999998  0.2498859
11.199999999999998  0.2391193
11.209999999999999  0.2276492
11.219999999999999  0.2157342
11.229999999999999  0.2037032
11.239999999999998  0.1918485
11.249999999999998  0.1804057
11.259999999999998  0.1695463
11.269999999999998  0.1593085
11.279999999999998  0.1495361
11.29  0.1400357
11.299999999999999  0.1306448
11.309999999999999  0.1211664
11.319999999999999  0.1115137
11.329999999999998  0.1019195
11.339999999999998  0.09281071
11.349999999999998  0.08457713
11.359999999999998  0.07752861
11.369999999999997  0.07182027
11.379999999999999  0.06737042
11.389999999999999  0.06391562
11.399999999999999  0.06112468
11.409999999999998  0.05861788
11.419999999999998  0.05609541
11.429999999999998  0.053554
11.439999999999998  0.05112299
11.449999999999998  0.04880572
11.459999999999999  0.04650323
11.469999999999999  0.04412019
11.479999999999999  0.04162146
11.489999999999998  0.03900087
11.499999999999998  0.03623967
11.509999999999998  0.03333001
11.519999999999998  0.03027498
11.529999999999998  0.02707296
11.539999999999997  0.0237253
11.549999999999999  0.02026346
11.559999999999999  0.01677715
11.569999999999999  0.01337828
11.579999999999998  0.01014887
11.589999999999998  0.00714526
11.599999999999998  0.004413918
11.609999999999998  0.001997732
11.619999999999997  -6.331986e-05
11.629999999999999  -0.001719435
11.639999999999999  -0.002898846
11.649999999999999  -0.003597836
11.659999999999998  -0.003940134
11.669999999999998  -0.004060061
11.679999999999998  -0.004044932
11.689999999999998  -0.003986165
11.699999999999998  -0.003953166
11.709999999999999  -0.00394369
11.719999999999999  -0.003924298
11.729999999999999  -0.003875645
11.739999999999998  -0.003784117
11.749999999999998  -0.003641892
11.759999999999998  -0.003424754
11.769999999999998  -0.003057829
11.779999999999998  -0.002443082
11.789999999999997  -0.001485066
11.799999999999999  -8.572944e-05
11.809999999999999  0.001785061
11.819999999999999  0.004031647
11.829999999999998  0.00650235
11.839999999999998  0.00902848
11.849999999999998  0.01143773
11.859999999999998  0.01359789
11.869999999999997  0.01541084
11.879999999999999  0.01685922
11.889999999999999  0.01803573
11.899999999999999  0.019032
11.909999999999998  0.01989474
11.919999999999998  0.02067107
11.929999999999998  0.0213803
11.939999999999998  0.02198157
11.949999999999998  0.02237887
11.959999999999997  0.02236458
11.969999999999999  0.02168256
11.979999999999999  0.02017553
11.989999999999998  0.01772866
11.999999999999998  0.01422675
12.009999999999998  0.009698624
12.019999999999998  0.004366132
12.029999999999998  -0.001476999
12.039999999999997  -0.007498088
12.049999999999999  -0.0133132
12.059999999999999  -0.01852927
12.069999999999999  -0.02277712
12.079999999999998  -0.02573669
12.089999999999998  -0.02714265
12.099999999999998  -0.02689879
12.109999999999998  -0.02520103
12.119999999999997  -0.02237789
12.129999999999999  -0.01877408
12.139999999999999  -0.01483717
12.149999999999999  -0.01103783
12.159999999999998  -0.007679365
12.169999999999998  -0.004815803
12.179999999999998  -0.002377332
12.189999999999998  -0.0003201201
12.199999999999998  0.001434479
12.209999999999997  0.003028262
12.219999999999999  0.004612484
12.229999999999999  0.006350326
12.239999999999998  0.00840769
12.249999999999998  0.01094433
12.259999999999998  0.01407846
12.269999999999998  0.01778058
12.279999999999998  0.02190146
12.289999999999997  0.02631738
12.299999999999999  0.03093749
12.309999999999999  0.03566095
12.319999999999999  0.0403911
12.329999999999998  0.04504257
12.339999999999998  0.04954612
12.349999999999998  0.05385559
12.359999999999998  0.05792257
12.369999999999997  0.06165856
12.379999999999997  0.06495999
12.389999999999999  0.06775855
12.399999999999999  0.07000779
12.409999999999998  0.07166253
12.419999999999998  0.07268416
12.429999999999998  0.07301612
12.439999999999998  0.07260361
12.449999999999998  0.07152853
12.459999999999997  0.07002558
12.469999999999999  0.06831922
12.479999999999999  0.06659909
12.489999999999998  0.06507791
12.499999999999998  0.06389695
12.509999999999998  0.06307093
12.519999999999998  0.06259256
12.529999999999998  0.06246106
12.539999999999997  0.06262811
12.549999999999999  0.06301182
12.559999999999999  0.06348967
12.569999999999999  0.06387183
12.579999999999998  0.06396501
12.589999999999998  0.06368172
12.599999999999998  0.06309583
12.609999999999998  0.06234412
12.619999999999997  0.06151815
12.629999999999997  0.06064007
12.639999999999999  0.05959166
12.649999999999999  0.05816666
12.659999999999998  0.05619041
12.669999999999998  0.05349071
12.679999999999998  0.04989239
12.689999999999998  0.04529799
12.699999999999998  0.0397726
12.709999999999997  0.03353775
12.719999999999999  0.02690779
12.729999999999999  0.02029121
12.739999999999998  0.01403593
12.749999999999998  0.008279383
12.759999999999998  0.003115879
12.769999999999998  -0.001363381
12.779999999999998  -0.005186581
12.789999999999997  -0.008416971
12.799999999999997  -0.0110928
12.809999999999999  -0.01325971
12.819999999999999  -0.01489903
12.829999999999998  -0.01591707
12.839999999999998  -0.01627858
12.849999999999998  -0.01602673
12.859999999999998  -0.015245
12.869999999999997  -0.01406966
12.879999999999997  -0.01264656
12.889999999999999  -0.01110457
12.899999999999999  -0.009522247
12.909999999999998  -0.00789592
12.919999999999998  -0.006213187
12.929999999999998  -0.004490809
12.939999999999998  -0.002791732
12.949999999999998  -0.0012598
12.959999999999997  -3.230882e-05
12.969999999999999  0.0008128135
12.979999999999999  0.001188021
12.989999999999998  0.0009899195
12.999999999999998  0.0001975439
13.009999999999998  -0.0010618
13.019999999999998  -0.002615851
13.029999999999998  -0.004345955
13.039999999999997  -0.006135128
13.049999999999997  -0.007842198
13.059999999999999  -0.00933261
13.069999999999999  -0.0104969
13.079999999999998  -0.01134041
13.089999999999998  -0.0120198
13.099999999999998  -0.01272409
13.109999999999998  -0.01364616
13.119999999999997  -0.01499116
13.129999999999997  -0.01690377
13.139999999999999  -0.01939117
13.149999999999999  -0.02230521
13.159999999999998  -0.02543984
13.169999999999998  -0.02857378
13.179999999999998  -0.03146844
13.189999999999998  -0.03390247
13.199999999999998  -0.03569401
13.209999999999997  -0.03679325
13.219999999999999  -0.0372878
13.229999999999999  -0.03727753
13.239999999999998  -0.03688341
13.249999999999998  -0.03624756
13.259999999999998  -0.03538501
13.269999999999998  -0.03417161
13.279999999999998  -0.03247293
13.289999999999997  -0.03015501
13.299999999999997  -0.02708023
13.309999999999999  -0.02316727
13.319999999999999  -0.01836693
13.329999999999998  -0.01265326
13.339999999999998  -0.006083945
13.349999999999998  0.001235316
13.359999999999998  0.00920405
13.369999999999997  0.01770408
13.379999999999997  0.02663278
13.389999999999999  0.03593113
13.399999999999999  0.04551833
13.409999999999998  0.05526621
13.419999999999998  0.06502295
13.429999999999998  0.07463745
13.439999999999998  0.0839863
13.449999999999998  0.09299812
13.459999999999997  0.1016738
13.469999999999997  0.110041
13.479999999999999  0.118114
13.489999999999998  0.1259251
13.499999999999998  0.1335422
13.509999999999998  0.141052
13.519999999999998  0.1485594
13.529999999999998  0.156177
13.539999999999997  0.1639816
13.549999999999997  0.1720142
13.559999999999999  0.1803036
13.569999999999999  0.188859
13.579999999999998  0.1976347
13.589999999999998  0.2065172
13.599999999999998  0.2153193
13.609999999999998  0.2238175
13.619999999999997  0.2318429
13.629999999999997  0.2392392
13.639999999999999  0.2458756
13.649999999999999  0.2517313
13.659999999999998  0.2568005
13.669999999999998  0.2610751
13.679999999999998  0.2646444
13.689999999999998  0.2676529
13.699999999999998  0.2702224
13.709999999999997  0.2724722
13.719999999999997  0.2745172
13.729999999999999  0.2764394
13.739999999999998  0.2782938
13.749999999999998  0.2801036
13.759999999999998  0.281869
13.769999999999998  0.2835947
13.779999999999998  0.2852848
13.789999999999997  0.2869371
13.799999999999997  0.2885466
13.809999999999999  0.2900916
13.819999999999999  0.2915093
13.829999999999998  0.2926506
13.839999999999998  0.2932971
13.849999999999998  0.2932676
13.859999999999998  0.2924764
13.869999999999997  0.2909603
13.879999999999997  0.2888402
13.889999999999997  0.2862392
13.899999999999999  0.2832909
13.909999999999998  0.2801093
13.919999999999998  0.2767194
13.929999999999998  0.2730786
13.939999999999998  0.2691365
13.949999999999998  0.2648645
13.959999999999997  0.2602561
13.969999999999997  0.2553568
13.979999999999999  0.2502863
13.989999999999998  0.2451789
13.999999999999998  0.2401573
14.009999999999998  0.2353358
14.019999999999998  0.2308035
14.029999999999998  0.2266436
14.039999999999997  0.2229462
14.049999999999997  0.2197652
14.059999999999999  0.2170417
14.069999999999999  0.2146126
14.079999999999998  0.2123055
14.089999999999998  0.2099496
14.099999999999998  0.2073957
14.109999999999998  0.2045784
14.119999999999997  0.2014723
14.129999999999997  0.1980518
14.139999999999997  0.1943202
14.149999999999999  0.1903109
14.159999999999998  0.1860924
14.169999999999998  0.181793
14.179999999999998  0.17757
14.189999999999998  0.1735629
14.199999999999998  0.1698783
14.209999999999997  0.1665849
14.219999999999997  0.1636818
14.229999999999999  0.1610848
14.239999999999998  0.1586916
14.249999999999998  0.1564078
14.259999999999998  0.1541168
14.269999999999998  0.1516944
14.279999999999998  0.1490899
14.289999999999997  0.1463666
14.299999999999997  0.1436046
14.309999999999997  0.1408618
14.319999999999999  0.1382053
14.329999999999998  0.1356659
14.339999999999998  0.1332127
14.349999999999998  0.1307632
14.359999999999998  0.128214
14.369999999999997  0.1254958
14.379999999999997  0.1225528
14.389999999999997  0.1192972
14.399999999999999  0.1156324
14.409999999999998  0.1114784
14.419999999999998  0.1067612
14.429999999999998  0.10141
14.439999999999998  0.09537129
14.449999999999998  0.08868434
14.459999999999997  0.08155072
14.469999999999997  0.07424484
14.479999999999999  0.06707532
14.489999999999998  0.06038535
14.499999999999998  0.05441441
14.509999999999998  0.04927067
14.519999999999998  0.04491496
14.529999999999998  0.04113694
14.539999999999997  0.03764963
14.549999999999997  0.03412555
14.559999999999997  0.03027973
14.569999999999999  0.02591397
14.579999999999998  0.02097888
14.589999999999998  0.0157047
14.599999999999998  0.01040853
14.609999999999998  0.005312024
14.619999999999997  0.0006407713
14.629999999999997  -0.003361095
14.639999999999997  -0.006482722
14.649999999999999  -0.00854981
14.659999999999998  -0.009490509
14.669999999999998  -0.009370206
14.679999999999998  -0.008348169
14.689999999999998  -0.006648299
14.699999999999998  -0.004502396
14.709999999999997  -0.002124718
14.719999999999997  0.0003078017
14.729999999999997  0.002717626
14.739999999999998  0.005079391
14.749999999999998  0.007342608
14.759999999999998  0.009453508
14.769999999999998  0.01138204
14.779999999999998  0.01313789
14.789999999999997  0.01476949
14.799999999999997  0.01632206
14.809999999999997  0.01782197
14.819999999999999  0.019287
14.829999999999998  0.02074335
14.839999999999998  0.02225046
14.849999999999998  0.02388918
14.859999999999998  0.02572811
14.869999999999997  0.02781439
14.879999999999997  0.03016978
14.889999999999997  0.03279853
14.899999999999999  0.0357055
14.909999999999998  0.03889346
14.919999999999998  0.04236105
14.929999999999998  0.04610801
14.939999999999998  0.05013423
14.949999999999998  0.05443914
14.959999999999997  0.05903848
14.969999999999997  0.06401874
14.979999999999997  0.06954327
14.989999999999998  0.07577862
14.999999999999998  0.08288183
15.009999999999998  0.09099473
15.019999999999998  0.1001192
15.029999999999998  0.1100864
15.039999999999997  0.1206807
15.049999999999997  0.1316661
15.059999999999997  0.1427732
15.069999999999999  0.1537488
15.079999999999998  0.1643897
15.089999999999998  0.1745613
15.099999999999998  0.184219
15.109999999999998  0.1933716
15.119999999999997  0.2020084
15.129999999999997  0.2101058
15.139999999999997  0.2176329
15.149999999999997  0.2244791
15.159999999999998  0.2304699
15.169999999999998  0.2355025
15.179999999999998  0.2396485
15.189999999999998  0.243124
15.199999999999998  0.2461677
15.209999999999997  0.2490122
15.219999999999997  0.2518788
15.229999999999997  0.2548914
15.239999999999998  0.2579939
15.249999999999998  0.2609655
15.259999999999998  0.2635602
15.269999999999998  0.2655624
15.279999999999998  0.2667775
15.289999999999997  0.2670836
15.299999999999997  0.2665192
15.309999999999997  0.2652697
15.319999999999999  0.2634903
15.329999999999998  0.2612843
15.339999999999998  0.2587416
15.349999999999998  0.2558199
15.359999999999998  0.2523863
15.369999999999997  0.2483546
15.379999999999997  0.2436535
15.389999999999997  0.2382672
15.399999999999997  0.2323802
15.409999999999998  0.2262704
15.419999999999998  0.2201249
15.429999999999998  0.2140925
15.439999999999998  0.2083413
15.449999999999998  0.2029106
15.459999999999997  0.1975955
15.469999999999997  0.1920466
15.479999999999997  0.1858521
15.489999999999998  0.1785891
15.499999999999998  0.1699638
15.509999999999998  0.1598602
15.519999999999998  0.1483539
15.529999999999998  0.1356884
15.539999999999997  0.1221297
15.549999999999997  0.1079306
15.559999999999997  0.09332403
15.569999999999999  0.07848135
15.579999999999998  0.06355516
15.589999999999998  0.04863911
15.599999999999998  0.03365728
15.609999999999998  0.01838941
15.619999999999997  0.002608149
15.629999999999997  -0.01384065
15.639999999999997  -0.03106017
15.649999999999997  -0.04909294
15.659999999999998  -0.06784987
15.669999999999998  -0.08717838
15.679999999999998  -0.1069758
15.689999999999998  -0.1271246
15.699999999999998  -0.1474466
15.709999999999997  -0.1677659
15.719999999999997  -0.1879292
15.729999999999997  -0.2077857
15.739999999999998  -0.2271921
15.749999999999998  -0.2460305
15.759999999999998  -0.2642086
15.769999999999998  -0.2816766
15.779999999999998  -0.2984344
15.789999999999997  -0.3144947
15.799999999999997  -0.3298707
15.809999999999997  -0.3445809
15.819999999999997  -0.3586187
15.829999999999998  -0.3719277
15.839999999999998  -0.3844169
15.849999999999998  -0.3959878
15.859999999999998  -0.4065617
15.869999999999997  -0.4160815
15.879999999999997  -0.4245049
15.889999999999997  -0.4318515
15.899999999999997  -0.4382059
15.909999999999998  -0.4436494
15.919999999999998  -0.448253
15.929999999999998  -0.4521007
15.939999999999998  -0.4552668
15.949999999999998  -0.4577926
15.959999999999997  -0.4597008
15.969999999999997  -0.461018
15.979999999999997  -0.4617612
15.989999999999998  -0.4619307
15.999999999999998  -0.4615109
16.009999999999998  -0.4604416
16.019999999999996  -0.4586344
16.029999999999998  -0.4560317
16.04  -0.4525985
16.049999999999997  -0.4482965
16.06  -0.4431207
16.069999999999997  -0.4371049
16.08  -0.4302664
16.089999999999996  -0.4225996
16.099999999999998  -0.4141067
16.109999999999996  -0.4047929
16.119999999999997  -0.3946592
16.13  -0.3837176
16.139999999999997  -0.3719943
16.15  -0.3595115
16.159999999999997  -0.346269
16.169999999999998  -0.3322505
16.179999999999996  -0.3174478
16.189999999999998  -0.3018621
16.2  -0.2855304
16.209999999999997  -0.2686215
16.22  -0.2514005
16.229999999999997  -0.2340842
16.24  -0.2168349
16.249999999999996  -0.199758
16.259999999999998  -0.1828384
16.269999999999996  -0.1660108
16.279999999999998  -0.1492468
16.29  -0.1325213
16.299999999999997  -0.1157927
16.31  -0.09903369
16.319999999999997  -0.08223876
16.33  -0.06541111
16.339999999999996  -0.04855927
16.349999999999998  -0.03170259
16.359999999999996  -0.01488652
16.369999999999997  0.001811636
16.38  0.01830764
16.389999999999997  0.03451709
16.4  0.05034714
16.409999999999997  0.06570694
16.419999999999998  0.08051042
16.429999999999996  0.09467173
16.439999999999998  0.108108
16.449999999999996  0.1207396
16.459999999999997  0.1324842
16.47  0.1432543
16.479999999999997  0.1529811
16.49  0.1616489
16.499999999999996  0.169306
16.509999999999998  0.1760525
16.519999999999996  0.1819997
16.529999999999998  0.1872418
16.54  0.1918709
16.549999999999997  0.1960111
16.56  0.1998248
16.569999999999997  0.2034444
16.58  0.2069163
16.589999999999996  0.2102052
16.599999999999998  0.2132079
16.609999999999996  0.2157733
16.619999999999997  0.2177192
16.63  0.2188745
16.639999999999997  0.2191034
16.65  0.218294
16.659999999999997  0.2164538
16.669999999999998  0.2137566
16.679999999999996  0.2104113
16.689999999999998  0.2066299
16.699999999999996  0.2026347
16.709999999999997  0.1985816
16.72  0.1945125
16.729999999999997  0.190342
16.74  0.1859446
16.749999999999996  0.1812126
16.759999999999998  0.1760248
16.769999999999996  0.1702678
16.779999999999998  0.163918
16.79  0.1570681
16.799999999999997  0.1498308
16.81  0.1422801
16.819999999999997  0.134457
16.83  0.1263677
16.839999999999996  0.1180163
16.849999999999998  0.1094115
16.859999999999996  0.1005517
16.869999999999997  0.09143548
16.88  0.08206395
16.889999999999997  0.0724451
16.9  0.06262393
16.909999999999997  0.05268848
16.919999999999998  0.04275022
16.929999999999996  0.03293501
16.939999999999998  0.02335279
16.949999999999996  0.01407876
16.959999999999997  0.005165876
16.97  -0.003346346
16.979999999999997  -0.01147619
16.99  -0.01935566
16.999999999999996  -0.02720839
17.009999999999998  -0.03531193
17.019999999999996  -0.04392165
17.029999999999998  -0.0532071
17.04  -0.0632714
17.049999999999997  -0.07406303
17.06  -0.08535428
17.069999999999997  -0.09690923
17.08  -0.1085105
17.089999999999996  -0.1199421
17.099999999999998  -0.1310399
17.109999999999996  -0.1417081
17.119999999999997  -0.1519801
17.13  -0.1619761
17.139999999999997  -0.1717813
17.15  -0.1814788
17.159999999999997  -0.1911971
17.169999999999998  -0.2010601
17.179999999999996  -0.2111123
17.189999999999998  -0.2212553
17.199999999999996  -0.2312796
17.209999999999997  -0.2409559
17.22  -0.2500503
17.229999999999997  -0.2583251
17.24  -0.2655781
17.249999999999996  -0.2716771
17.259999999999998  -0.2765684
17.269999999999996  -0.280242
17.279999999999998  -0.282721
17.289999999999996  -0.2841532
17.299999999999997  -0.2847945
17.31  -0.2848442
17.319999999999997  -0.2844497
17.33  -0.2837779
17.339999999999996  -0.2829368
17.349999999999998  -0.2819242
17.359999999999996  -0.2807103
17.369999999999997  -0.2792953
17.38  -0.2776825
17.389999999999997  -0.2758747
17.4  -0.2739131
17.409999999999997  -0.2718785
17.419999999999998  -0.2698344
17.429999999999996  -0.2678056
17.439999999999998  -0.2658101
17.449999999999996  -0.2638619
17.459999999999997  -0.261962
17.47  -0.2601102
17.479999999999997  -0.2583085
17.49  -0.2565564
17.499999999999996  -0.2548527
17.509999999999998  -0.2531882
17.519999999999996  -0.2515446
17.529999999999998  -0.2499289
17.539999999999996  -0.248391
17.549999999999997  -0.2470089
17.56  -0.2458835
17.569999999999997  -0.2450972
17.58  -0.2446548
17.589999999999996  -0.24448
17.599999999999998  -0.2444543
17.609999999999996  -0.2444551
17.619999999999997  -0.2443562
17.63  -0.2440254
17.639999999999997  -0.2433572
17.65  -0.2422829
17.659999999999997  -0.2407824
17.669999999999998  -0.2389426
17.679999999999996  -0.2369237
17.689999999999998  -0.2348806
17.699999999999996  -0.2329748
17.709999999999997  -0.2313488
17.72  -0.2300856
17.729999999999997  -0.2291877
17.74  -0.2285408
17.749999999999996  -0.2280143
17.759999999999998  -0.2275554
17.769999999999996  -0.2271735
17.779999999999998  -0.2269369
17.789999999999996  -0.2269118
17.799999999999997  -0.2271229
17.81  -0.2276032
17.819999999999997  -0.2283961
17.83  -0.2295322
17.839999999999996  -0.2310285
17.849999999999998  -0.2328881
17.859999999999996  -0.2351106
17.869999999999997  -0.2376829
17.88  -0.2405524
17.889999999999997  -0.2436444
17.9  -0.2468916
17.909999999999997  -0.2502263
17.919999999999998  -0.253577
17.929999999999996  -0.2568841
17.939999999999998  -0.2601014
17.949999999999996  -0.2631838
17.959999999999997  -0.266082
17.97  -0.2687469
17.979999999999997  -0.271132
17.99  -0.2731964
17.999999999999996  -0.2749031
18.009999999999998  -0.2762377
18.019999999999996  -0.2772721
18.029999999999998  -0.2781594
18.039999999999996  -0.2790448
18.049999999999997  -0.2800572
18.06  -0.2813406
18.069999999999997  -0.2830371
18.08  -0.2852334
18.089999999999996  -0.2878972
18.099999999999998  -0.2909284
18.109999999999996  -0.2942487
18.119999999999997  -0.2977774
18.13  -0.3014127
18.139999999999997  -0.3050584
18.15  -0.3086375
18.159999999999997  -0.3121033
18.169999999999998  -0.3154251
18.179999999999996  -0.3185801
18.189999999999998  -0.3215641
18.199999999999996  -0.3243788
18.209999999999997  -0.3270249
18.22  -0.3295229
18.229999999999997  -0.3319339
18.24  -0.3343422
18.249999999999996  -0.3368384
18.259999999999998  -0.3395227
18.269999999999996  -0.3424778
18.279999999999998  -0.3457532
18.289999999999996  -0.3493801
18.299999999999997  -0.3533664
18.31  -0.3576715
18.319999999999997  -0.3621977
18.33  -0.3668321
18.339999999999996  -0.3714647
18.349999999999998  -0.3759588
18.359999999999996  -0.3801707
18.369999999999997  -0.3840111
18.379999999999995  -0.3874311
18.389999999999997  -0.3903942
18.4  -0.3929183
18.409999999999997  -0.3950644
18.419999999999998  -0.3969003
18.429999999999996  -0.3985179
18.439999999999998  -0.4000264
18.449999999999996  -0.4014916
18.459999999999997  -0.4029036
18.47  -0.4042346
18.479999999999997  -0.4054748
18.49  -0.4066043
18.499999999999996  -0.407574
18.509999999999998  -0.4083065
18.519999999999996  -0.4087203
18.529999999999998  -0.4087559
18.539999999999996  -0.4083882
18.549999999999997  -0.4076158
18.56  -0.4064692
18.569999999999997  -0.4050824
18.58  -0.4036661
18.589999999999996  -0.402399
18.599999999999998  -0.4013824
18.609999999999996  -0.4005614
18.619999999999997  -0.3997586
18.629999999999995  -0.3988258
18.639999999999997  -0.3976085
18.65  -0.3959047
18.659999999999997  -0.3936022
18.669999999999998  -0.3907074
18.679999999999996  -0.387259
18.689999999999998  -0.383339
18.699999999999996  -0.3791076
18.709999999999997  -0.3747987
18.72  -0.3706887
18.729999999999997  -0.3670371
18.74  -0.3640271
18.749999999999996  -0.3617409
18.759999999999998  -0.3601285
18.769999999999996  -0.3589973
18.779999999999998  -0.3581202
18.789999999999996  -0.3572763
18.799999999999997  -0.3562229
18.81  -0.3547633
18.819999999999997  -0.3527649
18.83  -0.3501677
18.839999999999996  -0.3470232
18.849999999999998  -0.3434181
18.859999999999996  -0.3394333
18.869999999999997  -0.3351723
18.879999999999995  -0.3307397
18.889999999999997  -0.3262161
18.9  -0.3216353
18.909999999999997  -0.3169963
18.919999999999998  -0.3123053
18.929999999999996  -0.3075693
18.939999999999998  -0.3027849
18.949999999999996  -0.2979427
18.959999999999997  -0.2930156
18.97  -0.2879633
18.979999999999997  -0.2827486
18.99  -0.2773299
18.999999999999996  -0.2716695
19.009999999999998  -0.2657562
19.019999999999996  -0.2595924
19.029999999999998  -0.2531938
19.039999999999996  -0.2466186
19.049999999999997  -0.239943
19.06  -0.2332076
19.069999999999997  -0.2264225
19.08  -0.2196004
19.089999999999996  -0.2127554
19.099999999999998  -0.2058827
19.109999999999996  -0.198963
19.119999999999997  -0.1919802
19.129999999999995  -0.1849233
19.139999999999997  -0.1777798
19.15  -0.1705415
19.159999999999997  -0.1632078
19.169999999999998  -0.1557778
19.179999999999996  -0.1482499
19.189999999999998  -0.1406237
19.199999999999996  -0.1329021
19.209999999999997  -0.1251146
19.219999999999995  -0.1173303
19.229999999999997  -0.109623
19.24  -0.1020519
19.249999999999996  -0.09466991
19.259999999999998  -0.0875021
19.269999999999996  -0.08053802
19.279999999999998  -0.07376461
19.289999999999996  -0.06717153
19.299999999999997  -0.0607345
19.31  -0.05440985
19.319999999999997  -0.04812863
19.33  -0.04180322
19.339999999999996  -0.03535284
19.349999999999998  -0.02871282
19.359999999999996  -0.02182516
19.369999999999997  -0.0146707
19.379999999999995  -0.007289291
19.389999999999997  0.0002574522
19.4  0.00788075
19.409999999999997  0.0154593
19.419999999999998  0.02290083
19.429999999999996  0.03022599
19.439999999999998  0.03756858
19.449999999999996  0.04507505
19.459999999999997  0.05288659
19.469999999999995  0.06115559
19.479999999999997  0.06992779
19.49  0.07908857
19.499999999999996  0.08848452
19.509999999999998  0.09796038
19.519999999999996  0.1073523
19.529999999999998  0.1165633
19.539999999999996  0.1255414
19.549999999999997  0.1342216
19.56  0.1425913
19.569999999999997  0.1507328
19.58  0.1587438
19.589999999999996  0.1667013
19.599999999999998  0.1746894
19.609999999999996  0.1827946
19.619999999999997  0.1910792
19.629999999999995  0.1995754
19.639999999999997  0.2083079
19.65  0.2172871
19.659999999999997  0.2264934
19.669999999999998  0.235902
19.679999999999996  0.2454829
19.689999999999998  0.2551799
19.699999999999996  0.2649272
19.709999999999997  0.2746651
19.719999999999995  0.2843516
19.729999999999997  0.2939769
19.74  0.303542
19.749999999999996  0.3130405
19.759999999999998  0.322471
19.769999999999996  0.3318358
19.779999999999998  0.3411311
19.789999999999996  0.3503393
19.799999999999997  0.3594261
19.81  0.3683401
19.819999999999997  0.3769979
19.83  0.3852821
19.839999999999996  0.393033
19.849999999999998  0.4000992
19.859999999999996  0.4064178
19.869999999999997  0.4119804
19.879999999999995  0.4168293
19.889999999999997  0.4210676
19.9  0.4247891
19.909999999999997  0.428074
19.919999999999998  0.4310017
19.929999999999996  0.4336186
19.939999999999998  0.435949
19.949999999999996  0.4380197
19.959999999999997  0.4398365
19.969999999999995  0.4413773
19.979999999999997  0.4426212
19.99  0.4435508
19.999999999999996  0.4441435
20.009999999999998  0.4443766
20.019999999999996  0.444229
20.029999999999998  0.4436811
20.039999999999996  0.4427234
20.049999999999997  0.4413553
20.059999999999995  0.439571
20.069999999999997  0.4373567
20.08  0.4346989
20.089999999999996  0.4315838
20.099999999999998  0.4279912
20.109999999999996  0.4238965
20.119999999999997  0.4192794
20.129999999999995  0.4141342
20.139999999999997  0.4084698
20.15  0.4022957
20.159999999999997  0.3956238
20.169999999999998  0.3884813
20.179999999999996  0.3809039
20.189999999999998  0.3729267
20.199999999999996  0.3645998
20.209999999999997  0.3559936
20.219999999999995  0.3471804
20.229999999999997  0.3382366
20.24  0.3292578
20.249999999999996  0.3203412
20.259999999999998  0.3115657
20.269999999999996  0.3030046
20.279999999999998  0.2947318
20.289999999999996  0.2868018
20.299999999999997  0.2792021
20.309999999999995  0.2718502
20.319999999999997  0.2646641
20.33  0.2575824
20.339999999999996  0.2505362
20.349999999999998  0.2434756
20.359999999999996  0.236422
20.369999999999997  0.2294436
20.379999999999995  0.2226131
20.389999999999997  0.216029
20.4  0.2097888
20.409999999999997  0.2039426
20.419999999999998  0.1985284
20.429999999999996  0.1935856
20.439999999999998  0.1891257
20.449999999999996  0.185143
20.459999999999997  0.1816314
20.469999999999995  0.1785767
20.479999999999997  0.1759472
20.49  0.1736862
20.499999999999996  0.1717259
20.509999999999998  0.169999
20.519999999999996  0.1684693
20.529999999999998  0.1671743
20.539999999999996  0.1661863
20.549999999999997  0.1655601
20.559999999999995  0.1653506
20.569999999999997  0.1656157
20.58  0.1663642
20.589999999999996  0.1675347
20.599999999999998  0.169056
20.609999999999996  0.1708688
20.619999999999997  0.1728993
20.629999999999995  0.1750698
20.639999999999997  0.1773285
20.65  0.1796549
20.659999999999997  0.1820366
20.669999999999998  0.1844521
20.679999999999996  0.1868773
20.689999999999998  0.1892868
20.699999999999996  0.1916614
20.709999999999997  0.1939955
20.719999999999995  0.1962767
20.729999999999997  0.1984533
20.74  0.2004494
20.749999999999996  0.2021916
20.759999999999998  0.2035996
20.769999999999996  0.2045843
20.779999999999998  0.2050872
20.789999999999996  0.205136
20.799999999999997  0.2048239
20.809999999999995  0.2042521
20.819999999999997  0.2035272
20.83  0.2027271
20.839999999999996  0.2018799
20.849999999999998  0.2009987
20.859999999999996  0.2000357
20.869999999999997  0.1988568
20.879999999999995  0.1973258
20.889999999999997  0.1953264
20.9  0.1927414
20.909999999999997  0.1895006
20.919999999999998  0.1856548
20.929999999999996  0.1813448
20.939999999999998  0.1767106
20.949999999999996  0.1719101
20.959999999999997  0.1671088
20.969999999999995  0.1623957
20.979999999999997  0.1578007
20.99  0.1533422
20.999999999999996  0.1490149
21.009999999999998  0.1447579
21.019999999999996  0.1404543
21.029999999999998  0.1359497
21.039999999999996  0.1310764
21.049999999999997  0.1256872
21.059999999999995  0.119685
21.069999999999997  0.113024
21.08  0.1057068
21.089999999999996  0.0978136
21.099999999999998  0.08946924
21.109999999999996  0.08076468
21.119999999999997  0.07176665
21.129999999999995  0.06253912
21.139999999999997  0.05307128
21.149999999999995  0.04325069
21.159999999999997  0.0329625
21.169999999999998  0.0221458
21.179999999999996  0.0107672
21.189999999999998  -0.001189658
21.199999999999996  -0.01366937
21.209999999999997  -0.02653
21.219999999999995  -0.03962314
21.229999999999997  -0.05280648
21.24  -0.06591801
21.249999999999996  -0.07882798
21.259999999999998  -0.09146831
21.269999999999996  -0.1037957
21.279999999999998  -0.115786
21.289999999999996  -0.1274378
21.299999999999997  -0.1387495
21.309999999999995  -0.149726
21.319999999999997  -0.1603908
21.33  -0.1707737
21.339999999999996  -0.1809217
21.349999999999998  -0.1909141
21.359999999999996  -0.2008168
21.369999999999997  -0.2106589
21.379999999999995  -0.2204721
21.389999999999997  -0.2302978
21.399999999999995  -0.2401534
21.409999999999997  -0.2499953
21.419999999999998  -0.2597266
21.429999999999996  -0.2692582
21.439999999999998  -0.2785259
21.449999999999996  -0.2874694
21.459999999999997  -0.2960465
21.469999999999995  -0.3042672
21.479999999999997  -0.3121718
21.49  -0.3197918
21.499999999999996  -0.327162
21.509999999999998  -0.334334
21.519999999999996  -0.3413534
21.529999999999998  -0.3482197
21.539999999999996  -0.3548844
21.549999999999997  -0.3612983
21.559999999999995  -0.3674254
21.569999999999997  -0.3732419
21.58  -0.378745
21.589999999999996  -0.3839335
21.599999999999998  -0.3888018
21.609999999999996  -0.3933477
21.619999999999997  -0.39757
21.629999999999995  -0.4014771
21.639999999999997  -0.4050999
21.649999999999995  -0.4084797
21.659999999999997  -0.4116536
21.669999999999998  -0.414661
21.679999999999996  -0.4175455
21.689999999999998  -0.4203432
21.699999999999996  -0.4230755
21.709999999999997  -0.4257375
21.719999999999995  -0.42828
21.729999999999997  -0.4306395
21.74  -0.432787
21.749999999999996  -0.4347137
21.759999999999998  -0.4364219
21.769999999999996  -0.4379662
21.779999999999998  -0.4394221
21.789999999999996  -0.4408241
21.799999999999997  -0.4421914
21.809999999999995  -0.4435294
21.819999999999997  -0.4447959
21.83  -0.4459369
21.839999999999996  -0.446909
21.849999999999998  -0.4476602
21.859999999999996  -0.4481344
21.869999999999997  -0.4482791
21.879999999999995  -0.4480409
21.889999999999997  -0.4473664
21.899999999999995  -0.4462206
21.909999999999997  -0.4446117
21.919999999999998  -0.4425724
21.929999999999996  -0.44013
21.939999999999998  -0.4373164
21.949999999999996  -0.4341777
21.959999999999997  -0.4307704
21.969999999999995  -0.4271542
21.979999999999997  -0.4233759
21.989999999999995  -0.4194694
21.999999999999996  -0.4154668
22.009999999999998  -0.4113926
22.019999999999996  -0.4072562
22.029999999999998  -0.4030418
22.039999999999996  -0.3987132
22.049999999999997  -0.3942458
22.059999999999995  -0.3896325
22.069999999999997  -0.3849169
22.08  -0.3802378
22.089999999999996  -0.3757552
22.099999999999998  -0.3715976
22.109999999999996  -0.3678679
22.119999999999997  -0.3645484
22.129999999999995  -0.3614896
22.139999999999997  -0.3585513
22.149999999999995  -0.3556274
22.159999999999997  -0.3526069
22.169999999999998  -0.3493819
22.179999999999996  -0.3458791
22.189999999999998  -0.3421194
22.199999999999996  -0.338188
22.209999999999997  -0.3341489
22.219999999999995  -0.3300528
22.229999999999997  -0.3259605
22.239999999999995  -0.3219313
22.249999999999996  -0.3180342
22.259999999999998  -0.31433
22.269999999999996  -0.3108011
22.279999999999998  -0.3073671
22.289999999999996  -0.3039581
22.299999999999997  -0.3004921
22.309999999999995  -0.2968758
22.319999999999997  -0.2930509
22.33  -0.288977
22.339999999999996  -0.2846282
22.349999999999998  -0.2800235
22.359999999999996  -0.2752317
22.369999999999997  -0.2703776
22.379999999999995  -0.2655981
22.389999999999997  -0.2609795
22.399999999999995  -0.2565172
22.409999999999997  -0.2520911
22.419999999999998  -0.2475415
22.429999999999996  -0.2427436
22.439999999999998  -0.2376212
22.449999999999996  -0.2322087
22.459999999999997  -0.2266065
22.469999999999995  -0.2208673
22.479999999999997  -0.2150385
22.489999999999995  -0.209202
22.499999999999996  -0.2034252
22.509999999999998  -0.1977438
22.519999999999996  -0.1921975
22.529999999999998  -0.1868788
22.539999999999996  -0.1818991
22.549999999999997  -0.177308
22.559999999999995  -0.1731016
22.569999999999997  -0.1692334
22.58  -0.1656026
22.589999999999996  -0.1621145
22.599999999999998  -0.158711
22.609999999999996  -0.1553467
22.619999999999997  -0.1520008
22.629999999999995  -0.1486738
22.639999999999997  -0.1453754
22.649999999999995  -0.1421468
22.659999999999997  -0.1390518
22.669999999999998  -0.1361447
22.679999999999996  -0.1334763
22.689999999999998  -0.131099
22.699999999999996  -0.1290249
22.709999999999997  -0.1271933
22.719999999999995  -0.1255215
22.729999999999997  -0.123951
22.739999999999995  -0.1224242
22.749999999999996  -0.1208779
22.759999999999998  -0.1192767
22.769999999999996  -0.1176176
22.779999999999998  -0.1159014
22.789999999999996  -0.1141325
22.799999999999997  -0.1123285
22.809999999999995  -0.1104921
22.819999999999997  -0.1085918
22.829999999999995  -0.1065833
22.839999999999996  -0.1044304
22.849999999999998  -0.1021085
22.859999999999996  -0.09961405
22.869999999999997  -0.09695657
22.879999999999995  -0.09415246
22.889999999999997  -0.09122806
22.899999999999995  -0.08821571
22.909999999999997  -0.08515779
22.919999999999998  -0.08210379
22.929999999999996  -0.07909994
22.939999999999998  -0.07619151
22.949999999999996  -0.07342559
22.959999999999997  -0.07084077
22.969999999999995  -0.0684519
22.979999999999997  -0.06625837
22.989999999999995  -0.06426169
22.999999999999996  -0.06245892
23.009999999999998  -0.06084006
23.019999999999996  -0.05939139
23.029999999999998  -0.05807487
23.039999999999996  -0.05682418
23.049999999999997  -0.05557544
23.059999999999995  -0.05428148
23.069999999999997  -0.05290681
23.079999999999995  -0.05143689
23.089999999999996  -0.0498845
23.099999999999998  -0.04827517
23.109999999999996  -0.04664302
23.119999999999997  -0.04502935
23.129999999999995  -0.04346599
23.139999999999997  -0.04197095
23.149999999999995  -0.04056033
23.159999999999997  -0.03925228
23.169999999999998  -0.03806269
23.179999999999996  -0.03700504
23.189999999999998  -0.03608717
23.199999999999996  -0.03530985
23.209999999999997  -0.03467345
23.219999999999995  -0.03417942
23.229999999999997  -0.03382766
23.239999999999995  -0.03361788
23.249999999999996  -0.03355024
23.259999999999998  -0.03362499
23.269999999999996  -0.03385004
23.279999999999998  -0.03425201
23.289999999999996  -0.03485638
23.299999999999997  -0.03563405
23.309999999999995  -0.036501
23.319999999999997  -0.03738558
23.329999999999995  -0.03825848
23.339999999999996  -0.03910635
23.349999999999998  -0.03991178
23.359999999999996  -0.04066356
23.369999999999997  -0.04136215
23.379999999999995  -0.04200679
23.389999999999997  -0.04259195
23.399999999999995  -0.04311129
23.409999999999997  -0.04355865
23.419999999999998  -0.04392881
23.429999999999996  -0.04422745
23.439999999999998  -0.04447876
23.449999999999996  -0.04470904
23.459999999999997  -0.04492909
23.469999999999995  -0.04513942
23.479999999999997  -0.04534256
23.489999999999995  -0.04554335
23.499999999999996  -0.04574241
23.509999999999998  -0.04591015
23.519999999999996  -0.04596414
23.529999999999998  -0.04581695
23.539999999999996  -0.04541818
23.549999999999997  -0.0447211
23.559999999999995  -0.04367899
23.569999999999997  -0.04228488
23.579999999999995  -0.0405573
23.589999999999996  -0.0385137
23.599999999999998  -0.03619551
23.609999999999996  -0.03366493
23.619999999999997  -0.0309679
23.629999999999995  -0.02814104
23.639999999999997  -0.02520282
23.649999999999995  -0.02210755
23.659999999999997  -0.01878148
23.669999999999998  -0.01518617
23.679999999999996  -0.01131377
23.689999999999998  -0.007213989
23.699999999999996  -0.002994515
23.709999999999997  0.001263562
23.719999999999995  0.005518233
23.729999999999997  0.009760176
23.739999999999995  0.01403965
23.749999999999996  0.01842915
23.759999999999998  0.02299505
23.769999999999996  0.02779326
23.779999999999998  0.03285407
23.789999999999996  0.0381968
23.799999999999997  0.04379808
23.809999999999995  0.04955761
23.819999999999997  0.05536831
23.829999999999995  0.06114683
23.839999999999996  0.06679825
23.849999999999998  0.07223135
23.859999999999996  0.07737261
23.869999999999997  0.08215138
23.879999999999995  0.08653273
23.889999999999997  0.09054806
23.899999999999995  0.09424783
23.909999999999997  0.09767902
23.919999999999995  0.1009048
23.929999999999996  0.1039845
23.939999999999998  0.1069572
23.949999999999996  0.1098487
23.959999999999997  0.1126677
23.969999999999995  0.1154029
23.979999999999997  0.1180084
23.989999999999995  0.1204122
23.999999999999996  0.1225656
24.009999999999998  0.1244425
24.019999999999996  0.1260369
24.029999999999998  0.1274259
24.039999999999996  0.1287405
24.049999999999997  0.1300821
24.059999999999995  0.1315419
24.069999999999997  0.1332181
24.079999999999995  0.1351727
24.089999999999996  0.1373874
24.099999999999998  0.1397852
24.109999999999996  0.1423163
24.119999999999997  0.1449691
24.129999999999995  0.1477243
24.139999999999997  0.150556
24.149999999999995  0.1534436
24.159999999999997  0.1563566
24.169999999999995  0.1592438
24.179999999999996  0.1620515
24.189999999999998  0.1647474
24.199999999999996  0.1673247
24.209999999999997  0.1697827
24.219999999999995  0.1721163
24.229999999999997  0.1743245
24.239999999999995  0.1764087
24.249999999999996  0.1783684
24.259999999999998  0.1802072
24.269999999999996  0.1819386
24.279999999999998  0.1835826
24.289999999999996  0.1851573
24.299999999999997  0.1866779
24.309999999999995  0.1881512
24.319999999999997  0.1895772
24.329999999999995  0.1909573
24.339999999999996  0.1922929
24.349999999999998  0.1935838
24.359999999999996  0.1948299
24.369999999999997  0.1960315
24.379999999999995  0.1971887
24.389999999999997  0.1983015
24.399999999999995  0.1993701
24.409999999999997  0.2003946
24.419999999999995  0.2013751
24.429999999999996  0.2023117
24.439999999999998  0.2032045
24.449999999999996  0.2040536
24.459999999999997  0.2048591
24.469999999999995  0.2056211
24.479999999999997  0.2063398
24.489999999999995  0.2070152
24.499999999999996  0.2076474
24.509999999999998  0.2082365
24.519999999999996  0.208781
24.529999999999998  0.2092722
24.539999999999996  0.2096934
24.549999999999997  0.2100193
24.559999999999995  0.2101986
24.569999999999997  0.2101567
24.579999999999995  0.2098232
24.589999999999996  0.2091591
24.599999999999998  0.2081927
24.609999999999996  0.2069924
24.619999999999997  0.2056121
24.629999999999995  0.204106
24.639999999999997  0.2025408
24.649999999999995  0.2009728
24.659999999999997  0.1994313
24.669999999999995  0.1979203
24.679999999999996  0.1964416
24.689999999999998  0.1950008
24.699999999999996  0.1935957
24.709999999999997  0.1922106
24.719999999999995  0.190821
24.729999999999997  0.1894111
24.739999999999995  0.1879746
24.749999999999996  0.1865002
24.759999999999994  0.1849782
24.769999999999996  0.1834071
24.779999999999998  0.1817869
24.789999999999996  0.1801167
24.799999999999997  0.1783962
24.809999999999995  0.1766257
24.819999999999997  0.1748053
24.829999999999995  0.1729349
24.839999999999996  0.1710147
24.849999999999998  0.1690448
24.859999999999996  0.1670253
24.869999999999997  0.1649561
24.879999999999995  0.1628375
24.889999999999997  0.1606694
24.899999999999995  0.158452
24.909999999999997  0.1561853
24.919999999999995  0.1538694
24.929999999999996  0.1515044
24.939999999999998  0.1490905
24.949999999999996  0.1466311
24.959999999999997  0.144135
24.969999999999995  0.1416128
24.979999999999997  0.1390707
24.989999999999995  0.1364953
24.999999999999996  0.1338485
25.009999999999994  0.1310918
25.019999999999996  0.128201
25.029999999999998  0.1251551
25.039999999999996  0.1219194
25.049999999999997  0.1184406
25.059999999999995  0.1146783
25.069999999999997  0.1106305
25.079999999999995  0.1063207
25.089999999999996  0.1017976
25.099999999999998  0.09711969
25.109999999999996  0.09232571
25.119999999999997  0.08744166
25.129999999999995  0.08249799
25.139999999999997  0.07752532
25.149999999999995  0.07255072
25.159999999999997  0.06759597
25.169999999999995  0.0626691
25.179999999999996  0.05776975
25.189999999999998  0.05290015
25.199999999999996  0.0480638
25.209999999999997  0.04326808
25.219999999999995  0.03852705
25.229999999999997  0.03385462
25.239999999999995  0.02926219
25.249999999999996  0.0247602
25.259999999999994  0.02035849
25.269999999999996  0.01606671
25.279999999999998  0.0118917
25.289999999999996  0.007835149
25.299999999999997  0.003897043
25.309999999999995  7.83121e-05
25.319999999999997  -0.003620715
25.329999999999995  -0.007202046
25.339999999999996  -0.0106829
25.349999999999998  -0.01410078
25.359999999999996  -0.01747302
25.369999999999997  -0.02077698
25.379999999999995  -0.02398859
25.389999999999997  -0.02709393
25.399999999999995  -0.03007719
25.409999999999997  -0.03292643
25.419999999999995  -0.03563217
25.429999999999996  -0.03818453
25.439999999999998  -0.04057912
25.449999999999996  -0.04281732
25.459999999999997  -0.04491103
25.469999999999995  -0.04688852
25.479999999999997  -0.04878176
25.489999999999995  -0.05061996
25.499999999999996  -0.05244018
25.509999999999994  -0.05428114
25.519999999999996  -0.0561555
25.529999999999998  -0.05805062
25.539999999999996  -0.05995619
25.549999999999997  -0.06186334
25.559999999999995  -0.06375552
25.569999999999997  -0.06561522
25.579999999999995  -0.06742405
25.589999999999996  -0.0691638
25.599999999999994  -0.07082579
25.609999999999996  -0.07240989
25.619999999999997  -0.07391501
25.629999999999995  -0.07533751
25.639999999999997  -0.07665384
25.649999999999995  -0.07780142
25.659999999999997  -0.07871948
25.669999999999995  -0.07938565
25.679999999999996  -0.07978839
25.689999999999998  -0.0799248
25.699999999999996  -0.07981874
25.709999999999997  -0.07949922
25.719999999999995  -0.07899794
25.729999999999997  -0.07836355
25.739999999999995  -0.07764766
25.749999999999996  -0.07689797
25.759999999999994  -0.0761654
25.769999999999996  -0.07549442
25.779999999999998  -0.07490413
25.789999999999996  -0.07439486
25.799999999999997  -0.07396931
25.809999999999995  -0.07362598
25.819999999999997  -0.07335033
25.829999999999995  -0.07312865
25.839999999999996  -0.07295712
25.849999999999994  -0.07283881
25.859999999999996  -0.07280083
25.869999999999997  -0.07290646
25.879999999999995  -0.07319582
25.889999999999997  -0.07363783
25.899999999999995  -0.07417872
25.909999999999997  -0.07477374
25.919999999999995  -0.07535538
25.929999999999996  -0.07584029
25.939999999999998  -0.07617591
25.949999999999996  -0.07634552
25.959999999999997  -0.0763339
25.969999999999995  -0.0761223
25.979999999999997  -0.07570534
25.989999999999995  -0.07508446
25.999999999999996  -0.07425819
26.009999999999994  -0.07322555
26.019999999999996  -0.07198712
26.029999999999998  -0.07054295
26.039999999999996  -0.06889417
26.049999999999997  -0.06704592
26.059999999999995  -0.06500622
26.069999999999997  -0.06278268
26.079999999999995  -0.06038279
26.089999999999996  -0.0578178
26.099999999999994  -0.05510751
26.109999999999996  -0.05227742
26.119999999999997  -0.04935328
26.129999999999995  -0.04637493
26.139999999999997  -0.04340233
26.149999999999995  -0.04048722
26.159999999999997  -0.03766202
26.169999999999995  -0.03493421
26.179999999999996  -0.0322674
26.189999999999998  -0.02960944
26.199999999999996  -0.02692465
26.209999999999997  -0.02418662
26.219999999999995  -0.02137117
26.229999999999997  -0.01845515
26.239999999999995  -0.01542697
26.249999999999996  -0.01229884
26.259999999999994  -0.009092661
26.269999999999996  -0.005827203
26.279999999999998  -0.002538137
26.289999999999996  0.000715184
26.299999999999997  0.003889335
26.309999999999995  0.006972292
26.319999999999997  0.009951649
26.329999999999995  0.01280802
26.339999999999996  0.01552761
26.349999999999994  0.01809833
26.359999999999996  0.02051297
26.369999999999997  0.02277467
26.379999999999995  0.02488624
26.389999999999997  0.02684576
26.399999999999995  0.02865423
26.409999999999997  0.03032439
26.419999999999995  0.03188343
26.429999999999996  0.03336195
26.439999999999998  0.03479013
26.449999999999996  0.03620312
26.459999999999997  0.03764011
26.469999999999995  0.0391444
26.479999999999997  0.04075981
26.489999999999995  0.04251973
26.499999999999996  0.04444757
26.509999999999994  0.04657197
26.519999999999996  0.04891898
26.529999999999998  0.05149299
26.539999999999996  0.05429182
26.549999999999997  0.0573194
26.559999999999995  0.06057667
26.569999999999997  0.06406227
26.579999999999995  0.06777642
26.589999999999996  0.07171912
26.599999999999994  0.07588999
26.609999999999996  0.08028973
26.619999999999997  0.08492121
26.629999999999995  0.08978822
26.639999999999997  0.09489225
26.649999999999995  0.1002329
26.659999999999997  0.1058104
26.669999999999995  0.1116249
26.679999999999996  0.1176761
26.689999999999994  0.1239639
26.699999999999996  0.1304856
26.709999999999997  0.1372167
26.719999999999995  0.1440985
26.729999999999997  0.1510568
26.739999999999995  0.1580119
26.749999999999996  0.1648975
26.759999999999994  0.1716849
26.769999999999996  0.1783692
26.779999999999998  0.1849711
26.789999999999996  0.1915431
26.799999999999997  0.1981384
26.809999999999995  0.2048062
26.819999999999997  0.2115939
26.829999999999995  0.2184977
26.839999999999996  0.2254529
26.849999999999994  0.2324027
26.859999999999996  0.2393105
26.869999999999997  0.2461318
26.879999999999995  0.2528391
26.889999999999997  0.2594338
26.899999999999995  0.2659249
26.909999999999997  0.2723283
26.919999999999995  0.2786712
26.929999999999996  0.2849874
26.939999999999994  0.2912984
26.949999999999996  0.2975861
26.959999999999997  0.3038116
26.969999999999995  0.309939
26.979999999999997  0.3159109
26.989999999999995  0.3216448
26.999999999999996  0.3270868
27.009999999999994  0.3322391
27.019999999999996  0.3371268
27.029999999999998  0.3417742
27.039999999999996  0.3462101
27.049999999999997  0.3504626
27.059999999999995  0.3545505
27.069999999999997  0.3584898
27.079999999999995  0.3622923
27.089999999999996  0.3659597
27.099999999999994  0.3694914
27.109999999999996  0.3728861
27.119999999999997  0.3761324
27.129999999999995  0.3792138
27.139999999999997  0.3821233
27.149999999999995  0.3848617
27.159999999999997  0.3874309
27.169999999999995  0.3898336
27.179999999999996  0.3920712
27.189999999999994  0.3941439
27.199999999999996  0.3960568
27.209999999999997  0.3978207
27.219999999999995  0.3994462
27.229999999999997  0.4009437
27.239999999999995  0.4023258
27.249999999999996  0.4036056
27.259999999999994  0.4047956
27.269999999999996  0.4059041
27.279999999999998  0.4069328
27.289999999999996  0.4078815
27.299999999999997  0.4087517
27.309999999999995  0.4095484
27.319999999999997  0.4102823
27.329999999999995  0.4109654
27.339999999999996  0.4116082
27.349999999999994  0.4122177
27.359999999999996  0.4127951
27.369999999999997  0.4133413
27.379999999999995  0.4138631
27.389999999999997  0.4143718
27.399999999999995  0.4148781
27.409999999999997  0.4153922
27.419999999999995  0.4159209
27.429999999999996  0.4164653
27.439999999999994  0.4170227
27.449999999999996  0.4175847
27.459999999999997  0.418137
27.469999999999995  0.418667
27.479999999999997  0.419164
27.489999999999995  0.4196166
27.499999999999996  0.4200114
27.509999999999994  0.4203246
27.519999999999996  0.4205172
27.529999999999994  0.4205407
27.539999999999996  0.4203394
27.549999999999997  0.4198633
27.559999999999995  0.4190791
27.569999999999997  0.4179815
27.579999999999995  0.4166181
27.589999999999996  0.415064
27.599999999999994  0.41337
27.609999999999996  0.411568
27.619999999999997  0.4096898
27.629999999999995  0.4077525
27.639999999999997  0.405755
27.649999999999995  0.4036881
27.659999999999997  0.4015269
27.669999999999995  0.3992419
27.679999999999996  0.3968249
27.689999999999994  0.3942777
27.699999999999996  0.3915967
27.709999999999997  0.3887793
27.719999999999995  0.3858267
27.729999999999997  0.3827385
27.739999999999995  0.3795145
27.749999999999996  0.3761565
27.759999999999994  0.3726673
27.769999999999996  0.3690494
27.779999999999994  0.3653043
27.789999999999996  0.361432
27.799999999999997  0.3574324
27.809999999999995  0.3533057
27.819999999999997  0.3490517
27.829999999999995  0.3446702
27.839999999999996  0.3401612
27.849999999999994  0.3355244
27.859999999999996  0.330757
27.869999999999997  0.3258481
27.879999999999995  0.3207815
27.889999999999997  0.3155448
27.899999999999995  0.3101328
27.909999999999997  0.304545
27.919999999999995  0.2987802
27.929999999999996  0.2928372
27.939999999999994  0.2867152
27.949999999999996  0.2804083
27.959999999999997  0.2739041
27.969999999999995  0.2671905
27.979999999999997  0.2602614
27.989999999999995  0.2531159
27.999999999999996  0.2457549
28.009999999999994  0.238184
28.019999999999996  0.2304138
28.029999999999994  0.2224551
28.039999999999996  0.214323
28.049999999999997  0.2060425
28.059999999999995  0.1976416
28.069999999999997  0.1891464
28.079999999999995  0.1805754
28.089999999999996  0.1719282
28.099999999999994  0.1631923
28.109999999999996  0.1543569
28.119999999999997  0.145404
28.129999999999995  0.1363055
28.139999999999997  0.127042
28.149999999999995  0.1176168
28.159999999999997  0.1080488
28.169999999999995  0.0983545
28.179999999999996  0.08855164
28.189999999999994  0.07866713
28.199999999999996  0.06873017
28.209999999999997  0.05875504
28.219999999999995  0.04873156
28.229999999999997  0.03864146
28.239999999999995  0.0284709
28.249999999999996  0.01820418
28.259999999999994  0.007825808
28.269999999999996  -0.002676192
28.279999999999994  -0.01331291
28.289999999999996  -0.0240904
28.299999999999997  -0.03500882
28.309999999999995  -0.04606402
28.319999999999997  -0.05723178
28.329999999999995  -0.06846402
28.339999999999996  -0.07971196
28.349999999999994  -0.09093059
28.359999999999996  -0.1020724
28.369999999999997  -0.1130924
28.379999999999995  -0.1239477
28.389999999999997  -0.1346039
28.399999999999995  -0.1450574
28.409999999999997  -0.1553245
28.419999999999995  -0.1654216
28.429999999999996  -0.1753854
28.439999999999994  -0.1852769
28.449999999999996  -0.1951512
28.459999999999997  -0.2050257
28.469999999999995  -0.2148658
28.479999999999997  -0.2246216
28.489999999999995  -0.2342581
28.499999999999996  -0.2437415
28.509999999999994  -0.2530353
28.519999999999996  -0.2621078
28.529999999999994  -0.2709484
28.539999999999996  -0.279578
28.549999999999997  -0.2880225
28.559999999999995  -0.2963049
28.569999999999997  -0.3044614
28.579999999999995  -0.312535
28.589999999999996  -0.3205587
28.599999999999994  -0.3285465
28.609999999999996  -0.3364764
28.619999999999994  -0.3442868
28.629999999999995  -0.3519051
28.639999999999997  -0.3592656
28.649999999999995  -0.3663077
28.659999999999997  -0.3729815
28.669999999999995  -0.3792406
28.679999999999996  -0.3850458
28.689999999999994  -0.3903884
28.699999999999996  -0.3952799
28.709999999999997  -0.399726
28.719999999999995  -0.4037323
28.729999999999997  -0.4073089
28.739999999999995  -0.4104605
28.749999999999996  -0.4131886
28.759999999999994  -0.415497
28.769999999999996  -0.4173946
28.779999999999994  -0.4189042
28.789999999999996  -0.4200573
28.799999999999997  -0.4208827
28.809999999999995  -0.4214065
28.819999999999997  -0.4216485
28.829999999999995  -0.4216212
28.839999999999996  -0.4213419
28.849999999999994  -0.4208367
28.859999999999996  -0.4201358
28.869999999999994  -0.4192723
28.879999999999995  -0.418289
28.889999999999997  -0.4172348
28.899999999999995  -0.416152
28.909999999999997  -0.4150757
28.919999999999995  -0.4140356
28.929999999999996  -0.413043
28.939999999999994  -0.4120804
28.949999999999996  -0.4111084
28.959999999999997  -0.4100816
28.969999999999995  -0.4089556
28.979999999999997  -0.4076843
28.989999999999995  -0.4062301
28.999999999999996  -0.4045724
29.009999999999994  -0.4026964
29.019999999999996  -0.4005903
29.029999999999994  -0.398247
29.039999999999996  -0.3956591
29.049999999999997  -0.3928205
29.059999999999995  -0.3897315
29.069999999999997  -0.3864121
29.079999999999995  -0.382908
29.089999999999996  -0.3792659
29.099999999999994  -0.3755159
29.109999999999996  -0.3716858
29.119999999999994  -0.3678046
29.129999999999995  -0.363893
29.139999999999997  -0.3599647
29.149999999999995  -0.356035
29.159999999999997  -0.3521198
29.169999999999995  -0.3482343
29.179999999999996  -0.3443958
29.189999999999994  -0.340628
29.199999999999996  -0.3369585
29.209999999999997  -0.3334104
29.219999999999995  -0.3299933
29.229999999999997  -0.3266941
29.239999999999995  -0.3234814
29.249999999999996  -0.3203215
29.259999999999994  -0.3171808
29.269999999999996  -0.3140196
29.279999999999994  -0.3107973
29.289999999999996  -0.3074831
29.299999999999997  -0.3040616
29.309999999999995  -0.3005216
29.319999999999997  -0.2968343
29.329999999999995  -0.2929461
29.339999999999996  -0.2887983
29.349999999999994  -0.2843496
29.359999999999996  -0.279574
29.369999999999994  -0.2744441
29.379999999999995  -0.2689335
29.389999999999997  -0.2630261
29.399999999999995  -0.2567445
29.409999999999997  -0.2501646
29.419999999999995  -0.2433725
29.429999999999996  -0.236439
29.439999999999994  -0.2294349
29.449999999999996  -0.2224288
29.459999999999994  -0.2154813
29.469999999999995  -0.2086351
29.479999999999997  -0.2019193
29.489999999999995  -0.1953449
29.499999999999996  -0.1888736
29.509999999999994  -0.182435
29.519999999999996  -0.1759697
29.529999999999994  -0.1694256
29.539999999999996  -0.1627585
29.549999999999997  -0.155951
29.559999999999995  -0.1490176
29.569999999999997  -0.1419829
29.579999999999995  -0.134868
29.589999999999996  -0.1277023
29.599999999999994  -0.120522
29.609999999999996  -0.1133617
29.619999999999994  -0.106261
29.629999999999995  -0.09927319
29.639999999999997  -0.09245837
29.649999999999995  -0.08587089
29.659999999999997  -0.07955651
29.669999999999995  -0.07352763
29.679999999999996  -0.06774751
29.689999999999994  -0.06217105
29.699999999999996  -0.05676816
29.709999999999994  -0.05151384
29.719999999999995  -0.04637996
29.729999999999997  -0.04131736
29.739999999999995  -0.03626187
29.749999999999996  -0.03115665
29.759999999999994  -0.02597815
29.769999999999996  -0.02077844
29.779999999999994  -0.01565725
29.789999999999996  -0.01070128
29.799999999999997  -0.005981252
29.809999999999995  -0.001546825
29.819999999999997  0.002588293
29.829999999999995  0.006453674
29.839999999999996  0.01011513
29.849999999999994  0.01366071
29.859999999999996  0.01718949
29.869999999999994  0.02078413
29.879999999999995  0.02450683
29.889999999999997  0.02839841
29.899999999999995  0.03246574
29.909999999999997  0.03670133
29.919999999999995  0.04108149
29.929999999999996  0.04555526
29.939999999999994  0.05007074
29.949999999999996  0.05458117
29.959999999999994  0.05903593
29.969999999999995  0.06339874
29.979999999999997  0.06766417
29.989999999999995  0.07186165
29.999999999999996  0.07605327
30.009999999999994  0.08030067
30.019999999999996  0.08464649
30.029999999999994  0.08913481
30.039999999999996  0.09379361
30.049999999999997  0.09860193
30.059999999999995  0.1035181
30.069999999999997  0.1085043
30.079999999999995  0.1135056
30.089999999999996  0.1184536
30.099999999999994  0.1232873
30.109999999999996  0.1279546
30.119999999999994  0.1324116
30.129999999999995  0.1366319
30.139999999999997  0.1406408
30.149999999999995  0.1445136
30.159999999999997  0.148313
30.169999999999995  0.1520792
30.179999999999996  0.1558474
30.189999999999994  0.1596278
30.199999999999996  0.1634094
30.209999999999994  0.1671862
30.219999999999995  0.1709533
30.229999999999997  0.1747028
30.239999999999995  0.1784318
30.249999999999996  0.18214
30.259999999999994  0.1858283
30.269999999999996  0.1895015
30.279999999999994  0.1931666
30.289999999999996  0.1968298
30.299999999999994  0.200495
30.309999999999995  0.2041487
30.319999999999997  0.2077499
30.329999999999995  0.2112546
30.339999999999996  0.214631
30.349999999999994  0.2178605
30.359999999999996  0.2209516
30.369999999999994  0.2239342
30.379999999999995  0.2268376
30.389999999999997  0.2296873
30.399999999999995  0.2325096
30.409999999999997  0.2353076
30.419999999999995  0.2380431
30.429999999999996  0.2406666
30.439999999999994  0.2431417
30.449999999999996  0.2454303
30.459999999999994  0.2474937
30.469999999999995  0.2493071
30.479999999999997  0.2508529
30.489999999999995  0.2521195
30.499999999999996  0.2531286
30.509999999999994  0.2539331
30.519999999999996  0.2545843
30.529999999999994  0.2551309
30.539999999999996  0.2556201
30.549999999999994  0.2560732
30.559999999999995  0.25649
30.569999999999997  0.2568741
30.579999999999995  0.2572299
30.589999999999996  0.2575563
30.599999999999994  0.2578526
30.609999999999996  0.2581179
30.619999999999994  0.2583497
30.629999999999995  0.2585464
30.639999999999997  0.2587079
30.649999999999995  0.2588345
30.659999999999997  0.2589263
30.669999999999995  0.2589832
30.679999999999996  0.2590048
30.689999999999994  0.2589898
30.699999999999996  0.258937
30.709999999999994  0.2588453
30.719999999999995  0.258714
30.729999999999997  0.2585436
30.739999999999995  0.2583343
30.749999999999996  0.2580864
30.759999999999994  0.2578002
30.769999999999996  0.2574746
30.779999999999994  0.2571074
30.789999999999996  0.2566974
30.799999999999994  0.256245
30.809999999999995  0.2557481
30.819999999999997  0.2551828
30.829999999999995  0.2544937
30.839999999999996  0.2536293
30.849999999999994  0.2525724
30.859999999999996  0.2513262
30.869999999999994  0.2498903
30.879999999999995  0.2482644
30.889999999999997  0.2464534
30.899999999999995  0.2444617
30.909999999999997  0.2422912
30.919999999999995  0.2399407
30.929999999999996  0.2374027
30.939999999999994  0.2346657
30.949999999999996  0.2317253
30.959999999999994  0.2286026
30.969999999999995  0.2253427
30.979999999999997  0.2219778
30.989999999999995  0.2185173
30.999999999999996  0.2149695
31.009999999999994  0.2113323
31.019999999999996  0.2075832
31.029999999999994  0.2036995
31.039999999999996  0.1996771
31.049999999999994  0.1955499
31.059999999999995  0.1913765
31.069999999999997  0.1871971
31.079999999999995  0.1830361
31.089999999999996  0.178916
31.099999999999994  0.1748451
31.109999999999996  0.1708225
31.119999999999994  0.1668501
31.129999999999995  0.1629279
31.139999999999997  0.159054
31.149999999999995  0.1552273
31.159999999999997  0.151447
31.169999999999995  0.1477115
31.179999999999996  0.1440196
31.189999999999994  0.1403706
31.199999999999996  0.1367642
31.209999999999994  0.1332006
31.219999999999995  0.1296799
31.229999999999997  0.1262013
31.239999999999995  0.1227643
31.249999999999996  0.119368
31.259999999999994  0.1160119
31.269999999999996  0.1126952
31.279999999999994  0.1094171
31.289999999999996  0.106177
31.299999999999994  0.1029743
31.309999999999995  0.09980892
31.319999999999997  0.09668138
31.329999999999995  0.09358938
31.339999999999996  0.09051907
31.349999999999994  0.08744485
31.359999999999996  0.08434238
31.369999999999994  0.08119477
31.379999999999995  0.07800552
31.389999999999993  0.07480519
31.399999999999995  0.07162597
31.409999999999997  0.06848931
31.419999999999995  0.06541397
31.429999999999996  0.06241719
31.439999999999994  0.05950966
31.449999999999996  0.05668705
31.459999999999994  0.05393553
31.469999999999995  0.05124419
31.479999999999997  0.04860146
31.489999999999995  0.04599261
31.499999999999996  0.04340773
31.509999999999994  0.04084493
31.519999999999996  0.03830493
31.529999999999994  0.03578771
31.539999999999996  0.03329822
31.549999999999994  0.03085423
31.559999999999995  0.02848014
31.569999999999997  0.02618999
31.579999999999995  0.02398719
31.589999999999996  0.0218755
31.599999999999994  0.01985498
31.609999999999996  0.01791696
31.619999999999994  0.01605188
31.629999999999995  0.01425175
31.639999999999993  0.01250982
31.649999999999995  0.01082672
31.659999999999997  0.009208197
31.669999999999995  0.007657951
31.679999999999996  0.006179503
31.689999999999994  0.004777924
31.699999999999996  0.003456766
31.709999999999994  0.002215934
31.719999999999995  0.001052402
31.729999999999997  -3.861675e-05
31.739999999999995  -0.001066577
31.749999999999996  -0.002043429
31.759999999999994  -0.00297602
31.769999999999996  -0.003867741
31.779999999999994  -0.004721864
31.789999999999996  -0.005539805
31.799999999999994  -0.006322143
31.809999999999995  -0.007069762
31.819999999999997  -0.007783116
31.829999999999995  -0.008462551
31.839999999999996  -0.009108639
31.849999999999994  -0.00972265
31.859999999999996  -0.0103071
31.869999999999994  -0.01086425
31.879999999999995  -0.01139462
31.889999999999993  -0.01189808
31.899999999999995  -0.01237434
31.909999999999997  -0.01282221
31.919999999999995  -0.01324034
31.929999999999996  -0.01362835
31.939999999999994  -0.01398664
31.949999999999996  -0.01431578
31.959999999999994  -0.01461624
31.969999999999995  -0.01488865
31.979999999999997  -0.01513365
31.989999999999995  -0.01535188
31.999999999999996  -0.01554407
32.01  -0.01571117
32.019999999999996  -0.01585424
32.029999999999994  -0.01597414
32.03999999999999  -0.01607144
32.05  -0.01614669
32.059999999999995  -0.0162005
32.06999999999999  -0.01623343
32.08  -0.01624599
32.089999999999996  -0.01623858
32.099999999999994  -0.01621161
32.10999999999999  -0.01616564
32.12  -0.01610159
32.129999999999995  -0.01602049
32.13999999999999  -0.01592314
32.15  -0.0158101
32.16  -0.01568195
32.169999999999995  -0.01553927
32.17999999999999  -0.01538267
32.19  -0.0152128
32.199999999999996  -0.01503032
32.209999999999994  -0.01483583
32.21999999999999  -0.01462988
32.23  -0.01441301
32.239999999999995  -0.01418574
32.24999999999999  -0.01394853
32.26  -0.0137019
32.269999999999996  -0.01344648
32.279999999999994  -0.01318295
32.28999999999999  -0.0129121
32.3  -0.01263461
32.309999999999995  -0.01235107
32.31999999999999  -0.01206202
32.33  -0.01176788
32.339999999999996  -0.01146908
32.349999999999994  -0.01116613
32.35999999999999  -0.01085949
32.37  -0.01054964
32.379999999999995  -0.0102371
32.38999999999999  -0.009922405
32.4  -0.009606091
32.41  -0.009288734
32.419999999999995  -0.008970922
32.42999999999999  -0.008653229
32.44  -0.008336212
32.449999999999996  -0.008020426
32.459999999999994  -0.007706415
32.46999999999999  -0.007394711
32.48  -0.007085838
32.489999999999995  -0.006780309
32.49999999999999  -0.006478625
32.51  -0.006181274
32.519999999999996  -0.005888738
32.529999999999994  -0.005601482
32.53999999999999  -0.005319966
32.55  -0.005044636
32.559999999999995  -0.004775928
32.56999999999999  -0.004514271
32.58  -0.004260082
32.589999999999996  -0.004013767
32.599999999999994  -0.003775724
32.60999999999999  -0.00354634
32.62  -0.003325993
32.629999999999995  -0.003115052
32.63999999999999  -0.002913878
32.64999999999999  -0.002722819
32.66  -0.002542218
32.669999999999995  -0.002372407
32.67999999999999  -0.00221371
32.69  -0.002066441
32.699999999999996  -0.001930907
32.709999999999994  -0.001807405
32.71999999999999  -0.001696223
32.73  -0.001597642
32.739999999999995  -0.001511933
32.74999999999999  -0.001439358
32.76  -0.001380174
32.769999999999996  -0.001334625
32.779999999999994  -0.001302951
32.78999999999999  -0.001285381
32.8  -0.001282138
