0.0  0.0
0.005  -1.683947e-05
0.01  -6.719306e-05
0.015  -0.0001503874
0.02  -0.0002650598
0.025  -0.0004092379
0.03  -0.0005806121
0.035  -0.0007770287
0.04  -0.0009972009
0.045  -0.00124159
0.05  -0.001513358
0.055  -0.001819263
0.06  -0.00217033
0.065  -0.002582151
0.07  -0.003074647
0.075  -0.003671125
0.08  -0.004396598
0.085  -0.005275615
0.09  -0.006330336
0.095  -0.007579556
0.1  -0.009038536
0.105  -0.0107189
0.11  -0.01262833
0.115  -0.01477006
0.12  -0.01714247
0.125  -0.0197387
0.13  -0.02254647
0.135  -0.02554829
0.14  -0.02872237
0.145  -0.03204394
0.15  -0.03548702
0.155  -0.03902609
0.16  -0.04263763
0.165  -0.04630124
0.17  -0.05000029
0.17500000000000002  -0.05372199
0.18  -0.05745667
0.185  -0.06119682
0.19  -0.06493594
0.195  -0.06866751
0.2  -0.07238386
0.20500000000000002  -0.07607515
0.21  -0.07972844
0.215  -0.083327
0.22  -0.08685006
0.225  -0.09027313
0.23  -0.09356879
0.23500000000000001  -0.09670803
0.24  -0.0996615
0.245  -0.1024008
0.25  -0.1048993
0.255  -0.1071338
0.26  -0.1090845
0.265  -0.1107364
0.27  -0.1120791
0.275  -0.1131081
0.28  -0.1138251
0.28500000000000003  -0.1142382
0.29  -0.1143622
0.295  -0.1142189
0.3  -0.1138366
0.305  -0.1132507
0.31  -0.1125023
0.315  -0.1116373
0.32  -0.1107041
0.325  -0.1097519
0.33  -0.1088283
0.335  -0.1079778
0.34  -0.1072388
0.34500000000000003  -0.1066427
0.35000000000000003  -0.106212
0.355  -0.1059599
0.36  -0.1058892
0.365  -0.105993
0.37  -0.1062547
0.375  -0.1066499
0.38  -0.1071483
0.385  -0.1077165
0.39  -0.1083196
0.395  -0.1089246
0.4  -0.1095019
0.405  -0.1100282
0.41000000000000003  -0.110487
0.41500000000000004  -0.1108692
0.42  -0.1111731
0.425  -0.1114024
0.43  -0.1115662
0.435  -0.1116772
0.44  -0.1117508
0.445  -0.1118037
0.45  -0.1118526
0.455  -0.1119127
0.46  -0.1119965
0.465  -0.1121132
0.47000000000000003  -0.1122674
0.47500000000000003  -0.1124589
0.48  -0.112683
0.485  -0.112931
0.49  -0.1131907
0.495  -0.113448
0.5  -0.1136872
0.505  -0.1138925
0.51  -0.1140488
0.515  -0.1141436
0.52  -0.1141682
0.525  -0.1141193
0.53  -0.1139995
0.535  -0.1138179
0.54  -0.1135892
0.545  -0.1133324
0.55  -0.1130696
0.555  -0.1128238
0.56  -0.1126186
0.5650000000000001  -0.1124771
0.5700000000000001  -0.112421
0.5750000000000001  -0.1124698
0.58  -0.1126404
0.585  -0.1129462
0.59  -0.1133964
0.595  -0.1139959
0.6  -0.1147453
0.605  -0.1156413
0.61  -0.1166777
0.615  -0.1178463
0.62  -0.1191373
0.625  -0.1205406
0.63  -0.1220456
0.635  -0.1236417
0.64  -0.1253192
0.645  -0.1270692
0.65  -0.1288843
0.655  -0.130759
0.66  -0.1326898
0.665  -0.1346758
0.67  -0.1367186
0.675  -0.1388221
0.68  -0.1409924
0.685  -0.1432369
0.6900000000000001  -0.1455634
0.6950000000000001  -0.1479791
0.7000000000000001  -0.1504887
0.705  -0.1530937
0.71  -0.1557905
0.715  -0.1585696
0.72  -0.161415
0.725  -0.1643047
0.73  -0.1672114
0.735  -0.170105
0.74  -0.1729538
0.745  -0.1757265
0.75  -0.1783931
0.755  -0.1809255
0.76  -0.1832985
0.765  -0.185489
0.77  -0.1874765
0.775  -0.1892431
0.78  -0.1907736
0.785  -0.1920565
0.79  -0.193084
0.795  -0.1938523
0.8  -0.1943619
0.805  -0.1946169
0.81  -0.1946242
0.8150000000000001  -0.1943926
0.8200000000000001  -0.1939317
0.8250000000000001  -0.193251
0.8300000000000001  -0.1923593
0.835  -0.1912648
0.84  -0.189975
0.845  -0.1884972
0.85  -0.1868394
0.855  -0.1850105
0.86  -0.1830213
0.865  -0.1808851
0.87  -0.178618
0.875  -0.1762391
0.88  -0.1737699
0.885  -0.1712335
0.89  -0.1686534
0.895  -0.1660528
0.9  -0.1634532
0.905  -0.160874
0.91  -0.1583321
0.915  -0.1558412
0.92  -0.1534126
0.925  -0.1510548
0.93  -0.1487742
0.935  -0.1465757
0.9400000000000001  -0.1444631
0.9450000000000001  -0.1424402
0.9500000000000001  -0.140511
0.9550000000000001  -0.1386807
0.96  -0.1369559
0.965  -0.1353453
0.97  -0.1338591
0.975  -0.1325097
0.98  -0.1313102
0.985  -0.1302745
0.99  -0.1294158
0.995  -0.1287462
1.0  -0.1282753
1.0050000000000001  -0.1280102
1.01  -0.1279542
1.0150000000000001  -0.1281073
1.02  -0.1284666
1.025  -0.1290265
1.03  -0.1297803
1.035  -0.1307205
1.04  -0.1318394
1.045  -0.1331296
1.05  -0.1345838
1.055  -0.1361945
1.06  -0.1379541
1.065  -0.1398533
1.07  -0.1418808
1.075  -0.1440222
1.08  -0.1462586
1.085  -0.1485659
1.09  -0.1509151
1.095  -0.1532719
1.1  -0.1555983
1.105  -0.1578539
1.11  -0.1599967
1.115  -0.1619848
1.12  -0.1637768
1.125  -0.165333
1.1300000000000001  -0.1666165
1.135  -0.1675941
1.1400000000000001  -0.1682376
1.145  -0.1685246
1.1500000000000001  -0.1684395
1.155  -0.1679741
1.16  -0.167127
1.165  -0.1659044
1.17  -0.1643196
1.175  -0.1623926
1.18  -0.1601488
1.185  -0.1576183
1.19  -0.1548337
1.195  -0.1518292
1.2  -0.1486394
1.205  -0.1452983
1.21  -0.1418379
1.215  -0.1382871
1.22  -0.1346705
1.225  -0.1310071
1.23  -0.1273096
1.235  -0.123584
1.24  -0.1198305
1.245  -0.1160433
1.25  -0.1122121
1.2550000000000001  -0.1083221
1.26  -0.1043553
1.2650000000000001  -0.1002905
1.27  -0.09610413
1.2750000000000001  -0.09177078
1.28  -0.08726341
1.285  -0.08255438
1.29  -0.07761627
1.295  -0.07242299
1.3  -0.06695095
1.305  -0.06118024
1.31  -0.05509581
1.315  -0.04868843
1.32  -0.04195527
1.325  -0.03490037
1.33  -0.02753484
1.335  -0.01987674
1.34  -0.01195027
1.345  -0.003784516
1.35  0.004588201
1.355  0.01313402
1.36  0.02181944
1.365  0.030613
1.37  0.0394865
1.375  0.04841549
1.3800000000000001  0.05737884
1.385  0.06635754
1.3900000000000001  0.07533264
1.395  0.08428294
1.4000000000000001  0.09318268
1.405  0.1019998
1.41  0.1106945
1.415  0.1192197
1.42  0.1275211
1.425  0.13554
1.43  0.1432148
1.435  0.1504837
1.44  0.1572877
1.445  0.1635728
1.45  0.1692926
1.455  0.1744089
1.46  0.1788921
1.465  0.1827205
1.47  0.1858801
1.475  0.1883644
1.48  0.1901744
1.485  0.1913175
1.49  0.1918069
1.495  0.191661
1.5  0.1909018
1.5050000000000001  0.1895547
1.51  0.1876467
1.5150000000000001  0.1852059
1.52  0.1822607
1.5250000000000001  0.1788394
1.53  0.1749703
1.5350000000000001  0.1706821
1.54  0.1660037
1.545  0.1609657
1.55  0.1556002
1.555  0.149942
1.56  0.1440292
1.565  0.1379034
1.57  0.1316094
1.575  0.1251949
1.58  0.1187098
1.585  0.1122047
1.59  0.1057308
1.595  0.09933856
1.6  0.09307747
1.605  0.08699497
1.61  0.08113597
1.615  0.07554223
1.62  0.0702518
1.625  0.06529826
1.6300000000000001  0.06071
1.635  0.05650966
1.6400000000000001  0.0527138
1.645  0.04933319
1.6500000000000001  0.04637306
1.655  0.04383345
1.6600000000000001  0.04170924
1.665  0.03999041
1.67  0.03866227
1.675  0.03770545
1.68  0.03709591
1.685  0.03680496
1.69  0.03679971
1.695  0.03704392
1.7  0.03749911
1.705  0.03812542
1.71  0.0388823
1.715  0.03972912
1.72  0.04062567
1.725  0.0415327
1.73  0.04241248
1.735  0.04322935
1.74  0.04395023
1.745  0.04454531
1.75  0.04498856
1.7550000000000001  0.04525823
1.76  0.04533707
1.7650000000000001  0.04521259
1.77  0.04487748
1.7750000000000001  0.0443303
1.78  0.04357602
1.7850000000000001  0.04262621
1.79  0.04149867
1.795  0.04021661
1.8  0.03880766
1.805  0.03730279
1.81  0.0357349
1.815  0.03413718
1.82  0.03254155
1.825  0.03097737
1.83  0.02947055
1.835  0.02804315
1.84  0.02671334
1.845  0.02549559
1.85  0.02440064
1.855  0.02343532
1.86  0.02260234
1.865  0.02190022
1.87  0.02132339
1.875  0.02086224
1.8800000000000001  0.02050294
1.885  0.02022734
1.8900000000000001  0.02001301
1.895  0.01983385
1.9000000000000001  0.01966131
1.905  0.01946609
1.9100000000000001  0.01921994
1.915  0.01889728
1.92  0.01847625
1.925  0.01793936
1.93  0.01727346
1.935  0.01646926
1.94  0.01552065
1.945  0.01442425
1.95  0.01317893
1.955  0.01178552
1.96  0.01024634
1.965  0.00856489
1.97  0.006745563
1.975  0.004793747
1.98  0.002716031
1.985  0.0005205108
1.99  -0.001782978
1.995  -0.004182801
2.0  -0.006665767
2.005  -0.009217702
2.0100000000000002  -0.01182432
2.015  -0.0144723
2.02  -0.01715045
2.025  -0.01985094
2.0300000000000002  -0.02257032
2.035  -0.02531021
2.04  -0.02807734
2.045  -0.03088288
2.05  -0.03374098
2.055  -0.03666698
2.06  -0.0396756
2.065  -0.04277904
2.07  -0.04598534
2.075  -0.04929689
2.08  -0.05270952
2.085  -0.05621229
2.09  -0.05978816
2.095  -0.06341536
2.1  -0.0670688
2.105  -0.07072134
2.11  -0.07434453
2.115  -0.07790928
2.12  -0.08138634
2.125  -0.08474675
2.13  -0.08796227
2.1350000000000002  -0.09100581
2.14  -0.09385202
2.145  -0.09647784
2.15  -0.09886312
2.1550000000000002  -0.1009911
2.16  -0.1028488
2.165  -0.1044268
2.17  -0.1057193
2.1750000000000003  -0.1067239
2.18  -0.1074413
2.185  -0.1078758
2.19  -0.1080353
2.195  -0.107931
2.2  -0.1075776
2.205  -0.1069936
2.21  -0.1062012
2.215  -0.1052264
2.22  -0.1040984
2.225  -0.1028487
2.23  -0.1015102
2.235  -0.1001157
2.24  -0.09869708
2.245  -0.09728412
2.25  -0.0959037
2.255  -0.09457896
2.2600000000000002  -0.09332898
2.265  -0.09216881
2.27  -0.09111002
2.275  -0.09016126
2.2800000000000002  -0.08932884
2.285  -0.08861704
2.29  -0.08802845
2.295  -0.08756445
2.3000000000000003  -0.08722561
2.305  -0.08701219
2.31  -0.08692443
2.315  -0.08696275
2.32  -0.08712783
2.325  -0.08742055
2.33  -0.08784195
2.335  -0.08839299
2.34  -0.08907428
2.345  -0.08988575
2.35  -0.0908263
2.355  -0.09189346
2.36  -0.09308318
2.365  -0.09438974
2.37  -0.09580576
2.375  -0.09732248
2.38  -0.09892998
2.3850000000000002  -0.1006173
2.39  -0.1023719
2.395  -0.1041795
2.4  -0.1060225
2.4050000000000002  -0.1078795
2.41  -0.1097241
2.415  -0.1115247
2.42  -0.1132443
2.4250000000000003  -0.1148421
2.43  -0.1162745
2.435  -0.1174975
2.44  -0.1184683
2.445  -0.1191475
2.45  -0.1195003
2.455  -0.119498
2.46  -0.1191187
2.465  -0.118347
2.47  -0.1171734
2.475  -0.1155934
2.48  -0.1136069
2.485  -0.1112174
2.49  -0.1084316
2.495  -0.1052583
2.5  -0.1017074
2.505  -0.0977897
2.5100000000000002  -0.09351626
2.515  -0.08889871
2.52  -0.0839498
2.525  -0.0786843
2.5300000000000002  -0.07312007
2.535  -0.06727929
2.54  -0.06118953
2.545  -0.05488477
2.5500000000000003  -0.048406
2.555  -0.04180146
2.56  -0.03512607
2.565  -0.02844042
2.57  -0.02180987
2.575  -0.01530373
2.58  -0.008994631
2.585  -0.002957555
2.59  0.00273161
2.595  0.007998125
2.6  0.01277117
2.605  0.01698723
2.61  0.02059366
2.615  0.02355206
2.62  0.02584059
2.625  0.02745471
2.63  0.02840627
2.6350000000000002  0.02872136
2.64  0.02843846
2.645  0.02760652
2.65  0.02628264
2.6550000000000002  0.02452946
2.66  0.0224125
2.665  0.01999802
2.67  0.01735091
2.6750000000000003  0.01453288
2.68  0.01160061
2.685  0.008604219
2.69  0.005586136
2.695  0.00258069
2.7  -0.0003853296
2.705  -0.003291109
2.71  -0.006119739
2.715  -0.008856364
2.72  -0.01148672
2.725  -0.01399592
2.73  -0.01636741
2.735  -0.0185823
2.74  -0.02061895
2.745  -0.02245305
2.75  -0.02405819
2.755  -0.02540693
2.7600000000000002  -0.02647217
2.765  -0.02722888
2.77  -0.02765611
2.775  -0.02773913
2.7800000000000002  -0.02747141
2.785  -0.02685626
2.79  -0.02590753
2.795  -0.02464934
2.8000000000000003  -0.02311482
2.805  -0.02134476
2.81  -0.01938638
2.815  -0.01729235
2.82  -0.01511945
2.825  -0.01292672
2.83  -0.01077293
2.835  -0.00871339
2.84  -0.006796535
2.845  -0.00506115
2.85  -0.003535176
2.855  -0.002236527
2.86  -0.001175534
2.865  -0.0003580589
2.87  0.0002115256
2.875  0.0005276948
2.88  0.0005814444
2.8850000000000002  0.0003584803
2.89  -0.0001617949
2.895  -0.001006212
2.9  -0.0022065
2.9050000000000002  -0.003796774
2.91  -0.00581021
2.915  -0.008275228
2.92  -0.0112114
2.9250000000000003  -0.01462541
2.93  -0.01850749
2.935  -0.02282888
2.94  -0.02754012
2.945  -0.03257026
2.95  -0.03782727
2.955  -0.04320067
2.96  -0.04856671
2.965  -0.05379558
2.97  -0.05875865
2.975  -0.06333483
2.98  -0.0674155
2.985  -0.07090808
2.99  -0.07373809
2.995  -0.07585007
3.0  -0.07720849
3.005  -0.07779895
3.0100000000000002  -0.07762883
3.015  -0.07672681
3.02  -0.07514061
3.025  -0.072934
3.0300000000000002  -0.0701842
3.035  -0.06698013
3.04  -0.06342046
3.045  -0.05961087
3.0500000000000003  -0.05565997
3.055  -0.05167386
3.06  -0.04775032
3.065  -0.04397375
3.0700000000000003  -0.04041175
3.075  -0.03711378
3.08  -0.03411194
3.085  -0.03142325
3.09  -0.02905192
3.095  -0.02699138
3.1  -0.02522605
3.105  -0.0237328
3.11  -0.022482
3.115  -0.02143812
3.12  -0.02056066
3.125  -0.01980545
3.13  -0.01912646
3.1350000000000002  -0.01847787
3.14  -0.01781637
3.145  -0.01710373
3.15  -0.01630971
3.1550000000000002  -0.01541456
3.16  -0.01441116
3.165  -0.01330579
3.17  -0.01211745
3.1750000000000003  -0.01087569
3.18  -0.009617777
3.185  -0.008386443
3.19  -0.007228053
3.1950000000000003  -0.006190978
3.2  -0.005323908
3.205  -0.004674001
3.21  -0.00428485
3.215  -0.004194274
3.22  -0.004432109
3.225  -0.005018242
3.23  -0.00596128
3.235  -0.007258268
3.24  -0.008895769
3.245  -0.01085219
3.25  -0.01310047
3.255  -0.01561011
3.2600000000000002  -0.01834847
3.265  -0.02128154
3.27  -0.02437435
3.275  -0.02759105
3.2800000000000002  -0.03089492
3.285  -0.03424824
3.29  -0.03761229
3.295  -0.0409474
3.3000000000000003  -0.04421306
3.305  -0.04736815
3.31  -0.05037143
3.315  -0.0531822
3.3200000000000003  -0.0557613
3.325  -0.0580722
3.33  -0.06008228
3.335  -0.06176395
3.34  -0.06309559
3.345  -0.06406213
3.35  -0.06465526
3.355  -0.06487366
3.36  -0.06472332
3.365  -0.06421784
3.37  -0.06337842
3.375  -0.06223353
3.38  -0.0608179
3.3850000000000002  -0.05917096
3.39  -0.05733463
3.395  -0.05535116
3.4  -0.05326096
3.4050000000000002  -0.05110073
3.41  -0.04890171
3.415  -0.04668843
3.42  -0.04447812
3.4250000000000003  -0.04228082
3.43  -0.04010025
3.435  -0.0379348
3.44  -0.03577856
3.4450000000000003  -0.03362245
3.45  -0.03145575
3.455  -0.02926761
3.46  -0.02704876
3.465  -0.02479311
3.47  -0.02249919
3.475  -0.02017142
3.48  -0.0178209
3.485  -0.01546554
3.49  -0.01312945
3.495  -0.0108416
3.5  -0.008633668
3.505  -0.006537792
3.5100000000000002  -0.004584229
3.515  -0.002799164
3.52  -0.001202669
3.525  0.0001929728
3.5300000000000002  0.001384358
3.535  0.002377283
3.54  0.003186494
3.545  0.003835381
3.5500000000000003  0.004355988
3.555  0.004789043
3.56  0.005183529
3.565  0.005595434
3.5700000000000003  0.006085652
3.575  0.006717357
3.58  0.007553149
3.585  0.008652009
3.59  0.01006606
3.595  0.01183739
3.6  0.01399538
3.605  0.01655496
3.61  0.0195163
3.615  0.02286611
3.62  0.02658005
3.625  0.03062627
3.63  0.03496944
3.6350000000000002  0.03957476
3.64  0.04441109
3.645  0.04945313
3.65  0.05468246
3.6550000000000002  0.06008717
3.66  0.06566014
3.665  0.07139626
3.67  0.07728938
3.6750000000000003  0.08332923
3.68  0.08949882
3.685  0.09577232
3.69  0.1021141
3.6950000000000003  0.1084788
3.7  0.1148136
3.705  0.1210607
3.71  0.1271602
3.715  0.1330531
3.72  0.1386824
3.725  0.1439949
3.73  0.1489419
3.735  0.1534787
3.74  0.1575655
3.745  0.1611676
3.75  0.1642567
3.755  0.1668123
3.7600000000000002  0.1688233
3.765  0.1702893
3.77  0.1712205
3.775  0.1716367
3.7800000000000002  0.1715659
3.785  0.1710423
3.79  0.1701042
3.795  0.1687932
3.8000000000000003  0.1671519
3.805  0.1652223
3.81  0.1630435
3.815  0.1606501
3.8200000000000003  0.1580705
3.825  0.1553261
3.83  0.1524314
3.835  0.1493954
3.84  0.1462234
3.845  0.1429198
3.85  0.1394907
3.855  0.1359464
3.86  0.1323036
3.865  0.1285876
3.87  0.124833
3.875  0.1210835
3.88  0.11739
3.8850000000000002  0.1138081
3.89  0.110394
3.895  0.1072019
3.9  0.1042806
3.9050000000000002  0.1016704
3.91  0.09940139
3.915  0.09749157
3.92  0.09594643
3.9250000000000003  0.09475881
3.93  0.09390941
3.935  0.09336791
3.94  0.09309428
3.9450000000000003  0.09304047
3.95  0.0931529
3.955  0.09337555
3.96  0.09365348
3.9650000000000003  0.09393586
3.97  0.09417847
3.975  0.09434552
3.98  0.09441071
3.985  0.0943577
3.99  0.09418012
3.995  0.09388112
4.0  0.09347216
4.005  0.09297163
4.01  0.09240352
4.015  0.09179618
4.0200000000000005  0.09118076
4.025  0.09058954
4.03  0.09005419
4.035  0.08960424
4.04  0.08926576
4.045  0.08906027
4.05  0.089004
4.055  0.08910756
4.0600000000000005  0.08937619
4.065  0.0898101
4.07  0.09040458
4.075  0.09114982
4.08  0.09203097
4.085  0.09302842
4.09  0.09411865
4.095  0.09527551
4.1  0.09647144
4.105  0.097679
4.11  0.09887251
4.115  0.10003
4.12  0.1011352
4.125  0.1021794
4.13  0.1031634
4.135  0.1040973
4.14  0.1050011
4.1450000000000005  0.1059028
4.15  0.106837
4.155  0.1078436
4.16  0.1089658
4.165  0.1102488
4.17  0.1117372
4.175  0.1134723
4.18  0.1154889
4.1850000000000005  0.1178119
4.19  0.1204544
4.195  0.1234152
4.2  0.1266797
4.205  0.1302208
4.21  0.1340026
4.215  0.137983
4.22  0.1421172
4.225  0.1463595
4.23  0.1506659
4.235  0.1549958
4.24  0.159314
4.245  0.1635919
4.25  0.1678089
4.255  0.171952
4.26  0.1760154
4.265  0.1799985
4.2700000000000005  0.1839043
4.275  0.1877375
4.28  0.1915033
4.285  0.1952058
4.29  0.1988477
4.295  0.2024289
4.3  0.205946
4.305  0.2093922
4.3100000000000005  0.212757
4.315  0.2160267
4.32  0.219185
4.325  0.2222137
4.33  0.2250929
4.335  0.2278016
4.34  0.2303177
4.345  0.2326189
4.3500000000000005  0.2346834
4.355  0.2364913
4.36  0.2380261
4.365  0.2392761
4.37  0.2402366
4.375  0.2409112
4.38  0.2413124
4.385  0.241462
4.39  0.2413897
4.3950000000000005  0.2411329
4.4  0.2407341
4.405  0.2402391
4.41  0.239694
4.415  0.2391416
4.42  0.2386194
4.425  0.2381557
4.43  0.2377685
4.4350000000000005  0.2374637
4.44  0.2372357
4.445  0.2370687
4.45  0.2369398
4.455  0.2368209
4.46  0.2366808
4.465  0.236486
4.47  0.2362023
4.4750000000000005  0.2357957
4.48  0.235233
4.485  0.2344839
4.49  0.2335216
4.495  0.2323244
4.5  0.2308773
4.505  0.2291728
4.51  0.2272115
4.515  0.2250017
4.5200000000000005  0.2225584
4.525  0.2199017
4.53  0.2170559
4.535  0.214049
4.54  0.2109114
4.545  0.2076761
4.55  0.2043775
4.555  0.2010514
4.5600000000000005  0.1977344
4.565  0.1944634
4.57  0.1912742
4.575  0.1882012
4.58  0.1852749
4.585  0.1825208
4.59  0.1799579
4.595  0.1775971
4.6000000000000005  0.1754409
4.605  0.1734838
4.61  0.1717136
4.615  0.1701137
4.62  0.1686639
4.625  0.1673417
4.63  0.1661225
4.635  0.1649796
4.64  0.1638843
4.6450000000000005  0.1628058
4.65  0.1617113
4.655  0.1605654
4.66  0.1593305
4.665  0.1579667
4.67  0.1564334
4.675  0.15469
4.68  0.152699
4.6850000000000005  0.150428
4.69  0.1478539
4.695  0.1449649
4.7  0.1417639
4.705  0.1382687
4.71  0.1345112
4.715  0.1305346
4.72  0.1263876
4.7250000000000005  0.1221206
4.73  0.11778
4.735  0.1134055
4.74  0.1090268
4.745  0.1046621
4.75  0.1003183
4.755  0.09599312
4.76  0.09167765
4.765  0.08735935
4.7700000000000005  0.0830244
4.775  0.07866009
4.78  0.0742568
4.785  0.06980988
4.79  0.06532099
4.795  0.06079889
4.8  0.05625944
4.805  0.05172482
4.8100000000000005  0.0472222
4.815  0.04278237
4.82  0.0384387
4.825  0.03422622
4.83  0.03018068
4.835  0.02633737
4.84  0.02272979
4.845  0.01938787
4.8500000000000005  0.01633611
4.855  0.01359154
4.86  0.01116202
4.865  0.009045054
4.87  0.007227751
4.875  0.005687932
4.88  0.004396199
4.885  0.003318098
4.89  0.002415933
4.8950000000000005  0.001650348
4.9  0.0009819064
4.905  0.0003727303
4.91  -0.0002117972
4.915  -0.0008013289
4.92  -0.001419003
4.925  -0.002080269
4.93  -0.002792368
4.9350000000000005  -0.003554731
4.94  -0.004360369
4.945  -0.005197717
4.95  -0.006052269
4.955  -0.006907852
4.96  -0.007747771
4.965  -0.008555937
4.97  -0.009317998
4.9750000000000005  -0.01002247
4.98  -0.0106618
4.985  -0.01123329
4.99  -0.01173966
4.995  -0.01218911
5.0  -0.01259479
5.005  -0.01297365
5.01  -0.0133452
5.015  -0.01373065
5.0200000000000005  -0.01415242
5.025  -0.01463393
5.03  -0.01519949
5.035  -0.0158743
5.04  -0.0166843
5.045  -0.01765585
5.05  -0.01881512
5.055  -0.02018715
5.0600000000000005  -0.0217945
5.065  -0.0236557
5.07  -0.02578359
5.075  -0.0281838
5.08  -0.03085374
5.085  -0.03378246
5.09  -0.03695148
5.095  -0.04033646
5.1000000000000005  -0.04390904
5.105  -0.04763817
5.11  -0.051491
5.115  -0.05543349
5.12  -0.05943084
5.125  -0.06344778
5.13  -0.06744896
5.135  -0.07139938
5.14  -0.07526501
5.1450000000000005  -0.07901357
5.15  -0.0826155
5.155  -0.086045
5.16  -0.08928088
5.165  -0.09230719
5.17  -0.09511319
5.175  -0.09769278
5.18  -0.1000432
5.1850000000000005  -0.1021639
5.19  -0.1040553
5.195  -0.1057182
5.2  -0.1071537
5.205  -0.1083629
5.21  -0.1093475
5.215  -0.1101104
5.22  -0.1106568
5.2250000000000005  -0.1109955
5.23  -0.1111401
5.235  -0.1111108
5.24  -0.1109358
5.245  -0.1106527
5.25  -0.1103084
5.255  -0.1099577
5.26  -0.1096604
5.265  -0.1094768
5.2700000000000005  -0.1094617
5.275  -0.1096596
5.28  -0.1101
5.285  -0.1107948
5.29  -0.1117374
5.295  -0.1129047
5.3  -0.1142608
5.305  -0.115761
5.3100000000000005  -0.1173558
5.315  -0.118994
5.32  -0.1206263
5.325  -0.1222077
5.33  -0.123701
5.335  -0.1250785
5.34  -0.126324
5.345  -0.1274328
5.3500000000000005  -0.1284109
5.355  -0.1292724
5.36  -0.1300366
5.365  -0.1307256
5.37  -0.1313619
5.375  -0.1319679
5.38  -0.1325641
5.385  -0.1331692
5.39  -0.1337989
5.3950000000000005  -0.1344656
5.4  -0.1351778
5.405  -0.1359383
5.41  -0.1367441
5.415  -0.1375853
5.42  -0.1384451
5.425  -0.1393013
5.43  -0.1401275
5.4350000000000005  -0.1408955
5.44  -0.1415776
5.445  -0.1421482
5.45  -0.142585
5.455  -0.1428705
5.46  -0.1429918
5.465  -0.142941
5.47  -0.1427143
5.4750000000000005  -0.1423116
5.48  -0.1417358
5.485  -0.1409933
5.49  -0.1400947
5.495  -0.1390552
5.5  -0.1378951
5.505  -0.1366402
5.51  -0.1353215
5.515  -0.133975
5.5200000000000005  -0.1326418
5.525  -0.1313673
5.53  -0.130201
5.535  -0.1291954
5.54  -0.1284036
5.545  -0.1278773
5.55  -0.1276639
5.555  -0.127804
5.5600000000000005  -0.128329
5.565  -0.129259
5.57  -0.130602
5.575  -0.1323541
5.58  -0.1345002
5.585  -0.1370155
5.59  -0.1398663
5.595  -0.143012
5.6000000000000005  -0.1464071
5.605  -0.150003
5.61  -0.1537491
5.615  -0.1575938
5.62  -0.1614849
5.625  -0.1653703
5.63  -0.1691982
5.635  -0.1729184
5.64  -0.1764832
5.6450000000000005  -0.1798483
5.65  -0.1829747
5.655  -0.1858295
5.66  -0.1883876
5.665  -0.1906315
5.67  -0.1925525
5.675  -0.1941504
5.68  -0.1954345
5.6850000000000005  -0.1964239
5.69  -0.1971469
5.695  -0.1976397
5.7  -0.1979434
5.705  -0.1981009
5.71  -0.1981542
5.715  -0.1981425
5.72  -0.1981011
5.7250000000000005  -0.1980613
5.73  -0.1980507
5.735  -0.1980943
5.74  -0.1982151
5.745  -0.1984342
5.75  -0.1987714
5.755  -0.1992445
5.76  -0.1998689
5.765  -0.2006576
5.7700000000000005  -0.2016207
5.775  -0.2027653
5.78  -0.2040961
5.785  -0.2056158
5.79  -0.207326
5.795  -0.2092272
5.8  -0.2113196
5.805  -0.2136024
5.8100000000000005  -0.2160743
5.815  -0.2187327
5.82  -0.2215736
5.825  -0.2245909
5.83  -0.2277759
5.835  -0.2311172
5.84  -0.2346001
5.845  -0.2382063
5.8500000000000005  -0.2419135
5.855  -0.2456947
5.86  -0.249517
5.865  -0.2533414
5.87  -0.2571223
5.875  -0.2608085
5.88  -0.2643444
5.885  -0.2676725
5.89  -0.2707349
5.8950000000000005  -0.2734755
5.9  -0.2758423
5.905  -0.2777887
5.91  -0.2792757
5.915  -0.2802734
5.92  -0.2807616
5.925  -0.2807318
5.93  -0.2801875
5.9350000000000005  -0.2791455
5.94  -0.2776345
5.945  -0.275693
5.95  -0.2733671
5.955  -0.2707082
5.96  -0.2677712
5.965  -0.2646145
5.97  -0.2612989
5.9750000000000005  -0.2578877
5.98  -0.2544453
5.985  -0.2510366
5.99  -0.2477244
5.995  -0.2445675
6.0  -0.2416175
6.005  -0.2389151
6.01  -0.2364877
6.015000000000001  -0.2343467
6.0200000000000005  -0.2324875
6.025  -0.2308906
6.03  -0.2295255
6.035  -0.2283548
6.04  -0.2273384
6.045  -0.2264363
6.05  -0.2256112
6.055  -0.2248301
6.0600000000000005  -0.2240653
6.065  -0.2232941
6.07  -0.2224983
6.075  -0.2216628
6.08  -0.2207744
6.085  -0.2198209
6.09  -0.2187907
6.095  -0.2176721
6.1000000000000005  -0.2164536
6.105  -0.2151231
6.11  -0.2136682
6.115  -0.2120764
6.12  -0.2103345
6.125  -0.2084292
6.13  -0.2063469
6.135  -0.2040737
6.140000000000001  -0.2015963
6.1450000000000005  -0.1989022
6.15  -0.1959815
6.155  -0.1928277
6.16  -0.1894402
6.165  -0.1858266
6.17  -0.1820061
6.175  -0.1780122
6.18  -0.1738957
6.1850000000000005  -0.1697247
6.19  -0.1655841
6.195  -0.1615714
6.2  -0.1577923
6.205  -0.154355
6.21  -0.1513643
6.215  -0.1489146
6.22  -0.1470831
6.2250000000000005  -0.1459229
6.23  -0.1454581
6.235  -0.1456807
6.24  -0.1465519
6.245  -0.1480072
6.25  -0.1499637
6.255  -0.1523267
6.26  -0.154996
6.265000000000001  -0.1578693
6.2700000000000005  -0.1608465
6.275  -0.163832
6.28  -0.1667371
6.285  -0.1694818
6.29  -0.1719956
6.295  -0.1742179
6.3  -0.1760977
6.305  -0.1775935
6.3100000000000005  -0.1786743
6.315  -0.1793207
6.32  -0.1795257
6.325  -0.1792947
6.33  -0.1786447
6.335  -0.1776016
6.34  -0.1761974
6.345  -0.1744683
6.3500000000000005  -0.1724532
6.355  -0.1701929
6.36  -0.1677297
6.365  -0.1651064
6.37  -0.1623663
6.375  -0.1595528
6.38  -0.1567081
6.385  -0.1538727
6.390000000000001  -0.1510843
6.3950000000000005  -0.1483766
6.4  -0.1457777
6.405  -0.1433103
6.41  -0.1409903
6.415  -0.1388285
6.42  -0.1368311
6.425  -0.1350017
6.43  -0.1333424
6.4350000000000005  -0.1318549
6.44  -0.1305409
6.445  -0.1294026
6.45  -0.1284426
6.455  -0.1276635
6.46  -0.1270673
6.465  -0.1266542
6.47  -0.1264219
6.4750000000000005  -0.1263641
6.48  -0.1264695
6.485  -0.1267212
6.49  -0.1270968
6.495  -0.1275685
6.5  -0.1281042
6.505  -0.1286681
6.51  -0.1292213
6.515000000000001  -0.1297221
6.5200000000000005  -0.1301264
6.525  -0.1303879
6.53  -0.1304584
6.535  -0.1302884
6.54  -0.129828
6.545  -0.1290286
6.55  -0.1278451
6.555  -0.1262386
6.5600000000000005  -0.1241794
6.565  -0.1216495
6.57  -0.1186452
6.575  -0.1151776
6.58  -0.1112716
6.585  -0.1069632
6.59  -0.1022961
6.595  -0.0973181
6.6000000000000005  -0.09207894
6.605  -0.08662747
6.61  -0.0810096
6.615  -0.0752663
6.62  -0.06943207
6.625  -0.06353413
6.63  -0.05759236
6.635  -0.05162021
6.640000000000001  -0.04562647
6.6450000000000005  -0.03961724
6.65  -0.03359782
6.655  -0.02757429
6.66  -0.02155498
6.665  -0.01555177
6.67  -0.009580932
6.675  -0.003663625
6.68  0.002174264
6.6850000000000005  0.007902848
6.69  0.01348936
6.695  0.01889937
6.7  0.02409821
6.705  0.02905253
6.71  0.03373219
6.715  0.03811221
6.72  0.04217472
6.7250000000000005  0.04591055
6.73  0.04932018
6.735  0.05241362
6.74  0.05520923
6.745  0.0577316
6.75  0.06000943
6.755  0.06207386
6.76  0.06395714
6.765000000000001  0.06569148
6.7700000000000005  0.06730806
6.775  0.06883605
6.78  0.07030188
6.785  0.07172847
6.79  0.07313484
6.795  0.07453588
6.8  0.07594266
6.805  0.07736299
6.8100000000000005  0.078802
6.815  0.08026256
6.82  0.08174538
6.825  0.08324914
6.83  0.08477078
6.835  0.08630604
6.84  0.08785048
6.845  0.08940092
6.8500000000000005  0.09095728
6.855  0.09252461
6.86  0.09411485
6.865  0.09574801
6.87  0.0974523
6.875  0.09926304
6.88  0.1012204
6.885  0.1033668
6.890000000000001  0.1057437
6.8950000000000005  0.1083891
6.9  0.1113352
6.905  0.1146056
6.91  0.1182143
6.915  0.1221652
6.92  0.1264523
6.925  0.1310611
6.93  0.1359699
6.9350000000000005  0.14115
6.94  0.1465668
6.945  0.1521801
6.95  0.1579462
6.955  0.163818
6.96  0.1697472
6.965  0.1756843
6.97  0.1815801
6.9750000000000005  0.1873868
6.98  0.1930596
6.985  0.1985578
6.99  0.2038469
6.995  0.2088995
7.0  0.2136963
7.005  0.2182255
7.01  0.2224818
7.015000000000001  0.2264647
7.0200000000000005  0.2301768
7.025  0.2336225
7.03  0.2368069
7.035  0.2397356
7.04  0.2424135
7.045  0.244845
7.05  0.2470339
7.055  0.248984
7.0600000000000005  0.2506995
7.065  0.2521865
7.07  0.2534537
7.075  0.2545139
7.08  0.2553852
7.085  0.256091
7.09  0.2566607
7.095  0.2571286
7.1000000000000005  0.2575321
7.105  0.2579109
7.11  0.2583046
7.115  0.2587518
7.12  0.2592885
7.125  0.2599466
7.13  0.2607529
7.135  0.2617283
7.140000000000001  0.2628867
7.1450000000000005  0.2642346
7.15  0.2657709
7.155  0.2674878
7.16  0.2693722
7.165  0.2714073
7.17  0.2735746
7.175  0.2758544
7.18  0.2782268
7.1850000000000005  0.2806718
7.19  0.2831694
7.195  0.2857
7.2  0.288244
7.205  0.2907819
7.21  0.2932943
7.215  0.2957616
7.22  0.2981646
7.2250000000000005  0.300485
7.23  0.3027052
7.235  0.3048098
7.24  0.3067857
7.245  0.3086226
7.25  0.3103145
7.255  0.3118597
7.26  0.3132623
7.265000000000001  0.3145325
7.2700000000000005  0.3156869
7.275  0.3167472
7.28  0.3177389
7.285  0.3186877
7.29  0.3196166
7.295  0.3205428
7.3  0.3214752
7.305  0.3224134
7.3100000000000005  0.3233479
7.315  0.324261
7.32  0.3251293
7.325  0.3259252
7.33  0.326618
7.335  0.3271752
7.34  0.3275625
7.345  0.3277457
7.3500000000000005  0.3276907
7.355  0.3273651
7.36  0.3267396
7.365  0.3257894
7.37  0.3244964
7.375  0.32285
7.38  0.3208489
7.385  0.3185009
7.390000000000001  0.3158217
7.3950000000000005  0.3128335
7.4  0.3095624
7.405  0.3060368
7.41  0.3022856
7.415  0.2983371
7.42  0.2942176
7.425  0.289951
7.43  0.2855576
7.4350000000000005  0.2810545
7.44  0.2764554
7.445  0.2717717
7.45  0.2670134
7.455  0.2621895
7.46  0.2573098
7.465  0.2523852
7.47  0.2474288
7.4750000000000005  0.2424573
7.48  0.2374913
7.485  0.232556
7.49  0.2276809
7.495  0.222899
7.5  0.2182464
7.505  0.2137603
7.51  0.209478
7.515000000000001  0.2054346
7.5200000000000005  0.2016604
7.525  0.1981789
7.53  0.1950034
7.535  0.1921354
7.54  0.1895633
7.545  0.1872621
7.55  0.1851957
7.555  0.1833191
7.5600000000000005  0.1815806
7.565  0.1799239
7.57  0.1782888
7.575  0.1766129
7.58  0.1748329
7.585  0.1728874
7.59  0.1707186
7.595  0.1682767
7.6000000000000005  0.1655225
7.605  0.1624318
7.61  0.1589981
7.615  0.1552339
7.62  0.1511708
7.625  0.1468561
7.63  0.142349
7.635  0.1377176
7.640000000000001  0.1330358
7.6450000000000005  0.1283814
7.65  0.1238331
7.655  0.1194677
7.66  0.1153566
7.665  0.1115618
7.67  0.108132
7.675  0.1050985
7.68  0.102473
7.6850000000000005  0.1002464
7.69  0.09839076
7.695  0.09686276
7.7  0.09560918
7.705  0.09457114
7.71  0.09368785
7.715  0.09289996
7.72  0.09215253
7.7250000000000005  0.09139759
7.73  0.09059603
7.735  0.08971861
7.74  0.08874569
7.745  0.08766575
7.75  0.08647274
7.755  0.08516311
7.76  0.08373317
7.765000000000001  0.08217689
7.7700000000000005  0.0804842
7.775  0.07863981
7.78  0.07662291
7.785  0.07440771
7.79  0.07196503
7.795  0.06926477
7.8  0.06627857
7.805000000000001  0.06298227
7.8100000000000005  0.05935761
7.815  0.05539314
7.82  0.05108417
7.825  0.04643164
7.83  0.04144056
7.835  0.03611858
7.84  0.03047552
7.845  0.02452366
7.8500000000000005  0.01827876
7.855  0.01176156
7.86  0.004999511
7.865  -0.001971653
7.87  -0.009107127
7.875  -0.01635338
7.88  -0.02365005
7.885  -0.03093338
7.890000000000001  -0.03814013
7.8950000000000005  -0.04521123
7.9  -0.05209461
7.905  -0.05874696
7.91  -0.06513442
7.915  -0.0712321
7.92  -0.07702329
7.925  -0.08249893
7.930000000000001  -0.0876574
7.9350000000000005  -0.09250428
7.94  -0.0970516
7.945  -0.1013166
7.95  -0.1053202
7.955  -0.1090846
7.96  -0.1126324
7.965  -0.1159844
7.97  -0.1191592
7.9750000000000005  -0.1221718
7.98  -0.1250329
7.985  -0.127749
7.99  -0.1303225
7.995  -0.132753
8.0  -0.135038
8.005  -0.1371741
8.01  -0.1391576
8.015  -0.1409853
8.02  -0.1426547
8.025  -0.1441646
8.03  -0.1455153
8.035  -0.1467084
8.040000000000001  -0.1477471
8.045  -0.1486357
8.05  -0.1493794
8.055  -0.1499843
8.06  -0.1504571
8.065  -0.1508053
8.07  -0.1510364
8.075  -0.151158
8.08  -0.151177
8.085  -0.1510986
8.09  -0.1509257
8.095  -0.1506578
8.1  -0.15029
8.105  -0.1498127
8.11  -0.1492116
8.115  -0.1484683
8.120000000000001  -0.1475613
8.125  -0.1464673
8.13  -0.1451625
8.135  -0.1436246
8.14  -0.141835
8.145  -0.1397805
8.15  -0.1374562
8.155  -0.134867
8.16  -0.1320284
8.165000000000001  -0.1289665
8.17  -0.1257162
8.175  -0.1223189
8.18  -0.1188195
8.185  -0.1152651
8.19  -0.111702
8.195  -0.108175
8.2  -0.1047246
8.205  -0.1013859
8.21  -0.09818682
8.215  -0.09514683
8.22  -0.09227654
8.225  -0.08957815
8.23  -0.0870469
8.235  -0.08467327
8.24  -0.08244481
8.245000000000001  -0.08034766
8.25  -0.0783676
8.255  -0.07649088
8.26  -0.07470477
8.265  -0.07299796
8.27  -0.07136061
8.275  -0.06978427
8.28  -0.06826153
8.285  -0.06678559
8.290000000000001  -0.06534971
8.295  -0.06394667
8.3  -0.06256814
8.305  -0.06120419
8.31  -0.05984283
8.315  -0.05846985
8.32  -0.05706896
8.325  -0.05562242
8.33  -0.05411208
8.335  -0.05252099
8.34  -0.05083528
8.345  -0.04904621
8.35  -0.04715225
8.355  -0.04516065
8.36  -0.04308829
8.365  -0.04096115
8.370000000000001  -0.03881248
8.375  -0.03667959
8.38  -0.03460037
8.385  -0.03260983
8.39  -0.03073693
8.395  -0.02900195
8.4  -0.02741464
8.405  -0.02597364
8.41  -0.02466727
8.415000000000001  -0.02347555
8.42  -0.02237252
8.425  -0.02132812
8.43  -0.02030978
8.435  -0.01928376
8.44  -0.01821656
8.445  -0.0170764
8.45  -0.01583479
8.455  -0.01446828
8.46  -0.01296013
8.465  -0.01130182
8.47  -0.009494026
8.475  -0.007546797
8.48  -0.005478621
8.485  -0.00331471
8.49  -0.001085177
8.495000000000001  0.001176292
8.5  0.003433334
8.505  0.005647659
8.51  0.007779837
8.515  0.009790294
8.52  0.0116406
8.525  0.01329513
8.53  0.014723
8.535  0.01590021
8.540000000000001  0.01681163
8.545  0.01745243
8.55  0.01782865
8.555  0.01795622
8.56  0.01785871
8.565  0.01756428
8.57  0.01710255
8.575000000000001  0.01650274
8.58  0.01579353
8.585  0.01500217
8.59  0.01415355
8.595  0.01327045
8.6  0.01237394
8.605  0.01148384
8.61  0.01061905
8.615  0.00979783
8.620000000000001  0.009037871
8.625  0.008356284
8.63  0.007769434
8.635  0.007292651
8.64  0.006939785
8.645  0.006722504
8.65  0.006649341
8.655  0.006724611
8.66  0.006947431
8.665000000000001  0.007311062
8.67  0.007802827
8.675  0.008404774
8.68  0.009095007
8.685  0.009849271
8.69  0.01064231
8.695  0.01144885
8.700000000000001  0.01224437
8.705  0.01300545
8.71  0.01370996
8.715  0.01433681
8.72  0.01486543
8.725  0.01527506
8.73  0.0155438
8.735  0.01564767
8.74  0.0155599
8.745000000000001  0.01525047
8.75  0.01468638
8.755  0.01383268
8.76  0.01265449
8.765  0.01112001
8.77  0.00920428
8.775  0.00689339
8.78  0.004188138
8.785  0.001106273
8.790000000000001  -0.002317557
8.795  -0.006034603
8.8  -0.009987444
8.805  -0.01411651
8.81  -0.01836569
8.815  -0.0226862
8.82  -0.02703883
8.825000000000001  -0.03139435
8.83  -0.03573208
8.835  -0.04003774
8.84  -0.0443012
8.845  -0.04851491
8.85  -0.05267257
8.855  -0.05676814
8.86  -0.06079524
8.865  -0.06474679
8.870000000000001  -0.06861499
8.875  -0.07239136
8.88  -0.07606699
8.885  -0.07963264
8.89  -0.08307886
8.895  -0.08639579
8.9  -0.08957288
8.905  -0.09259842
8.91  -0.09545914
8.915000000000001  -0.09813991
8.92  -0.1006238
8.925  -0.1028923
8.93  -0.1049264
8.935  -0.106707
8.94  -0.1082164
8.945  -0.1094385
8.950000000000001  -0.1103598
8.955  -0.1109698
8.96  -0.1112614
8.965  -0.1112309
8.97  -0.1108781
8.975  -0.1102055
8.98  -0.1092186
8.985  -0.1079256
8.99  -0.1063373
8.995000000000001  -0.1044676
9.0  -0.1023335
9.005  -0.09995466
9.01  -0.09735354
9.015  -0.09455484
9.02  -0.09158535
9.025  -0.08847344
9.03  -0.08524834
9.035  -0.08193931
9.040000000000001  -0.07857486
9.045  -0.07518222
9.05  -0.07178695
9.055  -0.06841268
9.06  -0.06508102
9.065  -0.06181152
9.07  -0.05862177
9.075000000000001  -0.05552756
9.08  -0.05254297
9.085  -0.04968045
9.09  -0.04695055
9.095  -0.04436149
9.1  -0.04191854
9.105  -0.03962351
9.11  -0.0374742
9.115  -0.03546435
9.120000000000001  -0.03358385
9.125  -0.03181961
9.13  -0.03015693
9.135  -0.02858106
9.14  -0.02707855
9.145  -0.02563836
9.15  -0.02425244
9.155  -0.02291603
9.16  -0.02162743
9.165000000000001  -0.02038745
9.17  -0.01919847
9.175  -0.01806356
9.18  -0.01698573
9.185  -0.0159674
9.19  -0.01500996
9.195  -0.01411355
9.200000000000001  -0.01327696
9.205  -0.01249765
9.21  -0.01177199
9.215  -0.01109559
9.22  -0.01046368
9.225  -0.009871541
9.23  -0.009314736
9.235  -0.008789261
9.24  -0.008291609
9.245000000000001  -0.007818761
9.25  -0.007368121
9.255  -0.00693743
9.26  -0.006524661
9.265  -0.006127917
9.27  -0.005745364
9.275  -0.005375196
9.28  -0.005015645
9.285  -0.004665048
9.290000000000001  -0.004321955
9.295  -0.003985268
9.3  -0.003654371
9.305  -0.003329219
9.31  -0.003010343
9.315  -0.002698788
9.32  -0.002395974
9.325000000000001  -0.002103521
9.33  -0.001823062
9.335  -0.001556102
9.34  -0.001303928
9.345  -0.001067565
9.35  -0.0008477602
9.355  -0.0006449883
9.36  -0.0004594738
9.365  -0.000291216
9.370000000000001  -0.0001400199
9.375  -5.525975e-06
9.38  0.0001127626
9.385  0.0002154552
9.39  0.000303252
9.395  0.0003769242
9.4  0.0004372951
9.405  0.0004852233
9.41  0.0005215869
9.415000000000001  0.0005472712
9.42  0.00056316
9.425  0.0005701326
9.43  0.0005690624
9.435  0.0005608187
9.44  0.0005462676
9.445  0.0005262747
9.450000000000001  0.0005017073
9.455  0.0004734359
9.46  0.0004423363
9.465  0.00040929
9.47  0.000375185
9.475  0.0003409157
9.48  0.0003073833
9.485  0.0002754951
9.49  0.0002461653
9.495000000000001  0.0002203142
9.5  0.0001988684
9.505  0.0001827609
9.51  0.0001729306
9.515  0.0001703222
