0.0  0.0
0.01  2.763801e-05
0.02  0.0001111854
0.03  0.0002519015
0.04  0.0004509948
0.05  0.0007095809
0.06  0.001028732
0.07  0.001409531
0.08  0.001853147
0.09  0.002360868
0.1  0.002934307
0.11  0.003575124
0.12  0.00428136
0.13  0.005045178
0.14  0.005856385
0.15  0.006707648
0.16  0.007600321
0.17  0.008539822
0.18  0.009521887
0.19  0.01052776
0.2  0.01151979
0.21  0.01245728
0.22  0.01333024
0.23  0.01415222
0.24  0.01494597
0.25  0.01576389
0.26  0.0166943
0.27  0.01781909
0.28  0.01914724
0.29  0.02060093
0.3  0.02208733
0.31  0.02356822
0.32  0.02505349
0.33  0.02653046
0.34  0.02792559
0.35000000000000003  0.02916375
0.36  0.03026045
0.37  0.03135144
0.38  0.03262
0.39  0.03421974
0.4  0.03622375
0.41000000000000003  0.03856179
0.42  0.04101484
0.43  0.04329031
0.44  0.04516371
0.45  0.04662958
0.46  0.04793923
0.47000000000000003  0.04944231
0.48  0.05133441
0.49  0.05356125
0.5  0.05594833
0.51  0.05836285
0.52  0.06082006
0.53  0.06356505
0.54  0.06702599
0.55  0.07157818
0.56  0.07728137
0.5700000000000001  0.08381775
0.58  0.09068909
0.59  0.09749586
0.6  0.1040124
0.61  0.1100838
0.62  0.1155776
0.63  0.1204493
0.64  0.1247667
0.65  0.1286484
0.66  0.1321965
0.67  0.1354111
0.68  0.1382193
0.6900000000000001  0.1406291
0.7000000000000001  0.1428005
0.71  0.1448688
0.72  0.1467682
0.73  0.148291
0.74  0.1492553
0.75  0.1496558
0.76  0.1495201
0.77  0.1486759
0.78  0.1468085
0.79  0.1437577
0.8  0.1397574
0.81  0.1352932
0.8200000000000001  0.1308908
0.8300000000000001  0.1269369
0.84  0.1234382
0.85  0.1201498
0.86  0.1168306
0.87  0.1131841
0.88  0.108798
0.89  0.1032485
0.9  0.09649365
0.91  0.08902019
0.92  0.08136576
0.93  0.0738976
0.9400000000000001  0.06679524
0.9500000000000001  0.06006843
0.96  0.05364677
0.97  0.04724331
0.98  0.04052676
0.99  0.03352424
1.0  0.02675812
1.01  0.02103694
1.02  0.01707377
1.03  0.01511192
1.04  0.01464499
1.05  0.01480689
1.06  0.01506749
1.07  0.01518554
1.08  0.01490151
1.09  0.01409081
1.1  0.01290165
1.11  0.01158827
1.12  0.01035209
1.1300000000000001  0.009341113
1.1400000000000001  0.00861154
1.1500000000000001  0.008196205
1.16  0.008351475
1.17  0.009418259
1.18  0.01123781
1.19  0.01294253
1.2  0.01366238
1.21  0.01336717
1.22  0.0128663
1.23  0.0132211
1.24  0.0151175
1.25  0.01856648
1.26  0.02317505
1.27  0.02842559
1.28  0.03375873
1.29  0.03871931
1.3  0.0430563
1.31  0.04667851
1.32  0.04953318
1.33  0.05159801
1.34  0.05297179
1.35  0.05398256
1.36  0.05509628
1.37  0.0565837
1.3800000000000001  0.05842705
1.3900000000000001  0.06046938
1.4000000000000001  0.06254818
1.41  0.06453654
1.42  0.06598599
1.43  0.06593417
1.44  0.06352738
1.45  0.05871514
1.46  0.05231994
1.47  0.04542315
1.48  0.03857753
1.49  0.03183921
1.5  0.02529919
1.51  0.01917603
1.52  0.01372412
1.53  0.009004364
1.54  0.004735995
1.55  0.00077596
1.56  -0.002675128
1.57  -0.005506024
1.58  -0.007860926
1.59  -0.009990776
1.6  -0.01203945
1.61  -0.01377174
1.62  -0.0145907
1.6300000000000001  -0.01391939
1.6400000000000001  -0.01165205
1.6500000000000001  -0.008319886
1.6600000000000001  -0.004792063
1.67  -0.001904715
1.68  -0.0002330981
1.69  7.744047e-05
1.7  -0.000561319
1.71  -0.001352993
1.72  -0.001804353
1.73  -0.002099464
1.74  -0.002697434
1.75  -0.00374887
1.76  -0.004914071
1.77  -0.005762216
1.78  -0.00618501
1.79  -0.006352813
1.8  -0.006434329
1.81  -0.006577086
1.82  -0.007151079
1.83  -0.008565797
1.84  -0.0108781
1.85  -0.0137975
1.86  -0.01683682
1.87  -0.01953086
1.8800000000000001  -0.02152668
1.8900000000000001  -0.02263804
1.9000000000000001  -0.02305297
1.9100000000000001  -0.02299224
1.92  -0.0223761
1.93  -0.02118861
1.94  -0.01962284
1.95  -0.01792
1.96  -0.0164154
1.97  -0.01559007
1.98  -0.01588197
1.99  -0.01731379
2.0  -0.01952986
2.0100000000000002  -0.02215489
2.02  -0.02479981
2.0300000000000002  -0.02710166
2.04  -0.02884268
2.05  -0.02996295
2.06  -0.03060363
2.07  -0.03088997
2.08  -0.0308868
2.09  -0.03083918
2.1  -0.03102283
2.11  -0.03165039
2.12  -0.03301492
2.13  -0.03516195
2.14  -0.03746886
2.15  -0.0388521
2.16  -0.03828622
2.17  -0.0351293
2.18  -0.02932923
2.19  -0.02150418
2.2  -0.0125478
2.21  -0.003209761
2.22  0.005872829
2.23  0.01421775
2.24  0.02158265
2.25  0.02774817
2.2600000000000002  0.0323431
2.27  0.03508733
2.2800000000000002  0.03624479
2.29  0.03671449
2.3000000000000003  0.03771644
2.31  0.04035956
2.32  0.04525673
2.33  0.05229954
2.34  0.06073915
2.35  0.06984127
2.36  0.07950881
2.37  0.0900241
2.38  0.1013893
2.39  0.1130351
2.4  0.1240091
2.41  0.1333018
2.42  0.1402189
2.43  0.1447905
2.44  0.1476382
2.45  0.1493974
2.46  0.150521
2.47  0.1513896
2.48  0.1521373
2.49  0.1523912
2.5  0.1514352
2.5100000000000002  0.1488088
2.52  0.1446373
2.5300000000000002  0.13929
2.54  0.1330752
2.5500000000000003  0.12624
2.56  0.1190243
2.57  0.1117643
2.58  0.1048344
2.59  0.09849434
2.6  0.09295216
2.61  0.08833169
2.62  0.08440294
2.63  0.08056376
2.64  0.07606279
2.65  0.07045114
2.66  0.06413462
2.67  0.05814265
2.68  0.0534044
2.69  0.0502628
2.7  0.04822637
2.71  0.04624163
2.72  0.04306895
2.73  0.03749525
2.74  0.02879306
2.75  0.01705071
2.7600000000000002  0.003181283
2.77  -0.01151658
2.7800000000000002  -0.02614237
2.79  -0.04030162
2.8000000000000003  -0.05355913
2.81  -0.06517135
2.82  -0.07441602
2.83  -0.08118414
2.84  -0.08617683
2.85  -0.09059848
2.86  -0.09539544
2.87  -0.1005802
2.88  -0.1055562
2.89  -0.109731
2.9  -0.1127201
2.91  -0.1143141
2.92  -0.1143291
2.93  -0.1127246
2.94  -0.1096505
2.95  -0.1050847
2.96  -0.09870786
2.97  -0.09026152
2.98  -0.0799792
2.99  -0.06860811
3.0  -0.05712644
3.0100000000000002  -0.04660751
3.02  -0.03809159
3.0300000000000002  -0.03208609
3.04  -0.02805641
3.0500000000000003  -0.02464989
3.06  -0.020494
3.0700000000000003  -0.01519151
3.08  -0.009727906
3.09  -0.005535815
3.1  -0.00346927
3.11  -0.003657112
3.12  -0.005674423
3.13  -0.008998598
3.14  -0.01335052
3.15  -0.01834432
3.16  -0.02326859
3.17  -0.0273258
3.18  -0.03007809
3.19  -0.03182732
3.2  -0.03333452
3.21  -0.03543817
3.22  -0.03908634
3.23  -0.04517379
3.24  -0.05382636
3.25  -0.06385771
3.2600000000000002  -0.0732359
3.27  -0.08011956
3.2800000000000002  -0.08349944
3.29  -0.08346931
3.3000000000000003  -0.08131862
3.31  -0.07883489
3.3200000000000003  -0.07732064
3.33  -0.07715546
3.34  -0.07785108
3.35  -0.07862707
3.36  -0.07885318
3.37  -0.07794127
3.38  -0.07547866
3.39  -0.07147299
3.4  -0.06615403
3.41  -0.05978431
3.42  -0.05249823
3.43  -0.04420764
3.44  -0.03490473
3.45  -0.02488346
3.46  -0.01470516
3.47  -0.005155876
3.48  0.003141044
3.49  0.01024274
3.5  0.01680536
3.5100000000000002  0.02357057
3.52  0.03081566
3.5300000000000002  0.03806088
3.54  0.04434812
3.5500000000000003  0.04884453
3.56  0.05141801
3.5700000000000003  0.05263002
3.58  0.05319878
3.59  0.05366618
3.6  0.05410806
3.61  0.05420914
3.62  0.0535899
3.63  0.05155963
3.64  0.04740354
3.65  0.04125539
3.66  0.03379506
3.67  0.02546044
3.68  0.01637028
3.69  0.006559404
3.7  -0.003634254
3.71  -0.01369187
3.72  -0.02343364
3.73  -0.03283556
3.74  -0.04195133
3.75  -0.05133446
3.7600000000000002  -0.06183405
3.77  -0.07402654
3.7800000000000002  -0.0881238
3.79  -0.1039502
3.8000000000000003  -0.1206944
3.81  -0.1370325
3.8200000000000003  -0.1517851
3.83  -0.164504
3.84  -0.1753643
3.85  -0.184854
3.86  -0.1938459
3.87  -0.2033747
3.88  -0.2139669
3.89  -0.2250424
3.9  -0.2351204
3.91  -0.2429488
3.92  -0.2481084
3.93  -0.2510533
3.94  -0.2530201
3.95  -0.2551805
3.96  -0.2577822
3.97  -0.2600455
3.98  -0.2609368
3.99  -0.259852
4.0  -0.2565432
4.01  -0.251253
4.0200000000000005  -0.2443884
4.03  -0.2356923
4.04  -0.2243837
4.05  -0.2099228
4.0600000000000005  -0.1926224
4.07  -0.1736668
4.08  -0.1544795
4.09  -0.136073
4.1  -0.1184367
4.11  -0.1006421
4.12  -0.08194882
4.13  -0.0623402
4.14  -0.04223201
4.15  -0.0221575
4.16  -0.00244432
4.17  0.01679656
4.18  0.03522353
4.19  0.05207721
4.2  0.06642583
4.21  0.07763196
4.22  0.08601136
4.23  0.09294093
4.24  0.1001899
4.25  0.1088797
4.26  0.1186664
4.2700000000000005  0.1282284
4.28  0.1361839
4.29  0.1414652
4.3  0.1437749
4.3100000000000005  0.1435741
4.32  0.1415781
4.33  0.1386647
4.34  0.135474
4.3500000000000005  0.1320097
4.36  0.1281295
4.37  0.1236709
4.38  0.1181238
4.39  0.1107536
4.4  0.1008846
4.41  0.08843791
4.42  0.07435432
4.43  0.06015582
4.44  0.0472919
4.45  0.03655564
4.46  0.02795589
4.47  0.02143059
4.48  0.0169879
4.49  0.01413707
4.5  0.01184333
4.51  0.00900666
4.5200000000000005  0.005242593
4.53  0.001380845
4.54  -0.001049706
4.55  -0.0008323397
4.5600000000000005  0.002109494
4.57  0.006672931
4.58  0.01163953
4.59  0.0165176
4.6000000000000005  0.02123572
4.61  0.02575094
4.62  0.03019135
4.63  0.03487225
4.64  0.04003196
4.65  0.04567629
4.66  0.05166556
4.67  0.05783763
4.68  0.06393696
4.69  0.06956366
4.7  0.07445953
4.71  0.0787126
4.72  0.08254358
4.73  0.08640174
4.74  0.0910209
4.75  0.09679237
4.76  0.1034909
4.7700000000000005  0.1103535
4.78  0.1159429
4.79  0.1186058
4.8  0.117414
4.8100000000000005  0.1125021
4.82  0.104858
4.83  0.09578451
4.84  0.08610088
4.8500000000000005  0.07609857
4.86  0.06620415
4.87  0.05710411
4.88  0.04935538
4.89  0.0427411
4.9  0.03579443
4.91  0.02679832
4.92  0.01516079
4.93  0.00137113
4.94  -0.01336162
4.95  -0.02762755
4.96  -0.04050939
4.97  -0.05147309
4.98  -0.06023811
4.99  -0.06677596
5.0  -0.07122374
5.01  -0.07443009
5.0200000000000005  -0.0778311
5.03  -0.08209045
5.04  -0.08682742
5.05  -0.09123358
5.0600000000000005  -0.09431225
5.07  -0.09532217
5.08  -0.09430528
5.09  -0.09218388
5.1000000000000005  -0.09001212
5.11  -0.08801367
5.12  -0.08578863
5.13  -0.08286026
5.14  -0.07860897
5.15  -0.07228495
5.16  -0.06328203
5.17  -0.05131716
5.18  -0.03633813
5.19  -0.01836849
5.2  0.002561652
5.21  0.02642732
5.22  0.05284652
5.23  0.08050149
5.24  0.1072065
5.25  0.1307402
5.26  0.1499333
5.2700000000000005  0.1650652
5.28  0.1769501
5.29  0.1860909
5.3  0.1927288
5.3100000000000005  0.1971795
5.32  0.2002268
5.33  0.202876
5.34  0.2052876
5.3500000000000005  0.2065606
5.36  0.2057783
5.37  0.2028634
5.38  0.1987977
5.39  0.1948897
5.4  0.1915627
5.41  0.1882837
5.42  0.1841892
5.43  0.1784755
5.44  0.1708332
5.45  0.1616306
5.46  0.1514438
5.47  0.1405874
5.48  0.1289129
5.49  0.1159543
5.5  0.101685
5.51  0.08668755
5.5200000000000005  0.07135731
5.53  0.05563612
5.54  0.03961863
5.55  0.02394568
5.5600000000000005  0.009333835
5.57  -0.004126109
5.58  -0.01703353
5.59  -0.0303395
5.6000000000000005  -0.04502074
5.61  -0.06152755
5.62  -0.07924113
5.63  -0.09647575
5.64  -0.1112015
5.65  -0.1222514
5.66  -0.13024
5.67  -0.1372337
5.68  -0.1450524
5.69  -0.1542712
5.7  -0.1645512
5.71  -0.1748291
5.72  -0.1836776
5.73  -0.1901442
5.74  -0.1945272
5.75  -0.1981871
5.76  -0.2021238
5.7700000000000005  -0.2061696
5.78  -0.2095873
5.79  -0.2118303
5.8  -0.2131061
5.8100000000000005  -0.2145379
5.82  -0.217364
5.83  -0.2221555
5.84  -0.228652
5.8500000000000005  -0.2357956
5.86  -0.2423549
5.87  -0.2475951
5.88  -0.2510405
5.89  -0.252303
5.9  -0.2514409
5.91  -0.2490531
5.92  -0.2462107
5.93  -0.2441996
5.94  -0.2437035
5.95  -0.2441849
5.96  -0.2444315
5.97  -0.2434943
5.98  -0.2406816
5.99  -0.2355236
6.0  -0.2279584
6.01  -0.21799
6.0200000000000005  -0.2058124
6.03  -0.1919718
6.04  -0.1766734
6.05  -0.159656
6.0600000000000005  -0.1410482
6.07  -0.1218845
6.08  -0.1036331
6.09  -0.08723382
6.1000000000000005  -0.07265312
6.11  -0.05942691
6.12  -0.04777139
6.13  -0.03869095
6.140000000000001  -0.03319959
6.15  -0.03183744
6.16  -0.03372216
6.17  -0.03651589
6.18  -0.03817333
6.19  -0.03826093
6.2  -0.03802845
6.21  -0.03936812
6.22  -0.04356472
6.23  -0.05085301
6.24  -0.06064067
6.25  -0.07194283
6.26  -0.0833824
6.2700000000000005  -0.09334308
6.28  -0.1009264
6.29  -0.1062003
6.3  -0.1093543
6.3100000000000005  -0.1101188
6.32  -0.1077219
6.33  -0.1015724
6.34  -0.09220793
6.3500000000000005  -0.0809459
6.36  -0.0690041
6.37  -0.05746667
6.38  -0.04681576
6.390000000000001  -0.0362407
6.4  -0.02458547
6.41  -0.01155128
6.42  0.002421565
6.43  0.01667204
6.44  0.03060752
6.45  0.04374696
6.46  0.05573138
6.47  0.06663357
6.48  0.07726819
6.49  0.08876509
6.5  0.1015246
6.51  0.1147221
6.5200000000000005  0.1267951
6.53  0.1361751
6.54  0.1418188
6.55  0.1434923
6.5600000000000005  0.1413837
6.57  0.1353456
6.58  0.1251391
6.59  0.1113799
6.6000000000000005  0.09541518
6.61  0.07872214
6.62  0.06286609
6.63  0.04935951
6.640000000000001  0.03923251
6.65  0.03258497
6.66  0.02852225
6.67  0.02595546
6.68  0.02418145
6.69  0.02237801
6.7  0.02001575
6.71  0.01763704
6.72  0.01594821
6.73  0.01547063
6.74  0.01701852
6.75  0.02095724
6.76  0.02684054
6.7700000000000005  0.03381745
6.78  0.04038446
6.79  0.04494753
6.8  0.04694693
6.8100000000000005  0.04663681
6.82  0.04448836
6.83  0.040991
6.84  0.03654837
6.8500000000000005  0.03143909
6.86  0.02549806
6.87  0.01829664
6.88  0.01010683
6.890000000000001  0.001788823
6.9  -0.006105555
6.91  -0.01361635
6.92  -0.02133656
6.93  -0.02992139
6.94  -0.0397468
6.95  -0.05125395
6.96  -0.06482665
6.97  -0.080125
6.98  -0.09576049
6.99  -0.1099836
7.0  -0.1218388
7.01  -0.1312373
7.0200000000000005  -0.1386082
7.03  -0.1447999
7.04  -0.1502197
7.05  -0.1543002
7.0600000000000005  -0.1561591
7.07  -0.1550355
7.08  -0.1501623
7.09  -0.1408626
7.1000000000000005  -0.1268183
7.11  -0.1080383
7.12  -0.08508778
7.13  -0.05934418
7.140000000000001  -0.03250609
7.15  -0.006158623
7.16  0.01836008
7.17  0.04037213
7.18  0.06007064
7.19  0.07797269
7.2  0.09464042
7.21  0.1108426
7.22  0.1266789
7.23  0.1406345
7.24  0.15041
7.25  0.154296
7.26  0.151672
7.2700000000000005  0.1433085
7.28  0.1313812
7.29  0.1186246
7.3  0.1074408
7.3100000000000005  0.09943199
7.32  0.09521956
7.33  0.09491029
7.34  0.09847466
7.3500000000000005  0.1054199
7.36  0.1151812
7.37  0.1273852
7.38  0.1410143
7.390000000000001  0.1543882
7.4  0.1658278
7.41  0.1745407
7.42  0.1814652
7.43  0.188706
7.44  0.1983484
7.45  0.2113955
7.46  0.2269217
7.47  0.2426724
7.48  0.2566294
7.49  0.2679969
7.5  0.2771994
7.51  0.2849942
7.5200000000000005  0.291809
7.53  0.2979035
7.54  0.3034033
7.55  0.3082718
7.5600000000000005  0.313079
7.57  0.3189873
7.58  0.3262583
7.59  0.3341515
7.6000000000000005  0.341979
7.61  0.3492789
7.62  0.3558843
7.63  0.361985
7.640000000000001  0.3681132
7.65  0.3752108
7.66  0.3842628
7.67  0.3957529
7.68  0.4093452
7.69  0.4244366
7.7  0.4407665
7.71  0.4578372
7.72  0.474789
7.73  0.4913246
7.74  0.5075906
7.75  0.5231666
7.76  0.5371253
7.7700000000000005  0.5484177
7.78  0.5557139
7.79  0.5579689
7.8  0.5550839
7.8100000000000005  0.5476459
7.82  0.5365821
7.83  0.5227188
7.84  0.5063998
7.8500000000000005  0.4879083
7.86  0.4679204
7.87  0.4471359
7.88  0.4257853
7.890000000000001  0.403764
7.9  0.3809666
7.91  0.3573438
7.92  0.3331264
7.930000000000001  0.3090678
7.94  0.2858585
7.95  0.2635252
7.96  0.2418632
7.97  0.2210249
7.98  0.2016147
7.99  0.1844024
8.0  0.1698302
8.01  0.157846
8.02  0.1480875
8.03  0.1400798
8.040000000000001  0.133346
8.05  0.1272599
8.06  0.1206151
8.07  0.1118088
8.08  0.09978563
8.09  0.08442488
8.1  0.06631565
8.11  0.0463442
8.120000000000001  0.02504892
8.13  0.002245495
8.14  -0.0227964
8.15  -0.05058433
8.16  -0.08101775
8.17  -0.1138713
8.18  -0.1492122
8.19  -0.1875825
8.2  -0.229568
8.21  -0.2750759
8.22  -0.3233038
8.23  -0.3730139
8.24  -0.4228292
8.25  -0.4715656
8.26  -0.5184026
8.27  -0.5626262
8.28  -0.6029785
8.290000000000001  -0.6375521
8.3  -0.6643588
8.31  -0.682078
8.32  -0.6909181
8.33  -0.6927698
8.34  -0.6902604
8.35  -0.6856496
8.36  -0.6801917
8.370000000000001  -0.6740542
8.38  -0.6667664
8.39  -0.6576468
8.4  -0.6458727
8.41  -0.6305973
8.42  -0.6113287
8.43  -0.588265
8.44  -0.5619912
8.45  -0.5328615
8.46  -0.5012901
8.47  -0.4684046
8.48  -0.435987
8.49  -0.405939
8.5  -0.3794802
8.51  -0.3569389
8.52  -0.3385257
8.53  -0.3246173
8.540000000000001  -0.315032
8.55  -0.3087069
8.56  -0.3044509
8.57  -0.3017803
8.58  -0.3007335
8.59  -0.3009818
8.6  -0.3014313
8.61  -0.3008882
8.620000000000001  -0.2991147
8.63  -0.2970305
8.64  -0.2959506
8.65  -0.2965029
8.66  -0.2985533
8.67  -0.3021986
8.68  -0.3075533
8.69  -0.3138398
8.700000000000001  -0.3198135
8.71  -0.3245155
8.72  -0.3275393
8.73  -0.3293326
8.74  -0.3307768
8.75  -0.3319693
8.76  -0.3320849
8.77  -0.3301756
8.78  -0.3253798
8.790000000000001  -0.3172852
8.8  -0.3064477
8.81  -0.2936877
8.82  -0.2795193
8.83  -0.2647085
8.84  -0.250132
8.85  -0.2360331
8.86  -0.2223509
8.870000000000001  -0.2094036
8.88  -0.1976973
8.89  -0.187591
8.9  -0.1795617
8.91  -0.1740311
8.92  -0.170449
8.93  -0.1674508
8.94  -0.1639919
8.950000000000001  -0.1598002
8.96  -0.1555558
8.97  -0.1526534
8.98  -0.1517243
8.99  -0.1519708
9.0  -0.1521539
9.01  -0.1514322
9.02  -0.1498534
9.03  -0.1484058
9.040000000000001  -0.1482537
9.05  -0.1499586
9.06  -0.1532391
9.07  -0.157242
9.08  -0.1612247
9.09  -0.1652667
9.1  -0.170418
9.11  -0.1778079
9.120000000000001  -0.18733
9.13  -0.1975804
9.14  -0.206801
9.15  -0.2137857
9.16  -0.2184822
9.17  -0.2214526
9.18  -0.2229487
9.19  -0.2228095
9.200000000000001  -0.2205973
9.21  -0.2158998
9.22  -0.2085767
9.23  -0.1984727
9.24  -0.1854344
9.25  -0.1698456
9.26  -0.1530415
9.27  -0.1369975
9.28  -0.1232271
9.290000000000001  -0.1119045
9.3  -0.1020329
9.31  -0.09246732
9.32  -0.08267578
9.33  -0.07272528
9.34  -0.06288389
9.35  -0.05320702
9.36  -0.04349894
9.370000000000001  -0.03359622
9.38  -0.0235327
9.39  -0.01332736
9.4  -0.002657374
9.41  0.008803113
9.42  0.02081957
9.43  0.03291315
9.44  0.04455603
9.450000000000001  0.05495041
9.46  0.06340827
9.47  0.06963309
9.48  0.07360301
9.49  0.07565279
9.5  0.07639147
9.51  0.07649473
9.52  0.07679415
9.53  0.0780429
9.540000000000001  0.08013442
9.55  0.0820411
9.56  0.08263114
9.57  0.08117059
9.58  0.07765494
9.59  0.07281608
9.6  0.06753356
9.61  0.06249792
9.620000000000001  0.05800033
9.63  0.05388347
9.64  0.05002265
9.65  0.04655521
9.66  0.04363246
9.67  0.04133635
9.68  0.03981518
9.69  0.03934686
9.700000000000001  0.0402331
9.71  0.0425301
9.72  0.04605791
9.73  0.05093011
9.74  0.05772739
9.75  0.06701314
9.76  0.0789799
9.77  0.09332977
9.78  0.1091592
9.790000000000001  0.1252307
9.8  0.1406972
9.81  0.1555684
9.82  0.1703673
9.83  0.1854747
9.84  0.2009027
9.85  0.2163996
9.86  0.2317058
9.870000000000001  0.2466201
9.88  0.2607585
9.89  0.273462
9.9  0.2840617
9.91  0.2924667
9.92  0.2992325
9.93  0.3046168
9.94  0.3079214
9.950000000000001  0.3080717
9.96  0.3046152
9.97  0.2981034
9.98  0.2897821
9.99  0.2810656
10.0  0.2731174
10.01  0.2665374
10.02  0.2614299
10.03  0.2579753
10.040000000000001  0.2567102
10.05  0.2580534
10.06  0.2619381
10.07  0.26823
10.08  0.2770662
10.09  0.2882314
10.1  0.3004952
10.11  0.3122288
10.120000000000001  0.3224671
10.13  0.3310615
10.14  0.3382679
10.15  0.3444376
10.16  0.3498833
10.17  0.3548165
10.18  0.359314
10.19  0.363129
10.200000000000001  0.3656214
10.21  0.366196
10.22  0.3645421
10.23  0.360465
10.24  0.3539917
10.25  0.3455166
10.26  0.3356611
10.27  0.3251288
10.28  0.3144529
10.290000000000001  0.3036661
10.3  0.2922873
10.31  0.2798269
10.32  0.2663087
10.33  0.2521405
10.34  0.2378019
10.35  0.2235627
10.36  0.2091843
10.370000000000001  0.1942099
10.38  0.1783812
10.39  0.1615722
10.4  0.1437315
10.41  0.1250541
10.42  0.1061612
10.43  0.08803581
10.44  0.07162361
10.450000000000001  0.05745071
10.46  0.04570213
10.47  0.03649934
10.48  0.02983916
10.49  0.02543491
10.5  0.02284583
10.51  0.02164544
10.52  0.02153027
10.53  0.02229013
10.540000000000001  0.02357726
10.55  0.02495426
10.56  0.02598474
10.57  0.02608211
10.58  0.0247493
10.59  0.02190549
10.6  0.01777791
10.61  0.01264645
10.620000000000001  0.006626802
10.63  -0.0005483037
10.64  -0.009662875
10.65  -0.02147066
10.66  -0.03580493
10.67  -0.05159411
10.68  -0.06769442
10.69  -0.08340021
10.700000000000001  -0.09845306
10.71  -0.1129773
10.72  -0.1271119
10.73  -0.1406214
10.74  -0.1530538
10.75  -0.164048
10.76  -0.173531
10.77  -0.1818256
10.78  -0.1894058
10.790000000000001  -0.1965233
10.8  -0.2031687
10.81  -0.2092744
10.82  -0.2147813
10.83  -0.2195816
10.84  -0.223571
10.85  -0.2267909
10.86  -0.2294381
10.870000000000001  -0.2315543
10.88  -0.2328475
10.89  -0.232937
10.9  -0.2315127
10.91  -0.2283408
10.92  -0.2233434
10.93  -0.2166326
10.94  -0.2082988
10.950000000000001  -0.1980227
10.96  -0.1850994
10.97  -0.1689137
10.98  -0.1492791
10.99  -0.1266155
11.0  -0.1017515
11.01  -0.07532686
11.02  -0.04743545
11.03  -0.01773431
11.040000000000001  0.01413646
11.05  0.04821855
11.06  0.08421682
11.07  0.1216093
11.08  0.1597689
11.09  0.1980947
11.1  0.2360159
11.11  0.2727861
11.120000000000001  0.3074364
11.13  0.3391514
11.14  0.36754
11.15  0.3924926
11.16  0.4140765
11.17  0.4326037
11.18  0.4485575
11.19  0.4624823
11.200000000000001  0.4749142
11.21  0.4862183
11.22  0.4966663
11.23  0.5066647
11.24  0.5166118
11.25  0.526635
11.26  0.5366154
11.27  0.5462772
11.28  0.5551903
11.290000000000001  0.5628695
11.3  0.5689736
11.31  0.5736426
11.32  0.5777629
11.33  0.5825204
11.34  0.5886973
11.35  0.59641
11.36  0.604997
11.370000000000001  0.6133019
11.38  0.6203274
11.39  0.6254674
11.4  0.6285716
11.41  0.6299957
11.42  0.6301796
11.43  0.6292564
11.44  0.6270438
11.450000000000001  0.6229691
11.46  0.6162997
11.47  0.6068266
11.48  0.5949727
11.49  0.5813652
11.5  0.5665596
11.51  0.5508803
11.52  0.5343761
11.53  0.5168666
11.540000000000001  0.4979158
11.55  0.4769014
11.56  0.4534283
11.57  0.4277182
11.58  0.4004561
11.59  0.3723315
11.6  0.3436272
11.61  0.3141153
11.620000000000001  0.283476
11.63  0.2517039
11.64  0.2190095
11.65  0.1856299
11.66  0.1517636
11.67  0.1174307
11.68  0.08255748
11.69  0.04724566
11.700000000000001  0.01176137
11.71  -0.0235151
11.72  -0.05808458
11.73  -0.09146441
11.74  -0.1232242
11.75  -0.1530013
11.76  -0.1806777
11.77  -0.2063903
11.78  -0.2304436
11.790000000000001  -0.2533426
11.8  -0.2755925
11.81  -0.2974007
11.82  -0.318524
11.83  -0.3382364
11.84  -0.3555886
11.85  -0.3697885
11.86  -0.3804894
11.870000000000001  -0.3879132
11.88  -0.3927347
11.89  -0.3958492
11.9  -0.3981945
11.91  -0.400517
11.92  -0.402981
11.93  -0.4051145
11.94  -0.4062827
11.950000000000001  -0.4061754
11.96  -0.4050663
11.97  -0.403638
11.98  -0.4024244
11.99  -0.4015256
12.0  -0.4007669
12.01  -0.400011
12.02  -0.3992579
12.030000000000001  -0.3984431
12.040000000000001  -0.3974508
12.05  -0.3962841
12.06  -0.3951247
12.07  -0.3944184
12.08  -0.3946744
12.09  -0.3959975
12.1  -0.3980583
12.11  -0.4004221
12.120000000000001  -0.4027851
12.13  -0.4051186
12.14  -0.4075672
12.15  -0.4101376
12.16  -0.41252
12.17  -0.4141409
12.18  -0.4143954
12.19  -0.4128893
12.200000000000001  -0.4095428
12.21  -0.4045436
12.22  -0.3981505
12.23  -0.3904937
12.24  -0.3815794
12.25  -0.3714789
12.26  -0.3604954
12.27  -0.3490352
12.280000000000001  -0.3371736
12.290000000000001  -0.3244797
12.3  -0.3105067
12.31  -0.2952678
12.32  -0.2791567
12.33  -0.2627162
12.34  -0.2463445
12.35  -0.230017
12.36  -0.2134741
12.370000000000001  -0.1966021
12.38  -0.1796437
12.39  -0.1632851
12.4  -0.1484496
12.41  -0.1359642
12.42  -0.1263901
12.43  -0.1198703
12.44  -0.1160734
12.450000000000001  -0.1145357
12.46  -0.1150905
12.47  -0.1179227
12.48  -0.1233719
12.49  -0.1316508
12.5  -0.1426402
12.51  -0.1559637
12.52  -0.1711423
12.530000000000001  -0.1876386
12.540000000000001  -0.2048959
12.55  -0.2223961
12.56  -0.239696
12.57  -0.2565183
12.58  -0.2728233
12.59  -0.288642
12.6  -0.3038697
12.61  -0.3182947
12.620000000000001  -0.3316468
12.63  -0.3436139
12.64  -0.3540724
12.65  -0.3631515
12.66  -0.3708991
12.67  -0.3771219
12.68  -0.3815982
12.69  -0.3843542
12.700000000000001  -0.3856741
12.71  -0.3858309
12.72  -0.3849861
12.73  -0.3833561
12.74  -0.3812699
12.75  -0.3790222
12.76  -0.3767261
12.77  -0.3743475
12.780000000000001  -0.3717828
12.790000000000001  -0.3688305
12.8  -0.3652812
12.81  -0.3609339
12.82  -0.3554387
12.83  -0.3485313
12.84  -0.3403749
12.85  -0.3314335
12.86  -0.3223005
12.870000000000001  -0.3135267
12.88  -0.3052832
12.89  -0.2974957
12.9  -0.2901951
12.91  -0.2833464
12.92  -0.2767144
12.93  -0.2701198
12.94  -0.2634494
12.950000000000001  -0.2565602
12.96  -0.2495281
12.97  -0.2426691
12.98  -0.2361755
12.99  -0.2299908
13.0  -0.223864
13.01  -0.2173669
13.02  -0.2100322
13.030000000000001  -0.2014654
13.040000000000001  -0.1913807
13.05  -0.1797784
13.06  -0.1669816
13.07  -0.1533447
13.08  -0.1390585
13.09  -0.1241962
13.1  -0.1087589
13.11  -0.092645
13.120000000000001  -0.07567866
13.13  -0.0578117
13.14  -0.03932624
13.15  -0.020709
13.16  -0.002294821
13.17  0.01585142
13.18  0.03380224
13.19  0.05166034
13.200000000000001  0.06946657
13.21  0.0870608
13.22  0.1040181
13.23  0.1198087
13.24  0.134119
13.25  0.1470029
13.26  0.1587187
13.27  0.1695252
13.280000000000001  0.1796085
13.290000000000001  0.1890772
13.3  0.1979256
13.31  0.205946
13.32  0.2127596
13.33  0.2179692
13.34  0.2212595
13.35  0.2224947
13.36  0.2218929
13.370000000000001  0.2200267
13.38  0.2175465
13.39  0.2149491
13.4  0.2124651
13.41  0.2100427
13.42  0.2075023
13.43  0.2046758
13.44  0.2014723
13.450000000000001  0.1978475
13.46  0.1937263
13.47  0.1890627
13.48  0.1838299
13.49  0.1780298
13.5  0.1718804
13.51  0.1657754
13.52  0.1601196
13.530000000000001  0.1553021
13.540000000000001  0.1515948
13.55  0.1490418
13.56  0.1475557
13.57  0.1470222
13.58  0.1472381
13.59  0.1479398
13.6  0.1489965
13.61  0.150495
13.620000000000001  0.1526278
13.63  0.1555337
13.64  0.1592864
13.65  0.1639925
13.66  0.1697255
13.67  0.1764055
13.68  0.1838805
13.69  0.1920631
13.700000000000001  0.2010569
13.71  0.2113382
13.72  0.2236482
13.73  0.2384958
13.74  0.2558124
13.75  0.2750509
13.76  0.2955976
13.77  0.3170974
13.780000000000001  0.3393351
13.790000000000001  0.3618778
13.8  0.383991
13.81  0.4049774
13.82  0.4245506
13.83  0.442916
13.84  0.4605241
13.85  0.4776666
13.86  0.4943149
13.870000000000001  0.5102489
13.88  0.5251906
13.89  0.5388518
13.9  0.5508906
13.91  0.5609313
13.92  0.5687867
13.93  0.5746012
13.94  0.5787976
13.950000000000001  0.5819946
13.96  0.5848685
13.97  0.587946
13.98  0.5914298
13.99  0.5952559
14.0  0.5992787
14.01  0.6033055
14.02  0.6070388
14.030000000000001  0.6100223
14.040000000000001  0.6117263
14.05  0.6118431
14.06  0.6103897
14.07  0.607474
14.08  0.6030993
14.09  0.5971413
14.1  0.5894243
14.11  0.5797937
14.120000000000001  0.5681279
14.13  0.5543331
14.14  0.5383189
14.15  0.5199612
14.16  0.4991887
14.17  0.4761967
14.18  0.4515058
14.19  0.4257933
14.200000000000001  0.399691
14.21  0.3735706
14.22  0.347426
14.23  0.321033
14.24  0.2942227
14.25  0.2670274
14.26  0.2396294
14.27  0.2122469
14.280000000000001  0.185088
14.290000000000001  0.1582956
14.3  0.1319984
14.31  0.1064047
14.32  0.08160731
14.33  0.05743355
14.34  0.0335619
14.35  0.009656968
14.36  -0.01439326
14.370000000000001  -0.03834608
14.38  -0.0618358
14.39  -0.08469974
14.4  -0.1071663
14.41  -0.1297581
14.42  -0.1529522
14.43  -0.1768464
14.44  -0.2011448
14.450000000000001  -0.2253307
14.46  -0.2486989
14.47  -0.2705548
14.48  -0.2905802
14.49  -0.3088491
14.5  -0.3255855
14.51  -0.3410263
14.52  -0.3552571
14.530000000000001  -0.3680609
14.540000000000001  -0.3790573
14.55  -0.3879008
14.56  -0.3944336
14.57  -0.3987963
14.58  -0.4012692
14.59  -0.4020949
14.6  -0.4014949
14.61  -0.3996532
14.620000000000001  -0.3967095
14.63  -0.3927881
14.64  -0.3879154
14.65  -0.3819944
14.66  -0.3748966
14.67  -0.3665339
14.68  -0.3569725
14.69  -0.3465225
14.700000000000001  -0.3356886
14.71  -0.325039
14.72  -0.3150833
14.73  -0.3062799
14.74  -0.2990576
14.75  -0.2936192
14.76  -0.2896691
14.77  -0.2864616
14.780000000000001  -0.2831452
14.790000000000001  -0.2790727
14.8  -0.2740432
14.81  -0.2682533
14.82  -0.2619464
14.83  -0.2552752
14.84  -0.2482825
14.85  -0.2408657
14.86  -0.232951
14.870000000000001  -0.2246175
14.88  -0.2160617
14.89  -0.2076074
14.9  -0.1996569
14.91  -0.1924908
14.92  -0.1860973
14.93  -0.1802462
14.94  -0.174707
14.950000000000001  -0.1694202
14.96  -0.1645253
14.97  -0.1601994
14.98  -0.156507
14.99  -0.1533493
15.0  -0.1504771
15.01  -0.1476571
15.02  -0.1448689
15.030000000000001  -0.1422492
15.040000000000001  -0.1398902
15.05  -0.1377216
15.06  -0.1354728
15.07  -0.1327773
15.08  -0.1293958
15.09  -0.1253165
15.1  -0.120715
15.11  -0.1158734
15.120000000000001  -0.1110739
15.13  -0.1065174
15.14  -0.1022511
15.15  -0.09815859
15.16  -0.09409389
15.17  -0.08998827
15.18  -0.0858008
15.19  -0.08147049
15.200000000000001  -0.07698598
15.21  -0.0724445
15.22  -0.0679757
15.23  -0.0636255
15.24  -0.05939542
15.25  -0.05538067
15.26  -0.05178556
15.27  -0.04873304
15.280000000000001  -0.04607759
15.290000000000001  -0.0435046
15.3  -0.04069024
15.31  -0.0373801
15.32  -0.03357113
15.33  -0.02956109
15.34  -0.02571636
15.35  -0.02225785
15.36  -0.01923421
15.370000000000001  -0.01658777
15.38  -0.0141439
15.39  -0.01154814
15.4  -0.008339634
15.41  -0.004162607
15.42  0.00109276
15.43  0.007379933
15.44  0.01468717
15.450000000000001  0.02304792
15.46  0.03240363
15.47  0.04257974
15.48  0.05335902
15.49  0.0645052
15.5  0.07582847
15.51  0.08730451
15.52  0.09903429
15.530000000000001  0.1110626
15.540000000000001  0.1232575
15.55  0.1353029
15.56  0.1467274
15.57  0.1570716
15.58  0.1662424
15.59  0.1745477
15.6  0.1822783
15.610000000000001  0.1893939
15.620000000000001  0.1955832
15.63  0.2005519
15.64  0.2041403
15.65  0.2062213
15.66  0.2067171
15.67  0.2057084
15.68  0.2034464
15.69  0.2002432
15.700000000000001  0.1963494
15.71  0.1918915
15.72  0.1868668
15.73  0.1812017
15.74  0.1748213
15.75  0.1677072
15.76  0.1598605
15.77  0.1511349
15.780000000000001  0.141254
15.790000000000001  0.130039
15.8  0.1174939
15.81  0.1037686
15.82  0.08913256
15.83  0.07387264
15.84  0.05811223
15.85  0.04171796
15.860000000000001  0.02441609
15.870000000000001  0.006058739
15.88  -0.01319604
15.89  -0.03295522
15.9  -0.05271763
15.91  -0.0719739
15.92  -0.0903864
15.93  -0.1078498
15.94  -0.12439
15.950000000000001  -0.1400744
15.96  -0.1548987
15.97  -0.1687259
15.98  -0.1813691
15.99  -0.1927193
16.0  -0.2028286
16.01  -0.211908
16.02  -0.2202305
16.03  -0.2278962
16.04  -0.2346367
16.05  -0.2399445
16.06  -0.2434316
16.07  -0.2451253
16.080000000000002  -0.245455
16.09  -0.2449421
16.1  -0.2439359
16.11  -0.242618
16.12  -0.2411196
16.13  -0.2395567
16.14  -0.2380161
16.15  -0.236532
16.16  -0.2350583
16.17  -0.233488
16.18  -0.2316698
16.19  -0.2294113
16.2  -0.2265199
16.21  -0.2228551
16.22  -0.218423
16.23  -0.2134666
16.240000000000002  -0.2083465
16.25  -0.2032973
16.26  -0.1983187
16.27  -0.1932044
16.28  -0.1876303
16.29  -0.1812552
16.3  -0.1737725
16.31  -0.165031
16.32  -0.1551989
16.330000000000002  -0.1446348
16.34  -0.1336093
16.35  -0.122278
16.36  -0.1107811
16.37  -0.09923104
16.38  -0.08765188
16.39  -0.07595062
16.4  -0.06389694
16.41  -0.05118325
16.42  -0.03764485
16.43  -0.02343642
16.44  -0.008993741
16.45  0.005162136
16.46  0.01868111
16.47  0.03147017
16.48  0.04362878
16.490000000000002  0.05536335
16.5  0.06684564
16.51  0.07815334
16.52  0.08926177
16.53  0.1000219
16.54  0.1102393
16.55  0.1197602
16.56  0.1285396
16.57  0.1366663
16.580000000000002  0.1442486
16.59  0.1513329
16.6  0.1579404
16.61  0.1640867
16.62  0.1697729
16.63  0.1749703
16.64  0.179601
16.65  0.1835576
16.66  0.1867376
16.67  0.1890924
16.68  0.1906918
16.69  0.1916728
16.7  0.1920982
16.71  0.1919233
16.72  0.191086
16.73  0.1896284
16.740000000000002  0.1877735
16.75  0.1858784
16.76  0.1842677
16.77  0.1830262
16.78  0.1819206
16.79  0.1805605
16.8  0.1786569
16.81  0.1761897
16.82  0.1733867
16.830000000000002  0.1705627
16.84  0.1679416
16.85  0.1655139
16.86  0.1630556
16.87  0.1603285
16.88  0.1572705
16.89  0.1540106
16.9  0.1507003
16.91  0.1473918
16.92  0.1440469
16.93  0.1405346
16.94  0.1366881
16.95  0.1324573
16.96  0.1280007
16.97  0.1236245
16.98  0.1196008
16.990000000000002  0.1160301
17.0  0.1128665
17.01  0.1099774
17.02  0.1071097
17.03  0.1039235
17.04  0.1001797
17.05  0.09587646
17.06  0.09125792
17.07  0.08665414
17.080000000000002  0.08221939
17.09  0.07783975
17.1  0.07326046
17.11  0.06828425
17.12  0.06286118
17.13  0.05704973
17.14  0.05100077
17.150000000000002  0.04491147
17.16  0.038932
17.17  0.0331234
17.18  0.027467
17.19  0.02192463
17.2  0.01648354
17.21  0.01113991
17.22  0.005863474
17.23  0.0005805127
17.240000000000002  -0.004759577
17.25  -0.01009786
17.26  -0.01529204
17.27  -0.02020931
17.28  -0.02478061
17.29  -0.02896096
17.3  -0.03263347
17.31  -0.03558679
17.32  -0.03767244
17.330000000000002  -0.03898632
17.34  -0.03977977
17.35  -0.04022179
17.36  -0.0403517
17.37  -0.04017176
17.38  -0.03968262
17.39  -0.03890519
17.400000000000002  -0.03791957
17.41  -0.03685429
17.42  -0.03583999
17.43  -0.0349834
17.44  -0.03436225
17.45  -0.03402617
17.46  -0.03401236
17.47  -0.03435369
17.48  -0.03510049
17.490000000000002  -0.03637757
17.5  -0.03834153
17.51  -0.04104406
17.52  -0.04439027
17.53  -0.04820519
17.54  -0.05233472
17.55  -0.05668596
17.56  -0.06113829
17.57  -0.06545124
17.580000000000002  -0.06933162
17.59  -0.0726211
17.6  -0.07538829
17.61  -0.07783185
17.62  -0.08016918
17.63  -0.0825908
17.64  -0.08521046
17.650000000000002  -0.08805794
17.66  -0.09112728
17.67  -0.09439617
17.68  -0.09782396
17.69  -0.1013504
17.7  -0.1048801
17.71  -0.1082889
17.72  -0.111448
17.73  -0.114243
17.740000000000002  -0.1166465
17.75  -0.1187949
17.76  -0.1209477
17.77  -0.1233788
17.78  -0.126238
17.79  -0.1294565
17.8  -0.1328073
17.81  -0.135995
17.82  -0.1387054
17.830000000000002  -0.1406859
17.84  -0.1418121
17.85  -0.1421045
17.86  -0.1416972
17.87  -0.1407466
17.88  -0.139318
17.89  -0.1373382
17.900000000000002  -0.1346713
17.91  -0.1312779
17.92  -0.1273315
17.93  -0.1231242
17.94  -0.1188525
17.95  -0.114535
17.96  -0.1100725
17.97  -0.105372
17.98  -0.1004859
17.990000000000002  -0.09558394
18.0  -0.09074487
18.01  -0.08589654
18.02  -0.08093298
18.03  -0.07576412
18.04  -0.07032058
18.05  -0.06456435
18.06  -0.05847926
18.07  -0.05207022
18.080000000000002  -0.04538063
18.09  -0.03850938
18.1  -0.03159769
18.11  -0.0247807
18.12  -0.01814875
18.13  -0.01175445
18.14  -0.005634549
18.150000000000002  0.0001906009
18.16  0.005734253
18.17  0.01106495
18.18  0.0163122
18.19  0.0216423
18.2  0.02717944
18.21  0.03288783
18.22  0.03859237
18.23  0.04414424
18.240000000000002  0.04954931
18.25  0.05497855
18.26  0.0606183
18.27  0.06652737
18.28  0.07262585
18.29  0.07871816
18.3  0.0845318
18.31  0.08980049
18.32  0.09440418
18.330000000000002  0.09841291
18.34  0.1019764
18.35  0.1052239
18.36  0.1081613
18.37  0.1106252
18.38  0.1124123
18.39  0.1134505
18.400000000000002  0.1138347
18.41  0.1136917
18.42  0.113026
18.43  0.1116467
18.44  0.1091841
18.45  0.1052761
18.46  0.09980531
18.47  0.09296892
18.48  0.08517626
18.490000000000002  0.07687386
18.5  0.06839857
18.51  0.05992535
18.52  0.0515158
18.53  0.04319872
18.54  0.03502478
18.55  0.02709877
18.56  0.0195687
18.57  0.01256902
18.580000000000002  0.006131329
18.59  0.0001694271
18.6  -0.005410489
18.61  -0.01064205
18.62  -0.01553204
18.63  -0.02012354
18.64  -0.02452107
18.650000000000002  -0.02886844
18.66  -0.03332651
18.67  -0.03802165
18.68  -0.04297954
18.69  -0.04814313
18.7  -0.05346241
18.71  -0.05895927
18.72  -0.06470205
18.73  -0.0707463
18.740000000000002  -0.07713602
18.75  -0.08389986
18.76  -0.09099736
18.77  -0.09827378
18.78  -0.1054642
18.79  -0.1122775
18.8  -0.1185104
18.81  -0.1240933
18.82  -0.1290472
18.830000000000002  -0.1334168
18.84  -0.1372293
18.85  -0.1404654
18.86  -0.1430649
18.87  -0.1449658
18.88  -0.1461405
18.89  -0.1466193
18.900000000000002  -0.1464694
18.91  -0.1457552
18.92  -0.1445131
18.93  -0.1427383
18.94  -0.1404565
18.95  -0.1377911
18.96  -0.1349081
18.97  -0.1319719
18.98  -0.1291466
18.990000000000002  -0.1265782
19.0  -0.1243576
19.01  -0.122426
19.02  -0.1205214
19.03  -0.1183233
19.04  -0.1156988
19.05  -0.1127788
19.06  -0.1097878
19.07  -0.1068853
19.080000000000002  -0.1041184
19.09  -0.1014247
19.1  -0.09868454
19.11  -0.09575804
19.12  -0.09253294
19.13  -0.08897794
19.14  -0.08511192
19.150000000000002  -0.08096884
19.16  -0.0766
19.17  -0.07205733
19.18  -0.06735468
19.19  -0.06244554
19.2  -0.05728667
19.21  -0.0519012
19.22  -0.04629548
19.23  -0.04034921
19.240000000000002  -0.03385026
19.25  -0.02665049
19.26  -0.01877062
19.27  -0.01035728
19.28  -0.001615347
19.29  0.007249298
19.3  0.01610309
19.31  0.02490174
19.32  0.03367235
19.330000000000002  0.04249418
19.34  0.05145123
19.35  0.06060217
19.36  0.0700094
19.37  0.07970481
19.38  0.08961556
19.39  0.09961393
19.400000000000002  0.1095568
19.41  0.1192215
19.42  0.1283417
19.43  0.1367823
19.44  0.1445918
19.45  0.1518887
19.46  0.1587915
19.47  0.165401
19.48  0.171793
19.490000000000002  0.1780581
19.5  0.1843224
19.51  0.1907186
19.52  0.1973496
19.53  0.2042028
19.54  0.2111126
19.55  0.2178519
19.56  0.2241916
19.57  0.2299181
19.580000000000002  0.2348979
19.59  0.2391328
19.6  0.2427403
19.61  0.2458464
19.62  0.2484488
19.63  0.2504055
19.64  0.2515691
19.650000000000002  0.2519049
19.66  0.2515098
19.67  0.2505307
19.68  0.2490013
19.69  0.2467428
19.7  0.2434983
19.71  0.2391464
19.72  0.2337767
19.73  0.2276401
19.740000000000002  0.2210426
19.75  0.2142391
19.76  0.2073408
19.77  0.2002633
19.78  0.192793
19.79  0.1847082
19.8  0.1758843
19.81  0.1663861
19.82  0.1564459
19.830000000000002  0.1463384
19.84  0.136245
19.85  0.1261952
19.86  0.1161713
19.87  0.1062394
19.88  0.09654002
19.89  0.08717476
19.900000000000002  0.07812245
19.91  0.069266
19.92  0.06046326
19.93  0.05158925
19.94  0.04255274
19.95  0.0333434
19.96  0.02409732
19.97  0.01506058
19.98  0.006460297
19.990000000000002  -0.001637872
20.0  -0.009381228
20.01  -0.01699475
20.02  -0.02462533
20.03  -0.03231354
20.04  -0.04003559
20.05  -0.04772917
20.06  -0.05528336
20.07  -0.06253763
20.080000000000002  -0.06929203
20.09  -0.07534604
20.1  -0.08060039
20.11  -0.08515585
20.12  -0.08928059
20.13  -0.09324004
20.14  -0.09718004
20.150000000000002  -0.1011608
20.16  -0.1051888
20.17  -0.1091901
20.18  -0.1130475
20.19  -0.1166766
20.2  -0.1200557
20.21  -0.1232401
20.22  -0.1263639
20.23  -0.1296065
20.240000000000002  -0.1331132
20.25  -0.1369098
20.26  -0.1408915
20.27  -0.1448758
20.28  -0.1486718
20.29  -0.1521246
20.3  -0.1551371
20.31  -0.1577385
20.32  -0.1601379
20.330000000000002  -0.162635
20.34  -0.1654121
20.35  -0.1683643
20.36  -0.1711517
20.37  -0.1734219
20.38  -0.1750031
20.39  -0.1759492
20.400000000000002  -0.1764251
20.41  -0.1765954
20.42  -0.1766018
20.43  -0.1765557
20.44  -0.1765062
20.45  -0.1764096
20.46  -0.1761612
20.47  -0.1756343
20.48  -0.1747072
20.490000000000002  -0.1733045
20.5  -0.1713861
20.51  -0.1689053
20.52  -0.1658252
20.53  -0.1622024
20.54  -0.1582349
20.55  -0.1541973
20.56  -0.1503249
20.57  -0.1467117
20.580000000000002  -0.1432793
20.59  -0.1398307
20.6  -0.1361582
20.61  -0.1322215
20.62  -0.12826
20.63  -0.124583
20.64  -0.1212627
20.650000000000002  -0.1181203
20.66  -0.114879
20.67  -0.1113042
20.68  -0.107376
20.69  -0.1033544
20.7  -0.09961501
20.71  -0.09644568
20.72  -0.09395332
20.73  -0.09208744
20.740000000000002  -0.09072785
20.75  -0.08974522
20.76  -0.08903767
20.77  -0.08858945
20.78  -0.0884789
20.79  -0.08880753
20.8  -0.08965131
20.81  -0.09104605
20.82  -0.0930139
20.830000000000002  -0.09562123
20.84  -0.09895647
20.85  -0.1030557
20.86  -0.1078331
20.87  -0.1130181
20.88  -0.1182072
20.89  -0.1230026
20.900000000000002  -0.1270799
20.91  -0.1302137
20.92  -0.1323605
20.93  -0.1336727
20.94  -0.1343689
20.95  -0.1346315
20.96  -0.1345385
20.97  -0.134046
20.98  -0.1330851
20.990000000000002  -0.1316505
21.0  -0.1298273
21.01  -0.1277153
21.02  -0.125337
21.03  -0.1227006
21.04  -0.1198799
21.05  -0.1170072
21.06  -0.1142637
21.07  -0.1118459
21.080000000000002  -0.1099035
21.09  -0.1085064
21.1  -0.1076438
21.11  -0.1072613
21.12  -0.1072951
21.13  -0.1076742
21.14  -0.1083353
21.150000000000002  -0.109263
21.16  -0.1104908
21.17  -0.1120392
21.18  -0.11382
21.19  -0.1156071
21.2  -0.1171831
21.21  -0.1184906
21.22  -0.1196187
21.23  -0.1206992
21.240000000000002  -0.1217605
21.25  -0.1226436
21.26  -0.1230916
21.27  -0.1228841
21.28  -0.1219118
21.29  -0.1201659
21.3  -0.1176463
21.31  -0.1142664
21.32  -0.1098518
21.330000000000002  -0.1042728
21.34  -0.09755948
21.35  -0.08987833
21.36  -0.08142769
21.37  -0.07236065
21.38  -0.06280031
21.39  -0.05288015
21.400000000000002  -0.04274
21.41  -0.03250826
21.42  -0.02227683
21.43  -0.01205452
21.44  -0.001751415
21.45  0.008779044
21.46  0.01965634
21.47  0.03090464
21.48  0.04246163
21.490000000000002  0.05423084
21.5  0.06612588
21.51  0.07806938
21.52  0.08994608
21.53  0.1015864
21.54  0.1127949
21.55  0.1234036
21.56  0.133359
21.57  0.1427039
21.580000000000002  0.1514538
21.59  0.1595771
21.6  0.1670417
21.61  0.1738193
21.62  0.1799007
21.63  0.1852918
21.64  0.1899534
21.650000000000002  0.1938028
21.66  0.196795
21.67  0.1989779
21.68  0.2004839
21.69  0.2014326
21.7  0.2018448
21.71  0.2016987
21.72  0.2010259
21.73  0.1999353
21.740000000000002  0.1985783
21.75  0.1970693
21.76  0.1954094
21.77  0.193503
21.78  0.1912253
21.79  0.1884903
21.8  0.1853107
21.81  0.1818002
21.82  0.1781224
21.830000000000002  0.1744576
21.84  0.170968
21.85  0.1677046
21.86  0.1645676
21.87  0.1613351
21.88  0.1577043
21.89  0.1534346
21.900000000000002  0.1484803
21.91  0.1429494
21.92  0.1369842
21.93  0.1306774
21.94  0.1240593
21.95  0.1171199
21.96  0.1098455
21.97  0.1022614
21.98  0.09444523
21.990000000000002  0.08652545
22.0  0.07865938
22.01  0.07097009
22.02  0.06350677
22.03  0.05627789
22.04  0.04928642
22.05  0.04256228
22.06  0.03618417
22.07  0.03024857
22.080000000000002  0.02487089
22.09  0.02019721
22.1  0.01633228
22.11  0.01327
22.12  0.01091122
22.13  0.009147342
22.14  0.007977974
22.150000000000002  0.007543992
22.16  0.007986811
22.17  0.009275846
22.18  0.01122402
22.19  0.01365098
22.2  0.01644849
22.21  0.01955642
22.22  0.02295722
22.23  0.02663772
22.240000000000002  0.03054257
22.25  0.03458835
22.26  0.03871754
22.27  0.04292218
22.28  0.04725408
22.29  0.05185572
22.3  0.05690298
22.31  0.06246297
22.32  0.0684584
22.330000000000002  0.07473214
22.34  0.08110959
22.35  0.08753531
22.36  0.09415417
22.37  0.1011795
22.38  0.1087241
22.39  0.1167512
22.400000000000002  0.1251159
22.41  0.1336192
22.42  0.1420798
22.43  0.1503722
22.44  0.15838
22.45  0.1659676
22.46  0.1730327
22.47  0.1795722
22.48  0.185683
22.490000000000002  0.1914966
22.5  0.1970972
22.51  0.2024786
22.52  0.2075584
22.53  0.2122517
22.54  0.2165146
22.55  0.2202916
22.56  0.223482
22.57  0.2259959
22.580000000000002  0.2278472
22.59  0.2291932
22.6  0.2302704
22.61  0.2312633
22.62  0.2322114
22.63  0.2330348
22.64  0.2335956
22.650000000000002  0.2337469
22.66  0.233406
22.67  0.2325644
22.68  0.2312358
22.69  0.2294569
22.7  0.2273286
22.71  0.2249916
22.72  0.2224777
22.73  0.2196471
22.740000000000002  0.2163158
22.75  0.2123203
22.76  0.207499
22.77  0.2017292
22.78  0.1949606
22.79  0.1872217
22.8  0.178622
22.81  0.1693157
22.82  0.1594446
22.830000000000002  0.1490832
22.84  0.1381965
22.85  0.1266531
22.86  0.114276
22.87  0.100915
22.88  0.08654325
22.89  0.07129563
22.900000000000002  0.05538118
22.91  0.03897675
22.92  0.02221676
22.93  0.005229093
22.94  -0.01184514
22.95  -0.02884386
22.96  -0.04560713
22.97  -0.06201119
22.98  -0.07795524
22.990000000000002  -0.09335149
23.0  -0.1081495
23.01  -0.1223346
23.02  -0.1358957
23.03  -0.1488034
23.04  -0.1610114
23.05  -0.1724764
23.06  -0.1831743
23.07  -0.1930814
23.080000000000002  -0.202161
23.09  -0.2103774
23.1  -0.217697
23.11  -0.2240984
23.12  -0.229577
23.13  -0.2341357
23.14  -0.2377932
23.150000000000002  -0.2406078
23.16  -0.242708
23.17  -0.2442396
23.18  -0.2452759
23.19  -0.2458348
23.2  -0.245908
23.21  -0.2454371
23.22  -0.2443406
23.23  -0.2425936
23.240000000000002  -0.2402666
23.25  -0.2374907
23.26  -0.2343879
23.27  -0.2310243
23.28  -0.2274202
23.29  -0.2235812
23.3  -0.2195063
23.31  -0.2151838
23.32  -0.2105822
23.330000000000002  -0.2056722
23.34  -0.2004822
23.35  -0.1951063
23.36  -0.1896349
23.37  -0.1841023
23.38  -0.1784984
23.39  -0.1728134
23.400000000000002  -0.1670753
23.41  -0.1613273
23.42  -0.1555926
23.43  -0.149863
23.44  -0.1440924
23.45  -0.1382219
23.46  -0.132238
23.47  -0.1261867
23.48  -0.1201161
23.490000000000002  -0.1140522
23.5  -0.108036
23.51  -0.1021291
23.52  -0.09641471
23.53  -0.090993
23.54  -0.08591429
23.55  -0.08114776
23.56  -0.07662614
23.57  -0.07228455
23.580000000000002  -0.06806692
23.59  -0.06394006
23.6  -0.05993082
23.61  -0.05613323
23.62  -0.05266548
23.63  -0.04963536
23.64  -0.04713909
23.650000000000002  -0.04521557
23.66  -0.04380485
23.67  -0.04280685
23.68  -0.04214557
23.69  -0.04177805
23.7  -0.04168353
23.71  -0.04185618
23.72  -0.04230593
23.73  -0.04304853
23.740000000000002  -0.04409108
23.75  -0.04542976
23.76  -0.04702105
23.77  -0.04874815
23.78  -0.05046529
23.79  -0.05206165
23.8  -0.05348675
23.81  -0.05476956
23.82  -0.05602342
23.830000000000002  -0.05740252
23.84  -0.05899734
23.85  -0.06078856
23.86  -0.06269455
23.87  -0.06459787
23.88  -0.06636393
23.89  -0.06785983
23.900000000000002  -0.06896391
23.91  -0.069574
23.92  -0.06961315
23.93  -0.06908412
23.94  -0.06808869
23.95  -0.06675534
23.96  -0.06519387
23.97  -0.06345025
23.98  -0.06144308
23.990000000000002  -0.05901623
24.0  -0.05602709
24.01  -0.05236942
24.02  -0.04802406
24.03  -0.04308584
24.04  -0.03769805
24.05  -0.03199337
24.060000000000002  -0.02606403
24.07  -0.01994772
24.080000000000002  -0.01367275
24.09  -0.007309917
24.1  -0.0009564648
24.11  0.005314753
24.12  0.01147493
24.13  0.01752972
24.14  0.02351458
24.150000000000002  0.02949803
24.16  0.03556448
24.17  0.04178117
24.18  0.04817153
24.19  0.05468506
24.2  0.06122269
24.21  0.06772373
24.22  0.07420985
24.23  0.08076271
24.240000000000002  0.08745498
24.25  0.09425996
24.26  0.1010085
24.27  0.107445
24.28  0.1133722
24.29  0.1187579
24.3  0.1236852
24.310000000000002  0.1282452
24.32  0.1325053
24.330000000000002  0.1365237
24.34  0.1403609
24.35  0.1441122
24.36  0.1479146
24.37  0.1518815
24.38  0.1560517
24.39  0.1603725
24.400000000000002  0.1647132
24.41  0.1689314
24.42  0.1729239
24.43  0.1766545
24.44  0.1801513
24.45  0.1834449
24.46  0.1865297
24.47  0.1893835
24.48  0.1919844
24.490000000000002  0.1943086
24.5  0.1963178
24.51  0.1979499
24.52  0.1991307
24.53  0.199774
24.54  0.1997763
24.55  0.1990279
24.560000000000002  0.197445
24.57  0.1950155
24.580000000000002  0.1917943
24.59  0.1878629
24.6  0.1833151
24.61  0.1782439
24.62  0.1727221
24.63  0.1668123
24.64  0.1606227
24.650000000000002  0.154357
24.66  0.1482322
24.67  0.1423331
24.68  0.1366066
24.69  0.1309184
24.7  0.1250841
24.71  0.1189866
24.72  0.1126556
24.73  0.1061897
24.740000000000002  0.09968868
24.75  0.09324083
24.76  0.08691377
24.77  0.08074506
24.78  0.07473809
24.79  0.0688879
24.8  0.06321337
24.810000000000002  0.0577816
24.82  0.05268255
24.830000000000002  0.04796314
24.84  0.04361365
24.85  0.03962706
24.86  0.03604542
24.87  0.03293341
24.88  0.03031178
24.89  0.028103
24.900000000000002  0.02617053
24.91  0.02439145
24.92  0.02268755
24.93  0.02106573
24.94  0.01959847
24.95  0.01835649
24.96  0.01737915
24.97  0.01666552
24.98  0.0161881
24.990000000000002  0.01590813
25.0  0.01577007
25.01  0.01570454
25.02  0.01567246
25.03  0.01571271
25.04  0.01592194
25.05  0.01639158
25.060000000000002  0.01716394
25.07  0.01821052
25.080000000000002  0.01944241
25.09  0.02076446
25.1  0.02212177
25.11  0.02349631
25.12  0.02488378
25.13  0.02628376
25.14  0.02771503
25.150000000000002  0.02925752
25.16  0.03104025
25.17  0.03316533
25.18  0.03567242
25.19  0.03850176
25.2  0.04146883
25.21  0.0443651
25.22  0.04705611
25.23  0.04946439
25.240000000000002  0.05155713
25.25  0.05335278
25.26  0.05487422
25.27  0.05611187
25.28  0.05707125
25.29  0.05782489
25.3  0.05846729
25.310000000000002  0.05904318
25.32  0.05952673
25.330000000000002  0.05981815
25.34  0.05976752
25.35  0.05923993
25.36  0.05816009
25.37  0.05653968
25.38  0.05447196
25.39  0.0520549
25.400000000000002  0.04932923
25.41  0.04628151
25.42  0.04289483
25.43  0.03919842
25.44  0.03526319
25.45  0.03117296
25.46  0.02697196
25.47  0.02260337
25.48  0.01793485
25.490000000000002  0.01285587
25.5  0.007352236
25.51  0.00151199
25.52  -0.004544592
25.53  -0.01075817
25.54  -0.01717717
25.55  -0.02392027
25.560000000000002  -0.03108767
25.57  -0.03869691
25.580000000000002  -0.04667723
25.59  -0.05491847
25.6  -0.06332055
25.61  -0.07180584
25.62  -0.08032557
25.63  -0.08885431
25.64  -0.09736917
25.650000000000002  -0.1058363
25.66  -0.114194
25.67  -0.1223472
25.68  -0.1301891
25.69  -0.1376272
25.7  -0.144589
25.71  -0.1510199
25.72  -0.1568988
25.73  -0.162259
25.740000000000002  -0.1671591
25.75  -0.1716302
25.76  -0.1756557
25.77  -0.1791791
25.78  -0.1821367
25.79  -0.1844687
25.8  -0.1861111
25.810000000000002  -0.1870141
25.82  -0.1871649
25.830000000000002  -0.1866076
25.84  -0.1854459
25.85  -0.1838163
25.86  -0.1818636
25.87  -0.179686
25.88  -0.1772649
25.89  -0.1745073
25.900000000000002  -0.1713421
25.91  -0.1677436
25.92  -0.1637183
25.93  -0.1593041
25.94  -0.1545868
25.95  -0.1496965
25.96  -0.1447735
25.97  -0.1399348
25.98  -0.1352244
25.990000000000002  -0.1305938
26.0  -0.125951
26.01  -0.1211955
26.02  -0.1162215
26.03  -0.110945
26.04  -0.1053253
26.05  -0.09935461
26.060000000000002  -0.09304833
26.07  -0.08645756
26.080000000000002  -0.07966889
26.09  -0.07275624
26.1  -0.06574688
26.11  -0.05865054
26.12  -0.05149067
26.13  -0.04429461
26.14  -0.03704529
26.150000000000002  -0.02965814
26.16  -0.02205442
26.17  -0.01422274
26.18  -0.006217637
26.19  0.001856658
26.2  0.009916963
26.21  0.0179543
26.22  0.02599034
26.23  0.03400597
26.240000000000002  0.04190379
26.25  0.04951163
26.26  0.05663159
26.27  0.06311683
26.28  0.0689201
26.29  0.07409177
26.3  0.07873756
26.310000000000002  0.0829664
26.32  0.08685159
26.330000000000002  0.09043314
26.34  0.09374088
26.35  0.09675763
26.36  0.09938929
26.37  0.1015296
26.38  0.1031282
26.39  0.1041972
26.400000000000002  0.1047967
26.41  0.1050149
26.42  0.1049317
26.43  0.1046027
26.44  0.1040813
26.45  0.1034202
26.46  0.1026444
26.47  0.1017583
26.48  0.1007804
26.490000000000002  0.09975135
26.5  0.09871515
26.51  0.0976785
26.52  0.09658486
26.53  0.09535233
26.54  0.09392124
26.55  0.0922563
26.560000000000002  0.09033766
26.57  0.08816624
26.580000000000002  0.08576594
26.59  0.08316384
26.6  0.08037418
26.61  0.07741515
26.62  0.07432523
26.63  0.0711572
26.64  0.06797218
26.650000000000002  0.06481369
26.66  0.06167438
26.67  0.05852501
26.68  0.05536004
26.69  0.05219221
26.7  0.04905651
26.71  0.04603697
26.72  0.0432293
26.73  0.04066698
26.740000000000002  0.03831172
26.75  0.03608257
26.76  0.03386841
26.77  0.03155482
26.78  0.02906712
26.79  0.02637266
26.8  0.02344915
26.810000000000002  0.02027547
26.82  0.01684741
26.830000000000002  0.01319133
26.84  0.009370195
26.85  0.005473462
26.86  0.001587533
26.87  -0.002224703
26.88  -0.005925559
26.89  -0.009511683
26.900000000000002  -0.013021
26.91  -0.01650485
26.92  -0.01998326
26.93  -0.02342516
26.94  -0.02676634
26.95  -0.0299447
26.96  -0.03293542
26.97  -0.03577121
26.98  -0.03851336
26.990000000000002  -0.04120221
27.0  -0.04383753
27.01  -0.04638389
27.02  -0.04880483
27.03  -0.05110498
27.04  -0.05330954
27.05  -0.05540927
27.060000000000002  -0.05736205
27.07  -0.05911731
27.080000000000002  -0.06062994
27.09  -0.0618844
27.1  -0.06291245
27.11  -0.06378035
27.12  -0.06454602
27.13  -0.06522088
27.14  -0.06577757
27.150000000000002  -0.06618197
27.16  -0.06639844
27.17  -0.06639041
27.18  -0.06613772
27.19  -0.06563753
27.2  -0.06488585
27.21  -0.06386631
27.22  -0.06255247
27.23  -0.060921
27.240000000000002  -0.05896565
27.25  -0.05670127
27.26  -0.05416537
27.27  -0.05141187
27.28  -0.04849636
27.29  -0.04546781
27.3  -0.04236934
27.310000000000002  -0.03924266
27.32  -0.03612959
27.330000000000002  -0.03306917
27.34  -0.03008198
27.35  -0.02715933
27.36  -0.02428263
27.37  -0.02144463
27.38  -0.01864742
27.39  -0.01589492
27.400000000000002  -0.01320087
27.41  -0.01059485
27.42  -0.008115541
27.43  -0.005807449
27.44  -0.003709907
27.45  -0.001840515
27.46  -0.0001911953
27.47  0.001270886
27.48  0.002588102
27.490000000000002  0.003787885
27.5  0.004884871
27.51  0.005893931
27.52  0.006827382
27.53  0.00769246
27.54  0.008490488
27.55  0.009213817
27.560000000000002  0.009850726
27.57  0.01039179
27.580000000000002  0.01083111
27.59  0.01116498
27.6  0.01139194
27.61  0.01151503
27.62  0.01154265
27.63  0.01148587
27.64  0.0113553
27.650000000000002  0.01116144
27.66  0.01091557
27.67  0.01062977
27.68  0.01031859
27.69  0.009996775
27.7  0.009675728
27.71  0.009362977
27.72  0.009061624
27.73  0.008769645
27.740000000000002  0.008479111
27.75  0.00817997
27.76  0.007866616
27.77  0.007538727
27.78  0.007198836
27.79  0.006850954
27.8  0.006499283
27.810000000000002  0.006146676
27.82  0.005794632
27.830000000000002  0.005444562
27.84  0.005098655
27.85  0.004760224
27.86  0.004432886
27.87  0.004119093
27.88  0.003820091
27.89  0.003536586
27.900000000000002  0.003268676
27.91  0.003015523
27.92  0.002775258
27.93  0.002545677
27.94  0.002325205
27.95  0.002112684
27.96  0.001906991
27.97  0.001707376
27.98  0.001513318
27.990000000000002  0.001324205
28.0  0.001139647
28.01  0.0009597168
28.02  0.0007850288
28.03  0.0006166228
28.04  0.0004554375
28.05  0.0003019742
28.060000000000002  0.0001563255
28.07  1.832277e-05
28.080000000000002  -0.0001123004
28.09  -0.000235755
28.1  -0.0003521387
28.11  -0.0004615149
28.12  -0.000563974
28.13  -0.000659628
28.14  -0.0007485965
28.150000000000002  -0.0008310079
28.16  -0.0009070689
28.17  -0.0009771036
28.18  -0.00104147
28.19  -0.001100482
28.2  -0.00115438
28.21  -0.001203318
28.22  -0.00124744
28.23  -0.001286913
28.240000000000002  -0.001321916
28.25  -0.001352633
28.26  -0.001379249
28.27  -0.001401961
28.28  -0.001420973
28.29  -0.00143649
28.3  -0.00144872
28.310000000000002  -0.001457879
28.32  -0.001464181
28.330000000000002  -0.001467843
28.34  -0.001469084
28.35  -0.001468128
28.36  -0.001465198
28.37  -0.001460518
28.38  -0.001454314
28.39  -0.001446809
28.400000000000002  -0.001438225
28.41  -0.001428782
28.42  -0.001418704
28.43  -0.001408207
28.44  -0.001397512
28.45  -0.001386835
28.46  -0.001376393
28.47  -0.001366403
28.48  -0.001357078
28.490000000000002  -0.001348632
28.5  -0.001341275
28.51  -0.001335217
28.52  -0.001330665
28.53  -0.001327823
28.54  -0.001326895
28.55  -0.001328078
28.560000000000002  -0.001331572
