0.0 	 8.96806e-05
0.0304878055595 	 0.000185307
0.060975611119 	 0.000429568
0.0914634166785 	 0.000128287
0.121951222238 	 5.41661e-05
0.152439027798 	 3.71306e-05
0.182926833357 	 4.96131e-05
0.213414638917 	 0.000151871
0.243902444476 	 8.2626e-05
0.274390250036 	 0.000102492
0.304878055595 	 0.000519444
0.335365861155 	 0.000190056
0.365853666714 	 0.000263599
0.396341472274 	 0.000120832
0.426829277833 	 8.05438e-05
0.457317083393 	 0.000144434
0.487804888952 	 0.000299328
0.518292694512 	 0.000205512
0.548780500071 	 6.3829e-05
0.579268305631 	 0.000272583
0.60975611119 	 0.000276766
0.64024391675 	 0.000207718
0.670731722309 	 4.7431e-05
0.701219527869 	 8.83165e-05
0.731707333428 	 0.000230942
0.762195138988 	 0.000220979
0.792682944547 	 0.000251181
0.823170750107 	 0.000148627
0.853658555666 	 3.98392e-05
0.884146361226 	 8.5246e-05
0.914634166785 	 8.02456e-05
0.945121972345 	 6.43318e-05
0.975609777904 	 4.54304e-05
1.00609758346 	 9.60098e-05
1.03658538902 	 0.000107049
1.06707319458 	 0.000181515
1.09756100014 	 0.000129945
1.1280488057 	 0.00010009
1.15853661126 	 3.36431e-05
1.18902441682 	 3.65487e-05
1.21951222238 	 2.22959e-05
1.25000002794 	 4.0225e-05
1.2804878335 	 3.4759e-05
1.31097563906 	 4.47051e-05
1.34146344462 	 3.83695e-05
1.37195125018 	 3.90998e-05
1.40243905574 	 5.83966e-05
1.4329268613 	 6.58057e-05
1.46341466686 	 5.00341e-05
1.49390247242 	 7.86878e-05
1.52439027798 	 5.19055e-05
1.55487808353 	 6.58046e-05
1.58536588909 	 8.79957e-05
1.61585369465 	 3.92884e-05
1.64634150021 	 6.27317e-05
1.67682930577 	 3.06356e-05
1.70731711133 	 2.56541e-05
1.73780491689 	 2.72333e-05
1.76829272245 	 3.91169e-05
1.79878052801 	 4.10516e-05
1.82926833357 	 8.61289e-06
1.85975613913 	 4.69022e-05
1.89024394469 	 3.98102e-05
1.92073175025 	 3.74792e-05
1.95121955581 	 5.27884e-05
1.98170736137 	 3.65245e-05
2.01219516693 	 4.50449e-05
2.04268297249 	 3.56669e-05
2.07317077805 	 5.11969e-05
2.10365858361 	 1.8804e-05
2.13414638917 	 3.85072e-05
2.16463419472 	 6.29068e-05
2.19512200028 	 3.37319e-05
2.22560980584 	 3.4085e-05
2.2560976114 	 3.06753e-05
2.28658541696 	 5.17381e-06
2.31707322252 	 2.14506e-05
2.34756102808 	 4.72826e-05
2.37804883364 	 4.90369e-05
2.4085366392 	 3.52449e-05
2.43902444476 	 2.96017e-05
2.46951225032 	 3.16713e-05
2.50000005588 	 3.38222e-05
2.53048786144 	 4.03073e-05
2.560975667 	 3.69806e-05
2.59146347256 	 1.76085e-05
2.62195127812 	 7.11297e-06
2.65243908368 	 2.90256e-05
2.68292688924 	 3.61675e-05
2.7134146948 	 3.64194e-05
2.74390250036 	 3.94695e-05
2.77439030591 	 3.75719e-05
2.80487811147 	 2.78309e-05
2.83536591703 	 4.13694e-05
2.86585372259 	 3.74774e-05
2.89634152815 	 3.11956e-05
2.92682933371 	 4.56854e-05
2.95731713927 	 5.34946e-05
2.98780494483 	 4.07528e-05
3.01829275039 	 3.35547e-05
3.04878055595 	 4.77973e-05
3.07926836151 	 7.4586e-05
3.10975616707 	 6.99289e-05
3.14024397263 	 0.000104044
3.17073177819 	 8.70111e-05
3.20121958375 	 7.50728e-05
3.23170738931 	 9.13696e-05
3.26219519487 	 8.53956e-05
3.29268300043 	 0.000120647
3.32317080599 	 0.000179986
3.35365861155 	 8.6693e-05
3.3841464171 	 0.000136372
3.41463422266 	 0.000106352
3.44512202822 	 0.000139343
3.47560983378 	 7.6664e-05
3.50609763934 	 0.000147977
3.5365854449 	 0.000198204
3.56707325046 	 0.000177365
3.59756105602 	 0.000213252
3.62804886158 	 0.000229543
3.65853666714 	 0.000229255
3.6890244727 	 0.000182755
3.71951227826 	 0.000136027
3.75000008382 	 8.66093e-05
3.78048788938 	 2.12314e-05
3.81097569494 	 3.69993e-05
3.8414635005 	 7.6099e-05
3.87195130606 	 6.01486e-05
3.90243911162 	 2.09175e-05
3.93292691718 	 2.085e-05
3.96341472274 	 1.82573e-05
3.9939025283 	 2.16869e-05
4.02439033385 	 2.05461e-05
4.05487813941 	 1.1261e-05
4.08536594497 	 1.23736e-05
4.11585375053 	 2.13406e-05
4.14634155609 	 1.97013e-05
4.17682936165 	 2.60173e-05
4.20731716721 	 4.35958e-06
4.23780497277 	 1.31558e-05
4.26829277833 	 1.69318e-05
4.29878058389 	 1.10032e-05
4.32926838945 	 3.93888e-06
4.35975619501 	 1.6769e-06
4.39024400057 	 2.81523e-06
4.42073180613 	 4.57354e-06
4.45121961169 	 8.65449e-06
4.48170741725 	 1.11787e-05
4.51219522281 	 5.62156e-06
4.54268302837 	 5.50456e-06
4.57317083393 	 9.40649e-06
4.60365863949 	 8.64803e-06
4.63414644504 	 4.56624e-06
4.6646342506 	 2.52395e-06
4.69512205616 	 2.37025e-06
4.72560986172 	 9.30693e-06
4.75609766728 	 1.41511e-05
4.78658547284 	 1.29495e-05
4.8170732784 	 2.12171e-05
4.84756108396 	 2.34795e-05
4.87804888952 	 2.53459e-05
4.90853669508 	 2.06836e-05
4.93902450064 	 1.95176e-05
4.9695123062 	 1.89038e-05
5.00000011176 	 1.82708e-05
5.03048791732 	 1.22053e-05
5.06097572288 	 1.62565e-05
5.09146352844 	 1.45028e-05
5.121951334 	 1.61076e-05
5.15243913956 	 1.51773e-05
5.18292694512 	 1.30104e-05
5.21341475068 	 5.92044e-06
5.24390255623 	 1.57999e-06
5.27439036179 	 4.99674e-06
5.30487816735 	 1.05705e-05
5.33536597291 	 5.78465e-06
5.36585377847 	 3.90022e-06
5.39634158403 	 3.9114e-06
5.42682938959 	 1.48177e-06
5.45731719515 	 1.79025e-06
5.48780500071 	 2.81099e-06
5.51829280627 	 3.77366e-06
5.54878061183 	 1.05372e-06
5.57926841739 	 1.28013e-06
5.60975622295 	 2.15477e-06
5.64024402851 	 1.11403e-06
5.67073183407 	 3.7226e-06
5.70121963963 	 5.31016e-06
5.73170744519 	 5.44576e-06
5.76219525075 	 3.79909e-06
5.79268305631 	 1.59451e-06
5.82317086187 	 6.87886e-07
5.85365866742 	 2.19446e-06
5.88414647298 	 2.14453e-06
5.91463427854 	 3.94746e-06
5.9451220841 	 4.06641e-06
5.97560988966 	 4.76497e-06
6.00609769522 	 4.38449e-06
6.03658550078 	 4.20442e-06
6.06707330634 	 2.68918e-06
6.0975611119 	 3.48175e-06
6.12804891746 	 3.81959e-06
6.15853672302 	 2.22385e-06
6.18902452858 	 1.90657e-06
6.21951233414 	 3.91547e-06
6.2500001397 	 2.45562e-06
6.28048794526 	 2.2147e-06
6.31097575082 	 1.51741e-06
6.34146355638 	 3.40653e-07
6.37195136194 	 1.68447e-06
6.4024391675 	 1.98537e-06
6.43292697306 	 1.67374e-06
6.46341477861 	 1.27412e-06
6.49390258417 	 2.72534e-06
6.52439038973 	 4.44293e-06
6.55487819529 	 3.26716e-06
6.58536600085 	 3.11837e-06
6.61585380641 	 3.33241e-06
6.64634161197 	 2.01797e-06
6.67682941753 	 4.00242e-06
6.70731722309 	 1.42155e-06
6.73780502865 	 1.25573e-06
6.76829283421 	 1.72656e-06
6.79878063977 	 1.83328e-07
6.82926844533 	 3.85791e-07
6.85975625089 	 2.06341e-06
6.89024405645 	 2.42313e-06
6.92073186201 	 3.42544e-06
6.95121966757 	 4.04711e-06
6.98170747313 	 4.12435e-06
7.01219527869 	 2.12841e-06
7.04268308425 	 1.52108e-06
7.07317088981 	 1.49475e-06
7.10365869536 	 1.44346e-06
7.13414650092 	 1.18229e-06
7.16463430648 	 1.81608e-06
7.19512211204 	 7.23273e-07
7.2256099176 	 9.33935e-07
7.25609772316 	 3.18582e-07
7.28658552872 	 5.51319e-07
7.31707333428 	 9.60655e-07
7.34756113984 	 1.44604e-06
7.3780489454 	 2.39156e-06
7.40853675096 	 3.08749e-06
7.43902455652 	 7.21253e-07
7.46951236208 	 1.6475e-06
7.50000016764 	 2.2705e-06
7.5304879732 	 9.27927e-07
7.56097577876 	 3.36564e-07
7.59146358432 	 9.53018e-07
7.62195138988 	 2.14641e-06
7.65243919544 	 4.21402e-06
7.682927001 	 5.00167e-06
7.71341480655 	 3.77719e-06
7.74390261211 	 2.00034e-06
7.77439041767 	 8.76169e-07
7.80487822323 	 1.63947e-06
7.83536602879 	 1.49129e-06
7.86585383435 	 1.15227e-06
7.89634163991 	 1.92733e-06
7.92682944547 	 1.56955e-06
7.95731725103 	 1.18311e-06
7.98780505659 	 2.8115e-06
8.01829286215 	 3.12664e-06
8.04878066771 	 2.21894e-06
8.07926847327 	 1.15415e-06
8.10975627883 	 1.98109e-06
8.14024408439 	 1.93162e-06
8.17073188995 	 1.73333e-06
8.20121969551 	 1.15364e-06
8.23170750107 	 1.02185e-06
8.26219530663 	 8.34021e-07
8.29268311219 	 1.54678e-06
8.32317091774 	 2.16065e-06
8.3536587233 	 2.04076e-06
8.38414652886 	 2.82201e-06
8.41463433442 	 2.88752e-06
8.44512213998 	 2.22275e-06
8.47560994554 	 3.00208e-06
8.5060977511 	 2.26176e-06
8.53658555666 	 2.80023e-06
8.56707336222 	 3.17958e-06
8.59756116778 	 2.87191e-06
8.62804897334 	 2.76024e-06
8.6585367789 	 1.5297e-06
8.68902458446 	 1.9278e-06
8.71951239002 	 1.60168e-06
8.75000019558 	 2.07021e-06
8.78048800114 	 1.166e-06
8.8109758067 	 1.82155e-06
8.84146361226 	 2.47688e-06
8.87195141782 	 2.34975e-06
8.90243922338 	 2.19909e-06
8.93292702893 	 2.63957e-06
8.96341483449 	 1.92976e-06
8.99390264005 	 1.06379e-06
9.02439044561 	 9.14566e-07
9.05487825117 	 5.76978e-07
9.08536605673 	 3.88415e-07
9.11585386229 	 1.20013e-06
9.14634166785 	 4.39993e-07
9.17682947341 	 4.98484e-07
9.20731727897 	 1.97732e-06
9.23780508453 	 1.40816e-06
9.26829289009 	 5.16051e-07
9.29878069565 	 4.53467e-07
9.32926850121 	 3.19109e-07
9.35975630677 	 1.45885e-06
9.39024411233 	 2.40504e-06
9.42073191789 	 2.88962e-06
9.45121972345 	 2.1805e-06
9.48170752901 	 3.33497e-06
9.51219533457 	 2.47901e-06
9.54268314012 	 2.87796e-06
9.57317094568 	 2.62809e-06
9.60365875124 	 8.84695e-07
9.6341465568 	 9.67944e-07
9.66463436236 	 3.0293e-06
9.69512216792 	 3.47056e-06
9.72560997348 	 2.47596e-06
9.75609777904 	 2.83995e-06
9.7865855846 	 2.32111e-06
9.81707339016 	 2.92657e-06
9.84756119572 	 3.73624e-06
9.87804900128 	 2.86739e-06
9.90853680684 	 2.80611e-06
9.9390246124 	 1.83268e-06
9.96951241796 	 1.66774e-06
10.0000002235 	 2.82391e-06
10.0304880291 	 2.97314e-06
10.0609758346 	 1.53902e-06
10.0914636402 	 1.99707e-06
10.1219514458 	 2.88433e-06
10.1524392513 	 2.93435e-06
10.1829270569 	 2.43984e-06
10.2134148624 	 2.25109e-06
10.243902668 	 5.39438e-07
10.2743904736 	 1.01139e-06
10.3048782791 	 1.90571e-06
10.3353660847 	 1.30076e-06
10.3658538902 	 7.35033e-07
10.3963416958 	 1.69584e-06
10.4268295014 	 2.35546e-06
10.4573173069 	 2.26953e-06
10.4878051125 	 1.87904e-06
10.518292918 	 1.77565e-06
10.5487807236 	 1.40636e-06
10.5792685291 	 2.89561e-06
10.6097563347 	 3.92785e-06
10.6402441403 	 3.78907e-06
10.6707319458 	 3.86333e-06
10.7012197514 	 3.24778e-06
10.7317075569 	 1.72009e-06
10.7621953625 	 1.38254e-06
10.7926831681 	 5.60229e-07
10.8231709736 	 1.24206e-06
10.8536587792 	 2.18962e-06
10.8841465847 	 1.67781e-06
10.9146343903 	 1.84178e-06
10.9451221959 	 1.90271e-06
10.9756100014 	 2.65509e-06
11.006097807 	 2.17203e-06
11.0365856125 	 1.12654e-06
11.0670734181 	 1.98688e-06
11.0975612237 	 8.66152e-07
11.1280490292 	 8.96317e-07
11.1585368348 	 8.836e-07
11.1890246403 	 1.73564e-06
11.2195124459 	 1.93334e-06
11.2500002515 	 1.72262e-06
11.280488057 	 1.35709e-06
11.3109758626 	 5.47975e-07
11.3414636681 	 5.98593e-07
11.3719514737 	 1.54878e-06
11.4024392793 	 2.21234e-06
11.4329270848 	 1.90827e-06
11.4634148904 	 2.73341e-06
11.4939026959 	 2.937e-06
11.5243905015 	 1.29054e-06
11.5548783071 	 8.01605e-07
11.5853661126 	 9.32497e-07
11.6158539182 	 1.24598e-06
11.6463417237 	 1.09426e-06
11.6768295293 	 1.27082e-06
11.7073173348 	 1.23858e-06
11.7378051404 	 7.74582e-07
11.768292946 	 5.78688e-07
11.7987807515 	 5.25479e-07
11.8292685571 	 6.05655e-07
11.8597563626 	 5.34113e-07
11.8902441682 	 5.41452e-07
11.9207319738 	 6.44624e-07
11.9512197793 	 4.87498e-07
11.9817075849 	 6.60106e-07
12.0121953904 	 5.82553e-07
12.042683196 	 6.43918e-07
12.0731710016 	 3.82379e-07
12.1036588071 	 3.91561e-07
12.1341466127 	 6.578e-07
12.1646344182 	 5.88223e-07
12.1951222238 	 1.08772e-06
12.2256100294 	 1.1397e-06
12.2560978349 	 9.27178e-07
12.2865856405 	 4.86158e-07
12.317073446 	 1.00609e-06
12.3475612516 	 1.00168e-06
12.3780490572 	 5.08185e-07
12.4085368627 	 4.24514e-07
12.4390246683 	 3.34703e-07
12.4695124738 	 4.82673e-07
12.5000002794 	 3.61174e-07
12.530488085 	 1.64647e-07
12.5609758905 	 3.20002e-07
12.5914636961 	 3.9119e-07
12.6219515016 	 5.12537e-07
12.6524393072 	 9.9152e-07
12.6829271128 	 1.00028e-06
12.7134149183 	 8.61079e-07
12.7439027239 	 8.17849e-07
12.7743905294 	 8.48082e-07
12.804878335 	 6.27626e-07
12.8353661406 	 1.92296e-07
12.8658539461 	 1.97235e-08
12.8963417517 	 1.06017e-07
12.9268295572 	 1.01792e-07
12.9573173628 	 1.51281e-07
12.9878051683 	 1.57964e-07
13.0182929739 	 1.82754e-07
13.0487807795 	 1.05508e-07
13.079268585 	 1.05215e-07
13.1097563906 	 2.47269e-07
13.1402441961 	 3.45886e-07
13.1707320017 	 2.77089e-07
13.2012198073 	 2.28978e-07
13.2317076128 	 1.12908e-07
13.2621954184 	 5.22682e-08
13.2926832239 	 2.87258e-07
13.3231710295 	 9.45711e-08
13.3536588351 	 2.83583e-07
13.3841466406 	 2.38556e-07
13.4146344462 	 9.13908e-08
13.4451222517 	 1.77416e-07
13.4756100573 	 2.90035e-07
13.5060978629 	 1.45057e-07
13.5365856684 	 2.61841e-07
13.567073474 	 2.07095e-07
13.5975612795 	 1.88485e-07
13.6280490851 	 1.91445e-07
13.6585368907 	 2.68896e-07
13.6890246962 	 1.87379e-07
13.7195125018 	 1.94174e-07
13.7500003073 	 2.40165e-07
13.7804881129 	 1.22763e-07
13.8109759185 	 7.65266e-08
13.841463724 	 5.64002e-08
13.8719515296 	 7.25806e-08
13.9024393351 	 9.81904e-08
13.9329271407 	 1.29643e-07
13.9634149463 	 5.6684e-08
13.9939027518 	 1.4404e-07
14.0243905574 	 1.01337e-07
14.0548783629 	 1.18059e-07
14.0853661685 	 8.14899e-08
14.1158539741 	 1.17413e-07
14.1463417796 	 2.83823e-08
14.1768295852 	 9.17342e-08
14.2073173907 	 7.74549e-08
14.2378051963 	 6.83643e-08
14.2682930018 	 2.76616e-09
14.2987808074 	 2.25775e-08
14.329268613 	 1.32343e-07
14.3597564185 	 1.51122e-07
14.3902442241 	 1.50615e-07
14.4207320296 	 9.66239e-08
14.4512198352 	 1.13314e-07
14.4817076408 	 4.9298e-08
14.5121954463 	 1.59288e-08
14.5426832519 	 4.9248e-08
14.5731710574 	 1.9784e-08
14.603658863 	 3.31688e-08
14.6341466686 	 1.53658e-08
14.6646344741 	 1.68415e-08
14.6951222797 	 8.73845e-08
14.7256100852 	 1.17596e-07
14.7560978908 	 9.2185e-08
14.7865856964 	 1.236e-07
14.8170735019 	 1.04801e-07
14.8475613075 	 8.1574e-08
14.878049113 	 4.1499e-08
14.9085369186 	 7.22575e-08
14.9390247242 	 6.75332e-08
14.9695125297 	 6.43728e-08
15.0000003353 	 8.27023e-08
15.0304881408 	 1.04154e-07
15.0609759464 	 5.86649e-08
15.091463752 	 9.79921e-09
15.1219515575 	 6.37429e-08
15.1524393631 	 6.20573e-08
15.1829271686 	 6.11753e-08
15.2134149742 	 3.37251e-08
15.2439027798 	 7.07699e-08
15.2743905853 	 6.66513e-08
15.3048783909 	 3.35773e-08
15.3353661964 	 3.62628e-08
15.365854002 	 6.07231e-08
15.3963418075 	 7.54836e-08
15.4268296131 	 7.08249e-08
15.4573174187 	 8.35268e-08
15.4878052242 	 4.40746e-08
15.5182930298 	 4.7379e-08
15.5487808353 	 5.19842e-08
15.5792686409 	 2.7229e-08
15.6097564465 	 3.27706e-08
15.640244252 	 4.47343e-08
15.6707320576 	 3.31987e-08
15.7012198631 	 2.5344e-08
15.7317076687 	 4.28236e-08
15.7621954743 	 3.30336e-08
15.7926832798 	 1.99561e-08
15.8231710854 	 3.77946e-08
15.8536588909 	 6.1356e-08
15.8841466965 	 5.53592e-08
15.9146345021 	 3.65403e-08
15.9451223076 	 2.30744e-08
15.9756101132 	 2.89092e-08
16.0060979187 	 5.24702e-08
16.0365857243 	 3.85775e-08
16.0670735299 	 1.86211e-08
16.0975613354 	 2.18811e-08
16.128049141 	 2.45444e-08
16.1585369465 	 2.47218e-08
16.1890247521 	 2.42653e-08
16.2195125577 	 2.83271e-08
16.2500003632 	 2.24706e-08
16.2804881688 	 3.87742e-08
16.3109759743 	 4.26292e-08
16.3414637799 	 4.08089e-08
16.3719515855 	 3.6493e-08
16.402439391 	 3.11579e-08
16.4329271966 	 2.221e-08
16.4634150021 	 3.07206e-08
16.4939028077 	 2.82062e-08
16.5243906133 	 1.69013e-08
16.5548784188 	 1.04453e-08
16.5853662244 	 1.43784e-08
16.6158540299 	 6.24157e-09
16.6463418355 	 2.78698e-08
16.676829641 	 2.64163e-08
16.7073174466 	 3.11392e-08
16.7378052522 	 3.91454e-08
16.7682930577 	 3.05647e-08
16.7987808633 	 9.52701e-09
16.8292686688 	 2.29605e-08
16.8597564744 	 2.22333e-08
16.89024428 	 3.42295e-08
16.9207320855 	 3.52206e-08
16.9512198911 	 3.60632e-08
16.9817076966 	 3.99142e-08
17.0121955022 	 1.19051e-08
17.0426833078 	 1.45772e-08
17.0731711133 	 1.61452e-08
17.1036589189 	 1.19768e-08
17.1341467244 	 2.51458e-08
17.16463453 	 3.25979e-08
17.1951223356 	 3.76057e-08
17.2256101411 	 3.97795e-08
17.2560979467 	 4.11598e-08
17.2865857522 	 4.82903e-08
17.3170735578 	 5.68815e-08
17.3475613634 	 3.60652e-08
17.3780491689 	 1.18333e-08
17.4085369745 	 2.70181e-08
17.43902478 	 2.43123e-08
17.4695125856 	 1.88106e-08
17.5000003912 	 2.94733e-08
17.5304881967 	 2.44222e-08
17.5609760023 	 1.29894e-08
17.5914638078 	 1.29659e-08
17.6219516134 	 2.29508e-08
17.652439419 	 1.09127e-08
17.6829272245 	 1.77489e-08
17.7134150301 	 2.96518e-08
17.7439028356 	 4.13257e-08
17.7743906412 	 2.45256e-08
17.8048784468 	 1.45555e-08
17.8353662523 	 2.02806e-08
17.8658540579 	 1.80823e-08
17.8963418634 	 1.499e-08
17.926829669 	 9.71656e-09
17.9573174745 	 2.0478e-08
17.9878052801 	 9.50091e-09
18.0182930857 	 2.15802e-08
18.0487808912 	 2.85552e-08
18.0792686968 	 1.82723e-08
18.1097565023 	 6.96922e-09
18.1402443079 	 1.32378e-08
18.1707321135 	 1.2631e-08
18.201219919 	 1.84541e-08
18.2317077246 	 3.15614e-08
18.2621955301 	 3.37808e-08
18.2926833357 	 3.01901e-08
18.3231711413 	 3.52232e-08
18.3536589468 	 3.50847e-08
18.3841467524 	 3.50095e-08
18.4146345579 	 1.29148e-08
18.4451223635 	 6.7659e-09
18.4756101691 	 2.10979e-09
18.5060979746 	 1.42177e-08
18.5365857802 	 1.7325e-08
18.5670735857 	 4.03324e-08
18.5975613913 	 4.24759e-08
18.6280491969 	 2.91055e-08
18.6585370024 	 3.49287e-08
18.689024808 	 3.61962e-08
18.7195126135 	 2.81817e-08
18.7500004191 	 3.75671e-08
18.7804882247 	 2.2713e-08
18.8109760302 	 1.82505e-08
18.8414638358 	 3.52258e-08
18.8719516413 	 3.20512e-08
18.9024394469 	 3.65385e-08
18.9329272525 	 3.80074e-08
18.963415058 	 3.64009e-08
18.9939028636 	 3.58091e-08
19.0243906691 	 1.7959e-08
19.0548784747 	 5.54932e-09
19.0853662802 	 8.0612e-09
19.1158540858 	 1.04381e-08
19.1463418914 	 2.69015e-08
19.1768296969 	 3.28106e-08
19.2073175025 	 3.05123e-08
19.237805308 	 2.71358e-08
19.2682931136 	 1.94036e-08
19.2987809192 	 3.62593e-08
19.3292687247 	 2.62537e-08
19.3597565303 	 2.82981e-08
19.3902443358 	 2.00842e-08
19.4207321414 	 1.45342e-08
19.451219947 	 2.31252e-08
19.4817077525 	 2.77762e-08
19.5121955581 	 2.58753e-08
19.5426833636 	 3.15531e-08
19.5731711692 	 2.75155e-08
19.6036589748 	 2.09324e-08
19.6341467803 	 2.11081e-08
19.6646345859 	 1.94266e-08
19.6951223914 	 1.68585e-08
19.725610197 	 6.57715e-09
19.7560980026 	 1.20966e-08
19.7865858081 	 1.93698e-08
19.8170736137 	 2.20782e-08
19.8475614192 	 1.59797e-08
19.8780492248 	 1.96069e-08
19.9085370304 	 1.7829e-08
19.9390248359 	 1.78578e-08
19.9695126415 	 2.85073e-08
20.000000447 	 1.98104e-08
20.0304882526 	 1.52584e-08
20.0609760582 	 1.4271e-08
20.0914638637 	 6.8155e-09
20.1219516693 	 2.26919e-08
20.1524394748 	 2.56517e-08
20.1829272804 	 2.51499e-08
20.213415086 	 2.54968e-08
20.2439028915 	 1.45737e-08
20.2743906971 	 1.16376e-08
20.3048785026 	 1.89143e-08
20.3353663082 	 1.4728e-08
20.3658541137 	 2.01855e-08
20.3963419193 	 1.98699e-08
20.4268297249 	 1.25838e-08
20.4573175304 	 1.19632e-08
20.487805336 	 2.24755e-08
20.5182931415 	 2.18321e-08
20.5487809471 	 1.85461e-08
20.5792687527 	 2.25232e-08
20.6097565582 	 1.99715e-08
20.6402443638 	 2.38679e-08
20.6707321693 	 2.25543e-08
20.7012199749 	 1.8136e-08
20.7317077805 	 1.91049e-08
20.762195586 	 1.68344e-08
20.7926833916 	 1.81984e-08
20.8231711971 	 2.12296e-08
20.8536590027 	 2.18563e-08
20.8841468083 	 2.28926e-08
20.9146346138 	 2.54647e-08
20.9451224194 	 2.26018e-08
20.9756102249 	 2.15364e-08
21.0060980305 	 1.81366e-08
21.0365858361 	 1.97802e-08
21.0670736416 	 1.90812e-08
21.0975614472 	 2.07983e-08
21.1280492527 	 2.2713e-08
21.1585370583 	 2.66219e-08
21.1890248639 	 2.20516e-08
21.2195126694 	 1.28107e-08
21.250000475 	 1.72929e-08
21.2804882805 	 1.50181e-08
21.3109760861 	 1.50302e-08
21.3414638917 	 1.23219e-08
21.3719516972 	 1.729e-08
21.4024395028 	 1.75017e-08
21.4329273083 	 1.98249e-08
21.4634151139 	 2.36111e-08
21.4939029195 	 2.14786e-08
21.524390725 	 2.01057e-08
21.5548785306 	 1.39285e-08
21.5853663361 	 1.92516e-08
21.6158541417 	 2.06332e-08
21.6463419472 	 1.40443e-08
21.6768297528 	 1.61788e-08
21.7073175584 	 1.80059e-08
21.7378053639 	 1.63923e-08
21.7682931695 	 1.84241e-08
21.798780975 	 2.32445e-08
21.8292687806 	 2.084e-08
21.8597565862 	 1.81389e-08
21.8902443917 	 1.9757e-08
21.9207321973 	 2.08953e-08
21.9512200028 	 1.36751e-08
21.9817078084 	 2.02256e-08
22.012195614 	 2.37567e-08
22.0426834195 	 2.18675e-08
22.0731712251 	 1.73548e-08
22.1036590306 	 1.29902e-08
22.1341468362 	 1.17115e-08
22.1646346418 	 1.46367e-08
22.1951224473 	 1.71481e-08
22.2256102529 	 1.61934e-08
22.2560980584 	 1.78097e-08
22.286585864 	 1.66129e-08
22.3170736696 	 1.82128e-08
22.3475614751 	 1.83841e-08
22.3780492807 	 1.65898e-08
22.4085370862 	 1.19976e-08
22.4390248918 	 1.72504e-08
22.4695126974 	 1.69559e-08
22.5000005029 	 1.58486e-08
22.5304883085 	 1.70379e-08
22.560976114 	 1.54135e-08
22.5914639196 	 1.78588e-08
22.6219517252 	 2.06019e-08
22.6524395307 	 1.89925e-08
22.6829273363 	 1.39039e-08
22.7134151418 	 1.38576e-08
22.7439029474 	 1.8107e-08
22.7743907529 	 1.69358e-08
22.8048785585 	 1.78572e-08
22.8353663641 	 1.72059e-08
22.8658541696 	 1.52069e-08
22.8963419752 	 1.85187e-08
22.9268297807 	 1.90846e-08
22.9573175863 	 1.8606e-08
22.9878053919 	 1.55754e-08
23.0182931974 	 1.73247e-08
23.048781003 	 1.77801e-08
23.0792688085 	 1.66296e-08
23.1097566141 	 1.56468e-08
23.1402444197 	 1.47698e-08
23.1707322252 	 1.57219e-08
23.2012200308 	 1.61442e-08
23.2317078363 	 1.60573e-08
23.2621956419 	 1.74824e-08
23.2926834475 	 1.89583e-08
23.323171253 	 1.83763e-08
23.3536590586 	 1.9675e-08
23.3841468641 	 1.94253e-08
23.4146346697 	 1.84302e-08
23.4451224753 	 1.78871e-08
23.4756102808 	 1.86859e-08
23.5060980864 	 1.71481e-08
23.5365858919 	 1.62146e-08
23.5670736975 	 1.77808e-08
23.5975615031 	 1.85771e-08
23.6280493086 	 1.79689e-08
23.6585371142 	 1.78821e-08
23.6890249197 	 1.716e-08
23.7195127253 	 1.6211e-08
23.7500005309 	 1.40954e-08
23.7804883364 	 1.3806e-08
23.810976142 	 1.6506e-08
23.8414639475 	 1.75252e-08
23.8719517531 	 1.71686e-08
23.9024395587 	 1.6605e-08
23.9329273642 	 1.83286e-08
23.9634151698 	 1.76917e-08
23.9939029753 	 1.59644e-08
24.0243907809 	 1.64071e-08
24.0548785864 	 1.63212e-08
24.085366392 	 1.56192e-08
24.1158541976 	 1.45593e-08
24.1463420031 	 1.43327e-08
24.1768298087 	 1.62291e-08
24.2073176142 	 1.61666e-08
24.2378054198 	 1.74761e-08
24.2682932254 	 1.56659e-08
24.2987810309 	 1.61838e-08
24.3292688365 	 1.67821e-08
24.359756642 	 1.494e-08
24.3902444476 	 1.53468e-08
24.4207322532 	 1.58854e-08
24.4512200587 	 1.63969e-08
24.4817078643 	 1.55366e-08
24.5121956698 	 1.73586e-08
24.5426834754 	 1.6867e-08
24.573171281 	 1.62967e-08
24.6036590865 	 1.61233e-08
24.6341468921 	 1.5788e-08
24.6646346976 	 1.57558e-08
24.6951225032 	 1.61068e-08
24.7256103088 	 1.64091e-08
24.7560981143 	 1.6759e-08
24.7865859199 	 1.77679e-08
24.8170737254 	 1.72209e-08
24.847561531 	 1.63822e-08
24.8780493366 	 1.63364e-08
24.9085371421 	 1.64953e-08
24.9390249477 	 1.5705e-08
24.9695127532 	 1.61079e-08
25.0000005588 	 1.58697e-08
25.0304883644 	 1.5343e-08
25.0609761699 	 1.47109e-08
25.0914639755 	 1.55799e-08
25.121951781 	 1.52926e-08
25.1524395866 	 1.64319e-08
25.1829273922 	 1.60375e-08
25.2134151977 	 1.52441e-08
25.2439030033 	 1.46452e-08
25.2743908088 	 1.44663e-08
25.3048786144 	 1.45949e-08
25.3353664199 	 1.50282e-08
25.3658542255 	 1.64618e-08
25.3963420311 	 1.57874e-08
25.4268298366 	 1.61713e-08
25.4573176422 	 1.55819e-08
25.4878054477 	 1.58287e-08
25.5182932533 	 1.60099e-08
25.5487810589 	 1.5751e-08
25.5792688644 	 1.54016e-08
25.60975667 	 1.568e-08
25.6402444755 	 1.58193e-08
25.6707322811 	 1.5596e-08
25.7012200867 	 1.58112e-08
25.7317078922 	 1.59858e-08
25.7621956978 	 1.54507e-08
25.7926835033 	 1.60661e-08
25.8231713089 	 1.66814e-08
25.8536591145 	 1.53459e-08
25.88414692 	 1.51981e-08
25.9146347256 	 1.54857e-08
25.9451225311 	 1.56528e-08
25.9756103367 	 1.52659e-08
26.0060981423 	 1.50289e-08
26.0365859478 	 1.54429e-08
26.0670737534 	 1.56328e-08
26.0975615589 	 1.5038e-08
26.1280493645 	 1.47623e-08
26.1585371701 	 1.50175e-08
26.1890249756 	 1.49927e-08
26.2195127812 	 1.53366e-08
26.2500005867 	 1.53075e-08
26.2804883923 	 1.61459e-08
26.3109761979 	 1.58812e-08
26.3414640034 	 1.55252e-08
26.371951809 	 1.52892e-08
26.4024396145 	 1.50204e-08
26.4329274201 	 1.48539e-08
26.4634152256 	 1.49806e-08
26.4939030312 	 1.4572e-08
26.5243908368 	 1.44124e-08
26.5548786423 	 1.41872e-08
26.5853664479 	 1.49076e-08
26.6158542534 	 1.53157e-08
26.646342059 	 1.58001e-08
26.6768298646 	 1.55854e-08
26.7073176701 	 1.52999e-08
26.7378054757 	 1.46763e-08
26.7682932812 	 1.47671e-08
26.7987810868 	 1.47405e-08
26.8292688924 	 1.46216e-08
26.8597566979 	 1.55611e-08
26.8902445035 	 1.54047e-08
26.920732309 	 1.53284e-08
26.9512201146 	 1.53818e-08
26.9817079202 	 1.5276e-08
27.0121957257 	 1.56124e-08
27.0426835313 	 1.53451e-08
27.0731713368 	 1.5061e-08
27.1036591424 	 1.48513e-08
27.134146948 	 1.4598e-08
27.1646347535 	 1.45523e-08
27.1951225591 	 1.44099e-08
27.2256103646 	 1.45346e-08
27.2560981702 	 1.51059e-08
27.2865859758 	 1.54554e-08
27.3170737813 	 1.45285e-08
27.3475615869 	 1.42643e-08
27.3780493924 	 1.47534e-08
27.408537198 	 1.45815e-08
27.4390250036 	 1.44186e-08
27.4695128091 	 1.44328e-08
27.5000006147 	 1.50732e-08
27.5304884202 	 1.47413e-08
27.5609762258 	 1.44051e-08
27.5914640314 	 1.50699e-08
27.6219518369 	 1.54521e-08
27.6524396425 	 1.50692e-08
27.682927448 	 1.47668e-08
27.7134152536 	 1.47925e-08
27.7439030591 	 1.47736e-08
27.7743908647 	 1.4274e-08
27.8048786703 	 1.40647e-08
27.8353664758 	 1.42852e-08
27.8658542814 	 1.42176e-08
27.8963420869 	 1.4469e-08
27.9268298925 	 1.5027e-08
27.9573176981 	 1.4842e-08
27.9878055036 	 1.41828e-08
28.0182933092 	 1.40757e-08
28.0487811147 	 1.40773e-08
28.0792689203 	 1.42169e-08
28.1097567259 	 1.43775e-08
28.1402445314 	 1.44601e-08
28.170732337 	 1.46794e-08
28.2012201425 	 1.4431e-08
28.2317079481 	 1.46161e-08
28.2621957537 	 1.43449e-08
28.2926835592 	 1.46269e-08
28.3231713648 	 1.4846e-08
28.3536591703 	 1.4862e-08
28.3841469759 	 1.4898e-08
28.4146347815 	 1.45344e-08
28.445122587 	 1.46113e-08
28.4756103926 	 1.41956e-08
28.5060981981 	 1.41617e-08
28.5365860037 	 1.43192e-08
28.5670738093 	 1.44114e-08
28.5975616148 	 1.44719e-08
28.6280494204 	 1.42617e-08
28.6585372259 	 1.42537e-08
28.6890250315 	 1.39729e-08
28.7195128371 	 1.44091e-08
28.7500006426 	 1.45679e-08
28.7804884482 	 1.41628e-08
28.8109762537 	 1.43703e-08
28.8414640593 	 1.41512e-08
28.8719518649 	 1.41023e-08
28.9024396704 	 1.44e-08
28.932927476 	 1.44655e-08
28.9634152815 	 1.44253e-08
28.9939030871 	 1.42868e-08
29.0243908926 	 1.405e-08
29.0548786982 	 1.39688e-08
29.0853665038 	 1.41414e-08
29.1158543093 	 1.41655e-08
29.1463421149 	 1.39614e-08
29.1768299204 	 1.39806e-08
29.207317726 	 1.38798e-08
29.2378055316 	 1.39856e-08
29.2682933371 	 1.41847e-08
29.2987811427 	 1.40722e-08
29.3292689482 	 1.39272e-08
29.3597567538 	 1.40987e-08
29.3902445594 	 1.41173e-08
29.4207323649 	 1.41096e-08
29.4512201705 	 1.38784e-08
29.481707976 	 1.39286e-08
29.5121957816 	 1.38901e-08
29.5426835872 	 1.40489e-08
29.5731713927 	 1.40979e-08
29.6036591983 	 1.41204e-08
29.6341470038 	 1.39789e-08
29.6646348094 	 1.36964e-08
29.695122615 	 1.38173e-08
29.7256104205 	 1.39168e-08
29.7560982261 	 1.40429e-08
29.7865860316 	 1.38943e-08
29.8170738372 	 1.38895e-08
29.8475616428 	 1.39325e-08
29.8780494483 	 1.37924e-08
29.9085372539 	 1.36005e-08
29.9390250594 	 1.37949e-08
29.969512865 	 1.39099e-08
30.0000006706 	 1.38894e-08
30.0304884761 	 1.38798e-08
30.0609762817 	 1.36543e-08
30.0914640872 	 1.36527e-08
30.1219518928 	 1.37851e-08
30.1524396983 	 1.39565e-08
30.1829275039 	 1.39973e-08
30.2134153095 	 1.38576e-08
30.243903115 	 1.35914e-08
30.2743909206 	 1.36469e-08
30.3048787261 	 1.35746e-08
30.3353665317 	 1.37249e-08
30.3658543373 	 1.402e-08
30.3963421428 	 1.40817e-08
30.4268299484 	 1.41964e-08
30.4573177539 	 1.38494e-08
30.4878055595 	 1.36182e-08
30.5182933651 	 1.33295e-08
30.5487811706 	 1.33896e-08
30.5792689762 	 1.37377e-08
30.6097567817 	 1.3755e-08
30.6402445873 	 1.36736e-08
30.6707323929 	 1.36635e-08
30.7012201984 	 1.36544e-08
30.731708004 	 1.35845e-08
30.7621958095 	 1.34099e-08
30.7926836151 	 1.34384e-08
30.8231714207 	 1.34739e-08
30.8536592262 	 1.34246e-08
30.8841470318 	 1.34561e-08
30.9146348373 	 1.34223e-08
30.9451226429 	 1.34904e-08
30.9756104485 	 1.35962e-08
31.006098254 	 1.35527e-08
31.0365860596 	 1.36139e-08
31.0670738651 	 1.36141e-08
31.0975616707 	 1.34385e-08
31.1280494763 	 1.33817e-08
31.1585372818 	 1.34039e-08
31.1890250874 	 1.32505e-08
31.2195128929 	 1.33277e-08
31.2500006985 	 1.34201e-08
31.2804885041 	 1.35098e-08
31.3109763096 	 1.34745e-08
31.3414641152 	 1.33838e-08
31.3719519207 	 1.33725e-08
31.4024397263 	 1.34554e-08
31.4329275318 	 1.34872e-08
31.4634153374 	 1.34642e-08
31.493903143 	 1.34045e-08
31.5243909485 	 1.32952e-08
31.5548787541 	 1.32686e-08
31.5853665596 	 1.32409e-08
31.6158543652 	 1.33273e-08
31.6463421708 	 1.34153e-08
31.6768299763 	 1.33904e-08
31.7073177819 	 1.33518e-08
31.7378055874 	 1.3481e-08
31.768293393 	 1.3399e-08
31.7987811986 	 1.33558e-08
31.8292690041 	 1.33256e-08
31.8597568097 	 1.3295e-08
31.8902446152 	 1.32856e-08
31.9207324208 	 1.32799e-08
31.9512202264 	 1.33437e-08
31.9817080319 	 1.32305e-08
32.0121958375 	 1.3313e-08
32.042683643 	 1.32654e-08
32.0731714486 	 1.33441e-08
32.1036592542 	 1.32708e-08
32.1341470597 	 1.31902e-08
32.1646348653 	 1.30854e-08
32.1951226708 	 1.32279e-08
32.2256104764 	 1.3173e-08
32.256098282 	 1.32259e-08
32.2865860875 	 1.3218e-08
32.3170738931 	 1.31029e-08
32.3475616986 	 1.30773e-08
32.3780495042 	 1.3073e-08
32.4085373098 	 1.30816e-08
32.4390251153 	 1.3105e-08
32.4695129209 	 1.30784e-08
32.5000007264 	 1.30767e-08
32.530488532 	 1.30094e-08
32.5609763376 	 1.29879e-08
32.5914641431 	 1.29757e-08
32.6219519487 	 1.29913e-08
32.6524397542 	 1.30475e-08
32.6829275598 	 1.31027e-08
32.7134153653 	 1.30894e-08
32.7439031709 	 1.31397e-08
32.7743909765 	 1.30647e-08
32.804878782 	 1.30525e-08
32.8353665876 	 1.2986e-08
32.8658543931 	 1.30036e-08
32.8963421987 	 1.30072e-08
32.9268300043 	 1.29991e-08
32.9573178098 	 1.29794e-08
32.9878056154 	 1.29796e-08
33.0182934209 	 1.29867e-08
33.0487812265 	 1.29859e-08
33.0792690321 	 1.29713e-08
33.1097568376 	 1.30003e-08
33.1402446432 	 1.29525e-08
33.1707324487 	 1.28842e-08
33.2012202543 	 1.29035e-08
33.2317080599 	 1.28939e-08
33.2621958654 	 1.29508e-08
33.292683671 	 1.29715e-08
33.3231714765 	 1.29818e-08
33.3536592821 	 1.2937e-08
33.3841470877 	 1.28974e-08
33.4146348932 	 1.29144e-08
33.4451226988 	 1.2843e-08
33.4756105043 	 1.2849e-08
33.5060983099 	 1.29135e-08
33.5365861155 	 1.28782e-08
33.567073921 	 1.28221e-08
33.5975617266 	 1.28002e-08
33.6280495321 	 1.27795e-08
33.6585373377 	 1.2796e-08
33.6890251433 	 1.28045e-08
33.7195129488 	 1.28325e-08
33.7500007544 	 1.28362e-08
33.7804885599 	 1.27914e-08
33.8109763655 	 1.2766e-08
33.841464171 	 1.27412e-08
33.8719519766 	 1.27647e-08
33.9024397822 	 1.27524e-08
33.9329275877 	 1.27621e-08
33.9634153933 	 1.27293e-08
33.9939031988 	 1.2729e-08
34.0243910044 	 1.27091e-08
34.05487881 	 1.27311e-08
34.0853666155 	 1.27102e-08
34.1158544211 	 1.2728e-08
34.1463422266 	 1.26924e-08
34.1768300322 	 1.26964e-08
34.2073178378 	 1.26921e-08
34.2378056433 	 1.2691e-08
34.2682934489 	 1.26746e-08
34.2987812544 	 1.26775e-08
34.32926906 	 1.26834e-08
34.3597568656 	 1.26803e-08
34.3902446711 	 1.26952e-08
34.4207324767 	 1.26676e-08
34.4512202822 	 1.26646e-08
34.4817080878 	 1.26483e-08
34.5121958934 	 1.26416e-08
34.5426836989 	 1.26308e-08
34.5731715045 	 1.26094e-08
34.60365931 	 1.259e-08
34.6341471156 	 1.2586e-08
34.6646349212 	 1.25881e-08
34.6951227267 	 1.26e-08
34.7256105323 	 1.26034e-08
34.7560983378 	 1.25852e-08
34.7865861434 	 1.2577e-08
34.817073949 	 1.2561e-08
34.8475617545 	 1.25577e-08
34.8780495601 	 1.25519e-08
34.9085373656 	 1.25528e-08
34.9390251712 	 1.25359e-08
34.9695129768 	 1.25368e-08
35.0000007823 	 1.25351e-08
35.0304885879 	 1.25265e-08
35.0609763934 	 1.25247e-08
35.091464199 	 1.25245e-08
35.1219520045 	 1.24992e-08
35.1524398101 	 1.24972e-08
35.1829276157 	 1.2493e-08
35.2134154212 	 1.24833e-08
35.2439032268 	 1.24779e-08
35.2743910323 	 1.24793e-08
35.3048788379 	 1.2469e-08
35.3353666435 	 1.24684e-08
35.365854449 	 1.2461e-08
35.3963422546 	 1.24503e-08
35.4268300601 	 1.24373e-08
35.4573178657 	 1.24251e-08
35.4878056713 	 1.24148e-08
35.5182934768 	 1.24228e-08
35.5487812824 	 1.24219e-08
35.5792690879 	 1.24106e-08
35.6097568935 	 1.24021e-08
35.6402446991 	 1.2395e-08
35.6707325046 	 1.23942e-08
35.7012203102 	 1.23875e-08
35.7317081157 	 1.23899e-08
35.7621959213 	 1.23832e-08
35.7926837269 	 1.23775e-08
35.8231715324 	 1.23698e-08
35.853659338 	 1.23632e-08
35.8841471435 	 1.23504e-08
35.9146349491 	 1.23424e-08
35.9451227547 	 1.23362e-08
35.9756105602 	 1.2334e-08
36.0060983658 	 1.23336e-08
36.0365861713 	 1.23232e-08
36.0670739769 	 1.23195e-08
36.0975617825 	 1.23149e-08
36.128049588 	 1.23119e-08
36.1585373936 	 1.23089e-08
36.1890251991 	 1.23044e-08
36.2195130047 	 1.2294e-08
36.2500008103 	 1.22867e-08
36.2804886158 	 1.22802e-08
36.3109764214 	 1.22761e-08
36.3414642269 	 1.22723e-08
36.3719520325 	 1.22646e-08
36.402439838 	 1.22578e-08
36.4329276436 	 1.22567e-08
36.4634154492 	 1.22516e-08
36.4939032547 	 1.22499e-08
36.5243910603 	 1.22411e-08
36.5548788658 	 1.22301e-08
36.5853666714 	 1.22301e-08
36.615854477 	 1.22229e-08
36.6463422825 	 1.2217e-08
36.6768300881 	 1.22113e-08
36.7073178936 	 1.22058e-08
36.7378056992 	 1.22029e-08
36.7682935048 	 1.21985e-08
36.7987813103 	 1.219e-08
36.8292691159 	 1.21853e-08
36.8597569214 	 1.21807e-08
36.890244727 	 1.21734e-08
36.9207325326 	 1.21695e-08
36.9512203381 	 1.21642e-08
36.9817081437 	 1.21583e-08
37.0121959492 	 1.21538e-08
37.0426837548 	 1.21493e-08
37.0731715604 	 1.21426e-08
37.1036593659 	 1.21355e-08
37.1341471715 	 1.21339e-08
37.164634977 	 1.21281e-08
37.1951227826 	 1.21227e-08
37.2256105882 	 1.21186e-08
37.2560983937 	 1.21112e-08
37.2865861993 	 1.2108e-08
37.3170740048 	 1.21042e-08
37.3475618104 	 1.20983e-08
37.378049616 	 1.20921e-08
37.4085374215 	 1.20874e-08
37.4390252271 	 1.20808e-08
37.4695130326 	 1.20794e-08
37.5000008382 	 1.20744e-08
37.5304886437 	 1.20683e-08
37.5609764493 	 1.20647e-08
37.5914642549 	 1.20589e-08
37.6219520604 	 1.20547e-08
37.652439866 	 1.20501e-08
37.6829276715 	 1.20446e-08
37.7134154771 	 1.2039e-08
37.7439032827 	 1.20348e-08
37.7743910882 	 1.20299e-08
37.8048788938 	 1.20262e-08
37.8353666993 	 1.20218e-08
37.8658545049 	 1.20168e-08
37.8963423105 	 1.2013e-08
37.926830116 	 1.20072e-08
37.9573179216 	 1.20015e-08
37.9878057271 	 1.19966e-08
38.0182935327 	 1.19929e-08
38.0487813383 	 1.1989e-08
38.0792691438 	 1.19836e-08
38.1097569494 	 1.19788e-08
38.1402447549 	 1.19744e-08
38.1707325605 	 1.19698e-08
38.2012203661 	 1.19657e-08
38.2317081716 	 1.19608e-08
38.2621959772 	 1.19567e-08
38.2926837827 	 1.19513e-08
38.3231715883 	 1.19479e-08
38.3536593939 	 1.19433e-08
38.3841471994 	 1.19393e-08
38.414635005 	 1.19343e-08
38.4451228105 	 1.19293e-08
38.4756106161 	 1.19247e-08
38.5060984217 	 1.19205e-08
38.5365862272 	 1.19166e-08
38.5670740328 	 1.19111e-08
38.5975618383 	 1.1907e-08
38.6280496439 	 1.19028e-08
38.6585374495 	 1.18981e-08
38.689025255 	 1.18942e-08
38.7195130606 	 1.18899e-08
38.7500008661 	 1.18852e-08
38.7804886717 	 1.18795e-08
38.8109764772 	 1.18763e-08
38.8414642828 	 1.18723e-08
38.8719520884 	 1.18681e-08
38.9024398939 	 1.18638e-08
38.9329276995 	 1.18607e-08
38.963415505 	 1.18566e-08
38.9939033106 	 1.1852e-08
39.0243911162 	 1.18486e-08
39.0548789217 	 1.18443e-08
39.0853667273 	 1.18395e-08
39.1158545328 	 1.18357e-08
39.1463423384 	 1.18317e-08
39.176830144 	 1.18278e-08
39.2073179495 	 1.18232e-08
39.2378057551 	 1.18182e-08
39.2682935606 	 1.18153e-08
39.2987813662 	 1.18119e-08
39.3292691718 	 1.18072e-08
39.3597569773 	 1.18032e-08
39.3902447829 	 1.17995e-08
39.4207325884 	 1.17951e-08
39.451220394 	 1.17904e-08
39.4817081996 	 1.17871e-08
39.5121960051 	 1.17831e-08
39.5426838107 	 1.17793e-08
39.5731716162 	 1.1775e-08
39.6036594218 	 1.17714e-08
39.6341472274 	 1.17667e-08
39.6646350329 	 1.17622e-08
39.6951228385 	 1.17598e-08
39.725610644 	 1.17566e-08
39.7560984496 	 1.17517e-08
39.7865862552 	 1.17486e-08
39.8170740607 	 1.1744e-08
39.8475618663 	 1.17412e-08
39.8780496718 	 1.17364e-08
39.9085374774 	 1.17335e-08
39.939025283 	 1.1729e-08
39.9695130885 	 1.17257e-08
40.0000008941 	 1.17219e-08
40.0304886996 	 1.17186e-08
40.0609765052 	 1.17145e-08
40.0914643107 	 1.17093e-08
40.1219521163 	 1.17063e-08
40.1524399219 	 1.17031e-08
40.1829277274 	 1.16992e-08
40.213415533 	 1.16959e-08
40.2439033385 	 1.16927e-08
40.2743911441 	 1.16892e-08
40.3048789497 	 1.16858e-08
40.3353667552 	 1.16816e-08
40.3658545608 	 1.16781e-08
40.3963423663 	 1.1674e-08
40.4268301719 	 1.16706e-08
40.4573179775 	 1.16676e-08
40.487805783 	 1.16645e-08
40.5182935886 	 1.16599e-08
40.5487813941 	 1.16566e-08
40.5792691997 	 1.16534e-08
40.6097570053 	 1.16492e-08
40.6402448108 	 1.16472e-08
40.6707326164 	 1.16422e-08
40.7012204219 	 1.164e-08
40.7317082275 	 1.16363e-08
40.7621960331 	 1.16332e-08
40.7926838386 	 1.163e-08
40.8231716442 	 1.16267e-08
40.8536594497 	 1.16221e-08
40.8841472553 	 1.16188e-08
40.9146350609 	 1.16172e-08
40.9451228664 	 1.16133e-08
40.975610672 	 1.16094e-08
41.0060984775 	 1.16064e-08
41.0365862831 	 1.16022e-08
41.0670740887 	 1.15993e-08
41.0975618942 	 1.15959e-08
41.1280496998 	 1.15927e-08
41.1585375053 	 1.15895e-08
41.1890253109 	 1.15859e-08
41.2195131164 	 1.15835e-08
41.250000922 	 1.15795e-08
41.2804887276 	 1.15771e-08
41.3109765331 	 1.15741e-08
41.3414643387 	 1.15703e-08
41.3719521442 	 1.1568e-08
41.4024399498 	 1.15649e-08
41.4329277554 	 1.15614e-08
41.4634155609 	 1.15589e-08
41.4939033665 	 1.15548e-08
41.524391172 	 1.15521e-08
41.5548789776 	 1.15482e-08
41.5853667832 	 1.15471e-08
41.6158545887 	 1.15433e-08
41.6463423943 	 1.15397e-08
41.6768301998 	 1.15358e-08
41.7073180054 	 1.1534e-08
41.737805811 	 1.15306e-08
41.7682936165 	 1.15265e-08
41.7987814221 	 1.15247e-08
41.8292692276 	 1.15221e-08
41.8597570332 	 1.15182e-08
41.8902448388 	 1.15165e-08
41.9207326443 	 1.15122e-08
41.9512204499 	 1.15104e-08
41.9817082554 	 1.15061e-08
42.012196061 	 1.15053e-08
42.0426838666 	 1.15013e-08
42.0731716721 	 1.14984e-08
42.1036594777 	 1.14956e-08
42.1341472832 	 1.14927e-08
42.1646350888 	 1.1491e-08
42.1951228944 	 1.14872e-08
42.2256106999 	 1.1485e-08
42.2560985055 	 1.14824e-08
42.286586311 	 1.14788e-08
42.3170741166 	 1.14761e-08
42.3475619222 	 1.1472e-08
42.3780497277 	 1.14707e-08
42.4085375333 	 1.14674e-08
42.4390253388 	 1.14646e-08
42.4695131444 	 1.14623e-08
42.5000009499 	 1.14598e-08
42.5304887555 	 1.14575e-08
42.5609765611 	 1.14538e-08
42.5914643666 	 1.14513e-08
42.6219521722 	 1.1449e-08
42.6524399777 	 1.14474e-08
42.6829277833 	 1.14448e-08
42.7134155889 	 1.14419e-08
42.7439033944 	 1.14387e-08
42.7743912 	 1.14343e-08
42.8048790055 	 1.14334e-08
42.8353668111 	 1.14315e-08
42.8658546167 	 1.1427e-08
42.8963424222 	 1.14255e-08
42.9268302278 	 1.14229e-08
42.9573180333 	 1.14203e-08
42.9878058389 	 1.14186e-08
43.0182936445 	 1.14149e-08
43.04878145 	 1.14134e-08
43.0792692556 	 1.14106e-08
43.1097570611 	 1.14086e-08
43.1402448667 	 1.14059e-08
43.1707326723 	 1.14039e-08
43.2012204778 	 1.1402e-08
43.2317082834 	 1.1399e-08
43.2621960889 	 1.13949e-08
43.2926838945 	 1.13934e-08
43.3231717001 	 1.13919e-08
43.3536595056 	 1.13896e-08
43.3841473112 	 1.13871e-08
43.4146351167 	 1.13852e-08
43.4451229223 	 1.13805e-08
43.4756107279 	 1.13794e-08
43.5060985334 	 1.1378e-08
43.536586339 	 1.13762e-08
43.5670741445 	 1.1373e-08
43.5975619501 	 1.13709e-08
43.6280497557 	 1.1369e-08
43.6585375612 	 1.13654e-08
43.6890253668 	 1.13638e-08
43.7195131723 	 1.1361e-08
43.7500009779 	 1.1358e-08
43.7804887834 	 1.13568e-08
43.810976589 	 1.13554e-08
43.8414643946 	 1.13523e-08
43.8719522001 	 1.13515e-08
43.9024400057 	 1.13488e-08
43.9329278112 	 1.13455e-08
43.9634156168 	 1.13438e-08
43.9939034224 	 1.13417e-08
44.0243912279 	 1.13392e-08
44.0548790335 	 1.13371e-08
44.085366839 	 1.13358e-08
44.1158546446 	 1.13338e-08
44.1463424502 	 1.13313e-08
44.1768302557 	 1.13292e-08
44.2073180613 	 1.13284e-08
44.2378058668 	 1.13256e-08
44.2682936724 	 1.13231e-08
44.298781478 	 1.13219e-08
44.3292692835 	 1.13194e-08
44.3597570891 	 1.13171e-08
44.3902448946 	 1.13162e-08
44.4207327002 	 1.1314e-08
44.4512205058 	 1.1312e-08
44.4817083113 	 1.13105e-08
44.5121961169 	 1.13085e-08
44.5426839224 	 1.13055e-08
44.573171728 	 1.13046e-08
44.6036595336 	 1.13021e-08
44.6341473391 	 1.12997e-08
44.6646351447 	 1.1299e-08
44.6951229502 	 1.12963e-08
44.7256107558 	 1.12935e-08
44.7560985614 	 1.12935e-08
44.7865863669 	 1.12901e-08
44.8170741725 	 1.12884e-08
44.847561978 	 1.12866e-08
44.8780497836 	 1.12854e-08
44.9085375891 	 1.12829e-08
44.9390253947 	 1.12815e-08
44.9695132003 	 1.12794e-08
45.0000010058 	 1.12782e-08
45.0304888114 	 1.12765e-08
45.0609766169 	 1.12749e-08
45.0914644225 	 1.12743e-08
45.1219522281 	 1.12712e-08
45.1524400336 	 1.12694e-08
45.1829278392 	 1.12674e-08
45.2134156447 	 1.12665e-08
45.2439034503 	 1.12643e-08
45.2743912559 	 1.12636e-08
45.3048790614 	 1.12597e-08
45.335366867 	 1.12595e-08
45.3658546725 	 1.12576e-08
45.3963424781 	 1.12566e-08
45.4268302837 	 1.12558e-08
45.4573180892 	 1.12538e-08
45.4878058948 	 1.12521e-08
45.5182937003 	 1.12487e-08
45.5487815059 	 1.12498e-08
45.5792693115 	 1.12472e-08
45.609757117 	 1.12462e-08
45.6402449226 	 1.1244e-08
45.6707327281 	 1.12419e-08
45.7012205337 	 1.12408e-08
45.7317083393 	 1.12402e-08
45.7621961448 	 1.12391e-08
45.7926839504 	 1.1236e-08
45.8231717559 	 1.12356e-08
45.8536595615 	 1.12338e-08
45.8841473671 	 1.12323e-08
45.9146351726 	 1.1231e-08
45.9451229782 	 1.12284e-08
45.9756107837 	 1.12282e-08
46.0060985893 	 1.12262e-08
46.0365863949 	 1.12253e-08
46.0670742004 	 1.12238e-08
46.097562006 	 1.12216e-08
46.1280498115 	 1.12207e-08
46.1585376171 	 1.12195e-08
46.1890254226 	 1.12178e-08
46.2195132282 	 1.1217e-08
46.2500010338 	 1.1217e-08
46.2804888393 	 1.12151e-08
46.3109766449 	 1.1213e-08
46.3414644504 	 1.12128e-08
46.371952256 	 1.12102e-08
46.4024400616 	 1.12094e-08
46.4329278671 	 1.12084e-08
46.4634156727 	 1.12062e-08
46.4939034782 	 1.12067e-08
46.5243912838 	 1.1205e-08
46.5548790894 	 1.12036e-08
46.5853668949 	 1.12006e-08
46.6158547005 	 1.12004e-08
46.646342506 	 1.11992e-08
46.6768303116 	 1.11995e-08
46.7073181172 	 1.11975e-08
46.7378059227 	 1.11957e-08
46.7682937283 	 1.11955e-08
46.7987815338 	 1.11943e-08
46.8292693394 	 1.11933e-08
46.859757145 	 1.11914e-08
46.8902449505 	 1.1191e-08
46.9207327561 	 1.11897e-08
46.9512205616 	 1.11888e-08
46.9817083672 	 1.11872e-08
47.0121961728 	 1.11858e-08
47.0426839783 	 1.11844e-08
47.0731717839 	 1.11848e-08
47.1036595894 	 1.11844e-08
47.134147395 	 1.11835e-08
47.1646352006 	 1.11819e-08
47.1951230061 	 1.11807e-08
47.2256108117 	 1.11802e-08
47.2560986172 	 1.11781e-08
47.2865864228 	 1.11769e-08
47.3170742284 	 1.11772e-08
47.3475620339 	 1.11764e-08
47.3780498395 	 1.11755e-08
47.408537645 	 1.11742e-08
47.4390254506 	 1.1175e-08
47.4695132561 	 1.11726e-08
47.5000010617 	 1.11726e-08
47.5304888673 	 1.11705e-08
47.5609766728 	 1.1169e-08
47.5914644784 	 1.11671e-08
47.6219522839 	 1.11666e-08
47.6524400895 	 1.11672e-08
47.6829278951 	 1.11668e-08
47.7134157006 	 1.11655e-08
47.7439035062 	 1.11657e-08
47.7743913117 	 1.11647e-08
47.8048791173 	 1.11618e-08
47.8353669229 	 1.11615e-08
47.8658547284 	 1.11622e-08
47.896342534 	 1.116e-08
47.9268303395 	 1.11599e-08
47.9573181451 	 1.11597e-08
47.9878059507 	 1.11588e-08
48.0182937562 	 1.11595e-08
48.0487815618 	 1.11579e-08
48.0792693673 	 1.11568e-08
48.1097571729 	 1.11558e-08
48.1402449785 	 1.11549e-08
48.170732784 	 1.11552e-08
48.2012205896 	 1.11545e-08
48.2317083951 	 1.1154e-08
48.2621962007 	 1.11521e-08
48.2926840063 	 1.11531e-08
48.3231718118 	 1.11526e-08
48.3536596174 	 1.11519e-08
48.3841474229 	 1.11507e-08
48.4146352285 	 1.11505e-08
48.4451230341 	 1.11499e-08
48.4756108396 	 1.11476e-08
48.5060986452 	 1.11484e-08
48.5365864507 	 1.11489e-08
48.5670742563 	 1.1149e-08
48.5975620618 	 1.11473e-08
48.6280498674 	 1.11465e-08
48.658537673 	 1.11452e-08
48.6890254785 	 1.11447e-08
48.7195132841 	 1.11448e-08
48.7500010896 	 1.1146e-08
48.7804888952 	 1.11444e-08
48.8109767008 	 1.11435e-08
48.8414645063 	 1.11444e-08
48.8719523119 	 1.11419e-08
48.9024401174 	 1.11425e-08
48.932927923 	 1.11421e-08
48.9634157286 	 1.11419e-08
48.9939035341 	 1.11414e-08
49.0243913397 	 1.11421e-08
49.0548791452 	 1.11402e-08
49.0853669508 	 1.11419e-08
49.1158547564 	 1.11405e-08
49.1463425619 	 1.11388e-08
49.1768303675 	 1.1139e-08
49.207318173 	 1.11392e-08
49.2378059786 	 1.11396e-08
49.2682937842 	 1.11381e-08
49.2987815897 	 1.11393e-08
49.3292693953 	 1.11374e-08
49.3597572008 	 1.11388e-08
49.3902450064 	 1.11377e-08
49.420732812 	 1.11382e-08
49.4512206175 	 1.11371e-08
49.4817084231 	 1.11367e-08
49.5121962286 	 1.11373e-08
49.5426840342 	 1.11378e-08
49.5731718398 	 1.11366e-08
49.6036596453 	 1.1136e-08
49.6341474509 	 1.11374e-08
49.6646352564 	 1.11354e-08
49.695123062 	 1.11364e-08
49.7256108676 	 1.11359e-08
49.7560986731 	 1.11364e-08
49.7865864787 	 1.11363e-08
49.8170742842 	 1.11354e-08
49.8475620898 	 1.11355e-08
49.8780498953 	 1.1136e-08
49.9085377009 	 1.1135e-08
49.9390255065 	 1.11348e-08
49.969513312 	 1.11364e-08
50.0000011176 	 1.11362e-08
