0.0 	 0.00104786
0.0186219743455 	 0.00218808
0.0372439486909 	 0.00619816
0.0558659230364 	 0.0017147
0.0744878973819 	 0.000896322
0.0931098717274 	 0.000332096
0.111731846073 	 0.00164657
0.130353820418 	 0.00175892
0.148975794764 	 0.00441304
0.167597769109 	 0.00576872
0.186219743455 	 0.00560965
0.2048417178 	 0.00178454
0.223463692146 	 0.00181437
0.242085666491 	 0.00565364
0.260707640837 	 0.00091107
0.279329615182 	 0.00522026
0.297951589528 	 0.00175412
0.316573563873 	 0.0100988
0.335195538218 	 0.00535651
0.353817512564 	 0.00762373
0.372439486909 	 0.00852483
0.391061461255 	 0.00324005
0.4096834356 	 0.00290554
0.428305409946 	 0.00208013
0.446927384291 	 0.00312271
0.465549358637 	 0.00397764
0.484171332982 	 0.00376317
0.502793307328 	 0.00450023
0.521415281673 	 0.00264884
0.540037256019 	 0.00341851
0.558659230364 	 0.00477756
0.57728120471 	 0.00172701
0.595903179055 	 0.00182531
0.614525153401 	 0.00123123
0.633147127746 	 0.000100798
0.651769102091 	 0.00162876
0.670391076437 	 0.0015788
0.689013050782 	 0.000737111
0.707635025128 	 0.00147043
0.726256999473 	 0.00240413
0.744878973819 	 0.000893365
0.763500948164 	 0.00133061
0.78212292251 	 0.00103439
0.800744896855 	 0.00242273
0.819366871201 	 0.00170692
0.837988845546 	 0.0020533
0.856610819892 	 0.00168133
0.875232794237 	 0.000995981
0.893854768583 	 0.00150656
0.912476742928 	 0.000770342
0.931098717274 	 0.00155115
0.949720691619 	 0.00110702
0.968342665964 	 0.000825493
0.98696464031 	 0.000274158
1.00558661466 	 0.00108903
1.024208589 	 0.000866373
1.04283056335 	 0.00127139
1.06145253769 	 0.00110641
1.08007451204 	 0.000800824
1.09869648638 	 0.000887605
1.11731846073 	 0.00104376
1.13594043507 	 0.00147792
1.15456240942 	 0.00194872
1.17318438376 	 0.00189358
1.19180635811 	 0.000743692
1.21042833246 	 0.000579119
1.2290503068 	 0.000872795
1.24767228115 	 0.00045502
1.26629425549 	 0.000803167
1.28491622984 	 0.000644931
1.30353820418 	 0.000633282
1.32216017853 	 0.000598734
1.34078215287 	 0.000551024
1.35940412722 	 0.000305
1.37802610156 	 0.000192021
1.39664807591 	 0.000552811
1.41527005026 	 0.00096073
1.4338920246 	 0.00058972
1.45251399895 	 0.00128612
1.47113597329 	 0.00139456
1.48975794764 	 0.000827226
1.50837992198 	 0.000394041
1.52700189633 	 0.000421129
1.54562387067 	 0.000673595
1.56424584502 	 0.00072442
1.58286781936 	 0.000382223
1.60148979371 	 0.000305788
1.62011176806 	 0.000450535
1.6387337424 	 0.000335853
1.65735571675 	 0.000352252
1.67597769109 	 0.000192516
1.69459966544 	 0.000367054
1.71322163978 	 0.000514097
1.73184361413 	 0.000663815
1.75046558847 	 0.000551622
1.76908756282 	 0.000396213
1.78770953717 	 0.000593522
1.80633151151 	 0.000332911
1.82495348586 	 0.000534678
1.8435754602 	 0.000490408
1.86219743455 	 0.000553037
1.88081940889 	 0.000375682
1.89944138324 	 0.00041043
1.91806335758 	 0.000366425
1.93668533193 	 0.000302961
1.95530730627 	 0.000655795
1.97392928062 	 0.000650886
1.99255125497 	 0.000167235
2.01117322931 	 0.000202175
2.02979520366 	 0.000480807
2.048417178 	 0.000228705
2.06703915235 	 0.000367601
2.08566112669 	 0.000258055
2.10428310104 	 0.000599744
2.12290507538 	 0.000424939
2.14152704973 	 0.00022629
2.16014902407 	 0.000821411
2.17877099842 	 0.000287251
2.19739297277 	 0.000621396
2.21601494711 	 0.000726061
2.23463692146 	 0.000384085
2.2532588958 	 0.000359452
2.27188087015 	 0.000232256
2.29050284449 	 0.000351737
2.30912481884 	 0.000270794
2.32774679318 	 6.68612e-05
2.34636876753 	 0.000173762
2.36499074187 	 0.000177599
2.38361271622 	 0.000427141
2.40223469057 	 0.00034319
2.42085666491 	 0.000283703
2.43947863926 	 0.000120495
2.4581006136 	 0.00039674
2.47672258795 	 0.000269305
2.49534456229 	 0.000302626
2.51396653664 	 0.000332954
2.53258851098 	 0.000254618
2.55121048533 	 0.000324219
2.56983245967 	 0.000342257
2.58845443402 	 6.7248e-05
2.60707640837 	 0.000383454
2.62569838271 	 0.000272199
2.64432035706 	 0.000291995
2.6629423314 	 0.000497551
2.68156430575 	 0.000445489
2.70018628009 	 0.000255518
2.71880825444 	 0.000301685
2.73743022878 	 0.000100489
2.75605220313 	 0.00017249
2.77467417748 	 8.0814e-05
2.79329615182 	 0.000316626
2.81191812617 	 0.000251174
2.83054010051 	 0.000348846
2.84916207486 	 0.000369981
2.8677840492 	 0.000145649
2.88640602355 	 5.99551e-05
2.90502799789 	 0.00018435
2.92364997224 	 0.00013356
2.94227194658 	 0.000253724
2.96089392093 	 5.56095e-05
2.97951589528 	 0.000109698
2.99813786962 	 0.000119413
3.01675984397 	 0.000214326
3.03538181831 	 0.000346003
3.05400379266 	 0.000193839
3.072625767 	 0.000658643
3.09124774135 	 0.000421107
3.10986971569 	 9.99523e-05
3.12849169004 	 0.000161168
3.14711366438 	 0.000228443
3.16573563873 	 0.00047365
3.18435761308 	 0.000543876
3.20297958742 	 0.000623541
3.22160156177 	 0.000448041
3.24022353611 	 0.000369048
3.25884551046 	 0.000364778
3.2774674848 	 0.00029177
3.29608945915 	 0.000660239
3.31471143349 	 0.000185173
3.33333340784 	 0.000665061
3.35195538218 	 0.000719104
3.37057735653 	 0.000583239
3.38919933088 	 0.000730735
3.40782130522 	 0.000644767
3.42644327957 	 0.000759196
3.44506525391 	 0.000374223
3.46368722826 	 0.000269073
3.4823092026 	 0.000847268
3.50093117695 	 0.000884718
3.51955315129 	 0.000684591
3.53817512564 	 0.00124889
3.55679709998 	 0.000533678
3.57541907433 	 0.000951025
3.59404104868 	 0.000625459
3.61266302302 	 0.00210827
3.63128499737 	 0.00152056
3.64990697171 	 0.00139936
3.66852894606 	 0.00163862
3.6871509204 	 0.000507036
3.70577289475 	 0.000597023
3.72439486909 	 0.000427527
3.74301684344 	 0.00047488
3.76163881778 	 0.000620728
3.78026079213 	 0.00121093
3.79888276648 	 0.00113564
3.81750474082 	 0.000536207
3.83612671517 	 4.17084e-05
3.85474868951 	 0.000380127
3.87337066386 	 0.000632673
3.8919926382 	 0.000502056
3.91061461255 	 6.71275e-05
3.92923658689 	 0.000488759
3.94785856124 	 0.000423371
3.96648053559 	 8.50304e-05
3.98510250993 	 0.000146805
4.00372448428 	 0.000310539
4.02234645862 	 9.98282e-05
4.04096843297 	 0.000188
4.05959040731 	 5.44635e-05
4.07821238166 	 7.86547e-05
4.096834356 	 0.000143695
4.11545633035 	 0.000291446
4.13407830469 	 0.0001861
4.15270027904 	 9.21327e-05
4.17132225339 	 5.84224e-05
4.18994422773 	 0.000134029
4.20856620208 	 0.000171103
4.22718817642 	 3.94759e-05
4.24581015077 	 0.000120722
4.26443212511 	 6.32385e-05
4.28305409946 	 0.000116406
4.3016760738 	 0.000153798
4.32029804815 	 8.57402e-05
4.33892002249 	 0.000127374
4.35754199684 	 8.98042e-05
4.37616397119 	 0.000223086
4.39478594553 	 0.000142525
4.41340791988 	 7.82474e-05
4.43202989422 	 0.000150644
4.45065186857 	 3.70493e-05
4.46927384291 	 9.13522e-05
4.48789581726 	 2.96521e-05
4.5065177916 	 5.29071e-05
4.52513976595 	 6.74414e-05
4.54376174029 	 0.000102634
4.56238371464 	 9.9567e-05
4.58100568899 	 4.79995e-05
4.59962766333 	 3.84053e-05
4.61824963768 	 5.56128e-05
4.63687161202 	 7.69789e-05
4.65549358637 	 4.96528e-05
4.67411556071 	 5.30202e-05
4.69273753506 	 5.03221e-05
4.7113595094 	 6.61345e-05
4.72998148375 	 4.04312e-05
4.74860345809 	 3.86348e-05
4.76722543244 	 4.84026e-05
4.78584740679 	 4.22002e-05
4.80446938113 	 9.08903e-05
4.82309135548 	 2.26923e-05
4.84171332982 	 5.85387e-05
4.86033530417 	 4.81249e-05
4.87895727851 	 7.38498e-05
4.89757925286 	 9.72322e-05
4.9162012272 	 3.62816e-05
4.93482320155 	 6.20102e-05
4.9534451759 	 6.69004e-05
4.97206715024 	 4.14212e-06
4.99068912459 	 3.29146e-05
5.00931109893 	 1.35215e-05
5.02793307328 	 4.24355e-05
5.04655504762 	 1.77973e-05
5.06517702197 	 4.16624e-05
5.08379899631 	 3.81301e-05
5.10242097066 	 2.2099e-05
5.121042945 	 2.15639e-05
5.13966491935 	 3.60661e-05
5.1582868937 	 6.62282e-05
5.17690886804 	 2.75961e-05
5.19553084239 	 4.45649e-05
5.21415281673 	 5.98881e-05
5.23277479108 	 4.85434e-05
5.25139676542 	 3.40092e-05
5.27001873977 	 9.471e-06
5.28864071411 	 1.73221e-05
5.30726268846 	 1.68426e-05
5.3258846628 	 2.86496e-05
5.34450663715 	 2.34384e-05
5.3631286115 	 2.90519e-05
5.38175058584 	 2.60879e-05
5.40037256019 	 1.46096e-05
5.41899453453 	 9.18322e-06
5.43761650888 	 1.15926e-05
5.45623848322 	 8.80767e-06
5.47486045757 	 1.18185e-05
5.49348243191 	 1.61638e-05
5.51210440626 	 1.07034e-05
5.5307263806 	 1.59655e-05
5.54934835495 	 6.75936e-06
5.5679703293 	 1.61039e-05
5.58659230364 	 2.17709e-05
5.60521427799 	 4.43885e-06
5.62383625233 	 3.66153e-06
5.64245822668 	 1.19106e-05
5.66108020102 	 2.11567e-05
5.67970217537 	 1.02075e-05
5.69832414971 	 2.78981e-06
5.71694612406 	 5.60927e-06
5.7355680984 	 1.29118e-05
5.75419007275 	 1.98898e-05
5.7728120471 	 1.43923e-05
5.79143402144 	 2.12644e-06
5.81005599579 	 1.06817e-05
5.82867797013 	 1.74302e-05
5.84729994448 	 2.59616e-05
5.86592191882 	 1.82494e-05
5.88454389317 	 1.80581e-05
5.90316586751 	 2.3139e-05
5.92178784186 	 3.333e-05
5.9404098162 	 4.27134e-05
5.95903179055 	 2.46224e-05
5.9776537649 	 2.0499e-05
5.99627573924 	 2.92267e-05
6.01489771359 	 1.40731e-05
6.03351968793 	 2.37459e-05
6.05214166228 	 1.77363e-05
6.07076363662 	 1.01103e-05
6.08938561097 	 2.50841e-05
6.10800758531 	 2.24209e-05
6.12662955966 	 2.05858e-05
6.14525153401 	 5.91062e-06
6.16387350835 	 7.96145e-06
6.1824954827 	 3.11579e-06
6.20111745704 	 1.42008e-05
6.21973943139 	 1.24521e-05
6.23836140573 	 6.03563e-06
6.25698338008 	 1.54949e-05
6.27560535442 	 1.60413e-05
6.29422732877 	 6.22055e-06
6.31284930311 	 6.17143e-06
6.33147127746 	 7.01633e-06
6.35009325181 	 4.41494e-06
6.36871522615 	 1.92846e-06
6.3873372005 	 4.10032e-06
6.40595917484 	 6.87378e-06
6.42458114919 	 4.90132e-06
6.44320312353 	 1.21717e-05
6.46182509788 	 8.29474e-06
6.48044707222 	 1.20629e-05
6.49906904657 	 4.74908e-06
6.51769102091 	 8.71758e-06
6.53631299526 	 7.93128e-06
6.55493496961 	 1.3668e-05
6.57355694395 	 1.40269e-05
6.5921789183 	 1.72584e-05
6.61080089264 	 9.3868e-06
6.62942286699 	 1.39382e-05
6.64804484133 	 1.09713e-05
6.66666681568 	 5.38946e-06
6.68528879002 	 8.56415e-06
6.70391076437 	 9.92323e-06
6.72253273871 	 1.24159e-05
6.74115471306 	 1.47235e-05
6.75977668741 	 1.09897e-05
6.77839866175 	 1.96471e-05
6.7970206361 	 1.63661e-05
6.81564261044 	 8.45043e-06
6.83426458479 	 9.38206e-06
6.85288655913 	 4.69671e-06
6.87150853348 	 5.72572e-06
6.89013050782 	 4.67082e-06
6.90875248217 	 1.23617e-05
6.92737445651 	 8.65939e-06
6.94599643086 	 2.6105e-06
6.96461840521 	 6.45418e-06
6.98324037955 	 5.91364e-06
7.0018623539 	 1.20029e-05
7.02048432824 	 7.12291e-06
7.03910630259 	 8.47373e-06
7.05772827693 	 9.00032e-06
7.07635025128 	 8.73296e-06
7.09497222562 	 8.54708e-06
7.11359419997 	 1.20811e-05
7.13221617432 	 1.17048e-05
7.15083814866 	 5.97769e-06
7.16946012301 	 4.17406e-06
7.18808209735 	 9.32056e-06
7.2067040717 	 8.79465e-06
7.22532604604 	 9.86886e-06
7.24394802039 	 6.12099e-06
7.26256999473 	 2.17488e-06
7.28119196908 	 5.43348e-06
7.29981394342 	 7.53382e-06
7.31843591777 	 7.73832e-06
7.33705789212 	 1.06402e-05
7.35567986646 	 9.19187e-06
7.37430184081 	 5.46166e-06
7.39292381515 	 3.08723e-06
7.4115457895 	 5.89038e-06
7.43016776384 	 1.04788e-05
7.44878973819 	 8.1911e-06
7.46741171253 	 6.55713e-06
7.48603368688 	 1.15006e-05
7.50465566122 	 8.68828e-06
7.52327763557 	 6.46038e-06
7.54189960992 	 1.49084e-06
7.56052158426 	 4.64366e-06
7.57914355861 	 4.13683e-06
7.59776553295 	 5.39262e-06
7.6163875073 	 6.74233e-06
7.63500948164 	 7.31201e-06
7.65363145599 	 7.62675e-06
7.67225343033 	 2.8211e-06
7.69087540468 	 4.75244e-06
7.70949737902 	 7.01543e-06
7.72811935337 	 1.01336e-05
7.74674132772 	 7.22974e-06
7.76536330206 	 5.19382e-06
7.78398527641 	 6.57359e-06
7.80260725075 	 9.75774e-06
7.8212292251 	 1.12876e-05
7.83985119944 	 7.18215e-06
7.85847317379 	 1.24786e-05
7.87709514813 	 1.11514e-05
7.89571712248 	 1.007e-05
7.91433909682 	 1.05388e-05
7.93296107117 	 8.84227e-06
7.95158304552 	 6.46032e-06
7.97020501986 	 4.07933e-06
7.98882699421 	 5.95505e-06
8.00744896855 	 7.77141e-06
8.0260709429 	 4.22664e-06
8.04469291724 	 1.27037e-06
8.06331489159 	 2.60274e-06
8.08193686593 	 5.58249e-06
8.10055884028 	 4.56406e-06
8.11918081462 	 3.06954e-06
8.13780278897 	 3.38708e-06
8.15642476332 	 1.11074e-06
8.17504673766 	 2.97035e-06
8.19366871201 	 5.29386e-06
8.21229068635 	 6.66702e-06
8.2309126607 	 8.45163e-06
8.24953463504 	 8.53506e-06
8.26815660939 	 3.8352e-06
8.28677858373 	 9.35173e-07
8.30540055808 	 2.37941e-06
8.32402253243 	 4.58685e-06
8.34264450677 	 4.3477e-06
8.36126648112 	 3.92605e-06
8.37988845546 	 4.84944e-06
8.39851042981 	 4.79958e-06
8.41713240415 	 3.30078e-06
8.4357543785 	 3.31436e-06
8.45437635284 	 2.3823e-06
8.47299832719 	 1.16396e-06
8.49162030153 	 2.86184e-07
8.51024227588 	 6.10903e-07
8.52886425023 	 1.21589e-06
8.54748622457 	 1.48741e-06
8.56610819892 	 3.76776e-06
8.58473017326 	 4.19651e-06
8.60335214761 	 1.338e-06
8.62197412195 	 3.25664e-06
8.6405960963 	 1.54283e-06
8.65921807064 	 4.00571e-06
8.67784004499 	 6.87197e-06
8.69646201933 	 6.69381e-06
8.71508399368 	 7.1479e-06
8.73370596803 	 4.23401e-06
8.75232794237 	 2.0483e-06
8.77094991672 	 1.67643e-06
8.78957189106 	 3.16922e-06
8.80819386541 	 4.2752e-06
8.82681583975 	 6.88955e-07
8.8454378141 	 4.68717e-06
8.86405978844 	 5.3482e-06
8.88268176279 	 6.0201e-06
8.90130373713 	 5.86019e-06
8.91992571148 	 3.30696e-06
8.93854768583 	 2.09485e-06
8.95716966017 	 3.61124e-06
8.97579163452 	 5.20762e-06
8.99441360886 	 4.72888e-06
9.01303558321 	 4.10135e-06
9.03165755755 	 4.84689e-06
9.0502795319 	 6.15032e-06
9.06890150624 	 4.96202e-06
9.08752348059 	 2.15348e-06
9.10614545493 	 1.3081e-06
9.12476742928 	 2.12709e-06
9.14338940363 	 1.45265e-06
9.16201137797 	 1.15644e-06
9.18063335232 	 1.85262e-06
9.19925532666 	 7.46016e-07
9.21787730101 	 2.46746e-06
9.23649927535 	 1.76324e-06
9.2551212497 	 3.3256e-06
9.27374322404 	 3.95909e-06
9.29236519839 	 3.33595e-06
9.31098717274 	 5.22262e-06
9.32960914708 	 3.07406e-06
9.34823112143 	 2.15682e-06
9.36685309577 	 3.67039e-06
9.38547507012 	 3.76474e-06
9.40409704446 	 3.01497e-06
9.42271901881 	 1.9569e-06
9.44134099315 	 2.57516e-06
9.4599629675 	 3.3182e-06
9.47858494184 	 8.23657e-07
9.49720691619 	 2.49568e-06
9.51582889054 	 4.12618e-06
9.53445086488 	 5.4956e-06
9.55307283923 	 5.40242e-06
9.57169481357 	 5.11912e-06
9.59031678792 	 4.6995e-06
9.60893876226 	 2.90196e-06
9.62756073661 	 4.35398e-06
9.64618271095 	 2.90023e-06
9.6648046853 	 1.60171e-06
9.68342665964 	 3.55097e-06
9.70204863399 	 3.05903e-06
9.72067060834 	 3.77516e-07
9.73929258268 	 2.40393e-06
9.75791455703 	 3.21309e-06
9.77653653137 	 4.69036e-06
9.79515850572 	 5.83527e-06
9.81378048006 	 6.56331e-06
9.83240245441 	 4.45376e-06
9.85102442875 	 4.53481e-06
9.8696464031 	 3.48688e-06
9.88826837744 	 4.84095e-06
9.90689035179 	 5.3233e-06
9.92551232614 	 4.87697e-06
9.94413430048 	 3.92856e-06
9.96275627483 	 3.63848e-06
9.98137824917 	 3.67581e-06
10.0000002235 	 5.83277e-06
10.0186221979 	 5.86418e-06
10.0372441722 	 5.12043e-06
10.0558661466 	 4.91393e-06
10.0744881209 	 3.13739e-06
10.0931100952 	 5.94812e-07
10.1117320696 	 1.1741e-06
10.1303540439 	 1.88433e-06
10.1489760183 	 2.39367e-06
10.1675979926 	 1.30621e-06
10.186219967 	 8.99937e-07
10.2048419413 	 3.14445e-06
10.2234639157 	 4.54299e-06
10.24208589 	 5.29739e-06
10.2607078644 	 5.61982e-06
10.2793298387 	 4.69208e-06
10.297951813 	 3.06245e-06
10.3165737874 	 1.03257e-06
10.3351957617 	 1.16864e-06
10.3538177361 	 3.6453e-06
10.3724397104 	 3.75312e-06
10.3910616848 	 3.43521e-06
10.4096836591 	 2.4235e-06
10.4283056335 	 2.37476e-06
10.4469276078 	 3.40508e-06
10.4655495822 	 2.57611e-06
10.4841715565 	 1.30342e-06
10.5027935308 	 1.03179e-06
10.5214155052 	 1.1075e-06
10.5400374795 	 1.97766e-06
10.5586594539 	 1.44886e-06
10.5772814282 	 2.15825e-06
10.5959034026 	 1.74635e-06
10.6145253769 	 1.57133e-06
10.6331473513 	 2.73433e-06
10.6517693256 	 2.62998e-06
10.6703913 	 2.4808e-06
10.6890132743 	 2.25351e-06
10.7076352486 	 2.03116e-06
10.726257223 	 2.46456e-06
10.7448791973 	 2.45473e-06
10.7635011717 	 1.15675e-06
10.782123146 	 1.31448e-06
10.8007451204 	 1.78832e-06
10.8193670947 	 2.3298e-07
10.8379890691 	 1.11145e-06
10.8566110434 	 9.7861e-07
10.8752330178 	 2.66265e-06
10.8938549921 	 3.42802e-06
10.9124769664 	 3.47693e-06
10.9310989408 	 3.48222e-06
10.9497209151 	 2.82248e-06
10.9683428895 	 1.49301e-06
10.9869648638 	 2.28325e-06
11.0055868382 	 3.76093e-06
11.0242088125 	 2.56567e-06
11.0428307869 	 3.2172e-06
11.0614527612 	 2.45266e-06
11.0800747356 	 1.41778e-06
11.0986967099 	 1.24498e-06
11.1173186842 	 7.20525e-07
11.1359406586 	 3.17455e-06
11.1545626329 	 4.58296e-06
11.1731846073 	 5.32028e-06
11.1918065816 	 4.6112e-06
11.210428556 	 3.41533e-06
11.2290505303 	 3.17089e-06
11.2476725047 	 2.63528e-06
11.266294479 	 1.09057e-06
11.2849164534 	 1.08679e-06
11.3035384277 	 1.02627e-06
11.322160402 	 1.22264e-06
11.3407823764 	 1.72004e-06
11.3594043507 	 2.35414e-06
11.3780263251 	 2.34746e-06
11.3966482994 	 2.60462e-06
11.4152702738 	 2.36005e-06
11.4338922481 	 2.92175e-06
11.4525142225 	 2.40062e-06
11.4711361968 	 2.1779e-06
11.4897581712 	 2.49395e-06
11.5083801455 	 1.84211e-06
11.5270021198 	 1.89093e-06
11.5456240942 	 1.47846e-06
11.5642460685 	 7.13612e-07
11.5828680429 	 1.16409e-06
11.6014900172 	 1.42272e-06
11.6201119916 	 1.35683e-06
11.6387339659 	 1.64229e-06
11.6573559403 	 1.85095e-06
11.6759779146 	 9.51979e-07
11.694599889 	 6.95982e-07
11.7132218633 	 7.90044e-07
11.7318438376 	 6.67107e-07
11.750465812 	 5.50538e-07
11.7690877863 	 9.07068e-07
11.7877097607 	 1.33353e-06
11.806331735 	 1.32785e-06
11.8249537094 	 1.06273e-06
11.8435756837 	 8.53458e-07
11.8621976581 	 1.48995e-06
11.8808196324 	 1.84502e-06
11.8994416068 	 1.42488e-06
11.9180635811 	 1.40956e-06
11.9366855554 	 1.20219e-06
11.9553075298 	 1.12563e-06
11.9739295041 	 1.58399e-06
11.9925514785 	 1.10812e-06
12.0111734528 	 9.66405e-07
12.0297954272 	 8.92603e-07
12.0484174015 	 2.10934e-07
12.0670393759 	 8.97384e-07
12.0856613502 	 7.96167e-07
12.1042833246 	 5.15943e-07
12.1229052989 	 4.77938e-07
12.1415272732 	 2.14941e-07
12.1601492476 	 2.57803e-07
12.1787712219 	 4.25436e-07
12.1973931963 	 4.66997e-07
12.2160151706 	 9.73629e-08
12.234637145 	 5.51885e-07
12.2532591193 	 5.27046e-07
12.2718810937 	 4.23331e-07
12.290503068 	 2.95403e-07
12.3091250424 	 5.17074e-07
12.3277470167 	 4.83321e-07
12.346368991 	 2.89647e-07
12.3649909654 	 8.07308e-07
12.3836129397 	 8.69714e-07
12.4022349141 	 6.02866e-07
12.4208568884 	 4.31539e-07
12.4394788628 	 1.42338e-07
12.4581008371 	 6.6501e-08
12.4767228115 	 2.13785e-07
12.4953447858 	 4.71649e-07
12.5139667602 	 5.31735e-07
12.5325887345 	 5.93211e-07
12.5512107088 	 4.36421e-07
12.5698326832 	 3.73604e-07
12.5884546575 	 2.57193e-07
12.6070766319 	 2.07881e-07
12.6256986062 	 1.4217e-07
12.6443205806 	 4.08731e-07
12.6629425549 	 4.63871e-07
12.6815645293 	 2.21223e-07
12.7001865036 	 1.24648e-07
12.718808478 	 2.36706e-07
12.7374304523 	 4.66327e-07
12.7560524266 	 5.27359e-07
12.774674401 	 7.28034e-07
12.7932963753 	 7.73473e-07
12.8119183497 	 6.98925e-07
12.830540324 	 5.53232e-07
12.8491622984 	 3.48687e-07
12.8677842727 	 3.22088e-07
12.8864062471 	 4.02668e-07
12.9050282214 	 3.11422e-07
12.9236501958 	 4.07589e-07
12.9422721701 	 2.63845e-07
12.9608941444 	 3.47536e-07
12.9795161188 	 5.15052e-07
12.9981380931 	 4.20841e-07
13.0167600675 	 2.9639e-07
13.0353820418 	 9.41552e-08
13.0540040162 	 1.59818e-07
13.0726259905 	 2.58633e-07
13.0912479649 	 2.93083e-07
13.1098699392 	 3.3863e-07
13.1284919136 	 1.46783e-07
13.1471138879 	 1.23609e-07
13.1657358622 	 7.86253e-08
13.1843578366 	 1.62977e-07
13.2029798109 	 2.53011e-07
13.2216017853 	 3.92519e-07
13.2402237596 	 4.77112e-07
13.258845734 	 4.10685e-07
13.2774677083 	 2.59577e-07
13.2960896827 	 1.58934e-07
13.314711657 	 2.07613e-07
13.3333336314 	 1.75184e-07
13.3519556057 	 2.26709e-07
13.37057758 	 1.68168e-07
13.3891995544 	 8.86526e-08
13.4078215287 	 1.67676e-07
13.4264435031 	 1.4486e-07
13.4450654774 	 3.2825e-08
13.4636874518 	 1.84999e-07
13.4823094261 	 2.34797e-07
13.5009314005 	 1.85519e-07
13.5195533748 	 1.66943e-07
13.5381753492 	 1.70145e-07
13.5567973235 	 9.62356e-08
13.5754192978 	 1.01067e-07
13.5940412722 	 6.31423e-08
13.6126632465 	 1.52125e-07
13.6312852209 	 1.52889e-07
13.6499071952 	 1.67646e-07
13.6685291696 	 2.6674e-07
13.6871511439 	 2.1442e-07
13.7057731183 	 9.82018e-08
13.7243950926 	 1.6677e-07
13.743017067 	 8.36111e-08
13.7616390413 	 5.68129e-08
13.7802610156 	 1.04407e-07
13.79888299 	 1.66319e-07
13.8175049643 	 1.80989e-07
13.8361269387 	 1.90597e-07
13.854748913 	 2.24733e-07
13.8733708874 	 2.41046e-07
13.8919928617 	 2.33939e-07
13.9106148361 	 1.83724e-07
13.9292368104 	 1.25639e-07
13.9478587848 	 5.20843e-08
13.9664807591 	 4.31147e-08
13.9851027334 	 7.14554e-08
14.0037247078 	 1.61536e-07
14.0223466821 	 1.88595e-07
14.0409686565 	 1.81657e-07
14.0595906308 	 1.56305e-07
14.0782126052 	 1.00265e-07
14.0968345795 	 8.48303e-08
14.1154565539 	 1.12926e-07
14.1340785282 	 7.74296e-08
14.1527005026 	 6.04881e-08
14.1713224769 	 3.55181e-08
14.1899444512 	 1.20059e-07
14.2085664256 	 1.67441e-07
14.2271883999 	 1.48085e-07
14.2458103743 	 6.91883e-08
14.2644323486 	 3.34308e-08
14.283054323 	 2.68067e-08
14.3016762973 	 6.28127e-08
14.3202982717 	 3.86069e-08
14.338920246 	 1.08167e-07
14.3575422204 	 1.15703e-07
14.3761641947 	 8.63897e-08
14.394786169 	 1.00469e-07
14.4134081434 	 8.45698e-08
14.4320301177 	 5.33297e-08
14.4506520921 	 2.8885e-08
14.4692740664 	 2.87751e-08
14.4878960408 	 7.87128e-08
14.5065180151 	 1.00322e-07
14.5251399895 	 9.92035e-08
14.5437619638 	 1.37799e-07
14.5623839382 	 1.49422e-07
14.5810059125 	 8.82395e-08
14.5996278868 	 5.47689e-08
14.6182498612 	 3.53278e-08
14.6368718355 	 1.14543e-07
14.6554938099 	 1.08771e-07
14.6741157842 	 9.80008e-08
14.6927377586 	 8.07363e-08
14.7113597329 	 6.91889e-08
14.7299817073 	 6.16803e-08
14.7486036816 	 2.36625e-08
14.767225656 	 3.06902e-08
14.7858476303 	 4.74204e-08
14.8044696046 	 5.30008e-08
14.823091579 	 5.83492e-08
14.8417135533 	 5.63924e-08
14.8603355277 	 7.89785e-08
14.878957502 	 7.33862e-08
14.8975794764 	 4.91032e-08
14.9162014507 	 6.30866e-08
14.9348234251 	 2.52895e-08
14.9534453994 	 3.27994e-08
14.9720673738 	 3.54448e-08
14.9906893481 	 2.84021e-08
15.0093113224 	 3.79338e-09
15.0279332968 	 4.5753e-08
15.0465552711 	 4.0712e-08
15.0651772455 	 2.69632e-08
15.0837992198 	 4.05584e-08
15.1024211942 	 5.80819e-08
15.1210431685 	 6.75265e-08
15.1396651429 	 5.49389e-08
15.1582871172 	 3.69646e-08
15.1769090916 	 7.87893e-09
15.1955310659 	 2.90481e-08
15.2141530402 	 2.11191e-08
15.2327750146 	 1.94408e-08
15.2513969889 	 4.21057e-08
15.2700189633 	 3.90532e-08
15.2886409376 	 5.46708e-08
15.307262912 	 5.44529e-08
15.3258848863 	 4.59615e-08
15.3445068607 	 5.27323e-08
15.363128835 	 4.74574e-08
15.3817508094 	 2.33356e-08
15.4003727837 	 7.86904e-08
15.418994758 	 1.15055e-07
15.4376167324 	 1.17045e-07
15.4562387067 	 9.14438e-08
15.4748606811 	 7.48789e-08
15.4934826554 	 7.2535e-08
15.5121046298 	 6.66106e-08
15.5307266041 	 2.66776e-08
15.5493485785 	 2.6549e-08
15.5679705528 	 4.00492e-08
15.5865925272 	 6.64284e-08
15.6052145015 	 6.4165e-08
15.6238364758 	 4.92459e-08
15.6424584502 	 6.19157e-08
15.6610804245 	 4.85797e-08
15.6797023989 	 5.5912e-08
15.6983243732 	 4.10067e-08
15.7169463476 	 6.19904e-08
15.7355683219 	 6.41936e-08
15.7541902963 	 8.70854e-08
15.7728122706 	 1.04513e-07
15.791434245 	 7.85629e-08
15.8100562193 	 7.94991e-08
15.8286781936 	 4.94884e-08
15.847300168 	 2.09956e-08
15.8659221423 	 1.57959e-08
15.8845441167 	 6.21777e-09
15.903166091 	 1.48451e-08
15.9217880654 	 3.32463e-08
15.9404100397 	 1.9524e-08
15.9590320141 	 3.59455e-08
15.9776539884 	 4.31777e-08
15.9962759628 	 4.06766e-08
16.0148979371 	 3.61056e-08
16.0335199114 	 9.36833e-09
16.0521418858 	 7.76343e-09
16.0707638601 	 1.232e-08
16.0893858345 	 1.74095e-08
16.1080078088 	 2.69518e-08
16.1266297832 	 2.00167e-08
16.1452517575 	 5.10838e-08
16.1638737319 	 5.67658e-08
16.1824957062 	 5.63613e-08
16.2011176806 	 4.44758e-08
16.2197396549 	 2.75453e-08
16.2383616292 	 4.04716e-08
16.2569836036 	 2.33883e-08
16.2756055779 	 9.73793e-10
16.2942275523 	 3.42206e-08
16.3128495266 	 3.89146e-08
16.331471501 	 3.93525e-08
16.3500934753 	 3.29008e-08
16.3687154497 	 2.32611e-08
16.387337424 	 3.65762e-08
16.4059593984 	 4.28055e-08
16.4245813727 	 4.15493e-08
16.4432033471 	 3.31081e-08
16.4618253214 	 1.80589e-08
16.4804472957 	 1.01351e-08
16.4990692701 	 1.27909e-08
16.5176912444 	 3.44498e-08
16.5363132188 	 4.13503e-08
16.5549351931 	 4.336e-08
16.5735571675 	 5.1874e-08
16.5921791418 	 5.17727e-08
16.6108011162 	 5.47688e-08
16.6294230905 	 4.11823e-08
16.6480450649 	 4.51419e-08
16.6666670392 	 3.7498e-08
16.6852890135 	 2.30245e-08
16.7039109879 	 1.68976e-08
16.7225329622 	 1.61667e-08
16.7411549366 	 2.06914e-08
16.7597769109 	 1.62225e-08
16.7783988853 	 1.6245e-08
16.7970208596 	 7.96159e-09
16.815642834 	 1.77282e-08
16.8342648083 	 2.19815e-08
16.8528867827 	 1.72923e-08
16.871508757 	 1.04335e-08
16.8901307313 	 2.59244e-08
16.9087527057 	 2.89864e-08
16.92737468 	 3.27662e-08
16.9459966544 	 2.67351e-08
16.9646186287 	 2.65244e-08
16.9832406031 	 2.62736e-08
17.0018625774 	 2.35111e-08
17.0204845518 	 9.7229e-09
17.0391065261 	 2.37755e-08
17.0577285005 	 2.22818e-08
17.0763504748 	 1.73918e-08
17.0949724491 	 5.84902e-09
17.1135944235 	 3.1001e-08
17.1322163978 	 3.06703e-08
17.1508383722 	 2.17314e-08
17.1694603465 	 1.49512e-08
17.1880823209 	 3.23688e-08
17.2067042952 	 4.12197e-08
17.2253262696 	 3.15497e-08
17.2439482439 	 2.32561e-08
17.2625702183 	 1.06336e-08
17.2811921926 	 6.53247e-09
17.2998141669 	 6.06716e-09
17.3184361413 	 1.43592e-08
17.3370581156 	 2.54639e-08
17.35568009 	 2.52246e-08
17.3743020643 	 2.10354e-08
17.3929240387 	 2.55866e-08
17.411546013 	 2.37111e-08
17.4301679874 	 2.90042e-08
17.4487899617 	 2.73153e-08
17.4674119361 	 1.91099e-08
17.4860339104 	 1.79362e-08
17.5046558847 	 1.5806e-08
17.5232778591 	 1.27381e-08
17.5418998334 	 1.91724e-08
17.5605218078 	 2.60301e-08
17.5791437821 	 2.4258e-08
17.5977657565 	 1.59185e-08
17.6163877308 	 1.67725e-08
17.6350097052 	 1.68728e-08
17.6536316795 	 2.01354e-08
17.6722536539 	 1.47172e-08
17.6908756282 	 1.38811e-08
17.7094976025 	 1.63233e-08
17.7281195769 	 1.13846e-08
17.7467415512 	 2.14742e-08
17.7653635256 	 2.97753e-08
17.7839854999 	 3.3037e-08
17.8026074743 	 2.52994e-08
17.8212294486 	 2.2344e-08
17.839851423 	 1.95606e-08
17.8584733973 	 1.49938e-08
17.8770953717 	 1.07404e-08
17.895717346 	 8.62072e-09
17.9143393203 	 8.4046e-09
17.9329612947 	 1.17102e-08
17.951583269 	 2.0262e-08
17.9702052434 	 3.53349e-08
17.9888272177 	 3.96307e-08
18.0074491921 	 3.96959e-08
18.0260711664 	 3.37728e-08
18.0446931408 	 2.41767e-08
18.0633151151 	 1.93837e-08
18.0819370895 	 1.88393e-08
18.1005590638 	 1.41203e-08
18.1191810381 	 1.36844e-08
18.1378030125 	 6.52073e-09
18.1564249868 	 9.56145e-09
18.1750469612 	 1.84255e-08
18.1936689355 	 2.57631e-08
18.2122909099 	 2.80774e-08
18.2309128842 	 2.46882e-08
18.2495348586 	 2.11368e-08
18.2681568329 	 1.42613e-08
18.2867788073 	 1.05538e-08
18.3054007816 	 1.54451e-08
18.3240227559 	 1.87435e-08
18.3426447303 	 1.83186e-08
18.3612667046 	 1.74502e-08
18.379888679 	 2.21525e-08
18.3985106533 	 3.05421e-08
18.4171326277 	 2.68219e-08
18.435754602 	 2.11276e-08
18.4543765764 	 1.59301e-08
18.4729985507 	 1.48816e-08
18.4916205251 	 9.8822e-09
18.5102424994 	 1.03178e-08
18.5288644737 	 1.47287e-08
18.5474864481 	 1.87508e-08
18.5661084224 	 2.34007e-08
18.5847303968 	 2.76769e-08
18.6033523711 	 2.86949e-08
18.6219743455 	 2.72669e-08
18.6405963198 	 2.62658e-08
18.6592182942 	 2.47589e-08
18.6778402685 	 2.09353e-08
18.6964622429 	 1.39527e-08
18.7150842172 	 8.9019e-09
18.7337061915 	 9.42384e-09
18.7523281659 	 1.20486e-08
18.7709501402 	 1.31412e-08
18.7895721146 	 1.51819e-08
18.8081940889 	 1.64732e-08
18.8268160633 	 2.19194e-08
18.8454380376 	 2.12185e-08
18.864060012 	 1.94413e-08
18.8826819863 	 1.87879e-08
18.9013039607 	 2.08013e-08
18.919925935 	 2.3162e-08
18.9385479093 	 2.22983e-08
18.9571698837 	 1.78458e-08
18.975791858 	 2.05078e-08
18.9944138324 	 2.11441e-08
19.0130358067 	 1.69972e-08
19.0316577811 	 1.79595e-08
19.0502797554 	 1.36415e-08
19.0689017298 	 1.35799e-08
19.0875237041 	 1.17951e-08
19.1061456785 	 1.96099e-08
19.1247676528 	 2.10271e-08
19.1433896271 	 1.61233e-08
19.1620116015 	 1.96138e-08
19.1806335758 	 1.82013e-08
19.1992555502 	 1.97407e-08
19.2178775245 	 1.79553e-08
19.2364994989 	 1.79789e-08
19.2551214732 	 1.31418e-08
19.2737434476 	 1.07998e-08
19.2923654219 	 1.63567e-08
19.3109873963 	 1.97073e-08
19.3296093706 	 1.72545e-08
19.3482313449 	 1.73673e-08
19.3668533193 	 1.65398e-08
19.3854752936 	 1.72864e-08
19.404097268 	 2.1865e-08
19.4227192423 	 2.30004e-08
19.4413412167 	 2.09659e-08
19.459963191 	 1.67941e-08
19.4785851654 	 1.5946e-08
19.4972071397 	 2.10169e-08
19.5158291141 	 2.20852e-08
19.5344510884 	 1.92251e-08
19.5530730627 	 1.50341e-08
19.5716950371 	 1.33764e-08
19.5903170114 	 1.23115e-08
19.6089389858 	 1.4257e-08
19.6275609601 	 1.26108e-08
19.6461829345 	 1.65682e-08
19.6648049088 	 1.42192e-08
19.6834268832 	 1.48827e-08
19.7020488575 	 1.55939e-08
19.7206708319 	 2.10823e-08
19.7392928062 	 2.21767e-08
19.7579147805 	 2.07164e-08
19.7765367549 	 1.97636e-08
19.7951587292 	 1.91941e-08
19.8137807036 	 1.96328e-08
19.8324026779 	 1.80369e-08
19.8510246523 	 1.74108e-08
19.8696466266 	 1.93932e-08
19.888268601 	 1.80076e-08
19.9068905753 	 1.55501e-08
19.9255125497 	 1.35815e-08
19.944134524 	 1.60876e-08
19.9627564983 	 1.61889e-08
19.9813784727 	 1.56593e-08
20.000000447 	 1.39757e-08
20.0186224214 	 1.46982e-08
20.0372443957 	 1.54199e-08
20.0558663701 	 1.58976e-08
20.0744883444 	 1.80193e-08
20.0931103188 	 1.6399e-08
20.1117322931 	 1.66456e-08
20.1303542675 	 1.48962e-08
20.1489762418 	 1.53663e-08
20.1675982161 	 1.83735e-08
20.1862201905 	 1.95113e-08
20.2048421648 	 1.73371e-08
20.2234641392 	 1.87558e-08
20.2420861135 	 1.91647e-08
20.2607080879 	 2.01051e-08
20.2793300622 	 1.73859e-08
20.2979520366 	 1.77135e-08
20.3165740109 	 1.66786e-08
20.3351959853 	 1.57072e-08
20.3538179596 	 1.58488e-08
20.3724399339 	 1.62631e-08
20.3910619083 	 1.63285e-08
20.4096838826 	 1.52223e-08
20.428305857 	 1.50103e-08
20.4469278313 	 1.55046e-08
20.4655498057 	 1.53143e-08
20.48417178 	 1.47284e-08
20.5027937544 	 1.46542e-08
20.5214157287 	 1.47768e-08
20.5400377031 	 1.50886e-08
20.5586596774 	 1.61958e-08
20.5772816517 	 1.81966e-08
20.5959036261 	 1.76875e-08
20.6145256004 	 1.75433e-08
20.6331475748 	 1.70947e-08
20.6517695491 	 2.02103e-08
20.6703915235 	 2.08628e-08
20.6890134978 	 1.89915e-08
20.7076354722 	 1.49744e-08
20.7262574465 	 1.58065e-08
20.7448794209 	 1.5645e-08
20.7635013952 	 1.59877e-08
20.7821233695 	 1.67998e-08
20.8007453439 	 1.66607e-08
20.8193673182 	 1.38118e-08
20.8379892926 	 1.33639e-08
20.8566112669 	 1.50086e-08
20.8752332413 	 1.63809e-08
20.8938552156 	 1.46462e-08
20.91247719 	 1.50211e-08
20.9310991643 	 1.5785e-08
20.9497211387 	 1.58455e-08
20.968343113 	 1.71851e-08
20.9869650873 	 1.78199e-08
21.0055870617 	 1.90563e-08
21.024209036 	 1.78984e-08
21.0428310104 	 1.61366e-08
21.0614529847 	 1.5113e-08
21.0800749591 	 1.78263e-08
21.0986969334 	 1.77428e-08
21.1173189078 	 1.52186e-08
21.1359408821 	 1.39426e-08
21.1545628565 	 1.59826e-08
21.1731848308 	 1.66822e-08
21.1918068051 	 1.68894e-08
21.2104287795 	 1.5757e-08
21.2290507538 	 1.57327e-08
21.2476727282 	 1.46255e-08
21.2662947025 	 1.45781e-08
21.2849166769 	 1.54622e-08
21.3035386512 	 1.59276e-08
21.3221606256 	 1.58398e-08
21.3407825999 	 1.44594e-08
21.3594045743 	 1.55759e-08
21.3780265486 	 1.69293e-08
21.3966485229 	 1.77912e-08
21.4152704973 	 1.78805e-08
21.4338924716 	 1.64623e-08
21.452514446 	 1.55076e-08
21.4711364203 	 1.42521e-08
21.4897583947 	 1.4542e-08
21.508380369 	 1.62711e-08
21.5270023434 	 1.66018e-08
21.5456243177 	 1.5782e-08
21.5642462921 	 1.59195e-08
21.5828682664 	 1.67014e-08
21.6014902407 	 1.66697e-08
21.6201122151 	 1.65164e-08
21.6387341894 	 1.65661e-08
21.6573561638 	 1.5463e-08
21.6759781381 	 1.37346e-08
21.6946001125 	 1.44578e-08
21.7132220868 	 1.49066e-08
21.7318440612 	 1.44069e-08
21.7504660355 	 1.50028e-08
21.7690880099 	 1.55796e-08
21.7877099842 	 1.56991e-08
21.8063319585 	 1.61544e-08
21.8249539329 	 1.73285e-08
21.8435759072 	 1.69585e-08
21.8621978816 	 1.6369e-08
21.8808198559 	 1.61283e-08
21.8994418303 	 1.58532e-08
21.9180638046 	 1.54553e-08
21.936685779 	 1.52814e-08
21.9553077533 	 1.51976e-08
21.9739297277 	 1.52024e-08
21.992551702 	 1.49485e-08
22.0111736763 	 1.4444e-08
22.0297956507 	 1.47686e-08
22.048417625 	 1.5131e-08
22.0670395994 	 1.54311e-08
22.0856615737 	 1.61419e-08
22.1042835481 	 1.53853e-08
22.1229055224 	 1.50789e-08
22.1415274968 	 1.54162e-08
22.1601494711 	 1.63351e-08
22.1787714455 	 1.62539e-08
22.1973934198 	 1.64706e-08
22.2160153941 	 1.58119e-08
22.2346373685 	 1.54463e-08
22.2532593428 	 1.4928e-08
22.2718813172 	 1.54168e-08
22.2905032915 	 1.52648e-08
22.3091252659 	 1.50067e-08
22.3277472402 	 1.49474e-08
22.3463692146 	 1.42794e-08
22.3649911889 	 1.41882e-08
22.3836131633 	 1.45249e-08
22.4022351376 	 1.50023e-08
22.4208571119 	 1.59036e-08
22.4394790863 	 1.57271e-08
22.4581010606 	 1.56935e-08
22.476723035 	 1.55956e-08
22.4953450093 	 1.59368e-08
22.5139669837 	 1.61263e-08
22.532588958 	 1.57868e-08
22.5512109324 	 1.54204e-08
22.5698329067 	 1.47749e-08
22.5884548811 	 1.46943e-08
22.6070768554 	 1.46424e-08
22.6256988297 	 1.48645e-08
22.6443208041 	 1.50368e-08
22.6629427784 	 1.51606e-08
22.6815647528 	 1.49357e-08
22.7001867271 	 1.49712e-08
22.7188087015 	 1.48642e-08
22.7374306758 	 1.51038e-08
22.7560526502 	 1.5198e-08
22.7746746245 	 1.52586e-08
22.7932965989 	 1.46185e-08
22.8119185732 	 1.48189e-08
22.8305405475 	 1.52021e-08
22.8491625219 	 1.5105e-08
22.8677844962 	 1.55411e-08
22.8864064706 	 1.51423e-08
22.9050284449 	 1.48425e-08
22.9236504193 	 1.47338e-08
22.9422723936 	 1.5115e-08
22.960894368 	 1.50723e-08
22.9795163423 	 1.48071e-08
22.9981383167 	 1.48277e-08
23.016760291 	 1.5011e-08
23.0353822653 	 1.50865e-08
23.0540042397 	 1.54707e-08
23.072626214 	 1.5371e-08
23.0912481884 	 1.51331e-08
23.1098701627 	 1.48698e-08
23.1284921371 	 1.43256e-08
23.1471141114 	 1.44199e-08
23.1657360858 	 1.4512e-08
23.1843580601 	 1.46484e-08
23.2029800345 	 1.42894e-08
23.2216020088 	 1.44323e-08
23.2402239831 	 1.45158e-08
23.2588459575 	 1.49215e-08
23.2774679318 	 1.49842e-08
23.2960899062 	 1.50875e-08
23.3147118805 	 1.5067e-08
23.3333338549 	 1.49959e-08
23.3519558292 	 1.49305e-08
23.3705778036 	 1.51711e-08
23.3891997779 	 1.50833e-08
23.4078217523 	 1.49557e-08
23.4264437266 	 1.48378e-08
23.4450657009 	 1.47193e-08
23.4636876753 	 1.45854e-08
23.4823096496 	 1.45877e-08
23.500931624 	 1.46035e-08
23.5195535983 	 1.44167e-08
23.5381755727 	 1.40197e-08
23.556797547 	 1.42275e-08
23.5754195214 	 1.42699e-08
23.5940414957 	 1.45982e-08
23.6126634701 	 1.4726e-08
23.6312854444 	 1.46844e-08
23.6499074187 	 1.47889e-08
23.6685293931 	 1.4893e-08
23.6871513674 	 1.48284e-08
23.7057733418 	 1.4606e-08
23.7243953161 	 1.4574e-08
23.7430172905 	 1.44752e-08
23.7616392648 	 1.44145e-08
23.7802612392 	 1.43986e-08
23.7988832135 	 1.45528e-08
23.8175051879 	 1.46181e-08
23.8361271622 	 1.47478e-08
23.8547491365 	 1.47017e-08
23.8733711109 	 1.46593e-08
23.8919930852 	 1.45868e-08
23.9106150596 	 1.44833e-08
23.9292370339 	 1.43464e-08
23.9478590083 	 1.42915e-08
23.9664809826 	 1.42626e-08
23.985102957 	 1.41366e-08
24.0037249313 	 1.4172e-08
24.0223469057 	 1.41711e-08
24.04096888 	 1.43969e-08
24.0595908543 	 1.45204e-08
24.0782128287 	 1.43057e-08
24.096834803 	 1.43478e-08
24.1154567774 	 1.44489e-08
24.1340787517 	 1.4498e-08
24.1527007261 	 1.43842e-08
24.1713227004 	 1.44728e-08
24.1899446748 	 1.45244e-08
24.2085666491 	 1.4464e-08
24.2271886235 	 1.43494e-08
24.2458105978 	 1.42045e-08
24.2644325721 	 1.43126e-08
24.2830545465 	 1.44456e-08
24.3016765208 	 1.43303e-08
24.3202984952 	 1.43812e-08
24.3389204695 	 1.43305e-08
24.3575424439 	 1.41211e-08
24.3761644182 	 1.39951e-08
24.3947863926 	 1.40643e-08
24.4134083669 	 1.41211e-08
24.4320303413 	 1.39935e-08
24.4506523156 	 1.39571e-08
24.4692742899 	 1.40126e-08
24.4878962643 	 1.42281e-08
24.5065182386 	 1.43618e-08
24.525140213 	 1.44678e-08
24.5437621873 	 1.44012e-08
24.5623841617 	 1.42301e-08
24.581006136 	 1.41956e-08
24.5996281104 	 1.41347e-08
24.6182500847 	 1.41197e-08
24.6368720591 	 1.40885e-08
24.6554940334 	 1.39867e-08
24.6741160077 	 1.39631e-08
24.6927379821 	 1.40104e-08
24.7113599564 	 1.41376e-08
24.7299819308 	 1.42264e-08
24.7486039051 	 1.42449e-08
24.7672258795 	 1.41568e-08
24.7858478538 	 1.40553e-08
24.8044698282 	 1.39413e-08
24.8230918025 	 1.39479e-08
24.8417137769 	 1.39544e-08
24.8603357512 	 1.40083e-08
24.8789577255 	 1.39088e-08
24.8975796999 	 1.38916e-08
24.9162016742 	 1.39478e-08
24.9348236486 	 1.39836e-08
24.9534456229 	 1.40107e-08
24.9720675973 	 1.40672e-08
24.9906895716 	 1.3956e-08
25.009311546 	 1.38918e-08
25.0279335203 	 1.39603e-08
25.0465554947 	 1.39576e-08
25.065177469 	 1.39906e-08
25.0837994433 	 1.39971e-08
25.1024214177 	 1.39701e-08
25.121043392 	 1.39619e-08
25.1396653664 	 1.39601e-08
25.1582873407 	 1.39486e-08
25.1769093151 	 1.38704e-08
25.1955312894 	 1.38209e-08
25.2141532638 	 1.37451e-08
25.2327752381 	 1.3681e-08
25.2513972125 	 1.37285e-08
25.2700191868 	 1.38146e-08
25.2886411611 	 1.3841e-08
25.3072631355 	 1.38288e-08
25.3258851098 	 1.38514e-08
25.3445070842 	 1.38211e-08
25.3631290585 	 1.38625e-08
25.3817510329 	 1.38336e-08
25.4003730072 	 1.38007e-08
25.4189949816 	 1.38192e-08
25.4376169559 	 1.37686e-08
25.4562389303 	 1.37677e-08
25.4748609046 	 1.37451e-08
25.4934828789 	 1.37849e-08
25.5121048533 	 1.37279e-08
25.5307268276 	 1.37071e-08
25.549348802 	 1.36414e-08
25.5679707763 	 1.36323e-08
25.5865927507 	 1.36543e-08
25.605214725 	 1.37013e-08
25.6238366994 	 1.37167e-08
25.6424586737 	 1.37117e-08
25.6610806481 	 1.37207e-08
25.6797026224 	 1.37012e-08
25.6983245967 	 1.3724e-08
25.7169465711 	 1.36871e-08
25.7355685454 	 1.36381e-08
25.7541905198 	 1.35789e-08
25.7728124941 	 1.36006e-08
25.7914344685 	 1.35149e-08
25.8100564428 	 1.35782e-08
25.8286784172 	 1.3527e-08
25.8473003915 	 1.36093e-08
25.8659223659 	 1.35742e-08
25.8845443402 	 1.36347e-08
25.9031663145 	 1.35879e-08
25.9217882889 	 1.36426e-08
25.9404102632 	 1.36086e-08
25.9590322376 	 1.36203e-08
25.9776542119 	 1.35691e-08
25.9962761863 	 1.35199e-08
26.0148981606 	 1.34617e-08
26.033520135 	 1.35165e-08
26.0521421093 	 1.35261e-08
26.0707640837 	 1.34947e-08
26.089386058 	 1.34615e-08
26.1080080323 	 1.34491e-08
26.1266300067 	 1.34614e-08
26.145251981 	 1.34857e-08
26.1638739554 	 1.34939e-08
26.1824959297 	 1.34779e-08
26.2011179041 	 1.34316e-08
26.2197398784 	 1.33967e-08
26.2383618528 	 1.34322e-08
26.2569838271 	 1.34566e-08
26.2756058015 	 1.34796e-08
26.2942277758 	 1.34488e-08
26.3128497501 	 1.34739e-08
26.3314717245 	 1.33979e-08
26.3500936988 	 1.3379e-08
26.3687156732 	 1.33402e-08
26.3873376475 	 1.33671e-08
26.4059596219 	 1.33691e-08
26.4245815962 	 1.33671e-08
26.4432035706 	 1.33012e-08
26.4618255449 	 1.32972e-08
26.4804475193 	 1.33521e-08
26.4990694936 	 1.34087e-08
26.5176914679 	 1.33876e-08
26.5363134423 	 1.33626e-08
26.5549354166 	 1.33312e-08
26.573557391 	 1.3313e-08
26.5921793653 	 1.32972e-08
26.6108013397 	 1.33197e-08
26.629423314 	 1.33224e-08
26.6480452884 	 1.32751e-08
26.6666672627 	 1.32106e-08
26.6852892371 	 1.31875e-08
26.7039112114 	 1.32215e-08
26.7225331857 	 1.327e-08
26.7411551601 	 1.32503e-08
26.7597771344 	 1.3256e-08
26.7783991088 	 1.32381e-08
26.7970210831 	 1.32506e-08
26.8156430575 	 1.32541e-08
26.8342650318 	 1.32549e-08
26.8528870062 	 1.32181e-08
26.8715089805 	 1.31922e-08
26.8901309549 	 1.31658e-08
26.9087529292 	 1.31425e-08
26.9273749035 	 1.31761e-08
26.9459968779 	 1.3173e-08
26.9646188522 	 1.31382e-08
26.9832408266 	 1.31296e-08
27.0018628009 	 1.31649e-08
27.0204847753 	 1.31435e-08
27.0391067496 	 1.3182e-08
27.057728724 	 1.31655e-08
27.0763506983 	 1.31476e-08
27.0949726727 	 1.31401e-08
27.113594647 	 1.31302e-08
27.1322166213 	 1.31149e-08
27.1508385957 	 1.31291e-08
27.16946057 	 1.30694e-08
27.1880825444 	 1.30652e-08
27.2067045187 	 1.30384e-08
27.2253264931 	 1.30451e-08
27.2439484674 	 1.30366e-08
27.2625704418 	 1.30257e-08
27.2811924161 	 1.30302e-08
27.2998143905 	 1.30191e-08
27.3184363648 	 1.30413e-08
27.3370583392 	 1.3026e-08
27.3556803135 	 1.30535e-08
27.3743022878 	 1.3038e-08
27.3929242622 	 1.30178e-08
27.4115462365 	 1.30169e-08
27.4301682109 	 1.30303e-08
27.4487901852 	 1.30369e-08
27.4674121596 	 1.30141e-08
27.4860341339 	 1.29856e-08
27.5046561083 	 1.29971e-08
27.5232780826 	 1.29825e-08
27.541900057 	 1.29527e-08
27.5605220313 	 1.29483e-08
27.5791440056 	 1.29242e-08
27.59776598 	 1.28892e-08
27.6163879543 	 1.28914e-08
27.6350099287 	 1.28866e-08
27.653631903 	 1.28891e-08
27.6722538774 	 1.28916e-08
27.6908758517 	 1.29128e-08
27.7094978261 	 1.29261e-08
27.7281198004 	 1.29088e-08
27.7467417748 	 1.29088e-08
27.7653637491 	 1.29167e-08
27.7839857234 	 1.29017e-08
27.8026076978 	 1.29003e-08
27.8212296721 	 1.2875e-08
27.8398516465 	 1.28535e-08
27.8584736208 	 1.28311e-08
27.8770955952 	 1.28391e-08
27.8957175695 	 1.28436e-08
27.9143395439 	 1.28439e-08
27.9329615182 	 1.28269e-08
27.9515834926 	 1.28151e-08
27.9702054669 	 1.28255e-08
27.9888274412 	 1.27983e-08
28.0074494156 	 1.27918e-08
28.0260713899 	 1.27681e-08
28.0446933643 	 1.27835e-08
28.0633153386 	 1.27635e-08
28.081937313 	 1.27485e-08
28.1005592873 	 1.2738e-08
28.1191812617 	 1.27739e-08
28.137803236 	 1.27673e-08
28.1564252104 	 1.27631e-08
28.1750471847 	 1.27732e-08
28.193669159 	 1.27706e-08
28.2122911334 	 1.27483e-08
28.2309131077 	 1.27318e-08
28.2495350821 	 1.27285e-08
28.2681570564 	 1.27225e-08
28.2867790308 	 1.27158e-08
28.3054010051 	 1.27146e-08
28.3240229795 	 1.27126e-08
28.3426449538 	 1.26879e-08
28.3612669282 	 1.26913e-08
28.3798889025 	 1.26868e-08
28.3985108768 	 1.26759e-08
28.4171328512 	 1.26545e-08
28.4357548255 	 1.26131e-08
28.4543767999 	 1.26111e-08
28.4729987742 	 1.26309e-08
28.4916207486 	 1.26376e-08
28.5102427229 	 1.26394e-08
28.5288646973 	 1.2616e-08
28.5474866716 	 1.26175e-08
28.566108646 	 1.26389e-08
28.5847306203 	 1.26503e-08
28.6033525946 	 1.26434e-08
28.621974569 	 1.26333e-08
28.6405965433 	 1.26084e-08
28.6592185177 	 1.25815e-08
28.677840492 	 1.25788e-08
28.6964624664 	 1.2569e-08
28.7150844407 	 1.25842e-08
28.7337064151 	 1.25732e-08
28.7523283894 	 1.25703e-08
28.7709503638 	 1.25374e-08
28.7895723381 	 1.25316e-08
28.8081943124 	 1.25388e-08
28.8268162868 	 1.2547e-08
28.8454382611 	 1.25195e-08
28.8640602355 	 1.2504e-08
28.8826822098 	 1.25063e-08
28.9013041842 	 1.25202e-08
28.9199261585 	 1.25103e-08
28.9385481329 	 1.25312e-08
28.9571701072 	 1.25132e-08
28.9757920816 	 1.25076e-08
28.9944140559 	 1.24803e-08
29.0130360302 	 1.24921e-08
29.0316580046 	 1.24742e-08
29.0502799789 	 1.24693e-08
29.0689019533 	 1.24586e-08
29.0875239276 	 1.24539e-08
29.106145902 	 1.24444e-08
29.1247678763 	 1.24399e-08
29.1433898507 	 1.24248e-08
29.162011825 	 1.24423e-08
29.1806337994 	 1.24399e-08
29.1992557737 	 1.24408e-08
29.217877748 	 1.24248e-08
29.2364997224 	 1.2416e-08
29.2551216967 	 1.2403e-08
29.2737436711 	 1.24054e-08
29.2923656454 	 1.24016e-08
29.3109876198 	 1.23964e-08
29.3296095941 	 1.23886e-08
29.3482315685 	 1.23744e-08
29.3668535428 	 1.23649e-08
29.3854755172 	 1.23555e-08
29.4040974915 	 1.23594e-08
29.4227194658 	 1.23528e-08
29.4413414402 	 1.23664e-08
29.4599634145 	 1.23543e-08
29.4785853889 	 1.23391e-08
29.4972073632 	 1.23386e-08
29.5158293376 	 1.23358e-08
29.5344513119 	 1.23314e-08
29.5530732863 	 1.23334e-08
29.5716952606 	 1.2311e-08
29.590317235 	 1.23148e-08
29.6089392093 	 1.23022e-08
29.6275611836 	 1.2308e-08
29.646183158 	 1.2289e-08
29.6648051323 	 1.23069e-08
29.6834271067 	 1.22685e-08
29.702049081 	 1.22897e-08
29.7206710554 	 1.22566e-08
29.7392930297 	 1.22563e-08
29.7579150041 	 1.22449e-08
29.7765369784 	 1.22548e-08
29.7951589528 	 1.22466e-08
29.8137809271 	 1.22529e-08
29.8324029014 	 1.22315e-08
29.8510248758 	 1.22374e-08
29.8696468501 	 1.2244e-08
29.8882688245 	 1.22444e-08
29.9068907988 	 1.22231e-08
29.9255127732 	 1.22209e-08
29.9441347475 	 1.22188e-08
29.9627567219 	 1.22194e-08
29.9813786962 	 1.22011e-08
30.0000006706 	 1.218e-08
30.0186226449 	 1.21766e-08
30.0372446192 	 1.21792e-08
30.0558665936 	 1.21865e-08
30.0744885679 	 1.21641e-08
30.0931105423 	 1.21652e-08
30.1117325166 	 1.21559e-08
30.130354491 	 1.21734e-08
30.1489764653 	 1.21573e-08
30.1675984397 	 1.21429e-08
30.186220414 	 1.21453e-08
30.2048423884 	 1.21399e-08
30.2234643627 	 1.21267e-08
30.242086337 	 1.21191e-08
30.2607083114 	 1.21306e-08
30.2793302857 	 1.2126e-08
30.2979522601 	 1.21088e-08
30.3165742344 	 1.20987e-08
30.3351962088 	 1.20907e-08
30.3538181831 	 1.2103e-08
30.3724401575 	 1.21e-08
30.3910621318 	 1.2097e-08
30.4096841062 	 1.20821e-08
30.4283060805 	 1.2072e-08
30.4469280548 	 1.20711e-08
30.4655500292 	 1.20773e-08
30.4841720035 	 1.20675e-08
30.5027939779 	 1.2054e-08
30.5214159522 	 1.20487e-08
30.5400379266 	 1.20299e-08
30.5586599009 	 1.20348e-08
30.5772818753 	 1.2042e-08
30.5959038496 	 1.20502e-08
30.614525824 	 1.20335e-08
30.6331477983 	 1.20156e-08
30.6517697726 	 1.20304e-08
30.670391747 	 1.20149e-08
30.6890137213 	 1.20199e-08
30.7076356957 	 1.2002e-08
30.72625767 	 1.20012e-08
30.7448796444 	 1.19881e-08
30.7635016187 	 1.19775e-08
30.7821235931 	 1.1967e-08
30.8007455674 	 1.19753e-08
30.8193675418 	 1.19735e-08
30.8379895161 	 1.19844e-08
30.8566114904 	 1.19667e-08
30.8752334648 	 1.19613e-08
30.8938554391 	 1.1965e-08
30.9124774135 	 1.19597e-08
30.9310993878 	 1.19499e-08
30.9497213622 	 1.19473e-08
30.9683433365 	 1.19299e-08
30.9869653109 	 1.19216e-08
31.0055872852 	 1.19208e-08
31.0242092596 	 1.1916e-08
31.0428312339 	 1.19176e-08
31.0614532082 	 1.19234e-08
31.0800751826 	 1.19186e-08
31.0986971569 	 1.19058e-08
31.1173191313 	 1.19017e-08
31.1359411056 	 1.18839e-08
31.15456308 	 1.18873e-08
31.1731850543 	 1.18841e-08
31.1918070287 	 1.18756e-08
31.210429003 	 1.18785e-08
31.2290509774 	 1.1863e-08
31.2476729517 	 1.18657e-08
31.266294926 	 1.18648e-08
31.2849169004 	 1.18635e-08
31.3035388747 	 1.18556e-08
31.3221608491 	 1.18463e-08
31.3407828234 	 1.18341e-08
31.3594047978 	 1.18446e-08
31.3780267721 	 1.18323e-08
31.3966487465 	 1.18283e-08
31.4152707208 	 1.18239e-08
31.4338926952 	 1.18176e-08
31.4525146695 	 1.18146e-08
31.4711366438 	 1.18046e-08
31.4897586182 	 1.1806e-08
31.5083805925 	 1.18108e-08
31.5270025669 	 1.18099e-08
31.5456245412 	 1.18112e-08
31.5642465156 	 1.17886e-08
31.5828684899 	 1.17796e-08
31.6014904643 	 1.178e-08
31.6201124386 	 1.17688e-08
31.638734413 	 1.17763e-08
31.6573563873 	 1.17694e-08
31.6759783616 	 1.17557e-08
31.694600336 	 1.17544e-08
31.7132223103 	 1.17507e-08
31.7318442847 	 1.17387e-08
31.750466259 	 1.17475e-08
31.7690882334 	 1.17292e-08
31.7877102077 	 1.17394e-08
31.8063321821 	 1.17221e-08
31.8249541564 	 1.17304e-08
31.8435761308 	 1.17301e-08
31.8621981051 	 1.17352e-08
31.8808200794 	 1.17129e-08
31.8994420538 	 1.17134e-08
31.9180640281 	 1.17072e-08
31.9366860025 	 1.17092e-08
31.9553079768 	 1.16914e-08
31.9739299512 	 1.16938e-08
31.9925519255 	 1.16761e-08
32.0111738999 	 1.16785e-08
32.0297958742 	 1.16782e-08
32.0484178486 	 1.16757e-08
32.0670398229 	 1.16579e-08
32.0856617972 	 1.16591e-08
32.1042837716 	 1.16596e-08
32.1229057459 	 1.16534e-08
32.1415277203 	 1.16466e-08
32.1601496946 	 1.16512e-08
32.178771669 	 1.16444e-08
32.1973936433 	 1.16442e-08
32.2160156177 	 1.1649e-08
32.234637592 	 1.1643e-08
32.2532595664 	 1.16392e-08
32.2718815407 	 1.16271e-08
32.290503515 	 1.16236e-08
32.3091254894 	 1.16151e-08
32.3277474637 	 1.16147e-08
32.3463694381 	 1.16075e-08
32.3649914124 	 1.15974e-08
32.3836133868 	 1.15859e-08
32.4022353611 	 1.15871e-08
32.4208573355 	 1.15866e-08
32.4394793098 	 1.15734e-08
32.4581012842 	 1.15769e-08
32.4767232585 	 1.15708e-08
32.4953452328 	 1.15797e-08
32.5139672072 	 1.15699e-08
32.5325891815 	 1.15636e-08
32.5512111559 	 1.15647e-08
32.5698331302 	 1.15622e-08
32.5884551046 	 1.15569e-08
32.6070770789 	 1.15625e-08
32.6256990533 	 1.155e-08
32.6443210276 	 1.15445e-08
32.662943002 	 1.15451e-08
32.6815649763 	 1.15405e-08
32.7001869506 	 1.15249e-08
32.718808925 	 1.15204e-08
32.7374308993 	 1.15213e-08
32.7560528737 	 1.15181e-08
32.774674848 	 1.15042e-08
32.7932968224 	 1.15e-08
32.8119187967 	 1.15019e-08
32.8305407711 	 1.14919e-08
32.8491627454 	 1.14967e-08
32.8677847198 	 1.14734e-08
32.8864066941 	 1.1478e-08
32.9050286684 	 1.14816e-08
32.9236506428 	 1.14876e-08
32.9422726171 	 1.14875e-08
32.9608945915 	 1.14781e-08
32.9795165658 	 1.14834e-08
32.9981385402 	 1.14804e-08
33.0167605145 	 1.14714e-08
33.0353824889 	 1.14689e-08
33.0540044632 	 1.1447e-08
33.0726264376 	 1.14442e-08
33.0912484119 	 1.14337e-08
33.1098703862 	 1.14385e-08
33.1284923606 	 1.14276e-08
33.1471143349 	 1.14263e-08
33.1657363093 	 1.14196e-08
33.1843582836 	 1.14206e-08
33.202980258 	 1.14211e-08
33.2216022323 	 1.14224e-08
33.2402242067 	 1.14103e-08
33.258846181 	 1.1402e-08
33.2774681554 	 1.13981e-08
33.2960901297 	 1.14061e-08
33.314712104 	 1.14058e-08
33.3333340784 	 1.13995e-08
33.3519560527 	 1.14004e-08
33.3705780271 	 1.13993e-08
33.3892000014 	 1.13922e-08
33.4078219758 	 1.13835e-08
33.4264439501 	 1.13791e-08
33.4450659245 	 1.13823e-08
33.4636878988 	 1.13692e-08
33.4823098732 	 1.136e-08
33.5009318475 	 1.13415e-08
33.5195538218 	 1.13475e-08
33.5381757962 	 1.13501e-08
33.5567977705 	 1.13542e-08
33.5754197449 	 1.13338e-08
33.5940417192 	 1.13388e-08
33.6126636936 	 1.13211e-08
33.6312856679 	 1.13481e-08
33.6499076423 	 1.13239e-08
33.6685296166 	 1.13243e-08
33.687151591 	 1.13189e-08
33.7057735653 	 1.13287e-08
33.7243955396 	 1.13233e-08
33.743017514 	 1.13258e-08
33.7616394883 	 1.13135e-08
33.7802614627 	 1.13128e-08
33.798883437 	 1.13106e-08
33.8175054114 	 1.13088e-08
33.8361273857 	 1.12892e-08
33.8547493601 	 1.12715e-08
33.8733713344 	 1.12722e-08
33.8919933088 	 1.12639e-08
33.9106152831 	 1.12871e-08
33.9292372574 	 1.12679e-08
33.9478592318 	 1.12825e-08
33.9664812061 	 1.12528e-08
33.9851031805 	 1.12742e-08
34.0037251548 	 1.12651e-08
34.0223471292 	 1.12708e-08
34.0409691035 	 1.12444e-08
34.0595910779 	 1.12522e-08
34.0782130522 	 1.12462e-08
34.0968350266 	 1.12543e-08
34.1154570009 	 1.12328e-08
34.1340789752 	 1.12387e-08
34.1527009496 	 1.12389e-08
34.1713229239 	 1.12418e-08
34.1899448983 	 1.12242e-08
34.2085668726 	 1.12212e-08
34.227188847 	 1.1206e-08
34.2458108213 	 1.1207e-08
34.2644327957 	 1.12029e-08
34.28305477 	 1.12052e-08
34.3016767444 	 1.12029e-08
34.3202987187 	 1.11943e-08
34.338920693 	 1.11957e-08
34.3575426674 	 1.1198e-08
34.3761646417 	 1.11973e-08
34.3947866161 	 1.11913e-08
34.4134085904 	 1.11893e-08
34.4320305648 	 1.11862e-08
34.4506525391 	 1.1187e-08
34.4692745135 	 1.11792e-08
34.4878964878 	 1.11639e-08
34.5065184622 	 1.11681e-08
34.5251404365 	 1.11501e-08
34.5437624108 	 1.117e-08
34.5623843852 	 1.11522e-08
34.5810063595 	 1.1148e-08
34.5996283339 	 1.1134e-08
34.6182503082 	 1.11382e-08
34.6368722826 	 1.11443e-08
34.6554942569 	 1.11472e-08
34.6741162313 	 1.11307e-08
34.6927382056 	 1.11385e-08
34.71136018 	 1.11285e-08
34.7299821543 	 1.11338e-08
34.7486041286 	 1.11189e-08
34.767226103 	 1.11182e-08
34.7858480773 	 1.1112e-08
34.8044700517 	 1.11216e-08
34.823092026 	 1.11139e-08
34.8417140004 	 1.1103e-08
34.8603359747 	 1.10952e-08
34.8789579491 	 1.11005e-08
34.8975799234 	 1.11055e-08
34.9162018978 	 1.10876e-08
34.9348238721 	 1.10824e-08
34.9534458464 	 1.10795e-08
34.9720678208 	 1.10896e-08
34.9906897951 	 1.10565e-08
35.0093117695 	 1.10773e-08
35.0279337438 	 1.10631e-08
35.0465557182 	 1.10752e-08
35.0651776925 	 1.10713e-08
35.0837996669 	 1.10647e-08
35.1024216412 	 1.10541e-08
35.1210436156 	 1.10655e-08
35.1396655899 	 1.10659e-08
35.1582875642 	 1.10679e-08
35.1769095386 	 1.105e-08
35.1955315129 	 1.10372e-08
35.2141534873 	 1.10273e-08
35.2327754616 	 1.10172e-08
35.251397436 	 1.10341e-08
35.2700194103 	 1.10441e-08
35.2886413847 	 1.10369e-08
35.307263359 	 1.10164e-08
35.3258853334 	 1.10219e-08
35.3445073077 	 1.10086e-08
35.363129282 	 1.10225e-08
35.3817512564 	 1.09975e-08
35.4003732307 	 1.10023e-08
35.4189952051 	 1.09992e-08
35.4376171794 	 1.09951e-08
35.4562391538 	 1.09976e-08
35.4748611281 	 1.09957e-08
35.4934831025 	 1.10004e-08
35.5121050768 	 1.10068e-08
35.5307270512 	 1.10086e-08
35.5493490255 	 1.09808e-08
35.5679709998 	 1.09811e-08
35.5865929742 	 1.09643e-08
35.6052149485 	 1.09802e-08
35.6238369229 	 1.09641e-08
35.6424588972 	 1.09654e-08
35.6610808716 	 1.09561e-08
35.6797028459 	 1.09562e-08
35.6983248203 	 1.09565e-08
35.7169467946 	 1.09569e-08
35.735568769 	 1.09607e-08
35.7541907433 	 1.09532e-08
35.7728127176 	 1.0951e-08
35.791434692 	 1.09432e-08
35.8100566663 	 1.09273e-08
35.8286786407 	 1.09282e-08
35.847300615 	 1.09267e-08
35.8659225894 	 1.09347e-08
35.8845445637 	 1.09338e-08
35.9031665381 	 1.09212e-08
35.9217885124 	 1.09151e-08
35.9404104868 	 1.09229e-08
35.9590324611 	 1.0923e-08
35.9776544354 	 1.09263e-08
35.9962764098 	 1.0911e-08
36.0148983841 	 1.08946e-08
36.0335203585 	 1.09113e-08
36.0521423328 	 1.09022e-08
36.0707643072 	 1.08997e-08
36.0893862815 	 1.08991e-08
36.1080082559 	 1.08862e-08
36.1266302302 	 1.08912e-08
36.1452522046 	 1.08807e-08
36.1638741789 	 1.08847e-08
36.1824961532 	 1.08772e-08
36.2011181276 	 1.08727e-08
36.2197401019 	 1.08631e-08
36.2383620763 	 1.08723e-08
36.2569840506 	 1.08729e-08
36.275606025 	 1.08772e-08
36.2942279993 	 1.08616e-08
36.3128499737 	 1.08634e-08
36.331471948 	 1.08584e-08
36.3500939224 	 1.08596e-08
36.3687158967 	 1.08394e-08
36.387337871 	 1.08543e-08
36.4059598454 	 1.08337e-08
36.4245818197 	 1.08641e-08
36.4432037941 	 1.08366e-08
36.4618257684 	 1.08483e-08
36.4804477428 	 1.08344e-08
36.4990697171 	 1.0832e-08
36.5176916915 	 1.0824e-08
36.5363136658 	 1.08219e-08
36.5549356402 	 1.08148e-08
36.5735576145 	 1.08159e-08
36.5921795888 	 1.08154e-08
36.6108015632 	 1.07846e-08
36.6294235375 	 1.08083e-08
36.6480455119 	 1.08061e-08
36.6666674862 	 1.08146e-08
36.6852894606 	 1.08024e-08
36.7039114349 	 1.07966e-08
36.7225334093 	 1.08026e-08
36.7411553836 	 1.08111e-08
36.759777358 	 1.07951e-08
36.7783993323 	 1.0812e-08
36.7970213066 	 1.07863e-08
36.815643281 	 1.07877e-08
36.8342652553 	 1.07678e-08
36.8528872297 	 1.0779e-08
36.871509204 	 1.07776e-08
36.8901311784 	 1.07792e-08
36.9087531527 	 1.07565e-08
36.9273751271 	 1.076e-08
36.9459971014 	 1.07537e-08
36.9646190758 	 1.07697e-08
36.9832410501 	 1.07635e-08
37.0018630244 	 1.07585e-08
37.0204849988 	 1.07504e-08
37.0391069731 	 1.07498e-08
37.0577289475 	 1.07416e-08
37.0763509218 	 1.07396e-08
37.0949728962 	 1.07377e-08
37.1135948705 	 1.07399e-08
37.1322168449 	 1.07411e-08
37.1508388192 	 1.07331e-08
37.1694607936 	 1.07427e-08
37.1880827679 	 1.07312e-08
37.2067047422 	 1.07384e-08
37.2253267166 	 1.07254e-08
37.2439486909 	 1.07352e-08
37.2625706653 	 1.07214e-08
37.2811926396 	 1.07169e-08
37.299814614 	 1.06991e-08
37.3184365883 	 1.07037e-08
37.3370585627 	 1.07114e-08
37.355680537 	 1.07146e-08
37.3743025114 	 1.07011e-08
37.3929244857 	 1.06965e-08
37.41154646 	 1.06931e-08
37.4301684344 	 1.07002e-08
37.4487904087 	 1.06979e-08
37.4674123831 	 1.06791e-08
37.4860343574 	 1.06806e-08
37.5046563318 	 1.06799e-08
37.5232783061 	 1.06758e-08
37.5419002805 	 1.06703e-08
37.5605222548 	 1.06852e-08
37.5791442292 	 1.06822e-08
37.5977662035 	 1.06931e-08
37.6163881778 	 1.06691e-08
37.6350101522 	 1.06649e-08
37.6536321265 	 1.0653e-08
37.6722541009 	 1.06646e-08
37.6908760752 	 1.06743e-08
37.7094980496 	 1.06719e-08
37.7281200239 	 1.06486e-08
37.7467419983 	 1.06545e-08
37.7653639726 	 1.06517e-08
37.783985947 	 1.06475e-08
37.8026079213 	 1.06579e-08
37.8212298956 	 1.06315e-08
37.83985187 	 1.06231e-08
37.8584738443 	 1.0624e-08
37.8770958187 	 1.06183e-08
37.895717793 	 1.06176e-08
37.9143397674 	 1.06244e-08
37.9329617417 	 1.06229e-08
37.9515837161 	 1.064e-08
37.9702056904 	 1.06283e-08
37.9888276648 	 1.06301e-08
38.0074496391 	 1.0612e-08
38.0260716134 	 1.06193e-08
38.0446935878 	 1.06212e-08
38.0633155621 	 1.062e-08
38.0819375365 	 1.0618e-08
38.1005595108 	 1.06198e-08
38.1191814852 	 1.05972e-08
38.1378034595 	 1.06077e-08
38.1564254339 	 1.05997e-08
38.1750474082 	 1.0607e-08
38.1936693826 	 1.05881e-08
38.2122913569 	 1.0575e-08
38.2309133313 	 1.05605e-08
38.2495353056 	 1.05792e-08
38.2681572799 	 1.05744e-08
38.2867792543 	 1.0569e-08
38.3054012286 	 1.05733e-08
38.324023203 	 1.05787e-08
38.3426451773 	 1.05707e-08
38.3612671517 	 1.05809e-08
38.379889126 	 1.05727e-08
38.3985111004 	 1.05851e-08
38.4171330747 	 1.05773e-08
38.4357550491 	 1.05742e-08
38.4543770234 	 1.05688e-08
38.4729989977 	 1.05491e-08
38.4916209721 	 1.05576e-08
38.5102429464 	 1.05627e-08
38.5288649208 	 1.0561e-08
38.5474868951 	 1.05582e-08
38.5661088695 	 1.0549e-08
38.5847308438 	 1.0531e-08
38.6033528182 	 1.05324e-08
38.6219747925 	 1.05184e-08
38.6405967669 	 1.05329e-08
38.6592187412 	 1.05183e-08
38.6778407155 	 1.05352e-08
38.6964626899 	 1.05211e-08
38.7150846642 	 1.05241e-08
38.7337066386 	 1.05119e-08
38.7523286129 	 1.05365e-08
38.7709505873 	 1.05243e-08
38.7895725616 	 1.05464e-08
38.808194536 	 1.05176e-08
38.8268165103 	 1.05232e-08
38.8454384847 	 1.05041e-08
38.864060459 	 1.05283e-08
38.8826824333 	 1.0511e-08
38.9013044077 	 1.0516e-08
38.919926382 	 1.04933e-08
38.9385483564 	 1.05e-08
38.9571703307 	 1.04962e-08
38.9757923051 	 1.04945e-08
38.9944142794 	 1.04828e-08
39.0130362538 	 1.05008e-08
39.0316582281 	 1.04887e-08
39.0502802025 	 1.04751e-08
39.0689021768 	 1.04656e-08
39.0875241511 	 1.0481e-08
39.1061461255 	 1.04726e-08
39.1247680998 	 1.04834e-08
39.1433900742 	 1.04746e-08
39.1620120485 	 1.04839e-08
39.1806340229 	 1.0481e-08
39.1992559972 	 1.0488e-08
39.2178779716 	 1.04706e-08
39.2364999459 	 1.04912e-08
39.2551219203 	 1.04652e-08
39.2737438946 	 1.0466e-08
39.2923658689 	 1.04551e-08
39.3109878433 	 1.04484e-08
39.3296098176 	 1.04373e-08
39.348231792 	 1.04539e-08
39.3668537663 	 1.04425e-08
39.3854757407 	 1.04565e-08
39.404097715 	 1.04557e-08
39.4227196894 	 1.04441e-08
39.4413416637 	 1.04382e-08
39.4599636381 	 1.04337e-08
39.4785856124 	 1.04455e-08
39.4972075867 	 1.04334e-08
39.5158295611 	 1.04332e-08
39.5344515354 	 1.04213e-08
39.5530735098 	 1.0432e-08
39.5716954841 	 1.04266e-08
39.5903174585 	 1.04443e-08
39.6089394328 	 1.04336e-08
39.6275614072 	 1.04374e-08
39.6461833815 	 1.04095e-08
39.6648053559 	 1.04166e-08
39.6834273302 	 1.04034e-08
39.7020493045 	 1.04233e-08
39.7206712789 	 1.041e-08
39.7392932532 	 1.04103e-08
39.7579152276 	 1.04002e-08
39.7765372019 	 1.04155e-08
39.7951591763 	 1.04105e-08
39.8137811506 	 1.04059e-08
39.832403125 	 1.03873e-08
39.8510250993 	 1.04054e-08
39.8696470737 	 1.03914e-08
39.888269048 	 1.03995e-08
39.9068910223 	 1.03841e-08
39.9255129967 	 1.03831e-08
39.944134971 	 1.03884e-08
39.9627569454 	 1.03903e-08
39.9813789197 	 1.03803e-08
40.0000008941 	 1.03849e-08
40.0186228684 	 1.03909e-08
40.0372448428 	 1.03768e-08
40.0558668171 	 1.03739e-08
40.0744887915 	 1.03743e-08
40.0931107658 	 1.037e-08
40.1117327401 	 1.03652e-08
40.1303547145 	 1.03698e-08
40.1489766888 	 1.03567e-08
40.1675986632 	 1.0375e-08
40.1862206375 	 1.03786e-08
40.2048426119 	 1.03672e-08
40.2234645862 	 1.03572e-08
40.2420865606 	 1.03524e-08
40.2607085349 	 1.03542e-08
40.2793305093 	 1.03531e-08
40.2979524836 	 1.03513e-08
40.3165744579 	 1.03444e-08
40.3351964323 	 1.03546e-08
40.3538184066 	 1.03437e-08
40.372440381 	 1.03433e-08
40.3910623553 	 1.03423e-08
40.4096843297 	 1.03439e-08
40.428306304 	 1.03291e-08
40.4469282784 	 1.03361e-08
40.4655502527 	 1.03238e-08
40.4841722271 	 1.03372e-08
40.5027942014 	 1.03365e-08
40.5214161757 	 1.03342e-08
40.5400381501 	 1.03304e-08
40.5586601244 	 1.03316e-08
40.5772820988 	 1.0323e-08
40.5959040731 	 1.03164e-08
40.6145260475 	 1.03157e-08
40.6331480218 	 1.03283e-08
40.6517699962 	 1.03139e-08
40.6703919705 	 1.03085e-08
40.6890139449 	 1.03015e-08
40.7076359192 	 1.032e-08
40.7262578935 	 1.03148e-08
40.7448798679 	 1.03107e-08
40.7635018422 	 1.02961e-08
40.7821238166 	 1.03095e-08
40.8007457909 	 1.02927e-08
40.8193677653 	 1.03058e-08
40.8379897396 	 1.02912e-08
40.856611714 	 1.02966e-08
40.8752336883 	 1.02968e-08
40.8938556627 	 1.0312e-08
40.912477637 	 1.02987e-08
40.9310996113 	 1.02883e-08
40.9497215857 	 1.02827e-08
40.96834356 	 1.02764e-08
40.9869655344 	 1.02727e-08
41.0055875087 	 1.02726e-08
41.0242094831 	 1.02847e-08
41.0428314574 	 1.02723e-08
41.0614534318 	 1.0271e-08
41.0800754061 	 1.02823e-08
41.0986973805 	 1.02877e-08
41.1173193548 	 1.02805e-08
41.1359413291 	 1.02843e-08
41.1545633035 	 1.02746e-08
41.1731852778 	 1.02775e-08
41.1918072522 	 1.0265e-08
41.2104292265 	 1.02525e-08
41.2290512009 	 1.02572e-08
41.2476731752 	 1.02592e-08
41.2662951496 	 1.02573e-08
41.2849171239 	 1.02508e-08
41.3035390983 	 1.02545e-08
41.3221610726 	 1.02499e-08
41.3407830469 	 1.02555e-08
41.3594050213 	 1.02396e-08
41.3780269956 	 1.02459e-08
41.39664897 	 1.02447e-08
41.4152709443 	 1.02545e-08
41.4338929187 	 1.02368e-08
41.452514893 	 1.02382e-08
41.4711368674 	 1.02541e-08
41.4897588417 	 1.02614e-08
41.5083808161 	 1.02456e-08
41.5270027904 	 1.0241e-08
41.5456247647 	 1.02282e-08
41.5642467391 	 1.02289e-08
41.5828687134 	 1.02236e-08
41.6014906878 	 1.02168e-08
41.6201126621 	 1.02248e-08
41.6387346365 	 1.02183e-08
41.6573566108 	 1.02326e-08
41.6759785852 	 1.02267e-08
41.6946005595 	 1.02204e-08
41.7132225339 	 1.02178e-08
41.7318445082 	 1.02303e-08
41.7504664825 	 1.02164e-08
41.7690884569 	 1.02108e-08
41.7877104312 	 1.01943e-08
41.8063324056 	 1.02039e-08
41.8249543799 	 1.02029e-08
41.8435763543 	 1.02231e-08
41.8621983286 	 1.02215e-08
41.880820303 	 1.02298e-08
41.8994422773 	 1.0206e-08
41.9180642517 	 1.02063e-08
41.936686226 	 1.01902e-08
41.9553082003 	 1.01936e-08
41.9739301747 	 1.01883e-08
41.992552149 	 1.01859e-08
42.0111741234 	 1.01856e-08
42.0297960977 	 1.01897e-08
42.0484180721 	 1.01905e-08
42.0670400464 	 1.01951e-08
42.0856620208 	 1.02038e-08
42.1042839951 	 1.01971e-08
42.1229059695 	 1.02033e-08
42.1415279438 	 1.01794e-08
42.1601499181 	 1.01749e-08
42.1787718925 	 1.01773e-08
42.1973938668 	 1.01767e-08
42.2160158412 	 1.01732e-08
42.2346378155 	 1.01752e-08
42.2532597899 	 1.0175e-08
42.2718817642 	 1.01847e-08
42.2905037386 	 1.01828e-08
42.3091257129 	 1.01678e-08
42.3277476873 	 1.01666e-08
42.3463696616 	 1.01534e-08
42.3649916359 	 1.01606e-08
42.3836136103 	 1.01484e-08
42.4022355846 	 1.01715e-08
42.420857559 	 1.01685e-08
42.4394795333 	 1.01855e-08
42.4581015077 	 1.01589e-08
42.476723482 	 1.01755e-08
42.4953454564 	 1.01544e-08
42.5139674307 	 1.0167e-08
42.5325894051 	 1.01344e-08
42.5512113794 	 1.01439e-08
42.5698333537 	 1.01356e-08
42.5884553281 	 1.01509e-08
42.6070773024 	 1.01473e-08
42.6256992768 	 1.01431e-08
42.6443212511 	 1.01516e-08
42.6629432255 	 1.01569e-08
42.6815651998 	 1.01495e-08
42.7001871742 	 1.01361e-08
42.7188091485 	 1.01333e-08
42.7374311229 	 1.01368e-08
42.7560530972 	 1.0134e-08
42.7746750715 	 1.01188e-08
42.7932970459 	 1.01414e-08
42.8119190202 	 1.01292e-08
42.8305409946 	 1.01451e-08
42.8491629689 	 1.01425e-08
42.8677849433 	 1.01439e-08
42.8864069176 	 1.01304e-08
42.905028892 	 1.01377e-08
42.9236508663 	 1.01086e-08
42.9422728407 	 1.01097e-08
42.960894815 	 1.0087e-08
42.9795167893 	 1.01253e-08
42.9981387637 	 1.01214e-08
43.016760738 	 1.01403e-08
43.0353827124 	 1.01284e-08
43.0540046867 	 1.01274e-08
43.0726266611 	 1.01114e-08
43.0912486354 	 1.0121e-08
43.1098706098 	 1.0103e-08
43.1284925841 	 1.01071e-08
43.1471145585 	 1.00946e-08
43.1657365328 	 1.01016e-08
43.1843585071 	 1.01024e-08
43.2029804815 	 1.01117e-08
43.2216024558 	 1.01149e-08
43.2402244302 	 1.0117e-08
43.2588464045 	 1.01025e-08
43.2774683789 	 1.00914e-08
43.2960903532 	 1.00938e-08
43.3147123276 	 1.00826e-08
43.3333343019 	 1.01048e-08
43.3519562763 	 1.00859e-08
43.3705782506 	 1.0097e-08
43.3892002249 	 1.00938e-08
43.4078221993 	 1.0106e-08
43.4264441736 	 1.00979e-08
43.445066148 	 1.0095e-08
43.4636881223 	 1.00856e-08
43.4823100967 	 1.00999e-08
43.500932071 	 1.0084e-08
43.5195540454 	 1.00846e-08
43.5381760197 	 1.00712e-08
43.5567979941 	 1.00811e-08
43.5754199684 	 1.00764e-08
43.5940419427 	 1.00782e-08
43.6126639171 	 1.00788e-08
43.6312858914 	 1.00745e-08
43.6499078658 	 1.00746e-08
43.6685298401 	 1.00845e-08
43.6871518145 	 1.00588e-08
43.7057737888 	 1.00684e-08
43.7243957632 	 1.0079e-08
43.7430177375 	 1.00655e-08
43.7616397119 	 1.00734e-08
43.7802616862 	 1.0063e-08
43.7988836605 	 1.00712e-08
43.8175056349 	 1.0078e-08
43.8361276092 	 1.00729e-08
43.8547495836 	 1.00619e-08
43.8733715579 	 1.00525e-08
43.8919935323 	 1.00442e-08
43.9106155066 	 1.00715e-08
43.929237481 	 1.00545e-08
43.9478594553 	 1.00742e-08
43.9664814297 	 1.00567e-08
43.985103404 	 1.00571e-08
44.0037253783 	 1.00469e-08
44.0223473527 	 1.00628e-08
44.040969327 	 1.00574e-08
44.0595913014 	 1.00554e-08
44.0782132757 	 1.00226e-08
44.0968352501 	 1.0036e-08
44.1154572244 	 1.00429e-08
44.1340791988 	 1.00441e-08
44.1527011731 	 1.0053e-08
44.1713231475 	 1.00617e-08
44.1899451218 	 1.00459e-08
44.2085670961 	 1.00513e-08
44.2271890705 	 1.00369e-08
44.2458110448 	 1.00415e-08
44.2644330192 	 1.00461e-08
44.2830549935 	 1.00326e-08
44.3016769679 	 1.00351e-08
44.3202989422 	 1.00246e-08
44.3389209166 	 1.0029e-08
44.3575428909 	 1.00339e-08
44.3761648653 	 1.00365e-08
44.3947868396 	 1.00302e-08
44.4134088139 	 1.00369e-08
44.4320307883 	 1.00343e-08
44.4506527626 	 1.00282e-08
44.469274737 	 1.00266e-08
44.4878967113 	 1.00256e-08
44.5065186857 	 1.00343e-08
44.52514066 	 1.00259e-08
44.5437626344 	 1.0023e-08
44.5623846087 	 1.00155e-08
44.5810065831 	 1.00087e-08
44.5996285574 	 1.00121e-08
44.6182505317 	 1.00094e-08
44.6368725061 	 1.00286e-08
44.6554944804 	 1.00355e-08
44.6741164548 	 1.00255e-08
44.6927384291 	 1.00202e-08
44.7113604035 	 1.00178e-08
44.7299823778 	 1.00224e-08
44.7486043522 	 1.00301e-08
44.7672263265 	 1.00099e-08
44.7858483009 	 1.00028e-08
44.8044702752 	 9.99455e-09
44.8230922495 	 9.99611e-09
44.8417142239 	 9.98589e-09
44.8603361982 	 1.00032e-08
44.8789581726 	 1.00067e-08
44.8975801469 	 1.00149e-08
44.9162021213 	 9.99053e-09
44.9348240956 	 9.99306e-09
44.95344607 	 1.00076e-08
44.9720680443 	 1.00171e-08
44.9906900187 	 1.00094e-08
45.009311993 	 1.00025e-08
45.0279339673 	 9.99318e-09
45.0465559417 	 1.00049e-08
45.065177916 	 9.9969e-09
45.0837998904 	 9.9991e-09
45.1024218647 	 1.0002e-08
45.1210438391 	 9.99579e-09
45.1396658134 	 9.98704e-09
45.1582877878 	 9.991e-09
45.1769097621 	 9.97848e-09
45.1955317365 	 9.99997e-09
45.2141537108 	 9.98648e-09
45.2327756851 	 9.98612e-09
45.2513976595 	 9.99267e-09
45.2700196338 	 9.98505e-09
45.2886416082 	 9.99549e-09
45.3072635825 	 9.97209e-09
45.3258855569 	 9.97629e-09
45.3445075312 	 9.97107e-09
45.3631295056 	 9.97989e-09
45.3817514799 	 9.97903e-09
45.4003734543 	 9.98177e-09
45.4189954286 	 9.97671e-09
45.4376174029 	 1.00026e-08
45.4562393773 	 9.99443e-09
45.4748613516 	 9.99721e-09
45.493483326 	 9.99061e-09
45.5121053003 	 9.98494e-09
45.5307272747 	 9.96498e-09
45.549349249 	 9.96696e-09
45.5679712234 	 9.95669e-09
45.5865931977 	 9.96634e-09
45.6052151721 	 9.9682e-09
45.6238371464 	 9.95785e-09
45.6424591207 	 9.9619e-09
45.6610810951 	 9.96101e-09
45.6797030694 	 9.97126e-09
45.6983250438 	 9.97174e-09
45.7169470181 	 9.97292e-09
45.7355689925 	 9.97065e-09
45.7541909668 	 9.96529e-09
45.7728129412 	 9.96261e-09
45.7914349155 	 9.9679e-09
45.8100568899 	 9.96718e-09
45.8286788642 	 9.96454e-09
45.8473008385 	 9.9616e-09
45.8659228129 	 9.95612e-09
45.8845447872 	 9.97019e-09
45.9031667616 	 9.96013e-09
45.9217887359 	 9.9607e-09
45.9404107103 	 9.96076e-09
45.9590326846 	 9.9605e-09
45.977654659 	 9.95622e-09
45.9962766333 	 9.95633e-09
46.0148986077 	 9.93806e-09
46.033520582 	 9.95432e-09
46.0521425563 	 9.95405e-09
46.0707645307 	 9.94771e-09
46.089386505 	 9.93971e-09
46.1080084794 	 9.93631e-09
46.1266304537 	 9.95322e-09
46.1452524281 	 9.95356e-09
46.1638744024 	 9.95865e-09
46.1824963768 	 9.95081e-09
46.2011183511 	 9.97106e-09
46.2197403255 	 9.94885e-09
46.2383622998 	 9.95175e-09
46.2569842741 	 9.93518e-09
46.2756062485 	 9.94399e-09
46.2942282228 	 9.94804e-09
46.3128501972 	 9.94732e-09
46.3314721715 	 9.94025e-09
46.3500941459 	 9.93999e-09
46.3687161202 	 9.94124e-09
46.3873380946 	 9.94233e-09
46.4059600689 	 9.9337e-09
46.4245820433 	 9.94078e-09
46.4432040176 	 9.927e-09
46.4618259919 	 9.93222e-09
46.4804479663 	 9.93976e-09
46.4990699406 	 9.93354e-09
46.517691915 	 9.95334e-09
46.5363138893 	 9.93992e-09
46.5549358637 	 9.93995e-09
46.573557838 	 9.93659e-09
46.5921798124 	 9.93937e-09
46.6108017867 	 9.92441e-09
46.6294237611 	 9.93345e-09
46.6480457354 	 9.92008e-09
46.6666677097 	 9.93697e-09
46.6852896841 	 9.92832e-09
46.7039116584 	 9.93074e-09
46.7225336328 	 9.92627e-09
46.7411556071 	 9.93195e-09
46.7597775815 	 9.94218e-09
46.7783995558 	 9.93277e-09
46.7970215302 	 9.92376e-09
46.8156435045 	 9.92794e-09
46.8342654789 	 9.91924e-09
46.8528874532 	 9.90998e-09
46.8715094275 	 9.91886e-09
46.8901314019 	 9.91416e-09
46.9087533762 	 9.93378e-09
46.9273753506 	 9.92102e-09
46.9459973249 	 9.94139e-09
46.9646192993 	 9.92586e-09
46.9832412736 	 9.93982e-09
47.001863248 	 9.90828e-09
47.0204852223 	 9.92586e-09
47.0391071967 	 9.90537e-09
47.057729171 	 9.92017e-09
47.0763511453 	 9.89989e-09
47.0949731197 	 9.91912e-09
47.113595094 	 9.93244e-09
47.1322170684 	 9.93931e-09
47.1508390427 	 9.90825e-09
47.1694610171 	 9.92033e-09
47.1880829914 	 9.89847e-09
47.2067049658 	 9.92065e-09
47.2253269401 	 9.90883e-09
47.2439489145 	 9.91995e-09
47.2625708888 	 9.90981e-09
47.2811928631 	 9.92678e-09
47.2998148375 	 9.90859e-09
47.3184368118 	 9.91517e-09
47.3370587862 	 9.90788e-09
47.3556807605 	 9.92157e-09
47.3743027349 	 9.9085e-09
47.3929247092 	 9.89804e-09
47.4115466836 	 9.89381e-09
47.4301686579 	 9.898e-09
47.4487906323 	 9.90456e-09
47.4674126066 	 9.89695e-09
47.4860345809 	 9.91349e-09
47.5046565553 	 9.91275e-09
47.5232785296 	 9.9195e-09
47.541900504 	 9.90584e-09
47.5605224783 	 9.91209e-09
47.5791444527 	 9.90737e-09
47.597766427 	 9.91934e-09
47.6163884014 	 9.89338e-09
47.6350103757 	 9.89925e-09
47.6536323501 	 9.89956e-09
47.6722543244 	 9.92828e-09
47.6908762987 	 9.91002e-09
47.7094982731 	 9.91585e-09
47.7281202474 	 9.90283e-09
47.7467422218 	 9.91276e-09
47.7653641961 	 9.89299e-09
47.7839861705 	 9.8932e-09
47.8026081448 	 9.89061e-09
47.8212301192 	 9.89516e-09
47.8398520935 	 9.88568e-09
47.8584740679 	 9.89017e-09
47.8770960422 	 9.89638e-09
47.8957180165 	 9.90237e-09
47.9143399909 	 9.89944e-09
47.9329619652 	 9.89122e-09
47.9515839396 	 9.89986e-09
47.9702059139 	 9.88968e-09
47.9888278883 	 9.89856e-09
48.0074498626 	 9.9026e-09
48.026071837 	 9.89852e-09
48.0446938113 	 9.90248e-09
48.0633157857 	 9.90986e-09
48.08193776 	 9.89891e-09
48.1005597343 	 9.90438e-09
48.1191817087 	 9.89442e-09
48.137803683 	 9.90258e-09
48.1564256574 	 9.8765e-09
48.1750476317 	 9.88358e-09
48.1936696061 	 9.89621e-09
48.2122915804 	 9.90054e-09
48.2309135548 	 9.88695e-09
48.2495355291 	 9.88605e-09
48.2681575035 	 9.87882e-09
48.2867794778 	 9.89658e-09
48.3054014521 	 9.8926e-09
48.3240234265 	 9.90351e-09
48.3426454008 	 9.88544e-09
48.3612673752 	 9.89065e-09
48.3798893495 	 9.88439e-09
48.3985113239 	 9.8889e-09
48.4171332982 	 9.89395e-09
48.4357552726 	 9.90014e-09
48.4543772469 	 9.88574e-09
48.4729992213 	 9.88191e-09
48.4916211956 	 9.88968e-09
48.5102431699 	 9.89272e-09
48.5288651443 	 9.88282e-09
48.5474871186 	 9.87921e-09
48.566109093 	 9.88463e-09
48.5847310673 	 9.89005e-09
48.6033530417 	 9.88729e-09
48.621975016 	 9.87625e-09
48.6405969904 	 9.88641e-09
48.6592189647 	 9.87864e-09
48.6778409391 	 9.89606e-09
48.6964629134 	 9.89039e-09
48.7150848877 	 9.88356e-09
48.7337068621 	 9.87855e-09
48.7523288364 	 9.88343e-09
48.7709508108 	 9.88805e-09
48.7895727851 	 9.90245e-09
48.8081947595 	 9.89054e-09
48.8268167338 	 9.91335e-09
48.8454387082 	 9.87807e-09
48.8640606825 	 9.87206e-09
48.8826826569 	 9.87166e-09
48.9013046312 	 9.87664e-09
48.9199266055 	 9.87996e-09
48.9385485799 	 9.88631e-09
48.9571705542 	 9.86152e-09
48.9757925286 	 9.87204e-09
48.9944145029 	 9.87246e-09
49.0130364773 	 9.89068e-09
49.0316584516 	 9.88809e-09
49.050280426 	 9.8877e-09
49.0689024003 	 9.88322e-09
49.0875243747 	 9.88336e-09
49.106146349 	 9.88197e-09
49.1247683234 	 9.87723e-09
49.1433902977 	 9.87698e-09
49.162012272 	 9.88139e-09
49.1806342464 	 9.88331e-09
49.1992562207 	 9.88095e-09
49.2178781951 	 9.88192e-09
49.2365001694 	 9.88092e-09
49.2551221438 	 9.88859e-09
49.2737441181 	 9.88601e-09
49.2923660925 	 9.88571e-09
49.3109880668 	 9.86665e-09
49.3296100412 	 9.87637e-09
49.3482320155 	 9.86524e-09
49.3668539898 	 9.8718e-09
49.3854759642 	 9.88395e-09
49.4040979385 	 9.88821e-09
49.4227199129 	 9.88104e-09
49.4413418872 	 9.86733e-09
49.4599638616 	 9.88193e-09
49.4785858359 	 9.87057e-09
49.4972078103 	 9.87986e-09
49.5158297846 	 9.88697e-09
49.534451759 	 9.89198e-09
49.5530737333 	 9.8699e-09
49.5716957076 	 9.87649e-09
49.590317682 	 9.87185e-09
49.6089396563 	 9.89183e-09
49.6275616307 	 9.88432e-09
49.646183605 	 9.88422e-09
49.6648055794 	 9.86249e-09
49.6834275537 	 9.85567e-09
49.7020495281 	 9.86993e-09
49.7206715024 	 9.88161e-09
49.7392934768 	 9.87502e-09
49.7579154511 	 9.87948e-09
49.7765374254 	 9.87312e-09
49.7951593998 	 9.88001e-09
49.8137813741 	 9.90008e-09
49.8324033485 	 9.88942e-09
49.8510253228 	 9.88935e-09
49.8696472972 	 9.86906e-09
49.8882692715 	 9.88207e-09
49.9068912459 	 9.87904e-09
49.9255132202 	 9.86713e-09
49.9441351946 	 9.86323e-09
49.9627571689 	 9.87579e-09
49.9813791432 	 9.87639e-09
50.0000011176 	 9.8839e-09
