0.0 	 9.79583e-05
0.0301932373898 	 0.00019747
0.0603864747797 	 0.000245342
0.0905797121695 	 0.000207567
0.120772949559 	 0.000196422
0.150966186949 	 0.000132486
0.181159424339 	 0.000152294
0.211352661729 	 0.000261912
0.241545899119 	 0.000121086
0.271739136509 	 0.000230594
0.301932373898 	 0.00026248
0.332125611288 	 0.000346641
0.362318848678 	 0.000387135
0.392512086068 	 0.000463783
0.422705323458 	 0.000230325
0.452898560848 	 0.000343792
0.483091798238 	 0.00025997
0.513285035627 	 0.000210515
0.543478273017 	 2.67686e-05
0.573671510407 	 8.78327e-05
0.603864747797 	 0.000305033
0.634057985187 	 0.000133325
0.664251222577 	 0.000225897
0.694444459966 	 0.000247076
0.724637697356 	 0.000125844
0.754830934746 	 0.000169028
0.785024172136 	 0.000174568
0.815217409526 	 7.20391e-05
0.845410646916 	 0.000154449
0.875603884306 	 0.000134461
0.905797121695 	 8.41115e-05
0.935990359085 	 0.000118433
0.966183596475 	 3.52245e-05
0.996376833865 	 0.000128623
1.02657007125 	 6.44448e-05
1.05676330864 	 5.61972e-05
1.08695654603 	 6.40866e-05
1.11714978342 	 7.18795e-05
1.14734302081 	 7.11711e-05
1.1775362582 	 4.15817e-05
1.20772949559 	 4.44622e-05
1.23792273298 	 5.87809e-05
1.26811597037 	 3.55063e-05
1.29830920776 	 6.89388e-05
1.32850244515 	 1.83665e-05
1.35869568254 	 8.558e-05
1.38888891993 	 0.000113956
1.41908215732 	 0.000100495
1.44927539471 	 4.33469e-05
1.4794686321 	 8.0478e-05
1.50966186949 	 7.9013e-05
1.53985510688 	 9.29162e-05
1.57004834427 	 9.97504e-05
1.60024158166 	 4.97231e-05
1.63043481905 	 6.64725e-05
1.66062805644 	 2.26171e-05
1.69082129383 	 3.12476e-05
1.72101453122 	 7.69873e-05
1.75120776861 	 1.46359e-05
1.781401006 	 2.7712e-05
1.81159424339 	 3.83561e-05
1.84178748078 	 7.87082e-05
1.87198071817 	 5.53775e-05
1.90217395556 	 1.41079e-05
1.93236719295 	 3.36689e-05
1.96256043034 	 4.33278e-05
1.99275366773 	 4.88466e-05
2.02294690512 	 3.00713e-05
2.05314014251 	 6.09063e-05
2.0833333799 	 5.0727e-05
2.11352661729 	 4.71617e-05
2.14371985468 	 7.44522e-05
2.17391309207 	 7.87146e-05
2.20410632946 	 6.76071e-05
2.23429956685 	 3.77819e-05
2.26449280424 	 4.71782e-05
2.29468604163 	 6.10738e-05
2.32487927902 	 6.99961e-05
2.35507251641 	 6.04132e-05
2.3852657538 	 4.64052e-05
2.41545899119 	 2.88578e-05
2.44565222858 	 1.48985e-05
2.47584546597 	 7.25009e-05
2.50603870336 	 0.000113392
2.53623194075 	 0.000104087
2.56642517814 	 7.11528e-05
2.59661841553 	 9.0753e-05
2.62681165292 	 4.97054e-05
2.65700489031 	 0.000112811
2.6871981277 	 0.000110031
2.71739136509 	 9.29579e-05
2.74758460248 	 8.40448e-05
2.77777783987 	 7.57719e-05
2.80797107726 	 5.47244e-05
2.83816431465 	 0.000118061
2.86835755204 	 8.78289e-05
2.89855078943 	 5.18288e-05
2.92874402682 	 8.34429e-05
2.95893726421 	 5.95391e-05
2.98913050159 	 7.59204e-05
3.01932373898 	 0.0001039
3.04951697637 	 0.000139684
3.07971021376 	 0.000121049
3.10990345115 	 6.88535e-05
3.14009668854 	 1.22078e-05
3.17028992593 	 2.35844e-05
3.20048316332 	 0.000153487
3.23067640071 	 0.000262966
3.2608696381 	 0.000253051
3.29106287549 	 0.000239932
3.32125611288 	 0.00021033
3.35144935027 	 0.000187132
3.38164258766 	 0.000204109
3.41183582505 	 0.000162308
3.44202906244 	 0.000209087
3.47222229983 	 0.000240857
3.50241553722 	 0.000332371
3.53260877461 	 0.000420378
3.562802012 	 0.000365257
3.59299524939 	 0.000171044
3.62318848678 	 9.51052e-05
3.65338172417 	 0.000401901
3.68357496156 	 0.000372446
3.71376819895 	 0.000213326
3.74396143634 	 0.000223037
3.77415467373 	 0.000172546
3.80434791112 	 0.000267666
3.83454114851 	 0.000274005
3.8647343859 	 0.000169989
3.89492762329 	 0.000122374
3.92512086068 	 0.000107801
3.95531409807 	 0.000129497
3.98550733546 	 0.000129802
4.01570057285 	 0.000103426
4.04589381024 	 9.01898e-05
4.07608704763 	 6.56862e-05
4.10628028502 	 5.26169e-05
4.13647352241 	 5.87283e-05
4.1666667598 	 7.6912e-05
4.19685999719 	 7.76112e-05
4.22705323458 	 6.22109e-05
4.25724647197 	 3.27213e-05
4.28743970936 	 1.22941e-05
4.31763294675 	 2.80148e-05
4.34782618414 	 3.13665e-05
4.37801942153 	 3.42937e-05
4.40821265892 	 3.53868e-05
4.43840589631 	 3.28925e-05
4.4685991337 	 2.71732e-05
4.49879237109 	 1.80853e-05
4.52898560848 	 1.2361e-05
4.55917884587 	 1.28115e-05
4.58937208326 	 2.22915e-05
4.61956532065 	 1.55162e-05
4.64975855804 	 1.31621e-05
4.67995179543 	 1.38847e-05
4.71014503282 	 1.07976e-05
4.74033827021 	 8.22515e-06
4.7705315076 	 9.69714e-06
4.80072474499 	 1.11515e-05
4.83091798238 	 8.19278e-06
4.86111121977 	 2.15052e-06
4.89130445716 	 4.70644e-06
4.92149769455 	 1.55776e-06
4.95169093193 	 3.74211e-06
4.98188416932 	 8.525e-06
5.01207740671 	 1.12101e-05
5.0422706441 	 1.1699e-05
5.07246388149 	 7.92852e-06
5.10265711888 	 7.37831e-06
5.13285035627 	 6.74717e-06
5.16304359366 	 5.53549e-06
5.19323683105 	 2.73918e-06
5.22343006844 	 1.65522e-06
5.25362330583 	 4.35574e-06
5.28381654322 	 4.2671e-06
5.31400978061 	 4.19084e-06
5.344203018 	 4.35323e-06
5.37439625539 	 2.74588e-06
5.40458949278 	 3.1804e-07
5.43478273017 	 2.41087e-07
5.46497596756 	 1.51851e-06
5.49516920495 	 2.82473e-06
5.52536244234 	 4.03416e-06
5.55555567973 	 6.44499e-06
5.58574891712 	 7.45436e-06
5.61594215451 	 7.00427e-06
5.6461353919 	 4.4438e-06
5.67632862929 	 5.46874e-06
5.70652186668 	 6.0331e-06
5.73671510407 	 4.29592e-06
5.76690834146 	 7.08544e-06
5.79710157885 	 9.77822e-06
5.82729481624 	 1.13868e-05
5.85748805363 	 1.21363e-05
5.88768129102 	 1.03854e-05
5.91787452841 	 9.3865e-06
5.9480677658 	 6.57531e-06
5.97826100319 	 2.49544e-06
6.00845424058 	 3.26812e-06
6.03864747797 	 4.6035e-06
6.06884071536 	 4.42033e-06
6.09903395275 	 4.16909e-06
6.12922719014 	 3.90643e-06
6.15942042753 	 4.42343e-06
6.18961366492 	 4.72275e-06
6.21980690231 	 5.76106e-06
6.2500001397 	 4.45851e-06
6.28019337709 	 4.56668e-06
6.31038661448 	 2.99389e-06
6.34057985187 	 2.5811e-06
6.37077308926 	 2.99514e-06
6.40096632665 	 2.93722e-06
6.43115956404 	 3.50613e-06
6.46135280143 	 3.37431e-06
6.49154603882 	 3.22386e-06
6.52173927621 	 2.57039e-06
6.5519325136 	 2.25966e-06
6.58212575099 	 4.02676e-06
6.61231898838 	 5.25726e-06
6.64251222577 	 4.94222e-06
6.67270546316 	 3.53339e-06
6.70289870055 	 2.49047e-06
6.73309193794 	 9.60106e-07
6.76328517533 	 8.06708e-07
6.79347841272 	 2.02733e-06
6.82367165011 	 3.00754e-06
6.8538648875 	 2.93957e-06
6.88405812489 	 2.28055e-06
6.91425136228 	 1.57254e-06
6.94444459966 	 1.70277e-06
6.97463783705 	 1.14224e-06
7.00483107444 	 6.79344e-07
7.03502431183 	 1.07935e-06
7.06521754922 	 1.54016e-06
7.09541078661 	 1.65627e-06
7.125604024 	 1.39165e-06
7.15579726139 	 1.01715e-06
7.18599049878 	 1.01482e-06
7.21618373617 	 1.36047e-06
7.24637697356 	 2.02507e-06
7.27657021095 	 1.95487e-06
7.30676344834 	 1.90834e-06
7.33695668573 	 1.45302e-06
7.36714992312 	 1.73006e-06
7.39734316051 	 2.39447e-06
7.4275363979 	 2.80781e-06
7.45772963529 	 3.07516e-06
7.48792287268 	 2.95666e-06
7.51811611007 	 2.54643e-06
7.54830934746 	 2.17154e-06
7.57850258485 	 2.02254e-06
7.60869582224 	 2.37162e-06
7.63888905963 	 2.25819e-06
7.66908229702 	 1.81723e-06
7.69927553441 	 2.02974e-06
7.7294687718 	 2.07464e-06
7.75966200919 	 1.68826e-06
7.78985524658 	 1.37349e-06
7.82004848397 	 8.33987e-07
7.85024172136 	 2.89201e-07
7.88043495875 	 5.74844e-07
7.91062819614 	 1.29571e-07
7.94082143353 	 4.08779e-07
7.97101467092 	 6.291e-07
8.00120790831 	 5.7001e-07
8.0314011457 	 1.45023e-06
8.06159438309 	 1.66781e-06
8.09178762048 	 2.02422e-06
8.12198085787 	 2.13715e-06
8.15217409526 	 1.92408e-06
8.18236733265 	 1.98624e-06
8.21256057004 	 1.83917e-06
8.24275380743 	 1.56436e-06
8.27294704482 	 1.47729e-06
8.30314028221 	 1.51892e-06
8.3333335196 	 1.40061e-06
8.36352675699 	 1.61428e-06
8.39371999438 	 2.01559e-06
8.42391323177 	 1.94031e-06
8.45410646916 	 2.11227e-06
8.48429970655 	 1.87332e-06
8.51449294394 	 1.70873e-06
8.54468618133 	 1.58703e-06
8.57487941872 	 1.87651e-06
8.60507265611 	 2.13395e-06
8.6352658935 	 2.44458e-06
8.66545913089 	 2.65687e-06
8.69565236828 	 2.20028e-06
8.72584560567 	 2.07916e-06
8.75603884306 	 1.97266e-06
8.78623208045 	 2.06362e-06
8.81642531784 	 2.01825e-06
8.84661855523 	 1.6667e-06
8.87681179262 	 1.52079e-06
8.90700503 	 1.50172e-06
8.93719826739 	 1.33055e-06
8.96739150478 	 1.45997e-06
8.99758474217 	 1.53802e-06
9.02777797956 	 1.20354e-06
9.05797121695 	 8.17466e-07
9.08816445434 	 5.30243e-07
9.11835769173 	 6.03561e-07
9.14855092912 	 6.31959e-07
9.17874416651 	 7.99089e-07
9.2089374039 	 1.06939e-06
9.23913064129 	 1.32787e-06
9.26932387868 	 1.57094e-06
9.29951711607 	 1.50252e-06
9.32971035346 	 1.32673e-06
9.35990359085 	 1.05889e-06
9.39009682824 	 6.79007e-07
9.42029006563 	 6.6809e-07
9.45048330302 	 3.78044e-07
9.48067654041 	 3.76721e-07
9.5108697778 	 4.19509e-07
9.54106301519 	 4.26074e-07
9.57125625258 	 3.5511e-07
9.60144948997 	 7.70149e-07
9.63164272736 	 1.12822e-06
9.66183596475 	 1.15219e-06
9.69202920214 	 1.17099e-06
9.72222243953 	 1.265e-06
9.75241567692 	 1.24766e-06
9.78260891431 	 1.00812e-06
9.8128021517 	 9.30571e-07
9.84299538909 	 1.11628e-06
9.87318862648 	 9.83994e-07
9.90338186387 	 9.32709e-07
9.93357510126 	 7.18346e-07
9.96376833865 	 6.54436e-07
9.99396157604 	 7.25107e-07
10.0241548134 	 9.15309e-07
10.0543480508 	 1.18302e-06
10.0845412882 	 9.31691e-07
10.1147345256 	 9.59962e-07
10.144927763 	 9.14467e-07
10.1751210004 	 8.83204e-07
10.2053142378 	 9.03089e-07
10.2355074752 	 8.85861e-07
10.2657007125 	 1.0108e-06
10.2958939499 	 1.20914e-06
10.3260871873 	 1.22316e-06
10.3562804247 	 1.40878e-06
10.3864736621 	 1.51511e-06
10.4166668995 	 1.36659e-06
10.4468601369 	 1.16949e-06
10.4770533743 	 1.19262e-06
10.5072466117 	 1.09944e-06
10.5374398491 	 1.01164e-06
10.5676330864 	 1.04684e-06
10.5978263238 	 1.19668e-06
10.6280195612 	 1.36405e-06
10.6582127986 	 1.49954e-06
10.688406036 	 1.52784e-06
10.7185992734 	 1.35374e-06
10.7487925108 	 1.01207e-06
10.7789857482 	 1.0036e-06
10.8091789856 	 1.09468e-06
10.839372223 	 8.57886e-07
10.8695654603 	 9.21895e-07
10.8997586977 	 1.0886e-06
10.9299519351 	 1.12083e-06
10.9601451725 	 1.25397e-06
10.9903384099 	 1.31984e-06
11.0205316473 	 1.42273e-06
11.0507248847 	 1.13269e-06
11.0809181221 	 1.08317e-06
11.1111113595 	 1.34885e-06
11.1413045969 	 1.41192e-06
11.1714978342 	 1.24734e-06
11.2016910716 	 6.11009e-07
11.231884309 	 4.84187e-07
11.2620775464 	 6.88949e-07
11.2922707838 	 9.02216e-07
11.3224640212 	 1.17644e-06
11.3526572586 	 1.22118e-06
11.382850496 	 1.3082e-06
11.4130437334 	 1.18828e-06
11.4432369708 	 9.26759e-07
11.4734302081 	 6.82474e-07
11.5036234455 	 5.1038e-07
11.5338166829 	 6.16219e-07
11.5640099203 	 7.15145e-07
11.5942031577 	 6.21591e-07
11.6243963951 	 6.69276e-07
11.6545896325 	 6.24146e-07
11.6847828699 	 4.01037e-07
11.7149761073 	 4.15512e-07
11.7451693447 	 6.59447e-07
11.775362582 	 6.45237e-07
11.8055558194 	 5.73177e-07
11.8357490568 	 4.66664e-07
11.8659422942 	 3.6818e-07
11.8961355316 	 3.63706e-07
11.926328769 	 2.97393e-07
11.9565220064 	 2.34664e-07
11.9867152438 	 2.01479e-07
12.0169084812 	 2.02672e-07
12.0471017185 	 1.76626e-07
12.0772949559 	 5.67682e-08
12.1074881933 	 1.15777e-07
12.1376814307 	 1.60402e-07
12.1678746681 	 1.76374e-07
12.1980679055 	 2.83228e-07
12.2282611429 	 3.63975e-07
12.2584543803 	 4.39805e-07
12.2886476177 	 3.74076e-07
12.3188408551 	 3.5489e-07
12.3490340924 	 2.14177e-07
12.3792273298 	 8.08984e-08
12.4094205672 	 1.39656e-07
12.4396138046 	 3.36759e-07
12.469807042 	 3.99846e-07
12.5000002794 	 4.59145e-07
12.5301935168 	 3.94928e-07
12.5603867542 	 4.05091e-07
12.5905799916 	 3.87181e-07
12.620773229 	 3.57418e-07
12.6509664663 	 3.12303e-07
12.6811597037 	 2.60289e-07
12.7113529411 	 3.61706e-07
12.7415461785 	 4.43633e-07
12.7717394159 	 4.24777e-07
12.8019326533 	 3.29546e-07
12.8321258907 	 2.95695e-07
12.8623191281 	 2.27756e-07
12.8925123655 	 1.71552e-07
12.9227056029 	 1.67536e-07
12.9528988402 	 1.10097e-07
12.9830920776 	 8.0475e-08
13.013285315 	 1.24383e-07
13.0434785524 	 1.42967e-07
13.0736717898 	 1.87292e-07
13.1038650272 	 1.90594e-07
13.1340582646 	 1.96781e-07
13.164251502 	 1.73088e-07
13.1944447394 	 1.67446e-07
13.2246379768 	 2.31151e-07
13.2548312141 	 2.04643e-07
13.2850244515 	 1.42591e-07
13.3152176889 	 4.72319e-08
13.3454109263 	 6.23058e-08
13.3756041637 	 1.00198e-07
13.4057974011 	 1.21836e-07
13.4359906385 	 1.4489e-07
13.4661838759 	 1.89053e-07
13.4963771133 	 1.99915e-07
13.5265703507 	 1.89039e-07
13.556763588 	 1.50239e-07
13.5869568254 	 1.71763e-07
13.6171500628 	 1.87011e-07
13.6473433002 	 1.60606e-07
13.6775365376 	 1.61049e-07
13.707729775 	 1.13436e-07
13.7379230124 	 1.36522e-07
13.7681162498 	 1.22267e-07
13.7983094872 	 1.4182e-07
13.8285027246 	 1.29699e-07
13.8586959619 	 1.04372e-07
13.8888891993 	 1.02922e-07
13.9190824367 	 9.68773e-08
13.9492756741 	 9.62513e-08
13.9794689115 	 7.83127e-08
14.0096621489 	 1.05661e-07
14.0398553863 	 1.10569e-07
14.0700486237 	 8.71975e-08
14.1002418611 	 5.72471e-08
14.1304350984 	 9.41603e-08
14.1606283358 	 9.991e-08
14.1908215732 	 7.51695e-08
14.2210148106 	 7.17851e-08
14.251208048 	 5.47209e-08
14.2814012854 	 3.05194e-08
14.3115945228 	 1.03053e-08
14.3417877602 	 3.28951e-08
14.3719809976 	 3.39356e-08
14.402174235 	 3.99636e-08
14.4323674723 	 2.67864e-08
14.4625607097 	 2.49587e-08
14.4927539471 	 3.3112e-08
14.5229471845 	 1.66084e-08
14.5531404219 	 1.12501e-08
14.5833336593 	 2.88148e-08
14.6135268967 	 4.25597e-08
14.6437201341 	 5.72264e-08
14.6739133715 	 7.54098e-08
14.7041066089 	 7.60482e-08
14.7342998462 	 4.95534e-08
14.7644930836 	 5.27982e-08
14.794686321 	 7.02601e-08
14.8248795584 	 6.52207e-08
14.8550727958 	 6.79802e-08
14.8852660332 	 6.35572e-08
14.9154592706 	 4.44269e-08
14.945652508 	 3.54211e-08
14.9758457454 	 5.96133e-08
15.0060389828 	 8.86734e-08
15.0362322201 	 8.65765e-08
15.0664254575 	 1.02607e-07
15.0966186949 	 1.25122e-07
15.1268119323 	 1.21815e-07
15.1570051697 	 1.18293e-07
15.1871984071 	 1.17557e-07
15.2173916445 	 1.10668e-07
15.2475848819 	 1.05345e-07
15.2777781193 	 1.04973e-07
15.3079713567 	 8.04601e-08
15.338164594 	 6.35467e-08
15.3683578314 	 4.06505e-08
15.3985510688 	 5.14791e-08
15.4287443062 	 7.58282e-08
15.4589375436 	 6.3723e-08
15.489130781 	 5.62299e-08
15.5193240184 	 5.20369e-08
15.5495172558 	 5.12081e-08
15.5797104932 	 3.02498e-08
15.6099037306 	 2.27003e-08
15.6400969679 	 1.30157e-08
15.6702902053 	 1.25502e-08
15.7004834427 	 2.66118e-08
15.7306766801 	 2.36847e-08
15.7608699175 	 7.05245e-09
15.7910631549 	 1.75762e-08
15.8212563923 	 1.72656e-08
15.8514496297 	 3.16348e-08
15.8816428671 	 2.44558e-08
15.9118361044 	 2.73832e-08
15.9420293418 	 4.07415e-08
15.9722225792 	 5.12647e-08
16.0024158166 	 5.71059e-08
16.032609054 	 6.17213e-08
16.0628022914 	 6.34334e-08
16.0929955288 	 5.4929e-08
16.1231887662 	 6.33293e-08
16.1533820036 	 7.0812e-08
16.183575241 	 6.55888e-08
16.2137684783 	 5.78338e-08
16.2439617157 	 4.23187e-08
16.2741549531 	 2.96496e-08
16.3043481905 	 2.54421e-08
16.3345414279 	 1.63967e-08
16.3647346653 	 1.48162e-08
16.3949279027 	 1.54573e-08
16.4251211401 	 2.25666e-08
16.4553143775 	 2.13275e-08
16.4855076149 	 2.95939e-08
16.5157008522 	 3.88579e-08
16.5458940896 	 4.0845e-08
16.576087327 	 4.40292e-08
16.6062805644 	 4.82088e-08
16.6364738018 	 4.749e-08
16.6666670392 	 3.31958e-08
16.6968602766 	 3.16657e-08
16.727053514 	 2.48686e-08
16.7572467514 	 1.88411e-08
16.7874399888 	 1.86431e-08
16.8176332261 	 1.00875e-08
16.8478264635 	 1.00411e-08
16.8780197009 	 1.88559e-08
16.9082129383 	 1.68748e-08
16.9384061757 	 1.80767e-08
16.9685994131 	 1.32184e-08
16.9987926505 	 1.70937e-08
17.0289858879 	 1.10245e-08
17.0591791253 	 1.99508e-08
17.0893723627 	 1.73198e-08
17.1195656 	 2.07977e-08
17.1497588374 	 2.97037e-08
17.1799520748 	 3.19637e-08
17.2101453122 	 2.9586e-08
17.2403385496 	 2.63738e-08
17.270531787 	 1.04867e-08
17.3007250244 	 6.90638e-09
17.3309182618 	 1.03895e-08
17.3611114992 	 1.17265e-08
17.3913047366 	 9.77559e-09
17.4214979739 	 1.08616e-08
17.4516912113 	 1.88476e-09
17.4818844487 	 1.01471e-08
17.5120776861 	 1.543e-08
17.5422709235 	 1.37178e-08
17.5724641609 	 2.19868e-08
17.6026573983 	 2.91857e-08
17.6328506357 	 2.35844e-08
17.6630438731 	 3.88618e-08
17.6932371105 	 4.75211e-08
17.7234303478 	 3.97557e-08
17.7536235852 	 4.06689e-08
17.7838168226 	 2.82091e-08
17.81401006 	 2.67725e-08
17.8442032974 	 2.64805e-08
17.8743965348 	 2.04717e-08
17.9045897722 	 2.95069e-08
17.9347830096 	 2.47761e-08
17.964976247 	 1.08086e-08
17.9951694843 	 1.63631e-08
18.0253627217 	 1.45496e-08
18.0555559591 	 7.81605e-09
18.0857491965 	 5.2915e-09
18.1159424339 	 7.41032e-09
18.1461356713 	 1.01262e-08
18.1763289087 	 1.3731e-08
18.2065221461 	 2.1978e-08
18.2367153835 	 2.14889e-08
18.2669086209 	 2.63528e-08
18.2971018582 	 2.5199e-08
18.3272950956 	 3.25627e-08
18.357488333 	 3.08941e-08
18.3876815704 	 3.09525e-08
18.4178748078 	 2.90769e-08
18.4480680452 	 2.17528e-08
18.4782612826 	 2.2344e-08
18.50845452 	 2.47596e-08
18.5386477574 	 2.62053e-08
18.5688409948 	 3.05654e-08
18.5990342321 	 3.1417e-08
18.6292274695 	 3.19596e-08
18.6594207069 	 2.64072e-08
18.6896139443 	 1.40041e-08
18.7198071817 	 1.90933e-08
18.7500004191 	 2.7466e-08
18.7801936565 	 2.58644e-08
18.8103868939 	 2.54974e-08
18.8405801313 	 2.31628e-08
18.8707733687 	 1.21195e-08
18.900966606 	 1.03686e-08
18.9311598434 	 1.07785e-08
18.9613530808 	 3.96539e-09
18.9915463182 	 6.43934e-09
19.0217395556 	 1.76971e-08
19.051932793 	 2.04085e-08
19.0821260304 	 1.59354e-08
19.1123192678 	 4.58822e-09
19.1425125052 	 5.9307e-09
19.1727057426 	 6.40655e-09
19.2028989799 	 1.10106e-08
19.2330922173 	 1.11378e-08
19.2632854547 	 1.35965e-08
19.2934786921 	 9.04437e-09
19.3236719295 	 1.45293e-09
19.3538651669 	 4.13794e-09
19.3840584043 	 2.60897e-09
19.4142516417 	 5.89394e-09
19.4444448791 	 8.73363e-09
19.4746381165 	 3.93187e-09
19.5048313538 	 4.68312e-09
19.5350245912 	 3.01236e-09
19.5652178286 	 4.61212e-09
19.595411066 	 6.29138e-09
19.6256043034 	 1.04743e-08
19.6557975408 	 8.6402e-09
19.6859907782 	 9.83596e-09
19.7161840156 	 7.49746e-09
19.746377253 	 1.28959e-09
19.7765704903 	 3.10178e-09
19.8067637277 	 9.83732e-09
19.8369569651 	 1.3209e-08
19.8671502025 	 1.34596e-08
19.8973434399 	 8.34601e-09
19.9275366773 	 5.87355e-09
19.9577299147 	 3.48123e-09
19.9879231521 	 1.01195e-08
20.0181163895 	 7.37611e-09
20.0483096269 	 8.98918e-09
20.0785028642 	 1.13099e-08
20.1086961016 	 1.51954e-08
20.138889339 	 1.27379e-08
20.1690825764 	 1.17876e-08
20.1992758138 	 9.32565e-09
20.2294690512 	 1.07236e-08
20.2596622886 	 6.90039e-09
20.289855526 	 3.44805e-09
20.3200487634 	 7.02183e-09
20.3502420008 	 1.46976e-08
20.3804352381 	 1.69058e-08
20.4106284755 	 1.76234e-08
20.4408217129 	 1.85895e-08
20.4710149503 	 1.62532e-08
20.5012081877 	 1.09672e-08
20.5314014251 	 3.15305e-09
20.5615946625 	 2.43081e-09
20.5917878999 	 5.24063e-09
20.6219811373 	 2.98987e-09
20.6521743747 	 6.74197e-09
20.682367612 	 1.2643e-08
20.7125608494 	 1.41227e-08
20.7427540868 	 1.58519e-08
20.7729473242 	 1.19023e-08
20.8031405616 	 1.07619e-08
20.833333799 	 5.02344e-09
20.8635270364 	 4.10305e-09
20.8937202738 	 4.39329e-09
20.9239135112 	 6.83426e-09
20.9541067486 	 7.8074e-09
20.9842999859 	 8.7721e-09
21.0144932233 	 1.31181e-08
21.0446864607 	 1.70174e-08
21.0748796981 	 1.71193e-08
21.1050729355 	 1.30929e-08
21.1352661729 	 7.87621e-09
21.1654594103 	 1.16119e-08
21.1956526477 	 1.16247e-08
21.2258458851 	 9.35379e-09
21.2560391225 	 8.62158e-09
21.2862323598 	 1.95163e-09
21.3164255972 	 3.11176e-09
21.3466188346 	 3.44901e-09
21.376812072 	 5.51816e-09
21.4070053094 	 9.20488e-09
21.4371985468 	 1.03088e-08
21.4673917842 	 9.96676e-09
21.4975850216 	 7.91276e-09
21.527778259 	 1.31732e-08
21.5579714964 	 1.46041e-08
21.5881647337 	 1.59635e-08
21.6183579711 	 1.36698e-08
21.6485512085 	 1.19575e-08
21.6787444459 	 1.08699e-08
21.7089376833 	 7.97828e-09
21.7391309207 	 4.17758e-09
21.7693241581 	 4.49164e-09
21.7995173955 	 2.02689e-09
21.8297106329 	 3.2727e-10
21.8599038702 	 3.40318e-09
21.8900971076 	 2.90375e-09
21.920290345 	 4.52393e-09
21.9504835824 	 5.88372e-09
21.9806768198 	 8.13179e-09
22.0108700572 	 8.84215e-09
22.0410632946 	 1.37217e-08
22.071256532 	 1.22127e-08
22.1014497694 	 1.12242e-08
22.1316430068 	 8.25123e-09
22.1618362441 	 6.02369e-09
22.1920294815 	 3.49106e-09
22.2222227189 	 2.55779e-09
22.2524159563 	 3.43892e-09
22.2826091937 	 7.40801e-09
22.3128024311 	 1.03617e-08
22.3429956685 	 1.02589e-08
22.3731889059 	 8.9993e-09
22.4033821433 	 1.09517e-08
22.4335753807 	 1.13584e-08
22.463768618 	 1.13302e-08
22.4939618554 	 9.77356e-09
22.5241550928 	 6.89283e-09
22.5543483302 	 5.043e-09
22.5845415676 	 4.57213e-09
22.614734805 	 5.2688e-09
22.6449280424 	 4.00345e-09
22.6751212798 	 1.4551e-09
22.7053145172 	 3.2012e-09
22.7355077546 	 3.83777e-09
22.7657009919 	 7.14823e-09
22.7958942293 	 7.26671e-09
22.8260874667 	 7.60617e-09
22.8562807041 	 7.76613e-09
22.8864739415 	 7.57235e-09
22.9166671789 	 9.52762e-09
22.9468604163 	 1.11254e-08
22.9770536537 	 1.1214e-08
23.0072468911 	 6.46086e-09
23.0374401285 	 1.83601e-09
23.0676333658 	 2.86977e-09
23.0978266032 	 4.65957e-09
23.1280198406 	 3.34246e-09
23.158213078 	 1.61396e-09
23.1884063154 	 4.26435e-09
23.2185995528 	 6.4521e-09
23.2487927902 	 4.41077e-09
23.2789860276 	 5.55886e-09
23.309179265 	 5.82588e-09
23.3393725024 	 6.53631e-09
23.3695657397 	 7.53652e-09
23.3997589771 	 6.42124e-09
23.4299522145 	 6.6541e-09
23.4601454519 	 6.99195e-09
23.4903386893 	 6.03836e-09
23.5205319267 	 4.5443e-09
23.5507251641 	 5.89666e-09
23.5809184015 	 4.43652e-09
23.6111116389 	 1.08621e-09
23.6413048763 	 4.19551e-09
23.6714981136 	 4.79969e-09
23.701691351 	 4.66966e-09
23.7318845884 	 6.09888e-09
23.7620778258 	 8.44861e-09
23.7922710632 	 9.04039e-09
23.8224643006 	 7.99906e-09
23.852657538 	 7.88612e-09
23.8828507754 	 8.76132e-09
23.9130440128 	 7.91693e-09
23.9432372501 	 5.98914e-09
23.9734304875 	 5.30898e-09
24.0036237249 	 5.13629e-09
24.0338169623 	 3.60478e-09
24.0640101997 	 4.95766e-09
24.0942034371 	 3.34509e-09
24.1243966745 	 3.01808e-09
24.1545899119 	 3.94086e-09
24.1847831493 	 8.52695e-10
24.2149763867 	 2.90084e-09
24.245169624 	 6.67417e-09
24.2753628614 	 7.36834e-09
24.3055560988 	 5.9304e-09
24.3357493362 	 5.95622e-09
24.3659425736 	 6.85874e-09
24.396135811 	 7.29841e-09
24.4263290484 	 6.71994e-09
24.4565222858 	 5.16482e-09
24.4867155232 	 3.39833e-09
24.5169087606 	 3.31905e-09
24.5471019979 	 2.54405e-09
24.5772952353 	 3.26795e-09
24.6074884727 	 3.31503e-09
24.6376817101 	 4.03332e-09
24.6678749475 	 4.39913e-09
24.6980681849 	 5.71964e-09
24.7282614223 	 5.18475e-09
24.7584546597 	 4.27541e-09
24.7886478971 	 3.28249e-09
24.8188411345 	 4.13021e-09
24.8490343718 	 5.84368e-09
24.8792276092 	 5.50422e-09
24.9094208466 	 4.85484e-09
24.939614084 	 6.4123e-09
24.9698073214 	 5.74355e-09
25.0000005588 	 4.09338e-09
25.0301937962 	 2.96128e-09
25.0603870336 	 4.26647e-09
25.090580271 	 4.84548e-09
25.1207735084 	 4.72607e-09
25.1509667457 	 5.11939e-09
25.1811599831 	 5.60076e-09
25.2113532205 	 6.59993e-09
25.2415464579 	 6.1541e-09
25.2717396953 	 5.75525e-09
25.3019329327 	 5.63984e-09
25.3321261701 	 4.68424e-09
25.3623194075 	 5.08861e-09
25.3925126449 	 5.19456e-09
25.4227058823 	 3.92265e-09
25.4528991196 	 3.40593e-09
25.483092357 	 2.99316e-09
25.5132855944 	 1.23539e-09
25.5434788318 	 2.37498e-09
25.5736720692 	 2.78134e-09
25.6038653066 	 3.59698e-09
25.634058544 	 4.84612e-09
25.6642517814 	 5.67904e-09
25.6944450188 	 6.59199e-09
25.7246382561 	 7.816e-09
25.7548314935 	 7.61746e-09
25.7850247309 	 7.12643e-09
25.8152179683 	 5.80268e-09
25.8454112057 	 4.86529e-09
25.8756044431 	 4.39924e-09
25.9057976805 	 3.91735e-09
25.9359909179 	 3.48498e-09
25.9661841553 	 3.43059e-09
25.9963773927 	 4.31549e-09
26.02657063 	 4.72955e-09
26.0567638674 	 5.08691e-09
26.0869571048 	 3.76654e-09
26.1171503422 	 4.13798e-09
26.1473435796 	 3.98966e-09
26.177536817 	 3.73548e-09
26.2077300544 	 3.76642e-09
26.2379232918 	 4.53464e-09
26.2681165292 	 4.82077e-09
26.2983097666 	 5.28391e-09
26.3285030039 	 4.71157e-09
26.3586962413 	 3.76393e-09
26.3888894787 	 3.41259e-09
26.4190827161 	 3.39778e-09
26.4492759535 	 3.72015e-09
26.4794691909 	 3.25938e-09
26.5096624283 	 3.38095e-09
26.5398556657 	 4.68996e-09
26.5700489031 	 5.09086e-09
26.6002421405 	 4.37326e-09
26.6304353778 	 3.95008e-09
26.6606286152 	 4.18368e-09
26.6908218526 	 4.60357e-09
26.72101509 	 5.03283e-09
26.7512083274 	 4.93662e-09
26.7814015648 	 5.29308e-09
26.8115948022 	 4.92395e-09
26.8417880396 	 4.65817e-09
26.871981277 	 4.63291e-09
26.9021745144 	 4.08881e-09
26.9323677517 	 3.34923e-09
26.9625609891 	 2.77894e-09
26.9927542265 	 3.63173e-09
27.0229474639 	 4.70287e-09
27.0531407013 	 5.31251e-09
27.0833339387 	 5.03868e-09
27.1135271761 	 4.93591e-09
27.1437204135 	 5.06986e-09
27.1739136509 	 4.73596e-09
27.2041068883 	 3.67753e-09
27.2343001256 	 3.79466e-09
27.264493363 	 4.13169e-09
27.2946866004 	 3.87657e-09
27.3248798378 	 3.98018e-09
27.3550730752 	 4.0302e-09
27.3852663126 	 4.19466e-09
27.41545955 	 3.99604e-09
27.4456527874 	 3.9703e-09
27.4758460248 	 4.19317e-09
27.5060392622 	 4.44427e-09
27.5362324995 	 4.09911e-09
27.5664257369 	 3.71748e-09
27.5966189743 	 3.96677e-09
27.6268122117 	 3.82124e-09
27.6570054491 	 3.8191e-09
27.6871986865 	 3.64006e-09
27.7173919239 	 3.6429e-09
27.7475851613 	 3.52941e-09
27.7777783987 	 3.62165e-09
27.807971636 	 3.57545e-09
27.8381648734 	 3.43689e-09
27.8683581108 	 3.67446e-09
27.8985513482 	 4.16377e-09
27.9287445856 	 4.53165e-09
27.958937823 	 4.64401e-09
27.9891310604 	 4.78171e-09
28.0193242978 	 4.63601e-09
28.0495175352 	 4.71756e-09
28.0797107726 	 4.77616e-09
28.1099040099 	 4.63495e-09
28.1400972473 	 4.34174e-09
28.1702904847 	 4.05688e-09
28.2004837221 	 3.55994e-09
28.2306769595 	 3.20026e-09
28.2608701969 	 3.33202e-09
28.2910634343 	 3.36016e-09
28.3212566717 	 3.40863e-09
28.3514499091 	 3.53369e-09
28.3816431465 	 3.3595e-09
28.4118363838 	 3.89927e-09
28.4420296212 	 4.68668e-09
28.4722228586 	 4.92951e-09
28.502416096 	 4.71452e-09
28.5326093334 	 4.63725e-09
28.5628025708 	 4.82074e-09
28.5929958082 	 4.79109e-09
28.6231890456 	 4.42262e-09
28.653382283 	 3.94878e-09
28.6835755204 	 3.40794e-09
28.7137687577 	 3.33429e-09
28.7439619951 	 3.4209e-09
28.7741552325 	 3.70265e-09
28.8043484699 	 3.94063e-09
28.8345417073 	 3.88373e-09
28.8647349447 	 3.81424e-09
28.8949281821 	 3.58572e-09
28.9251214195 	 3.41405e-09
28.9553146569 	 3.63518e-09
28.9855078943 	 3.76891e-09
29.0157011316 	 3.86842e-09
29.045894369 	 4.15397e-09
29.0760876064 	 4.30568e-09
29.1062808438 	 4.20633e-09
29.1364740812 	 4.12829e-09
29.1666673186 	 3.95611e-09
29.196860556 	 3.71769e-09
29.2270537934 	 3.682e-09
29.2572470308 	 3.4083e-09
29.2874402682 	 3.58211e-09
29.3176335055 	 3.7129e-09
29.3478267429 	 3.92461e-09
29.3780199803 	 4.03342e-09
29.4082132177 	 4.08123e-09
29.4384064551 	 3.98544e-09
29.4685996925 	 3.88681e-09
29.4987929299 	 3.7548e-09
29.5289861673 	 3.76803e-09
29.5591794047 	 3.83937e-09
29.5893726421 	 3.76456e-09
29.6195658794 	 3.8543e-09
29.6497591168 	 4.00187e-09
29.6799523542 	 3.96495e-09
29.7101455916 	 3.7424e-09
29.740338829 	 3.56929e-09
29.7705320664 	 3.52742e-09
29.8007253038 	 3.66948e-09
29.8309185412 	 3.67567e-09
29.8611117786 	 3.57299e-09
29.8913050159 	 3.59297e-09
29.9214982533 	 3.57058e-09
29.9516914907 	 3.72441e-09
29.9818847281 	 3.62047e-09
30.0120779655 	 3.63722e-09
30.0422712029 	 3.75177e-09
30.0724644403 	 3.98873e-09
30.1026576777 	 4.05553e-09
30.1328509151 	 3.85449e-09
30.1630441525 	 3.86752e-09
30.1932373898 	 3.78998e-09
30.2234306272 	 3.60997e-09
30.2536238646 	 3.55168e-09
30.283817102 	 3.45631e-09
30.3140103394 	 3.41416e-09
30.3442035768 	 3.72379e-09
30.3743968142 	 3.84453e-09
30.4045900516 	 3.88266e-09
30.434783289 	 3.93127e-09
30.4649765264 	 3.82694e-09
30.4951697637 	 3.75549e-09
30.5253630011 	 3.70239e-09
30.5555562385 	 3.54121e-09
30.5857494759 	 3.42249e-09
30.6159427133 	 3.46868e-09
30.6461359507 	 3.44565e-09
30.6763291881 	 3.55261e-09
30.7065224255 	 3.68472e-09
30.7367156629 	 3.66229e-09
30.7669089003 	 3.67066e-09
30.7971021376 	 3.57156e-09
30.827295375 	 3.49223e-09
30.8574886124 	 3.5712e-09
30.8876818498 	 3.69252e-09
30.9178750872 	 3.74788e-09
30.9480683246 	 3.82831e-09
30.978261562 	 3.80075e-09
31.0084547994 	 3.78173e-09
31.0386480368 	 3.72584e-09
31.0688412742 	 3.64231e-09
31.0990345115 	 3.793e-09
31.1292277489 	 3.89826e-09
31.1594209863 	 3.65279e-09
31.1896142237 	 3.45679e-09
31.2198074611 	 3.41874e-09
31.2500006985 	 3.41244e-09
31.2801939359 	 3.41131e-09
31.3103871733 	 3.39922e-09
31.3405804107 	 3.40558e-09
31.3707736481 	 3.46329e-09
31.4009668854 	 3.52172e-09
31.4311601228 	 3.57751e-09
31.4613533602 	 3.69427e-09
31.4915465976 	 3.74585e-09
31.521739835 	 3.64789e-09
31.5519330724 	 3.559e-09
31.5821263098 	 3.52094e-09
31.6123195472 	 3.47384e-09
31.6425127846 	 3.35697e-09
31.6727060219 	 3.36409e-09
31.7028992593 	 3.42856e-09
31.7330924967 	 3.49018e-09
31.7632857341 	 3.54472e-09
31.7934789715 	 3.62922e-09
31.8236722089 	 3.70299e-09
31.8538654463 	 3.70514e-09
31.8840586837 	 3.62419e-09
31.9142519211 	 3.59761e-09
31.9444451585 	 3.61291e-09
31.9746383958 	 3.48263e-09
32.0048316332 	 3.41787e-09
32.0350248706 	 3.33708e-09
32.065218108 	 3.48614e-09
32.0954113454 	 3.56848e-09
32.1256045828 	 3.58241e-09
32.1557978202 	 3.56797e-09
32.1859910576 	 3.525e-09
32.216184295 	 3.49022e-09
32.2463775324 	 3.44588e-09
32.2765707697 	 3.41499e-09
32.3067640071 	 3.36815e-09
32.3369572445 	 3.34107e-09
32.3671504819 	 3.38665e-09
32.3973437193 	 3.38799e-09
32.4275369567 	 3.46992e-09
32.4577301941 	 3.59219e-09
32.4879234315 	 3.54934e-09
32.5181166689 	 3.48478e-09
32.5483099063 	 3.3052e-09
32.5785031436 	 3.14568e-09
32.608696381 	 3.18885e-09
32.6388896184 	 3.29932e-09
32.6690828558 	 3.40602e-09
32.6992760932 	 3.51262e-09
32.7294693306 	 3.63658e-09
32.759662568 	 3.61601e-09
32.7898558054 	 3.63211e-09
32.8200490428 	 3.57755e-09
32.8502422802 	 3.55505e-09
32.8804355175 	 3.54479e-09
32.9106287549 	 3.38308e-09
32.9408219923 	 3.27187e-09
32.9710152297 	 3.25253e-09
33.0012084671 	 3.25997e-09
33.0314017045 	 3.30369e-09
33.0615949419 	 3.35223e-09
33.0917881793 	 3.29761e-09
33.1219814167 	 3.27169e-09
33.1521746541 	 3.30873e-09
33.1823678914 	 3.36771e-09
33.2125611288 	 3.43322e-09
33.2427543662 	 3.50678e-09
33.2729476036 	 3.52546e-09
33.303140841 	 3.49357e-09
33.3333340784 	 3.4647e-09
33.3635273158 	 3.45285e-09
33.3937205532 	 3.45338e-09
33.4239137906 	 3.35189e-09
33.454107028 	 3.3522e-09
33.4843002653 	 3.3206e-09
33.5144935027 	 3.27675e-09
33.5446867401 	 3.23012e-09
33.5748799775 	 3.12571e-09
33.6050732149 	 3.15631e-09
33.6352664523 	 3.15216e-09
33.6654596897 	 3.18493e-09
33.6956529271 	 3.26497e-09
33.7258461645 	 3.38589e-09
33.7560394018 	 3.43164e-09
33.7862326392 	 3.47037e-09
33.8164258766 	 3.47752e-09
33.846619114 	 3.45299e-09
33.8768123514 	 3.33819e-09
33.9070055888 	 3.25159e-09
33.9371988262 	 3.16498e-09
33.9673920636 	 3.19406e-09
33.997585301 	 3.26364e-09
34.0277785384 	 3.33333e-09
34.0579717757 	 3.35014e-09
34.0881650131 	 3.43045e-09
34.1183582505 	 3.41681e-09
34.1485514879 	 3.37434e-09
34.1787447253 	 3.37179e-09
34.2089379627 	 3.31224e-09
34.2391312001 	 3.24781e-09
34.2693244375 	 3.21162e-09
34.2995176749 	 3.16302e-09
34.3297109123 	 3.17642e-09
34.3599041496 	 3.24402e-09
34.390097387 	 3.28592e-09
34.4202906244 	 3.26438e-09
34.4504838618 	 3.22651e-09
34.4806770992 	 3.15777e-09
34.5108703366 	 3.18438e-09
34.541063574 	 3.22188e-09
34.5712568114 	 3.22475e-09
34.6014500488 	 3.26061e-09
34.6316432862 	 3.28597e-09
34.6618365235 	 3.22474e-09
34.6920297609 	 3.20793e-09
34.7222229983 	 3.2678e-09
34.7524162357 	 3.32511e-09
34.7826094731 	 3.29646e-09
34.8128027105 	 3.26526e-09
34.8429959479 	 3.25114e-09
34.8731891853 	 3.25585e-09
34.9033824227 	 3.23732e-09
34.9335756601 	 3.13546e-09
34.9637688974 	 3.10388e-09
34.9939621348 	 3.08192e-09
35.0241553722 	 3.0721e-09
35.0543486096 	 3.09121e-09
35.084541847 	 3.15165e-09
35.1147350844 	 3.2286e-09
35.1449283218 	 3.27207e-09
35.1751215592 	 3.32532e-09
35.2053147966 	 3.34686e-09
35.235508034 	 3.32218e-09
35.2657012713 	 3.24472e-09
35.2958945087 	 3.1768e-09
35.3260877461 	 3.1583e-09
35.3562809835 	 3.11953e-09
35.3864742209 	 3.11577e-09
35.4166674583 	 3.14891e-09
35.4468606957 	 3.1413e-09
35.4770539331 	 3.13755e-09
35.5072471705 	 3.13141e-09
35.5374404079 	 3.09396e-09
35.5676336452 	 3.11048e-09
35.5978268826 	 3.12234e-09
35.62802012 	 3.14731e-09
35.6582133574 	 3.12183e-09
35.6884065948 	 3.14025e-09
35.7185998322 	 3.21225e-09
35.7487930696 	 3.22299e-09
35.778986307 	 3.18887e-09
35.8091795444 	 3.13534e-09
35.8393727817 	 3.0716e-09
35.8695660191 	 3.01492e-09
35.8997592565 	 3.03217e-09
35.9299524939 	 3.02618e-09
35.9601457313 	 3.04801e-09
35.9903389687 	 3.08676e-09
36.0205322061 	 3.12153e-09
36.0507254435 	 3.13922e-09
36.0809186809 	 3.20571e-09
36.1111119183 	 3.22712e-09
36.1413051556 	 3.23412e-09
36.171498393 	 3.19314e-09
36.2016916304 	 3.17673e-09
36.2318848678 	 3.15249e-09
36.2620781052 	 3.09903e-09
36.2922713426 	 3.03494e-09
36.32246458 	 2.97911e-09
36.3526578174 	 3.0365e-09
36.3828510548 	 3.05056e-09
36.4130442922 	 3.02757e-09
36.4432375295 	 3.00462e-09
36.4734307669 	 2.97329e-09
36.5036240043 	 3.03458e-09
36.5338172417 	 3.08246e-09
36.5640104791 	 3.06882e-09
36.5942037165 	 3.0538e-09
36.6243969539 	 3.08436e-09
36.6545901913 	 3.13519e-09
36.6847834287 	 3.14159e-09
36.7149766661 	 3.12486e-09
36.7451699034 	 3.09597e-09
36.7753631408 	 3.08844e-09
36.8055563782 	 3.08548e-09
36.8357496156 	 3.05405e-09
36.865942853 	 3.02108e-09
36.8961360904 	 3.01138e-09
36.9263293278 	 3.0444e-09
36.9565225652 	 3.06906e-09
36.9867158026 	 3.02437e-09
37.01690904 	 3.01638e-09
37.0471022773 	 3.01729e-09
37.0772955147 	 3.04028e-09
37.1074887521 	 3.06685e-09
37.1376819895 	 3.09486e-09
37.1678752269 	 3.0606e-09
37.1980684643 	 3.02537e-09
37.2282617017 	 3.01313e-09
37.2584549391 	 2.99763e-09
37.2886481765 	 2.98454e-09
37.3188414139 	 2.95781e-09
37.3490346512 	 2.95488e-09
37.3792278886 	 2.98099e-09
37.409421126 	 3.00609e-09
37.4396143634 	 3.02249e-09
37.4698076008 	 3.02848e-09
37.5000008382 	 3.03621e-09
37.5301940756 	 3.01134e-09
37.560387313 	 2.96719e-09
37.5905805504 	 2.9456e-09
37.6207737877 	 2.96582e-09
37.6509670251 	 2.97193e-09
37.6811602625 	 2.97077e-09
37.7113534999 	 2.98269e-09
37.7415467373 	 3.03256e-09
37.7717399747 	 3.01102e-09
37.8019332121 	 2.9735e-09
37.8321264495 	 2.94812e-09
37.8623196869 	 2.93442e-09
37.8925129243 	 2.93969e-09
37.9227061616 	 2.95671e-09
37.952899399 	 2.97298e-09
37.9830926364 	 3.00644e-09
38.0132858738 	 3.0202e-09
38.0434791112 	 2.98945e-09
38.0736723486 	 2.98615e-09
38.103865586 	 2.97764e-09
38.1340588234 	 2.95023e-09
38.1642520608 	 2.92492e-09
38.1944452982 	 2.90545e-09
38.2246385355 	 2.91333e-09
38.2548317729 	 2.92245e-09
38.2850250103 	 2.90924e-09
38.3152182477 	 2.89712e-09
38.3454114851 	 2.90068e-09
38.3756047225 	 2.92949e-09
38.4057979599 	 2.95746e-09
38.4359911973 	 2.96257e-09
38.4661844347 	 2.94844e-09
38.4963776721 	 2.95695e-09
38.5265709094 	 2.97793e-09
38.5567641468 	 2.94882e-09
38.5869573842 	 2.90807e-09
38.6171506216 	 2.86048e-09
38.647343859 	 2.84489e-09
38.6775370964 	 2.88616e-09
38.7077303338 	 2.8866e-09
38.7379235712 	 2.89025e-09
38.7681168086 	 2.90749e-09
38.798310046 	 2.92383e-09
38.8285032833 	 2.91758e-09
38.8586965207 	 2.89844e-09
38.8888897581 	 2.90593e-09
38.9190829955 	 2.91494e-09
38.9492762329 	 2.89386e-09
38.9794694703 	 2.89597e-09
39.0096627077 	 2.91914e-09
39.0398559451 	 2.92953e-09
39.0700491825 	 2.90477e-09
39.1002424199 	 2.87842e-09
39.1304356572 	 2.87316e-09
39.1606288946 	 2.87765e-09
39.190822132 	 2.86006e-09
39.2210153694 	 2.84465e-09
39.2512086068 	 2.85223e-09
39.2814018442 	 2.86922e-09
39.3115950816 	 2.86812e-09
39.341788319 	 2.87002e-09
39.3719815564 	 2.89086e-09
39.4021747938 	 2.90735e-09
39.4323680311 	 2.88073e-09
39.4625612685 	 2.8676e-09
39.4927545059 	 2.86402e-09
39.5229477433 	 2.86946e-09
39.5531409807 	 2.84727e-09
39.5833342181 	 2.80973e-09
39.6135274555 	 2.78648e-09
39.6437206929 	 2.78826e-09
39.6739139303 	 2.80058e-09
39.7041071676 	 2.81918e-09
39.734300405 	 2.84843e-09
39.7644936424 	 2.86075e-09
39.7946868798 	 2.86083e-09
39.8248801172 	 2.84533e-09
39.8550733546 	 2.85227e-09
39.885266592 	 2.85207e-09
39.9154598294 	 2.84598e-09
39.9456530668 	 2.8245e-09
39.9758463042 	 2.83382e-09
40.0060395415 	 2.84172e-09
40.0362327789 	 2.83549e-09
40.0664260163 	 2.81911e-09
40.0966192537 	 2.8053e-09
40.1268124911 	 2.80028e-09
40.1570057285 	 2.78356e-09
40.1871989659 	 2.75996e-09
40.2173922033 	 2.75662e-09
40.2475854407 	 2.78912e-09
40.2777786781 	 2.81591e-09
40.3079719154 	 2.82613e-09
40.3381651528 	 2.81702e-09
40.3683583902 	 2.81265e-09
40.3985516276 	 2.82338e-09
40.428744865 	 2.83057e-09
40.4589381024 	 2.81802e-09
40.4891313398 	 2.80627e-09
40.5193245772 	 2.80074e-09
40.5495178146 	 2.79497e-09
40.579711052 	 2.78553e-09
40.6099042893 	 2.76161e-09
40.6400975267 	 2.73655e-09
40.6702907641 	 2.7225e-09
40.7004840015 	 2.72938e-09
40.7306772389 	 2.73352e-09
40.7608704763 	 2.75558e-09
40.7910637137 	 2.7835e-09
40.8212569511 	 2.79995e-09
40.8514501885 	 2.80857e-09
40.8816434259 	 2.80378e-09
40.9118366632 	 2.79914e-09
40.9420299006 	 2.79064e-09
40.972223138 	 2.76982e-09
41.0024163754 	 2.75781e-09
41.0326096128 	 2.74925e-09
41.0628028502 	 2.74693e-09
41.0929960876 	 2.74106e-09
41.123189325 	 2.74195e-09
41.1533825624 	 2.74311e-09
41.1835757998 	 2.73039e-09
41.2137690371 	 2.71608e-09
41.2439622745 	 2.71595e-09
41.2741555119 	 2.74013e-09
41.3043487493 	 2.75533e-09
41.3345419867 	 2.75632e-09
41.3647352241 	 2.76042e-09
41.3949284615 	 2.7581e-09
41.4251216989 	 2.76211e-09
41.4553149363 	 2.75089e-09
41.4855081737 	 2.73586e-09
41.515701411 	 2.72751e-09
41.5458946484 	 2.71994e-09
41.5760878858 	 2.71372e-09
41.6062811232 	 2.70803e-09
41.6364743606 	 2.70934e-09
41.666667598 	 2.70635e-09
41.6968608354 	 2.70556e-09
41.7270540728 	 2.71002e-09
41.7572473102 	 2.71671e-09
41.7874405475 	 2.72457e-09
41.8176337849 	 2.71953e-09
41.8478270223 	 2.71684e-09
41.8780202597 	 2.71515e-09
41.9082134971 	 2.70464e-09
41.9384067345 	 2.69289e-09
41.9685999719 	 2.6872e-09
41.9987932093 	 2.69186e-09
42.0289864467 	 2.68986e-09
42.0591796841 	 2.68904e-09
42.0893729214 	 2.6908e-09
42.1195661588 	 2.69179e-09
42.1497593962 	 2.69417e-09
42.1799526336 	 2.69395e-09
42.210145871 	 2.68563e-09
42.2403391084 	 2.67841e-09
42.2705323458 	 2.68006e-09
42.3007255832 	 2.6896e-09
42.3309188206 	 2.69023e-09
42.361112058 	 2.68241e-09
42.3913052953 	 2.68616e-09
42.4214985327 	 2.68451e-09
42.4516917701 	 2.67678e-09
42.4818850075 	 2.66559e-09
42.5120782449 	 2.66258e-09
42.5422714823 	 2.65427e-09
42.5724647197 	 2.65542e-09
42.6026579571 	 2.6585e-09
42.6328511945 	 2.66431e-09
42.6630444319 	 2.67414e-09
42.6932376692 	 2.67238e-09
42.7234309066 	 2.66417e-09
42.753624144 	 2.66195e-09
42.7838173814 	 2.66414e-09
42.8140106188 	 2.66506e-09
42.8442038562 	 2.65582e-09
42.8743970936 	 2.65151e-09
42.904590331 	 2.64228e-09
42.9347835684 	 2.6396e-09
42.9649768058 	 2.64025e-09
42.9951700431 	 2.63446e-09
43.0253632805 	 2.63103e-09
43.0555565179 	 2.63293e-09
43.0857497553 	 2.63639e-09
43.1159429927 	 2.63709e-09
43.1461362301 	 2.63735e-09
43.1763294675 	 2.63845e-09
43.2065227049 	 2.64192e-09
43.2367159423 	 2.63592e-09
43.2669091797 	 2.62712e-09
43.297102417 	 2.62125e-09
43.3272956544 	 2.6157e-09
43.3574888918 	 2.6141e-09
43.3876821292 	 2.61745e-09
43.4178753666 	 2.61469e-09
43.448068604 	 2.61689e-09
43.4782618414 	 2.6184e-09
43.5084550788 	 2.61675e-09
43.5386483162 	 2.6178e-09
43.5688415535 	 2.61889e-09
43.5990347909 	 2.61488e-09
43.6292280283 	 2.60496e-09
43.6594212657 	 2.60047e-09
43.6896145031 	 2.60303e-09
43.7198077405 	 2.60591e-09
43.7500009779 	 2.6047e-09
43.7801942153 	 2.60386e-09
43.8103874527 	 2.60705e-09
43.8405806901 	 2.60273e-09
43.8707739274 	 2.59904e-09
43.9009671648 	 2.59555e-09
43.9311604022 	 2.59427e-09
43.9613536396 	 2.59344e-09
43.991546877 	 2.58666e-09
44.0217401144 	 2.58143e-09
44.0519333518 	 2.58359e-09
44.0821265892 	 2.5897e-09
44.1123198266 	 2.59708e-09
44.142513064 	 2.59535e-09
44.1727063013 	 2.59668e-09
44.2028995387 	 2.59006e-09
44.2330927761 	 2.58171e-09
44.2632860135 	 2.57621e-09
44.2934792509 	 2.56986e-09
44.3236724883 	 2.5669e-09
44.3538657257 	 2.56037e-09
44.3840589631 	 2.55651e-09
44.4142522005 	 2.5563e-09
44.4444454379 	 2.55911e-09
44.4746386752 	 2.56252e-09
44.5048319126 	 2.55692e-09
44.53502515 	 2.55631e-09
44.5652183874 	 2.55806e-09
44.5954116248 	 2.55939e-09
44.6256048622 	 2.55776e-09
44.6557980996 	 2.55486e-09
44.685991337 	 2.55484e-09
44.7161845744 	 2.55543e-09
44.7463778118 	 2.55576e-09
44.7765710491 	 2.55573e-09
44.8067642865 	 2.55415e-09
44.8369575239 	 2.55399e-09
44.8671507613 	 2.54952e-09
44.8973439987 	 2.545e-09
44.9275372361 	 2.54086e-09
44.9577304735 	 2.53716e-09
44.9879237109 	 2.53547e-09
45.0181169483 	 2.5317e-09
45.0483101857 	 2.5344e-09
45.078503423 	 2.53831e-09
45.1086966604 	 2.53952e-09
45.1388898978 	 2.53718e-09
45.1690831352 	 2.53547e-09
45.1992763726 	 2.53733e-09
45.22946961 	 2.53478e-09
45.2596628474 	 2.53053e-09
45.2898560848 	 2.52857e-09
45.3200493222 	 2.5253e-09
45.3502425596 	 2.51444e-09
45.3804357969 	 2.50724e-09
45.4106290343 	 2.50753e-09
45.4408222717 	 2.5076e-09
45.4710155091 	 2.51069e-09
45.5012087465 	 2.51285e-09
45.5314019839 	 2.51575e-09
45.5615952213 	 2.51714e-09
45.5917884587 	 2.51554e-09
45.6219816961 	 2.51112e-09
45.6521749334 	 2.51001e-09
45.6823681708 	 2.50835e-09
45.7125614082 	 2.50438e-09
45.7427546456 	 2.50073e-09
45.772947883 	 2.50251e-09
45.8031411204 	 2.50194e-09
45.8333343578 	 2.50052e-09
45.8635275952 	 2.49662e-09
45.8937208326 	 2.49365e-09
45.92391407 	 2.49119e-09
45.9541073073 	 2.48953e-09
45.9843005447 	 2.49192e-09
46.0144937821 	 2.49072e-09
46.0446870195 	 2.49029e-09
46.0748802569 	 2.49135e-09
46.1050734943 	 2.49055e-09
46.1352667317 	 2.49114e-09
46.1654599691 	 2.48856e-09
46.1956532065 	 2.48411e-09
46.2258464439 	 2.47817e-09
46.2560396812 	 2.47488e-09
46.2862329186 	 2.47522e-09
46.316426156 	 2.47523e-09
46.3466193934 	 2.47478e-09
46.3768126308 	 2.47401e-09
46.4070058682 	 2.47209e-09
46.4371991056 	 2.46973e-09
46.467392343 	 2.46943e-09
46.4975855804 	 2.4687e-09
46.5277788178 	 2.46751e-09
46.5579720551 	 2.46576e-09
46.5881652925 	 2.46343e-09
46.6183585299 	 2.46265e-09
46.6485517673 	 2.46113e-09
46.6787450047 	 2.45726e-09
46.7089382421 	 2.45403e-09
46.7391314795 	 2.45345e-09
46.7693247169 	 2.45366e-09
46.7995179543 	 2.45675e-09
46.8297111917 	 2.45672e-09
46.859904429 	 2.45743e-09
46.8900976664 	 2.45724e-09
46.9202909038 	 2.45529e-09
46.9504841412 	 2.45391e-09
46.9806773786 	 2.45062e-09
47.010870616 	 2.44492e-09
47.0410638534 	 2.43928e-09
47.0712570908 	 2.43574e-09
47.1014503282 	 2.4367e-09
47.1316435656 	 2.43717e-09
47.1618368029 	 2.43708e-09
47.1920300403 	 2.43747e-09
47.2222232777 	 2.43543e-09
47.2524165151 	 2.43391e-09
47.2826097525 	 2.4336e-09
47.3128029899 	 2.43008e-09
47.3429962273 	 2.42856e-09
47.3731894647 	 2.42777e-09
47.4033827021 	 2.42853e-09
47.4335759395 	 2.42879e-09
47.4637691768 	 2.42831e-09
47.4939624142 	 2.42781e-09
47.5241556516 	 2.42743e-09
47.554348889 	 2.42522e-09
47.5845421264 	 2.42356e-09
47.6147353638 	 2.41913e-09
47.6449286012 	 2.4146e-09
47.6751218386 	 2.41324e-09
47.705315076 	 2.41144e-09
47.7355083133 	 2.40868e-09
47.7657015507 	 2.40759e-09
47.7958947881 	 2.40895e-09
47.8260880255 	 2.40993e-09
47.8562812629 	 2.41166e-09
47.8864745003 	 2.41054e-09
47.9166677377 	 2.4096e-09
47.9468609751 	 2.40954e-09
47.9770542125 	 2.40672e-09
48.0072474499 	 2.40513e-09
48.0374406872 	 2.40158e-09
48.0676339246 	 2.39791e-09
48.097827162 	 2.3972e-09
48.1280203994 	 2.39731e-09
48.1582136368 	 2.39645e-09
48.1884068742 	 2.3941e-09
48.2186001116 	 2.39063e-09
48.248793349 	 2.39012e-09
48.2789865864 	 2.3892e-09
48.3091798238 	 2.38827e-09
48.3393730611 	 2.38877e-09
48.3695662985 	 2.38865e-09
48.3997595359 	 2.38699e-09
48.4299527733 	 2.38455e-09
48.4601460107 	 2.3826e-09
48.4903392481 	 2.38132e-09
48.5205324855 	 2.38055e-09
48.5507257229 	 2.37878e-09
48.5809189603 	 2.37584e-09
48.6111121977 	 2.37545e-09
48.641305435 	 2.37559e-09
48.6714986724 	 2.37339e-09
48.7016919098 	 2.37243e-09
48.7318851472 	 2.37172e-09
48.7620783846 	 2.3713e-09
48.792271622 	 2.36966e-09
48.8224648594 	 2.36711e-09
48.8526580968 	 2.36769e-09
48.8828513342 	 2.36868e-09
48.9130445716 	 2.36706e-09
48.9432378089 	 2.36567e-09
48.9734310463 	 2.36468e-09
49.0036242837 	 2.36319e-09
49.0338175211 	 2.36156e-09
49.0640107585 	 2.35894e-09
49.0942039959 	 2.35667e-09
49.1243972333 	 2.3569e-09
49.1545904707 	 2.35579e-09
49.1847837081 	 2.35444e-09
49.2149769455 	 2.35275e-09
49.2451701828 	 2.3518e-09
49.2753634202 	 2.35099e-09
49.3055566576 	 2.35002e-09
49.335749895 	 2.349e-09
49.3659431324 	 2.34732e-09
49.3961363698 	 2.34594e-09
49.4263296072 	 2.34355e-09
49.4565228446 	 2.34204e-09
49.486716082 	 2.34134e-09
49.5169093193 	 2.34002e-09
49.5471025567 	 2.33997e-09
49.5772957941 	 2.33874e-09
49.6074890315 	 2.33764e-09
49.6376822689 	 2.33756e-09
49.6678755063 	 2.33599e-09
49.6980687437 	 2.33427e-09
49.7282619811 	 2.33285e-09
49.7584552185 	 2.33062e-09
49.7886484559 	 2.32989e-09
49.8188416932 	 2.32934e-09
49.8490349306 	 2.32794e-09
49.879228168 	 2.32732e-09
49.9094214054 	 2.32681e-09
49.9396146428 	 2.32547e-09
49.9698078802 	 2.32492e-09
50.0000011176 	 2.32246e-09
50.030194355 	 2.31986e-09
50.0603875924 	 2.31895e-09
50.0905808298 	 2.31762e-09
50.1207740671 	 2.31709e-09
50.1509673045 	 2.31691e-09
50.1811605419 	 2.3156e-09
50.2113537793 	 2.31525e-09
50.2415470167 	 2.31365e-09
50.2717402541 	 2.31244e-09
50.3019334915 	 2.31112e-09
50.3321267289 	 2.31007e-09
50.3623199663 	 2.30902e-09
50.3925132037 	 2.30703e-09
50.422706441 	 2.30621e-09
50.4528996784 	 2.30484e-09
50.4830929158 	 2.30399e-09
50.5132861532 	 2.30298e-09
50.5434793906 	 2.30125e-09
50.573672628 	 2.30043e-09
50.6038658654 	 2.3e-09
50.6340591028 	 2.29869e-09
50.6642523402 	 2.29785e-09
50.6944455776 	 2.29702e-09
50.7246388149 	 2.29549e-09
50.7548320523 	 2.29508e-09
50.7850252897 	 2.29296e-09
50.8152185271 	 2.29191e-09
50.8454117645 	 2.29111e-09
50.8756050019 	 2.2895e-09
50.9057982393 	 2.28935e-09
50.9359914767 	 2.28766e-09
50.9661847141 	 2.287e-09
50.9963779515 	 2.2854e-09
51.0265711888 	 2.28415e-09
51.0567644262 	 2.28238e-09
51.0869576636 	 2.2797e-09
51.117150901 	 2.27934e-09
51.1473441384 	 2.27935e-09
51.1775373758 	 2.27958e-09
51.2077306132 	 2.27838e-09
51.2379238506 	 2.27645e-09
51.268117088 	 2.27625e-09
51.2983103254 	 2.27585e-09
51.3285035627 	 2.27415e-09
51.3586968001 	 2.27354e-09
51.3888900375 	 2.27038e-09
51.4190832749 	 2.26975e-09
51.4492765123 	 2.27019e-09
51.4794697497 	 2.26779e-09
51.5096629871 	 2.26607e-09
51.5398562245 	 2.26465e-09
51.5700494619 	 2.26434e-09
51.6002426992 	 2.26353e-09
51.6304359366 	 2.26204e-09
51.660629174 	 2.26272e-09
51.6908224114 	 2.26181e-09
51.7210156488 	 2.26106e-09
51.7512088862 	 2.26074e-09
51.7814021236 	 2.25926e-09
51.811595361 	 2.2573e-09
51.8417885984 	 2.25366e-09
51.8719818358 	 2.25248e-09
51.9021750731 	 2.25145e-09
51.9323683105 	 2.24998e-09
51.9625615479 	 2.25008e-09
51.9927547853 	 2.24937e-09
52.0229480227 	 2.2485e-09
52.0531412601 	 2.24823e-09
52.0833344975 	 2.24661e-09
52.1135277349 	 2.24681e-09
52.1437209723 	 2.24647e-09
52.1739142097 	 2.24427e-09
52.204107447 	 2.243e-09
52.2343006844 	 2.24236e-09
52.2644939218 	 2.24136e-09
52.2946871592 	 2.24002e-09
52.3248803966 	 2.23888e-09
52.355073634 	 2.2384e-09
52.3852668714 	 2.23692e-09
52.4154601088 	 2.23602e-09
52.4456533462 	 2.23404e-09
52.4758465836 	 2.23283e-09
52.5060398209 	 2.23195e-09
52.5362330583 	 2.23088e-09
52.5664262957 	 2.22955e-09
52.5966195331 	 2.22801e-09
52.6268127705 	 2.22769e-09
52.6570060079 	 2.22768e-09
52.6871992453 	 2.22638e-09
52.7173924827 	 2.22528e-09
52.7475857201 	 2.22514e-09
52.7777789575 	 2.22357e-09
52.8079721948 	 2.22288e-09
52.8381654322 	 2.22145e-09
52.8683586696 	 2.21975e-09
52.898551907 	 2.21849e-09
52.9287451444 	 2.21851e-09
52.9589383818 	 2.21757e-09
52.9891316192 	 2.21614e-09
53.0193248566 	 2.21573e-09
53.049518094 	 2.21441e-09
53.0797113314 	 2.21342e-09
53.1099045687 	 2.21281e-09
53.1400978061 	 2.21128e-09
53.1702910435 	 2.21067e-09
53.2004842809 	 2.21016e-09
53.2306775183 	 2.20999e-09
53.2608707557 	 2.20793e-09
53.2910639931 	 2.20622e-09
53.3212572305 	 2.20668e-09
53.3514504679 	 2.20506e-09
53.3816437053 	 2.20327e-09
53.4118369426 	 2.20228e-09
53.44203018 	 2.20144e-09
53.4722234174 	 2.20025e-09
53.5024166548 	 2.19869e-09
53.5326098922 	 2.19805e-09
53.5628031296 	 2.19735e-09
53.592996367 	 2.19625e-09
53.6231896044 	 2.19587e-09
53.6533828418 	 2.19476e-09
53.6835760791 	 2.19347e-09
53.7137693165 	 2.19233e-09
53.7439625539 	 2.19084e-09
53.7741557913 	 2.19038e-09
53.8043490287 	 2.18956e-09
53.8345422661 	 2.18855e-09
53.8647355035 	 2.18825e-09
53.8949287409 	 2.18703e-09
53.9251219783 	 2.18697e-09
53.9553152157 	 2.1857e-09
53.985508453 	 2.18468e-09
54.0157016904 	 2.18497e-09
54.0458949278 	 2.18385e-09
54.0760881652 	 2.18184e-09
54.1062814026 	 2.18097e-09
54.13647464 	 2.18028e-09
54.1666678774 	 2.17838e-09
54.1968611148 	 2.17645e-09
54.2270543522 	 2.1752e-09
54.2572475896 	 2.17517e-09
54.2874408269 	 2.17495e-09
54.3176340643 	 2.17401e-09
54.3478273017 	 2.17342e-09
54.3780205391 	 2.17301e-09
54.4082137765 	 2.17193e-09
54.4384070139 	 2.1715e-09
54.4686002513 	 2.16944e-09
54.4987934887 	 2.16723e-09
54.5289867261 	 2.16681e-09
54.5591799635 	 2.16599e-09
54.5893732008 	 2.16421e-09
54.6195664382 	 2.16386e-09
54.6497596756 	 2.16244e-09
54.679952913 	 2.16146e-09
54.7101461504 	 2.16157e-09
54.7403393878 	 2.16045e-09
54.7705326252 	 2.16017e-09
54.8007258626 	 2.15947e-09
54.8309191 	 2.15897e-09
54.8611123374 	 2.15677e-09
54.8913055747 	 2.15752e-09
54.9214988121 	 2.15563e-09
54.9516920495 	 2.15467e-09
54.9818852869 	 2.15385e-09
55.0120785243 	 2.15272e-09
55.0422717617 	 2.15221e-09
55.0724649991 	 2.15096e-09
55.1026582365 	 2.15022e-09
55.1328514739 	 2.14958e-09
55.1630447113 	 2.1482e-09
55.1932379486 	 2.14751e-09
55.223431186 	 2.14691e-09
55.2536244234 	 2.14595e-09
55.2838176608 	 2.14457e-09
55.3140108982 	 2.14351e-09
55.3442041356 	 2.14266e-09
55.374397373 	 2.14121e-09
55.4045906104 	 2.14142e-09
55.4347838478 	 2.13978e-09
55.4649770851 	 2.13927e-09
55.4951703225 	 2.13887e-09
55.5253635599 	 2.13774e-09
55.5555567973 	 2.13625e-09
55.5857500347 	 2.1352e-09
55.6159432721 	 2.13385e-09
55.6461365095 	 2.13396e-09
55.6763297469 	 2.13157e-09
55.7065229843 	 2.13107e-09
55.7367162217 	 2.13139e-09
55.766909459 	 2.13121e-09
55.7971026964 	 2.13018e-09
55.8272959338 	 2.12894e-09
55.8574891712 	 2.1286e-09
55.8876824086 	 2.12768e-09
55.917875646 	 2.1268e-09
55.9480688834 	 2.12538e-09
55.9782621208 	 2.12466e-09
56.0084553582 	 2.12364e-09
56.0386485956 	 2.12266e-09
56.0688418329 	 2.12139e-09
56.0990350703 	 2.12027e-09
56.1292283077 	 2.12017e-09
56.1594215451 	 2.11887e-09
56.1896147825 	 2.11828e-09
56.2198080199 	 2.11784e-09
56.2500012573 	 2.11685e-09
56.2801944947 	 2.11538e-09
56.3103877321 	 2.11399e-09
56.3405809695 	 2.11375e-09
56.3707742068 	 2.11319e-09
56.4009674442 	 2.1116e-09
56.4311606816 	 2.11109e-09
56.461353919 	 2.11108e-09
56.4915471564 	 2.11073e-09
56.5217403938 	 2.10896e-09
56.5519336312 	 2.10782e-09
56.5821268686 	 2.10745e-09
56.612320106 	 2.10721e-09
56.6425133434 	 2.10544e-09
56.6727065807 	 2.10461e-09
56.7028998181 	 2.10368e-09
56.7330930555 	 2.10396e-09
56.7632862929 	 2.1025e-09
56.7934795303 	 2.10114e-09
56.8236727677 	 2.10049e-09
56.8538660051 	 2.09949e-09
56.8840592425 	 2.0987e-09
56.9142524799 	 2.09776e-09
56.9444457173 	 2.09774e-09
56.9746389546 	 2.0975e-09
57.004832192 	 2.09497e-09
57.0350254294 	 2.09507e-09
57.0652186668 	 2.09473e-09
57.0954119042 	 2.09334e-09
57.1256051416 	 2.09196e-09
57.155798379 	 2.09168e-09
57.1859916164 	 2.09112e-09
57.2161848538 	 2.08953e-09
57.2463780912 	 2.0886e-09
57.2765713285 	 2.08733e-09
57.3067645659 	 2.08655e-09
57.3369578033 	 2.08587e-09
57.3671510407 	 2.08495e-09
57.3973442781 	 2.08462e-09
57.4275375155 	 2.0848e-09
57.4577307529 	 2.08398e-09
57.4879239903 	 2.08287e-09
57.5181172277 	 2.08154e-09
57.548310465 	 2.08105e-09
57.5785037024 	 2.08043e-09
57.6086969398 	 2.07945e-09
57.6388901772 	 2.0785e-09
57.6690834146 	 2.07731e-09
57.699276652 	 2.07723e-09
57.7294698894 	 2.07704e-09
57.7596631268 	 2.07605e-09
57.7898563642 	 2.07564e-09
57.8200496016 	 2.07381e-09
57.8502428389 	 2.07378e-09
57.8804360763 	 2.07188e-09
57.9106293137 	 2.07105e-09
57.9408225511 	 2.06976e-09
57.9710157885 	 2.06821e-09
58.0012090259 	 2.06811e-09
58.0314022633 	 2.06784e-09
58.0615955007 	 2.06654e-09
58.0917887381 	 2.06616e-09
58.1219819755 	 2.06646e-09
58.1521752128 	 2.06568e-09
58.1823684502 	 2.06408e-09
58.2125616876 	 2.06341e-09
58.242754925 	 2.06297e-09
58.2729481624 	 2.06229e-09
58.3031413998 	 2.06161e-09
58.3333346372 	 2.06049e-09
58.3635278746 	 2.0608e-09
58.393721112 	 2.05873e-09
58.4239143494 	 2.05787e-09
58.4541075867 	 2.05711e-09
58.4843008241 	 2.05655e-09
58.5144940615 	 2.05524e-09
58.5446872989 	 2.05456e-09
58.5748805363 	 2.05345e-09
58.6050737737 	 2.05298e-09
58.6352670111 	 2.05269e-09
58.6654602485 	 2.05165e-09
58.6956534859 	 2.05127e-09
58.7258467233 	 2.0505e-09
58.7560399606 	 2.04975e-09
58.786233198 	 2.04912e-09
58.8164264354 	 2.04792e-09
58.8466196728 	 2.0461e-09
58.8768129102 	 2.04641e-09
58.9070061476 	 2.04449e-09
58.937199385 	 2.04416e-09
58.9673926224 	 2.04376e-09
58.9975858598 	 2.04383e-09
59.0277790972 	 2.04297e-09
59.0579723345 	 2.04245e-09
59.0881655719 	 2.04184e-09
59.1183588093 	 2.04242e-09
59.1485520467 	 2.0412e-09
59.1787452841 	 2.03892e-09
59.2089385215 	 2.0392e-09
59.2391317589 	 2.03823e-09
59.2693249963 	 2.03745e-09
59.2995182337 	 2.03517e-09
59.329711471 	 2.03431e-09
59.3599047084 	 2.03432e-09
59.3900979458 	 2.03389e-09
59.4202911832 	 2.0324e-09
59.4504844206 	 2.0321e-09
59.480677658 	 2.03149e-09
59.5108708954 	 2.031e-09
59.5410641328 	 2.03083e-09
59.5712573702 	 2.02876e-09
59.6014506076 	 2.02855e-09
59.6316438449 	 2.02795e-09
59.6618370823 	 2.02656e-09
59.6920303197 	 2.02586e-09
59.7222235571 	 2.02559e-09
59.7524167945 	 2.02522e-09
59.7826100319 	 2.02427e-09
59.8128032693 	 2.02351e-09
59.8429965067 	 2.02301e-09
59.8731897441 	 2.02229e-09
59.9033829815 	 2.0214e-09
59.9335762188 	 2.02054e-09
59.9637694562 	 2.02054e-09
59.9939626936 	 2.01943e-09
60.024155931 	 2.01797e-09
60.0543491684 	 2.01745e-09
60.0845424058 	 2.01721e-09
60.1147356432 	 2.01723e-09
60.1449288806 	 2.01575e-09
60.175122118 	 2.01449e-09
60.2053153554 	 2.01438e-09
60.2355085927 	 2.01391e-09
60.2657018301 	 2.0122e-09
60.2958950675 	 2.01197e-09
60.3260883049 	 2.01121e-09
60.3562815423 	 2.01066e-09
60.3864747797 	 2.00891e-09
60.4166680171 	 2.00867e-09
60.4468612545 	 2.00897e-09
60.4770544919 	 2.00789e-09
60.5072477293 	 2.00614e-09
60.5374409666 	 2.00584e-09
60.567634204 	 2.00591e-09
60.5978274414 	 2.00488e-09
60.6280206788 	 2.00411e-09
60.6582139162 	 2.00363e-09
60.6884071536 	 2.00347e-09
60.718600391 	 2.00275e-09
60.7487936284 	 2.00179e-09
60.7789868658 	 2.00126e-09
60.8091801032 	 2.00053e-09
60.8393733405 	 1.9997e-09
60.8695665779 	 1.9994e-09
60.8997598153 	 1.99764e-09
60.9299530527 	 1.99795e-09
60.9601462901 	 1.99749e-09
60.9903395275 	 1.99592e-09
61.0205327649 	 1.99526e-09
61.0507260023 	 1.99501e-09
61.0809192397 	 1.99309e-09
61.1111124771 	 1.99218e-09
61.1413057144 	 1.99181e-09
61.1714989518 	 1.99154e-09
61.2016921892 	 1.98965e-09
61.2318854266 	 1.98907e-09
61.262078664 	 1.9906e-09
61.2922719014 	 1.98952e-09
61.3224651388 	 1.98871e-09
61.3526583762 	 1.98875e-09
61.3828516136 	 1.98843e-09
61.4130448509 	 1.98597e-09
61.4432380883 	 1.98591e-09
61.4734313257 	 1.98505e-09
61.5036245631 	 1.98405e-09
61.5338178005 	 1.98342e-09
61.5640110379 	 1.98252e-09
61.5942042753 	 1.98247e-09
61.6243975127 	 1.982e-09
61.6545907501 	 1.98099e-09
61.6847839875 	 1.98076e-09
61.7149772248 	 1.98025e-09
61.7451704622 	 1.97938e-09
61.7753636996 	 1.97913e-09
61.805556937 	 1.97802e-09
61.8357501744 	 1.97705e-09
61.8659434118 	 1.97608e-09
61.8961366492 	 1.97465e-09
61.9263298866 	 1.97377e-09
61.956523124 	 1.97423e-09
61.9867163614 	 1.97344e-09
62.0169095987 	 1.97294e-09
62.0471028361 	 1.97267e-09
62.0772960735 	 1.97202e-09
62.1074893109 	 1.97167e-09
62.1376825483 	 1.97086e-09
62.1678757857 	 1.96948e-09
62.1980690231 	 1.96875e-09
62.2282622605 	 1.9691e-09
62.2584554979 	 1.96728e-09
62.2886487353 	 1.96739e-09
62.3188419726 	 1.96646e-09
62.34903521 	 1.96611e-09
62.3792284474 	 1.96512e-09
62.4094216848 	 1.96403e-09
62.4396149222 	 1.96403e-09
62.4698081596 	 1.96338e-09
62.500001397 	 1.96269e-09
62.5301946344 	 1.9626e-09
62.5603878718 	 1.96185e-09
62.5905811092 	 1.96036e-09
62.6207743465 	 1.9601e-09
62.6509675839 	 1.95943e-09
62.6811608213 	 1.95887e-09
62.7113540587 	 1.95822e-09
62.7415472961 	 1.95762e-09
62.7717405335 	 1.95725e-09
62.8019337709 	 1.95743e-09
62.8321270083 	 1.95591e-09
62.8623202457 	 1.95468e-09
62.8925134831 	 1.95407e-09
62.9227067204 	 1.95336e-09
62.9528999578 	 1.95235e-09
62.9830931952 	 1.95187e-09
63.0132864326 	 1.95129e-09
63.04347967 	 1.9517e-09
63.0736729074 	 1.95116e-09
63.1038661448 	 1.95053e-09
63.1340593822 	 1.95068e-09
63.1642526196 	 1.94911e-09
63.194445857 	 1.94871e-09
63.2246390943 	 1.94746e-09
63.2548323317 	 1.94647e-09
63.2850255691 	 1.94576e-09
63.3152188065 	 1.94454e-09
63.3454120439 	 1.94466e-09
63.3756052813 	 1.94412e-09
63.4057985187 	 1.94339e-09
63.4359917561 	 1.94326e-09
63.4661849935 	 1.94347e-09
63.4963782308 	 1.94342e-09
63.5265714682 	 1.94229e-09
63.5567647056 	 1.94171e-09
63.586957943 	 1.941e-09
63.6171511804 	 1.93956e-09
63.6473444178 	 1.93855e-09
63.6775376552 	 1.93777e-09
63.7077308926 	 1.93611e-09
63.73792413 	 1.93612e-09
63.7681173674 	 1.93586e-09
63.7983106047 	 1.93544e-09
63.8285038421 	 1.93472e-09
63.8586970795 	 1.93415e-09
63.8888903169 	 1.93464e-09
63.9190835543 	 1.93337e-09
63.9492767917 	 1.93186e-09
63.9794700291 	 1.93219e-09
64.0096632665 	 1.93183e-09
64.0398565039 	 1.93096e-09
64.0700497413 	 1.9301e-09
64.1002429786 	 1.93032e-09
64.130436216 	 1.93e-09
64.1606294534 	 1.92881e-09
64.1908226908 	 1.92917e-09
64.2210159282 	 1.92707e-09
64.2512091656 	 1.92659e-09
64.281402403 	 1.92739e-09
64.3115956404 	 1.92618e-09
64.3417888778 	 1.92537e-09
64.3719821152 	 1.92481e-09
64.4021753525 	 1.92448e-09
64.4323685899 	 1.92436e-09
64.4625618273 	 1.92186e-09
64.4927550647 	 1.92197e-09
64.5229483021 	 1.92141e-09
64.5531415395 	 1.9202e-09
64.5833347769 	 1.92023e-09
64.6135280143 	 1.91988e-09
64.6437212517 	 1.91926e-09
64.6739144891 	 1.91841e-09
64.7041077264 	 1.91764e-09
64.7343009638 	 1.91744e-09
64.7644942012 	 1.91731e-09
64.7946874386 	 1.91618e-09
64.824880676 	 1.91464e-09
64.8550739134 	 1.91464e-09
64.8852671508 	 1.91397e-09
64.9154603882 	 1.91351e-09
64.9456536256 	 1.91294e-09
64.975846863 	 1.91268e-09
65.0060401003 	 1.9127e-09
65.0362333377 	 1.91223e-09
65.0664265751 	 1.91148e-09
65.0966198125 	 1.91135e-09
65.1268130499 	 1.911e-09
65.1570062873 	 1.91021e-09
65.1871995247 	 1.90954e-09
65.2173927621 	 1.90743e-09
65.2475859995 	 1.90732e-09
65.2777792368 	 1.90698e-09
65.3079724742 	 1.90597e-09
65.3381657116 	 1.90614e-09
65.368358949 	 1.90609e-09
65.3985521864 	 1.90497e-09
65.4287454238 	 1.90403e-09
65.4589386612 	 1.9042e-09
65.4891318986 	 1.90372e-09
65.519325136 	 1.90256e-09
65.5495183734 	 1.9018e-09
65.5797116107 	 1.9012e-09
65.6099048481 	 1.9015e-09
65.6400980855 	 1.90068e-09
65.6702913229 	 1.90003e-09
65.7004845603 	 1.89868e-09
65.7306777977 	 1.89788e-09
65.7608710351 	 1.89848e-09
65.7910642725 	 1.89791e-09
65.8212575099 	 1.89684e-09
65.8514507473 	 1.89578e-09
65.8816439846 	 1.89597e-09
65.911837222 	 1.89544e-09
65.9420304594 	 1.8947e-09
65.9722236968 	 1.89378e-09
66.0024169342 	 1.89333e-09
66.0326101716 	 1.89342e-09
66.062803409 	 1.89224e-09
66.0929966464 	 1.89237e-09
66.1231898838 	 1.89199e-09
66.1533831212 	 1.89131e-09
66.1835763585 	 1.89151e-09
66.2137695959 	 1.89041e-09
66.2439628333 	 1.88915e-09
66.2741560707 	 1.88974e-09
66.3043493081 	 1.88847e-09
66.3345425455 	 1.88763e-09
66.3647357829 	 1.88816e-09
66.3949290203 	 1.88636e-09
66.4251222577 	 1.88645e-09
66.4553154951 	 1.88508e-09
66.4855087324 	 1.88506e-09
66.5157019698 	 1.88472e-09
66.5458952072 	 1.88316e-09
66.5760884446 	 1.88333e-09
66.606281682 	 1.88245e-09
66.6364749194 	 1.88237e-09
66.6666681568 	 1.88178e-09
66.6968613942 	 1.88121e-09
66.7270546316 	 1.88099e-09
66.757247869 	 1.88045e-09
66.7874411063 	 1.88057e-09
66.8176343437 	 1.87945e-09
66.8478275811 	 1.87806e-09
66.8780208185 	 1.87853e-09
66.9082140559 	 1.87798e-09
66.9384072933 	 1.87728e-09
66.9686005307 	 1.87635e-09
66.9987937681 	 1.87635e-09
67.0289870055 	 1.87671e-09
67.0591802429 	 1.87501e-09
67.0893734802 	 1.87444e-09
67.1195667176 	 1.87504e-09
67.149759955 	 1.874e-09
67.1799531924 	 1.87243e-09
67.2101464298 	 1.87217e-09
67.2403396672 	 1.87228e-09
67.2705329046 	 1.87136e-09
67.300726142 	 1.87038e-09
67.3309193794 	 1.8703e-09
67.3611126167 	 1.86986e-09
67.3913058541 	 1.86947e-09
67.4214990915 	 1.86817e-09
67.4516923289 	 1.86742e-09
67.4818855663 	 1.86757e-09
67.5120788037 	 1.86689e-09
67.5422720411 	 1.8664e-09
67.5724652785 	 1.86588e-09
67.6026585159 	 1.86604e-09
67.6328517533 	 1.86517e-09
67.6630449906 	 1.86496e-09
67.693238228 	 1.86469e-09
67.7234314654 	 1.86407e-09
67.7536247028 	 1.86313e-09
67.7838179402 	 1.86357e-09
67.8140111776 	 1.86277e-09
67.844204415 	 1.86207e-09
67.8743976524 	 1.86164e-09
67.9045908898 	 1.86132e-09
67.9347841272 	 1.86049e-09
67.9649773645 	 1.85965e-09
67.9951706019 	 1.86003e-09
68.0253638393 	 1.85803e-09
68.0555570767 	 1.85708e-09
68.0857503141 	 1.85721e-09
68.1159435515 	 1.85706e-09
68.1461367889 	 1.85696e-09
68.1763300263 	 1.85596e-09
68.2065232637 	 1.85571e-09
68.2367165011 	 1.85596e-09
68.2669097384 	 1.85503e-09
68.2971029758 	 1.8545e-09
68.3272962132 	 1.85438e-09
68.3574894506 	 1.85334e-09
68.387682688 	 1.85223e-09
68.4178759254 	 1.85216e-09
68.4480691628 	 1.85193e-09
68.4782624002 	 1.85112e-09
68.5084556376 	 1.8506e-09
68.538648875 	 1.85005e-09
68.5688421123 	 1.84991e-09
68.5990353497 	 1.85057e-09
68.6292285871 	 1.84968e-09
68.6594218245 	 1.84798e-09
68.6896150619 	 1.84784e-09
68.7198082993 	 1.84708e-09
68.7500015367 	 1.847e-09
68.7801947741 	 1.84579e-09
68.8103880115 	 1.84511e-09
68.8405812489 	 1.8454e-09
68.8707744862 	 1.8446e-09
68.9009677236 	 1.84608e-09
68.931160961 	 1.84501e-09
68.9613541984 	 1.84262e-09
68.9915474358 	 1.84384e-09
69.0217406732 	 1.84268e-09
69.0519339106 	 1.84138e-09
69.082127148 	 1.84119e-09
69.1123203854 	 1.84113e-09
69.1425136228 	 1.8407e-09
69.1727068601 	 1.83989e-09
69.2029000975 	 1.84013e-09
69.2330933349 	 1.83909e-09
69.2632865723 	 1.83908e-09
69.2934798097 	 1.83873e-09
69.3236730471 	 1.83804e-09
69.3538662845 	 1.83845e-09
69.3840595219 	 1.83839e-09
69.4142527593 	 1.83725e-09
69.4444459966 	 1.83661e-09
69.474639234 	 1.83544e-09
69.5048324714 	 1.83565e-09
69.5350257088 	 1.83469e-09
69.5652189462 	 1.833e-09
69.5954121836 	 1.83316e-09
69.625605421 	 1.83259e-09
69.6557986584 	 1.83168e-09
69.6859918958 	 1.83178e-09
69.7161851332 	 1.83155e-09
69.7463783705 	 1.83159e-09
69.7765716079 	 1.83117e-09
69.8067648453 	 1.83023e-09
69.8369580827 	 1.83034e-09
69.8671513201 	 1.83026e-09
69.8973445575 	 1.82902e-09
69.9275377949 	 1.82889e-09
69.9577310323 	 1.8285e-09
69.9879242697 	 1.82733e-09
70.0181175071 	 1.82759e-09
70.0483107444 	 1.82686e-09
70.0785039818 	 1.82611e-09
70.1086972192 	 1.82633e-09
70.1388904566 	 1.82594e-09
70.169083694 	 1.82562e-09
70.1992769314 	 1.82509e-09
70.2294701688 	 1.82409e-09
70.2596634062 	 1.82347e-09
70.2898566436 	 1.82312e-09
70.320049881 	 1.82306e-09
70.3502431183 	 1.82295e-09
70.3804363557 	 1.82197e-09
70.4106295931 	 1.82113e-09
70.4408228305 	 1.82147e-09
70.4710160679 	 1.82091e-09
70.5012093053 	 1.81999e-09
70.5314025427 	 1.81929e-09
70.5615957801 	 1.8182e-09
70.5917890175 	 1.81816e-09
70.6219822549 	 1.81767e-09
70.6521754922 	 1.81736e-09
70.6823687296 	 1.81703e-09
70.712561967 	 1.81736e-09
70.7427552044 	 1.8171e-09
70.7729484418 	 1.81664e-09
70.8031416792 	 1.81646e-09
70.8333349166 	 1.8158e-09
70.863528154 	 1.81509e-09
70.8937213914 	 1.81437e-09
70.9239146288 	 1.81412e-09
70.9541078661 	 1.81348e-09
70.9843011035 	 1.81262e-09
71.0144943409 	 1.81269e-09
71.0446875783 	 1.81192e-09
71.0748808157 	 1.81085e-09
71.1050740531 	 1.81197e-09
71.1352672905 	 1.81103e-09
71.1654605279 	 1.81034e-09
71.1956537653 	 1.81034e-09
71.2258470026 	 1.81006e-09
71.25604024 	 1.80942e-09
71.2862334774 	 1.80944e-09
71.3164267148 	 1.80855e-09
71.3466199522 	 1.80753e-09
71.3768131896 	 1.80704e-09
71.407006427 	 1.80708e-09
71.4371996644 	 1.80669e-09
71.4673929018 	 1.80648e-09
71.4975861392 	 1.80572e-09
71.5277793765 	 1.80431e-09
71.5579726139 	 1.80499e-09
71.5881658513 	 1.80535e-09
71.6183590887 	 1.80401e-09
71.6485523261 	 1.80299e-09
71.6787455635 	 1.80305e-09
71.7089388009 	 1.8041e-09
71.7391320383 	 1.80297e-09
71.7693252757 	 1.80203e-09
71.7995185131 	 1.80162e-09
71.8297117504 	 1.80126e-09
71.8599049878 	 1.80107e-09
71.8900982252 	 1.80016e-09
71.9202914626 	 1.79933e-09
71.9504847 	 1.79975e-09
71.9806779374 	 1.79915e-09
72.0108711748 	 1.79917e-09
72.0410644122 	 1.79883e-09
72.0712576496 	 1.79795e-09
72.101450887 	 1.79818e-09
72.1316441243 	 1.79776e-09
72.1618373617 	 1.79758e-09
72.1920305991 	 1.79539e-09
72.2222238365 	 1.79578e-09
72.2524170739 	 1.79493e-09
72.2826103113 	 1.79406e-09
72.3128035487 	 1.79408e-09
72.3429967861 	 1.79333e-09
72.3731900235 	 1.79285e-09
72.4033832609 	 1.79248e-09
72.4335764982 	 1.79339e-09
72.4637697356 	 1.79305e-09
72.493962973 	 1.79197e-09
72.5241562104 	 1.79213e-09
72.5543494478 	 1.79211e-09
72.5845426852 	 1.79235e-09
72.6147359226 	 1.79125e-09
72.64492916 	 1.7907e-09
72.6751223974 	 1.79099e-09
72.7053156348 	 1.78999e-09
72.7355088721 	 1.78895e-09
72.7657021095 	 1.78851e-09
72.7958953469 	 1.78703e-09
72.8260885843 	 1.78685e-09
72.8562818217 	 1.78624e-09
72.8864750591 	 1.78572e-09
72.9166682965 	 1.78664e-09
72.9468615339 	 1.78509e-09
72.9770547713 	 1.7861e-09
73.0072480087 	 1.78613e-09
73.037441246 	 1.78496e-09
73.0676344834 	 1.78522e-09
73.0978277208 	 1.78497e-09
73.1280209582 	 1.78467e-09
73.1582141956 	 1.78362e-09
73.188407433 	 1.78365e-09
73.2186006704 	 1.78277e-09
73.2487939078 	 1.78136e-09
73.2789871452 	 1.78262e-09
73.3091803825 	 1.7815e-09
73.3393736199 	 1.78098e-09
73.3695668573 	 1.781e-09
73.3997600947 	 1.77954e-09
73.4299533321 	 1.78017e-09
73.4601465695 	 1.77945e-09
73.4903398069 	 1.7786e-09
73.5205330443 	 1.77849e-09
73.5507262817 	 1.77861e-09
73.5809195191 	 1.77877e-09
73.6111127564 	 1.7784e-09
73.6413059938 	 1.77636e-09
73.6714992312 	 1.77712e-09
73.7016924686 	 1.77706e-09
73.731885706 	 1.77629e-09
73.7620789434 	 1.77545e-09
73.7922721808 	 1.77503e-09
73.8224654182 	 1.77506e-09
73.8526586556 	 1.77466e-09
73.882851893 	 1.7744e-09
73.9130451303 	 1.77351e-09
73.9432383677 	 1.77389e-09
73.9734316051 	 1.77341e-09
74.0036248425 	 1.77312e-09
74.0338180799 	 1.77289e-09
74.0640113173 	 1.77265e-09
74.0942045547 	 1.7715e-09
74.1243977921 	 1.77193e-09
74.1545910295 	 1.77097e-09
74.1847842669 	 1.77011e-09
74.2149775042 	 1.77047e-09
74.2451707416 	 1.77005e-09
74.275363979 	 1.76925e-09
74.3055572164 	 1.76914e-09
74.3357504538 	 1.76823e-09
74.3659436912 	 1.7675e-09
74.3961369286 	 1.76746e-09
74.426330166 	 1.76767e-09
74.4565234034 	 1.76726e-09
74.4867166408 	 1.76561e-09
74.5169098781 	 1.76653e-09
74.5471031155 	 1.76683e-09
74.5772963529 	 1.76628e-09
74.6074895903 	 1.76611e-09
74.6376828277 	 1.76536e-09
74.6678760651 	 1.76447e-09
74.6980693025 	 1.76393e-09
74.7282625399 	 1.76359e-09
74.7584557773 	 1.76282e-09
74.7886490147 	 1.76217e-09
74.818842252 	 1.76246e-09
74.8490354894 	 1.76243e-09
74.8792287268 	 1.76155e-09
74.9094219642 	 1.76217e-09
74.9396152016 	 1.76153e-09
74.969808439 	 1.76219e-09
75.0000016764 	 1.76184e-09
75.0301949138 	 1.76094e-09
75.0603881512 	 1.76087e-09
75.0905813886 	 1.76055e-09
75.1207746259 	 1.75936e-09
75.1509678633 	 1.75865e-09
75.1811611007 	 1.75837e-09
75.2113543381 	 1.75801e-09
75.2415475755 	 1.75841e-09
75.2717408129 	 1.75825e-09
75.3019340503 	 1.75775e-09
75.3321272877 	 1.75692e-09
75.3623205251 	 1.75572e-09
75.3925137624 	 1.75579e-09
75.4227069998 	 1.755e-09
75.4529002372 	 1.75583e-09
75.4830934746 	 1.75452e-09
75.513286712 	 1.75443e-09
75.5434799494 	 1.7538e-09
75.5736731868 	 1.75377e-09
75.6038664242 	 1.75357e-09
75.6340596616 	 1.75239e-09
75.664252899 	 1.7531e-09
75.6944461363 	 1.75271e-09
75.7246393737 	 1.75243e-09
75.7548326111 	 1.75219e-09
75.7850258485 	 1.75158e-09
75.8152190859 	 1.75208e-09
75.8454123233 	 1.75199e-09
75.8756055607 	 1.75062e-09
75.9057987981 	 1.75115e-09
75.9359920355 	 1.75073e-09
75.9661852729 	 1.75011e-09
75.9963785102 	 1.74928e-09
76.0265717476 	 1.74939e-09
76.056764985 	 1.7481e-09
76.0869582224 	 1.74785e-09
76.1171514598 	 1.74801e-09
76.1473446972 	 1.74807e-09
76.1775379346 	 1.74753e-09
76.207731172 	 1.74708e-09
76.2379244094 	 1.74647e-09
76.2681176468 	 1.74632e-09
76.2983108841 	 1.74501e-09
76.3285041215 	 1.74476e-09
76.3586973589 	 1.74453e-09
76.3888905963 	 1.74463e-09
76.4190838337 	 1.74455e-09
76.4492770711 	 1.74384e-09
76.4794703085 	 1.7437e-09
76.5096635459 	 1.74449e-09
76.5398567833 	 1.74373e-09
76.5700500207 	 1.74281e-09
76.600243258 	 1.74348e-09
76.6304364954 	 1.74245e-09
76.6606297328 	 1.74207e-09
76.6908229702 	 1.74242e-09
76.7210162076 	 1.74205e-09
76.751209445 	 1.74071e-09
76.7814026824 	 1.74055e-09
76.8115959198 	 1.74045e-09
76.8417891572 	 1.73964e-09
76.8719823946 	 1.73964e-09
76.9021756319 	 1.73885e-09
76.9323688693 	 1.73867e-09
76.9625621067 	 1.73931e-09
76.9927553441 	 1.73898e-09
77.0229485815 	 1.73878e-09
77.0531418189 	 1.73834e-09
77.0833350563 	 1.73888e-09
77.1135282937 	 1.73801e-09
77.1437215311 	 1.73693e-09
77.1739147684 	 1.73624e-09
77.2041080058 	 1.73543e-09
77.2343012432 	 1.73545e-09
77.2644944806 	 1.73441e-09
77.294687718 	 1.73423e-09
77.3248809554 	 1.73328e-09
77.3550741928 	 1.73456e-09
77.3852674302 	 1.73468e-09
77.4154606676 	 1.73511e-09
77.445653905 	 1.73366e-09
77.4758471423 	 1.7335e-09
77.5060403797 	 1.73273e-09
77.5362336171 	 1.73285e-09
77.5664268545 	 1.73263e-09
77.5966200919 	 1.73212e-09
77.6268133293 	 1.73206e-09
77.6570065667 	 1.73172e-09
77.6871998041 	 1.73093e-09
77.7173930415 	 1.73107e-09
77.7475862789 	 1.73071e-09
77.7777795162 	 1.73037e-09
77.8079727536 	 1.73015e-09
77.838165991 	 1.73039e-09
77.8683592284 	 1.73005e-09
77.8985524658 	 1.72917e-09
77.9287457032 	 1.72924e-09
77.9589389406 	 1.7288e-09
77.989132178 	 1.72873e-09
78.0193254154 	 1.72742e-09
78.0495186528 	 1.72774e-09
78.0797118901 	 1.72752e-09
78.1099051275 	 1.72716e-09
78.1400983649 	 1.72661e-09
78.1702916023 	 1.72567e-09
78.2004848397 	 1.72538e-09
78.2306780771 	 1.72543e-09
78.2608713145 	 1.72562e-09
78.2910645519 	 1.72491e-09
78.3212577893 	 1.72422e-09
78.3514510267 	 1.72343e-09
78.381644264 	 1.72373e-09
78.4118375014 	 1.72432e-09
78.4420307388 	 1.72372e-09
78.4722239762 	 1.72351e-09
78.5024172136 	 1.72359e-09
78.532610451 	 1.72374e-09
78.5628036884 	 1.72272e-09
78.5929969258 	 1.72319e-09
78.6231901632 	 1.72214e-09
78.6533834006 	 1.72133e-09
78.6835766379 	 1.72037e-09
78.7137698753 	 1.72014e-09
78.7439631127 	 1.72062e-09
78.7741563501 	 1.7199e-09
78.8043495875 	 1.72024e-09
78.8345428249 	 1.72032e-09
78.8647360623 	 1.72037e-09
78.8949292997 	 1.72031e-09
78.9251225371 	 1.71935e-09
78.9553157745 	 1.71959e-09
78.9855090118 	 1.71936e-09
79.0157022492 	 1.7189e-09
79.0458954866 	 1.71823e-09
79.076088724 	 1.71743e-09
79.1062819614 	 1.71756e-09
79.1364751988 	 1.71643e-09
79.1666684362 	 1.71549e-09
79.1968616736 	 1.71566e-09
79.227054911 	 1.7152e-09
79.2572481483 	 1.71516e-09
79.2874413857 	 1.7151e-09
79.3176346231 	 1.715e-09
79.3478278605 	 1.71523e-09
79.3780210979 	 1.71513e-09
79.4082143353 	 1.71476e-09
79.4384075727 	 1.71449e-09
79.4686008101 	 1.71438e-09
79.4987940475 	 1.715e-09
79.5289872849 	 1.71311e-09
79.5591805222 	 1.71275e-09
79.5893737596 	 1.71154e-09
79.619566997 	 1.71184e-09
79.6497602344 	 1.71167e-09
79.6799534718 	 1.71133e-09
79.7101467092 	 1.71145e-09
79.7403399466 	 1.71149e-09
79.770533184 	 1.7114e-09
79.8007264214 	 1.71158e-09
79.8309196588 	 1.71154e-09
79.8611128961 	 1.71052e-09
79.8913061335 	 1.71054e-09
79.9214993709 	 1.71042e-09
79.9516926083 	 1.71107e-09
79.9818858457 	 1.70957e-09
80.0120790831 	 1.70838e-09
80.0422723205 	 1.70849e-09
80.0724655579 	 1.70788e-09
80.1026587953 	 1.7082e-09
80.1328520327 	 1.70741e-09
80.16304527 	 1.70715e-09
80.1932385074 	 1.70771e-09
80.2234317448 	 1.70793e-09
80.2536249822 	 1.70728e-09
80.2838182196 	 1.70589e-09
80.314011457 	 1.70595e-09
80.3442046944 	 1.70499e-09
80.3743979318 	 1.7057e-09
80.4045911692 	 1.70509e-09
80.4347844066 	 1.7044e-09
80.4649776439 	 1.70472e-09
80.4951708813 	 1.70449e-09
80.5253641187 	 1.70521e-09
80.5555573561 	 1.70413e-09
80.5857505935 	 1.70483e-09
80.6159438309 	 1.7052e-09
80.6461370683 	 1.70384e-09
80.6763303057 	 1.70297e-09
80.7065235431 	 1.70298e-09
80.7367167805 	 1.70223e-09
80.7669100178 	 1.70231e-09
80.7971032552 	 1.70218e-09
80.8272964926 	 1.70122e-09
80.85748973 	 1.70128e-09
80.8876829674 	 1.70215e-09
80.9178762048 	 1.70197e-09
80.9480694422 	 1.70109e-09
80.9782626796 	 1.70103e-09
81.008455917 	 1.70081e-09
81.0386491544 	 1.7e-09
81.0688423917 	 1.69993e-09
81.0990356291 	 1.69944e-09
81.1292288665 	 1.69899e-09
81.1594221039 	 1.69885e-09
81.1896153413 	 1.69798e-09
81.2198085787 	 1.69869e-09
81.2500018161 	 1.69742e-09
81.2801950535 	 1.69758e-09
81.3103882909 	 1.69704e-09
81.3405815282 	 1.69697e-09
81.3707747656 	 1.69677e-09
81.400968003 	 1.69714e-09
81.4311612404 	 1.69688e-09
81.4613544778 	 1.69693e-09
81.4915477152 	 1.6961e-09
81.5217409526 	 1.69714e-09
81.55193419 	 1.69707e-09
81.5821274274 	 1.69603e-09
81.6123206648 	 1.69571e-09
81.6425139021 	 1.69537e-09
81.6727071395 	 1.69437e-09
81.7029003769 	 1.69425e-09
81.7330936143 	 1.69426e-09
81.7632868517 	 1.69388e-09
81.7934800891 	 1.69364e-09
81.8236733265 	 1.69422e-09
81.8538665639 	 1.69504e-09
81.8840598013 	 1.69347e-09
81.9142530387 	 1.69268e-09
81.944446276 	 1.69218e-09
81.9746395134 	 1.69241e-09
82.0048327508 	 1.69127e-09
82.0350259882 	 1.69088e-09
82.0652192256 	 1.69021e-09
82.095412463 	 1.6906e-09
82.1256057004 	 1.69159e-09
82.1557989378 	 1.69008e-09
82.1859921752 	 1.69049e-09
82.2161854126 	 1.69158e-09
82.2463786499 	 1.69104e-09
82.2765718873 	 1.69051e-09
82.3067651247 	 1.69078e-09
82.3369583621 	 1.69006e-09
82.3671515995 	 1.68847e-09
82.3973448369 	 1.6887e-09
82.4275380743 	 1.68777e-09
82.4577313117 	 1.68829e-09
82.4879245491 	 1.68883e-09
82.5181177865 	 1.68875e-09
82.5483110238 	 1.68907e-09
82.5785042612 	 1.68857e-09
82.6086974986 	 1.68887e-09
82.638890736 	 1.68872e-09
82.6690839734 	 1.68704e-09
82.6992772108 	 1.68692e-09
82.7294704482 	 1.68675e-09
82.7596636856 	 1.68642e-09
82.789856923 	 1.68655e-09
82.8200501604 	 1.68527e-09
82.8502433977 	 1.68455e-09
82.8804366351 	 1.68502e-09
82.9106298725 	 1.68511e-09
82.9408231099 	 1.68354e-09
82.9710163473 	 1.68378e-09
83.0012095847 	 1.68356e-09
83.0314028221 	 1.68336e-09
83.0615960595 	 1.68387e-09
83.0917892969 	 1.68368e-09
83.1219825342 	 1.68394e-09
83.1521757716 	 1.6834e-09
83.182369009 	 1.68359e-09
83.2125622464 	 1.68361e-09
83.2427554838 	 1.68298e-09
83.2729487212 	 1.68239e-09
83.3031419586 	 1.68273e-09
83.333335196 	 1.68224e-09
83.3635284334 	 1.6818e-09
83.3937216708 	 1.68132e-09
83.4239149081 	 1.68222e-09
83.4541081455 	 1.68223e-09
83.4843013829 	 1.68174e-09
83.5144946203 	 1.68103e-09
83.5446878577 	 1.68135e-09
83.5748810951 	 1.68085e-09
83.6050743325 	 1.68001e-09
83.6352675699 	 1.67908e-09
83.6654608073 	 1.67917e-09
83.6956540447 	 1.67817e-09
83.725847282 	 1.67904e-09
83.7560405194 	 1.67899e-09
83.7862337568 	 1.67767e-09
83.8164269942 	 1.67897e-09
83.8466202316 	 1.6786e-09
83.876813469 	 1.67845e-09
83.9070067064 	 1.67851e-09
83.9371999438 	 1.67829e-09
83.9673931812 	 1.67802e-09
83.9975864186 	 1.67658e-09
84.0277796559 	 1.6778e-09
84.0579728933 	 1.67713e-09
84.0881661307 	 1.67566e-09
84.1183593681 	 1.67626e-09
84.1485526055 	 1.67631e-09
84.1787458429 	 1.67643e-09
84.2089390803 	 1.67538e-09
84.2391323177 	 1.67498e-09
84.2693255551 	 1.67572e-09
84.2995187925 	 1.67552e-09
84.3297120298 	 1.67521e-09
84.3599052672 	 1.67542e-09
84.3900985046 	 1.67562e-09
84.420291742 	 1.67604e-09
84.4504849794 	 1.67479e-09
84.4806782168 	 1.6739e-09
84.5108714542 	 1.6735e-09
84.5410646916 	 1.67352e-09
84.571257929 	 1.67295e-09
84.6014511664 	 1.67271e-09
84.6316444037 	 1.67227e-09
84.6618376411 	 1.67264e-09
84.6920308785 	 1.67257e-09
84.7222241159 	 1.67301e-09
84.7524173533 	 1.67257e-09
84.7826105907 	 1.6724e-09
84.8128038281 	 1.67216e-09
84.8429970655 	 1.67178e-09
84.8731903029 	 1.67216e-09
84.9033835403 	 1.6708e-09
84.9335767776 	 1.67049e-09
84.963770015 	 1.6704e-09
84.9939632524 	 1.66998e-09
85.0241564898 	 1.66971e-09
85.0543497272 	 1.66981e-09
85.0845429646 	 1.67012e-09
85.114736202 	 1.66997e-09
85.1449294394 	 1.67026e-09
85.1751226768 	 1.67049e-09
85.2053159141 	 1.67012e-09
85.2355091515 	 1.66941e-09
85.2657023889 	 1.67e-09
85.2958956263 	 1.66915e-09
85.3260888637 	 1.66891e-09
85.3562821011 	 1.66892e-09
85.3864753385 	 1.66791e-09
85.4166685759 	 1.66751e-09
85.4468618133 	 1.66799e-09
85.4770550507 	 1.66732e-09
85.507248288 	 1.66614e-09
85.5374415254 	 1.66692e-09
85.5676347628 	 1.66635e-09
85.5978280002 	 1.66564e-09
85.6280212376 	 1.66667e-09
85.658214475 	 1.6656e-09
85.6884077124 	 1.66587e-09
85.7186009498 	 1.66664e-09
85.7487941872 	 1.66604e-09
85.7789874246 	 1.66591e-09
85.8091806619 	 1.66584e-09
85.8393738993 	 1.66608e-09
85.8695671367 	 1.66573e-09
85.8997603741 	 1.66558e-09
85.9299536115 	 1.66568e-09
85.9601468489 	 1.66457e-09
85.9903400863 	 1.66468e-09
86.0205333237 	 1.66443e-09
86.0507265611 	 1.66352e-09
86.0809197985 	 1.6634e-09
86.1111130358 	 1.66324e-09
86.1413062732 	 1.66406e-09
86.1714995106 	 1.66295e-09
86.201692748 	 1.66347e-09
86.2318859854 	 1.66401e-09
86.2620792228 	 1.66282e-09
86.2922724602 	 1.66395e-09
86.3224656976 	 1.66305e-09
86.352658935 	 1.66192e-09
86.3828521724 	 1.66179e-09
86.4130454097 	 1.66163e-09
86.4432386471 	 1.6618e-09
86.4734318845 	 1.66156e-09
86.5036251219 	 1.66146e-09
86.5338183593 	 1.66097e-09
86.5640115967 	 1.66092e-09
86.5942048341 	 1.66093e-09
86.6243980715 	 1.66009e-09
86.6545913089 	 1.65953e-09
86.6847845463 	 1.66031e-09
86.7149777836 	 1.65938e-09
86.745171021 	 1.65943e-09
86.7753642584 	 1.66055e-09
86.8055574958 	 1.65965e-09
86.8357507332 	 1.65998e-09
86.8659439706 	 1.66008e-09
86.896137208 	 1.6601e-09
86.9263304454 	 1.65928e-09
86.9565236828 	 1.65941e-09
86.9867169202 	 1.65986e-09
87.0169101575 	 1.65863e-09
87.0471033949 	 1.65877e-09
87.0772966323 	 1.65814e-09
87.1074898697 	 1.65818e-09
87.1376831071 	 1.65754e-09
87.1678763445 	 1.65679e-09
87.1980695819 	 1.65825e-09
87.2282628193 	 1.6573e-09
87.2584560567 	 1.65702e-09
87.288649294 	 1.6571e-09
87.3188425314 	 1.65669e-09
87.3490357688 	 1.65649e-09
87.3792290062 	 1.65629e-09
87.4094222436 	 1.65649e-09
87.439615481 	 1.65595e-09
87.4698087184 	 1.65598e-09
87.5000019558 	 1.65607e-09
87.5301951932 	 1.65601e-09
87.5603884306 	 1.65518e-09
87.5905816679 	 1.65524e-09
87.6207749053 	 1.65505e-09
87.6509681427 	 1.65419e-09
87.6811613801 	 1.65455e-09
87.7113546175 	 1.65504e-09
87.7415478549 	 1.65449e-09
87.7717410923 	 1.6546e-09
87.8019343297 	 1.65541e-09
87.8321275671 	 1.65492e-09
87.8623208045 	 1.65504e-09
87.8925140418 	 1.65465e-09
87.9227072792 	 1.65404e-09
87.9529005166 	 1.65407e-09
87.983093754 	 1.65329e-09
88.0132869914 	 1.65287e-09
88.0434802288 	 1.65308e-09
88.0736734662 	 1.65258e-09
88.1038667036 	 1.6522e-09
88.134059941 	 1.65198e-09
88.1642531784 	 1.65221e-09
88.1944464157 	 1.65253e-09
88.2246396531 	 1.65215e-09
88.2548328905 	 1.65204e-09
88.2850261279 	 1.65232e-09
88.3152193653 	 1.6518e-09
88.3454126027 	 1.65181e-09
88.3756058401 	 1.65175e-09
88.4057990775 	 1.65111e-09
88.4359923149 	 1.65118e-09
88.4661855523 	 1.65188e-09
88.4963787896 	 1.65107e-09
88.526572027 	 1.65034e-09
88.5567652644 	 1.65151e-09
88.5869585018 	 1.65016e-09
88.6171517392 	 1.64962e-09
88.6473449766 	 1.64967e-09
88.677538214 	 1.64932e-09
88.7077314514 	 1.64904e-09
88.7379246888 	 1.64908e-09
88.7681179262 	 1.64923e-09
88.7983111635 	 1.64967e-09
88.8285044009 	 1.64974e-09
88.8586976383 	 1.65008e-09
88.8888908757 	 1.64946e-09
88.9190841131 	 1.64906e-09
88.9492773505 	 1.64902e-09
88.9794705879 	 1.64836e-09
89.0096638253 	 1.64806e-09
89.0398570627 	 1.64845e-09
89.0700503 	 1.64759e-09
89.1002435374 	 1.64847e-09
89.1304367748 	 1.64888e-09
89.1606300122 	 1.6484e-09
89.1908232496 	 1.64706e-09
89.221016487 	 1.64755e-09
89.2512097244 	 1.64746e-09
89.2814029618 	 1.64579e-09
89.3115961992 	 1.64634e-09
89.3417894366 	 1.64553e-09
89.3719826739 	 1.64628e-09
89.4021759113 	 1.64633e-09
89.4323691487 	 1.64677e-09
89.4625623861 	 1.64713e-09
89.4927556235 	 1.64733e-09
89.5229488609 	 1.64751e-09
89.5531420983 	 1.64738e-09
89.5833353357 	 1.64603e-09
89.6135285731 	 1.64566e-09
89.6437218105 	 1.64581e-09
89.6739150478 	 1.64501e-09
89.7041082852 	 1.64503e-09
89.7343015226 	 1.64405e-09
89.76449476 	 1.6446e-09
89.7946879974 	 1.6454e-09
89.8248812348 	 1.64533e-09
89.8550744722 	 1.64489e-09
89.8852677096 	 1.64461e-09
89.915460947 	 1.64519e-09
89.9456541844 	 1.64391e-09
89.9758474217 	 1.64344e-09
90.0060406591 	 1.64358e-09
90.0362338965 	 1.64276e-09
90.0664271339 	 1.64335e-09
90.0966203713 	 1.6434e-09
90.1268136087 	 1.64369e-09
90.1570068461 	 1.64364e-09
90.1872000835 	 1.64383e-09
90.2173933209 	 1.64443e-09
90.2475865583 	 1.64339e-09
90.2777797956 	 1.64316e-09
90.307973033 	 1.64277e-09
90.3381662704 	 1.64249e-09
90.3683595078 	 1.64266e-09
90.3985527452 	 1.6419e-09
90.4287459826 	 1.64227e-09
90.45893922 	 1.6423e-09
90.4891324574 	 1.64145e-09
90.5193256948 	 1.64154e-09
90.5495189322 	 1.64142e-09
90.5797121695 	 1.64139e-09
90.6099054069 	 1.64191e-09
90.6400986443 	 1.64183e-09
90.6702918817 	 1.64108e-09
90.7004851191 	 1.64096e-09
90.7306783565 	 1.64165e-09
90.7608715939 	 1.64174e-09
90.7910648313 	 1.64093e-09
90.8212580687 	 1.64128e-09
90.8514513061 	 1.64096e-09
90.8816445434 	 1.64044e-09
90.9118377808 	 1.64019e-09
90.9420310182 	 1.64059e-09
90.9722242556 	 1.64028e-09
91.002417493 	 1.63964e-09
91.0326107304 	 1.63944e-09
91.0628039678 	 1.6402e-09
91.0929972052 	 1.64e-09
91.1231904426 	 1.63878e-09
91.1533836799 	 1.63848e-09
91.1835769173 	 1.63951e-09
91.2137701547 	 1.63965e-09
91.2439633921 	 1.63807e-09
91.2741566295 	 1.63901e-09
91.3043498669 	 1.64015e-09
91.3345431043 	 1.63899e-09
91.3647363417 	 1.6381e-09
91.3949295791 	 1.63969e-09
91.4251228165 	 1.63881e-09
91.4553160538 	 1.6376e-09
91.4855092912 	 1.63798e-09
91.5157025286 	 1.63861e-09
91.545895766 	 1.63703e-09
91.5760890034 	 1.63763e-09
91.6062822408 	 1.63873e-09
91.6364754782 	 1.63756e-09
91.6666687156 	 1.6379e-09
91.696861953 	 1.63878e-09
91.7270551904 	 1.63764e-09
91.7572484277 	 1.63777e-09
91.7874416651 	 1.63749e-09
91.8176349025 	 1.6375e-09
91.8478281399 	 1.63685e-09
91.8780213773 	 1.63621e-09
91.9082146147 	 1.63699e-09
91.9384078521 	 1.63629e-09
91.9686010895 	 1.63696e-09
91.9987943269 	 1.63664e-09
92.0289875643 	 1.63686e-09
92.0591808016 	 1.6368e-09
92.089374039 	 1.63588e-09
92.1195672764 	 1.63588e-09
92.1497605138 	 1.63667e-09
92.1799537512 	 1.63585e-09
92.2101469886 	 1.63497e-09
92.240340226 	 1.63582e-09
92.2705334634 	 1.63627e-09
92.3007267008 	 1.63482e-09
92.3309199382 	 1.63482e-09
92.3611131755 	 1.63517e-09
92.3913064129 	 1.63466e-09
92.4214996503 	 1.63463e-09
92.4516928877 	 1.63499e-09
92.4818861251 	 1.63478e-09
92.5120793625 	 1.63591e-09
92.5422725999 	 1.63464e-09
92.5724658373 	 1.63444e-09
92.6026590747 	 1.63497e-09
92.6328523121 	 1.63435e-09
92.6630455494 	 1.63443e-09
92.6932387868 	 1.63362e-09
92.7234320242 	 1.63479e-09
92.7536252616 	 1.63466e-09
92.783818499 	 1.63434e-09
92.8140117364 	 1.63406e-09
92.8442049738 	 1.63406e-09
92.8743982112 	 1.63438e-09
92.9045914486 	 1.63382e-09
92.9347846859 	 1.63381e-09
92.9649779233 	 1.63365e-09
92.9951711607 	 1.63261e-09
93.0253643981 	 1.6324e-09
93.0555576355 	 1.63214e-09
93.0857508729 	 1.63226e-09
93.1159441103 	 1.63311e-09
93.1461373477 	 1.63216e-09
93.1763305851 	 1.63375e-09
93.2065238225 	 1.63418e-09
93.2367170598 	 1.63405e-09
93.2669102972 	 1.63411e-09
93.2971035346 	 1.63262e-09
93.327296772 	 1.63281e-09
93.3574900094 	 1.63254e-09
93.3876832468 	 1.63139e-09
93.4178764842 	 1.63221e-09
93.4480697216 	 1.63171e-09
93.478262959 	 1.63112e-09
93.5084561964 	 1.6312e-09
93.5386494337 	 1.63154e-09
93.5688426711 	 1.63107e-09
93.5990359085 	 1.63159e-09
93.6292291459 	 1.63176e-09
93.6594223833 	 1.63121e-09
93.6896156207 	 1.63144e-09
93.7198088581 	 1.6317e-09
93.7500020955 	 1.6319e-09
93.7801953329 	 1.63277e-09
93.8103885703 	 1.63161e-09
93.8405818076 	 1.63039e-09
93.870775045 	 1.63241e-09
93.9009682824 	 1.63141e-09
93.9311615198 	 1.63126e-09
93.9613547572 	 1.63045e-09
93.9915479946 	 1.63018e-09
94.021741232 	 1.631e-09
94.0519344694 	 1.62971e-09
94.0821277068 	 1.62937e-09
94.1123209442 	 1.63047e-09
94.1425141815 	 1.63098e-09
94.1727074189 	 1.63077e-09
94.2029006563 	 1.63079e-09
94.2330938937 	 1.63033e-09
94.2632871311 	 1.62972e-09
94.2934803685 	 1.63004e-09
94.3236736059 	 1.62891e-09
94.3538668433 	 1.62884e-09
94.3840600807 	 1.62867e-09
94.4142533181 	 1.62912e-09
94.4444465554 	 1.63017e-09
94.4746397928 	 1.63e-09
94.5048330302 	 1.62919e-09
94.5350262676 	 1.62967e-09
94.565219505 	 1.63084e-09
94.5954127424 	 1.63007e-09
94.6256059798 	 1.63004e-09
94.6557992172 	 1.62968e-09
94.6859924546 	 1.62884e-09
94.716185692 	 1.62923e-09
94.7463789293 	 1.62912e-09
94.7765721667 	 1.62785e-09
94.8067654041 	 1.62815e-09
94.8369586415 	 1.62889e-09
94.8671518789 	 1.62805e-09
94.8973451163 	 1.62879e-09
94.9275383537 	 1.6289e-09
94.9577315911 	 1.62807e-09
94.9879248285 	 1.62853e-09
95.0181180658 	 1.62776e-09
95.0483113032 	 1.62802e-09
95.0785045406 	 1.62797e-09
95.108697778 	 1.62838e-09
95.1388910154 	 1.62832e-09
95.1690842528 	 1.62816e-09
95.1992774902 	 1.62804e-09
95.2294707276 	 1.62769e-09
95.259663965 	 1.62894e-09
95.2898572024 	 1.62825e-09
95.3200504397 	 1.62756e-09
95.3502436771 	 1.62733e-09
95.3804369145 	 1.62814e-09
95.4106301519 	 1.62814e-09
95.4408233893 	 1.62628e-09
95.4710166267 	 1.62684e-09
95.5012098641 	 1.62812e-09
95.5314031015 	 1.62703e-09
95.5615963389 	 1.62715e-09
95.5917895763 	 1.62787e-09
95.6219828136 	 1.6274e-09
95.652176051 	 1.62669e-09
95.6823692884 	 1.62694e-09
95.7125625258 	 1.62632e-09
95.7427557632 	 1.62785e-09
95.7729490006 	 1.62723e-09
95.803142238 	 1.62634e-09
95.8333354754 	 1.62683e-09
95.8635287128 	 1.62685e-09
95.8937219502 	 1.6278e-09
95.9239151875 	 1.6272e-09
95.9541084249 	 1.62696e-09
95.9843016623 	 1.62717e-09
96.0144948997 	 1.62679e-09
96.0446881371 	 1.626e-09
96.0748813745 	 1.62698e-09
96.1050746119 	 1.62593e-09
96.1352678493 	 1.62521e-09
96.1654610867 	 1.62488e-09
96.1956543241 	 1.62545e-09
96.2258475614 	 1.62584e-09
96.2560407988 	 1.62633e-09
96.2862340362 	 1.62582e-09
96.3164272736 	 1.62533e-09
96.346620511 	 1.62735e-09
96.3768137484 	 1.62649e-09
96.4070069858 	 1.62565e-09
96.4372002232 	 1.62707e-09
96.4673934606 	 1.62668e-09
96.497586698 	 1.62619e-09
96.5277799353 	 1.62578e-09
96.5579731727 	 1.62555e-09
96.5881664101 	 1.62595e-09
96.6183596475 	 1.62495e-09
96.6485528849 	 1.62413e-09
96.6787461223 	 1.62559e-09
96.7089393597 	 1.62505e-09
96.7391325971 	 1.62516e-09
96.7693258345 	 1.62645e-09
96.7995190719 	 1.62544e-09
96.8297123092 	 1.62527e-09
96.8599055466 	 1.62444e-09
96.890098784 	 1.62541e-09
96.9202920214 	 1.62525e-09
96.9504852588 	 1.62426e-09
96.9806784962 	 1.62482e-09
97.0108717336 	 1.62572e-09
97.041064971 	 1.62519e-09
97.0712582084 	 1.62462e-09
97.1014514457 	 1.62538e-09
97.1316446831 	 1.6249e-09
97.1618379205 	 1.62521e-09
97.1920311579 	 1.62551e-09
97.2222243953 	 1.62505e-09
97.2524176327 	 1.62501e-09
97.2826108701 	 1.6254e-09
97.3128041075 	 1.62433e-09
97.3429973449 	 1.624e-09
97.3731905823 	 1.62467e-09
97.4033838196 	 1.62435e-09
97.433577057 	 1.62466e-09
97.4637702944 	 1.62489e-09
97.4939635318 	 1.62466e-09
97.5241567692 	 1.62521e-09
97.5543500066 	 1.62417e-09
97.584543244 	 1.62471e-09
97.6147364814 	 1.62405e-09
97.6449297188 	 1.62294e-09
97.6751229562 	 1.6235e-09
97.7053161935 	 1.62463e-09
97.7355094309 	 1.62492e-09
97.7657026683 	 1.62459e-09
97.7958959057 	 1.62407e-09
97.8260891431 	 1.62419e-09
97.8562823805 	 1.62541e-09
97.8864756179 	 1.6245e-09
97.9166688553 	 1.62421e-09
97.9468620927 	 1.62401e-09
97.9770553301 	 1.62332e-09
98.0072485674 	 1.62396e-09
98.0374418048 	 1.6233e-09
98.0676350422 	 1.62311e-09
98.0978282796 	 1.62303e-09
98.128021517 	 1.62392e-09
98.1582147544 	 1.62387e-09
98.1884079918 	 1.62371e-09
98.2186012292 	 1.6246e-09
98.2487944666 	 1.62471e-09
98.278987704 	 1.62467e-09
98.3091809413 	 1.62504e-09
98.3393741787 	 1.62391e-09
98.3695674161 	 1.62366e-09
98.3997606535 	 1.6242e-09
98.4299538909 	 1.62434e-09
98.4601471283 	 1.62291e-09
98.4903403657 	 1.62258e-09
98.5205336031 	 1.62387e-09
98.5507268405 	 1.62418e-09
98.5809200779 	 1.62317e-09
98.6111133152 	 1.6238e-09
98.6413065526 	 1.62416e-09
98.67149979 	 1.62355e-09
98.7016930274 	 1.62384e-09
98.7318862648 	 1.62293e-09
98.7620795022 	 1.62289e-09
98.7922727396 	 1.6227e-09
98.822465977 	 1.62291e-09
98.8526592144 	 1.62275e-09
98.8828524517 	 1.62266e-09
98.9130456891 	 1.62348e-09
98.9432389265 	 1.62288e-09
98.9734321639 	 1.62359e-09
99.0036254013 	 1.62392e-09
99.0338186387 	 1.62308e-09
99.0640118761 	 1.62395e-09
99.0942051135 	 1.6243e-09
99.1243983509 	 1.62411e-09
99.1545915883 	 1.62381e-09
99.1847848256 	 1.62371e-09
99.214978063 	 1.62435e-09
99.2451713004 	 1.62429e-09
99.2753645378 	 1.62355e-09
99.3055577752 	 1.62377e-09
99.3357510126 	 1.62346e-09
99.36594425 	 1.62288e-09
99.3961374874 	 1.62294e-09
99.4263307248 	 1.62226e-09
99.4565239622 	 1.6221e-09
99.4867171995 	 1.62327e-09
99.5169104369 	 1.62268e-09
99.5471036743 	 1.62248e-09
99.5772969117 	 1.62419e-09
99.6074901491 	 1.62328e-09
99.6376833865 	 1.6228e-09
99.6678766239 	 1.62325e-09
99.6980698613 	 1.62287e-09
99.7282630987 	 1.62294e-09
99.7584563361 	 1.62297e-09
99.7886495734 	 1.62194e-09
99.8188428108 	 1.62314e-09
99.8490360482 	 1.62359e-09
99.8792292856 	 1.6229e-09
99.909422523 	 1.62351e-09
99.9396157604 	 1.62357e-09
99.9698089978 	 1.62374e-09
100.000002235 	 1.62405e-09
