0.0 	 7.4078e-07
0.0304878055595 	 8.12163e-06
0.060975611119 	 6.29178e-05
0.0914634166785 	 4.10596e-05
0.121951222238 	 2.95822e-05
0.152439027798 	 3.14366e-05
0.182926833357 	 6.26639e-05
0.213414638917 	 0.000271403
0.243902444476 	 0.000194463
0.274390250036 	 0.000306985
0.304878055595 	 0.00189947
0.335365861155 	 0.000838545
0.365853666714 	 0.00139484
0.396341472274 	 0.000749557
0.426829277833 	 0.00058432
0.457317083393 	 0.00119244
0.487804888952 	 0.00280926
0.518292694512 	 0.00217742
0.548780500071 	 0.000764703
0.579268305631 	 0.00361308
0.60975611119 	 0.00405205
0.64024391675 	 0.00336352
0.670731722309 	 0.000832192
0.701219527869 	 0.00172259
0.731707333428 	 0.00487352
0.762195138988 	 0.00506402
0.792682944547 	 0.00623661
0.823170750107 	 0.00396168
0.853658555666 	 0.00114815
0.884146361226 	 0.00261644
0.914634166785 	 0.00266088
0.945121972345 	 0.00227036
0.975609777904 	 0.00171066
1.00609758346 	 0.00384746
1.03658538902 	 0.0045451
1.06707319458 	 0.00815572
1.09756100014 	 0.00616483
1.1280488057 	 0.00501032
1.15853661126 	 0.00179743
1.18902441682 	 0.00202946
1.21951222238 	 0.00131925
1.25000002794 	 0.00246375
1.2804878335 	 0.00224584
1.31097563906 	 0.00304325
1.34146344462 	 0.00271936
1.37195125018 	 0.00292285
1.40243905574 	 0.00451959
1.4329268613 	 0.00531742
1.46341466686 	 0.0042228
1.49390247242 	 0.00694755
1.52439027798 	 0.00478096
1.55487808353 	 0.00630477
1.58536588909 	 0.00874378
1.61585369465 	 0.00404181
1.64634150021 	 0.00669768
1.67682930577 	 0.00338315
1.70731711133 	 0.00294506
1.73780491689 	 0.00326694
1.76829272245 	 0.00485431
1.79878052801 	 0.00526003
1.82926833357 	 0.00112937
1.85975613913 	 0.00640795
1.89024394469 	 0.00559836
1.92073175025 	 0.00547528
1.95121955581 	 0.00792241
1.98170736137 	 0.00564446
2.01219516693 	 0.00718747
2.04268297249 	 0.00587426
2.07317077805 	 0.00871187
2.10365858361 	 0.003306
2.13414638917 	 0.00690735
2.16463419472 	 0.011653
2.19512200028 	 0.00645574
2.22560980584 	 0.00670474
2.2560976114 	 0.00620752
2.28658541696 	 0.00106808
2.31707322252 	 0.00455726
2.34756102808 	 0.010337
2.37804883364 	 0.0109999
2.4085366392 	 0.00809294
2.43902444476 	 0.00694708
2.46951225032 	 0.00762316
2.50000005588 	 0.00840411
2.53048786144 	 0.0102184
2.560975667 	 0.00957306
2.59146347256 	 0.00470245
2.62195127812 	 0.00196586
2.65243908368 	 0.00811152
2.68292688924 	 0.0103515
2.7134146948 	 0.0106562
2.74390250036 	 0.0117714
2.77439030591 	 0.0114265
2.80487811147 	 0.00870914
2.83536591703 	 0.0132159
2.86585372259 	 0.0121998
2.89634152815 	 0.0104125
2.92682933371 	 0.0155236
2.95731713927 	 0.0185301
2.98780494483 	 0.0143869
3.01829275039 	 0.0120948
3.04878055595 	 0.0176682
3.07926836151 	 0.028082
3.10975616707 	 0.0268122
3.14024397263 	 0.0406759
3.17073177819 	 0.0346859
3.20121958375 	 0.0305413
3.23170738931 	 0.0379299
3.26219519487 	 0.0360934
3.29268300043 	 0.0519235
3.32317080599 	 0.0788976
3.35365861155 	 0.0386905
3.3841464171 	 0.0620352
3.41463422266 	 0.0492529
3.44512202822 	 0.0657408
3.47560983378 	 0.0368434
3.50609763934 	 0.0723376
3.5365854449 	 0.0986045
3.56707325046 	 0.0897787
3.59756105602 	 0.109768
3.62804886158 	 0.12013
3.65853666714 	 0.122013
3.6890244727 	 0.0989646
3.71951227826 	 0.074932
3.75000008382 	 0.0484447
3.78048788938 	 0.0121028
3.81097569494 	 0.0214019
3.8414635005 	 0.044658
3.87195130606 	 0.0359108
3.90243911162 	 0.0127175
3.93292691718 	 0.0128997
3.96341472274 	 0.0114496
3.9939025283 	 0.0138388
4.02439033385 	 0.0132529
4.05487813941 	 0.00732624
4.08536594497 	 0.00826203
4.11585375053 	 0.0143905
4.14634155609 	 0.01345
4.17682936165 	 0.0180595
4.20731716721 	 0.00308203
4.23780497277 	 0.00941281
4.26829277833 	 0.0123612
4.29878058389 	 0.00816556
4.32926838945 	 0.00289983
4.35975619501 	 0.0013019
4.39024400057 	 0.00220364
4.42073180613 	 0.00355399
4.45121961169 	 0.00682705
4.48170741725 	 0.00890925
4.51219522281 	 0.00454995
4.54268302837 	 0.00454709
4.57317083393 	 0.00784677
4.60365863949 	 0.00739015
4.63414644504 	 0.00398631
4.6646342506 	 0.00225459
4.69512205616 	 0.00205681
4.72560986172 	 0.00834376
4.75609766728 	 0.0128779
4.78658547284 	 0.0119399
4.8170732784 	 0.0197593
4.84756108396 	 0.0220986
4.87804888952 	 0.0241121
4.90853669508 	 0.019894
4.93902450064 	 0.0190238
4.9695123062 	 0.0187211
5.00000011176 	 0.0183794
5.03048791732 	 0.0124457
5.06097572288 	 0.0167024
5.09146352844 	 0.0150427
5.121951334 	 0.0168866
5.15243913956 	 0.0160942
5.18292694512 	 0.01399
5.21341475068 	 0.00647742
5.24390255623 	 0.00176957
5.27439036179 	 0.00550941
5.30487816735 	 0.0119219
5.33536597291 	 0.00667906
5.36585377847 	 0.00455531
5.39634158403 	 0.00465483
5.42682938959 	 0.00168164
5.45731719515 	 0.00217261
5.48780500071 	 0.00342953
5.51829280627 	 0.00470212
5.54878061183 	 0.00138354
5.57926841739 	 0.0016601
5.60975622295 	 0.00280971
5.64024402851 	 0.00134633
5.67073183407 	 0.00486198
5.70121963963 	 0.00702353
5.73170744519 	 0.007236
5.76219525075 	 0.00502507
5.79268305631 	 0.00207862
5.82317086187 	 0.000890125
5.85365866742 	 0.00295671
5.88414647298 	 0.00291292
5.91463427854 	 0.00549795
5.9451220841 	 0.00579939
5.97560988966 	 0.00694339
6.00609769522 	 0.00644756
6.03658550078 	 0.00618547
6.06707330634 	 0.00395791
6.0975611119 	 0.00515181
6.12804891746 	 0.00572876
6.15853672302 	 0.00343829
6.18902452858 	 0.00286717
6.21951233414 	 0.00612409
6.2500001397 	 0.00395525
6.28048794526 	 0.00362493
6.31097575082 	 0.00248264
6.34146355638 	 0.000618089
6.37195136194 	 0.00283561
6.4024391675 	 0.00328441
6.43292697306 	 0.00277689
6.46341477861 	 0.00208831
6.49390258417 	 0.00462577
6.52439038973 	 0.00757902
6.55487819529 	 0.00561127
6.58536600085 	 0.00541494
6.61585380641 	 0.00586628
6.64634161197 	 0.00359708
6.67682941753 	 0.00727379
6.70731722309 	 0.00267849
6.73780502865 	 0.0024043
6.76829283421 	 0.00330407
6.79878063977 	 0.000260131
6.82926844533 	 0.000810752
6.85975625089 	 0.00390579
6.89024405645 	 0.00470999
6.92073186201 	 0.00675298
6.95121966757 	 0.00806027
6.98170747313 	 0.00826024
7.01219527869 	 0.00426644
7.04268308425 	 0.00310475
7.07317088981 	 0.00302623
7.10365869536 	 0.00290741
7.13414650092 	 0.00245009
7.16463430648 	 0.00369884
7.19512211204 	 0.00152422
7.2256099176 	 0.0020004
7.25609772316 	 0.000769232
7.28658552872 	 0.00126754
7.31707333428 	 0.00217582
7.34756113984 	 0.00329598
7.3780489454 	 0.00541518
7.40853675096 	 0.00695136
7.43902455652 	 0.00170206
7.46951236208 	 0.00372604
7.50000016764 	 0.00515898
7.5304879732 	 0.0020511
7.56097577876 	 0.000677123
7.59146358432 	 0.00225694
7.62195138988 	 0.00521458
7.65243919544 	 0.0101358
7.682927001 	 0.0120223
7.71341480655 	 0.00910626
7.74390261211 	 0.00484094
7.77439041767 	 0.00207749
7.80487822323 	 0.00399346
7.83536602879 	 0.00381277
7.86585383435 	 0.00297547
7.89634163991 	 0.00482887
7.92682944547 	 0.00395934
7.95731725103 	 0.00296986
7.98780505659 	 0.00726475
8.01829286215 	 0.00823126
8.04878066771 	 0.00591605
8.07926847327 	 0.00316096
8.10975627883 	 0.00537492
8.14024408439 	 0.00537583
8.17073188995 	 0.00488878
8.20121969551 	 0.00332074
8.23170750107 	 0.00285082
8.26219530663 	 0.00240591
8.29268311219 	 0.00435005
8.32317091774 	 0.00605707
8.3536587233 	 0.00576865
8.38414652886 	 0.0081318
8.41463433442 	 0.00846071
8.44512213998 	 0.00659953
8.47560994554 	 0.00899179
8.5060977511 	 0.00687973
8.53658555666 	 0.00857169
8.56707336222 	 0.00978704
8.59756116778 	 0.00886369
8.62804897334 	 0.00849743
8.6585367789 	 0.00463057
8.68902458446 	 0.00607247
8.71951239002 	 0.00517699
8.75000019558 	 0.00668202
8.78048800114 	 0.00384644
8.8109758067 	 0.00598579
8.84146361226 	 0.00809648
8.87195141782 	 0.00765712
8.90243922338 	 0.00718242
8.93292702893 	 0.00863822
8.96341483449 	 0.00631664
8.99390264005 	 0.00356029
9.02439044561 	 0.00303035
9.05487825117 	 0.00207918
9.08536605673 	 0.00139351
9.11585386229 	 0.00427095
9.14634166785 	 0.00150131
9.17682947341 	 0.00183338
9.20731727897 	 0.0069103
9.23780508453 	 0.00489745
9.26829289009 	 0.00179857
9.29878069565 	 0.00152855
9.32926850121 	 0.00107991
9.35975630677 	 0.00525573
9.39024411233 	 0.00895142
9.42073191789 	 0.0108715
9.45121972345 	 0.00827381
9.48170752901 	 0.0125987
9.51219533457 	 0.00938168
9.54268314012 	 0.0108701
9.57317094568 	 0.00997978
9.60365875124 	 0.00349685
9.6341465568 	 0.00391324
9.66463436236 	 0.0119133
9.69512216792 	 0.0136057
9.72560997348 	 0.00969587
9.75609777904 	 0.0112138
9.7865855846 	 0.00921123
9.81707339016 	 0.0117605
9.84756119572 	 0.0152581
9.87804900128 	 0.0118969
9.90853680684 	 0.011726
9.9390246124 	 0.00761142
9.96951241796 	 0.00686311
10.0000002235 	 0.0117549
10.0304880291 	 0.012536
10.0609758346 	 0.00662374
10.0914636402 	 0.00851753
10.1219514458 	 0.0125556
10.1524392513 	 0.0129122
10.1829270569 	 0.0108453
10.2134148624 	 0.0100184
10.243902668 	 0.00224123
10.2743904736 	 0.00465229
10.3048782791 	 0.00861286
10.3353660847 	 0.00575923
10.3658538902 	 0.00333215
10.3963416958 	 0.00762401
10.4268295014 	 0.0107464
10.4573173069 	 0.0105783
10.4878051125 	 0.00893248
10.518292918 	 0.00845546
10.5487807236 	 0.00670829
10.5792685291 	 0.0137461
10.6097563347 	 0.0186479
10.6402441403 	 0.0181246
10.6707319458 	 0.0187369
10.7012197514 	 0.0159851
10.7317075569 	 0.00859532
10.7621953625 	 0.00682148
10.7926831681 	 0.00277784
10.8231709736 	 0.00637233
10.8536587792 	 0.0108891
10.8841465847 	 0.00844823
10.9146343903 	 0.00946078
10.9451221959 	 0.00991057
10.9756100014 	 0.0137696
11.006097807 	 0.0112115
11.0365856125 	 0.00571818
11.0670734181 	 0.0102552
11.0975612237 	 0.00450503
11.1280490292 	 0.00484236
11.1585368348 	 0.00479706
11.1890246403 	 0.0091972
11.2195124459 	 0.010273
11.2500002515 	 0.00924822
11.280488057 	 0.00740716
11.3109758626 	 0.00307994
11.3414636681 	 0.00320142
11.3719514737 	 0.00857835
11.4024392793 	 0.0124238
11.4329270848 	 0.010837
11.4634148904 	 0.0156512
11.4939026959 	 0.0168716
11.5243905015 	 0.00740012
11.5548783071 	 0.00472639
11.5853661126 	 0.00549217
11.6158539182 	 0.0072505
11.6463417237 	 0.0063369
11.6768295293 	 0.0073462
11.7073173348 	 0.00716128
11.7378051404 	 0.00450602
11.768292946 	 0.00349429
11.7987807515 	 0.00320465
11.8292685571 	 0.00381927
11.8597563626 	 0.00343475
11.8902441682 	 0.00350317
11.9207319738 	 0.00401614
11.9512197793 	 0.00314209
11.9817075849 	 0.00405215
12.0121953904 	 0.00358221
12.042683196 	 0.0038721
12.0731710016 	 0.00229025
12.1036588071 	 0.00263767
12.1341466127 	 0.00438584
12.1646344182 	 0.00386161
12.1951222238 	 0.00701732
12.2256100294 	 0.00729592
12.2560978349 	 0.00588658
12.2865856405 	 0.00301345
12.317073446 	 0.00647529
12.3475612516 	 0.00653558
12.3780490572 	 0.00339354
12.4085368627 	 0.0027124
12.4390246683 	 0.00221909
12.4695124738 	 0.00337549
12.5000002794 	 0.00266957
12.530488085 	 0.00107157
12.5609758905 	 0.00203422
12.5914636961 	 0.00252803
12.6219515016 	 0.00338767
12.6524393072 	 0.00682373
12.6829271128 	 0.00705829
12.7134149183 	 0.00620882
12.7439027239 	 0.00597532
12.7743905294 	 0.0063013
12.804878335 	 0.00470267
12.8353661406 	 0.00140356
12.8658539461 	 0.000103343
12.8963417517 	 0.000983329
12.9268295572 	 0.000942241
12.9573173628 	 0.00127634
12.9878051683 	 0.00124604
13.0182929739 	 0.00156398
13.0487807795 	 0.000830153
13.079268585 	 0.000891432
13.1097563906 	 0.00201721
13.1402441961 	 0.0028613
13.1707320017 	 0.00230369
13.2012198073 	 0.00173298
13.2317076128 	 0.00108945
13.2621954184 	 0.000538991
13.2926832239 	 0.00242586
13.3231710295 	 0.0008624
13.3536588351 	 0.00237249
13.3841466406 	 0.00191514
13.4146344462 	 0.000857736
13.4451222517 	 0.00145135
13.4756100573 	 0.00228816
13.5060978629 	 0.00114709
13.5365856684 	 0.00201389
13.567073474 	 0.00149614
13.5975612795 	 0.00146995
13.6280490851 	 0.00141157
13.6585368907 	 0.00203719
13.6890246962 	 0.00135046
13.7195125018 	 0.0014145
13.7500003073 	 0.00185567
13.7804881129 	 0.000951296
13.8109759185 	 0.000644454
13.841463724 	 0.000405137
13.8719515296 	 0.00052741
13.9024393351 	 0.00068153
13.9329271407 	 0.00118982
13.9634149463 	 0.00071977
13.9939027518 	 0.00130043
14.0243905574 	 0.000706809
14.0548783629 	 0.000820743
14.0853661685 	 0.000499307
14.1158539741 	 0.000851689
14.1463417796 	 2.95596e-05
14.1768295852 	 0.000599709
14.2073173907 	 0.00048491
14.2378051963 	 0.000627958
14.2682930018 	 0.000233226
14.2987808074 	 0.000341923
14.329268613 	 0.00100578
14.3597564185 	 0.00118336
14.3902442241 	 0.00128874
14.4207320296 	 0.000810872
14.4512198352 	 0.00108306
14.4817076408 	 0.000688855
14.5121954463 	 0.000157511
14.5426832519 	 0.000664478
14.5731710574 	 0.00043582
14.603658863 	 0.000410243
14.6341466686 	 0.000344142
14.6646344741 	 0.000302102
14.6951222797 	 0.000682075
14.7256100852 	 0.000919915
14.7560978908 	 0.000735201
14.7865856964 	 0.00109246
14.8170735019 	 0.00102598
14.8475613075 	 0.000920055
14.878049113 	 0.000583848
14.9085369186 	 0.000874391
14.9390247242 	 0.000932085
14.9695125297 	 0.000910904
15.0000003353 	 0.00110625
15.0304881408 	 0.00123302
15.0609759464 	 0.000631762
15.091463752 	 0.000230026
15.1219515575 	 0.000664987
15.1524393631 	 0.000639795
15.1829271686 	 0.00047528
15.2134149742 	 0.000258879
15.2439027798 	 0.000572513
15.2743905853 	 0.000470677
15.3048783909 	 0.000245381
15.3353661964 	 0.000430772
15.365854002 	 0.000503148
15.3963418075 	 0.000592853
15.4268296131 	 0.000530577
15.4573174187 	 0.000715833
15.4878052242 	 0.000396155
15.5182930298 	 0.000343784
15.5487808353 	 0.000593302
15.5792686409 	 0.000453421
15.6097564465 	 0.00064012
15.640244252 	 0.000640005
15.6707320576 	 0.000290308
15.7012198631 	 0.000212528
15.7317076687 	 0.00033946
15.7621954743 	 0.000121765
15.7926832798 	 0.000119604
15.8231710854 	 0.000316664
15.8536588909 	 0.000486463
15.8841466965 	 0.000386265
15.9146345021 	 0.000319112
15.9451223076 	 0.000153538
15.9756101132 	 0.000276596
16.0060979187 	 0.000354461
16.0365857243 	 0.000279295
16.0670735299 	 0.000169735
16.0975613354 	 0.000126553
16.128049141 	 4.69133e-05
16.1585369465 	 7.38478e-05
16.1890247521 	 0.000174598
16.2195125577 	 0.000173028
16.2500003632 	 4.36353e-05
16.2804881688 	 0.000232607
16.3109759743 	 0.000254941
16.3414637799 	 0.000266191
16.3719515855 	 0.000206467
16.402439391 	 0.000146164
16.4329271966 	 0.000165698
16.4634150021 	 0.000155876
16.4939028077 	 0.000257207
16.5243906133 	 0.000167137
16.5548784188 	 0.000158423
16.5853662244 	 0.000184461
16.6158540299 	 0.000212787
16.6463418355 	 0.000180937
16.676829641 	 5.99368e-05
16.7073174466 	 0.000180672
16.7378052522 	 0.000241554
16.7682930577 	 0.000250267
16.7987808633 	 0.000353034
16.8292686688 	 0.000257787
16.8597564744 	 0.000123661
16.89024428 	 0.000193752
16.9207320855 	 0.000183222
16.9512198911 	 0.000235851
16.9817076966 	 0.000399419
17.0121955022 	 0.000334593
17.0426833078 	 0.000222844
17.0731711133 	 0.000128498
17.1036589189 	 0.000324776
17.1341467244 	 0.000334688
17.16463453 	 0.000341135
17.1951223356 	 0.000286813
17.2256101411 	 0.000320449
17.2560979467 	 0.00029325
17.2865857522 	 0.00039125
17.3170735578 	 0.000547809
17.3475613634 	 0.00041058
17.3780491689 	 0.000223479
17.4085369745 	 9.11101e-05
17.43902478 	 7.12654e-05
17.4695125856 	 4.54819e-05
17.5000003912 	 0.000148346
17.5304881967 	 0.000202942
17.5609760023 	 0.000174529
17.5914638078 	 0.000222942
17.6219516134 	 0.000104831
17.652439419 	 0.000177643
17.6829272245 	 5.33288e-05
17.7134150301 	 0.000231071
17.7439028356 	 0.000345152
17.7743906412 	 0.000225733
17.8048784468 	 0.000159355
17.8353662523 	 5.28027e-05
17.8658540579 	 0.000114675
17.8963418634 	 0.000280243
17.926829669 	 0.000301212
17.9573174745 	 9.40451e-05
17.9878052801 	 0.000181369
18.0182930857 	 0.000127886
18.0487808912 	 0.000160595
18.0792686968 	 0.000316867
18.1097565023 	 0.000316516
18.1402443079 	 0.000128778
18.1707321135 	 0.000334524
18.201219919 	 0.00025814
18.2317077246 	 0.000337648
18.2621955301 	 0.000327802
18.2926833357 	 0.000168521
18.3231711413 	 0.00026974
18.3536589468 	 0.000252064
18.3841467524 	 0.00044539
18.4146345579 	 0.000327088
18.4451223635 	 0.000232047
18.4756101691 	 0.000384407
18.5060979746 	 0.000353693
18.5365857802 	 0.000339057
18.5670735857 	 0.000641121
18.5975613913 	 0.000429629
18.6280491969 	 0.000215035
18.6585370024 	 0.000329339
18.689024808 	 0.000284555
18.7195126135 	 0.000147388
18.7500004191 	 0.000319608
18.7804882247 	 0.000141662
18.8109760302 	 0.000142081
18.8414638358 	 0.000313473
18.8719516413 	 0.000221749
18.9024394469 	 0.000306585
18.9329272525 	 0.000369734
18.963415058 	 0.000365374
18.9939028636 	 0.000500705
19.0243906691 	 0.000467698
19.0548784747 	 0.000264595
19.0853662802 	 0.000232534
19.1158540858 	 0.000411342
19.1463418914 	 0.000406349
19.1768296969 	 0.00032551
19.2073175025 	 0.000211943
19.237805308 	 0.000143211
19.2682931136 	 0.000117628
19.2987809192 	 0.000321157
19.3292687247 	 0.00017537
19.3597565303 	 0.000215027
19.3902443358 	 0.000223104
19.4207321414 	 0.000103106
19.451219947 	 0.000141422
19.4817077525 	 0.000169169
19.5121955581 	 0.000135426
19.5426833636 	 0.000268511
19.5731711692 	 0.000216884
19.6036589748 	 0.000183873
19.6341467803 	 0.000348666
19.6646345859 	 9.02173e-05
19.6951223914 	 0.000203342
19.725610197 	 0.000309896
19.7560980026 	 0.000256264
19.7865858081 	 0.00013762
19.8170736137 	 6.37422e-05
19.8475614192 	 8.30321e-05
19.8780492248 	 2.52357e-05
19.9085370304 	 2.82693e-05
19.9390248359 	 6.6631e-05
19.9695126415 	 0.000199839
20.000000447 	 0.000192976
20.0304882526 	 0.000120291
20.0609760582 	 0.000208951
20.0914638637 	 0.000332307
20.1219516693 	 0.000351888
20.1524394748 	 0.000170071
20.1829272804 	 0.000140247
20.213415086 	 0.000172921
20.2439028915 	 0.000224466
20.2743906971 	 0.000155523
20.3048785026 	 5.11362e-06
20.3353663082 	 8.71284e-05
20.3658541137 	 0.000120765
20.3963419193 	 2.82888e-05
20.4268297249 	 0.000180982
20.4573175304 	 0.000293967
20.487805336 	 0.000225677
20.5182931415 	 0.000108404
20.5487809471 	 4.40895e-05
20.5792687527 	 9.72656e-05
20.6097565582 	 8.32368e-05
20.6402443638 	 0.000129981
20.6707321693 	 9.52466e-05
20.7012199749 	 8.68167e-06
20.7317077805 	 4.49557e-05
20.762195586 	 6.52512e-05
20.7926833916 	 2.61732e-05
20.8231711971 	 0.000126367
20.8536590027 	 0.00010564
20.8841468083 	 0.000140107
20.9146346138 	 0.000179203
20.9451224194 	 0.000105006
20.9756102249 	 9.52565e-05
21.0060980305 	 9.01692e-05
21.0365858361 	 4.89291e-05
21.0670736416 	 2.36883e-05
21.0975614472 	 9.43419e-05
21.1280492527 	 0.00011332
21.1585370583 	 0.00024666
21.1890248639 	 0.000280046
21.2195126694 	 0.000208777
21.250000475 	 6.70203e-05
21.2804882805 	 0.000117787
21.3109760861 	 0.000103546
21.3414638917 	 0.000188052
21.3719516972 	 0.000130279
21.4024395028 	 9.36897e-05
21.4329273083 	 7.11489e-05
21.4634151139 	 0.000155485
21.4939029195 	 0.000106507
21.524390725 	 0.000127671
21.5548785306 	 0.000101008
21.5853663361 	 8.53599e-05
21.6158541417 	 0.00012356
21.6463419472 	 0.000111353
21.6768297528 	 4.0137e-05
21.7073175584 	 7.30035e-05
21.7378053639 	 5.19534e-05
21.7682931695 	 0.000112809
21.798780975 	 0.000152314
21.8292687806 	 9.53539e-05
21.8597565862 	 4.1002e-05
21.8902443917 	 6.01721e-05
21.9207321973 	 0.000109303
21.9512200028 	 0.000105246
21.9817078084 	 0.000117157
22.012195614 	 0.00018123
22.0426834195 	 0.000221517
22.0731712251 	 0.000171218
22.1036590306 	 0.00016212
22.1341468362 	 0.000183041
22.1646346418 	 9.04922e-05
22.1951224473 	 5.24701e-05
22.2256102529 	 4.80971e-05
22.2560980584 	 3.63616e-05
22.286585864 	 3.66216e-05
22.3170736696 	 3.65483e-05
22.3475614751 	 5.33795e-05
22.3780492807 	 0.000126996
22.4085370862 	 0.000155418
22.4390248918 	 0.000127388
22.4695126974 	 2.90161e-05
22.5000005029 	 3.94476e-05
22.5304883085 	 8.65278e-06
22.560976114 	 5.19814e-05
22.5914639196 	 9.3246e-05
22.6219517252 	 0.000109531
22.6524395307 	 7.87958e-05
22.6829273363 	 0.000105358
22.7134151418 	 0.000109045
22.7439029474 	 0.000102993
22.7743907529 	 2.58869e-05
22.8048785585 	 2.6949e-05
22.8353663641 	 4.47953e-05
22.8658541696 	 7.86925e-05
22.8963419752 	 7.72131e-05
22.9268297807 	 7.14754e-05
22.9573175863 	 5.36134e-05
22.9878053919 	 6.71567e-05
23.0182931974 	 2.08138e-05
23.048781003 	 3.36587e-05
23.0792688085 	 2.75966e-05
23.1097566141 	 3.62861e-05
23.1402444197 	 6.7451e-05
23.1707322252 	 7.87938e-05
23.2012200308 	 4.37319e-05
23.2317078363 	 4.80209e-05
23.2621956419 	 0.000128675
23.2926834475 	 7.5254e-05
23.323171253 	 7.39442e-05
23.3536590586 	 0.000107559
23.3841468641 	 9.18467e-05
23.4146346697 	 6.01658e-05
23.4451224753 	 4.27087e-05
23.4756102808 	 7.27942e-05
23.5060980864 	 5.24116e-05
23.5365858919 	 1.11957e-05
23.5670736975 	 4.27354e-05
23.5975615031 	 6.94953e-05
23.6280493086 	 7.41851e-05
23.6585371142 	 6.2455e-05
23.6890249197 	 8.20034e-05
23.7195127253 	 0.000107995
23.7500005309 	 8.90986e-05
23.7804883364 	 9.61166e-05
23.810976142 	 7.12188e-05
23.8414639475 	 5.37816e-05
23.8719517531 	 3.53787e-05
23.9024395587 	 2.38497e-05
23.9329273642 	 7.13293e-05
23.9634151698 	 6.52703e-05
23.9939029753 	 7.57691e-05
24.0243907809 	 8.03504e-06
24.0548785864 	 4.10034e-05
24.085366392 	 4.68149e-05
24.1158541976 	 7.01294e-05
24.1463420031 	 6.99301e-05
24.1768298087 	 6.47063e-05
24.2073176142 	 2.74766e-05
24.2378054198 	 4.81272e-05
24.2682932254 	 2.02619e-05
24.2987810309 	 3.15253e-05
24.3292688365 	 3.28447e-05
24.359756642 	 4.50298e-05
24.3902444476 	 2.84385e-05
24.4207322532 	 4.82906e-05
24.4512200587 	 2.54846e-05
24.4817078643 	 2.60946e-05
24.5121956698 	 6.43334e-05
24.5426834754 	 3.53527e-05
24.573171281 	 1.23955e-05
24.6036590865 	 9.01602e-06
24.6341468921 	 1.42665e-05
24.6646346976 	 1.71345e-05
24.6951225032 	 2.4901e-05
24.7256103088 	 4.37729e-05
24.7560981143 	 4.6695e-05
24.7865859199 	 7.42199e-05
24.8170737254 	 5.41336e-05
24.847561531 	 5.15839e-05
24.8780493366 	 2.29415e-05
24.9085371421 	 4.05403e-05
24.9390249477 	 3.27e-05
24.9695127532 	 1.39976e-05
25.0000005588 	 4.17487e-05
25.0304883644 	 3.83833e-05
25.0609761699 	 4.18702e-05
25.0914639755 	 9.08175e-06
25.121951781 	 2.47899e-05
25.1524395866 	 3.13888e-05
25.1829273922 	 3.40272e-05
25.2134151977 	 3.55715e-05
25.2439030033 	 4.99628e-05
25.2743908088 	 4.78614e-05
25.3048786144 	 6.39078e-05
25.3353664199 	 6.51045e-05
25.3658542255 	 4.67466e-05
25.3963420311 	 2.50876e-05
25.4268298366 	 3.12625e-05
25.4573176422 	 1.21314e-05
25.4878054477 	 1.52039e-05
25.5182932533 	 2.62038e-05
25.5487810589 	 1.2056e-05
25.5792688644 	 6.6373e-06
25.60975667 	 2.615e-05
25.6402444755 	 2.43343e-05
25.6707322811 	 8.49986e-06
25.7012200867 	 1.94476e-05
25.7317078922 	 2.63095e-05
25.7621956978 	 7.09784e-06
25.7926835033 	 3.83292e-05
25.8231713089 	 6.18536e-05
25.8536591145 	 4.61236e-05
25.88414692 	 1.55417e-05
25.9146347256 	 7.50523e-06
25.9451225311 	 1.92771e-05
25.9756103367 	 8.0003e-06
26.0060981423 	 1.15286e-05
26.0365859478 	 1.10356e-05
26.0670737534 	 2.00286e-05
26.0975615589 	 1.92425e-05
26.1280493645 	 2.14905e-05
26.1585371701 	 9.53654e-06
26.1890249756 	 1.4127e-05
26.2195127812 	 2.63995e-05
26.2500005867 	 1.9443e-05
26.2804883923 	 4.89555e-05
26.3109761979 	 3.85972e-05
26.3414640034 	 3.63363e-05
26.371951809 	 1.34178e-05
26.4024396145 	 1.9516e-05
26.4329274201 	 1.4728e-05
26.4634152256 	 1.41779e-05
26.4939030312 	 3.3957e-05
26.5243908368 	 3.10803e-05
26.5548786423 	 4.53373e-05
26.5853664479 	 5.69649e-05
26.6158542534 	 3.02767e-05
26.646342059 	 4.64181e-05
26.6768298646 	 3.32957e-05
26.7073176701 	 1.64605e-05
26.7378054757 	 2.93614e-05
26.7682932812 	 1.9195e-05
26.7987810868 	 1.57722e-05
26.8292688924 	 3.16222e-05
26.8597566979 	 4.87068e-05
26.8902445035 	 2.80303e-05
26.920732309 	 2.29628e-05
26.9512201146 	 2.597e-05
26.9817079202 	 2.39681e-05
27.0121957257 	 3.94139e-05
27.0426835313 	 4.07292e-05
27.0731713368 	 2.3726e-05
27.1036591424 	 3.03075e-05
27.134146948 	 2.60664e-05
27.1646347535 	 1.37876e-05
27.1951225591 	 1.91048e-05
27.2256103646 	 2.6323e-05
27.2560981702 	 2.2984e-05
27.2865859758 	 3.88917e-05
27.3170737813 	 3.01965e-05
27.3475615869 	 2.41986e-05
27.3780493924 	 2.38164e-05
27.408537198 	 1.17515e-05
27.4390250036 	 1.47618e-05
27.4695128091 	 2.78181e-05
27.5000006147 	 3.21495e-05
27.5304884202 	 5.81836e-06
27.5609762258 	 1.87551e-05
27.5914640314 	 4.2177e-05
27.6219518369 	 4.71698e-05
27.6524396425 	 2.82962e-05
27.682927448 	 2.32649e-05
27.7134152536 	 2.2777e-05
27.7439030591 	 2.47391e-05
27.7743908647 	 2.98729e-05
27.8048786703 	 2.65643e-05
27.8353664758 	 1.36569e-05
27.8658542814 	 1.73695e-05
27.8963420869 	 3.07754e-05
27.9268298925 	 3.65086e-05
27.9573176981 	 3.59073e-05
27.9878055036 	 2.90665e-05
28.0182933092 	 2.32191e-05
28.0487811147 	 2.35956e-05
28.0792689203 	 2.39416e-05
28.1097567259 	 2.49739e-05
28.1402445314 	 3.12591e-05
28.170732337 	 2.01026e-05
28.2012201425 	 2.10001e-05
28.2317079481 	 2.18144e-05
28.2621957537 	 8.48847e-06
28.2926835592 	 3.77144e-05
28.3231713648 	 3.64813e-05
28.3536591703 	 3.26671e-05
28.3841469759 	 3.8429e-05
28.4146347815 	 2.71657e-05
28.445122587 	 2.09614e-05
28.4756103926 	 2.20238e-05
28.5060981981 	 7.23309e-06
28.5365860037 	 1.08536e-05
28.5670738093 	 1.29287e-05
28.5975616148 	 1.48941e-05
28.6280494204 	 2.00741e-06
28.6585372259 	 1.89786e-05
28.6890250315 	 1.78353e-05
28.7195128371 	 2.53395e-05
28.7500006426 	 2.59351e-05
28.7804884482 	 2.76087e-06
28.8109762537 	 1.50932e-05
28.8414640593 	 7.72595e-06
28.8719518649 	 1.13965e-05
28.9024396704 	 2.01656e-05
28.932927476 	 2.35221e-05
28.9634152815 	 2.16073e-05
28.9939030871 	 1.87539e-05
29.0243908926 	 2.08157e-05
29.0548786982 	 8.36265e-06
29.0853665038 	 4.84051e-06
29.1158543093 	 1.55988e-05
29.1463421149 	 1.3065e-05
29.1768299204 	 5.06783e-06
29.207317726 	 1.26002e-05
29.2378055316 	 2.68484e-06
29.2682933371 	 1.53354e-05
29.2987811427 	 5.05378e-06
29.3292689482 	 4.94898e-06
29.3597567538 	 1.44396e-05
29.3902445594 	 1.10821e-05
29.4207323649 	 1.11842e-05
29.4512201705 	 7.2022e-06
29.481707976 	 9.05181e-06
29.5121957816 	 6.66521e-06
29.5426835872 	 1.16523e-05
29.5731713927 	 1.39235e-05
29.6036591983 	 1.66819e-05
29.6341470038 	 1.73982e-05
29.6646348094 	 1.31886e-05
29.695122615 	 9.4139e-06
29.7256104205 	 9.40141e-06
29.7560982261 	 1.52918e-05
29.7865860316 	 7.46895e-06
29.8170738372 	 4.51951e-06
29.8475616428 	 1.04363e-05
29.8780494483 	 1.19011e-06
29.9085372539 	 1.48634e-05
29.9390250594 	 1.26376e-05
29.969512865 	 1.09252e-05
30.0000006706 	 1.16233e-05
30.0304884761 	 1.12598e-05
30.0609762817 	 7.88171e-06
30.0914640872 	 1.62388e-05
30.1219518928 	 1.53123e-05
30.1524396983 	 2.41866e-05
30.1829275039 	 2.20195e-05
30.2134153095 	 1.65841e-05
30.243903115 	 1.0477e-05
30.2743909206 	 7.87118e-06
30.3048787261 	 1.18267e-05
30.3353665317 	 3.51457e-05
30.3658543373 	 3.77959e-05
30.3963421428 	 3.46264e-05
30.4268299484 	 4.5665e-05
30.4573177539 	 3.38093e-05
30.4878055595 	 3.47202e-05
30.5182933651 	 3.10867e-05
30.5487811706 	 2.42239e-05
30.5792689762 	 2.12567e-05
30.6097567817 	 1.46864e-05
30.6402445873 	 1.01434e-05
30.6707323929 	 8.08677e-06
30.7012201984 	 1.75458e-05
30.731708004 	 1.33874e-05
30.7621958095 	 1.21512e-05
30.7926836151 	 7.80123e-06
30.8231714207 	 4.30045e-06
30.8536592262 	 7.41297e-06
30.8841470318 	 6.95652e-06
30.9146348373 	 7.63916e-06
30.9451226429 	 1.04451e-05
30.9756104485 	 1.4349e-05
31.006098254 	 9.95686e-06
31.0365860596 	 1.51586e-05
31.0670738651 	 1.6985e-05
31.0975616707 	 1.15542e-05
31.1280494763 	 6.00804e-06
31.1585372818 	 3.77401e-06
31.1890250874 	 1.48368e-05
31.2195128929 	 1.73592e-05
31.2500006985 	 1.98176e-05
31.2804885041 	 1.30787e-05
31.3109763096 	 8.3519e-06
31.3414641152 	 2.40192e-06
31.3719519207 	 1.1354e-05
31.4024397263 	 1.25231e-05
31.4329275318 	 1.30592e-05
31.4634153374 	 1.31864e-05
31.493903143 	 1.13322e-05
31.5243909485 	 6.49855e-06
31.5548787541 	 5.05366e-06
31.5853665596 	 1.26334e-05
31.6158543652 	 1.68743e-05
31.6463421708 	 1.76298e-05
31.6768299763 	 1.18409e-05
31.7073177819 	 1.51533e-05
31.7378055874 	 2.08572e-05
31.768293393 	 1.3917e-05
31.7987811986 	 1.07571e-05
31.8292690041 	 9.41166e-06
31.8597568097 	 6.61674e-06
31.8902446152 	 6.4734e-06
31.9207324208 	 1.0462e-05
31.9512202264 	 1.43727e-05
31.9817080319 	 3.40574e-06
32.0121958375 	 1.3273e-05
32.042683643 	 8.26861e-06
32.0731714486 	 1.72621e-05
32.1036592542 	 1.57603e-05
32.1341470597 	 1.2019e-05
32.1646348653 	 6.66824e-06
32.1951226708 	 8.67173e-06
32.2256104764 	 4.18106e-06
32.256098282 	 9.99287e-06
32.2865860875 	 1.31679e-05
32.3170738931 	 1.30272e-05
32.3475616986 	 5.03173e-06
32.3780495042 	 2.62285e-06
32.4085373098 	 3.18778e-06
32.4390251153 	 2.59144e-06
32.4695129209 	 3.03814e-06
32.5000007264 	 5.73846e-06
32.530488532 	 6.37441e-06
32.5609763376 	 6.63708e-06
32.5914641431 	 1.13136e-05
32.6219519487 	 1.17282e-05
32.6524397542 	 1.40146e-05
32.6829275598 	 1.20579e-05
32.7134153653 	 1.15983e-05
32.7439031709 	 1.4871e-05
32.7743909765 	 7.54953e-06
32.804878782 	 6.8866e-06
32.8353665876 	 5.0142e-07
32.8658543931 	 6.62328e-06
32.8963421987 	 4.46958e-06
32.9268300043 	 4.62047e-06
32.9573178098 	 4.873e-06
32.9878056154 	 4.33332e-06
33.0182934209 	 7.13067e-06
33.0487812265 	 7.27278e-06
33.0792690321 	 6.06855e-06
33.1097568376 	 1.00461e-05
33.1402446432 	 5.67322e-06
33.1707324487 	 2.23083e-06
33.2012202543 	 2.90932e-06
33.2317080599 	 7.36211e-06
33.2621958654 	 1.31431e-05
33.292683671 	 1.32522e-05
33.3231714765 	 1.38834e-05
33.3536592821 	 1.06229e-05
33.3841470877 	 5.72788e-06
33.4146348932 	 1.02926e-05
33.4451226988 	 1.05945e-06
33.4756105043 	 2.45205e-06
33.5060983099 	 1.15597e-05
33.5365861155 	 1.02545e-05
33.567073921 	 4.45683e-06
33.5975617266 	 3.53915e-06
33.6280495321 	 2.43993e-06
33.6585373377 	 3.78221e-06
33.6890251433 	 6.5294e-06
33.7195129488 	 7.83261e-06
33.7500007544 	 8.67206e-06
33.7804885599 	 5.52132e-06
33.8109763655 	 3.10629e-06
33.841464171 	 1.21418e-06
33.8719519766 	 4.47459e-06
33.9024397822 	 3.02734e-06
33.9329275877 	 4.69123e-06
33.9634153933 	 1.39554e-06
33.9939031988 	 2.63091e-06
34.0243910044 	 4.88522e-06
34.05487881 	 4.62491e-06
34.0853666155 	 2.88656e-06
34.1158544211 	 6.28714e-06
34.1463422266 	 2.46115e-06
34.1768300322 	 5.11421e-06
34.2073178378 	 4.10361e-06
34.2378056433 	 5.61434e-06
34.2682934489 	 3.846e-06
34.2987812544 	 6.06261e-06
34.32926906 	 6.72101e-06
34.3597568656 	 7.8744e-06
34.3902446711 	 9.30222e-06
34.4207324767 	 6.6282e-06
34.4512202822 	 6.98139e-06
34.4817080878 	 5.59525e-06
34.5121958934 	 5.5841e-06
34.5426836989 	 5.01771e-06
34.5731715045 	 3.5704e-06
34.60365931 	 1.44879e-06
34.6341471156 	 2.62399e-06
34.6646349212 	 5.40149e-06
34.6951227267 	 5.83613e-06
34.7256105323 	 6.7703e-06
34.7560983378 	 4.84535e-06
34.7865861434 	 4.79592e-06
34.817073949 	 3.22641e-06
34.8475617545 	 4.139e-06
34.8780495601 	 4.0926e-06
34.9085373656 	 4.71923e-06
34.9390251712 	 3.87102e-06
34.9695129768 	 4.88378e-06
35.0000007823 	 5.31724e-06
35.0304885879 	 4.92864e-06
35.0609763934 	 5.82534e-06
35.091464199 	 6.35056e-06
35.1219520045 	 3.3806e-06
35.1524398101 	 4.0004e-06
35.1829276157 	 4.20235e-06
35.2134154212 	 3.5907e-06
35.2439032268 	 3.92635e-06
35.2743910323 	 5.07386e-06
35.3048788379 	 4.61111e-06
35.3353666435 	 5.25644e-06
35.365854449 	 4.96137e-06
35.3963422546 	 4.05615e-06
35.4268300601 	 3.18038e-06
35.4573178657 	 2.04716e-06
35.4878056713 	 2.69273e-06
35.5182934768 	 4.48703e-06
35.5487812824 	 4.68567e-06
35.5792690879 	 3.70777e-06
35.6097568935 	 3.2705e-06
35.6402446991 	 3.20452e-06
35.6707325046 	 4.38446e-06
35.7012203102 	 4.46173e-06
35.7317081157 	 5.55184e-06
35.7621959213 	 5.01154e-06
35.7926837269 	 4.94815e-06
35.8231715324 	 4.62336e-06
35.853659338 	 4.35597e-06
35.8841471435 	 3.13997e-06
35.9146349491 	 2.88873e-06
35.9451227547 	 2.96988e-06
35.9756105602 	 4.04831e-06
36.0060983658 	 4.62905e-06
36.0365861713 	 3.59433e-06
36.0670739769 	 4.16712e-06
36.0975617825 	 4.58281e-06
36.128049588 	 4.86658e-06
36.1585373936 	 4.94373e-06
36.1890251991 	 4.98692e-06
36.2195130047 	 4.31365e-06
36.2500008103 	 4.08742e-06
36.2804886158 	 3.85217e-06
36.3109764214 	 4.30709e-06
36.3414642269 	 4.39601e-06
36.3719520325 	 3.99186e-06
36.402439838 	 3.97521e-06
36.4329276436 	 4.49204e-06
36.4634154492 	 4.96998e-06
36.4939032547 	 5.21185e-06
36.5243910603 	 4.61829e-06
36.5548788658 	 3.70164e-06
36.5853666714 	 4.43457e-06
36.615854477 	 4.1467e-06
36.6463422825 	 3.98119e-06
36.6768300881 	 4.10319e-06
36.7073178936 	 4.04583e-06
36.7378056992 	 4.48304e-06
36.7682935048 	 4.50336e-06
36.7987813103 	 4.0257e-06
36.8292691159 	 4.14025e-06
36.8597569214 	 4.14587e-06
36.890244727 	 3.94681e-06
36.9207325326 	 3.92037e-06
36.9512203381 	 3.88407e-06
36.9817081437 	 3.97364e-06
37.0121959492 	 4.12395e-06
37.0426837548 	 4.07856e-06
37.0731715604 	 3.79856e-06
37.1036593659 	 3.75125e-06
37.1341471715 	 3.89871e-06
37.164634977 	 3.80313e-06
37.1951227826 	 3.9568e-06
37.2256105882 	 3.91751e-06
37.2560983937 	 3.66449e-06
37.2865861993 	 4.15603e-06
37.3170740048 	 4.29069e-06
37.3475618104 	 3.85707e-06
37.378049616 	 3.88053e-06
37.4085374215 	 3.80533e-06
37.4390252271 	 3.76222e-06
37.4695130326 	 4.04159e-06
37.5000008382 	 4.14539e-06
37.5304886437 	 4.10515e-06
37.5609764493 	 4.23232e-06
37.5914642549 	 4.31759e-06
37.6219520604 	 4.08594e-06
37.652439866 	 3.9963e-06
37.6829276715 	 4.13105e-06
37.7134154771 	 3.90871e-06
37.7439032827 	 3.9968e-06
37.7743910882 	 4.13029e-06
37.8048788938 	 4.25955e-06
37.8353666993 	 4.15953e-06
37.8658545049 	 4.3024e-06
37.8963423105 	 4.27584e-06
37.926830116 	 4.12773e-06
37.9573179216 	 4.08297e-06
37.9878057271 	 4.08728e-06
38.0182935327 	 3.89519e-06
38.0487813383 	 3.83934e-06
38.0792691438 	 3.92832e-06
38.1097569494 	 4.04422e-06
38.1402447549 	 4.12259e-06
38.1707325605 	 4.15676e-06
38.2012203661 	 4.04613e-06
38.2317081716 	 4.10778e-06
38.2621959772 	 3.98066e-06
38.2926837827 	 3.98814e-06
38.3231715883 	 4.03854e-06
38.3536593939 	 3.9886e-06
38.3841471994 	 3.95262e-06
38.414635005 	 3.94763e-06
38.4451228105 	 3.99582e-06
38.4756106161 	 3.88184e-06
38.5060984217 	 3.83233e-06
38.5365862272 	 3.90951e-06
38.5670740328 	 3.9539e-06
38.5975618383 	 3.89074e-06
38.6280496439 	 3.91229e-06
38.6585374495 	 3.87211e-06
38.689025255 	 3.88669e-06
38.7195130606 	 3.90896e-06
38.7500008661 	 3.92907e-06
38.7804886717 	 4.04884e-06
38.8109764772 	 3.93193e-06
38.8414642828 	 3.89128e-06
38.8719520884 	 4.03489e-06
38.9024398939 	 3.90247e-06
38.9329276995 	 3.93249e-06
38.963415505 	 4.02745e-06
38.9939033106 	 4.05916e-06
39.0243911162 	 4.06187e-06
39.0548789217 	 4.00122e-06
39.0853667273 	 4.0365e-06
39.1158545328 	 4.02062e-06
39.1463423384 	 4.0326e-06
39.176830144 	 4.03766e-06
39.2073179495 	 3.96683e-06
39.2378057551 	 3.92675e-06
39.2682935606 	 3.95263e-06
39.2987813662 	 4.00404e-06
39.3292691718 	 3.98077e-06
39.3597569773 	 3.90246e-06
39.3902447829 	 3.95361e-06
39.4207325884 	 3.97385e-06
39.451220394 	 3.89237e-06
39.4817081996 	 3.86614e-06
39.5121960051 	 3.88725e-06
39.5426838107 	 3.90076e-06
39.5731716162 	 3.93347e-06
39.6036594218 	 3.99509e-06
39.6341472274 	 4.02566e-06
39.6646350329 	 3.98851e-06
39.6951228385 	 3.95847e-06
39.725610644 	 3.97622e-06
39.7560984496 	 3.95682e-06
39.7865862552 	 3.94261e-06
39.8170740607 	 3.93288e-06
39.8475618663 	 3.92739e-06
39.8780496718 	 3.8835e-06
39.9085374774 	 3.91718e-06
39.939025283 	 3.91059e-06
39.9695130885 	 3.91727e-06
40.0000008941 	 3.86581e-06
40.0304886996 	 3.89067e-06
40.0609765052 	 3.87825e-06
40.0914643107 	 3.88322e-06
40.1219521163 	 3.87797e-06
40.1524399219 	 3.8656e-06
40.1829277274 	 3.86975e-06
40.213415533 	 3.85165e-06
40.2439033385 	 3.86851e-06
40.2743911441 	 3.87276e-06
40.3048789497 	 3.89507e-06
40.3353667552 	 3.91674e-06
40.3658545608 	 3.93722e-06
40.3963423663 	 3.9034e-06
40.4268301719 	 3.93503e-06
40.4573179775 	 3.89027e-06
40.487805783 	 3.87058e-06
40.5182935886 	 3.90003e-06
40.5487813941 	 3.87363e-06
40.5792691997 	 3.87663e-06
40.6097570053 	 3.89057e-06
40.6402448108 	 3.89877e-06
40.6707326164 	 3.86113e-06
40.7012204219 	 3.85355e-06
40.7317082275 	 3.87028e-06
40.7621960331 	 3.88154e-06
40.7926838386 	 3.86998e-06
40.8231716442 	 3.88983e-06
40.8536594497 	 3.88508e-06
40.8841472553 	 3.88938e-06
40.9146350609 	 3.8834e-06
40.9451228664 	 3.885e-06
40.975610672 	 3.8967e-06
41.0060984775 	 3.91005e-06
41.0365862831 	 3.90305e-06
41.0670740887 	 3.85548e-06
41.0975618942 	 3.86388e-06
41.1280496998 	 3.85262e-06
41.1585375053 	 3.86002e-06
41.1890253109 	 3.86715e-06
41.2195131164 	 3.87538e-06
41.250000922 	 3.88413e-06
41.2804887276 	 3.87769e-06
41.3109765331 	 3.88088e-06
41.3414643387 	 3.86707e-06
41.3719521442 	 3.85616e-06
41.4024399498 	 3.86071e-06
41.4329277554 	 3.8588e-06
41.4634155609 	 3.85006e-06
41.4939033665 	 3.83538e-06
41.524391172 	 3.83656e-06
41.5548789776 	 3.83651e-06
41.5853667832 	 3.85191e-06
41.6158545887 	 3.85587e-06
41.6463423943 	 3.85028e-06
41.6768301998 	 3.847e-06
41.7073180054 	 3.8411e-06
41.737805811 	 3.83959e-06
41.7682936165 	 3.8385e-06
41.7987814221 	 3.83388e-06
41.8292692276 	 3.82982e-06
41.8597570332 	 3.84171e-06
41.8902448388 	 3.8438e-06
41.9207326443 	 3.83567e-06
41.9512204499 	 3.83427e-06
41.9817082554 	 3.83499e-06
42.012196061 	 3.83025e-06
42.0426838666 	 3.83023e-06
42.0731716721 	 3.83143e-06
42.1036594777 	 3.82685e-06
42.1341472832 	 3.82313e-06
42.1646350888 	 3.82872e-06
42.1951228944 	 3.82627e-06
42.2256106999 	 3.82396e-06
42.2560985055 	 3.82596e-06
42.286586311 	 3.82643e-06
42.3170741166 	 3.82551e-06
42.3475619222 	 3.82542e-06
42.3780497277 	 3.82378e-06
42.4085375333 	 3.82236e-06
42.4390253388 	 3.82335e-06
42.4695131444 	 3.82259e-06
42.5000009499 	 3.81948e-06
42.5304887555 	 3.81602e-06
42.5609765611 	 3.8173e-06
42.5914643666 	 3.81759e-06
42.6219521722 	 3.81791e-06
42.6524399777 	 3.8183e-06
42.6829277833 	 3.81265e-06
42.7134155889 	 3.81207e-06
42.7439033944 	 3.81091e-06
42.7743912 	 3.80979e-06
42.8048790055 	 3.8091e-06
42.8353668111 	 3.80665e-06
42.8658546167 	 3.80448e-06
42.8963424222 	 3.80537e-06
42.9268302278 	 3.8052e-06
42.9573180333 	 3.80391e-06
42.9878058389 	 3.80186e-06
43.0182936445 	 3.80231e-06
43.04878145 	 3.80216e-06
43.0792692556 	 3.80061e-06
43.1097570611 	 3.79882e-06
43.1402448667 	 3.79824e-06
43.1707326723 	 3.79695e-06
43.2012204778 	 3.79583e-06
43.2317082834 	 3.79585e-06
43.2621960889 	 3.79544e-06
43.2926838945 	 3.79567e-06
43.3231717001 	 3.79569e-06
43.3536595056 	 3.79494e-06
43.3841473112 	 3.79275e-06
43.4146351167 	 3.79136e-06
43.4451229223 	 3.79072e-06
43.4756107279 	 3.78964e-06
43.5060985334 	 3.78936e-06
43.536586339 	 3.789e-06
43.5670741445 	 3.78791e-06
43.5975619501 	 3.78692e-06
43.6280497557 	 3.78687e-06
43.6585375612 	 3.78571e-06
43.6890253668 	 3.78431e-06
43.7195131723 	 3.78366e-06
43.7500009779 	 3.78243e-06
43.7804887834 	 3.78212e-06
43.810976589 	 3.7816e-06
43.8414643946 	 3.78066e-06
43.8719522001 	 3.77946e-06
43.9024400057 	 3.77856e-06
43.9329278112 	 3.77829e-06
43.9634156168 	 3.77741e-06
43.9939034224 	 3.77651e-06
44.0243912279 	 3.7757e-06
44.0548790335 	 3.77536e-06
44.085366839 	 3.77487e-06
44.1158546446 	 3.77434e-06
44.1463424502 	 3.77341e-06
44.1768302557 	 3.77237e-06
44.2073180613 	 3.77181e-06
44.2378058668 	 3.77128e-06
44.2682936724 	 3.77044e-06
44.298781478 	 3.76982e-06
44.3292692835 	 3.76933e-06
44.3597570891 	 3.76847e-06
44.3902448946 	 3.76788e-06
44.4207327002 	 3.76729e-06
44.4512205058 	 3.76626e-06
44.4817083113 	 3.76555e-06
44.5121961169 	 3.76491e-06
44.5426839224 	 3.76396e-06
44.573171728 	 3.7634e-06
44.6036595336 	 3.76294e-06
44.6341473391 	 3.76252e-06
44.6646351447 	 3.76179e-06
44.6951229502 	 3.76121e-06
44.7256107558 	 3.76054e-06
44.7560985614 	 3.75988e-06
44.7865863669 	 3.75917e-06
44.8170741725 	 3.75864e-06
44.847561978 	 3.75802e-06
44.8780497836 	 3.75722e-06
44.9085375891 	 3.75639e-06
44.9390253947 	 3.75577e-06
44.9695132003 	 3.75572e-06
45.0000010058 	 3.75501e-06
45.0304888114 	 3.75435e-06
45.0609766169 	 3.75368e-06
45.0914644225 	 3.75308e-06
45.1219522281 	 3.7527e-06
45.1524400336 	 3.75249e-06
45.1829278392 	 3.7515e-06
45.2134156447 	 3.75069e-06
45.2439034503 	 3.75015e-06
45.2743912559 	 3.74981e-06
45.3048790614 	 3.74923e-06
45.335366867 	 3.74852e-06
45.3658546725 	 3.74811e-06
45.3963424781 	 3.74744e-06
45.4268302837 	 3.74662e-06
45.4573180892 	 3.7464e-06
45.4878058948 	 3.74603e-06
45.5182937003 	 3.7453e-06
45.5487815059 	 3.74491e-06
45.5792693115 	 3.74462e-06
45.609757117 	 3.74417e-06
45.6402449226 	 3.74345e-06
45.6707327281 	 3.7429e-06
45.7012205337 	 3.74216e-06
45.7317083393 	 3.74151e-06
45.7621961448 	 3.74113e-06
45.7926839504 	 3.74084e-06
45.8231717559 	 3.74035e-06
45.8536595615 	 3.73997e-06
45.8841473671 	 3.73948e-06
45.9146351726 	 3.73872e-06
45.9451229782 	 3.73808e-06
45.9756107837 	 3.73758e-06
46.0060985893 	 3.73744e-06
46.0365863949 	 3.73693e-06
46.0670742004 	 3.73659e-06
46.097562006 	 3.73632e-06
46.1280498115 	 3.73577e-06
46.1585376171 	 3.73502e-06
46.1890254226 	 3.73453e-06
46.2195132282 	 3.7342e-06
46.2500010338 	 3.73363e-06
46.2804888393 	 3.73302e-06
46.3109766449 	 3.73265e-06
46.3414644504 	 3.73247e-06
46.371952256 	 3.73204e-06
46.4024400616 	 3.73176e-06
46.4329278671 	 3.73123e-06
46.4634156727 	 3.73066e-06
46.4939034782 	 3.73039e-06
46.5243912838 	 3.73009e-06
46.5548790894 	 3.72978e-06
46.5853668949 	 3.72939e-06
46.6158547005 	 3.72903e-06
46.646342506 	 3.72855e-06
46.6768303116 	 3.72797e-06
46.7073181172 	 3.72757e-06
46.7378059227 	 3.72719e-06
46.7682937283 	 3.72678e-06
46.7987815338 	 3.72661e-06
46.8292693394 	 3.72652e-06
46.859757145 	 3.7259e-06
46.8902449505 	 3.72547e-06
46.9207327561 	 3.72501e-06
46.9512205616 	 3.72469e-06
46.9817083672 	 3.72424e-06
47.0121961728 	 3.72382e-06
47.0426839783 	 3.72372e-06
47.0731717839 	 3.72344e-06
47.1036595894 	 3.72324e-06
47.134147395 	 3.72287e-06
47.1646352006 	 3.72246e-06
47.1951230061 	 3.72166e-06
47.2256108117 	 3.7215e-06
47.2560986172 	 3.72137e-06
47.2865864228 	 3.72128e-06
47.3170742284 	 3.72101e-06
47.3475620339 	 3.72042e-06
47.3780498395 	 3.72009e-06
47.408537645 	 3.71972e-06
47.4390254506 	 3.71965e-06
47.4695132561 	 3.71936e-06
47.5000010617 	 3.71886e-06
47.5304888673 	 3.71862e-06
47.5609766728 	 3.71862e-06
47.5914644784 	 3.71841e-06
47.6219522839 	 3.71808e-06
47.6524400895 	 3.71773e-06
47.6829278951 	 3.71742e-06
47.7134157006 	 3.71713e-06
47.7439035062 	 3.71688e-06
47.7743913117 	 3.71671e-06
47.8048791173 	 3.71634e-06
47.8353669229 	 3.7161e-06
47.8658547284 	 3.71562e-06
47.896342534 	 3.71541e-06
47.9268303395 	 3.71509e-06
47.9573181451 	 3.71493e-06
47.9878059507 	 3.71498e-06
48.0182937562 	 3.7148e-06
48.0487815618 	 3.71453e-06
48.0792693673 	 3.71426e-06
48.1097571729 	 3.71405e-06
48.1402449785 	 3.7136e-06
48.170732784 	 3.71335e-06
48.2012205896 	 3.71319e-06
48.2317083951 	 3.71293e-06
48.2621962007 	 3.71257e-06
48.2926840063 	 3.71254e-06
48.3231718118 	 3.71283e-06
48.3536596174 	 3.71264e-06
48.3841474229 	 3.71214e-06
48.4146352285 	 3.71204e-06
48.4451230341 	 3.71191e-06
48.4756108396 	 3.71177e-06
48.5060986452 	 3.71151e-06
48.5365864507 	 3.71128e-06
48.5670742563 	 3.71114e-06
48.5975620618 	 3.7111e-06
48.6280498674 	 3.71102e-06
48.658537673 	 3.71082e-06
48.6890254785 	 3.71019e-06
48.7195132841 	 3.70991e-06
48.7500010896 	 3.71e-06
48.7804888952 	 3.71007e-06
48.8109767008 	 3.71016e-06
48.8414645063 	 3.71015e-06
48.8719523119 	 3.70977e-06
48.9024401174 	 3.70945e-06
48.932927923 	 3.7095e-06
48.9634157286 	 3.70935e-06
48.9939035341 	 3.70921e-06
49.0243913397 	 3.70899e-06
49.0548791452 	 3.70891e-06
49.0853669508 	 3.70881e-06
49.1158547564 	 3.70888e-06
49.1463425619 	 3.70872e-06
49.1768303675 	 3.70835e-06
49.207318173 	 3.70836e-06
49.2378059786 	 3.70834e-06
49.2682937842 	 3.708e-06
49.2987815897 	 3.70816e-06
49.3292693953 	 3.70837e-06
49.3597572008 	 3.70799e-06
49.3902450064 	 3.70777e-06
49.420732812 	 3.70784e-06
49.4512206175 	 3.70786e-06
49.4817084231 	 3.70764e-06
49.5121962286 	 3.70782e-06
49.5426840342 	 3.70752e-06
49.5731718398 	 3.70731e-06
49.6036596453 	 3.70742e-06
49.6341474509 	 3.7076e-06
49.6646352564 	 3.70763e-06
49.695123062 	 3.70737e-06
49.7256108676 	 3.7073e-06
49.7560986731 	 3.70715e-06
49.7865864787 	 3.70719e-06
49.8170742842 	 3.70734e-06
49.8475620898 	 3.70755e-06
49.8780498953 	 3.70731e-06
49.9085377009 	 3.70718e-06
49.9390255065 	 3.70731e-06
49.969513312 	 3.70727e-06
50.0000011176 	 3.70723e-06
