0.0 	 5.54155e-06
0.0173490635384 	 2.0644e-05
0.0346981270767 	 0.000320758
0.0520471906151 	 0.000208777
0.0693962541535 	 0.000183607
0.0867453176919 	 0.00039539
0.10409438123 	 0.000660546
0.121443444769 	 0.000393267
0.138792508307 	 0.00059767
0.156141571845 	 0.00276177
0.173490635384 	 0.00401423
0.190839698922 	 0.000981051
0.20818876246 	 0.00205203
0.225537825999 	 0.00123673
0.242886889537 	 0.00474818
0.260235953076 	 0.00607845
0.277585016614 	 0.00569845
0.294934080152 	 0.00338651
0.312283143691 	 0.00520552
0.329632207229 	 0.00353835
0.346981270767 	 0.0021477
0.364330334306 	 0.00389815
0.381679397844 	 0.0104937
0.399028461383 	 0.016387
0.416377524921 	 0.0111759
0.433726588459 	 0.00813106
0.451075651998 	 0.00661518
0.468424715536 	 0.0102664
0.485773779074 	 0.0138589
0.503122842613 	 0.0333283
0.520471906151 	 0.0364584
0.53782096969 	 0.0298353
0.555170033228 	 0.0161055
0.572519096766 	 0.022958
0.589868160305 	 0.0323709
0.607217223843 	 0.0318419
0.624566287381 	 0.033354
0.64191535092 	 0.0250161
0.659264414458 	 0.0198213
0.676613477996 	 0.0192486
0.693962541535 	 0.0289739
0.711311605073 	 0.048529
0.728660668612 	 0.0358151
0.74600973215 	 0.0144158
0.763358795688 	 0.00648013
0.780707859227 	 0.00241029
0.798056922765 	 0.0154525
0.815405986303 	 0.0220906
0.832755049842 	 0.033441
0.85010411338 	 0.0201169
0.867453176919 	 0.00959092
0.884802240457 	 0.0117742
0.902151303995 	 0.0261439
0.919500367534 	 0.0265526
0.936849431072 	 0.0275745
0.95419849461 	 0.0207871
0.971547558149 	 0.0144556
0.988896621687 	 0.0154347
1.00624568523 	 0.00724119
1.02359474876 	 0.00385758
1.0409438123 	 0.00757802
1.05829287584 	 0.00463404
1.07564193938 	 0.0167695
1.09299100292 	 0.0260575
1.11034006646 	 0.0355822
1.12768912999 	 0.0440378
1.14503819353 	 0.0517566
1.16238725707 	 0.0445001
1.17973632061 	 0.0216108
1.19708538415 	 0.00704489
1.21443444769 	 0.0176365
1.23178351122 	 0.00417204
1.24913257476 	 0.00697723
1.2664816383 	 0.0122168
1.28383070184 	 0.00676576
1.30117976538 	 0.0131467
1.31852882892 	 0.027014
1.33587789245 	 0.0364518
1.35322695599 	 0.0233561
1.37057601953 	 0.0161437
1.38792508307 	 0.0147552
1.40527414661 	 0.00793998
1.42262321015 	 0.00880533
1.43997227368 	 0.0167802
1.45732133722 	 0.0185725
1.47467040076 	 0.0208986
1.4920194643 	 0.0158929
1.50936852784 	 0.0166573
1.52671759138 	 0.0206758
1.54406665492 	 0.0091703
1.56141571845 	 0.00645085
1.57876478199 	 0.00844489
1.59611384553 	 0.00624531
1.61346290907 	 0.00728429
1.63081197261 	 0.0129941
1.64816103615 	 0.0189616
1.66551009968 	 0.0251059
1.68285916322 	 0.0319188
1.70020822676 	 0.0278905
1.7175572903 	 0.0215219
1.73490635384 	 0.0130897
1.75225541738 	 0.0135319
1.76960448091 	 0.0274141
1.78695354445 	 0.0374571
1.80430260799 	 0.0387324
1.82165167153 	 0.0288715
1.83900073507 	 0.00982556
1.85634979861 	 0.00800763
1.87369886214 	 0.0110264
1.89104792568 	 0.0100803
1.90839698922 	 0.017976
1.92574605276 	 0.018391
1.9430951163 	 0.00890764
1.96044417984 	 0.013866
1.97779324337 	 0.0327122
1.99514230691 	 0.0335933
2.01249137045 	 0.0342661
2.02984043399 	 0.0298077
2.04718949753 	 0.0229581
2.06453856107 	 0.0185701
2.0818876246 	 0.0195362
2.09923668814 	 0.0168258
2.11658575168 	 0.0094938
2.13393481522 	 0.0158074
2.15128387876 	 0.0110027
2.1686329423 	 0.0231764
2.18598200583 	 0.0178978
2.20333106937 	 0.00941052
2.22068013291 	 0.0124248
2.23802919645 	 0.012229
2.25537825999 	 0.0139012
2.27272732353 	 0.0143022
2.29007638707 	 0.0192142
2.3074254506 	 0.012261
2.32477451414 	 0.00980261
2.34212357768 	 0.0199862
2.35947264122 	 0.0309174
2.37682170476 	 0.0263325
2.3941707683 	 0.0189538
2.41151983183 	 0.0146334
2.42886889537 	 0.0205496
2.44621795891 	 0.0201617
2.46356702245 	 0.018112
2.48091608599 	 0.00878584
2.49826514953 	 0.00870006
2.51561421306 	 0.0183057
2.5329632766 	 0.017169
2.55031234014 	 0.0177504
2.56766140368 	 0.0262068
2.58501046722 	 0.0302509
2.60235953076 	 0.0185952
2.61970859429 	 0.0363285
2.63705765783 	 0.0249704
2.65440672137 	 0.0201049
2.67175578491 	 0.025491
2.68910484845 	 0.00670133
2.70645391199 	 0.0133195
2.72380297552 	 0.0343612
2.74115203906 	 0.0319889
2.7585011026 	 0.0331799
2.77585016614 	 0.0237048
2.79319922968 	 0.0132564
2.81054829322 	 0.0118047
2.82789735675 	 0.0165277
2.84524642029 	 0.0304903
2.86259548383 	 0.0132112
2.87994454737 	 0.0301615
2.89729361091 	 0.0829226
2.91464267445 	 0.103777
2.93199173798 	 0.0996872
2.94934080152 	 0.108376
2.96668986506 	 0.0729978
2.9840389286 	 0.018552
3.00138799214 	 0.0135489
3.01873705568 	 0.0163745
3.03608611922 	 0.027026
3.05343518275 	 0.056995
3.07078424629 	 0.0780616
3.08813330983 	 0.0726459
3.10548237337 	 0.0501239
3.12283143691 	 0.0703044
3.14018050045 	 0.0760766
3.15752956398 	 0.0598701
3.17487862752 	 0.0316041
3.19222769106 	 0.0458298
3.2095767546 	 0.0426457
3.22692581814 	 0.0148736
3.24427488168 	 0.0281107
3.26162394521 	 0.0609907
3.27897300875 	 0.0577455
3.29632207229 	 0.0462395
3.31367113583 	 0.0151166
3.33102019937 	 0.057025
3.34836926291 	 0.0555098
3.36571832644 	 0.0157072
3.38306738998 	 0.0469593
3.40041645352 	 0.0854923
3.41776551706 	 0.108977
3.4351145806 	 0.0673299
3.45246364414 	 0.0589309
3.46981270767 	 0.14449
3.48716177121 	 0.24484
3.50451083475 	 0.195214
3.52185989829 	 0.21252
3.53920896183 	 0.32432
3.55655802537 	 0.536466
3.5739070889 	 0.519149
3.59125615244 	 0.385091
3.60860521598 	 0.340194
3.62595427952 	 0.26055
3.64330334306 	 0.273308
3.6606524066 	 0.276697
3.67800147013 	 0.336315
3.69535053367 	 0.296847
3.71269959721 	 0.256758
3.73004866075 	 0.244442
3.74739772429 	 0.205618
3.76474678783 	 0.141772
3.78209585137 	 0.0908499
3.7994449149 	 0.0978642
3.81679397844 	 0.0552374
3.83414304198 	 0.0228477
3.85149210552 	 0.0754089
3.86884116906 	 0.0571497
3.8861902326 	 0.0975725
3.90353929613 	 0.114108
3.92088835967 	 0.128935
3.93823742321 	 0.103007
3.95558648675 	 0.103613
3.97293555029 	 0.0764013
3.99028461383 	 0.0943646
4.00763367736 	 0.0742965
4.0249827409 	 0.0400606
4.04233180444 	 0.0587845
4.05968086798 	 0.0520901
4.07702993152 	 0.055863
4.09437899506 	 0.0914213
4.11172805859 	 0.0582515
4.12907712213 	 0.031819
4.14642618567 	 0.0481565
4.16377524921 	 0.0740887
4.18112431275 	 0.0554728
4.19847337629 	 0.0432384
4.21582243982 	 0.0257803
4.23317150336 	 0.0262823
4.2505205669 	 0.0275991
4.26786963044 	 0.0084828
4.28521869398 	 0.00275114
4.30256775752 	 0.0144495
4.31991682105 	 0.00765178
4.33726588459 	 0.0140736
4.35461494813 	 0.0120754
4.37196401167 	 0.0108011
4.38931307521 	 0.0150185
4.40666213875 	 0.0148639
4.42401120228 	 0.0182264
4.44136026582 	 0.018024
4.45870932936 	 0.0299784
4.4760583929 	 0.0256565
4.49340745644 	 0.0161305
4.51075651998 	 0.0135045
4.52810558352 	 0.0220184
4.54545464705 	 0.0222351
4.56280371059 	 0.025559
4.58015277413 	 0.0215057
4.59750183767 	 0.020781
4.61485090121 	 0.0227331
4.63219996475 	 0.0248343
4.64954902828 	 0.0252647
4.66689809182 	 0.0147255
4.68424715536 	 0.0216453
4.7015962189 	 0.0292002
4.71894528244 	 0.0238005
4.73629434598 	 0.0231902
4.75364340951 	 0.0207514
4.77099247305 	 0.0232481
4.78834153659 	 0.0154746
4.80569060013 	 0.0126985
4.82303966367 	 0.0157858
4.84038872721 	 0.0128364
4.85773779074 	 0.0160124
4.87508685428 	 0.0111502
4.89243591782 	 0.0149813
4.90978498136 	 0.0144553
4.9271340449 	 0.0186538
4.94448310844 	 0.0164396
4.96183217197 	 0.0166983
4.97918123551 	 0.0113962
4.99653029905 	 0.0168126
5.01387936259 	 0.012378
5.03122842613 	 0.0208424
5.04857748967 	 0.0206177
5.0659265532 	 0.0140879
5.08327561674 	 0.00508354
5.10062468028 	 0.0052625
5.11797374382 	 0.000753797
5.13532280736 	 0.00547578
5.1526718709 	 0.00569847
5.17002093443 	 0.0130222
5.18736999797 	 0.0191386
5.20471906151 	 0.0130188
5.22206812505 	 0.00457709
5.23941718859 	 0.00208761
5.25676625213 	 0.007803
5.27411531566 	 0.0113117
5.2914643792 	 0.0137865
5.30881344274 	 0.0181064
5.32616250628 	 0.0147655
5.34351156982 	 0.012839
5.36086063336 	 0.0123777
5.3782096969 	 0.0149333
5.39555876043 	 0.0144398
5.41290782397 	 0.0198193
5.43025688751 	 0.0170252
5.44760595105 	 0.0112374
5.46495501459 	 0.00792098
5.48230407813 	 0.00885408
5.49965314166 	 0.014064
5.5170022052 	 0.0188293
5.53435126874 	 0.0154561
5.55170033228 	 0.0145055
5.56904939582 	 0.00865881
5.58639845936 	 0.00339136
5.60374752289 	 0.00409427
5.62109658643 	 0.00431514
5.63844564997 	 0.00718653
5.65579471351 	 0.00765634
5.67314377705 	 0.00544119
5.69049284059 	 0.00490138
5.70784190412 	 0.00591325
5.72519096766 	 0.00181748
5.7425400312 	 0.00413024
5.75988909474 	 0.00842518
5.77723815828 	 0.00695079
5.79458722182 	 0.00355231
5.81193628535 	 0.00607991
5.82928534889 	 0.00863117
5.84663441243 	 0.00917952
5.86398347597 	 0.00755608
5.88133253951 	 0.00524335
5.89868160305 	 0.00170688
5.91603066658 	 0.00279885
5.93337973012 	 0.00623852
5.95072879366 	 0.0098187
5.9680778572 	 0.00970396
5.98542692074 	 0.00903697
6.00277598428 	 0.00905289
6.02012504781 	 0.00946947
6.03747411135 	 0.0081763
6.05482317489 	 0.00786047
6.07217223843 	 0.00185287
6.08952130197 	 0.00212014
6.10687036551 	 0.00855908
6.12421942905 	 0.0108954
6.14156849258 	 0.0125178
6.15891755612 	 0.0100094
6.17626661966 	 0.0127967
6.1936156832 	 0.0136745
6.21096474674 	 0.0106154
6.22831381028 	 0.0133259
6.24566287381 	 0.0157173
6.26301193735 	 0.012533
6.28036100089 	 0.00891603
6.29771006443 	 0.00497572
6.31505912797 	 0.00333376
6.33240819151 	 0.000591261
6.34975725504 	 0.000105299
6.36710631858 	 0.00153013
6.38445538212 	 0.00374784
6.40180444566 	 0.00457247
6.4191535092 	 0.00557767
6.43650257274 	 0.0053568
6.45385163627 	 0.00389657
6.47120069981 	 0.00298764
6.48854976335 	 0.00393301
6.50589882689 	 0.0056011
6.52324789043 	 0.00849099
6.54059695397 	 0.00933072
6.5579460175 	 0.0117383
6.57529508104 	 0.0107103
6.59264414458 	 0.0132567
6.60999320812 	 0.0104579
6.62734227166 	 0.00558517
6.6446913352 	 0.00175017
6.66204039873 	 0.00383286
6.67938946227 	 0.006777
6.69673852581 	 0.00475847
6.71408758935 	 0.006449
6.73143665289 	 0.00950701
6.74878571643 	 0.00634983
6.76613477996 	 0.00234642
6.7834838435 	 0.00811963
6.80083290704 	 0.0112714
6.81818197058 	 0.0099721
6.83553103412 	 0.00644268
6.85288009766 	 0.00681969
6.8702291612 	 0.00666701
6.88757822473 	 0.00848044
6.90492728827 	 0.00499309
6.92227635181 	 0.00385174
6.93962541535 	 0.00774339
6.95697447889 	 0.00877962
6.97432354243 	 0.00548341
6.99167260596 	 0.0087924
7.0090216695 	 0.0112313
7.02637073304 	 0.0118165
7.04371979658 	 0.0109366
7.06106886012 	 0.00698076
7.07841792366 	 0.00363192
7.09576698719 	 0.00529529
7.11311605073 	 0.00470534
7.13046511427 	 0.00323278
7.14781417781 	 0.00530699
7.16516324135 	 0.00800108
7.18251230489 	 0.0100299
7.19986136842 	 0.00918761
7.21721043196 	 0.0102857
7.2345594955 	 0.00825742
7.25190855904 	 0.0087719
7.26925762258 	 0.00675996
7.28660668612 	 0.00439285
7.30395574965 	 0.00567439
7.32130481319 	 0.00702901
7.33865387673 	 0.00804562
7.35600294027 	 0.0053373
7.37335200381 	 0.00498855
7.39070106735 	 0.00875565
7.40805013088 	 0.010052
7.42539919442 	 0.0121047
7.44274825796 	 0.0114684
7.4600973215 	 0.00732696
7.47744638504 	 0.00891408
7.49479544858 	 0.00352901
7.51214451211 	 0.00262149
7.52949357565 	 0.0051115
7.54684263919 	 0.00693202
7.56419170273 	 0.00599615
7.58154076627 	 0.00741856
7.59888982981 	 0.00655434
7.61623889335 	 0.00732106
7.63358795688 	 0.00848276
7.65093702042 	 0.0104794
7.66828608396 	 0.0104471
7.6856351475 	 0.00879819
7.70298421104 	 0.00932798
7.72033327458 	 0.00750999
7.73768233811 	 0.00495772
7.75503140165 	 0.00323397
7.77238046519 	 0.00241607
7.78972952873 	 0.00405718
7.80707859227 	 0.00267136
7.82442765581 	 0.00328893
7.84177671934 	 0.00624323
7.85912578288 	 0.00666422
7.87647484642 	 0.006312
7.89382390996 	 0.00798921
7.9111729735 	 0.00505198
7.92852203704 	 0.00512971
7.94587110057 	 0.0036446
7.96322016411 	 0.00720424
7.98056922765 	 0.00934891
7.99791829119 	 0.0149155
8.01526735473 	 0.0128082
8.03261641827 	 0.0136371
8.0499654818 	 0.00711659
8.06731454534 	 0.0051041
8.08466360888 	 0.00363737
8.10201267242 	 0.00815855
8.11936173596 	 0.0141997
8.1367107995 	 0.0169824
8.15405986303 	 0.0145899
8.17140892657 	 0.00859755
8.18875799011 	 0.00882285
8.20610705365 	 0.00868152
8.22345611719 	 0.0107781
8.24080518073 	 0.00724526
8.25815424426 	 0.00952811
8.2755033078 	 0.0122072
8.29285237134 	 0.0164321
8.31020143488 	 0.020459
8.32755049842 	 0.01649
8.34489956196 	 0.0107512
8.3622486255 	 0.00238147
8.37959768903 	 0.00728619
8.39694675257 	 0.00792775
8.41429581611 	 0.00687817
8.43164487965 	 0.00723756
8.44899394319 	 0.00569377
8.46634300673 	 0.00405394
8.48369207026 	 0.00589372
8.5010411338 	 0.0105728
8.51839019734 	 0.0111229
8.53573926088 	 0.0129634
8.55308832442 	 0.0129889
8.57043738796 	 0.0129787
8.58778645149 	 0.010501
8.60513551503 	 0.00979944
8.62248457857 	 0.00890586
8.63983364211 	 0.00642529
8.65718270565 	 0.00767053
8.67453176919 	 0.0110408
8.69188083272 	 0.0134539
8.70922989626 	 0.0146459
8.7265789598 	 0.0163089
8.74392802334 	 0.0111096
8.76127708688 	 0.00670033
8.77862615042 	 0.00631273
8.79597521395 	 0.00228393
8.81332427749 	 0.00423148
8.83067334103 	 0.00680095
8.84802240457 	 0.00840677
8.86537146811 	 0.00665126
8.88272053165 	 0.00837715
8.90006959518 	 0.00566653
8.91741865872 	 0.00550182
8.93476772226 	 0.00370596
8.9521167858 	 0.00678215
8.96946584934 	 0.00592947
8.98681491288 	 0.00668977
9.00416397641 	 0.00569689
9.02151303995 	 0.0050101
9.03886210349 	 0.00172903
9.05621116703 	 0.00127939
9.07356023057 	 0.00611892
9.09090929411 	 0.0026373
9.10825835765 	 0.00286247
9.12560742118 	 0.0052735
9.14295648472 	 0.00457653
9.16030554826 	 0.00307589
9.1776546118 	 0.00120037
9.19500367534 	 0.00530473
9.21235273888 	 0.00635881
9.22970180241 	 0.00641032
9.24705086595 	 0.00382356
9.26439992949 	 0.00621898
9.28174899303 	 0.00470836
9.29909805657 	 0.00508772
9.31644712011 	 0.00821507
9.33379618364 	 0.012751
9.35114524718 	 0.0136317
9.36849431072 	 0.010352
9.38584337426 	 0.00965601
9.4031924378 	 0.00377927
9.42054150134 	 0.00755603
9.43789056487 	 0.0128823
9.45523962841 	 0.0143188
9.47258869195 	 0.0191171
9.48993775549 	 0.0193022
9.50728681903 	 0.0191127
9.52463588257 	 0.0222529
9.5419849461 	 0.0199873
9.55933400964 	 0.0190052
9.57668307318 	 0.0196497
9.59403213672 	 0.0218079
9.61138120026 	 0.0230828
9.6287302638 	 0.0233945
9.64607932733 	 0.0239163
9.66342839087 	 0.0185375
9.68077745441 	 0.0110364
9.69812651795 	 0.010635
9.71547558149 	 0.0169524
9.73282464503 	 0.0238974
9.75017370856 	 0.0213907
9.7675227721 	 0.0238584
9.78487183564 	 0.0197468
9.80222089918 	 0.0172316
9.81956996272 	 0.02092
9.83691902626 	 0.0168578
9.8542680898 	 0.014438
9.87161715333 	 0.0120372
9.88896621687 	 0.0107243
9.90631528041 	 0.00874129
9.92366434395 	 0.00971729
9.94101340749 	 0.00924028
9.95836247103 	 0.00804153
9.97571153456 	 0.0058246
9.9930605981 	 0.00253212
10.0104096616 	 0.0078011
10.0277587252 	 0.00437625
10.0451077887 	 0.00395469
10.0624568523 	 0.00209355
10.0798059158 	 0.00291684
10.0971549793 	 0.0056629
10.1145040429 	 0.00852297
10.1318531064 	 0.0122478
10.1492021699 	 0.0144234
10.1665512335 	 0.0174269
10.183900297 	 0.0123886
10.2012493606 	 0.0107054
10.2185984241 	 0.00827306
10.2359474876 	 0.00414578
10.2532965512 	 0.0140085
10.2706456147 	 0.011731
10.2879946783 	 0.010414
10.3053437418 	 0.0140242
10.3226928053 	 0.0140391
10.3400418689 	 0.0170738
10.3573909324 	 0.0140654
10.3747399959 	 0.00923294
10.3920890595 	 0.00830381
10.409438123 	 0.0114396
10.4267871866 	 0.0130614
10.4441362501 	 0.0130271
10.4614853136 	 0.00911332
10.4788343772 	 0.0141711
10.4961834407 	 0.007972
10.5135325043 	 0.0115211
10.5308815678 	 0.0147166
10.5482306313 	 0.0141854
10.5655796949 	 0.0178836
10.5829287584 	 0.0147941
10.6002778219 	 0.014215
10.6176268855 	 0.00182984
10.634975949 	 0.000823216
10.6523250126 	 0.00950865
10.6696740761 	 0.0058198
10.6870231396 	 0.00936014
10.7043722032 	 0.0128786
10.7217212667 	 0.00989046
10.7390703303 	 0.00619336
10.7564193938 	 0.00700763
10.7737684573 	 0.0211529
10.7911175209 	 0.0268402
10.8084665844 	 0.0294887
10.8258156479 	 0.0258328
10.8431647115 	 0.0201264
10.860513775 	 0.0129136
10.8778628386 	 0.00979966
10.8952119021 	 0.0133847
10.9125609656 	 0.0204122
10.9299100292 	 0.0171277
10.9472590927 	 0.0173846
10.9646081563 	 0.014496
10.9819572198 	 0.0147516
10.9993062833 	 0.0119702
11.0166553469 	 0.00807148
11.0340044104 	 0.00893723
11.0513534739 	 0.0144932
11.0687025375 	 0.0129078
11.086051601 	 0.0115595
11.1034006646 	 0.00924264
11.1207497281 	 0.0124399
11.1380987916 	 0.0103704
11.1554478552 	 0.00682278
11.1727969187 	 0.00548577
11.1901459822 	 0.012282
11.2074950458 	 0.0197807
11.2248441093 	 0.0201361
11.2421931729 	 0.0204215
11.2595422364 	 0.0178373
11.2768912999 	 0.0157264
11.2942403635 	 0.00773241
11.311589427 	 0.00294968
11.3289384906 	 0.00136378
11.3462875541 	 0.0082617
11.3636366176 	 0.00942252
11.3809856812 	 0.0136182
11.3983347447 	 0.0100624
11.4156838082 	 0.0149108
11.4330328718 	 0.0223149
11.4503819353 	 0.0227309
11.4677309989 	 0.0230904
11.4850800624 	 0.0199053
11.5024291259 	 0.0170579
11.5197781895 	 0.0105439
11.537127253 	 0.00946579
11.5544763166 	 0.00666133
11.5718253801 	 0.00595963
11.5891744436 	 0.00941591
11.6065235072 	 0.00904609
11.6238725707 	 0.0108748
11.6412216342 	 0.0145907
11.6585706978 	 0.0151329
11.6759197613 	 0.013177
11.6932688249 	 0.00618542
11.7106178884 	 0.00392695
11.7279669519 	 0.00140954
11.7453160155 	 0.00250611
11.762665079 	 0.00615991
11.7800141426 	 0.00664012
11.7973632061 	 0.00774004
11.8147122696 	 0.00555892
11.8320613332 	 0.00579481
11.8494103967 	 0.00667493
11.8667594602 	 0.00609889
11.8841085238 	 0.00380461
11.9014575873 	 0.00386061
11.9188066509 	 0.000208133
11.9361557144 	 0.0035232
11.9535047779 	 0.00807359
11.9708538415 	 0.00867603
11.988202905 	 0.0113454
12.0055519686 	 0.0131149
12.0229010321 	 0.0128464
12.0402500956 	 0.00989974
12.0575991592 	 0.00548865
12.0749482227 	 0.00402918
12.0922972862 	 0.00163541
12.1096463498 	 0.00638835
12.1269954133 	 0.00421009
12.1443444769 	 0.00404333
12.1616935404 	 0.0050529
12.1790426039 	 0.00456335
12.1963916675 	 0.00501079
12.213740731 	 0.00252307
12.2310897946 	 0.00388529
12.2484388581 	 0.00383169
12.2657879216 	 0.00568561
12.2831369852 	 0.00465814
12.3004860487 	 0.00452996
12.3178351122 	 0.00233443
12.3351841758 	 0.00233876
12.3525332393 	 0.000918414
12.3698823029 	 0.00325606
12.3872313664 	 0.00224979
12.4045804299 	 0.00251444
12.4219294935 	 0.00232046
12.439278557 	 0.00211074
12.4566276206 	 0.00260997
12.4739766841 	 0.00403194
12.4913257476 	 0.00381104
12.5086748112 	 0.00439455
12.5260238747 	 0.00334294
12.5433729382 	 0.00277665
12.5607220018 	 0.00217868
12.5780710653 	 0.000900006
12.5954201289 	 0.000518161
12.6127691924 	 0.000587517
12.6301182559 	 0.00230995
12.6474673195 	 0.00209475
12.664816383 	 0.000904661
12.6821654465 	 0.0014916
12.6995145101 	 0.00148499
12.7168635736 	 0.0015983
12.7342126372 	 0.00157708
12.7515617007 	 0.00170373
12.7689107642 	 0.00307
12.7862598278 	 0.00206486
12.8036088913 	 0.00123759
12.8209579549 	 0.00216355
12.8383070184 	 0.00132759
12.8556560819 	 0.00204294
12.8730051455 	 0.000944582
12.890354209 	 0.00133327
12.9077032725 	 0.00131475
12.9250523361 	 0.000737211
12.9424013996 	 0.000730849
12.9597504632 	 0.000474563
12.9770995267 	 0.000983987
12.9944485902 	 0.00156868
13.0117976538 	 0.00131125
13.0291467173 	 0.00106693
13.0464957809 	 0.000738536
13.0638448444 	 0.000902145
13.0811939079 	 0.000563985
13.0985429715 	 0.00100597
13.115892035 	 0.00185959
13.1332410985 	 0.0018963
13.1505901621 	 0.0020471
13.1679392256 	 0.00168626
13.1852882892 	 0.00227626
13.2026373527 	 0.00144022
13.2199864162 	 0.00167712
13.2373354798 	 0.00152488
13.2546845433 	 0.00094764
13.2720336069 	 0.000574328
13.2893826704 	 0.00102138
13.3067317339 	 0.00121893
13.3240807975 	 0.00187021
13.341429861 	 0.00142539
13.3587789245 	 0.00232833
13.3761279881 	 0.00180707
13.3934770516 	 0.00208787
13.4108261152 	 0.000933014
13.4281751787 	 0.000531081
13.4455242422 	 0.000490116
13.4628733058 	 0.000945485
13.4802223693 	 0.000612646
13.4975714329 	 0.0010264
13.5149204964 	 0.00183322
13.5322695599 	 0.00276485
13.5496186235 	 0.0028224
13.566967687 	 0.00211759
13.5843167505 	 0.00135725
13.6016658141 	 0.000306496
13.6190148776 	 0.00110143
13.6363639412 	 0.0022955
13.6537130047 	 0.00240214
13.6710620682 	 0.00189686
13.6884111318 	 0.00185067
13.7057601953 	 0.00143886
13.7231092589 	 0.00197058
13.7404583224 	 0.00173755
13.7578073859 	 0.00154332
13.7751564495 	 0.000646194
13.792505513 	 0.000638598
13.8098545765 	 0.000705286
13.8272036401 	 0.0011064
13.8445527036 	 0.000916798
13.8619017672 	 0.000886219
13.8792508307 	 0.000841488
13.8965998942 	 0.000933546
13.9139489578 	 0.00101924
13.9312980213 	 0.000723861
13.9486470849 	 0.00101529
13.9659961484 	 0.000785629
13.9833452119 	 0.000424985
14.0006942755 	 0.000297735
14.018043339 	 0.000903858
14.0353924025 	 0.0012362
14.0527414661 	 0.00113968
14.0700905296 	 0.000449913
14.0874395932 	 0.000217916
14.1047886567 	 0.000195372
14.1221377202 	 0.000599645
14.1394867838 	 0.000934137
14.1568358473 	 0.00147143
14.1741849108 	 0.00117093
14.1915339744 	 0.00103608
14.2088830379 	 0.000727495
14.2262321015 	 0.00103222
14.243581165 	 0.0011292
14.2609302285 	 0.0015591
14.2782792921 	 0.00181563
14.2956283556 	 0.00132277
14.3129774192 	 0.00141022
14.3303264827 	 0.00167988
14.3476755462 	 0.0015755
14.3650246098 	 0.00139121
14.3823736733 	 0.00153856
14.3997227368 	 0.00161724
14.4170718004 	 0.00159971
14.4344208639 	 0.00126053
14.4517699275 	 0.000883141
14.469118991 	 0.000389528
14.4864680545 	 0.000346382
14.5038171181 	 0.000636807
14.5211661816 	 0.000701124
14.5385152452 	 0.000751778
14.5558643087 	 0.000832689
14.5732133722 	 0.00100465
14.5905624358 	 0.000823683
14.6079114993 	 0.000749228
14.6252605628 	 0.000422559
14.6426096264 	 0.000659016
14.6599586899 	 0.000288682
14.6773077535 	 0.000378314
14.694656817 	 0.000357704
14.7120058805 	 0.000141636
14.7293549441 	 0.000442188
14.7467040076 	 0.000483048
14.7640530712 	 0.000703165
14.7814021347 	 0.000510775
14.7987511982 	 0.000507614
14.8161002618 	 0.000234108
14.8334493253 	 3.69802e-05
14.8507983888 	 0.000339013
14.8681474524 	 0.000416809
14.8854965159 	 0.00033851
14.9028455795 	 0.000586101
14.920194643 	 0.000100002
14.9375437065 	 0.000342238
14.9548927701 	 0.000595668
14.9722418336 	 0.000738442
14.9895908972 	 0.00039263
15.0069399607 	 0.000684472
15.0242890242 	 0.000531652
15.0416380878 	 0.000502677
15.0589871513 	 0.00064604
15.0763362148 	 0.000319936
15.0936852784 	 0.000123524
15.1110343419 	 0.000446582
15.1283834055 	 0.000496521
15.145732469 	 0.000703884
15.1630815325 	 0.000677784
15.1804305961 	 0.000512882
15.1977796596 	 0.000485722
15.2151287232 	 0.000187564
15.2324777867 	 0.000236576
15.2498268502 	 0.000544432
15.2671759138 	 0.000242176
15.2845249773 	 0.000356977
15.3018740408 	 0.000543923
15.3192231044 	 0.000655942
15.3365721679 	 0.000697356
15.3539212315 	 0.000547701
15.371270295 	 0.000255854
15.3886193585 	 0.000425752
15.4059684221 	 0.000402373
15.4233174856 	 0.000414302
15.4406665492 	 0.000465869
15.4580156127 	 0.000553097
15.4753646762 	 0.000444909
15.4927137398 	 0.000144878
15.5100628033 	 0.000174704
15.5274118668 	 0.000236903
15.5447609304 	 5.24217e-05
15.5621099939 	 0.000157337
15.5794590575 	 0.000326198
15.596808121 	 0.000214557
15.6141571845 	 0.000546726
15.6315062481 	 0.00073828
15.6488553116 	 0.000817814
15.6662043751 	 0.000787225
15.6835534387 	 0.000701903
15.7009025022 	 0.000602168
15.7182515658 	 0.000517597
15.7356006293 	 0.000204534
15.7529496928 	 0.000445493
15.7702987564 	 0.000569099
15.7876478199 	 0.000160556
15.8049968835 	 0.000343547
15.822345947 	 0.000737604
15.8396950105 	 0.000953675
15.8570440741 	 0.000995105
15.8743931376 	 0.000762733
15.8917422011 	 0.000529044
15.9090912647 	 0.000501157
15.9264403282 	 0.00104508
15.9437893918 	 0.00142601
15.9611384553 	 0.00133658
15.9784875188 	 0.00122226
15.9958365824 	 0.00101856
16.0131856459 	 0.000520398
16.0305347095 	 0.000291177
16.047883773 	 0.000778301
16.0652328365 	 0.000913306
16.0825819001 	 0.000853514
16.0999309636 	 0.000751858
16.1172800271 	 0.000439218
16.1346290907 	 0.000450754
16.1519781542 	 0.000559138
16.1693272178 	 0.000291595
16.1866762813 	 0.000293558
16.2040253448 	 0.000184454
16.2213744084 	 0.000160735
16.2387234719 	 0.000417502
16.2560725355 	 0.000586344
16.273421599 	 0.00082359
16.2907706625 	 0.00089647
16.3081197261 	 0.000887249
16.3254687896 	 0.000405675
16.3428178531 	 0.000589311
16.3601669167 	 0.000788101
16.3775159802 	 0.000766914
16.3948650438 	 0.00113081
16.4122141073 	 0.000894725
16.4295631708 	 0.000823865
16.4469122344 	 0.00080079
16.4642612979 	 0.000716269
16.4816103615 	 0.000680738
16.498959425 	 0.000343588
16.5163084885 	 0.000471812
16.5336575521 	 0.000694394
16.5510066156 	 0.000517437
16.5683556791 	 0.000682984
16.5857047427 	 0.000488853
16.6030538062 	 0.000219459
16.6204028698 	 0.000393459
16.6377519333 	 0.000546266
16.6551009968 	 0.000587842
16.6724500604 	 0.000451894
16.6897991239 	 0.000396919
16.7071481875 	 0.00024179
16.724497251 	 0.000298395
16.7418463145 	 0.000677641
16.7591953781 	 0.000921644
16.7765444416 	 0.000820637
16.7938935051 	 0.00112737
16.8112425687 	 0.000704327
16.8285916322 	 0.00035729
16.8459406958 	 0.000511801
16.8632897593 	 0.000622471
16.8806388228 	 0.000556061
16.8979878864 	 0.000727545
16.9153369499 	 0.000421681
16.9326860135 	 0.000335394
16.950035077 	 0.000216977
16.9673841405 	 7.10217e-05
16.9847332041 	 0.000284636
17.0020822676 	 0.000241796
17.0194313311 	 0.000432081
17.0367803947 	 0.000421114
17.0541294582 	 0.000558367
17.0714785218 	 0.000664456
17.0888275853 	 0.000819216
17.1061766488 	 0.000701455
17.1235257124 	 0.000865148
17.1408747759 	 0.000484339
17.1582238394 	 0.000323131
17.175572903 	 0.000196768
17.1929219665 	 0.00019578
17.2102710301 	 0.000109216
17.2276200936 	 0.00013069
17.2449691571 	 0.000312615
17.2623182207 	 0.000230119
17.2796672842 	 0.000227023
17.2970163478 	 0.000428913
17.3143654113 	 0.000460091
17.3317144748 	 0.000463722
17.3490635384 	 0.000372927
17.3664126019 	 0.000173575
17.3837616654 	 0.000389792
17.401110729 	 0.000256344
17.4184597925 	 0.000185376
17.4358088561 	 0.000121686
17.4531579196 	 0.000166155
17.4705069831 	 0.000340543
17.4878560467 	 0.000472903
17.5052051102 	 0.00037071
17.5225541738 	 0.000365473
17.5399032373 	 5.29805e-05
17.5572523008 	 0.000233454
17.5746013644 	 0.000227717
17.5919504279 	 0.000289333
17.6092994914 	 0.000243138
17.626648555 	 8.89555e-05
17.6439976185 	 0.000223442
17.6613466821 	 0.0003795
17.6786957456 	 0.000523617
17.6960448091 	 0.000505073
17.7133938727 	 0.000539836
17.7307429362 	 0.000318833
17.7480919998 	 0.000118391
17.7654410633 	 0.000227695
17.7827901268 	 0.000323282
17.8001391904 	 0.000680266
17.8174882539 	 0.000905326
17.8348373174 	 0.000765645
17.852186381 	 0.000566295
17.8695354445 	 0.000586186
17.8868845081 	 0.000500885
17.9042335716 	 0.000670193
17.9215826351 	 0.000449777
17.9389316987 	 0.000237645
17.9562807622 	 0.000282013
17.9736298258 	 0.000269073
17.9909788893 	 0.00024703
18.0083279528 	 0.000262269
18.0256770164 	 0.000174522
18.0430260799 	 0.000260666
18.0603751434 	 5.63252e-05
18.077724207 	 0.000267068
18.0950732705 	 0.000301247
18.1124223341 	 0.000352461
18.1297713976 	 0.00034331
18.1471204611 	 0.00042586
18.1644695247 	 0.00041908
18.1818185882 	 0.000574748
18.1991676518 	 0.000663785
18.2165167153 	 0.000787842
18.2338657788 	 0.000953763
18.2512148424 	 0.000828832
18.2685639059 	 0.000920687
18.2859129694 	 0.00101017
18.303262033 	 0.00101872
18.3206110965 	 0.000801506
18.3379601601 	 0.000698762
18.3553092236 	 0.000439355
18.3726582871 	 0.000143551
18.3900073507 	 0.000448371
18.4073564142 	 0.000344449
18.4247054778 	 0.00035684
18.4420545413 	 0.000321605
18.4594036048 	 0.000108185
18.4767526684 	 0.000108236
18.4941017319 	 0.000216318
18.5114507954 	 0.000134684
18.528799859 	 0.000253282
18.5461489225 	 0.000201133
18.5634979861 	 0.000170747
18.5808470496 	 7.03426e-05
18.5981961131 	 9.56819e-05
18.6155451767 	 0.000200411
18.6328942402 	 0.000321776
18.6502433037 	 0.000263321
18.6675923673 	 0.000307563
18.6849414308 	 0.000153189
18.7022904944 	 0.000152006
18.7196395579 	 7.19174e-05
18.7369886214 	 7.19249e-05
18.754337685 	 8.59765e-05
18.7716867485 	 0.000156604
18.7890358121 	 0.000223452
18.8063848756 	 0.000401332
18.8237339391 	 0.000355129
18.8410830027 	 0.000467825
18.8584320662 	 0.000347061
18.8757811297 	 0.000374878
18.8931301933 	 0.000254197
18.9104792568 	 0.000213907
18.9278283204 	 0.000286835
18.9451773839 	 0.00028639
18.9625264474 	 0.000253103
18.979875511 	 0.000232998
18.9972245745 	 0.000151691
19.0145736381 	 0.000281578
19.0319227016 	 0.000184844
19.0492717651 	 0.000126514
19.0666208287 	 0.000136387
19.0839698922 	 1.79009e-05
19.1013189557 	 0.000124868
19.1186680193 	 0.000133951
19.1360170828 	 7.88017e-05
19.1533661464 	 0.000304599
19.1707152099 	 8.66811e-05
19.1880642734 	 0.000165019
19.205413337 	 0.000123795
19.2227624005 	 0.000128091
19.2401114641 	 0.000202332
19.2574605276 	 0.000154238
19.2748095911 	 7.08799e-05
19.2921586547 	 9.56556e-05
19.3095077182 	 0.000165863
19.3268567817 	 0.000194697
19.3442058453 	 0.000262065
19.3615549088 	 0.000228154
19.3789039724 	 0.000238448
19.3962530359 	 0.000127994
19.4136020994 	 0.000175189
19.430951163 	 0.000136294
19.4483002265 	 0.000216277
19.4656492901 	 0.000355503
19.4829983536 	 0.000326299
19.5003474171 	 0.000294188
19.5176964807 	 0.000383068
19.5350455442 	 0.000255352
19.5523946077 	 0.000304705
19.5697436713 	 0.000371491
19.5870927348 	 0.000244406
19.6044417984 	 0.000385048
19.6217908619 	 0.000300073
19.6391399254 	 0.000207943
19.656488989 	 0.000175823
19.6738380525 	 0.000241181
19.6911871161 	 0.000188555
19.7085361796 	 0.0002529
19.7258852431 	 0.000186041
19.7432343067 	 0.0002625
19.7605833702 	 0.000265955
19.7779324337 	 0.000220363
19.7952814973 	 0.000327655
19.8126305608 	 0.000298195
19.8299796244 	 0.000257473
19.8473286879 	 0.000431576
19.8646777514 	 0.000373244
19.882026815 	 0.00030053
19.8993758785 	 0.000273748
19.9167249421 	 0.000241183
19.9340740056 	 7.66853e-05
19.9514230691 	 0.000132551
19.9687721327 	 0.000177505
19.9861211962 	 0.000289663
20.0034702597 	 0.000294815
20.0208193233 	 0.000395584
20.0381683868 	 0.000360477
20.0555174504 	 0.000244783
20.0728665139 	 0.000120292
20.0902155774 	 0.000180345
20.107564641 	 0.000226622
20.1249137045 	 0.000166039
20.142262768 	 0.000210007
20.1596118316 	 0.000316693
20.1769608951 	 0.000348597
20.1943099587 	 0.00034121
20.2116590222 	 0.000276909
20.2290080857 	 0.000124331
20.2463571493 	 0.000113821
20.2637062128 	 0.000231869
20.2810552764 	 0.000150772
20.2984043399 	 0.000188075
20.3157534034 	 0.000187937
20.333102467 	 9.51728e-05
20.3504515305 	 0.00015824
20.367800594 	 1.57265e-05
20.3851496576 	 9.26108e-05
20.4024987211 	 0.000189944
20.4198477847 	 0.000202003
20.4371968482 	 0.000120972
20.4545459117 	 9.23145e-05
20.4718949753 	 0.000115103
20.4892440388 	 0.000207707
20.5065931024 	 0.000257955
20.5239421659 	 0.000202262
20.5412912294 	 0.000160113
20.558640293 	 2.3179e-05
20.5759893565 	 0.000137238
20.59333842 	 0.000268651
20.6106874836 	 0.000289133
20.6280365471 	 0.00036881
20.6453856107 	 0.000445366
20.6627346742 	 0.000353693
20.6800837377 	 0.000287586
20.6974328013 	 0.000302353
20.7147818648 	 0.000324348
20.7321309284 	 0.000271031
20.7494799919 	 0.000200002
20.7668290554 	 0.000107368
20.784178119 	 0.000125535
20.8015271825 	 0.000179238
20.818876246 	 0.000199269
20.8362253096 	 0.000172811
20.8535743731 	 7.21085e-05
20.8709234367 	 0.000103449
20.8882725002 	 0.000102948
20.9056215637 	 0.000168054
20.9229706273 	 0.000181878
20.9403196908 	 0.000161547
20.9576687544 	 0.000207823
20.9750178179 	 0.000185569
20.9923668814 	 0.000148073
21.009715945 	 0.000252478
21.0270650085 	 0.000248705
21.044414072 	 0.000218451
21.0617631356 	 0.000195571
21.0791121991 	 0.000201291
21.0964612627 	 0.000179083
21.1138103262 	 0.000108591
21.1311593897 	 0.000184442
21.1485084533 	 0.00011664
21.1658575168 	 0.000119122
21.1832065804 	 9.745e-06
21.2005556439 	 4.53637e-05
21.2179047074 	 6.61065e-05
21.235253771 	 0.000147393
21.2526028345 	 0.000168691
21.269951898 	 9.08985e-05
21.2873009616 	 0.000115275
21.3046500251 	 0.000153122
21.3219990887 	 0.000194658
21.3393481522 	 0.000133284
21.3566972157 	 0.000116436
21.3740462793 	 6.60788e-05
21.3913953428 	 5.53722e-05
21.4087444064 	 0.000122431
21.4260934699 	 0.000132303
21.4434425334 	 0.00012368
21.460791597 	 0.000176426
21.4781406605 	 0.000137657
21.495489724 	 0.000107639
21.5128387876 	 6.2242e-05
21.5301878511 	 5.85635e-05
21.5475369147 	 3.6327e-05
21.5648859782 	 3.24266e-05
21.5822350417 	 9.20793e-05
21.5995841053 	 0.000135823
21.6169331688 	 0.000178138
21.6342822323 	 0.000189083
21.6516312959 	 0.000155548
21.6689803594 	 0.000149672
21.686329423 	 0.000171996
21.7036784865 	 0.000151134
21.72102755 	 0.000114636
21.7383766136 	 0.000116102
21.7557256771 	 0.000116303
21.7730747407 	 0.00016824
21.7904238042 	 0.000224655
21.8077728677 	 0.000230982
21.8251219313 	 0.000186305
21.8424709948 	 0.000217772
21.8598200583 	 0.000152116
21.8771691219 	 0.000135026
21.8945181854 	 3.29564e-05
21.911867249 	 0.000101758
21.9292163125 	 0.000151766
21.946565376 	 0.000120112
21.9639144396 	 0.000112521
21.9812635031 	 0.000111073
21.9986125667 	 6.58435e-05
22.0159616302 	 6.28673e-05
22.0333106937 	 5.25681e-05
22.0506597573 	 4.8432e-05
22.0680088208 	 0.000107118
22.0853578843 	 0.000122757
22.1027069479 	 0.000114565
22.1200560114 	 0.000159855
22.137405075 	 0.000113409
22.1547541385 	 0.000111969
22.172103202 	 0.000101928
22.1894522656 	 0.000176395
22.2068013291 	 0.000137702
22.2241503927 	 0.000155817
22.2414994562 	 0.000160267
22.2588485197 	 0.000175628
22.2761975833 	 0.000164945
22.2935466468 	 0.000137119
22.3108957103 	 5.84519e-05
22.3282447739 	 0.000106145
22.3455938374 	 4.4514e-05
22.362942901 	 5.32621e-05
22.3802919645 	 6.80208e-05
22.397641028 	 7.03064e-05
22.4149900916 	 0.000101213
22.4323391551 	 8.75901e-05
22.4496882187 	 0.000102911
22.4670372822 	 0.000119571
22.4843863457 	 0.000143833
22.5017354093 	 0.000135322
22.5190844728 	 0.000118422
22.5364335363 	 0.000157499
22.5537825999 	 0.000134354
22.5711316634 	 0.000132552
22.588480727 	 0.000100797
22.6058297905 	 9.39607e-05
22.623178854 	 8.99041e-05
22.6405279176 	 0.000110169
22.6578769811 	 8.43665e-05
22.6752260447 	 6.75255e-05
22.6925751082 	 5.10939e-05
22.7099241717 	 9.5389e-05
22.7272732353 	 4.44966e-05
22.7446222988 	 7.0493e-05
22.7619713623 	 9.03212e-05
22.7793204259 	 0.000113568
22.7966694894 	 9.40607e-05
22.814018553 	 7.89466e-05
22.8313676165 	 9.39229e-05
22.84871668 	 9.12396e-05
22.8660657436 	 9.29431e-05
22.8834148071 	 8.97413e-05
22.9007638707 	 9.01987e-05
22.9181129342 	 7.97963e-05
22.9354619977 	 2.99631e-05
22.9528110613 	 5.28287e-05
22.9701601248 	 7.16662e-05
22.9875091883 	 1.73197e-05
23.0048582519 	 1.4609e-05
23.0222073154 	 1.69486e-05
23.039556379 	 4.13322e-05
23.0569054425 	 5.11916e-05
23.074254506 	 2.75628e-05
23.0916035696 	 8.7808e-05
23.1089526331 	 7.52493e-05
23.1263016966 	 0.000109152
23.1436507602 	 8.4493e-05
23.1609998237 	 0.00011844
23.1783488873 	 9.57363e-05
23.1956979508 	 0.000111619
23.2130470143 	 9.59038e-05
23.2303960779 	 0.000114548
23.2477451414 	 0.000126807
23.265094205 	 8.97572e-05
23.2824432685 	 7.86039e-05
23.299792332 	 4.3401e-05
23.3171413956 	 9.64756e-06
23.3344904591 	 3.16987e-05
23.3518395226 	 7.55148e-05
23.3691885862 	 5.72131e-05
23.3865376497 	 3.14664e-05
23.4038867133 	 1.1538e-05
23.4212357768 	 8.95074e-05
23.4385848403 	 9.72876e-05
23.4559339039 	 0.000105035
23.4732829674 	 4.72521e-05
23.490632031 	 8.9004e-05
23.5079810945 	 4.84911e-05
23.525330158 	 5.96886e-05
23.5426792216 	 3.71073e-05
23.5600282851 	 6.30996e-05
23.5773773486 	 5.68318e-05
23.5947264122 	 2.75622e-05
23.6120754757 	 1.03971e-05
23.6294245393 	 3.17839e-05
23.6467736028 	 3.53221e-05
23.6641226663 	 2.18452e-05
23.6814717299 	 3.52919e-05
23.6988207934 	 9.48195e-05
23.716169857 	 8.98897e-05
23.7335189205 	 0.000117319
23.750867984 	 9.60151e-05
23.7682170476 	 9.56053e-05
23.7855661111 	 8.18348e-05
23.8029151746 	 8.59522e-05
23.8202642382 	 1.69816e-05
23.8376133017 	 1.64913e-05
23.8549623653 	 2.57033e-05
23.8723114288 	 2.27104e-05
23.8896604923 	 4.74827e-05
23.9070095559 	 5.07588e-05
23.9243586194 	 4.39009e-05
23.941707683 	 4.15553e-06
23.9590567465 	 1.3377e-05
23.97640581 	 4.36247e-05
23.9937548736 	 4.57347e-05
24.0111039371 	 5.40195e-05
24.0284530006 	 4.59702e-05
24.0458020642 	 6.89996e-05
24.0631511277 	 2.52699e-05
24.0805001913 	 3.25335e-05
24.0978492548 	 6.05975e-05
24.1151983183 	 7.01268e-05
24.1325473819 	 8.37198e-05
24.1498964454 	 6.00813e-05
24.167245509 	 5.73812e-05
24.1845945725 	 7.67232e-05
24.201943636 	 7.90472e-05
24.2192926996 	 8.34071e-05
24.2366417631 	 6.33842e-05
24.2539908266 	 6.25638e-05
24.2713398902 	 6.92096e-05
24.2886889537 	 6.96878e-05
24.3060380173 	 4.2281e-05
24.3233870808 	 4.76883e-05
24.3407361443 	 3.45841e-05
24.3580852079 	 4.50306e-05
24.3754342714 	 4.45114e-05
24.392783335 	 4.98291e-05
24.4101323985 	 5.70651e-05
24.427481462 	 6.43451e-05
24.4448305256 	 6.02307e-05
24.4621795891 	 7.8916e-05
24.4795286526 	 5.67168e-05
24.4968777162 	 4.30722e-05
24.5142267797 	 3.05312e-05
24.5315758433 	 8.74441e-06
24.5489249068 	 2.36685e-05
24.5662739703 	 3.15484e-05
24.5836230339 	 2.24535e-05
24.6009720974 	 4.71545e-05
24.6183211609 	 3.2557e-05
24.6356702245 	 3.2447e-05
24.653019288 	 2.56866e-05
24.6703683516 	 2.36469e-05
24.6877174151 	 2.66627e-05
24.7050664786 	 2.58812e-05
24.7224155422 	 3.04363e-05
24.7397646057 	 4.74631e-05
24.7571136693 	 4.71967e-05
24.7744627328 	 3.67902e-05
24.7918117963 	 3.92344e-05
24.8091608599 	 4.22329e-05
24.8265099234 	 2.51279e-05
24.8438589869 	 2.00825e-05
24.8612080505 	 1.80941e-05
24.878557114 	 1.4627e-05
24.8959061776 	 2.78574e-05
24.9132552411 	 2.06497e-05
24.9306043046 	 2.67038e-05
24.9479533682 	 2.51286e-05
24.9653024317 	 1.72564e-05
24.9826514953 	 2.477e-05
25.0000005588 	 1.24673e-05
25.0173496223 	 1.59883e-05
25.0346986859 	 1.82284e-05
25.0520477494 	 2.6626e-05
25.0693968129 	 2.53101e-05
25.0867458765 	 3.18987e-05
25.10409494 	 3.22179e-05
25.1214440036 	 3.93115e-05
25.1387930671 	 4.41242e-05
25.1561421306 	 1.98769e-05
25.1734911942 	 1.67533e-05
25.1908402577 	 2.02523e-05
25.2081893213 	 3.60228e-05
25.2255383848 	 2.33346e-05
25.2428874483 	 1.3429e-05
25.2602365119 	 1.73434e-05
25.2775855754 	 2.4365e-06
25.2949346389 	 8.94189e-06
25.3122837025 	 4.43559e-06
25.329632766 	 2.60326e-05
25.3469818296 	 2.22259e-05
25.3643308931 	 2.60766e-05
25.3816799566 	 3.02226e-05
25.3990290202 	 2.91108e-05
25.4163780837 	 3.13124e-05
25.4337271473 	 4.29726e-05
25.4510762108 	 2.99335e-05
25.4684252743 	 2.42022e-05
25.4857743379 	 2.63871e-05
25.5031234014 	 3.30276e-05
25.5204724649 	 3.51657e-05
25.5378215285 	 4.40075e-05
25.555170592 	 2.54238e-05
25.5725196556 	 1.16744e-05
25.5898687191 	 9.13016e-06
25.6072177826 	 4.54796e-06
25.6245668462 	 1.04436e-05
25.6419159097 	 1.71545e-05
25.6592649733 	 2.2269e-05
25.6766140368 	 2.58177e-05
25.6939631003 	 2.05165e-05
25.7113121639 	 9.9417e-06
25.7286612274 	 1.71718e-05
25.7460102909 	 2.56377e-05
25.7633593545 	 2.43428e-05
25.780708418 	 3.61362e-05
25.7980574816 	 3.37972e-05
25.8154065451 	 4.273e-05
25.8327556086 	 3.13857e-05
25.8501046722 	 1.90613e-05
25.8674537357 	 9.46474e-06
25.8848027993 	 1.34608e-05
25.9021518628 	 8.001e-06
25.9195009263 	 1.21386e-05
25.9368499899 	 2.64929e-05
25.9541990534 	 3.34165e-05
25.9715481169 	 2.87309e-05
25.9888971805 	 1.62854e-05
26.006246244 	 1.49009e-05
26.0235953076 	 3.24743e-05
26.0409443711 	 2.39423e-05
26.0582934346 	 1.97997e-05
26.0756424982 	 1.42607e-05
26.0929915617 	 2.27114e-05
26.1103406252 	 1.88191e-05
26.1276896888 	 2.98932e-05
26.1450387523 	 1.96929e-05
26.1623878159 	 1.29124e-05
26.1797368794 	 1.98897e-05
26.1970859429 	 1.14584e-05
26.2144350065 	 1.94956e-05
26.23178407 	 2.13106e-05
26.2491331336 	 4.69136e-05
26.2664821971 	 4.98371e-05
26.2838312606 	 4.89957e-05
26.3011803242 	 2.3843e-05
26.3185293877 	 4.40981e-05
26.3358784512 	 3.81013e-05
26.3532275148 	 4.78916e-05
26.3705765783 	 6.58106e-05
26.3879256419 	 7.79334e-05
26.4052747054 	 7.6823e-05
26.4226237689 	 6.08079e-05
26.4399728325 	 3.20129e-05
26.457321896 	 2.4121e-05
26.4746709596 	 2.19595e-05
26.4920200231 	 2.41843e-05
26.5093690866 	 1.16158e-05
26.5267181502 	 1.01903e-05
26.5440672137 	 1.61843e-05
26.5614162772 	 1.06996e-05
26.5787653408 	 2.02907e-05
26.5961144043 	 6.50076e-06
26.6134634679 	 5.85556e-06
26.6308125314 	 6.37554e-06
26.6481615949 	 1.23597e-05
26.6655106585 	 2.27323e-05
26.682859722 	 2.97216e-05
26.7002087856 	 2.87867e-05
26.7175578491 	 4.53782e-05
26.7349069126 	 3.67122e-05
26.7522559762 	 4.69653e-05
26.7696050397 	 4.66007e-05
26.7869541032 	 3.67986e-05
26.8043031668 	 6.98818e-06
26.8216522303 	 1.41653e-05
26.8390012939 	 1.76838e-05
26.8563503574 	 2.05593e-06
26.8736994209 	 7.1559e-06
26.8910484845 	 8.04487e-06
26.908397548 	 1.20003e-05
26.9257466116 	 2.37332e-05
26.9430956751 	 1.62684e-05
26.9604447386 	 2.00577e-05
26.9777938022 	 1.70135e-05
26.9951428657 	 4.95959e-06
27.0124919292 	 9.99138e-06
27.0298409928 	 1.66268e-05
27.0471900563 	 2.0699e-05
27.0645391199 	 3.64082e-05
27.0818881834 	 2.59272e-05
27.0992372469 	 2.16875e-05
27.1165863105 	 1.78708e-05
27.133935374 	 9.85098e-06
27.1512844376 	 1.54719e-05
27.1686335011 	 7.1164e-06
27.1859825646 	 1.76683e-05
27.2033316282 	 3.02013e-05
27.2206806917 	 2.54643e-05
27.2380297552 	 1.42927e-05
27.2553788188 	 2.33946e-05
27.2727278823 	 1.30724e-05
27.2900769459 	 3.78154e-05
27.3074260094 	 3.74923e-05
27.3247750729 	 2.2225e-05
27.3421241365 	 8.52188e-06
27.3594732 	 7.14595e-06
27.3768222636 	 3.57029e-06
27.3941713271 	 9.68938e-06
27.4115203906 	 2.40529e-05
27.4288694542 	 1.31604e-05
27.4462185177 	 2.1952e-05
27.4635675812 	 2.97201e-05
27.4809166448 	 2.73197e-05
27.4982657083 	 1.59607e-05
27.5156147719 	 8.14121e-06
27.5329638354 	 1.40944e-05
27.5503128989 	 6.83239e-06
27.5676619625 	 1.63215e-05
27.585011026 	 1.4224e-05
27.6023600895 	 1.5112e-05
27.6197091531 	 1.77097e-05
27.6370582166 	 9.66665e-06
27.6544072802 	 1.34738e-05
27.6717563437 	 1.44653e-05
27.6891054072 	 1.34811e-05
27.7064544708 	 2.2241e-05
27.7238035343 	 2.65995e-05
27.7411525979 	 1.16183e-05
27.7585016614 	 1.67562e-05
27.7758507249 	 2.13053e-05
27.7931997885 	 2.74681e-05
27.810548852 	 1.26285e-05
27.8278979155 	 1.56382e-05
27.8452469791 	 1.1092e-05
27.8625960426 	 1.53701e-05
27.8799451062 	 1.34679e-05
27.8972941697 	 1.19791e-05
27.9146432332 	 1.70814e-05
27.9319922968 	 1.8973e-05
27.9493413603 	 2.13604e-05
27.9666904239 	 1.26472e-05
27.9840394874 	 4.28286e-06
28.0013885509 	 7.31191e-06
28.0187376145 	 1.21013e-05
28.036086678 	 1.72988e-05
28.0534357415 	 2.01941e-05
28.0707848051 	 1.84537e-05
28.0881338686 	 1.40879e-05
28.1054829322 	 1.18319e-05
28.1228319957 	 1.40104e-05
28.1401810592 	 1.04462e-05
28.1575301228 	 8.26061e-06
28.1748791863 	 7.28591e-06
28.1922282499 	 1.91798e-05
28.2095773134 	 1.7907e-05
28.2269263769 	 1.48964e-05
28.2442754405 	 1.11511e-05
28.261624504 	 4.96065e-06
28.2789735675 	 1.44585e-05
28.2963226311 	 1.83429e-05
28.3136716946 	 1.81758e-05
28.3310207582 	 2.70462e-05
28.3483698217 	 1.44398e-05
28.3657188852 	 5.61413e-06
28.3830679488 	 6.80331e-06
28.4004170123 	 2.15818e-06
28.4177660759 	 7.51845e-06
28.4351151394 	 2.8255e-05
28.4524642029 	 1.95006e-05
28.4698132665 	 2.86187e-05
28.48716233 	 2.50289e-05
28.5045113935 	 1.63007e-05
28.5218604571 	 2.12317e-05
28.5392095206 	 2.12527e-05
28.5565585842 	 1.5987e-05
28.5739076477 	 5.58776e-06
28.5912567112 	 3.23986e-06
28.6086057748 	 2.57424e-05
28.6259548383 	 1.82717e-05
28.6433039019 	 2.59714e-05
28.6606529654 	 1.9142e-05
28.6780020289 	 2.4319e-05
28.6953510925 	 1.67253e-05
28.712700156 	 4.85554e-06
28.7300492195 	 1.78218e-05
28.7473982831 	 2.96976e-05
28.7647473466 	 1.94074e-05
28.7820964102 	 1.27572e-05
28.7994454737 	 2.54805e-05
28.8167945372 	 1.72525e-05
28.8341436008 	 1.56686e-05
28.8514926643 	 1.71763e-05
28.8688417279 	 1.97393e-05
28.8861907914 	 6.02011e-06
28.9035398549 	 7.85292e-06
28.9208889185 	 1.8141e-06
28.938237982 	 1.20771e-05
28.9555870455 	 1.3532e-05
28.9729361091 	 1.30388e-05
28.9902851726 	 1.77356e-05
29.0076342362 	 2.20203e-05
29.0249832997 	 1.41541e-05
29.0423323632 	 3.90601e-06
29.0596814268 	 8.10938e-06
29.0770304903 	 7.50986e-06
29.0943795538 	 1.02153e-05
29.1117286174 	 1.46198e-05
29.1290776809 	 1.07542e-05
29.1464267445 	 5.17956e-06
29.163775808 	 7.33184e-06
29.1811248715 	 5.66343e-06
29.1984739351 	 7.12289e-06
29.2158229986 	 1.00414e-05
29.2331720622 	 9.22787e-06
29.2505211257 	 7.54118e-06
29.2678701892 	 3.21563e-06
29.2852192528 	 8.99653e-06
29.3025683163 	 8.13745e-06
29.3199173798 	 6.80244e-06
29.3372664434 	 1.52356e-05
29.3546155069 	 3.54957e-06
29.3719645705 	 4.73911e-06
29.389313634 	 1.66815e-06
29.4066626975 	 7.53901e-06
29.4240117611 	 1.12454e-05
29.4413608246 	 8.54379e-06
29.4587098882 	 1.37387e-05
29.4760589517 	 2.43263e-05
29.4934080152 	 2.18935e-05
29.5107570788 	 1.81824e-05
29.5281061423 	 1.72935e-05
29.5454552058 	 1.2617e-05
29.5628042694 	 1.15525e-05
29.5801533329 	 7.04802e-06
29.5975023965 	 2.91903e-06
29.61485146 	 8.8877e-06
29.6322005235 	 1.3428e-05
29.6495495871 	 6.08001e-06
29.6668986506 	 3.83017e-06
29.6842477142 	 9.55992e-06
29.7015967777 	 1.1413e-05
29.7189458412 	 9.84503e-06
29.7362949048 	 2.09976e-06
29.7536439683 	 6.83711e-07
29.7709930318 	 6.71179e-06
29.7883420954 	 3.68844e-06
29.8056911589 	 5.14171e-06
29.8230402225 	 1.43434e-05
29.840389286 	 1.09835e-05
29.8577383495 	 7.60542e-06
29.8750874131 	 1.43544e-05
29.8924364766 	 2.0318e-05
29.9097855402 	 1.81686e-05
29.9271346037 	 1.44855e-05
29.9444836672 	 1.19776e-05
29.9618327308 	 6.47616e-06
29.9791817943 	 1.39952e-05
29.9965308578 	 1.18368e-05
30.0138799214 	 2.08037e-05
30.0312289849 	 1.44381e-05
30.0485780485 	 8.36478e-06
30.065927112 	 6.52547e-06
30.0832761755 	 3.47339e-06
30.1006252391 	 9.5754e-06
30.1179743026 	 3.65208e-06
30.1353233662 	 8.38771e-06
30.1526724297 	 1.12729e-05
30.1700214932 	 1.07592e-05
30.1873705568 	 1.3289e-05
30.2047196203 	 9.19089e-06
30.2220686838 	 5.1773e-06
30.2394177474 	 9.07505e-06
30.2567668109 	 5.44197e-06
30.2741158745 	 6.54229e-06
30.291464938 	 3.19455e-06
30.3088140015 	 2.14143e-06
30.3261630651 	 8.67808e-06
30.3435121286 	 1.31798e-05
30.3608611922 	 1.09844e-05
30.3782102557 	 1.11946e-05
30.3955593192 	 1.55071e-05
30.4129083828 	 1.10123e-05
30.4302574463 	 2.81707e-06
30.4476065098 	 6.18949e-06
30.4649555734 	 1.32256e-05
30.4823046369 	 1.40597e-05
30.4996537005 	 1.3107e-05
30.517002764 	 1.11749e-05
30.5343518275 	 6.81444e-06
30.5517008911 	 1.44395e-05
30.5690499546 	 1.4816e-05
30.5863990181 	 1.53677e-05
30.6037480817 	 2.25596e-05
30.6210971452 	 2.13234e-05
30.6384462088 	 1.93334e-05
30.6557952723 	 1.73747e-05
30.6731443358 	 1.17247e-05
30.6904933994 	 1.2175e-05
30.7078424629 	 1.49712e-05
30.7251915265 	 9.07934e-06
30.74254059 	 7.30688e-06
30.7598896535 	 7.01631e-07
30.7772387171 	 3.16507e-06
30.7945877806 	 9.64285e-06
30.8119368441 	 1.06018e-05
30.8292859077 	 6.45614e-06
30.8466349712 	 3.934e-06
30.8639840348 	 8.80185e-06
30.8813330983 	 1.28682e-05
30.8986821618 	 1.06507e-05
30.9160312254 	 1.00042e-05
30.9333802889 	 8.37123e-06
30.9507293525 	 7.25836e-06
30.968078416 	 8.84917e-06
30.9854274795 	 8.01216e-06
31.0027765431 	 5.96899e-06
31.0201256066 	 2.7548e-06
31.0374746701 	 8.66912e-06
31.0548237337 	 7.73387e-06
31.0721727972 	 8.21091e-06
31.0895218608 	 1.01125e-05
31.1068709243 	 5.15946e-06
31.1242199878 	 9.20074e-06
31.1415690514 	 1.35203e-05
31.1589181149 	 1.21575e-05
31.1762671785 	 1.08955e-05
31.193616242 	 8.13006e-06
31.2109653055 	 1.14359e-05
31.2283143691 	 1.27343e-05
31.2456634326 	 2.10312e-05
31.2630124961 	 1.55666e-05
31.2803615597 	 1.37372e-05
31.2977106232 	 1.19798e-05
31.3150596868 	 1.32532e-05
31.3324087503 	 1.19452e-05
31.3497578138 	 8.08307e-06
31.3671068774 	 6.95113e-06
31.3844559409 	 9.37708e-06
31.4018050045 	 9.63419e-06
31.419154068 	 1.12874e-05
31.4365031315 	 9.86451e-06
31.4538521951 	 1.06643e-05
31.4712012586 	 1.35481e-05
31.4885503221 	 8.21218e-06
31.5058993857 	 4.61499e-06
31.5232484492 	 6.70209e-06
31.5405975128 	 4.86014e-06
31.5579465763 	 1.07185e-05
31.5752956398 	 8.949e-06
31.5926447034 	 7.67456e-06
31.6099937669 	 8.76183e-06
31.6273428305 	 7.63872e-06
31.644691894 	 1.15926e-05
31.6620409575 	 1.27303e-05
31.6793900211 	 1.60827e-05
31.6967390846 	 1.3226e-05
31.7140881481 	 5.95471e-06
31.7314372117 	 3.25959e-06
31.7487862752 	 5.0764e-06
31.7661353388 	 3.85296e-06
31.7834844023 	 1.59668e-06
31.8008334658 	 5.584e-06
31.8181825294 	 6.7492e-06
31.8355315929 	 6.04327e-06
31.8528806565 	 6.09934e-06
31.87022972 	 5.47864e-06
31.8875787835 	 3.63693e-06
31.9049278471 	 5.66976e-06
31.9222769106 	 4.47186e-06
31.9396259741 	 3.14159e-06
31.9569750377 	 6.07282e-06
31.9743241012 	 3.29346e-06
31.9916731648 	 1.18083e-06
32.0090222283 	 2.60641e-06
32.0263712918 	 1.86605e-06
32.0437203554 	 5.34412e-06
32.0610694189 	 7.03097e-06
32.0784184824 	 5.1259e-06
32.095767546 	 7.72308e-06
32.1131166095 	 8.38547e-06
32.1304656731 	 9.75217e-06
32.1478147366 	 4.14131e-06
32.1651638001 	 3.83532e-06
32.1825128637 	 2.98014e-06
32.1998619272 	 6.10556e-06
32.2172109908 	 6.29649e-06
32.2345600543 	 7.04768e-06
32.2519091178 	 9.92338e-06
32.2692581814 	 5.75219e-06
32.2866072449 	 3.91977e-06
32.3039563084 	 3.19182e-06
32.321305372 	 3.45107e-06
32.3386544355 	 3.42399e-06
32.3560034991 	 1.31541e-06
32.3733525626 	 4.01391e-06
32.3907016261 	 6.80461e-06
32.4080506897 	 6.82534e-06
32.4253997532 	 3.38857e-06
32.4427488168 	 2.87057e-06
32.4600978803 	 2.69933e-06
32.4774469438 	 2.1907e-06
32.4947960074 	 3.15439e-06
32.5121450709 	 3.27157e-06
32.5294941344 	 2.33481e-06
32.546843198 	 1.0395e-06
32.5641922615 	 8.21571e-06
32.5815413251 	 1.02416e-05
32.5988903886 	 1.00987e-05
32.6162394521 	 4.81101e-06
32.6335885157 	 1.47347e-06
32.6509375792 	 5.29547e-06
32.6682866428 	 4.72637e-06
32.6856357063 	 4.02659e-06
32.7029847698 	 2.46502e-06
32.7203338334 	 9.16724e-06
32.7376828969 	 9.31948e-06
32.7550319604 	 1.02436e-05
32.772381024 	 9.21265e-06
32.7897300875 	 5.88224e-06
32.8070791511 	 3.52048e-06
32.8244282146 	 3.34379e-06
32.8417772781 	 4.2983e-06
32.8591263417 	 6.8453e-06
32.8764754052 	 5.5495e-06
32.8938244688 	 3.44634e-06
32.9111735323 	 2.54124e-06
32.9285225958 	 1.66672e-06
32.9458716594 	 3.2206e-06
32.9632207229 	 3.59627e-06
32.9805697864 	 4.74645e-06
32.99791885 	 4.37016e-06
33.0152679135 	 1.02751e-06
33.0326169771 	 2.12946e-07
33.0499660406 	 1.98253e-06
33.0673151041 	 3.57646e-06
33.0846641677 	 7.82374e-06
33.1020132312 	 8.80745e-06
33.1193622948 	 1.01264e-05
33.1367113583 	 7.22511e-06
33.1540604218 	 4.61187e-06
33.1714094854 	 3.75032e-06
33.1887585489 	 9.52166e-07
33.2061076124 	 2.619e-06
33.223456676 	 2.91542e-06
33.2408057395 	 2.66809e-06
33.2581548031 	 5.32007e-06
33.2755038666 	 3.1272e-06
33.2928529301 	 4.25325e-06
33.3102019937 	 1.72701e-06
33.3275510572 	 1.00572e-06
33.3449001208 	 3.24854e-06
33.3622491843 	 3.35996e-06
33.3795982478 	 3.32304e-06
33.3969473114 	 1.6743e-06
33.4142963749 	 3.07354e-06
33.4316454384 	 2.68343e-06
33.448994502 	 8.26974e-07
33.4663435655 	 1.87479e-06
33.4836926291 	 4.77694e-06
33.5010416926 	 4.94581e-06
33.5183907561 	 4.29852e-06
33.5357398197 	 4.73703e-06
33.5530888832 	 3.59289e-06
33.5704379467 	 2.4048e-06
33.5877870103 	 1.13773e-06
33.6051360738 	 3.05581e-06
33.6224851374 	 1.69356e-06
33.6398342009 	 2.16468e-06
33.6571832644 	 1.92801e-06
33.674532328 	 1.69887e-06
33.6918813915 	 2.03521e-06
33.7092304551 	 2.53734e-06
33.7265795186 	 4.15048e-06
33.7439285821 	 4.55231e-06
33.7612776457 	 3.73355e-06
33.7786267092 	 2.52104e-06
33.7959757727 	 1.10237e-06
33.8133248363 	 1.27158e-06
33.8306738998 	 2.53149e-06
33.8480229634 	 4.38956e-06
33.8653720269 	 2.42877e-06
33.8827210904 	 2.11232e-06
33.900070154 	 2.33677e-06
33.9174192175 	 3.33983e-06
33.9347682811 	 8.64322e-07
33.9521173446 	 2.74675e-06
33.9694664081 	 2.58093e-06
33.9868154717 	 2.42914e-06
34.0041645352 	 2.9379e-06
34.0215135987 	 3.10552e-06
34.0388626623 	 5.18559e-06
34.0562117258 	 4.00951e-06
34.0735607894 	 1.93951e-06
34.0909098529 	 2.73928e-06
34.1082589164 	 2.19432e-06
34.12560798 	 1.48575e-06
34.1429570435 	 1.94765e-06
34.1603061071 	 2.0775e-06
34.1776551706 	 2.10143e-06
34.1950042341 	 1.83511e-06
34.2123532977 	 1.57546e-06
34.2297023612 	 2.26884e-06
34.2470514247 	 2.86847e-06
34.2644004883 	 1.79228e-06
34.2817495518 	 1.8674e-06
34.2990986154 	 2.09739e-06
34.3164476789 	 2.68785e-06
34.3337967424 	 2.22607e-06
34.351145806 	 1.80611e-06
34.3684948695 	 1.05526e-06
34.3858439331 	 2.67616e-06
34.4031929966 	 2.2158e-06
34.4205420601 	 3.81947e-06
34.4378911237 	 2.64984e-06
34.4552401872 	 2.5099e-06
34.4725892507 	 3.74487e-06
34.4899383143 	 4.09726e-06
34.5072873778 	 3.65964e-06
34.5246364414 	 2.38783e-06
34.5419855049 	 1.07957e-06
34.5593345684 	 1.39082e-06
34.576683632 	 3.45172e-06
34.5940326955 	 2.55666e-06
34.6113817591 	 2.43716e-06
34.6287308226 	 2.39405e-06
34.6460798861 	 1.81082e-06
34.6634289497 	 1.40404e-06
34.6807780132 	 1.43163e-06
34.6981270767 	 1.98827e-06
34.7154761403 	 1.85596e-06
34.7328252038 	 1.2568e-06
34.7501742674 	 2.10686e-06
34.7675233309 	 1.47654e-06
34.7848723944 	 1.9511e-06
34.802221458 	 1.97459e-06
34.8195705215 	 1.47212e-06
34.8369195851 	 5.47525e-07
34.8542686486 	 9.59732e-07
34.8716177121 	 4.38923e-07
34.8889667757 	 7.5091e-07
34.9063158392 	 9.60134e-07
34.9236649027 	 1.26054e-06
34.9410139663 	 1.39685e-06
34.9583630298 	 9.39683e-07
34.9757120934 	 9.94352e-07
34.9930611569 	 1.14689e-07
35.0104102204 	 1.43331e-06
35.027759284 	 8.51599e-07
35.0451083475 	 6.32803e-08
35.062457411 	 1.30226e-06
35.0798064746 	 1.81603e-06
35.0971555381 	 1.04772e-06
35.1145046017 	 1.30697e-06
35.1318536652 	 8.35048e-07
35.1492027287 	 1.60182e-06
35.1665517923 	 1.34965e-06
35.1839008558 	 1.41347e-06
35.2012499194 	 2.00219e-06
35.2185989829 	 2.15017e-06
35.2359480464 	 2.10208e-06
35.25329711 	 2.79729e-06
35.2706461735 	 1.69376e-06
35.287995237 	 7.7387e-07
35.3053443006 	 1.32547e-06
35.3226933641 	 1.28222e-06
35.3400424277 	 1.76019e-06
35.3573914912 	 1.63067e-06
35.3747405547 	 1.10156e-06
35.3920896183 	 8.0455e-07
35.4094386818 	 6.58742e-07
35.4267877454 	 2.76821e-07
35.4441368089 	 2.7822e-07
35.4614858724 	 1.43122e-06
35.478834936 	 1.65909e-06
35.4961839995 	 1.41559e-06
35.513533063 	 3.7026e-07
35.5308821266 	 6.31006e-07
35.5482311901 	 2.90398e-07
35.5655802537 	 6.86812e-07
35.5829293172 	 5.8988e-07
35.6002783807 	 5.73222e-07
35.6176274443 	 1.16949e-06
35.6349765078 	 1.29273e-06
35.6523255714 	 1.75098e-06
35.6696746349 	 1.29514e-06
35.6870236984 	 1.28776e-06
35.704372762 	 3.68728e-07
35.7217218255 	 1.0899e-06
35.739070889 	 9.13957e-07
35.7564199526 	 7.48558e-07
35.7737690161 	 2.09907e-07
35.7911180797 	 3.80752e-07
35.8084671432 	 1.09532e-06
35.8258162067 	 1.36321e-06
35.8431652703 	 1.3832e-06
35.8605143338 	 9.70857e-07
35.8778633974 	 4.02841e-07
35.8952124609 	 1.00757e-06
35.9125615244 	 1.48265e-06
35.929910588 	 1.58974e-06
35.9472596515 	 2.18012e-06
35.964608715 	 2.16957e-06
35.9819577786 	 2.0076e-06
35.9993068421 	 1.86569e-06
36.0166559057 	 1.6659e-06
36.0340049692 	 1.3682e-06
36.0513540327 	 5.95169e-07
36.0687030963 	 6.80592e-07
36.0860521598 	 1.07238e-06
36.1034012234 	 8.24795e-07
36.1207502869 	 6.24385e-07
36.1380993504 	 5.83934e-07
36.155448414 	 5.75494e-07
36.1727974775 	 6.32592e-07
36.190146541 	 7.23818e-07
36.2074956046 	 6.45975e-07
36.2248446681 	 8.17205e-07
36.2421937317 	 9.19133e-07
36.2595427952 	 1.04958e-06
36.2768918587 	 8.27693e-07
36.2942409223 	 6.78419e-07
36.3115899858 	 1.0421e-06
36.3289390494 	 8.0242e-07
36.3462881129 	 6.0182e-07
36.3636371764 	 6.8593e-08
36.38098624 	 5.58866e-07
36.3983353035 	 7.7504e-07
36.415684367 	 8.68057e-07
36.4330334306 	 1.15796e-06
36.4503824941 	 1.27151e-06
36.4677315577 	 7.93142e-07
36.4850806212 	 6.40987e-07
36.5024296847 	 8.86526e-08
36.5197787483 	 1.90899e-07
36.5371278118 	 4.69018e-07
36.5544768753 	 3.40181e-07
36.5718259389 	 1.00807e-07
36.5891750024 	 3.03326e-07
36.606524066 	 3.50013e-07
36.6238731295 	 2.41177e-07
36.641222193 	 3.34588e-07
36.6585712566 	 3.37196e-07
36.6759203201 	 5.91276e-07
36.6932693837 	 8.64881e-07
36.7106184472 	 5.25919e-07
36.7279675107 	 6.01445e-07
36.7453165743 	 6.02599e-07
36.7626656378 	 7.47313e-07
36.7800147013 	 6.30326e-07
36.7973637649 	 3.68194e-07
36.8147128284 	 4.3117e-07
36.832061892 	 4.67661e-07
36.8494109555 	 3.47884e-08
36.866760019 	 3.52267e-07
36.8841090826 	 5.3292e-07
36.9014581461 	 5.36692e-07
36.9188072097 	 5.83338e-07
36.9361562732 	 5.31721e-07
36.9535053367 	 3.92158e-07
36.9708544003 	 3.18486e-07
36.9882034638 	 4.52413e-07
37.0055525273 	 4.05022e-07
37.0229015909 	 3.48561e-07
37.0402506544 	 1.66128e-07
37.057599718 	 3.54647e-07
37.0749487815 	 4.59755e-07
37.092297845 	 4.54965e-07
37.1096469086 	 3.02485e-07
37.1269959721 	 3.65489e-07
37.1443450357 	 2.88464e-07
37.1616940992 	 1.56676e-07
37.1790431627 	 2.54334e-07
37.1963922263 	 3.62586e-07
37.2137412898 	 4.34399e-07
37.2310903533 	 2.8244e-07
37.2484394169 	 3.79675e-07
37.2657884804 	 2.69035e-07
37.283137544 	 1.63427e-07
37.3004866075 	 1.93434e-07
37.317835671 	 3.42252e-07
37.3351847346 	 2.16514e-07
37.3525337981 	 1.75141e-07
37.3698828617 	 2.07062e-07
37.3872319252 	 3.00623e-07
37.4045809887 	 2.86192e-07
37.4219300523 	 7.17717e-08
37.4392791158 	 1.21265e-07
37.4566281793 	 3.54381e-07
37.4739772429 	 1.29654e-07
37.4913263064 	 1.72579e-07
37.50867537 	 2.56693e-07
37.5260244335 	 3.41857e-07
37.543373497 	 4.35781e-07
37.5607225606 	 2.4183e-07
37.5780716241 	 1.81279e-07
37.5954206877 	 3.65959e-07
37.6127697512 	 2.54508e-07
37.6301188147 	 2.99745e-07
37.6474678783 	 2.84391e-07
37.6648169418 	 3.12688e-07
37.6821660053 	 2.37784e-07
37.6995150689 	 5.68292e-08
37.7168641324 	 1.75217e-07
37.734213196 	 2.2146e-07
37.7515622595 	 2.54897e-08
37.768911323 	 7.39717e-08
37.7862603866 	 6.23101e-08
37.8036094501 	 3.06324e-08
37.8209585137 	 1.10829e-07
37.8383075772 	 1.57475e-07
37.8556566407 	 2.83067e-07
37.8730057043 	 4.43498e-07
37.8903547678 	 4.18265e-07
37.9077038313 	 4.06465e-07
37.9250528949 	 3.5948e-07
37.9424019584 	 3.66947e-07
37.959751022 	 5.03004e-07
37.9771000855 	 4.66902e-07
37.994449149 	 3.42826e-07
38.0117982126 	 3.26561e-07
38.0291472761 	 2.99903e-07
38.0464963396 	 2.99975e-07
38.0638454032 	 2.27387e-07
38.0811944667 	 3.24853e-07
38.0985435303 	 3.27318e-07
38.1158925938 	 1.32629e-07
38.1332416573 	 2.16636e-07
38.1505907209 	 2.51586e-07
38.1679397844 	 2.17297e-07
38.185288848 	 1.95269e-07
38.2026379115 	 2.93856e-07
38.219986975 	 2.24762e-07
38.2373360386 	 2.30529e-07
38.2546851021 	 2.10449e-07
38.2720341656 	 2.15141e-07
38.2893832292 	 2.87425e-07
38.3067322927 	 2.43422e-07
38.3240813563 	 1.6379e-07
38.3414304198 	 1.375e-07
38.3587794833 	 1.24337e-07
38.3761285469 	 2.46858e-07
38.3934776104 	 2.17086e-07
38.410826674 	 1.76314e-07
38.4281757375 	 1.1997e-07
38.445524801 	 1.16765e-07
38.4628738646 	 1.82842e-07
38.4802229281 	 1.0076e-07
38.4975719916 	 1.32514e-07
38.5149210552 	 2.05186e-07
38.5322701187 	 1.98053e-07
38.5496191823 	 2.07056e-07
38.5669682458 	 1.85735e-07
38.5843173093 	 1.41831e-07
38.6016663729 	 1.53387e-07
38.6190154364 	 9.08151e-08
38.6363645 	 1.59099e-07
38.6537135635 	 2.54612e-07
38.671062627 	 2.13778e-07
38.6884116906 	 2.44016e-07
38.7057607541 	 2.62984e-07
38.7231098176 	 2.7337e-07
38.7404588812 	 2.97606e-07
38.7578079447 	 3.0395e-07
38.7751570083 	 3.04653e-07
38.7925060718 	 2.5997e-07
38.8098551353 	 1.76683e-07
38.8272041989 	 1.8476e-07
38.8445532624 	 2.47451e-07
38.861902326 	 2.72362e-07
38.8792513895 	 2.10725e-07
38.896600453 	 1.54982e-07
38.9139495166 	 1.49832e-07
38.9312985801 	 1.38582e-07
38.9486476436 	 2.06757e-07
38.9659967072 	 2.2901e-07
38.9833457707 	 2.31702e-07
39.0006948343 	 1.91734e-07
39.0180438978 	 1.56145e-07
39.0353929613 	 1.5363e-07
39.0527420249 	 2.0228e-07
39.0700910884 	 2.17902e-07
39.087440152 	 2.46302e-07
39.1047892155 	 1.78452e-07
39.122138279 	 1.93662e-07
39.1394873426 	 2.00889e-07
39.1568364061 	 1.94048e-07
39.1741854696 	 1.93993e-07
39.1915345332 	 1.82968e-07
39.2088835967 	 1.66046e-07
39.2262326603 	 1.68845e-07
39.2435817238 	 2.0392e-07
39.2609307873 	 1.90678e-07
39.2782798509 	 2.31481e-07
39.2956289144 	 2.08038e-07
39.312977978 	 2.31042e-07
39.3303270415 	 1.7576e-07
39.347676105 	 1.71008e-07
39.3650251686 	 1.8389e-07
39.3823742321 	 1.92181e-07
39.3997232956 	 2.14431e-07
39.4170723592 	 1.95328e-07
39.4344214227 	 2.21695e-07
39.4517704863 	 2.146e-07
39.4691195498 	 1.80315e-07
39.4864686133 	 2.5724e-07
39.5038176769 	 2.49156e-07
39.5211667404 	 2.18662e-07
39.5385158039 	 1.84679e-07
39.5558648675 	 2.31263e-07
39.573213931 	 2.52623e-07
39.5905629946 	 2.27642e-07
39.6079120581 	 2.2675e-07
39.6252611216 	 2.29856e-07
39.6426101852 	 1.93633e-07
39.6599592487 	 1.34787e-07
39.6773083123 	 1.72035e-07
39.6946573758 	 1.7529e-07
39.7120064393 	 1.64032e-07
39.7293555029 	 1.96294e-07
39.7467045664 	 2.07014e-07
39.7640536299 	 1.69196e-07
39.7814026935 	 1.34021e-07
39.798751757 	 1.36258e-07
39.8161008206 	 1.4994e-07
39.8334498841 	 1.51956e-07
39.8507989476 	 1.58204e-07
39.8681480112 	 1.61668e-07
39.8854970747 	 1.77332e-07
39.9028461383 	 2.04405e-07
39.9201952018 	 1.86631e-07
39.9375442653 	 1.41491e-07
39.9548933289 	 1.61464e-07
39.9722423924 	 1.82433e-07
39.9895914559 	 1.76269e-07
40.0069405195 	 1.85019e-07
40.024289583 	 1.90713e-07
40.0416386466 	 1.94418e-07
40.0589877101 	 2.42638e-07
40.0763367736 	 2.42886e-07
40.0936858372 	 2.23747e-07
40.1110349007 	 1.88894e-07
40.1283839643 	 2.01899e-07
40.1457330278 	 1.93372e-07
40.1630820913 	 1.74287e-07
40.1804311549 	 2.1251e-07
40.1977802184 	 2.15935e-07
40.2151292819 	 2.19783e-07
40.2324783455 	 1.95304e-07
40.249827409 	 1.85058e-07
40.2671764726 	 1.87575e-07
40.2845255361 	 2.12781e-07
40.3018745996 	 2.1302e-07
40.3192236632 	 2.13956e-07
40.3365727267 	 2.03521e-07
40.3539217903 	 1.88609e-07
40.3712708538 	 2.26039e-07
40.3886199173 	 1.89994e-07
40.4059689809 	 2.00389e-07
40.4233180444 	 2.15051e-07
40.4406671079 	 1.9065e-07
40.4580161715 	 1.68685e-07
40.475365235 	 1.6941e-07
40.4927142986 	 2.01244e-07
40.5100633621 	 2.17455e-07
40.5274124256 	 1.95446e-07
40.5447614892 	 1.80561e-07
40.5621105527 	 1.79964e-07
40.5794596163 	 1.91137e-07
40.5968086798 	 1.96842e-07
40.6141577433 	 1.95395e-07
40.6315068069 	 1.94107e-07
40.6488558704 	 1.89874e-07
40.6662049339 	 2.02934e-07
40.6835539975 	 1.79977e-07
40.700903061 	 1.81333e-07
40.7182521246 	 1.95372e-07
40.7356011881 	 2.04961e-07
40.7529502516 	 1.95778e-07
40.7702993152 	 1.68023e-07
40.7876483787 	 1.62048e-07
40.8049974423 	 1.76355e-07
40.8223465058 	 1.85693e-07
40.8396955693 	 1.97233e-07
40.8570446329 	 2.08887e-07
40.8743936964 	 2.06967e-07
40.8917427599 	 2.00872e-07
40.9090918235 	 1.93692e-07
40.926440887 	 1.93852e-07
40.9437899506 	 2.01999e-07
40.9611390141 	 2.03877e-07
40.9784880776 	 2.03902e-07
40.9958371412 	 1.86704e-07
41.0131862047 	 1.90703e-07
41.0305352682 	 1.80129e-07
41.0478843318 	 1.87575e-07
41.0652333953 	 1.92974e-07
41.0825824589 	 1.93354e-07
41.0999315224 	 1.8823e-07
41.1172805859 	 1.74226e-07
41.1346296495 	 1.67916e-07
41.151978713 	 1.96646e-07
41.1693277766 	 1.93403e-07
41.1866768401 	 1.96125e-07
41.2040259036 	 1.99825e-07
41.2213749672 	 1.89882e-07
41.2387240307 	 1.85117e-07
41.2560730942 	 1.88563e-07
41.2734221578 	 1.94224e-07
41.2907712213 	 1.87269e-07
41.3081202849 	 1.89113e-07
41.3254693484 	 1.89552e-07
41.3428184119 	 1.76917e-07
41.3601674755 	 1.82042e-07
41.377516539 	 1.95139e-07
41.3948656026 	 1.95465e-07
41.4122146661 	 1.84433e-07
41.4295637296 	 1.80441e-07
41.4469127932 	 1.89425e-07
41.4642618567 	 1.89274e-07
41.4816109202 	 1.82814e-07
41.4989599838 	 1.80707e-07
41.5163090473 	 1.91113e-07
41.5336581109 	 1.94532e-07
41.5510071744 	 1.92309e-07
41.5683562379 	 1.93113e-07
41.5857053015 	 1.86688e-07
41.603054365 	 1.89898e-07
41.6204034286 	 1.90684e-07
41.6377524921 	 1.82991e-07
41.6551015556 	 1.81695e-07
41.6724506192 	 1.89994e-07
41.6897996827 	 1.98279e-07
41.7071487462 	 1.95897e-07
41.7244978098 	 1.93555e-07
41.7418468733 	 1.92444e-07
41.7591959369 	 1.95517e-07
41.7765450004 	 1.91972e-07
41.7938940639 	 1.90249e-07
41.8112431275 	 1.88533e-07
41.828592191 	 1.87198e-07
41.8459412546 	 1.85501e-07
41.8632903181 	 1.87825e-07
41.8806393816 	 1.91757e-07
41.8979884452 	 1.91132e-07
41.9153375087 	 1.85381e-07
41.9326865722 	 1.84084e-07
41.9500356358 	 1.81474e-07
41.9673846993 	 1.85749e-07
41.9847337629 	 1.87742e-07
42.0020828264 	 1.87127e-07
42.0194318899 	 1.84222e-07
42.0367809535 	 1.85638e-07
42.054130017 	 1.8796e-07
42.0714790806 	 1.91996e-07
42.0888281441 	 1.88694e-07
42.1061772076 	 1.84083e-07
42.1235262712 	 1.84111e-07
42.1408753347 	 1.89161e-07
42.1582243982 	 1.88209e-07
42.1755734618 	 1.88722e-07
42.1929225253 	 1.86526e-07
42.2102715889 	 1.84992e-07
42.2276206524 	 1.8241e-07
42.2449697159 	 1.82351e-07
42.2623187795 	 1.84403e-07
42.279667843 	 1.87453e-07
42.2970169066 	 1.84952e-07
42.3143659701 	 1.85474e-07
42.3317150336 	 1.87629e-07
42.3490640972 	 1.89315e-07
42.3664131607 	 1.9109e-07
42.3837622242 	 1.90143e-07
42.4011112878 	 1.90871e-07
42.4184603513 	 1.90701e-07
42.4358094149 	 1.8806e-07
42.4531584784 	 1.87821e-07
42.4705075419 	 1.90292e-07
42.4878566055 	 1.8942e-07
42.505205669 	 1.88404e-07
42.5225547325 	 1.8536e-07
42.5399037961 	 1.8482e-07
42.5572528596 	 1.8589e-07
42.5746019232 	 1.85624e-07
42.5919509867 	 1.85886e-07
42.6093000502 	 1.85474e-07
42.6266491138 	 1.87629e-07
42.6439981773 	 1.88353e-07
42.6613472409 	 1.88838e-07
42.6786963044 	 1.88261e-07
42.6960453679 	 1.88101e-07
42.7133944315 	 1.9014e-07
42.730743495 	 1.91394e-07
42.7480925585 	 1.89195e-07
42.7654416221 	 1.87225e-07
42.7827906856 	 1.87639e-07
42.8001397492 	 1.86606e-07
42.8174888127 	 1.86949e-07
42.8348378762 	 1.85348e-07
42.8521869398 	 1.85483e-07
42.8695360033 	 1.86126e-07
42.8868850669 	 1.85525e-07
42.9042341304 	 1.86253e-07
42.9215831939 	 1.87176e-07
42.9389322575 	 1.85561e-07
42.956281321 	 1.85967e-07
42.9736303845 	 1.86009e-07
42.9909794481 	 1.86312e-07
43.0083285116 	 1.86218e-07
43.0256775752 	 1.8508e-07
43.0430266387 	 1.84848e-07
43.0603757022 	 1.85097e-07
43.0777247658 	 1.83898e-07
43.0950738293 	 1.85208e-07
43.1124228929 	 1.85249e-07
43.1297719564 	 1.85786e-07
43.1471210199 	 1.85316e-07
43.1644700835 	 1.8431e-07
43.181819147 	 1.83686e-07
43.1991682105 	 1.84919e-07
43.2165172741 	 1.85894e-07
43.2338663376 	 1.87759e-07
43.2512154012 	 1.87667e-07
43.2685644647 	 1.87619e-07
43.2859135282 	 1.86686e-07
43.3032625918 	 1.85374e-07
43.3206116553 	 1.84885e-07
43.3379607189 	 1.85879e-07
43.3553097824 	 1.85755e-07
43.3726588459 	 1.85996e-07
43.3900079095 	 1.86419e-07
43.407356973 	 1.86535e-07
43.4247060365 	 1.85785e-07
43.4420551001 	 1.85109e-07
43.4594041636 	 1.85777e-07
43.4767532272 	 1.86173e-07
43.4941022907 	 1.8613e-07
43.5114513542 	 1.85412e-07
43.5288004178 	 1.85289e-07
43.5461494813 	 1.85467e-07
43.5634985449 	 1.86012e-07
43.5808476084 	 1.86416e-07
43.5981966719 	 1.86104e-07
43.6155457355 	 1.85352e-07
43.632894799 	 1.84488e-07
43.6502438625 	 1.83775e-07
43.6675929261 	 1.83719e-07
43.6849419896 	 1.84323e-07
43.7022910532 	 1.8496e-07
43.7196401167 	 1.85047e-07
43.7369891802 	 1.84676e-07
43.7543382438 	 1.8438e-07
43.7716873073 	 1.84651e-07
43.7890363709 	 1.8506e-07
43.8063854344 	 1.84571e-07
43.8237344979 	 1.84118e-07
43.8410835615 	 1.84232e-07
43.858432625 	 1.8537e-07
43.8757816885 	 1.85072e-07
43.8931307521 	 1.84732e-07
43.9104798156 	 1.84933e-07
43.9278288792 	 1.84933e-07
43.9451779427 	 1.84503e-07
43.9625270062 	 1.83656e-07
43.9798760698 	 1.83866e-07
43.9972251333 	 1.84229e-07
44.0145741968 	 1.84322e-07
44.0319232604 	 1.85308e-07
44.0492723239 	 1.85845e-07
44.0666213875 	 1.85303e-07
44.083970451 	 1.84445e-07
44.1013195145 	 1.84108e-07
44.1186685781 	 1.8399e-07
44.1360176416 	 1.84038e-07
44.1533667052 	 1.8434e-07
44.1707157687 	 1.84836e-07
44.1880648322 	 1.84734e-07
44.2054138958 	 1.84404e-07
44.2227629593 	 1.84274e-07
44.2401120228 	 1.84566e-07
44.2574610864 	 1.84351e-07
44.2748101499 	 1.84041e-07
44.2921592135 	 1.83914e-07
44.309508277 	 1.8362e-07
44.3268573405 	 1.83908e-07
44.3442064041 	 1.84442e-07
44.3615554676 	 1.84584e-07
44.3789045312 	 1.84032e-07
44.3962535947 	 1.83145e-07
44.4136026582 	 1.83188e-07
44.4309517218 	 1.8366e-07
44.4483007853 	 1.84184e-07
44.4656498488 	 1.83983e-07
44.4829989124 	 1.83963e-07
44.5003479759 	 1.83712e-07
44.5176970395 	 1.83432e-07
44.535046103 	 1.83298e-07
44.5523951665 	 1.83451e-07
44.5697442301 	 1.83701e-07
44.5870932936 	 1.83778e-07
44.6044423572 	 1.838e-07
44.6217914207 	 1.83542e-07
44.6391404842 	 1.83692e-07
44.6564895478 	 1.83697e-07
44.6738386113 	 1.83612e-07
44.6911876748 	 1.83776e-07
44.7085367384 	 1.84114e-07
44.7258858019 	 1.83822e-07
44.7432348655 	 1.84029e-07
44.760583929 	 1.84272e-07
44.7779329925 	 1.843e-07
44.7952820561 	 1.83426e-07
44.8126311196 	 1.82768e-07
44.8299801832 	 1.83368e-07
44.8473292467 	 1.83385e-07
44.8646783102 	 1.83206e-07
44.8820273738 	 1.83522e-07
44.8993764373 	 1.83474e-07
44.9167255008 	 1.82403e-07
44.9340745644 	 1.82061e-07
44.9514236279 	 1.8265e-07
44.9687726915 	 1.83052e-07
44.986121755 	 1.82953e-07
45.0034708185 	 1.83057e-07
45.0208198821 	 1.83162e-07
45.0381689456 	 1.83162e-07
45.0555180092 	 1.83565e-07
45.0728670727 	 1.84241e-07
45.0902161362 	 1.84291e-07
45.1075651998 	 1.83352e-07
45.1249142633 	 1.82771e-07
45.1422633268 	 1.82702e-07
45.1596123904 	 1.82647e-07
45.1769614539 	 1.82621e-07
45.1943105175 	 1.82711e-07
45.211659581 	 1.82638e-07
45.2290086445 	 1.82585e-07
45.2463577081 	 1.8284e-07
45.2637067716 	 1.83054e-07
45.2810558352 	 1.83143e-07
45.2984048987 	 1.82932e-07
45.3157539622 	 1.82575e-07
45.3331030258 	 1.82277e-07
45.3504520893 	 1.82711e-07
45.3678011528 	 1.8321e-07
45.3851502164 	 1.83241e-07
45.4024992799 	 1.82901e-07
45.4198483435 	 1.8314e-07
45.437197407 	 1.82388e-07
45.4545464705 	 1.81474e-07
45.4718955341 	 1.81854e-07
45.4892445976 	 1.82196e-07
45.5065936611 	 1.82095e-07
45.5239427247 	 1.82471e-07
45.5412917882 	 1.83063e-07
45.5586408518 	 1.82699e-07
45.5759899153 	 1.8177e-07
45.5933389788 	 1.81594e-07
45.6106880424 	 1.81604e-07
45.6280371059 	 1.8201e-07
45.6453861695 	 1.83033e-07
45.662735233 	 1.83479e-07
45.6800842965 	 1.83101e-07
45.6974333601 	 1.82546e-07
45.7147824236 	 1.82518e-07
45.7321314871 	 1.82114e-07
45.7494805507 	 1.81702e-07
45.7668296142 	 1.8181e-07
45.7841786778 	 1.82406e-07
45.8015277413 	 1.83149e-07
45.8188768048 	 1.83483e-07
45.8362258684 	 1.83209e-07
45.8535749319 	 1.82374e-07
45.8709239955 	 1.81362e-07
45.888273059 	 1.81483e-07
45.9056221225 	 1.8225e-07
45.9229711861 	 1.82231e-07
45.9403202496 	 1.81769e-07
45.9576693131 	 1.81582e-07
45.9750183767 	 1.81934e-07
45.9923674402 	 1.82087e-07
46.0097165038 	 1.82724e-07
46.0270655673 	 1.82878e-07
46.0444146308 	 1.81975e-07
46.0617636944 	 1.80827e-07
46.0791127579 	 1.80859e-07
46.0964618215 	 1.81765e-07
46.113810885 	 1.81811e-07
46.1311599485 	 1.81732e-07
46.1485090121 	 1.8174e-07
46.1658580756 	 1.81323e-07
46.1832071391 	 1.81221e-07
46.2005562027 	 1.81981e-07
46.2179052662 	 1.81872e-07
46.2352543298 	 1.81111e-07
46.2526033933 	 1.81303e-07
46.2699524568 	 1.81972e-07
46.2873015204 	 1.82095e-07
46.3046505839 	 1.82007e-07
46.3219996475 	 1.82257e-07
46.339348711 	 1.81834e-07
46.3566977745 	 1.81563e-07
46.3740468381 	 1.81423e-07
46.3913959016 	 1.8183e-07
46.4087449651 	 1.81579e-07
46.4260940287 	 1.81303e-07
46.4434430922 	 1.81695e-07
46.4607921558 	 1.82038e-07
46.4781412193 	 1.82207e-07
46.4954902828 	 1.8232e-07
46.5128393464 	 1.82821e-07
46.5301884099 	 1.82375e-07
46.5475374735 	 1.81634e-07
46.564886537 	 1.81209e-07
46.5822356005 	 1.81668e-07
46.5995846641 	 1.82056e-07
46.6169337276 	 1.81723e-07
46.6342827911 	 1.81172e-07
46.6516318547 	 1.80936e-07
46.6689809182 	 1.80436e-07
46.6863299818 	 1.80339e-07
46.7036790453 	 1.80684e-07
46.7210281088 	 1.80643e-07
46.7383771724 	 1.80414e-07
46.7557262359 	 1.8054e-07
46.7730752994 	 1.81139e-07
46.790424363 	 1.80828e-07
46.8077734265 	 1.8058e-07
46.8251224901 	 1.81086e-07
46.8424715536 	 1.8171e-07
46.8598206171 	 1.81621e-07
46.8771696807 	 1.81155e-07
46.8945187442 	 1.81242e-07
46.9118678078 	 1.81035e-07
46.9292168713 	 1.81141e-07
46.9465659348 	 1.81527e-07
46.9639149984 	 1.81986e-07
46.9812640619 	 1.8159e-07
46.9986131254 	 1.80779e-07
47.015962189 	 1.80176e-07
47.0333112525 	 1.80742e-07
47.0506603161 	 1.81218e-07
47.0680093796 	 1.81535e-07
47.0853584431 	 1.81913e-07
47.1027075067 	 1.81432e-07
47.1200565702 	 1.8103e-07
47.1374056338 	 1.81544e-07
47.1547546973 	 1.82237e-07
47.1721037608 	 1.81932e-07
47.1894528244 	 1.81553e-07
47.2068018879 	 1.81322e-07
47.2241509514 	 1.80448e-07
47.241500015 	 1.80294e-07
47.2588490785 	 1.80849e-07
47.2761981421 	 1.80997e-07
47.2935472056 	 1.80435e-07
47.3108962691 	 1.80252e-07
47.3282453327 	 1.80575e-07
47.3455943962 	 1.80208e-07
47.3629434598 	 1.80283e-07
47.3802925233 	 1.80881e-07
47.3976415868 	 1.80881e-07
47.4149906504 	 1.80566e-07
47.4323397139 	 1.80451e-07
47.4496887774 	 1.80524e-07
47.467037841 	 1.80051e-07
47.4843869045 	 1.80446e-07
47.5017359681 	 1.81421e-07
47.5190850316 	 1.80775e-07
47.5364340951 	 1.80553e-07
47.5537831587 	 1.8055e-07
47.5711322222 	 1.80863e-07
47.5884812858 	 1.80531e-07
47.6058303493 	 1.80873e-07
47.6231794128 	 1.81277e-07
47.6405284764 	 1.80913e-07
47.6578775399 	 1.80734e-07
47.6752266034 	 1.81055e-07
47.692575667 	 1.80925e-07
47.7099247305 	 1.81026e-07
47.7272737941 	 1.81149e-07
47.7446228576 	 1.81208e-07
47.7619719211 	 1.80815e-07
47.7793209847 	 1.80694e-07
47.7966700482 	 1.80432e-07
47.8140191118 	 1.80229e-07
47.8313681753 	 1.80254e-07
47.8487172388 	 1.80058e-07
47.8660663024 	 1.79759e-07
47.8834153659 	 1.80154e-07
47.9007644294 	 1.8056e-07
47.918113493 	 1.80929e-07
47.9354625565 	 1.8076e-07
47.9528116201 	 1.80706e-07
47.9701606836 	 1.80336e-07
47.9875097471 	 1.80431e-07
48.0048588107 	 1.80431e-07
48.0222078742 	 1.80392e-07
48.0395569378 	 1.80475e-07
48.0569060013 	 1.80331e-07
48.0742550648 	 1.80413e-07
48.0916041284 	 1.80424e-07
48.1089531919 	 1.79948e-07
48.1263022554 	 1.80108e-07
48.143651319 	 1.80414e-07
48.1610003825 	 1.79919e-07
48.1783494461 	 1.79491e-07
48.1956985096 	 1.79648e-07
48.2130475731 	 1.80508e-07
48.2303966367 	 1.81096e-07
48.2477457002 	 1.81303e-07
48.2650947637 	 1.80938e-07
48.2824438273 	 1.80291e-07
48.2997928908 	 1.79879e-07
48.3171419544 	 1.80221e-07
48.3344910179 	 1.80923e-07
48.3518400814 	 1.81134e-07
48.369189145 	 1.80833e-07
48.3865382085 	 1.80366e-07
48.4038872721 	 1.80163e-07
48.4212363356 	 1.80067e-07
48.4385853991 	 1.7991e-07
48.4559344627 	 1.80223e-07
48.4732835262 	 1.80261e-07
48.4906325897 	 1.80327e-07
48.5079816533 	 1.80263e-07
48.5253307168 	 1.80475e-07
48.5426797804 	 1.80442e-07
48.5600288439 	 1.80297e-07
48.5773779074 	 1.80043e-07
48.594726971 	 1.79822e-07
48.6120760345 	 1.80043e-07
48.6294250981 	 1.80199e-07
48.6467741616 	 1.80175e-07
48.6641232251 	 1.80018e-07
48.6814722887 	 1.80407e-07
48.6988213522 	 1.80454e-07
48.7161704157 	 1.80587e-07
48.7335194793 	 1.80312e-07
48.7508685428 	 1.80077e-07
48.7682176064 	 1.79955e-07
48.7855666699 	 1.79705e-07
48.8029157334 	 1.79976e-07
48.820264797 	 1.80165e-07
48.8376138605 	 1.8004e-07
48.8549629241 	 1.79828e-07
48.8723119876 	 1.80361e-07
48.8896610511 	 1.80364e-07
48.9070101147 	 1.80078e-07
48.9243591782 	 1.80151e-07
48.9417082417 	 1.79959e-07
48.9590573053 	 1.79971e-07
48.9764063688 	 1.80259e-07
48.9937554324 	 1.80467e-07
49.0111044959 	 1.80407e-07
49.0284535594 	 1.79917e-07
49.045802623 	 1.79709e-07
49.0631516865 	 1.80237e-07
49.0805007501 	 1.8079e-07
49.0978498136 	 1.80312e-07
49.1151988771 	 1.79968e-07
49.1325479407 	 1.79664e-07
49.1498970042 	 1.79435e-07
49.1672460677 	 1.79705e-07
49.1845951313 	 1.80447e-07
49.2019441948 	 1.80798e-07
49.2192932584 	 1.80275e-07
49.2366423219 	 1.79347e-07
49.2539913854 	 1.79141e-07
49.271340449 	 1.79399e-07
49.2886895125 	 1.79953e-07
49.3060385761 	 1.80476e-07
49.3233876396 	 1.80433e-07
49.3407367031 	 1.80302e-07
49.3580857667 	 1.79535e-07
49.3754348302 	 1.79499e-07
49.3927838937 	 1.80006e-07
49.4101329573 	 1.80428e-07
49.4274820208 	 1.80718e-07
49.4448310844 	 1.80291e-07
49.4621801479 	 1.79445e-07
49.4795292114 	 1.78894e-07
49.496878275 	 1.79429e-07
49.5142273385 	 1.79812e-07
49.5315764021 	 1.80231e-07
49.5489254656 	 1.81016e-07
49.5662745291 	 1.81084e-07
49.5836235927 	 1.80174e-07
49.6009726562 	 1.79666e-07
49.6183217197 	 1.7957e-07
49.6356707833 	 1.79168e-07
49.6530198468 	 1.79627e-07
49.6703689104 	 1.80636e-07
49.6877179739 	 1.80705e-07
49.7050670374 	 1.80257e-07
49.722416101 	 1.80428e-07
49.7397651645 	 1.79966e-07
49.757114228 	 1.79337e-07
49.7744632916 	 1.79609e-07
49.7918123551 	 1.8019e-07
49.8091614187 	 1.80208e-07
49.8265104822 	 1.79619e-07
49.8438595457 	 1.79748e-07
49.8612086093 	 1.80049e-07
49.8785576728 	 1.80102e-07
49.8959067364 	 1.80191e-07
49.9132557999 	 1.79861e-07
49.9306048634 	 1.79425e-07
49.947953927 	 1.79353e-07
49.9653029905 	 1.79677e-07
49.982652054 	 1.80348e-07
50.0000011176 	 1.80644e-07
