0.0 	 0.000285775
0.036049027482 	 0.000677117
0.0720980549641 	 0.00497339
0.108147082446 	 0.00445039
0.144196109928 	 0.00710671
0.18024513741 	 0.00206433
0.216294164892 	 0.00045703
0.252343192374 	 0.000926356
0.288392219856 	 0.00101985
0.324441247338 	 0.000190766
0.36049027482 	 0.0003236
0.396539302302 	 0.000249152
0.432588329784 	 0.000179614
0.468637357266 	 0.000261955
0.504686384749 	 0.00024145
0.540735412231 	 0.000176121
0.576784439713 	 0.000301683
0.612833467195 	 0.000126978
0.648882494677 	 0.00024999
0.684931522159 	 0.000119629
0.720980549641 	 0.000161312
0.757029577123 	 0.000144449
0.793078604605 	 9.9937e-05
0.829127632087 	 7.30425e-05
0.865176659569 	 6.24497e-05
0.901225687051 	 5.58586e-05
0.937274714533 	 4.30143e-05
0.973323742015 	 7.7036e-05
1.0093727695 	 2.47276e-05
1.04542179698 	 7.56294e-05
1.08147082446 	 8.46725e-05
1.11751985194 	 2.43289e-05
1.15356887943 	 2.0599e-05
1.18961790691 	 8.52999e-05
1.22566693439 	 6.31603e-05
1.26171596187 	 4.14335e-05
1.29776498935 	 2.53208e-05
1.33381401684 	 1.36083e-05
1.36986304432 	 1.36866e-05
1.4059120718 	 4.66962e-05
1.44196109928 	 2.43132e-05
1.47801012676 	 7.09716e-06
1.51405915425 	 1.86913e-05
1.55010818173 	 2.96081e-05
1.58615720921 	 4.61308e-05
1.62220623669 	 1.612e-05
1.65825526417 	 3.17715e-05
1.69430429166 	 5.58115e-05
1.73035331914 	 2.55029e-05
1.76640234662 	 1.88494e-05
1.8024513741 	 2.38724e-05
1.83850040158 	 5.91431e-06
1.87454942907 	 2.34588e-06
1.91059845655 	 1.86119e-05
1.94664748403 	 3.29494e-05
1.98269651151 	 4.12582e-05
2.01874553899 	 1.72716e-05
2.05479456648 	 1.66647e-05
2.09084359396 	 1.71505e-05
2.12689262144 	 1.4373e-05
2.16294164892 	 4.37179e-06
2.1989906764 	 1.48123e-05
2.23503970389 	 1.52031e-05
2.27108873137 	 2.74074e-05
2.30713775885 	 1.25558e-05
2.34318678633 	 1.36054e-05
2.37923581381 	 1.35736e-05
2.4152848413 	 1.6054e-05
2.45133386878 	 1.09087e-05
2.48738289626 	 1.68738e-05
2.52343192374 	 9.45587e-06
2.55948095122 	 4.98457e-06
2.59552997871 	 5.58676e-06
2.63157900619 	 1.27067e-06
2.66762803367 	 8.22579e-06
2.70367706115 	 1.05706e-05
2.73972608863 	 8.77497e-06
2.77577511612 	 8.59421e-06
2.8118241436 	 7.69769e-06
2.84787317108 	 7.18182e-06
2.88392219856 	 2.72541e-05
2.91997122605 	 2.29643e-05
2.95602025353 	 2.25521e-05
2.99206928101 	 7.97422e-06
3.02811830849 	 6.53473e-06
3.06416733597 	 4.35908e-06
3.10021636346 	 1.5255e-05
3.13626539094 	 2.14302e-05
3.17231441842 	 1.19635e-05
3.2083634459 	 1.31426e-05
3.24441247338 	 5.22117e-06
3.28046150087 	 7.24427e-06
3.31651052835 	 1.69024e-05
3.35255955583 	 3.73097e-06
3.38860858331 	 1.66275e-05
3.42465761079 	 1.8517e-05
3.46070663828 	 2.29377e-05
3.49675566576 	 3.25525e-05
3.53280469324 	 2.55032e-05
3.56885372072 	 4.37531e-05
3.6049027482 	 7.16615e-05
3.64095177569 	 3.5754e-05
3.67700080317 	 8.49494e-06
3.71304983065 	 2.99717e-05
3.74909885813 	 7.10053e-06
3.78514788561 	 1.33483e-05
3.8211969131 	 1.08922e-05
3.85724594058 	 1.41523e-05
3.89329496806 	 2.51978e-05
3.92934399554 	 1.32173e-05
3.96539302302 	 9.13715e-06
4.00144205051 	 2.4941e-06
4.03749107799 	 4.97377e-06
4.07354010547 	 6.53409e-06
4.10958913295 	 7.10322e-06
4.14563816043 	 3.30523e-06
4.18168718792 	 4.07794e-06
4.2177362154 	 1.87855e-06
4.25378524288 	 8.01869e-07
4.28983427036 	 1.94534e-06
4.32588329784 	 9.26589e-07
4.36193232533 	 2.03017e-06
4.39798135281 	 5.36769e-07
4.43403038029 	 7.9356e-07
4.47007940777 	 5.91769e-07
4.50612843525 	 4.62166e-07
4.54217746274 	 1.10586e-06
4.57822649022 	 1.0885e-06
4.6142755177 	 2.00993e-06
4.65032454518 	 2.7879e-07
4.68637357266 	 8.98195e-07
4.72242260015 	 2.12595e-07
4.75847162763 	 2.08545e-06
4.79452065511 	 1.8664e-06
4.83056968259 	 6.65835e-07
4.86661871008 	 1.95361e-06
4.90266773756 	 6.01338e-07
4.93871676504 	 7.26758e-07
4.97476579252 	 1.00287e-06
5.01081482 	 1.21209e-06
5.04686384749 	 4.05049e-07
5.08291287497 	 3.49294e-07
5.11896190245 	 5.165e-07
5.15501092993 	 1.14375e-06
5.19105995741 	 1.48826e-06
5.2271089849 	 1.55058e-06
5.26315801238 	 1.97715e-06
5.29920703986 	 1.93907e-06
5.33525606734 	 6.55549e-07
5.37130509482 	 1.18657e-06
5.40735412231 	 7.01864e-07
5.44340314979 	 1.12777e-06
5.47945217727 	 4.94419e-07
5.51550120475 	 6.87814e-07
5.55155023223 	 4.06831e-07
5.58759925972 	 7.84054e-07
5.6236482872 	 9.09698e-07
5.65969731468 	 5.81504e-07
5.69574634216 	 7.63332e-07
5.73179536964 	 3.91279e-07
5.76784439713 	 8.38008e-07
5.80389342461 	 4.18458e-07
5.83994245209 	 3.06101e-07
5.87599147957 	 4.23138e-07
5.91204050705 	 3.98159e-07
5.94808953454 	 4.49801e-07
5.98413856202 	 5.73351e-07
6.0201875895 	 4.3461e-07
6.05623661698 	 4.07667e-07
6.09228564446 	 2.75545e-07
6.12833467195 	 2.57886e-07
6.16438369943 	 4.70855e-07
6.20043272691 	 2.43613e-07
6.23648175439 	 1.12532e-07
6.27253078187 	 4.55904e-07
6.30857980936 	 4.34051e-07
6.34462883684 	 7.75704e-07
6.38067786432 	 4.46701e-07
6.4167268918 	 1.98296e-07
6.45277591928 	 1.97343e-07
6.48882494677 	 3.35036e-07
6.52487397425 	 2.94404e-07
6.56092300173 	 3.84631e-08
6.59697202921 	 2.3329e-07
6.6330210567 	 1.70247e-07
6.66907008418 	 8.10713e-08
6.70511911166 	 1.4715e-07
6.74116813914 	 1.73733e-07
6.77721716662 	 3.40272e-07
6.81326619411 	 2.67689e-07
6.84931522159 	 1.83004e-07
6.88536424907 	 1.67344e-07
6.92141327655 	 2.25661e-07
6.95746230403 	 1.88399e-07
6.99351133152 	 3.09197e-07
7.029560359 	 2.75438e-07
7.06560938648 	 9.17907e-08
7.10165841396 	 2.39081e-07
7.13770744144 	 2.13323e-07
7.17375646893 	 1.67307e-07
7.20980549641 	 1.18586e-07
7.24585452389 	 2.40391e-07
7.28190355137 	 5.13715e-07
7.31795257885 	 4.22328e-07
7.35400160634 	 2.21058e-07
7.39005063382 	 1.66421e-07
7.4260996613 	 2.40785e-07
7.46214868878 	 1.02537e-07
7.49819771626 	 1.66636e-07
7.53424674375 	 3.64936e-07
7.57029577123 	 1.91649e-07
7.60634479871 	 6.00783e-08
7.64239382619 	 2.97482e-07
7.67844285367 	 3.31781e-07
7.71449188116 	 3.34913e-07
7.75054090864 	 2.16027e-07
7.78658993612 	 2.48619e-07
7.8226389636 	 2.02795e-07
7.85868799108 	 1.64043e-07
7.89473701857 	 5.95505e-08
7.93078604605 	 1.66079e-07
7.96683507353 	 6.61957e-08
8.00288410101 	 1.56798e-07
8.03893312849 	 1.70639e-07
8.07498215598 	 1.35497e-07
8.11103118346 	 1.93763e-07
8.14708021094 	 1.32736e-07
8.18312923842 	 1.07611e-07
8.2191782659 	 2.98963e-07
8.25522729339 	 3.25252e-07
8.29127632087 	 2.70422e-07
8.32732534835 	 6.02834e-08
8.36337437583 	 1.06716e-07
8.39942340331 	 1.3507e-07
8.4354724308 	 4.15504e-08
8.47152145828 	 1.85492e-07
8.50757048576 	 2.02042e-07
8.54361951324 	 1.34763e-07
8.57966854073 	 2.3215e-07
8.61571756821 	 1.73042e-07
8.65176659569 	 4.46296e-08
8.68781562317 	 1.24009e-07
8.72386465065 	 1.1891e-07
8.75991367814 	 1.36034e-07
8.79596270562 	 2.07269e-07
8.8320117331 	 1.1092e-07
8.86806076058 	 5.40239e-08
8.90410978806 	 1.94418e-07
8.94015881555 	 2.01008e-07
8.97620784303 	 1.06872e-07
9.01225687051 	 9.50638e-08
9.04830589799 	 1.18697e-07
9.08435492547 	 1.15055e-07
9.12040395296 	 1.39859e-07
9.15645298044 	 1.41438e-07
9.19250200792 	 9.49726e-08
9.2285510354 	 1.86089e-07
9.26460006288 	 2.68711e-08
9.30064909037 	 6.79218e-08
9.33669811785 	 7.27345e-08
9.37274714533 	 1.58071e-07
9.40879617281 	 2.49551e-07
9.44484520029 	 1.16855e-07
9.48089422778 	 1.03618e-07
9.51694325526 	 9.92013e-08
9.55299228274 	 2.23994e-08
9.58904131022 	 4.25317e-08
9.6250903377 	 1.03881e-07
9.66113936519 	 1.29556e-07
9.69718839267 	 4.95074e-08
9.73323742015 	 3.3114e-08
9.76928644763 	 1.83181e-07
9.80533547511 	 2.2413e-07
9.8413845026 	 1.09937e-07
9.87743353008 	 2.00437e-07
9.91348255756 	 1.63079e-07
9.94953158504 	 1.52535e-07
9.98558061252 	 5.50284e-08
10.02162964 	 1.77202e-07
10.0576786675 	 1.91463e-07
10.093727695 	 8.62025e-08
10.1297767225 	 4.25741e-08
10.1658257499 	 4.64251e-08
10.2018747774 	 7.28294e-08
10.2379238049 	 1.64763e-07
10.2739728324 	 1.9179e-07
10.3100218599 	 1.55323e-07
10.3460708873 	 2.76026e-07
10.3821199148 	 2.13846e-07
10.4181689423 	 1.65263e-07
10.4542179698 	 1.06744e-07
10.4902669973 	 2.99341e-08
10.5263160248 	 9.90797e-08
10.5623650522 	 9.72584e-08
10.5984140797 	 7.28401e-08
10.6344631072 	 2.30526e-07
10.6705121347 	 2.78313e-07
10.7065611622 	 1.92811e-07
10.7426101896 	 1.45273e-07
10.7786592171 	 9.03269e-08
10.8147082446 	 2.09402e-07
10.8507572721 	 1.12187e-07
10.8868062996 	 2.60654e-07
10.9228553271 	 2.53667e-07
10.9589043545 	 2.35144e-07
10.994953382 	 1.08137e-07
11.0310024095 	 3.12503e-08
11.067051437 	 2.24943e-08
11.1031004645 	 4.52264e-08
11.1391494919 	 3.23373e-08
11.1751985194 	 1.35301e-07
11.2112475469 	 9.45605e-08
11.2472965744 	 1.2681e-07
11.2833456019 	 7.63767e-08
11.3193946294 	 3.15663e-08
11.3554436568 	 8.35668e-08
11.3914926843 	 1.21926e-07
11.4275417118 	 2.60594e-07
11.4635907393 	 1.89814e-07
11.4996397668 	 1.86086e-07
11.5356887943 	 1.11028e-07
11.5717378217 	 1.7702e-07
11.6077868492 	 1.21996e-07
11.6438358767 	 1.37353e-07
11.6798849042 	 1.95643e-07
11.7159339317 	 7.04529e-08
11.7519829591 	 2.80411e-08
11.7880319866 	 8.81155e-08
11.8240810141 	 3.27895e-08
11.8601300416 	 2.56553e-08
11.8961790691 	 1.59312e-07
11.9322280966 	 7.84598e-08
11.968277124 	 4.40411e-08
12.0043261515 	 9.55785e-08
12.040375179 	 6.92424e-08
12.0764242065 	 5.5859e-08
12.112473234 	 3.98466e-08
12.1485222614 	 8.77591e-08
12.1845712889 	 1.06997e-07
12.2206203164 	 1.15018e-07
12.2566693439 	 1.26174e-07
12.2927183714 	 1.11486e-07
12.3287673989 	 1.01995e-07
12.3648164263 	 1.09523e-07
12.4008654538 	 6.88273e-08
12.4369144813 	 3.54269e-08
12.4729635088 	 7.93942e-08
12.5090125363 	 2.9624e-08
12.5450615637 	 1.19263e-08
12.5811105912 	 1.29052e-07
12.6171596187 	 1.13834e-07
12.6532086462 	 1.03303e-07
12.6892576737 	 3.71122e-08
12.7253067012 	 6.26112e-08
12.7613557286 	 5.02971e-08
12.7974047561 	 2.13284e-08
12.8334537836 	 6.13262e-08
12.8695028111 	 7.57107e-08
12.9055518386 	 9.45307e-08
12.9416008661 	 9.41763e-08
12.9776498935 	 7.51083e-08
13.013698921 	 3.88124e-08
13.0497479485 	 5.87301e-08
13.085796976 	 4.91985e-08
13.1218460035 	 4.23145e-08
13.1578950309 	 5.94672e-08
13.1939440584 	 8.50688e-08
13.2299930859 	 6.6388e-08
13.2660421134 	 4.46331e-08
13.3020911409 	 7.36705e-08
13.3381401684 	 1.64841e-08
13.3741891958 	 7.19149e-08
13.4102382233 	 4.41077e-08
13.4462872508 	 5.68632e-08
13.4823362783 	 6.62601e-08
13.5183853058 	 7.2601e-08
13.5544343332 	 6.16397e-08
13.5904833607 	 3.98246e-08
13.6265323882 	 6.38962e-08
13.6625814157 	 5.81365e-08
13.6986304432 	 4.32686e-08
13.7346794707 	 5.59359e-08
13.7707284981 	 8.18029e-08
13.8067775256 	 5.34129e-08
13.8428265531 	 4.12103e-08
13.8788755806 	 6.47989e-08
13.9149246081 	 6.76365e-08
13.9509736355 	 6.31369e-08
13.987022663 	 6.83809e-08
14.0230716905 	 8.9269e-08
14.059120718 	 4.33283e-08
14.0951697455 	 4.95841e-08
14.131218773 	 6.36789e-08
14.1672678004 	 4.1289e-08
14.2033168279 	 5.29696e-08
14.2393658554 	 6.56367e-08
14.2754148829 	 6.59443e-08
14.3114639104 	 5.09154e-08
14.3475129379 	 4.74732e-08
14.3835619653 	 4.77879e-08
14.4196109928 	 5.43763e-08
14.4556600203 	 5.7309e-08
14.4917090478 	 5.09598e-08
14.5277580753 	 4.87039e-08
14.5638071027 	 5.8538e-08
14.5998561302 	 5.15072e-08
14.6359051577 	 5.74511e-08
14.6719541852 	 5.09762e-08
14.7080032127 	 4.91396e-08
14.7440522402 	 4.67464e-08
14.7801012676 	 5.41031e-08
14.8161502951 	 4.26156e-08
14.8521993226 	 5.44508e-08
14.8882483501 	 4.5823e-08
14.9242973776 	 4.51142e-08
14.960346405 	 5.98698e-08
14.9963954325 	 4.51687e-08
15.03244446 	 4.91997e-08
15.0684934875 	 5.34521e-08
15.104542515 	 5.74945e-08
15.1405915425 	 5.43735e-08
15.1766405699 	 4.89672e-08
15.2126895974 	 4.59271e-08
15.2487386249 	 4.06221e-08
15.2847876524 	 5.10439e-08
15.3208366799 	 5.668e-08
15.3568857073 	 4.91841e-08
15.3929347348 	 5.92267e-08
15.4289837623 	 4.77624e-08
15.4650327898 	 5.19309e-08
15.5010818173 	 5.61095e-08
15.5371308448 	 4.56221e-08
15.5731798722 	 4.53693e-08
15.6092288997 	 4.43351e-08
15.6452779272 	 4.77232e-08
15.6813269547 	 4.93519e-08
15.7173759822 	 5.40934e-08
15.7534250097 	 5.47035e-08
15.7894740371 	 5.4889e-08
15.8255230646 	 4.90211e-08
15.8615720921 	 5.04368e-08
15.8976211196 	 4.23276e-08
15.9336701471 	 4.68211e-08
15.9697191745 	 4.96607e-08
16.005768202 	 4.78498e-08
16.0418172295 	 5.34686e-08
16.077866257 	 4.84862e-08
16.1139152845 	 5.35739e-08
16.149964312 	 4.52591e-08
16.1860133394 	 4.43054e-08
16.2220623669 	 4.25177e-08
16.2581113944 	 5.16363e-08
16.2941604219 	 5.11393e-08
16.3302094494 	 4.85923e-08
16.3662584768 	 4.27591e-08
16.4023075043 	 4.5727e-08
16.4383565318 	 5.58428e-08
16.4744055593 	 5.03303e-08
16.5104545868 	 4.70619e-08
16.5465036143 	 4.70821e-08
16.5825526417 	 5.10033e-08
16.6186016692 	 4.17109e-08
16.6546506967 	 5.30524e-08
16.6906997242 	 4.96453e-08
16.7267487517 	 4.72169e-08
16.7627977791 	 4.87086e-08
16.7988468066 	 4.07585e-08
16.8348958341 	 4.27716e-08
16.8709448616 	 4.34432e-08
16.9069938891 	 4.69418e-08
16.9430429166 	 4.71234e-08
16.979091944 	 4.34957e-08
17.0151409715 	 5.16231e-08
17.051189999 	 4.35363e-08
17.0872390265 	 4.56334e-08
17.123288054 	 4.57937e-08
17.1593370815 	 4.72353e-08
17.1953861089 	 4.27716e-08
17.2314351364 	 4.78345e-08
17.2674841639 	 4.60606e-08
17.3035331914 	 4.57927e-08
17.3395822189 	 3.83638e-08
17.3756312463 	 4.61963e-08
17.4116802738 	 4.56343e-08
17.4477293013 	 4.9807e-08
17.4837783288 	 4.79433e-08
17.5198273563 	 4.58791e-08
17.5558763838 	 4.89845e-08
17.5919254112 	 4.85002e-08
17.6279744387 	 3.96956e-08
17.6640234662 	 4.04417e-08
17.7000724937 	 4.11665e-08
17.7361215212 	 4.55332e-08
17.7721705486 	 4.35975e-08
17.8082195761 	 4.82422e-08
17.8442686036 	 4.07535e-08
17.8803176311 	 3.76336e-08
17.9163666586 	 4.36779e-08
17.9524156861 	 3.97308e-08
17.9884647135 	 4.24297e-08
18.024513741 	 4.29565e-08
18.0605627685 	 4.48887e-08
18.096611796 	 4.17462e-08
18.1326608235 	 4.35133e-08
18.1687098509 	 3.82739e-08
18.2047588784 	 3.93627e-08
18.2408079059 	 4.52719e-08
18.2768569334 	 4.29272e-08
18.3129059609 	 4.44194e-08
18.3489549884 	 4.57484e-08
18.3850040158 	 4.30356e-08
18.4210530433 	 3.69343e-08
18.4571020708 	 4.16773e-08
18.4931510983 	 4.11984e-08
18.5292001258 	 3.9301e-08
18.5652491532 	 4.48561e-08
18.6012981807 	 4.17817e-08
18.6373472082 	 4.2317e-08
18.6733962357 	 4.44888e-08
18.7094452632 	 4.53567e-08
18.7454942907 	 4.32113e-08
18.7815433181 	 4.22385e-08
18.8175923456 	 3.96319e-08
18.8536413731 	 3.96499e-08
18.8896904006 	 4.33312e-08
18.9257394281 	 4.0363e-08
18.9617884556 	 4.43102e-08
18.997837483 	 4.20232e-08
19.0338865105 	 4.21144e-08
19.069935538 	 4.41788e-08
19.1059845655 	 4.07449e-08
19.142033593 	 4.27268e-08
19.1780826204 	 4.09359e-08
19.2141316479 	 4.22583e-08
19.2501806754 	 3.6742e-08
19.2862297029 	 4.15999e-08
19.3222787304 	 4.12275e-08
19.3583277579 	 4.16276e-08
19.3943767853 	 4.27091e-08
19.4304258128 	 4.2785e-08
19.4664748403 	 4.0742e-08
19.5025238678 	 3.98381e-08
19.5385728953 	 4.03076e-08
19.5746219227 	 3.76027e-08
19.6106709502 	 4.03878e-08
19.6467199777 	 3.81591e-08
19.6827690052 	 4.45096e-08
19.7188180327 	 4.15817e-08
19.7548670602 	 3.86266e-08
19.7909160876 	 3.91138e-08
19.8269651151 	 3.90049e-08
19.8630141426 	 3.67666e-08
19.8990631701 	 3.90883e-08
19.9351121976 	 4.31181e-08
19.971161225 	 3.56221e-08
20.0072102525 	 3.75472e-08
20.04325928 	 3.92512e-08
20.0793083075 	 3.75639e-08
20.115357335 	 3.93068e-08
20.1514063625 	 4.15011e-08
20.1874553899 	 3.97641e-08
20.2235044174 	 3.91125e-08
20.2595534449 	 3.7138e-08
20.2956024724 	 3.73516e-08
20.3316514999 	 3.81749e-08
20.3677005274 	 3.74975e-08
20.4037495548 	 3.92956e-08
20.4397985823 	 3.72835e-08
20.4758476098 	 3.95558e-08
20.5118966373 	 3.81087e-08
20.5479456648 	 3.62442e-08
20.5839946922 	 3.89751e-08
20.6200437197 	 3.58862e-08
20.6560927472 	 3.66476e-08
20.6921417747 	 4.07902e-08
20.7281908022 	 3.58063e-08
20.7642398297 	 3.92165e-08
20.8002888571 	 3.98192e-08
20.8363378846 	 3.67325e-08
20.8723869121 	 3.86465e-08
20.9084359396 	 3.69808e-08
20.9444849671 	 3.87681e-08
20.9805339945 	 3.71335e-08
21.016583022 	 3.66198e-08
21.0526320495 	 3.81159e-08
21.088681077 	 3.90625e-08
21.1247301045 	 3.76407e-08
21.160779132 	 4.02734e-08
21.1968281594 	 3.8308e-08
21.2328771869 	 4.06228e-08
21.2689262144 	 3.83832e-08
21.3049752419 	 3.86656e-08
21.3410242694 	 3.64107e-08
21.3770732968 	 3.79337e-08
21.4131223243 	 3.70395e-08
21.4491713518 	 3.64339e-08
21.4852203793 	 3.66209e-08
21.5212694068 	 3.82817e-08
21.5573184343 	 3.67858e-08
21.5933674617 	 3.57674e-08
21.6294164892 	 3.70125e-08
21.6654655167 	 3.59083e-08
21.7015145442 	 3.56803e-08
21.7375635717 	 3.53005e-08
21.7736125992 	 3.66474e-08
21.8096616266 	 3.72707e-08
21.8457106541 	 3.68373e-08
21.8817596816 	 3.63699e-08
21.9178087091 	 3.45536e-08
21.9538577366 	 3.83192e-08
21.989906764 	 3.39726e-08
22.0259557915 	 3.51438e-08
22.062004819 	 3.4921e-08
22.0980538465 	 3.53261e-08
22.134102874 	 3.76284e-08
22.1701519015 	 3.48802e-08
22.2062009289 	 3.55209e-08
22.2422499564 	 3.33276e-08
22.2782989839 	 3.56971e-08
22.3143480114 	 3.52593e-08
22.3503970389 	 3.67342e-08
22.3864460663 	 3.59956e-08
22.4224950938 	 3.44267e-08
22.4585441213 	 3.42159e-08
22.4945931488 	 3.46889e-08
22.5306421763 	 3.45767e-08
22.5666912038 	 3.57064e-08
22.6027402312 	 3.55009e-08
22.6387892587 	 3.47107e-08
22.6748382862 	 3.60965e-08
22.7108873137 	 3.46022e-08
22.7469363412 	 3.26016e-08
22.7829853686 	 3.60294e-08
22.8190343961 	 3.51683e-08
22.8550834236 	 3.48404e-08
22.8911324511 	 3.45942e-08
22.9271814786 	 3.45411e-08
22.9632305061 	 3.38422e-08
22.9992795335 	 3.54424e-08
23.035328561 	 3.46919e-08
23.0713775885 	 3.35919e-08
23.107426616 	 3.46965e-08
23.1434756435 	 3.43761e-08
23.179524671 	 3.33468e-08
23.2155736984 	 3.41126e-08
23.2516227259 	 3.46454e-08
23.2876717534 	 3.45838e-08
23.3237207809 	 3.54584e-08
23.3597698084 	 3.38763e-08
23.3958188358 	 3.30957e-08
23.4318678633 	 3.49052e-08
23.4679168908 	 3.53296e-08
23.5039659183 	 3.46828e-08
23.5400149458 	 3.43113e-08
23.5760639733 	 3.42615e-08
23.6121130007 	 3.34336e-08
23.6481620282 	 3.41107e-08
23.6842110557 	 3.42469e-08
23.7202600832 	 3.35195e-08
23.7563091107 	 3.39275e-08
23.7923581381 	 3.25679e-08
23.8284071656 	 3.39083e-08
23.8644561931 	 3.31322e-08
23.9005052206 	 3.23618e-08
23.9365542481 	 3.27437e-08
23.9726032756 	 3.46062e-08
24.008652303 	 3.31774e-08
24.0447013305 	 3.27939e-08
24.080750358 	 3.29434e-08
24.1167993855 	 3.22032e-08
24.152848413 	 3.33605e-08
24.1888974404 	 3.40423e-08
24.2249464679 	 3.28522e-08
24.2609954954 	 3.30738e-08
24.2970445229 	 3.28366e-08
24.3330935504 	 3.1175e-08
24.3691425779 	 3.15867e-08
24.4051916053 	 3.22876e-08
24.4412406328 	 3.30284e-08
24.4772896603 	 3.25543e-08
24.5133386878 	 3.26791e-08
24.5493877153 	 3.24189e-08
24.5854367428 	 3.27852e-08
24.6214857702 	 3.17517e-08
24.6575347977 	 3.21912e-08
24.6935838252 	 3.28908e-08
24.7296328527 	 3.25937e-08
24.7656818802 	 3.18842e-08
24.8017309076 	 3.22806e-08
24.8377799351 	 3.24375e-08
24.8738289626 	 3.1558e-08
24.9098779901 	 3.24993e-08
24.9459270176 	 3.20837e-08
24.9819760451 	 3.22708e-08
25.0180250725 	 3.24567e-08
25.0540741 	 3.17687e-08
25.0901231275 	 3.20755e-08
25.126172155 	 3.18742e-08
25.1622211825 	 3.17004e-08
25.1982702099 	 3.08343e-08
25.2343192374 	 3.21098e-08
25.2703682649 	 3.1627e-08
25.3064172924 	 3.11086e-08
25.3424663199 	 3.152e-08
25.3785153474 	 3.11997e-08
25.4145643748 	 3.20015e-08
25.4506134023 	 3.15397e-08
25.4866624298 	 3.07805e-08
25.5227114573 	 3.15396e-08
25.5587604848 	 3.1361e-08
25.5948095122 	 3.13807e-08
25.6308585397 	 3.08248e-08
25.6669075672 	 3.09538e-08
25.7029565947 	 3.11622e-08
25.7390056222 	 3.1024e-08
25.7750546497 	 3.0853e-08
25.8111036771 	 3.10404e-08
25.8471527046 	 3.05897e-08
25.8832017321 	 3.09052e-08
25.9192507596 	 3.06176e-08
25.9552997871 	 3.08115e-08
25.9913488145 	 3.13008e-08
26.027397842 	 3.08465e-08
26.0634468695 	 3.06087e-08
26.099495897 	 3.0732e-08
26.1355449245 	 3.05044e-08
26.171593952 	 3.07138e-08
26.2076429794 	 3.05887e-08
26.2436920069 	 3.0519e-08
26.2797410344 	 3.06886e-08
26.3157900619 	 3.04172e-08
26.3518390894 	 3.0259e-08
26.3878881169 	 3.01879e-08
26.4239371443 	 3.00532e-08
26.4599861718 	 3.026e-08
26.4960351993 	 2.99567e-08
26.5320842268 	 3.02556e-08
26.5681332543 	 3.04616e-08
26.6041822817 	 3.0653e-08
26.6402313092 	 3.02088e-08
26.6762803367 	 3.00553e-08
26.7123293642 	 2.99653e-08
26.7483783917 	 2.9567e-08
26.7844274192 	 2.98703e-08
26.8204764466 	 2.95231e-08
26.8565254741 	 2.94933e-08
26.8925745016 	 2.94352e-08
26.9286235291 	 3.00542e-08
26.9646725566 	 2.98745e-08
27.000721584 	 2.97973e-08
27.0367706115 	 2.98486e-08
27.072819639 	 2.9297e-08
27.1088686665 	 2.95896e-08
27.144917694 	 2.97393e-08
27.1809667215 	 2.94957e-08
27.2170157489 	 2.95009e-08
27.2530647764 	 2.95961e-08
27.2891138039 	 2.92931e-08
27.3251628314 	 2.92418e-08
27.3612118589 	 2.94617e-08
27.3972608863 	 2.9037e-08
27.4333099138 	 2.89769e-08
27.4693589413 	 2.92528e-08
27.5054079688 	 2.91234e-08
27.5414569963 	 2.93669e-08
27.5775060238 	 2.89324e-08
27.6135550512 	 2.9064e-08
27.6496040787 	 2.9067e-08
27.6856531062 	 2.91276e-08
27.7217021337 	 2.88968e-08
27.7577511612 	 2.86653e-08
27.7938001887 	 2.88571e-08
27.8298492161 	 2.85844e-08
27.8658982436 	 2.88261e-08
27.9019472711 	 2.86196e-08
27.9379962986 	 2.85379e-08
27.9740453261 	 2.86781e-08
28.0100943535 	 2.85888e-08
28.046143381 	 2.85267e-08
28.0821924085 	 2.86401e-08
28.118241436 	 2.85904e-08
28.1542904635 	 2.85279e-08
28.190339491 	 2.85677e-08
28.2263885184 	 2.86091e-08
28.2624375459 	 2.83568e-08
28.2984865734 	 2.84298e-08
28.3345356009 	 2.83571e-08
28.3705846284 	 2.83599e-08
28.4066336558 	 2.84389e-08
28.4426826833 	 2.82174e-08
28.4787317108 	 2.8404e-08
28.5147807383 	 2.81505e-08
28.5508297658 	 2.79845e-08
28.5868787933 	 2.80202e-08
28.6229278207 	 2.81628e-08
28.6589768482 	 2.7993e-08
28.6950258757 	 2.80847e-08
28.7310749032 	 2.80504e-08
28.7671239307 	 2.77558e-08
28.8031729581 	 2.79282e-08
28.8392219856 	 2.78189e-08
28.8752710131 	 2.77576e-08
28.9113200406 	 2.77972e-08
28.9473690681 	 2.77949e-08
28.9834180956 	 2.78871e-08
29.019467123 	 2.78892e-08
29.0555161505 	 2.77467e-08
29.091565178 	 2.74996e-08
29.1276142055 	 2.75204e-08
29.163663233 	 2.75489e-08
29.1997122605 	 2.74891e-08
29.2357612879 	 2.75438e-08
29.2718103154 	 2.75123e-08
29.3078593429 	 2.74618e-08
29.3439083704 	 2.74407e-08
29.3799573979 	 2.73569e-08
29.4160064253 	 2.73006e-08
29.4520554528 	 2.72254e-08
29.4881044803 	 2.73082e-08
29.5241535078 	 2.71851e-08
29.5602025353 	 2.72926e-08
29.5962515628 	 2.72187e-08
29.6323005902 	 2.71985e-08
29.6683496177 	 2.71991e-08
29.7043986452 	 2.7019e-08
29.7404476727 	 2.70321e-08
29.7764967002 	 2.70786e-08
29.8125457276 	 2.70731e-08
29.8485947551 	 2.69866e-08
29.8846437826 	 2.68996e-08
29.9206928101 	 2.68799e-08
29.9567418376 	 2.68489e-08
29.9927908651 	 2.68237e-08
30.0288398925 	 2.6758e-08
30.06488892 	 2.67974e-08
30.1009379475 	 2.68304e-08
30.136986975 	 2.67824e-08
30.1730360025 	 2.67236e-08
30.2090850299 	 2.66749e-08
30.2451340574 	 2.6599e-08
30.2811830849 	 2.66364e-08
30.3172321124 	 2.65598e-08
30.3532811399 	 2.65929e-08
30.3893301674 	 2.64669e-08
30.4253791948 	 2.65228e-08
30.4614282223 	 2.64358e-08
30.4974772498 	 2.64018e-08
30.5335262773 	 2.64493e-08
30.5695753048 	 2.63932e-08
30.6056243323 	 2.64473e-08
30.6416733597 	 2.63003e-08
30.6777223872 	 2.62772e-08
30.7137714147 	 2.62849e-08
30.7498204422 	 2.62831e-08
30.7858694697 	 2.62126e-08
30.8219184971 	 2.62534e-08
30.8579675246 	 2.6184e-08
30.8940165521 	 2.6083e-08
30.9300655796 	 2.61858e-08
30.9661146071 	 2.60865e-08
31.0021636346 	 2.60979e-08
31.038212662 	 2.60358e-08
31.0742616895 	 2.59793e-08
31.110310717 	 2.60266e-08
31.1463597445 	 2.5957e-08
31.182408772 	 2.59169e-08
31.2184577994 	 2.58773e-08
31.2545068269 	 2.58307e-08
31.2905558544 	 2.58557e-08
31.3266048819 	 2.57555e-08
31.3626539094 	 2.57774e-08
31.3987029369 	 2.57503e-08
31.4347519643 	 2.57391e-08
31.4708009918 	 2.57155e-08
31.5068500193 	 2.56365e-08
31.5428990468 	 2.56039e-08
31.5789480743 	 2.55955e-08
31.6149971017 	 2.5511e-08
31.6510461292 	 2.54842e-08
31.6870951567 	 2.55327e-08
31.7231441842 	 2.55238e-08
31.7591932117 	 2.54748e-08
31.7952422392 	 2.5399e-08
31.8312912666 	 2.53861e-08
31.8673402941 	 2.54114e-08
31.9033893216 	 2.53807e-08
31.9394383491 	 2.53584e-08
31.9754873766 	 2.53227e-08
32.0115364041 	 2.52997e-08
32.0475854315 	 2.52143e-08
32.083634459 	 2.51932e-08
32.1196834865 	 2.5197e-08
32.155732514 	 2.51754e-08
32.1917815415 	 2.51934e-08
32.2278305689 	 2.513e-08
32.2638795964 	 2.51e-08
32.2999286239 	 2.50821e-08
32.3359776514 	 2.4995e-08
32.3720266789 	 2.50185e-08
32.4080757064 	 2.50069e-08
32.4441247338 	 2.49607e-08
32.4801737613 	 2.49454e-08
32.5162227888 	 2.49379e-08
32.5522718163 	 2.49224e-08
32.5883208438 	 2.48734e-08
32.6243698712 	 2.48756e-08
32.6604188987 	 2.48222e-08
32.6964679262 	 2.48006e-08
32.7325169537 	 2.48092e-08
32.7685659812 	 2.47417e-08
32.8046150087 	 2.47117e-08
32.8406640361 	 2.47113e-08
32.8767130636 	 2.46779e-08
32.9127620911 	 2.466e-08
32.9488111186 	 2.46399e-08
32.9848601461 	 2.45635e-08
33.0209091735 	 2.46129e-08
33.056958201 	 2.45867e-08
33.0930072285 	 2.45462e-08
33.129056256 	 2.44976e-08
33.1651052835 	 2.45017e-08
33.201154311 	 2.44502e-08
33.2372033384 	 2.44324e-08
33.2732523659 	 2.44364e-08
33.3093013934 	 2.44021e-08
33.3453504209 	 2.43792e-08
33.3813994484 	 2.43385e-08
33.4174484758 	 2.43595e-08
33.4534975033 	 2.42962e-08
33.4895465308 	 2.42721e-08
33.5255955583 	 2.42325e-08
33.5616445858 	 2.42257e-08
33.5976936133 	 2.42129e-08
33.6337426407 	 2.41784e-08
33.6697916682 	 2.41769e-08
33.7058406957 	 2.40937e-08
33.7418897232 	 2.40944e-08
33.7779387507 	 2.40772e-08
33.8139877782 	 2.40467e-08
33.8500368056 	 2.40232e-08
33.8860858331 	 2.40312e-08
33.9221348606 	 2.39754e-08
33.9581838881 	 2.39323e-08
33.9942329156 	 2.39355e-08
34.030281943 	 2.38824e-08
34.0663309705 	 2.38776e-08
34.102379998 	 2.386e-08
34.1384290255 	 2.3833e-08
34.174478053 	 2.38332e-08
34.2105270805 	 2.37813e-08
34.2465761079 	 2.37729e-08
34.2826251354 	 2.37324e-08
34.3186741629 	 2.37154e-08
34.3547231904 	 2.36938e-08
34.3907722179 	 2.36646e-08
34.4268212453 	 2.36897e-08
34.4628702728 	 2.36661e-08
34.4989193003 	 2.36347e-08
34.5349683278 	 2.36027e-08
34.5710173553 	 2.35581e-08
34.6070663828 	 2.35582e-08
34.6431154102 	 2.35293e-08
34.6791644377 	 2.35067e-08
34.7152134652 	 2.34972e-08
34.7512624927 	 2.34436e-08
34.7873115202 	 2.34508e-08
34.8233605476 	 2.34251e-08
34.8594095751 	 2.33935e-08
34.8954586026 	 2.33979e-08
34.9315076301 	 2.33398e-08
34.9675566576 	 2.33605e-08
35.0036056851 	 2.33206e-08
35.0396547125 	 2.33194e-08
35.07570374 	 2.3288e-08
35.1117527675 	 2.32399e-08
35.147801795 	 2.32399e-08
35.1838508225 	 2.31916e-08
35.21989985 	 2.31727e-08
35.2559488774 	 2.31483e-08
35.2919979049 	 2.31557e-08
35.3280469324 	 2.31118e-08
35.3640959599 	 2.31276e-08
35.4001449874 	 2.30708e-08
35.4361940148 	 2.30468e-08
35.4722430423 	 2.30604e-08
35.5082920698 	 2.30051e-08
35.5443410973 	 2.30069e-08
35.5803901248 	 2.29571e-08
35.6164391523 	 2.29683e-08
35.6524881797 	 2.29416e-08
35.6885372072 	 2.2919e-08
35.7245862347 	 2.28889e-08
35.7606352622 	 2.28628e-08
35.7966842897 	 2.28543e-08
35.8327333171 	 2.28078e-08
35.8687823446 	 2.27979e-08
35.9048313721 	 2.27716e-08
35.9408803996 	 2.27506e-08
35.9769294271 	 2.27345e-08
36.0129784546 	 2.27252e-08
36.049027482 	 2.27015e-08
36.0850765095 	 2.26625e-08
36.121125537 	 2.2673e-08
36.1571745645 	 2.26486e-08
36.193223592 	 2.26394e-08
36.2292726194 	 2.26111e-08
36.2653216469 	 2.25729e-08
36.3013706744 	 2.25603e-08
36.3374197019 	 2.25286e-08
36.3734687294 	 2.25115e-08
36.4095177569 	 2.24904e-08
36.4455667843 	 2.2497e-08
36.4816158118 	 2.24634e-08
36.5176648393 	 2.24479e-08
36.5537138668 	 2.24434e-08
36.5897628943 	 2.24038e-08
36.6258119218 	 2.23743e-08
36.6618609492 	 2.2354e-08
36.6979099767 	 2.23425e-08
36.7339590042 	 2.2332e-08
36.7700080317 	 2.23176e-08
36.8060570592 	 2.22927e-08
36.8421060866 	 2.22653e-08
36.8781551141 	 2.22512e-08
36.9142041416 	 2.2223e-08
36.9502531691 	 2.2207e-08
36.9863021966 	 2.21834e-08
37.0223512241 	 2.21744e-08
37.0584002515 	 2.2155e-08
37.094449279 	 2.21423e-08
37.1304983065 	 2.21167e-08
37.166547334 	 2.20936e-08
37.2025963615 	 2.20684e-08
37.2386453889 	 2.20544e-08
37.2746944164 	 2.20405e-08
37.3107434439 	 2.20209e-08
37.3467924714 	 2.20043e-08
37.3828414989 	 2.1979e-08
37.4188905264 	 2.19661e-08
37.4549395538 	 2.19334e-08
37.4909885813 	 2.19224e-08
37.5270376088 	 2.19088e-08
37.5630866363 	 2.18841e-08
37.5991356638 	 2.18639e-08
37.6351846912 	 2.18361e-08
37.6712337187 	 2.18282e-08
37.7072827462 	 2.18064e-08
37.7433317737 	 2.17914e-08
37.7793808012 	 2.17813e-08
37.8154298287 	 2.17697e-08
37.8514788561 	 2.17403e-08
37.8875278836 	 2.17229e-08
37.9235769111 	 2.17156e-08
37.9596259386 	 2.1676e-08
37.9956749661 	 2.1654e-08
38.0317239936 	 2.16543e-08
38.067773021 	 2.16307e-08
38.1038220485 	 2.16105e-08
38.139871076 	 2.15884e-08
38.1759201035 	 2.15758e-08
38.211969131 	 2.15638e-08
38.2480181584 	 2.1553e-08
38.2840671859 	 2.15196e-08
38.3201162134 	 2.15039e-08
38.3561652409 	 2.14807e-08
38.3922142684 	 2.14616e-08
38.4282632959 	 2.14597e-08
38.4643123233 	 2.14354e-08
38.5003613508 	 2.14133e-08
38.5364103783 	 2.14e-08
38.5724594058 	 2.13836e-08
38.6085084333 	 2.13617e-08
38.6445574607 	 2.13484e-08
38.6806064882 	 2.13328e-08
38.7166555157 	 2.13155e-08
38.7527045432 	 2.12942e-08
38.7887535707 	 2.12775e-08
38.8248025982 	 2.12541e-08
38.8608516256 	 2.12511e-08
38.8969006531 	 2.12259e-08
38.9329496806 	 2.12093e-08
38.9689987081 	 2.11823e-08
39.0050477356 	 2.11743e-08
39.041096763 	 2.11574e-08
39.0771457905 	 2.11483e-08
39.113194818 	 2.11126e-08
39.1492438455 	 2.11021e-08
39.185292873 	 2.1092e-08
39.2213419005 	 2.10689e-08
39.2573909279 	 2.1043e-08
39.2934399554 	 2.10393e-08
39.3294889829 	 2.10188e-08
39.3655380104 	 2.10093e-08
39.4015870379 	 2.09861e-08
39.4376360653 	 2.0959e-08
39.4736850928 	 2.09505e-08
39.5097341203 	 2.09313e-08
39.5457831478 	 2.09198e-08
39.5818321753 	 2.09015e-08
39.6178812028 	 2.08805e-08
39.6539302302 	 2.08646e-08
39.6899792577 	 2.08564e-08
39.7260282852 	 2.08436e-08
39.7620773127 	 2.08159e-08
39.7981263402 	 2.08069e-08
39.8341753677 	 2.07834e-08
39.8702243951 	 2.07741e-08
39.9062734226 	 2.07522e-08
39.9423224501 	 2.07366e-08
39.9783714776 	 2.07196e-08
40.0144205051 	 2.07121e-08
40.0504695325 	 2.06959e-08
40.08651856 	 2.06737e-08
40.1225675875 	 2.0656e-08
40.158616615 	 2.06407e-08
40.1946656425 	 2.06273e-08
40.23071467 	 2.06027e-08
40.2667636974 	 2.05919e-08
40.3028127249 	 2.05819e-08
40.3388617524 	 2.05623e-08
40.3749107799 	 2.0556e-08
40.4109598074 	 2.05302e-08
40.4470088348 	 2.05153e-08
40.4830578623 	 2.04992e-08
40.5191068898 	 2.0486e-08
40.5551559173 	 2.04683e-08
40.5912049448 	 2.0443e-08
40.6272539723 	 2.0436e-08
40.6633029997 	 2.04235e-08
40.6993520272 	 2.04086e-08
40.7354010547 	 2.03929e-08
40.7714500822 	 2.03736e-08
40.8074991097 	 2.03521e-08
40.8435481371 	 2.03409e-08
40.8795971646 	 2.0331e-08
40.9156461921 	 2.03128e-08
40.9516952196 	 2.0301e-08
40.9877442471 	 2.02762e-08
41.0237932746 	 2.02678e-08
41.059842302 	 2.02461e-08
41.0958913295 	 2.02348e-08
41.131940357 	 2.02203e-08
41.1679893845 	 2.02014e-08
41.204038412 	 2.01924e-08
41.2400874395 	 2.0169e-08
41.2761364669 	 2.01618e-08
41.3121854944 	 2.01434e-08
41.3482345219 	 2.01231e-08
41.3842835494 	 2.01212e-08
41.4203325769 	 2.00992e-08
41.4563816043 	 2.00812e-08
41.4924306318 	 2.00607e-08
41.5284796593 	 2.00532e-08
41.5645286868 	 2.00399e-08
41.6005777143 	 2.00249e-08
41.6366267418 	 2.00073e-08
41.6726757692 	 1.99945e-08
41.7087247967 	 1.99798e-08
41.7447738242 	 1.99622e-08
41.7808228517 	 1.99431e-08
41.8168718792 	 1.99324e-08
41.8529209066 	 1.99181e-08
41.8889699341 	 1.99032e-08
41.9250189616 	 1.98907e-08
41.9610679891 	 1.98817e-08
41.9971170166 	 1.98631e-08
42.0331660441 	 1.98409e-08
42.0692150715 	 1.98371e-08
42.105264099 	 1.98203e-08
42.1413131265 	 1.981e-08
42.177362154 	 1.97873e-08
42.2134111815 	 1.97693e-08
42.2494602089 	 1.97614e-08
42.2855092364 	 1.97464e-08
42.3215582639 	 1.97315e-08
42.3576072914 	 1.97111e-08
42.3936563189 	 1.97069e-08
42.4297053464 	 1.96932e-08
42.4657543738 	 1.96796e-08
42.5018034013 	 1.9667e-08
42.5378524288 	 1.96426e-08
42.5739014563 	 1.96306e-08
42.6099504838 	 1.9617e-08
42.6459995113 	 1.96056e-08
42.6820485387 	 1.95947e-08
42.7180975662 	 1.95745e-08
42.7541465937 	 1.95654e-08
42.7901956212 	 1.95512e-08
42.8262446487 	 1.95366e-08
42.8622936761 	 1.952e-08
42.8983427036 	 1.95086e-08
42.9343917311 	 1.94929e-08
42.9704407586 	 1.94835e-08
43.0064897861 	 1.94599e-08
43.0425388136 	 1.94469e-08
43.078587841 	 1.94456e-08
43.1146368685 	 1.94216e-08
43.150685896 	 1.94051e-08
43.1867349235 	 1.93934e-08
43.222783951 	 1.93859e-08
43.2588329784 	 1.93733e-08
43.2948820059 	 1.93514e-08
43.3309310334 	 1.93385e-08
43.3669800609 	 1.93241e-08
43.4030290884 	 1.93173e-08
43.4390781159 	 1.93045e-08
43.4751271433 	 1.92903e-08
43.5111761708 	 1.92767e-08
43.5472251983 	 1.92616e-08
43.5832742258 	 1.92416e-08
43.6193232533 	 1.92349e-08
43.6553722807 	 1.92202e-08
43.6914213082 	 1.92076e-08
43.7274703357 	 1.91908e-08
43.7635193632 	 1.91801e-08
43.7995683907 	 1.91711e-08
43.8356174182 	 1.91547e-08
43.8716664456 	 1.9143e-08
43.9077154731 	 1.91286e-08
43.9437645006 	 1.91127e-08
43.9798135281 	 1.91032e-08
44.0158625556 	 1.90922e-08
44.0519115831 	 1.9073e-08
44.0879606105 	 1.90624e-08
44.124009638 	 1.90504e-08
44.1600586655 	 1.90375e-08
44.196107693 	 1.90164e-08
44.2321567205 	 1.90142e-08
44.2682057479 	 1.89974e-08
44.3042547754 	 1.89854e-08
44.3403038029 	 1.89742e-08
44.3763528304 	 1.89537e-08
44.4124018579 	 1.89558e-08
44.4484508854 	 1.89314e-08
44.4844999128 	 1.8922e-08
44.5205489403 	 1.89081e-08
44.5565979678 	 1.88904e-08
44.5926469953 	 1.88825e-08
44.6286960228 	 1.88699e-08
44.6647450502 	 1.88605e-08
44.7007940777 	 1.8844e-08
44.7368431052 	 1.88355e-08
44.7728921327 	 1.88207e-08
44.8089411602 	 1.88111e-08
44.8449901877 	 1.87894e-08
44.8810392151 	 1.87801e-08
44.9170882426 	 1.87658e-08
44.9531372701 	 1.87582e-08
44.9891862976 	 1.87429e-08
45.0252353251 	 1.87323e-08
45.0612843525 	 1.87243e-08
45.09733338 	 1.87e-08
45.1333824075 	 1.86952e-08
45.169431435 	 1.86812e-08
45.2054804625 	 1.86786e-08
45.24152949 	 1.86544e-08
45.2775785174 	 1.8648e-08
45.3136275449 	 1.86299e-08
45.3496765724 	 1.86243e-08
45.3857255999 	 1.86027e-08
45.4217746274 	 1.85928e-08
45.4578236549 	 1.8585e-08
45.4938726823 	 1.85693e-08
45.5299217098 	 1.85601e-08
45.5659707373 	 1.8546e-08
45.6020197648 	 1.85359e-08
45.6380687923 	 1.85272e-08
45.6741178197 	 1.8513e-08
45.7101668472 	 1.84984e-08
45.7462158747 	 1.84862e-08
45.7822649022 	 1.84761e-08
45.8183139297 	 1.84642e-08
45.8543629572 	 1.8449e-08
45.8904119846 	 1.84356e-08
45.9264610121 	 1.84289e-08
45.9625100396 	 1.84192e-08
45.9985590671 	 1.84019e-08
46.0346080946 	 1.83873e-08
46.070657122 	 1.83802e-08
46.1067061495 	 1.83715e-08
46.142755177 	 1.83628e-08
46.1788042045 	 1.83408e-08
46.214853232 	 1.83311e-08
46.2509022595 	 1.83238e-08
46.2869512869 	 1.83097e-08
46.3230003144 	 1.82988e-08
46.3590493419 	 1.82877e-08
46.3950983694 	 1.82748e-08
46.4311473969 	 1.82656e-08
46.4671964243 	 1.82519e-08
46.5032454518 	 1.82343e-08
46.5392944793 	 1.82281e-08
46.5753435068 	 1.82202e-08
46.6113925343 	 1.81998e-08
46.6474415618 	 1.81947e-08
46.6834905892 	 1.81864e-08
46.7195396167 	 1.8173e-08
46.7555886442 	 1.81685e-08
46.7916376717 	 1.81383e-08
46.8276866992 	 1.81384e-08
46.8637357266 	 1.81269e-08
46.8997847541 	 1.81143e-08
46.9358337816 	 1.81014e-08
46.9718828091 	 1.80859e-08
47.0079318366 	 1.80849e-08
47.0439808641 	 1.80695e-08
47.0800298915 	 1.8059e-08
47.116078919 	 1.80439e-08
47.1521279465 	 1.80347e-08
47.188176974 	 1.80277e-08
47.2242260015 	 1.80084e-08
47.260275029 	 1.8004e-08
47.2963240564 	 1.79927e-08
47.3323730839 	 1.79824e-08
47.3684221114 	 1.79688e-08
47.4044711389 	 1.7953e-08
47.4405201664 	 1.79438e-08
47.4765691938 	 1.79387e-08
47.5126182213 	 1.79209e-08
47.5486672488 	 1.79114e-08
47.5847162763 	 1.79063e-08
47.6207653038 	 1.78925e-08
47.6568143313 	 1.78833e-08
47.6928633587 	 1.78707e-08
47.7289123862 	 1.78578e-08
47.7649614137 	 1.78444e-08
47.8010104412 	 1.78346e-08
47.8370594687 	 1.78229e-08
47.8731084961 	 1.78173e-08
47.9091575236 	 1.78085e-08
47.9452065511 	 1.77956e-08
47.9812555786 	 1.77843e-08
48.0173046061 	 1.7773e-08
48.0533536336 	 1.77628e-08
48.089402661 	 1.77486e-08
48.1254516885 	 1.77437e-08
48.161500716 	 1.77298e-08
48.1975497435 	 1.77166e-08
48.233598771 	 1.77095e-08
48.2696477984 	 1.76914e-08
48.3056968259 	 1.76895e-08
48.3417458534 	 1.76761e-08
48.3777948809 	 1.76682e-08
48.4138439084 	 1.76561e-08
48.4498929359 	 1.76447e-08
48.4859419633 	 1.76377e-08
48.5219909908 	 1.76226e-08
48.5580400183 	 1.76128e-08
48.5940890458 	 1.7602e-08
48.6301380733 	 1.75892e-08
48.6661871008 	 1.75833e-08
48.7022361282 	 1.75708e-08
48.7382851557 	 1.75663e-08
48.7743341832 	 1.75525e-08
48.8103832107 	 1.75439e-08
48.8464322382 	 1.75282e-08
48.8824812656 	 1.75206e-08
48.9185302931 	 1.751e-08
48.9545793206 	 1.74956e-08
48.9906283481 	 1.74913e-08
49.0266773756 	 1.74779e-08
49.0627264031 	 1.74728e-08
49.0987754305 	 1.74572e-08
49.134824458 	 1.74418e-08
49.1708734855 	 1.74433e-08
49.206922513 	 1.74285e-08
49.2429715405 	 1.74254e-08
49.2790205679 	 1.73994e-08
49.3150695954 	 1.73947e-08
49.3511186229 	 1.7391e-08
49.3871676504 	 1.73777e-08
49.4232166779 	 1.73695e-08
49.4592657054 	 1.73565e-08
49.4953147328 	 1.73454e-08
49.5313637603 	 1.73396e-08
49.5674127878 	 1.73299e-08
49.6034618153 	 1.73167e-08
49.6395108428 	 1.73092e-08
49.6755598702 	 1.72911e-08
49.7116088977 	 1.72879e-08
49.7476579252 	 1.72846e-08
49.7837069527 	 1.72751e-08
49.8197559802 	 1.72586e-08
49.8558050077 	 1.72445e-08
49.8918540351 	 1.72359e-08
49.9279030626 	 1.7227e-08
49.9639520901 	 1.72198e-08
50.0000011176 	 1.72063e-08
50.0360501451 	 1.72032e-08
50.0720991726 	 1.71868e-08
50.1081482 	 1.71859e-08
50.1441972275 	 1.71689e-08
50.180246255 	 1.71672e-08
50.2162952825 	 1.71511e-08
50.25234431 	 1.71368e-08
50.2883933374 	 1.71311e-08
50.3244423649 	 1.71185e-08
50.3604913924 	 1.71162e-08
50.3965404199 	 1.71058e-08
50.4325894474 	 1.70879e-08
50.4686384749 	 1.70794e-08
50.5046875023 	 1.70739e-08
50.5407365298 	 1.7073e-08
50.5767855573 	 1.7057e-08
50.6128345848 	 1.70468e-08
50.6488836123 	 1.70302e-08
50.6849326397 	 1.70304e-08
50.7209816672 	 1.70212e-08
50.7570306947 	 1.70054e-08
50.7930797222 	 1.69982e-08
50.8291287497 	 1.69873e-08
50.8651777772 	 1.69823e-08
50.9012268046 	 1.69692e-08
50.9372758321 	 1.69554e-08
50.9733248596 	 1.69541e-08
51.0093738871 	 1.69438e-08
51.0454229146 	 1.69355e-08
51.081471942 	 1.69229e-08
51.1175209695 	 1.69116e-08
51.153569997 	 1.69064e-08
51.1896190245 	 1.69019e-08
51.225668052 	 1.68874e-08
51.2617170795 	 1.68757e-08
51.2977661069 	 1.68664e-08
51.3338151344 	 1.68568e-08
51.3698641619 	 1.68548e-08
51.4059131894 	 1.68378e-08
51.4419622169 	 1.68315e-08
51.4780112444 	 1.68232e-08
51.5140602718 	 1.68152e-08
51.5501092993 	 1.68033e-08
51.5861583268 	 1.67968e-08
51.6222073543 	 1.67857e-08
51.6582563818 	 1.67788e-08
51.6943054092 	 1.67695e-08
51.7303544367 	 1.67563e-08
51.7664034642 	 1.6755e-08
51.8024524917 	 1.67434e-08
51.8385015192 	 1.67275e-08
51.8745505467 	 1.6726e-08
51.9105995741 	 1.6706e-08
51.9466486016 	 1.67051e-08
51.9826976291 	 1.67001e-08
52.0187466566 	 1.66889e-08
52.0547956841 	 1.66857e-08
52.0908447115 	 1.66711e-08
52.126893739 	 1.66576e-08
52.1629427665 	 1.665e-08
52.198991794 	 1.66407e-08
52.2350408215 	 1.66374e-08
52.271089849 	 1.66234e-08
52.3071388764 	 1.66162e-08
52.3431879039 	 1.66096e-08
52.3792369314 	 1.6607e-08
52.4152859589 	 1.65942e-08
52.4513349864 	 1.65761e-08
52.4873840138 	 1.65707e-08
52.5234330413 	 1.65675e-08
52.5594820688 	 1.65558e-08
52.5955310963 	 1.65445e-08
52.6315801238 	 1.65379e-08
52.6676291513 	 1.65354e-08
52.7036781787 	 1.65249e-08
52.7397272062 	 1.65117e-08
52.7757762337 	 1.65023e-08
52.8118252612 	 1.64988e-08
52.8478742887 	 1.64845e-08
52.8839233162 	 1.64786e-08
52.9199723436 	 1.64666e-08
52.9560213711 	 1.64609e-08
52.9920703986 	 1.64536e-08
53.0281194261 	 1.6443e-08
53.0641684536 	 1.6446e-08
53.100217481 	 1.6425e-08
53.1362665085 	 1.64226e-08
53.172315536 	 1.64083e-08
53.2083645635 	 1.64031e-08
53.244413591 	 1.63944e-08
53.2804626185 	 1.63792e-08
53.3165116459 	 1.63783e-08
53.3525606734 	 1.63703e-08
53.3886097009 	 1.63587e-08
53.4246587284 	 1.63567e-08
53.4607077559 	 1.63422e-08
53.4967567833 	 1.63377e-08
53.5328058108 	 1.63274e-08
53.5688548383 	 1.63167e-08
53.6049038658 	 1.63133e-08
53.6409528933 	 1.63049e-08
53.6770019208 	 1.62941e-08
53.7130509482 	 1.62874e-08
53.7490999757 	 1.6274e-08
53.7851490032 	 1.62725e-08
53.8211980307 	 1.62541e-08
53.8572470582 	 1.62577e-08
53.8932960856 	 1.6246e-08
53.9293451131 	 1.62364e-08
53.9653941406 	 1.62337e-08
54.0014431681 	 1.62203e-08
54.0374921956 	 1.62122e-08
54.0735412231 	 1.62081e-08
54.1095902505 	 1.61899e-08
54.145639278 	 1.61873e-08
54.1816883055 	 1.61816e-08
54.217737333 	 1.61646e-08
54.2537863605 	 1.61735e-08
54.2898353879 	 1.61559e-08
54.3258844154 	 1.61494e-08
54.3619334429 	 1.6141e-08
54.3979824704 	 1.61309e-08
54.4340314979 	 1.61249e-08
54.4700805254 	 1.61162e-08
54.5061295528 	 1.61097e-08
54.5421785803 	 1.60961e-08
54.5782276078 	 1.60911e-08
54.6142766353 	 1.60886e-08
54.6503256628 	 1.60802e-08
54.6863746903 	 1.60673e-08
54.7224237177 	 1.60582e-08
54.7584727452 	 1.60548e-08
54.7945217727 	 1.60483e-08
54.8305708002 	 1.60414e-08
54.8666198277 	 1.60259e-08
54.9026688551 	 1.60205e-08
54.9387178826 	 1.60205e-08
54.9747669101 	 1.59984e-08
55.0108159376 	 1.60036e-08
55.0468649651 	 1.59874e-08
55.0829139926 	 1.59837e-08
55.11896302 	 1.59788e-08
55.1550120475 	 1.5965e-08
55.191061075 	 1.59633e-08
55.2271101025 	 1.59492e-08
55.26315913 	 1.59476e-08
55.2992081574 	 1.59344e-08
55.3352571849 	 1.59239e-08
55.3713062124 	 1.59249e-08
55.4073552399 	 1.59154e-08
55.4434042674 	 1.59155e-08
55.4794532949 	 1.58974e-08
55.5155023223 	 1.58914e-08
55.5515513498 	 1.58835e-08
55.5876003773 	 1.58732e-08
55.6236494048 	 1.58694e-08
55.6596984323 	 1.58589e-08
55.6957474597 	 1.58569e-08
55.7317964872 	 1.58408e-08
55.7678455147 	 1.58402e-08
55.8038945422 	 1.58354e-08
55.8399435697 	 1.58269e-08
55.8759925972 	 1.58178e-08
55.9120416246 	 1.58058e-08
55.9480906521 	 1.58001e-08
55.9841396796 	 1.57977e-08
56.0201887071 	 1.57841e-08
56.0562377346 	 1.57774e-08
56.0922867621 	 1.57759e-08
56.1283357895 	 1.57651e-08
56.164384817 	 1.57596e-08
56.2004338445 	 1.57465e-08
56.236482872 	 1.57391e-08
56.2725318995 	 1.57359e-08
56.3085809269 	 1.57276e-08
56.3446299544 	 1.57229e-08
56.3806789819 	 1.57102e-08
56.4167280094 	 1.57097e-08
56.4527770369 	 1.56984e-08
56.4888260644 	 1.56933e-08
56.5248750918 	 1.56821e-08
56.5609241193 	 1.56748e-08
56.5969731468 	 1.56717e-08
56.6330221743 	 1.56651e-08
56.6690712018 	 1.56545e-08
56.7051202292 	 1.56506e-08
56.7411692567 	 1.56389e-08
56.7772182842 	 1.56357e-08
56.8132673117 	 1.56157e-08
56.8493163392 	 1.56219e-08
56.8853653667 	 1.56161e-08
56.9214143941 	 1.56092e-08
56.9574634216 	 1.55973e-08
56.9935124491 	 1.55894e-08
57.0295614766 	 1.55863e-08
57.0656105041 	 1.55828e-08
57.1016595315 	 1.55664e-08
57.137708559 	 1.55622e-08
57.1737575865 	 1.55522e-08
57.209806614 	 1.55508e-08
57.2458556415 	 1.55374e-08
57.281904669 	 1.55353e-08
57.3179536964 	 1.55249e-08
57.3540027239 	 1.55247e-08
57.3900517514 	 1.55165e-08
57.4261007789 	 1.55092e-08
57.4621498064 	 1.54957e-08
57.4981988339 	 1.54925e-08
57.5342478613 	 1.5487e-08
57.5702968888 	 1.54806e-08
57.6063459163 	 1.54746e-08
57.6423949438 	 1.54646e-08
57.6784439713 	 1.54597e-08
57.7144929987 	 1.54517e-08
57.7505420262 	 1.54467e-08
57.7865910537 	 1.54365e-08
57.8226400812 	 1.54275e-08
57.8586891087 	 1.54206e-08
57.8947381362 	 1.54156e-08
57.9307871636 	 1.54156e-08
57.9668361911 	 1.5408e-08
58.0028852186 	 1.53954e-08
58.0389342461 	 1.53876e-08
58.0749832736 	 1.53846e-08
58.111032301 	 1.53756e-08
58.1470813285 	 1.53732e-08
58.183130356 	 1.53648e-08
58.2191793835 	 1.53543e-08
58.255228411 	 1.53544e-08
58.2912774385 	 1.53429e-08
58.3273264659 	 1.53314e-08
58.3633754934 	 1.53329e-08
58.3994245209 	 1.53182e-08
58.4354735484 	 1.53155e-08
58.4715225759 	 1.53151e-08
58.5075716033 	 1.53078e-08
58.5436206308 	 1.52986e-08
58.5796696583 	 1.52927e-08
58.6157186858 	 1.52757e-08
58.6517677133 	 1.5276e-08
58.6878167408 	 1.52706e-08
58.7238657682 	 1.52615e-08
58.7599147957 	 1.52564e-08
58.7959638232 	 1.52583e-08
58.8320128507 	 1.52444e-08
58.8680618782 	 1.52317e-08
58.9041109057 	 1.52349e-08
58.9401599331 	 1.52224e-08
58.9762089606 	 1.52205e-08
59.0122579881 	 1.52131e-08
59.0483070156 	 1.51956e-08
59.0843560431 	 1.52056e-08
59.1204050705 	 1.51931e-08
59.156454098 	 1.51848e-08
59.1925031255 	 1.5179e-08
59.228552153 	 1.51729e-08
59.2646011805 	 1.51638e-08
59.300650208 	 1.5164e-08
59.3366992354 	 1.51526e-08
59.3727482629 	 1.51477e-08
59.4087972904 	 1.5144e-08
59.4448463179 	 1.51298e-08
59.4808953454 	 1.51316e-08
59.5169443728 	 1.5124e-08
59.5529934003 	 1.51167e-08
59.5890424278 	 1.51099e-08
59.6250914553 	 1.51013e-08
59.6611404828 	 1.50952e-08
59.6971895103 	 1.50905e-08
59.7332385377 	 1.5084e-08
59.7692875652 	 1.50768e-08
59.8053365927 	 1.50707e-08
59.8413856202 	 1.50644e-08
59.8774346477 	 1.50617e-08
59.9134836751 	 1.50579e-08
59.9495327026 	 1.50506e-08
59.9855817301 	 1.50382e-08
60.0216307576 	 1.50314e-08
60.0576797851 	 1.5028e-08
60.0937288126 	 1.50219e-08
60.12977784 	 1.50143e-08
60.1658268675 	 1.50082e-08
60.201875895 	 1.50008e-08
60.2379249225 	 1.50007e-08
60.27397395 	 1.49882e-08
60.3100229775 	 1.49877e-08
60.3460720049 	 1.49808e-08
60.3821210324 	 1.49771e-08
60.4181700599 	 1.49679e-08
60.4542190874 	 1.49579e-08
60.4902681149 	 1.49534e-08
60.5263171423 	 1.49511e-08
60.5623661698 	 1.49407e-08
60.5984151973 	 1.49382e-08
60.6344642248 	 1.49353e-08
60.6705132523 	 1.49203e-08
60.7065622798 	 1.49166e-08
60.7426113072 	 1.4909e-08
60.7786603347 	 1.49096e-08
60.8147093622 	 1.49027e-08
60.8507583897 	 1.48914e-08
60.8868074172 	 1.48876e-08
60.9228564446 	 1.48845e-08
60.9589054721 	 1.48773e-08
60.9949544996 	 1.48732e-08
61.0310035271 	 1.48635e-08
61.0670525546 	 1.48592e-08
61.1031015821 	 1.48505e-08
61.1391506095 	 1.48477e-08
61.175199637 	 1.48413e-08
61.2112486645 	 1.48393e-08
61.247297692 	 1.4825e-08
61.2833467195 	 1.48259e-08
61.3193957469 	 1.48196e-08
61.3554447744 	 1.48157e-08
61.3914938019 	 1.48038e-08
61.4275428294 	 1.47971e-08
61.4635918569 	 1.47921e-08
61.4996408844 	 1.47883e-08
61.5356899118 	 1.47814e-08
61.5717389393 	 1.47774e-08
61.6077879668 	 1.47701e-08
61.6438369943 	 1.47742e-08
61.6798860218 	 1.4755e-08
61.7159350492 	 1.47576e-08
61.7519840767 	 1.4749e-08
61.7880331042 	 1.47476e-08
61.8240821317 	 1.47351e-08
61.8601311592 	 1.47252e-08
61.8961801867 	 1.47233e-08
61.9322292141 	 1.47255e-08
61.9682782416 	 1.47126e-08
62.0043272691 	 1.47053e-08
62.0403762966 	 1.4703e-08
62.0764253241 	 1.47024e-08
62.1124743516 	 1.46892e-08
62.148523379 	 1.46794e-08
62.1845724065 	 1.46823e-08
62.220621434 	 1.46739e-08
62.2566704615 	 1.4679e-08
62.292719489 	 1.46568e-08
62.3287685164 	 1.466e-08
62.3648175439 	 1.46544e-08
62.4008665714 	 1.46459e-08
62.4369155989 	 1.46382e-08
62.4729646264 	 1.46363e-08
62.5090136539 	 1.46271e-08
62.5450626813 	 1.46221e-08
62.5811117088 	 1.46211e-08
62.6171607363 	 1.46179e-08
62.6532097638 	 1.46058e-08
62.6892587913 	 1.46025e-08
62.7253078187 	 1.45915e-08
62.7613568462 	 1.46e-08
62.7974058737 	 1.45888e-08
62.8334549012 	 1.45808e-08
62.8695039287 	 1.4569e-08
62.9055529562 	 1.45741e-08
62.9416019836 	 1.45635e-08
62.9776510111 	 1.45537e-08
63.0137000386 	 1.45502e-08
63.0497490661 	 1.45465e-08
63.0857980936 	 1.45443e-08
63.121847121 	 1.45413e-08
63.1578961485 	 1.45298e-08
63.193945176 	 1.45276e-08
63.2299942035 	 1.45231e-08
63.266043231 	 1.45148e-08
63.3020922585 	 1.45081e-08
63.3381412859 	 1.45101e-08
63.3741903134 	 1.44977e-08
63.4102393409 	 1.44924e-08
63.4462883684 	 1.44894e-08
63.4823373959 	 1.44805e-08
63.5183864234 	 1.44733e-08
63.5544354508 	 1.44732e-08
63.5904844783 	 1.44709e-08
63.6265335058 	 1.44659e-08
63.6625825333 	 1.44634e-08
63.6986315608 	 1.44483e-08
63.7346805882 	 1.44446e-08
63.7707296157 	 1.44399e-08
63.8067786432 	 1.44339e-08
63.8428276707 	 1.44304e-08
63.8788766982 	 1.44309e-08
63.9149257257 	 1.44171e-08
63.9509747531 	 1.44176e-08
63.9870237806 	 1.44041e-08
64.0230728081 	 1.44084e-08
64.0591218356 	 1.4397e-08
64.0951708631 	 1.43982e-08
64.1312198905 	 1.43892e-08
64.167268918 	 1.43895e-08
64.2033179455 	 1.43791e-08
64.239366973 	 1.43749e-08
64.2754160005 	 1.43642e-08
64.311465028 	 1.43641e-08
64.3475140554 	 1.43582e-08
64.3835630829 	 1.43526e-08
64.4196121104 	 1.43472e-08
64.4556611379 	 1.43458e-08
64.4917101654 	 1.43349e-08
64.5277591928 	 1.43317e-08
64.5638082203 	 1.43258e-08
64.5998572478 	 1.43257e-08
64.6359062753 	 1.43242e-08
64.6719553028 	 1.43134e-08
64.7080043303 	 1.43081e-08
64.7440533577 	 1.43066e-08
64.7801023852 	 1.42929e-08
64.8161514127 	 1.42939e-08
64.8522004402 	 1.4286e-08
64.8882494677 	 1.42833e-08
64.9242984952 	 1.42782e-08
64.9603475226 	 1.42671e-08
64.9963965501 	 1.42672e-08
65.0324455776 	 1.4266e-08
65.0684946051 	 1.42583e-08
65.1045436326 	 1.42571e-08
65.14059266 	 1.4251e-08
65.1766416875 	 1.42419e-08
65.212690715 	 1.42412e-08
65.2487397425 	 1.42297e-08
65.28478877 	 1.4233e-08
65.3208377975 	 1.42194e-08
65.3568868249 	 1.42156e-08
65.3929358524 	 1.42115e-08
65.4289848799 	 1.42127e-08
65.4650339074 	 1.42044e-08
65.5010829349 	 1.42001e-08
65.5371319623 	 1.41939e-08
65.5731809898 	 1.41936e-08
65.6092300173 	 1.41837e-08
65.6452790448 	 1.41804e-08
65.6813280723 	 1.41757e-08
65.7173770998 	 1.4169e-08
65.7534261272 	 1.41648e-08
65.7894751547 	 1.41572e-08
65.8255241822 	 1.41595e-08
65.8615732097 	 1.4152e-08
65.8976222372 	 1.41422e-08
65.9336712646 	 1.41402e-08
65.9697202921 	 1.41372e-08
66.0057693196 	 1.41386e-08
66.0418183471 	 1.41318e-08
66.0778673746 	 1.41212e-08
66.1139164021 	 1.41153e-08
66.1499654295 	 1.41115e-08
66.186014457 	 1.41113e-08
66.2220634845 	 1.41042e-08
66.258112512 	 1.40949e-08
66.2941615395 	 1.40934e-08
66.330210567 	 1.40912e-08
66.3662595944 	 1.40863e-08
66.4023086219 	 1.40808e-08
66.4383576494 	 1.40753e-08
66.4744066769 	 1.40691e-08
66.5104557044 	 1.40707e-08
66.5465047318 	 1.40598e-08
66.5825537593 	 1.40604e-08
66.6186027868 	 1.40551e-08
66.6546518143 	 1.40455e-08
66.6907008418 	 1.40429e-08
66.7267498693 	 1.40434e-08
66.7627988967 	 1.40303e-08
66.7988479242 	 1.40333e-08
66.8348969517 	 1.40203e-08
66.8709459792 	 1.40157e-08
66.9069950067 	 1.40183e-08
66.9430440341 	 1.40097e-08
66.9790930616 	 1.40081e-08
67.0151420891 	 1.4006e-08
67.0511911166 	 1.40014e-08
67.0872401441 	 1.39959e-08
67.1232891716 	 1.39909e-08
67.159338199 	 1.39808e-08
67.1953872265 	 1.39806e-08
67.231436254 	 1.39738e-08
67.2674852815 	 1.39717e-08
67.303534309 	 1.39679e-08
67.3395833364 	 1.39604e-08
67.3756323639 	 1.39492e-08
67.4116813914 	 1.39533e-08
67.4477304189 	 1.39523e-08
67.4837794464 	 1.39475e-08
67.5198284739 	 1.39404e-08
67.5558775013 	 1.39321e-08
67.5919265288 	 1.3933e-08
67.6279755563 	 1.39321e-08
67.6640245838 	 1.39199e-08
67.7000736113 	 1.39174e-08
67.7361226387 	 1.39112e-08
67.7721716662 	 1.39079e-08
67.8082206937 	 1.39079e-08
67.8442697212 	 1.38967e-08
67.8803187487 	 1.38965e-08
67.9163677762 	 1.38954e-08
67.9524168036 	 1.38866e-08
67.9884658311 	 1.38836e-08
68.0245148586 	 1.38782e-08
68.0605638861 	 1.38759e-08
68.0966129136 	 1.38705e-08
68.1326619411 	 1.38631e-08
68.1687109685 	 1.38556e-08
68.204759996 	 1.38628e-08
68.2408090235 	 1.38517e-08
68.276858051 	 1.38475e-08
68.3129070785 	 1.38415e-08
68.3489561059 	 1.38422e-08
68.3850051334 	 1.38381e-08
68.4210541609 	 1.38311e-08
68.4571031884 	 1.38286e-08
68.4931522159 	 1.3825e-08
68.5292012434 	 1.38197e-08
68.5652502708 	 1.38179e-08
68.6012992983 	 1.3803e-08
68.6373483258 	 1.38084e-08
68.6733973533 	 1.37981e-08
68.7094463808 	 1.37958e-08
68.7454954082 	 1.3795e-08
68.7815444357 	 1.37901e-08
68.8175934632 	 1.37848e-08
68.8536424907 	 1.37886e-08
68.8896915182 	 1.37775e-08
68.9257405457 	 1.37727e-08
68.9617895731 	 1.37675e-08
68.9978386006 	 1.37592e-08
69.0338876281 	 1.37637e-08
69.0699366556 	 1.37553e-08
69.1059856831 	 1.37522e-08
69.1420347105 	 1.37429e-08
69.178083738 	 1.37483e-08
69.2141327655 	 1.37392e-08
69.250181793 	 1.37399e-08
69.2862308205 	 1.37291e-08
69.322279848 	 1.37258e-08
69.3583288754 	 1.37262e-08
69.3943779029 	 1.37231e-08
69.4304269304 	 1.37161e-08
69.4664759579 	 1.37062e-08
69.5025249854 	 1.37028e-08
69.5385740129 	 1.37046e-08
69.5746230403 	 1.37025e-08
69.6106720678 	 1.36939e-08
69.6467210953 	 1.36916e-08
69.6827701228 	 1.3684e-08
69.7188191503 	 1.36871e-08
69.7548681777 	 1.36767e-08
69.7909172052 	 1.36759e-08
69.8269662327 	 1.36755e-08
69.8630152602 	 1.36701e-08
69.8990642877 	 1.36581e-08
69.9351133152 	 1.36609e-08
69.9711623426 	 1.36528e-08
70.0072113701 	 1.36537e-08
70.0432603976 	 1.36456e-08
70.0793094251 	 1.36429e-08
70.1153584526 	 1.36373e-08
70.15140748 	 1.36415e-08
70.1874565075 	 1.36246e-08
70.223505535 	 1.36293e-08
70.2595545625 	 1.36256e-08
70.29560359 	 1.36246e-08
70.3316526175 	 1.36143e-08
70.3677016449 	 1.36136e-08
70.4037506724 	 1.36069e-08
70.4397996999 	 1.36106e-08
70.4758487274 	 1.3594e-08
70.5118977549 	 1.35962e-08
70.5479467823 	 1.35888e-08
70.5839958098 	 1.35934e-08
70.6200448373 	 1.35793e-08
70.6560938648 	 1.35808e-08
70.6921428923 	 1.35815e-08
70.7281919198 	 1.35748e-08
70.7642409472 	 1.35738e-08
70.8002899747 	 1.35623e-08
70.8363390022 	 1.35672e-08
70.8723880297 	 1.35592e-08
70.9084370572 	 1.3555e-08
70.9444860847 	 1.35454e-08
70.9805351121 	 1.35507e-08
71.0165841396 	 1.35411e-08
71.0526331671 	 1.35423e-08
71.0886821946 	 1.35341e-08
71.1247312221 	 1.35348e-08
71.1607802495 	 1.35263e-08
71.196829277 	 1.35224e-08
71.2328783045 	 1.35215e-08
71.268927332 	 1.35227e-08
71.3049763595 	 1.35178e-08
71.341025387 	 1.35079e-08
71.3770744144 	 1.34995e-08
71.4131234419 	 1.35028e-08
71.4491724694 	 1.35021e-08
71.4852214969 	 1.34903e-08
71.5212705244 	 1.34938e-08
71.5573195518 	 1.34874e-08
71.5933685793 	 1.34863e-08
71.6294176068 	 1.34877e-08
71.6654666343 	 1.3474e-08
71.7015156618 	 1.34735e-08
71.7375646893 	 1.34676e-08
71.7736137167 	 1.34621e-08
71.8096627442 	 1.34637e-08
71.8457117717 	 1.34603e-08
71.8817607992 	 1.34579e-08
71.9178098267 	 1.34462e-08
71.9538588541 	 1.34499e-08
71.9899078816 	 1.34465e-08
72.0259569091 	 1.34428e-08
72.0620059366 	 1.34352e-08
72.0980549641 	 1.34291e-08
72.1341039916 	 1.34323e-08
72.170153019 	 1.34281e-08
72.2062020465 	 1.34194e-08
72.242251074 	 1.34195e-08
72.2783001015 	 1.34168e-08
72.314349129 	 1.34161e-08
72.3503981565 	 1.34086e-08
72.3864471839 	 1.34016e-08
72.4224962114 	 1.34051e-08
72.4585452389 	 1.33992e-08
72.4945942664 	 1.33939e-08
72.5306432939 	 1.33842e-08
72.5666923213 	 1.33914e-08
72.6027413488 	 1.3386e-08
72.6387903763 	 1.33814e-08
72.6748394038 	 1.33783e-08
72.7108884313 	 1.33702e-08
72.7469374588 	 1.33724e-08
72.7829864862 	 1.33681e-08
72.8190355137 	 1.3364e-08
72.8550845412 	 1.33549e-08
72.8911335687 	 1.33578e-08
72.9271825962 	 1.33549e-08
72.9632316236 	 1.33495e-08
72.9992806511 	 1.33503e-08
73.0353296786 	 1.33363e-08
73.0713787061 	 1.33436e-08
73.1074277336 	 1.33362e-08
73.1434767611 	 1.33305e-08
73.1795257885 	 1.33229e-08
73.215574816 	 1.33284e-08
73.2516238435 	 1.33252e-08
73.287672871 	 1.33215e-08
73.3237218985 	 1.33169e-08
73.3597709259 	 1.33124e-08
73.3958199534 	 1.3311e-08
73.4318689809 	 1.33057e-08
73.4679180084 	 1.33024e-08
73.5039670359 	 1.32896e-08
73.5400160634 	 1.33003e-08
73.5760650908 	 1.32924e-08
73.6121141183 	 1.32862e-08
73.6481631458 	 1.32903e-08
73.6842121733 	 1.32766e-08
73.7202612008 	 1.32857e-08
73.7563102283 	 1.32746e-08
73.7923592557 	 1.3272e-08
73.8284082832 	 1.32707e-08
73.8644573107 	 1.32686e-08
73.9005063382 	 1.32565e-08
73.9365553657 	 1.32567e-08
73.9726043931 	 1.3256e-08
74.0086534206 	 1.32591e-08
74.0447024481 	 1.32502e-08
74.0807514756 	 1.32444e-08
74.1168005031 	 1.32384e-08
74.1528495306 	 1.32448e-08
74.188898558 	 1.32341e-08
74.2249475855 	 1.32375e-08
74.260996613 	 1.32334e-08
74.2970456405 	 1.32278e-08
74.333094668 	 1.32228e-08
74.3691436954 	 1.32176e-08
74.4051927229 	 1.32148e-08
74.4412417504 	 1.32124e-08
74.4772907779 	 1.32034e-08
74.5133398054 	 1.32088e-08
74.5493888329 	 1.32123e-08
74.5854378603 	 1.32048e-08
74.6214868878 	 1.32005e-08
74.6575359153 	 1.3191e-08
74.6935849428 	 1.31963e-08
74.7296339703 	 1.31929e-08
74.7656829977 	 1.31845e-08
74.8017320252 	 1.31769e-08
74.8377810527 	 1.31811e-08
74.8738300802 	 1.31761e-08
74.9098791077 	 1.31726e-08
74.9459281352 	 1.31684e-08
74.9819771626 	 1.31672e-08
75.0180261901 	 1.31657e-08
75.0540752176 	 1.31669e-08
75.0901242451 	 1.31556e-08
75.1261732726 	 1.31547e-08
75.1622223 	 1.31552e-08
75.1982713275 	 1.31418e-08
75.234320355 	 1.31435e-08
75.2703693825 	 1.31376e-08
75.30641841 	 1.31434e-08
75.3424674375 	 1.31401e-08
75.3785164649 	 1.3136e-08
75.4145654924 	 1.31313e-08
75.4506145199 	 1.31314e-08
75.4866635474 	 1.31293e-08
75.5227125749 	 1.311e-08
75.5587616024 	 1.31176e-08
75.5948106298 	 1.31134e-08
75.6308596573 	 1.31111e-08
75.6669086848 	 1.31146e-08
75.7029577123 	 1.31036e-08
75.7390067398 	 1.31078e-08
75.7750557672 	 1.30998e-08
75.8111047947 	 1.30931e-08
75.8471538222 	 1.30976e-08
75.8832028497 	 1.30925e-08
75.9192518772 	 1.30851e-08
75.9553009047 	 1.30867e-08
75.9913499321 	 1.30844e-08
76.0273989596 	 1.30816e-08
76.0634479871 	 1.30797e-08
76.0994970146 	 1.30678e-08
76.1355460421 	 1.30715e-08
76.1715950695 	 1.30689e-08
76.207644097 	 1.30653e-08
76.2436931245 	 1.30613e-08
76.279742152 	 1.30558e-08
76.3157911795 	 1.30603e-08
76.351840207 	 1.30543e-08
76.3878892344 	 1.30535e-08
76.4239382619 	 1.3044e-08
76.4599872894 	 1.3046e-08
76.4960363169 	 1.30417e-08
76.5320853444 	 1.30353e-08
76.5681343718 	 1.30394e-08
76.6041833993 	 1.30334e-08
76.6402324268 	 1.30346e-08
76.6762814543 	 1.30237e-08
76.7123304818 	 1.30238e-08
76.7483795093 	 1.30288e-08
76.7844285367 	 1.30167e-08
76.8204775642 	 1.30191e-08
76.8565265917 	 1.3009e-08
76.8925756192 	 1.30079e-08
76.9286246467 	 1.30115e-08
76.9646736742 	 1.3005e-08
77.0007227016 	 1.30019e-08
77.0367717291 	 1.29974e-08
77.0728207566 	 1.2999e-08
77.1088697841 	 1.29973e-08
77.1449188116 	 1.29942e-08
77.180967839 	 1.29847e-08
77.2170168665 	 1.29895e-08
77.253065894 	 1.29801e-08
77.2891149215 	 1.29815e-08
77.325163949 	 1.29771e-08
77.3612129765 	 1.29717e-08
77.3972620039 	 1.29759e-08
77.4333110314 	 1.29672e-08
77.4693600589 	 1.29682e-08
77.5054090864 	 1.29671e-08
77.5414581139 	 1.29612e-08
77.5775071413 	 1.29585e-08
77.6135561688 	 1.29527e-08
77.6496051963 	 1.29576e-08
77.6856542238 	 1.29447e-08
77.7217032513 	 1.29495e-08
77.7577522788 	 1.29452e-08
77.7938013062 	 1.29395e-08
77.8298503337 	 1.29469e-08
77.8658993612 	 1.29354e-08
77.9019483887 	 1.29317e-08
77.9379974162 	 1.29349e-08
77.9740464436 	 1.29307e-08
78.0100954711 	 1.29283e-08
78.0461444986 	 1.29249e-08
78.0821935261 	 1.29185e-08
78.1182425536 	 1.2912e-08
78.1542915811 	 1.29186e-08
78.1903406085 	 1.29117e-08
78.226389636 	 1.29097e-08
78.2624386635 	 1.29131e-08
78.298487691 	 1.29091e-08
78.3345367185 	 1.29028e-08
78.370585746 	 1.29075e-08
78.4066347734 	 1.28897e-08
78.4426838009 	 1.2896e-08
78.4787328284 	 1.28904e-08
78.5147818559 	 1.28857e-08
78.5508308834 	 1.28876e-08
78.5868799108 	 1.28853e-08
78.6229289383 	 1.28804e-08
78.6589779658 	 1.28827e-08
78.6950269933 	 1.2882e-08
78.7310760208 	 1.28806e-08
78.7671250483 	 1.28675e-08
78.8031740757 	 1.2871e-08
78.8392231032 	 1.28628e-08
78.8752721307 	 1.28654e-08
78.9113211582 	 1.28611e-08
78.9473701857 	 1.28558e-08
78.9834192131 	 1.28558e-08
79.0194682406 	 1.2855e-08
79.0555172681 	 1.2859e-08
79.0915662956 	 1.28547e-08
79.1276153231 	 1.28484e-08
79.1636643506 	 1.28386e-08
79.199713378 	 1.28411e-08
79.2357624055 	 1.28403e-08
79.271811433 	 1.28401e-08
79.3078604605 	 1.28292e-08
79.343909488 	 1.28351e-08
79.3799585154 	 1.28268e-08
79.4160075429 	 1.28376e-08
79.4520565704 	 1.28255e-08
79.4881055979 	 1.28202e-08
79.5241546254 	 1.28129e-08
79.5602036529 	 1.28189e-08
79.5962526803 	 1.2816e-08
79.6323017078 	 1.2818e-08
79.6683507353 	 1.28094e-08
79.7043997628 	 1.28098e-08
79.7404487903 	 1.28004e-08
79.7764978178 	 1.28046e-08
79.8125468452 	 1.27978e-08
79.8485958727 	 1.28042e-08
79.8846449002 	 1.27975e-08
79.9206939277 	 1.27905e-08
79.9567429552 	 1.2788e-08
79.9927919826 	 1.27931e-08
80.0288410101 	 1.27877e-08
80.0648900376 	 1.27869e-08
80.1009390651 	 1.27843e-08
80.1369880926 	 1.27751e-08
80.1730371201 	 1.27844e-08
80.2090861475 	 1.27792e-08
80.245135175 	 1.27678e-08
80.2811842025 	 1.27614e-08
80.31723323 	 1.27673e-08
80.3532822575 	 1.27678e-08
80.3893312849 	 1.27649e-08
80.4253803124 	 1.27644e-08
80.4614293399 	 1.27575e-08
80.4974783674 	 1.27602e-08
80.5335273949 	 1.27567e-08
80.5695764224 	 1.2742e-08
80.6056254498 	 1.27556e-08
80.6416744773 	 1.27518e-08
80.6777235048 	 1.27402e-08
80.7137725323 	 1.27472e-08
80.7498215598 	 1.27409e-08
80.7858705872 	 1.27378e-08
80.8219196147 	 1.27317e-08
80.8579686422 	 1.27281e-08
80.8940176697 	 1.27319e-08
80.9300666972 	 1.27381e-08
80.9661157247 	 1.27239e-08
81.0021647521 	 1.27272e-08
81.0382137796 	 1.2728e-08
81.0742628071 	 1.27213e-08
81.1103118346 	 1.27175e-08
81.1463608621 	 1.27126e-08
81.1824098896 	 1.27096e-08
81.218458917 	 1.27119e-08
81.2545079445 	 1.27092e-08
81.290556972 	 1.27081e-08
81.3266059995 	 1.27066e-08
81.362655027 	 1.27e-08
81.3987040544 	 1.27052e-08
81.4347530819 	 1.27036e-08
81.4708021094 	 1.26967e-08
81.5068511369 	 1.26927e-08
81.5429001644 	 1.26901e-08
81.5789491919 	 1.26931e-08
81.6149982193 	 1.26884e-08
81.6510472468 	 1.26822e-08
81.6870962743 	 1.26848e-08
81.7231453018 	 1.26792e-08
81.7591943293 	 1.26795e-08
81.7952433567 	 1.26732e-08
81.8312923842 	 1.26753e-08
81.8673414117 	 1.26788e-08
81.9033904392 	 1.26739e-08
81.9394394667 	 1.26704e-08
81.9754884942 	 1.2668e-08
82.0115375216 	 1.26611e-08
82.0475865491 	 1.26651e-08
82.0836355766 	 1.26607e-08
82.1196846041 	 1.2653e-08
82.1557336316 	 1.26562e-08
82.191782659 	 1.26554e-08
82.2278316865 	 1.26538e-08
82.263880714 	 1.26579e-08
82.2999297415 	 1.26458e-08
82.335978769 	 1.26465e-08
82.3720277965 	 1.2642e-08
82.4080768239 	 1.26413e-08
82.4441258514 	 1.26357e-08
82.4801748789 	 1.26377e-08
82.5162239064 	 1.26357e-08
82.5522729339 	 1.26376e-08
82.5883219613 	 1.26316e-08
82.6243709888 	 1.26293e-08
82.6604200163 	 1.26289e-08
82.6964690438 	 1.2628e-08
82.7325180713 	 1.26251e-08
82.7685670988 	 1.26201e-08
82.8046161262 	 1.26211e-08
82.8406651537 	 1.26204e-08
82.8767141812 	 1.26115e-08
82.9127632087 	 1.26137e-08
82.9488122362 	 1.26144e-08
82.9848612637 	 1.26121e-08
83.0209102911 	 1.26096e-08
83.0569593186 	 1.26031e-08
83.0930083461 	 1.26085e-08
83.1290573736 	 1.26016e-08
83.1651064011 	 1.25994e-08
83.2011554285 	 1.25896e-08
83.237204456 	 1.25994e-08
83.2732534835 	 1.25955e-08
83.309302511 	 1.25924e-08
83.3453515385 	 1.25923e-08
83.381400566 	 1.25894e-08
83.4174495934 	 1.25914e-08
83.4534986209 	 1.25852e-08
83.4895476484 	 1.2582e-08
83.5255966759 	 1.25835e-08
83.5616457034 	 1.2575e-08
83.5976947308 	 1.25751e-08
83.6337437583 	 1.25728e-08
83.6697927858 	 1.25778e-08
83.7058418133 	 1.25685e-08
83.7418908408 	 1.25744e-08
83.7779398683 	 1.25683e-08
83.8139888957 	 1.25726e-08
83.8500379232 	 1.25634e-08
83.8860869507 	 1.25604e-08
83.9221359782 	 1.25567e-08
83.9581850057 	 1.25617e-08
83.9942340331 	 1.25522e-08
84.0302830606 	 1.25541e-08
84.0663320881 	 1.25593e-08
84.1023811156 	 1.25467e-08
84.1384301431 	 1.25489e-08
84.1744791706 	 1.25467e-08
84.210528198 	 1.25455e-08
84.2465772255 	 1.25566e-08
84.282626253 	 1.25408e-08
84.3186752805 	 1.25403e-08
84.354724308 	 1.25399e-08
84.3907733355 	 1.25343e-08
84.4268223629 	 1.25376e-08
84.4628713904 	 1.25292e-08
84.4989204179 	 1.25293e-08
84.5349694454 	 1.25328e-08
84.5710184729 	 1.25275e-08
84.6070675003 	 1.25296e-08
84.6431165278 	 1.25286e-08
84.6791655553 	 1.25213e-08
84.7152145828 	 1.25156e-08
84.7512636103 	 1.25173e-08
84.7873126378 	 1.2513e-08
84.8233616652 	 1.25238e-08
84.8594106927 	 1.25179e-08
84.8954597202 	 1.25149e-08
84.9315087477 	 1.25132e-08
84.9675577752 	 1.25091e-08
85.0036068026 	 1.25072e-08
85.0396558301 	 1.25036e-08
85.0757048576 	 1.25017e-08
85.1117538851 	 1.24983e-08
85.1478029126 	 1.2503e-08
85.1838519401 	 1.24984e-08
85.2199009675 	 1.25015e-08
85.255949995 	 1.24953e-08
85.2919990225 	 1.24946e-08
85.32804805 	 1.24958e-08
85.3640970775 	 1.24852e-08
85.4001461049 	 1.2491e-08
85.4361951324 	 1.24893e-08
85.4722441599 	 1.24832e-08
85.5082931874 	 1.24896e-08
85.5443422149 	 1.24781e-08
85.5803912424 	 1.24824e-08
85.6164402698 	 1.24834e-08
85.6524892973 	 1.2475e-08
85.6885383248 	 1.2479e-08
85.7245873523 	 1.24706e-08
85.7606363798 	 1.24724e-08
85.7966854073 	 1.24744e-08
85.8327344347 	 1.2466e-08
85.8687834622 	 1.2473e-08
85.9048324897 	 1.24657e-08
85.9408815172 	 1.24621e-08
85.9769305447 	 1.24618e-08
86.0129795721 	 1.24612e-08
86.0490285996 	 1.24597e-08
86.0850776271 	 1.2462e-08
86.1211266546 	 1.24567e-08
86.1571756821 	 1.24537e-08
86.1932247096 	 1.24581e-08
86.229273737 	 1.24523e-08
86.2653227645 	 1.24481e-08
86.301371792 	 1.24503e-08
86.3374208195 	 1.24452e-08
86.373469847 	 1.24432e-08
86.4095188744 	 1.24501e-08
86.4455679019 	 1.24433e-08
86.4816169294 	 1.24417e-08
86.5176659569 	 1.24365e-08
86.5537149844 	 1.2435e-08
86.5897640119 	 1.24404e-08
86.6258130393 	 1.24446e-08
86.6618620668 	 1.24279e-08
86.6979110943 	 1.24293e-08
86.7339601218 	 1.24315e-08
86.7700091493 	 1.24232e-08
86.8060581767 	 1.24294e-08
86.8421072042 	 1.24261e-08
86.8781562317 	 1.24299e-08
86.9142052592 	 1.2426e-08
86.9502542867 	 1.24214e-08
86.9863033142 	 1.24183e-08
87.0223523416 	 1.24235e-08
87.0584013691 	 1.24162e-08
87.0944503966 	 1.2412e-08
87.1304994241 	 1.24162e-08
87.1665484516 	 1.24126e-08
87.2025974791 	 1.24171e-08
87.2386465065 	 1.24082e-08
87.274695534 	 1.24034e-08
87.3107445615 	 1.24064e-08
87.346793589 	 1.2403e-08
87.3828426165 	 1.24082e-08
87.4188916439 	 1.24079e-08
87.4549406714 	 1.24017e-08
87.4909896989 	 1.24047e-08
87.5270387264 	 1.24018e-08
87.5630877539 	 1.23956e-08
87.5991367814 	 1.23948e-08
87.6351858088 	 1.23908e-08
87.6712348363 	 1.23948e-08
87.7072838638 	 1.23912e-08
87.7433328913 	 1.23896e-08
87.7793819188 	 1.23861e-08
87.8154309462 	 1.23919e-08
87.8514799737 	 1.23906e-08
87.8875290012 	 1.23868e-08
87.9235780287 	 1.23838e-08
87.9596270562 	 1.23809e-08
87.9956760837 	 1.23774e-08
88.0317251111 	 1.23843e-08
88.0677741386 	 1.23756e-08
88.1038231661 	 1.23785e-08
88.1398721936 	 1.23798e-08
88.1759212211 	 1.23749e-08
88.2119702485 	 1.23786e-08
88.248019276 	 1.23695e-08
88.2840683035 	 1.23679e-08
88.320117331 	 1.23726e-08
88.3561663585 	 1.23611e-08
88.392215386 	 1.23655e-08
88.4282644134 	 1.2365e-08
88.4643134409 	 1.23637e-08
88.5003624684 	 1.2368e-08
88.5364114959 	 1.23651e-08
88.5724605234 	 1.23644e-08
88.6085095509 	 1.23599e-08
88.6445585783 	 1.23571e-08
88.6806076058 	 1.2348e-08
88.7166566333 	 1.23548e-08
88.7527056608 	 1.2349e-08
88.7887546883 	 1.23564e-08
88.8248037157 	 1.23596e-08
88.8608527432 	 1.23436e-08
88.8969017707 	 1.23533e-08
88.9329507982 	 1.23468e-08
88.9689998257 	 1.2347e-08
89.0050488532 	 1.23465e-08
89.0410978806 	 1.23377e-08
89.0771469081 	 1.23475e-08
89.1131959356 	 1.23411e-08
89.1492449631 	 1.2347e-08
89.1852939906 	 1.23347e-08
89.221343018 	 1.23415e-08
89.2573920455 	 1.23348e-08
89.293441073 	 1.23268e-08
89.3294901005 	 1.23371e-08
89.365539128 	 1.23338e-08
89.4015881555 	 1.2338e-08
89.4376371829 	 1.23278e-08
89.4736862104 	 1.23334e-08
89.5097352379 	 1.23287e-08
89.5457842654 	 1.23318e-08
89.5818332929 	 1.2321e-08
89.6178823203 	 1.23238e-08
89.6539313478 	 1.23232e-08
89.6899803753 	 1.2324e-08
89.7260294028 	 1.23196e-08
89.7620784303 	 1.23224e-08
89.7981274578 	 1.23197e-08
89.8341764852 	 1.23175e-08
89.8702255127 	 1.23162e-08
89.9062745402 	 1.2321e-08
89.9423235677 	 1.2315e-08
89.9783725952 	 1.23138e-08
90.0144216226 	 1.2312e-08
90.0504706501 	 1.23113e-08
90.0865196776 	 1.23067e-08
90.1225687051 	 1.23118e-08
90.1586177326 	 1.23035e-08
90.1946667601 	 1.23102e-08
90.2307157875 	 1.23081e-08
90.266764815 	 1.22977e-08
90.3028138425 	 1.23123e-08
90.33886287 	 1.23041e-08
90.3749118975 	 1.23052e-08
90.410960925 	 1.22972e-08
90.4470099524 	 1.22986e-08
90.4830589799 	 1.22997e-08
90.5191080074 	 1.22985e-08
90.5551570349 	 1.23005e-08
90.5912060624 	 1.2288e-08
90.6272550898 	 1.22951e-08
90.6633041173 	 1.22951e-08
90.6993531448 	 1.22913e-08
90.7354021723 	 1.22913e-08
90.7714511998 	 1.22932e-08
90.8075002273 	 1.22878e-08
90.8435492547 	 1.22895e-08
90.8795982822 	 1.22862e-08
90.9156473097 	 1.22842e-08
90.9516963372 	 1.22907e-08
90.9877453647 	 1.22834e-08
91.0237943921 	 1.22819e-08
91.0598434196 	 1.2281e-08
91.0958924471 	 1.22869e-08
91.1319414746 	 1.22768e-08
91.1679905021 	 1.22775e-08
91.2040395296 	 1.22776e-08
91.240088557 	 1.22802e-08
91.2761375845 	 1.22803e-08
91.312186612 	 1.22765e-08
91.3482356395 	 1.22739e-08
91.384284667 	 1.22741e-08
91.4203336944 	 1.2272e-08
91.4563827219 	 1.22659e-08
91.4924317494 	 1.22696e-08
91.5284807769 	 1.22687e-08
91.5645298044 	 1.22687e-08
91.6005788319 	 1.22714e-08
91.6366278593 	 1.22772e-08
91.6726768868 	 1.22633e-08
91.7087259143 	 1.22719e-08
91.7447749418 	 1.22579e-08
91.7808239693 	 1.22635e-08
91.8168729968 	 1.22594e-08
91.8529220242 	 1.22606e-08
91.8889710517 	 1.22631e-08
91.9250200792 	 1.22603e-08
91.9610691067 	 1.22583e-08
91.9971181342 	 1.22545e-08
92.0331671616 	 1.22631e-08
92.0692161891 	 1.2253e-08
92.1052652166 	 1.22558e-08
92.1413142441 	 1.22508e-08
92.1773632716 	 1.2258e-08
92.2134122991 	 1.22544e-08
92.2494613265 	 1.22515e-08
92.285510354 	 1.22567e-08
92.3215593815 	 1.2244e-08
92.357608409 	 1.22484e-08
92.3936574365 	 1.22461e-08
92.4297064639 	 1.22484e-08
92.4657554914 	 1.22489e-08
92.5018045189 	 1.22495e-08
92.5378535464 	 1.22437e-08
92.5739025739 	 1.2242e-08
92.6099516014 	 1.22488e-08
92.6460006288 	 1.22406e-08
92.6820496563 	 1.22456e-08
92.7180986838 	 1.22414e-08
92.7541477113 	 1.22369e-08
92.7901967388 	 1.22398e-08
92.8262457662 	 1.22386e-08
92.8622947937 	 1.22354e-08
92.8983438212 	 1.22415e-08
92.9343928487 	 1.22326e-08
92.9704418762 	 1.22384e-08
93.0064909037 	 1.22409e-08
93.0425399311 	 1.22339e-08
93.0785889586 	 1.22261e-08
93.1146379861 	 1.22315e-08
93.1506870136 	 1.22322e-08
93.1867360411 	 1.22381e-08
93.2227850686 	 1.22274e-08
93.258834096 	 1.22308e-08
93.2948831235 	 1.22326e-08
93.330932151 	 1.22289e-08
93.3669811785 	 1.22212e-08
93.403030206 	 1.22274e-08
93.4390792334 	 1.22266e-08
93.4751282609 	 1.2229e-08
93.5111772884 	 1.22203e-08
93.5472263159 	 1.22237e-08
93.5832753434 	 1.22267e-08
93.6193243709 	 1.22232e-08
93.6553733983 	 1.22198e-08
93.6914224258 	 1.22176e-08
93.7274714533 	 1.22184e-08
93.7635204808 	 1.22215e-08
93.7995695083 	 1.22236e-08
93.8356185357 	 1.2216e-08
93.8716675632 	 1.22236e-08
93.9077165907 	 1.22166e-08
93.9437656182 	 1.22199e-08
93.9798146457 	 1.2218e-08
94.0158636732 	 1.2212e-08
94.0519127006 	 1.22131e-08
94.0879617281 	 1.2211e-08
94.1240107556 	 1.22094e-08
94.1600597831 	 1.22101e-08
94.1961088106 	 1.22133e-08
94.232157838 	 1.22091e-08
94.2682068655 	 1.22151e-08
94.304255893 	 1.2209e-08
94.3403049205 	 1.2213e-08
94.376353948 	 1.22146e-08
94.4124029755 	 1.22059e-08
94.4484520029 	 1.22062e-08
94.4845010304 	 1.22064e-08
94.5205500579 	 1.22018e-08
94.5565990854 	 1.22089e-08
94.5926481129 	 1.22021e-08
94.6286971404 	 1.22051e-08
94.6647461678 	 1.22071e-08
94.7007951953 	 1.22051e-08
94.7368442228 	 1.2203e-08
94.7728932503 	 1.22026e-08
94.8089422778 	 1.21983e-08
94.8449913052 	 1.22004e-08
94.8810403327 	 1.22003e-08
94.9170893602 	 1.21961e-08
94.9531383877 	 1.21996e-08
94.9891874152 	 1.22037e-08
95.0252364427 	 1.22002e-08
95.0612854701 	 1.21959e-08
95.0973344976 	 1.21964e-08
95.1333835251 	 1.21973e-08
95.1694325526 	 1.21957e-08
95.2054815801 	 1.21984e-08
95.2415306075 	 1.21897e-08
95.277579635 	 1.22024e-08
95.3136286625 	 1.21952e-08
95.34967769 	 1.21895e-08
95.3857267175 	 1.21934e-08
95.421775745 	 1.21906e-08
95.4578247724 	 1.21947e-08
95.4938737999 	 1.21867e-08
95.5299228274 	 1.2193e-08
95.5659718549 	 1.21953e-08
95.6020208824 	 1.21892e-08
95.6380699098 	 1.21883e-08
95.6741189373 	 1.21841e-08
95.7101679648 	 1.21927e-08
95.7462169923 	 1.21883e-08
95.7822660198 	 1.21846e-08
95.8183150473 	 1.21915e-08
95.8543640747 	 1.21839e-08
95.8904131022 	 1.21897e-08
95.9264621297 	 1.21852e-08
95.9625111572 	 1.21813e-08
95.9985601847 	 1.21894e-08
96.0346092122 	 1.21803e-08
96.0706582396 	 1.21879e-08
96.1067072671 	 1.21807e-08
96.1427562946 	 1.21844e-08
96.1788053221 	 1.21836e-08
96.2148543496 	 1.21831e-08
96.250903377 	 1.21812e-08
96.2869524045 	 1.21825e-08
96.323001432 	 1.21831e-08
96.3590504595 	 1.21776e-08
96.395099487 	 1.21819e-08
96.4311485145 	 1.2178e-08
96.4671975419 	 1.21841e-08
96.5032465694 	 1.21788e-08
96.5392955969 	 1.21755e-08
96.5753446244 	 1.21832e-08
96.6113936519 	 1.21795e-08
96.6474426793 	 1.21749e-08
96.6834917068 	 1.21726e-08
96.7195407343 	 1.21778e-08
96.7555897618 	 1.21791e-08
96.7916387893 	 1.21809e-08
96.8276878168 	 1.2176e-08
96.8637368442 	 1.21704e-08
96.8997858717 	 1.21765e-08
96.9358348992 	 1.21745e-08
96.9718839267 	 1.21774e-08
97.0079329542 	 1.2174e-08
97.0439819816 	 1.21677e-08
97.0800310091 	 1.21736e-08
97.1160800366 	 1.2178e-08
97.1521290641 	 1.21752e-08
97.1881780916 	 1.21721e-08
97.2242271191 	 1.21664e-08
97.2602761465 	 1.21752e-08
97.296325174 	 1.21797e-08
97.3323742015 	 1.21719e-08
97.368423229 	 1.21654e-08
97.4044722565 	 1.21713e-08
97.4405212839 	 1.21691e-08
97.4765703114 	 1.21751e-08
97.5126193389 	 1.21651e-08
97.5486683664 	 1.21647e-08
97.5847173939 	 1.21731e-08
97.6207664214 	 1.2176e-08
97.6568154488 	 1.21722e-08
97.6928644763 	 1.21683e-08
97.7289135038 	 1.21641e-08
97.7649625313 	 1.21675e-08
97.8010115588 	 1.21683e-08
97.8370605863 	 1.21636e-08
97.8731096137 	 1.21668e-08
97.9091586412 	 1.21707e-08
97.9452076687 	 1.21719e-08
97.9812566962 	 1.21675e-08
98.0173057237 	 1.21652e-08
98.0533547511 	 1.21638e-08
98.0894037786 	 1.21627e-08
98.1254528061 	 1.21715e-08
98.1615018336 	 1.21634e-08
98.1975508611 	 1.21634e-08
98.2335998886 	 1.21671e-08
98.269648916 	 1.21638e-08
98.3056979435 	 1.21718e-08
98.341746971 	 1.21637e-08
98.3777959985 	 1.21603e-08
98.413845026 	 1.2166e-08
98.4498940534 	 1.21673e-08
98.4859430809 	 1.21608e-08
98.5219921084 	 1.21635e-08
98.5580411359 	 1.21657e-08
98.5940901634 	 1.21633e-08
98.6301391909 	 1.21644e-08
98.6661882183 	 1.21596e-08
98.7022372458 	 1.21658e-08
98.7382862733 	 1.21655e-08
98.7743353008 	 1.21595e-08
98.8103843283 	 1.21611e-08
98.8464333557 	 1.21662e-08
98.8824823832 	 1.21625e-08
98.9185314107 	 1.21648e-08
98.9545804382 	 1.21629e-08
98.9906294657 	 1.21606e-08
99.0266784932 	 1.2159e-08
99.0627275206 	 1.21589e-08
99.0987765481 	 1.21642e-08
99.1348255756 	 1.21625e-08
99.1708746031 	 1.21612e-08
99.2069236306 	 1.2158e-08
99.2429726581 	 1.21688e-08
99.2790216855 	 1.2162e-08
99.315070713 	 1.2159e-08
99.3511197405 	 1.21625e-08
99.387168768 	 1.21598e-08
99.4232177955 	 1.21625e-08
99.4592668229 	 1.21602e-08
99.4953158504 	 1.2156e-08
99.5313648779 	 1.21638e-08
99.5674139054 	 1.21595e-08
99.6034629329 	 1.21616e-08
99.6395119604 	 1.21662e-08
99.6755609878 	 1.21591e-08
99.7116100153 	 1.21639e-08
99.7476590428 	 1.21562e-08
99.7837080703 	 1.21601e-08
99.8197570978 	 1.21633e-08
99.8558061252 	 1.21606e-08
99.8918551527 	 1.21601e-08
99.9279041802 	 1.21571e-08
99.9639532077 	 1.21626e-08
100.000002235 	 1.2158e-08
