0.0 	 6.49736e-05
0.0334001343471 	 0.000220062
0.0668002686942 	 0.00139622
0.100200403041 	 0.000635648
0.133600537388 	 0.00125054
0.167000671735 	 0.000699025
0.200400806083 	 0.000696408
0.23380094043 	 0.00120321
0.267201074777 	 0.000614608
0.300601209124 	 0.000710502
0.334001343471 	 0.000497489
0.367401477818 	 0.000131498
0.400801612165 	 0.000133024
0.434201746512 	 0.000330474
0.467601880859 	 0.000183015
0.501002015206 	 0.000287931
0.534402149553 	 0.000334824
0.5678022839 	 7.68753e-05
0.601202418248 	 6.63814e-05
0.634602552595 	 0.000181694
0.668002686942 	 0.000293934
0.701402821289 	 9.88237e-05
0.734802955636 	 0.000161845
0.768203089983 	 0.000260311
0.80160322433 	 7.21595e-05
0.835003358677 	 5.97987e-05
0.868403493024 	 0.000185621
0.901803627371 	 0.000103259
0.935203761718 	 9.01441e-05
0.968603896065 	 8.9291e-05
1.00200403041 	 4.4975e-05
1.03540416476 	 0.000141037
1.06880429911 	 0.000144567
1.10220443345 	 0.000106468
1.1356045678 	 8.4634e-05
1.16900470215 	 6.12349e-05
1.2024048365 	 3.29701e-05
1.23580497084 	 3.80896e-05
1.26920510519 	 4.43591e-05
1.30260523954 	 3.30204e-05
1.33600537388 	 5.33336e-05
1.36940550823 	 2.77852e-05
1.40280564258 	 1.02185e-05
1.43620577692 	 1.66522e-05
1.46960591127 	 2.50216e-05
1.50300604562 	 2.30231e-05
1.53640617997 	 2.57923e-05
1.56980631431 	 6.05043e-06
1.60320644866 	 1.15339e-05
1.63660658301 	 1.71566e-05
1.67000671735 	 8.49471e-06
1.7034068517 	 3.65319e-05
1.73680698605 	 2.49829e-05
1.7702071204 	 1.1035e-05
1.80360725474 	 3.33716e-05
1.83700738909 	 1.80499e-05
1.87040752344 	 2.08583e-05
1.90380765778 	 1.10778e-05
1.93720779213 	 1.39422e-05
1.97060792648 	 1.24232e-05
2.00400806083 	 1.05415e-05
2.03740819517 	 4.58419e-06
2.07080832952 	 3.06419e-05
2.10420846387 	 4.67786e-05
2.13760859821 	 3.09446e-05
2.17100873256 	 1.99805e-05
2.20440886691 	 2.51962e-05
2.23780900125 	 3.44481e-05
2.2712091356 	 3.17248e-05
2.30460926995 	 2.35056e-05
2.3380094043 	 1.87686e-05
2.37140953864 	 4.01508e-05
2.40480967299 	 5.26097e-05
2.43820980734 	 3.43882e-05
2.47160994168 	 2.77879e-05
2.50501007603 	 2.23132e-05
2.53841021038 	 2.27423e-05
2.57181034473 	 2.91481e-05
2.60521047907 	 4.24675e-05
2.63861061342 	 4.68281e-05
2.67201074777 	 3.08394e-05
2.70541088211 	 5.23789e-06
2.73881101646 	 1.82622e-05
2.77221115081 	 4.21665e-05
2.80561128516 	 5.01189e-05
2.8390114195 	 4.80759e-05
2.87241155385 	 5.80054e-06
2.9058116882 	 3.30455e-05
2.93921182254 	 2.36762e-05
2.97261195689 	 3.25952e-05
3.00601209124 	 4.76752e-05
3.03941222558 	 2.15644e-05
3.07281235993 	 3.56428e-05
3.10621249428 	 6.98883e-05
3.13961262863 	 5.71262e-05
3.17301276297 	 3.94731e-05
3.20641289732 	 4.48127e-05
3.23981303167 	 6.51531e-05
3.27321316601 	 2.57294e-05
3.30661330036 	 2.83591e-06
3.34001343471 	 7.28968e-05
3.37341356906 	 9.66497e-05
3.4068137034 	 8.24897e-05
3.44021383775 	 8.95577e-05
3.4736139721 	 2.18375e-05
3.50701410644 	 0.000124466
3.54041424079 	 0.000212787
3.57381437514 	 0.000122983
3.60721450949 	 0.000174412
3.64061464383 	 4.31458e-05
3.67401477818 	 0.000119002
3.70741491253 	 8.57316e-05
3.74081504687 	 0.000114717
3.77421518122 	 7.03909e-05
3.80761531557 	 8.93461e-05
3.84101544991 	 5.36404e-05
3.87441558426 	 9.03706e-05
3.90781571861 	 6.54282e-05
3.94121585296 	 6.69348e-05
3.9746159873 	 1.01835e-05
4.00801612165 	 3.1572e-05
4.041416256 	 4.48196e-05
4.07481639034 	 3.89555e-05
4.10821652469 	 3.60621e-05
4.14161665904 	 2.93948e-05
4.17501679339 	 1.12831e-05
4.20841692773 	 1.37664e-05
4.24181706208 	 1.98405e-05
4.27521719643 	 4.14319e-05
4.30861733077 	 1.80382e-05
4.34201746512 	 2.37344e-06
4.37541759947 	 1.19374e-05
4.40881773382 	 2.4625e-05
4.44221786816 	 2.87356e-05
4.47561800251 	 1.79828e-05
4.50901813686 	 2.591e-05
4.5424182712 	 3.05743e-05
4.57581840555 	 1.25077e-05
4.6092185399 	 2.10908e-05
4.64261867424 	 2.39572e-05
4.67601880859 	 3.51042e-05
4.70941894294 	 2.05841e-05
4.74281907729 	 2.34503e-05
4.77621921163 	 1.83863e-05
4.80961934598 	 1.75973e-05
4.84301948033 	 1.08267e-05
4.87641961467 	 2.65316e-05
4.90981974902 	 2.16386e-05
4.94321988337 	 4.76727e-06
4.97662001772 	 8.77881e-06
5.01002015206 	 4.91219e-06
5.04342028641 	 9.73693e-06
5.07682042076 	 2.00978e-05
5.1102205551 	 2.11955e-05
5.14362068945 	 9.71858e-06
5.1770208238 	 8.83396e-06
5.21042095815 	 6.41591e-06
5.24382109249 	 1.28829e-05
5.27722122684 	 1.10939e-05
5.31062136119 	 1.16904e-05
5.34402149553 	 7.23688e-06
5.37742162988 	 3.32242e-06
5.41082176423 	 7.45589e-06
5.44422189857 	 6.83168e-06
5.47762203292 	 9.20918e-06
5.51102216727 	 7.31696e-06
5.54442230162 	 5.61614e-06
5.57782243596 	 2.56112e-06
5.61122257031 	 1.84583e-06
5.64462270466 	 1.14409e-06
5.678022839 	 4.43445e-06
5.71142297335 	 4.84336e-06
5.7448231077 	 6.56325e-06
5.77822324205 	 4.55148e-06
5.81162337639 	 2.94721e-06
5.84502351074 	 6.44913e-06
5.87842364509 	 5.52901e-06
5.91182377943 	 3.42111e-06
5.94522391378 	 3.75509e-06
5.97862404813 	 3.91784e-06
6.01202418248 	 2.19835e-06
6.04542431682 	 5.65586e-07
6.07882445117 	 5.68497e-06
6.11222458552 	 4.37716e-06
6.14562471986 	 3.28206e-06
6.17902485421 	 2.90929e-06
6.21242498856 	 1.57731e-06
6.24582512291 	 1.61314e-06
6.27922525725 	 1.52745e-06
6.3126253916 	 2.88955e-06
6.34602552595 	 2.07227e-06
6.37942566029 	 1.79268e-06
6.41282579464 	 6.80487e-07
6.44622592899 	 2.67848e-06
6.47962606333 	 2.63765e-06
6.51302619768 	 4.23033e-06
6.54642633203 	 4.76429e-06
6.57982646638 	 3.46684e-06
6.61322660072 	 1.40056e-06
6.64662673507 	 1.39958e-06
6.68002686942 	 1.44542e-06
6.71342700376 	 2.15451e-06
6.74682713811 	 2.7418e-06
6.78022727246 	 1.40259e-06
6.81362740681 	 1.40351e-06
6.84702754115 	 2.59102e-06
6.8804276755 	 3.31123e-06
6.91382780985 	 3.90803e-06
6.94722794419 	 4.1402e-06
6.98062807854 	 2.54815e-06
7.01402821289 	 1.63893e-06
7.04742834724 	 2.41988e-06
7.08082848158 	 1.58577e-06
7.11422861593 	 2.49369e-06
7.14762875028 	 2.62824e-06
7.18102888462 	 2.21973e-06
7.21442901897 	 9.29765e-07
7.24782915332 	 8.54245e-07
7.28122928766 	 1.25628e-06
7.31462942201 	 2.08826e-06
7.34802955636 	 1.96079e-06
7.38142969071 	 2.29106e-06
7.41482982505 	 1.18625e-06
7.4482299594 	 2.0437e-06
7.48163009375 	 1.21594e-06
7.51503022809 	 2.72839e-06
7.54843036244 	 1.80922e-06
7.58183049679 	 8.41359e-07
7.61523063114 	 4.6785e-07
7.64863076548 	 7.41307e-07
7.68203089983 	 6.55128e-07
7.71543103418 	 4.07746e-07
7.74883116852 	 1.63544e-06
7.78223130287 	 2.30256e-06
7.81563143722 	 1.78071e-06
7.84903157157 	 3.511e-07
7.88243170591 	 6.43606e-07
7.91583184026 	 7.19953e-07
7.94923197461 	 2.87618e-07
7.98263210895 	 8.06823e-07
8.0160322433 	 9.48841e-07
8.04943237765 	 3.41068e-07
8.08283251199 	 6.57754e-07
8.11623264634 	 1.21628e-06
8.14963278069 	 7.29218e-07
8.18303291504 	 1.22099e-06
8.21643304938 	 7.53428e-07
8.24983318373 	 1.7554e-06
8.28323331808 	 2.11239e-06
8.31663345242 	 1.14944e-06
8.35003358677 	 1.94957e-06
8.38343372112 	 1.12741e-06
8.41683385547 	 7.20936e-07
8.45023398981 	 6.13789e-07
8.48363412416 	 4.59767e-07
8.51703425851 	 2.41653e-07
8.55043439285 	 6.58789e-07
8.5838345272 	 5.46099e-07
8.61723466155 	 9.69641e-07
8.6506347959 	 7.9191e-07
8.68403493024 	 5.4543e-07
8.71743506459 	 7.94552e-07
8.75083519894 	 8.71728e-07
8.78423533328 	 1.34661e-07
8.81763546763 	 7.84436e-07
8.85103560198 	 1.23733e-06
8.88443573632 	 1.13172e-06
8.91783587067 	 1.04078e-06
8.95123600502 	 8.17792e-07
8.98463613937 	 7.93641e-07
9.01803627371 	 6.88069e-07
9.05143640806 	 5.93246e-07
9.08483654241 	 5.53593e-07
9.11823667675 	 3.99428e-07
9.1516368111 	 2.50894e-07
9.18503694545 	 3.18797e-07
9.2184370798 	 8.08427e-07
9.25183721414 	 6.27877e-07
9.28523734849 	 3.35018e-07
9.31863748284 	 2.97142e-07
9.35203761718 	 7.38184e-07
9.38543775153 	 6.25372e-07
9.41883788588 	 7.31983e-07
9.45223802023 	 4.31371e-07
9.48563815457 	 6.97426e-07
9.51903828892 	 6.86146e-07
9.55243842327 	 4.53688e-07
9.58583855761 	 7.22722e-07
9.61923869196 	 1.27899e-06
9.65263882631 	 1.65128e-06
9.68603896065 	 1.14668e-06
9.719439095 	 7.83409e-07
9.75283922935 	 4.92097e-07
9.7862393637 	 7.27975e-07
9.81963949804 	 7.47312e-07
9.85303963239 	 1.02585e-06
9.88643976674 	 6.41491e-07
9.91983990108 	 4.32685e-07
9.95324003543 	 5.48144e-07
9.98664016978 	 3.3428e-07
10.0200403041 	 7.06749e-07
10.0534404385 	 7.46954e-07
10.0868405728 	 9.57307e-07
10.1202407072 	 1.63309e-06
10.1536408415 	 7.46099e-07
10.1870409759 	 9.7273e-07
10.2204411102 	 1.63687e-06
10.2538412446 	 1.60936e-06
10.2872413789 	 1.54107e-06
10.3206415132 	 1.56324e-06
10.3540416476 	 1.86293e-06
10.3874417819 	 2.5481e-06
10.4208419163 	 2.90105e-06
10.4542420506 	 2.21423e-06
10.487642185 	 2.11029e-06
10.5210423193 	 1.93193e-06
10.5544424537 	 1.31649e-06
10.587842588 	 1.45572e-06
10.6212427224 	 1.09065e-06
10.6546428567 	 5.4652e-07
10.6880429911 	 1.50845e-06
10.7214431254 	 1.6441e-06
10.7548432598 	 2.06052e-06
10.7882433941 	 2.37716e-06
10.8216435285 	 2.17224e-06
10.8550436628 	 1.65329e-06
10.8884437971 	 9.95018e-07
10.9218439315 	 7.10916e-07
10.9552440658 	 9.37822e-07
10.9886442002 	 1.11582e-06
11.0220443345 	 1.52412e-06
11.0554444689 	 3.33456e-06
11.0888446032 	 3.19172e-06
11.1222447376 	 4.25619e-06
11.1556448719 	 2.67573e-06
11.1890450063 	 1.43446e-06
11.2224451406 	 1.36123e-06
11.255845275 	 2.0919e-06
11.2892454093 	 3.29519e-06
11.3226455437 	 2.11626e-06
11.356045678 	 6.67861e-08
11.3894458124 	 2.199e-06
11.4228459467 	 2.30309e-06
11.4562460811 	 1.18204e-06
11.4896462154 	 1.62281e-06
11.5230463497 	 5.0251e-07
11.5564464841 	 1.16722e-06
11.5898466184 	 2.04785e-06
11.6232467528 	 1.13077e-06
11.6566468871 	 5.46709e-07
11.6900470215 	 4.28689e-07
11.7234471558 	 2.04587e-06
11.7568472902 	 2.61509e-06
11.7902474245 	 2.27598e-06
11.8236475589 	 1.15021e-06
11.8570476932 	 1.76059e-06
11.8904478276 	 1.8241e-06
11.9238479619 	 5.42368e-07
11.9572480963 	 7.49227e-07
11.9906482306 	 5.78127e-07
12.024048365 	 3.43762e-07
12.0574484993 	 3.55614e-07
12.0908486336 	 3.85427e-07
12.124248768 	 5.58981e-07
12.1576489023 	 9.46358e-07
12.1910490367 	 1.38306e-06
12.224449171 	 1.7237e-06
12.2578493054 	 1.32539e-06
12.2912494397 	 1.64351e-06
12.3246495741 	 1.24706e-06
12.3580497084 	 8.22173e-07
12.3914498428 	 7.77861e-07
12.4248499771 	 2.1556e-07
12.4582501115 	 4.37983e-07
12.4916502458 	 2.10382e-07
12.5250503802 	 4.09508e-07
12.5584505145 	 3.43361e-07
12.5918506489 	 4.43359e-07
12.6252507832 	 7.03568e-07
12.6586509175 	 4.4362e-07
12.6920510519 	 2.52726e-07
12.7254511862 	 1.30047e-07
12.7588513206 	 4.28523e-07
12.7922514549 	 6.03337e-08
12.8256515893 	 3.8771e-07
12.8590517236 	 6.54911e-07
12.892451858 	 5.02194e-07
12.9258519923 	 1.86335e-07
12.9592521267 	 5.83331e-07
12.992652261 	 5.23439e-07
13.0260523954 	 4.85833e-07
13.0594525297 	 1.41101e-07
13.0928526641 	 4.09273e-07
13.1262527984 	 4.9394e-07
13.1596529328 	 3.49185e-07
13.1930530671 	 7.01096e-08
13.2264532014 	 8.5231e-08
13.2598533358 	 4.14107e-07
13.2932534701 	 3.94447e-07
13.3266536045 	 4.01833e-07
13.3600537388 	 2.6421e-07
13.3934538732 	 1.98453e-07
13.4268540075 	 7.16316e-08
13.4602541419 	 1.21884e-08
13.4936542762 	 1.14594e-07
13.5270544106 	 1.62679e-07
13.5604545449 	 2.65682e-07
13.5938546793 	 2.45216e-07
13.6272548136 	 1.70998e-07
13.660654948 	 2.37083e-07
13.6940550823 	 2.35024e-07
13.7274552167 	 3.42348e-07
13.760855351 	 3.11507e-07
13.7942554853 	 2.60493e-07
13.8276556197 	 2.4604e-07
13.861055754 	 1.93253e-07
13.8944558884 	 1.75238e-07
13.9278560227 	 9.78995e-08
13.9612561571 	 1.49409e-07
13.9946562914 	 2.91562e-07
14.0280564258 	 3.82333e-07
14.0614565601 	 3.79464e-07
14.0948566945 	 2.76492e-07
14.1282568288 	 2.32836e-07
14.1616569632 	 2.31042e-07
14.1950570975 	 1.4084e-07
14.2284572319 	 1.50717e-07
14.2618573662 	 3.12197e-08
14.2952575006 	 2.1398e-08
14.3286576349 	 4.92619e-08
14.3620577692 	 3.24179e-08
14.3954579036 	 1.52128e-07
14.4288580379 	 1.92926e-07
14.4622581723 	 1.64766e-07
14.4956583066 	 9.78815e-08
14.529058441 	 6.99156e-08
14.5624585753 	 1.33774e-07
14.5958587097 	 1.79379e-07
14.629258844 	 8.63015e-08
14.6626589784 	 1.41259e-07
14.6960591127 	 1.50967e-07
14.7294592471 	 3.11197e-08
14.7628593814 	 1.67104e-08
14.7962595158 	 7.30521e-08
14.8296596501 	 1.03931e-07
14.8630597845 	 2.45291e-07
14.8964599188 	 2.30159e-07
14.9298600531 	 7.78349e-08
14.9632601875 	 8.5278e-08
14.9966603218 	 1.29921e-07
15.0300604562 	 1.858e-07
15.0634605905 	 1.23677e-07
15.0968607249 	 4.72689e-08
15.1302608592 	 1.26325e-07
15.1636609936 	 1.27798e-07
15.1970611279 	 9.04071e-08
15.2304612623 	 5.51092e-08
15.2638613966 	 9.13991e-08
15.297261531 	 6.48872e-08
15.3306616653 	 8.96842e-08
15.3640617997 	 1.22694e-07
15.397461934 	 8.36128e-08
15.4308620684 	 8.79552e-08
15.4642622027 	 7.61517e-08
15.497662337 	 6.46633e-08
15.5310624714 	 1.97146e-08
15.5644626057 	 3.29892e-08
15.5978627401 	 6.07881e-08
15.6312628744 	 3.92915e-08
15.6646630088 	 2.43987e-08
15.6980631431 	 5.61087e-08
15.7314632775 	 7.06488e-08
15.7648634118 	 6.84269e-08
15.7982635462 	 7.52231e-08
15.8316636805 	 6.53752e-08
15.8650638149 	 2.44391e-08
15.8984639492 	 8.24281e-09
15.9318640836 	 2.99171e-08
15.9652642179 	 1.05325e-08
15.9986643523 	 3.90388e-08
16.0320644866 	 6.20251e-08
16.0654646209 	 2.50941e-08
16.0988647553 	 1.31908e-08
16.1322648896 	 6.73869e-09
16.165665024 	 2.2772e-08
16.1990651583 	 5.06421e-08
16.2324652927 	 3.71898e-08
16.265865427 	 3.67999e-08
16.2992655614 	 4.33717e-09
16.3326656957 	 3.31246e-08
16.3660658301 	 3.91282e-08
16.3994659644 	 3.2024e-08
16.4328660988 	 9.03011e-09
16.4662662331 	 2.17329e-08
16.4996663675 	 7.54828e-08
16.5330665018 	 7.93899e-08
16.5664666362 	 5.19141e-08
16.5998667705 	 2.98076e-08
16.6332669048 	 1.11637e-07
16.6666670392 	 1.16689e-07
16.7000671735 	 7.09365e-08
16.7334673079 	 2.69648e-08
16.7668674422 	 5.21695e-08
16.8002675766 	 1.83105e-08
16.8336677109 	 8.34138e-09
16.8670678453 	 2.26387e-08
16.9004679796 	 4.91756e-08
16.933868114 	 4.48456e-08
16.9672682483 	 1.40552e-08
17.0006683827 	 4.03703e-08
17.034068517 	 2.25e-08
17.0674686514 	 3.06211e-08
17.1008687857 	 1.4119e-08
17.1342689201 	 3.72479e-08
17.1676690544 	 3.13817e-08
17.2010691887 	 4.12154e-08
17.2344693231 	 5.47275e-08
17.2678694574 	 5.09345e-08
17.3012695918 	 5.80655e-08
17.3346697261 	 5.84554e-08
17.3680698605 	 4.69789e-08
17.4014699948 	 6.36613e-08
17.4348701292 	 5.96684e-08
17.4682702635 	 4.49708e-08
17.5016703979 	 3.3978e-08
17.5350705322 	 6.44997e-08
17.5684706666 	 1.01279e-07
17.6018708009 	 6.43241e-08
17.6352709353 	 1.80001e-08
17.6686710696 	 6.47956e-08
17.702071204 	 7.39792e-08
17.7354713383 	 6.71848e-08
17.7688714726 	 4.61366e-08
17.802271607 	 3.38107e-08
17.8356717413 	 3.17707e-08
17.8690718757 	 8.93874e-08
17.90247201 	 8.49127e-08
17.9358721444 	 1.03479e-07
17.9692722787 	 8.84755e-08
18.0026724131 	 3.57012e-08
18.0360725474 	 3.0893e-08
18.0694726818 	 5.05411e-08
18.1028728161 	 3.62577e-08
18.1362729505 	 3.4329e-08
18.1696730848 	 3.2108e-08
18.2030732192 	 7.22998e-08
18.2364733535 	 7.53964e-08
18.2698734879 	 4.58898e-08
18.3032736222 	 1.83189e-08
18.3366737565 	 2.2046e-08
18.3700738909 	 1.21812e-08
18.4034740252 	 2.54477e-08
18.4368741596 	 4.02342e-09
18.4702742939 	 3.09451e-08
18.5036744283 	 2.13394e-08
18.5370745626 	 2.1732e-08
18.570474697 	 3.18686e-08
18.6038748313 	 3.33812e-08
18.6372749657 	 5.2722e-08
18.6706751 	 4.38176e-08
18.7040752344 	 1.56958e-08
18.7374753687 	 3.50488e-08
18.7708755031 	 5.38281e-08
18.8042756374 	 5.40662e-08
18.8376757718 	 3.38532e-08
18.8710759061 	 2.30152e-08
18.9044760405 	 1.92409e-08
18.9378761748 	 1.89371e-08
18.9712763091 	 1.50746e-08
19.0046764435 	 3.42956e-08
19.0380765778 	 4.324e-08
19.0714767122 	 2.85026e-08
19.1048768465 	 7.79559e-09
19.1382769809 	 1.75207e-08
19.1716771152 	 4.7593e-09
19.2050772496 	 2.33465e-08
19.2384773839 	 3.69423e-08
19.2718775183 	 3.27727e-08
19.3052776526 	 4.13205e-08
19.338677787 	 2.62217e-08
19.3720779213 	 3.77076e-09
19.4054780557 	 2.66147e-08
19.43887819 	 2.48871e-08
19.4722783244 	 2.07559e-08
19.5056784587 	 2.00835e-08
19.539078593 	 2.38335e-08
19.5724787274 	 2.2469e-08
19.6058788617 	 1.63507e-08
19.6392789961 	 2.23339e-08
19.6726791304 	 2.91727e-08
19.7060792648 	 2.81259e-08
19.7394793991 	 2.35365e-08
19.7728795335 	 2.34393e-08
19.8062796678 	 2.6366e-08
19.8396798022 	 1.88242e-08
19.8730799365 	 2.37779e-08
19.9064800709 	 1.96723e-08
19.9398802052 	 1.58249e-08
19.9732803396 	 2.07883e-08
20.0066804739 	 2.18155e-08
20.0400806083 	 1.72745e-08
20.0734807426 	 3.50811e-08
20.1068808769 	 4.47478e-08
20.1402810113 	 5.33194e-08
20.1736811456 	 5.22979e-08
20.20708128 	 3.19523e-08
20.2404814143 	 1.24611e-08
20.2738815487 	 6.87352e-09
20.307281683 	 1.78889e-08
20.3406818174 	 2.42078e-08
20.3740819517 	 3.5606e-08
20.4074820861 	 2.76137e-08
20.4408822204 	 2.3301e-08
20.4742823548 	 1.35234e-08
20.5076824891 	 4.99676e-09
20.5410826235 	 4.0913e-09
20.5744827578 	 1.87895e-08
20.6078828922 	 3.24573e-08
20.6412830265 	 3.66136e-08
20.6746831608 	 2.96263e-08
20.7080832952 	 2.2257e-08
20.7414834295 	 1.5957e-08
20.7748835639 	 2.48989e-08
20.8082836982 	 2.25493e-08
20.8416838326 	 2.12256e-08
20.8750839669 	 1.55855e-08
20.9084841013 	 1.48776e-08
20.9418842356 	 6.92634e-09
20.97528437 	 1.75729e-08
21.0086845043 	 2.31337e-08
21.0420846387 	 3.12365e-08
21.075484773 	 2.28922e-08
21.1088849074 	 4.46555e-09
21.1422850417 	 2.1991e-08
21.1756851761 	 1.80007e-08
21.2090853104 	 1.88468e-08
21.2424854447 	 1.72531e-08
21.2758855791 	 1.38549e-08
21.3092857134 	 2.25711e-08
21.3426858478 	 1.29768e-08
21.3760859821 	 9.53036e-09
21.4094861165 	 1.66206e-08
21.4428862508 	 2.4467e-08
21.4762863852 	 1.94293e-08
21.5096865195 	 1.94932e-08
21.5430866539 	 2.63444e-08
21.5764867882 	 2.41603e-08
21.6098869226 	 1.55272e-08
21.6432870569 	 1.68107e-08
21.6766871913 	 1.44623e-08
21.7100873256 	 1.90211e-08
21.74348746 	 2.10897e-08
21.7768875943 	 1.11972e-08
21.8102877286 	 1.31431e-08
21.843687863 	 1.58491e-08
21.8770879973 	 1.59188e-08
21.9104881317 	 1.25629e-08
21.943888266 	 2.03556e-08
21.9772884004 	 2.13739e-08
22.0106885347 	 1.94423e-08
22.0440886691 	 1.42751e-08
22.0774888034 	 1.28766e-08
22.1108889378 	 1.54428e-08
22.1442890721 	 1.54577e-08
22.1776892065 	 1.35927e-08
22.2110893408 	 2.2171e-08
22.2444894752 	 1.83251e-08
22.2778896095 	 1.41406e-08
22.3112897439 	 1.25374e-08
22.3446898782 	 1.30825e-08
22.3780900125 	 1.89267e-08
22.4114901469 	 1.66592e-08
22.4448902812 	 1.76914e-08
22.4782904156 	 1.69177e-08
22.5116905499 	 1.43372e-08
22.5450906843 	 1.42314e-08
22.5784908186 	 1.62201e-08
22.611890953 	 1.77697e-08
22.6452910873 	 1.38895e-08
22.6786912217 	 1.45941e-08
22.712091356 	 1.3255e-08
22.7454914904 	 1.46839e-08
22.7788916247 	 2.02517e-08
22.8122917591 	 1.86521e-08
22.8456918934 	 1.73933e-08
22.8790920278 	 1.83525e-08
22.9124921621 	 1.49884e-08
22.9458922964 	 1.5306e-08
22.9792924308 	 1.92201e-08
23.0126925651 	 2.05446e-08
23.0460926995 	 1.48243e-08
23.0794928338 	 1.57585e-08
23.1128929682 	 1.50896e-08
23.1462931025 	 1.4029e-08
23.1796932369 	 1.1133e-08
23.2130933712 	 1.25204e-08
23.2464935056 	 1.30476e-08
23.2798936399 	 1.67591e-08
23.3132937743 	 1.64534e-08
23.3466939086 	 1.41608e-08
23.380094043 	 1.27402e-08
23.4134941773 	 1.59508e-08
23.4468943117 	 1.93116e-08
23.480294446 	 1.68962e-08
23.5136945803 	 1.78932e-08
23.5470947147 	 1.7653e-08
23.580494849 	 1.70796e-08
23.6138949834 	 1.61771e-08
23.6472951177 	 1.45261e-08
23.6806952521 	 1.33558e-08
23.7140953864 	 1.56028e-08
23.7474955208 	 1.49851e-08
23.7808956551 	 1.67441e-08
23.8142957895 	 1.61818e-08
23.8476959238 	 1.45387e-08
23.8810960582 	 1.46448e-08
23.9144961925 	 1.36816e-08
23.9478963269 	 1.37005e-08
23.9812964612 	 1.50697e-08
24.0146965956 	 1.61093e-08
24.0480967299 	 1.55608e-08
24.0814968642 	 1.50578e-08
24.1148969986 	 1.53003e-08
24.1482971329 	 1.45861e-08
24.1816972673 	 1.55968e-08
24.2150974016 	 1.58317e-08
24.248497536 	 1.50218e-08
24.2818976703 	 1.46461e-08
24.3152978047 	 1.43017e-08
24.348697939 	 1.3863e-08
24.3820980734 	 1.47369e-08
24.4154982077 	 1.598e-08
24.4488983421 	 1.61867e-08
24.4822984764 	 1.49941e-08
24.5156986108 	 1.3381e-08
24.5490987451 	 1.3394e-08
24.5824988795 	 1.60757e-08
24.6158990138 	 1.49312e-08
24.6492991481 	 1.36504e-08
24.6826992825 	 1.47821e-08
24.7160994168 	 1.41262e-08
24.7494995512 	 1.32394e-08
24.7828996855 	 1.4991e-08
24.8162998199 	 1.55774e-08
24.8496999542 	 1.63233e-08
24.8831000886 	 1.52592e-08
24.9165002229 	 1.3299e-08
24.9499003573 	 1.42091e-08
24.9833004916 	 1.5115e-08
25.016700626 	 1.52997e-08
25.0501007603 	 1.42084e-08
25.0835008947 	 1.45927e-08
25.116901029 	 1.49584e-08
25.1503011634 	 1.48284e-08
25.1837012977 	 1.34441e-08
25.217101432 	 1.37911e-08
25.2505015664 	 1.44212e-08
25.2839017007 	 1.40505e-08
25.3173018351 	 1.38436e-08
25.3507019694 	 1.45007e-08
25.3841021038 	 1.44082e-08
25.4175022381 	 1.37562e-08
25.4509023725 	 1.42584e-08
25.4843025068 	 1.5017e-08
25.5177026412 	 1.3485e-08
25.5511027755 	 1.37907e-08
25.5845029099 	 1.40615e-08
25.6179030442 	 1.49294e-08
25.6513031786 	 1.42716e-08
25.6847033129 	 1.31398e-08
25.7181034473 	 1.41487e-08
25.7515035816 	 1.54371e-08
25.784903716 	 1.39201e-08
25.8183038503 	 1.3605e-08
25.8517039846 	 1.48809e-08
25.885104119 	 1.47501e-08
25.9185042533 	 1.37405e-08
25.9519043877 	 1.38531e-08
25.985304522 	 1.3918e-08
26.0187046564 	 1.33031e-08
26.0521047907 	 1.41097e-08
26.0855049251 	 1.43619e-08
26.1189050594 	 1.38966e-08
26.1523051938 	 1.35986e-08
26.1857053281 	 1.35737e-08
26.2191054625 	 1.40358e-08
26.2525055968 	 1.42811e-08
26.2859057312 	 1.37227e-08
26.3193058655 	 1.40638e-08
26.3527059999 	 1.37825e-08
26.3861061342 	 1.38363e-08
26.4195062685 	 1.36777e-08
26.4529064029 	 1.37037e-08
26.4863065372 	 1.41482e-08
26.5197066716 	 1.33611e-08
26.5531068059 	 1.37071e-08
26.5865069403 	 1.39031e-08
26.6199070746 	 1.38481e-08
26.653307209 	 1.34698e-08
26.6867073433 	 1.37453e-08
26.7201074777 	 1.37071e-08
26.753507612 	 1.36166e-08
26.7869077464 	 1.35291e-08
26.8203078807 	 1.35319e-08
26.8537080151 	 1.31739e-08
26.8871081494 	 1.33589e-08
26.9205082838 	 1.37477e-08
26.9539084181 	 1.36865e-08
26.9873085524 	 1.37002e-08
27.0207086868 	 1.35662e-08
27.0541088211 	 1.33644e-08
27.0875089555 	 1.33911e-08
27.1209090898 	 1.34663e-08
27.1543092242 	 1.34411e-08
27.1877093585 	 1.30669e-08
27.2211094929 	 1.40089e-08
27.2545096272 	 1.34624e-08
27.2879097616 	 1.30219e-08
27.3213098959 	 1.37088e-08
27.3547100303 	 1.34984e-08
27.3881101646 	 1.37995e-08
27.421510299 	 1.311e-08
27.4549104333 	 1.32528e-08
27.4883105677 	 1.3065e-08
27.521710702 	 1.3131e-08
27.5551108363 	 1.29663e-08
27.5885109707 	 1.34217e-08
27.621911105 	 1.36197e-08
27.6553112394 	 1.34545e-08
27.6887113737 	 1.29025e-08
27.7221115081 	 1.32154e-08
27.7555116424 	 1.32374e-08
27.7889117768 	 1.31044e-08
27.8223119111 	 1.31862e-08
27.8557120455 	 1.34613e-08
27.8891121798 	 1.30643e-08
27.9225123142 	 1.33046e-08
27.9559124485 	 1.27642e-08
27.9893125829 	 1.30851e-08
28.0227127172 	 1.28754e-08
28.0561128516 	 1.29164e-08
28.0895129859 	 1.33139e-08
28.1229131202 	 1.30893e-08
28.1563132546 	 1.31969e-08
28.1897133889 	 1.31672e-08
28.2231135233 	 1.29803e-08
28.2565136576 	 1.30468e-08
28.289913792 	 1.27515e-08
28.3233139263 	 1.30669e-08
28.3567140607 	 1.29248e-08
28.390114195 	 1.29886e-08
28.4235143294 	 1.31555e-08
28.4569144637 	 1.29171e-08
28.4903145981 	 1.28545e-08
28.5237147324 	 1.28315e-08
28.5571148668 	 1.28809e-08
28.5905150011 	 1.2916e-08
28.6239151355 	 1.28268e-08
28.6573152698 	 1.28223e-08
28.6907154041 	 1.26851e-08
28.7241155385 	 1.27652e-08
28.7575156728 	 1.29204e-08
28.7909158072 	 1.28735e-08
28.8243159415 	 1.26906e-08
28.8577160759 	 1.25955e-08
28.8911162102 	 1.27827e-08
28.9245163446 	 1.29587e-08
28.9579164789 	 1.29354e-08
28.9913166133 	 1.27629e-08
29.0247167476 	 1.27085e-08
29.058116882 	 1.27533e-08
29.0915170163 	 1.26091e-08
29.1249171507 	 1.26399e-08
29.158317285 	 1.25823e-08
29.1917174194 	 1.26443e-08
29.2251175537 	 1.29362e-08
29.258517688 	 1.25831e-08
29.2919178224 	 1.25433e-08
29.3253179567 	 1.2464e-08
29.3587180911 	 1.25988e-08
29.3921182254 	 1.27362e-08
29.4255183598 	 1.25988e-08
29.4589184941 	 1.25366e-08
29.4923186285 	 1.24592e-08
29.5257187628 	 1.25667e-08
29.5591188972 	 1.25113e-08
29.5925190315 	 1.25457e-08
29.6259191659 	 1.24717e-08
29.6593193002 	 1.23434e-08
29.6927194346 	 1.24144e-08
29.7261195689 	 1.25139e-08
29.7595197033 	 1.23816e-08
29.7929198376 	 1.24822e-08
29.8263199719 	 1.24976e-08
29.8597201063 	 1.2499e-08
29.8931202406 	 1.24743e-08
29.926520375 	 1.23977e-08
29.9599205093 	 1.23343e-08
29.9933206437 	 1.23054e-08
30.026720778 	 1.25221e-08
30.0601209124 	 1.23681e-08
30.0935210467 	 1.24634e-08
30.1269211811 	 1.23329e-08
30.1603213154 	 1.23622e-08
30.1937214498 	 1.21639e-08
30.2271215841 	 1.22863e-08
30.2605217185 	 1.22362e-08
30.2939218528 	 1.21923e-08
30.3273219872 	 1.23612e-08
30.3607221215 	 1.2427e-08
30.3941222558 	 1.2318e-08
30.4275223902 	 1.22348e-08
30.4609225245 	 1.23093e-08
30.4943226589 	 1.21903e-08
30.5277227932 	 1.21164e-08
30.5611229276 	 1.21471e-08
30.5945230619 	 1.22024e-08
30.6279231963 	 1.2294e-08
30.6613233306 	 1.21741e-08
30.694723465 	 1.21299e-08
30.7281235993 	 1.20732e-08
30.7615237337 	 1.20642e-08
30.794923868 	 1.21643e-08
30.8283240024 	 1.21729e-08
30.8617241367 	 1.20476e-08
30.8951242711 	 1.20525e-08
30.9285244054 	 1.21297e-08
30.9619245397 	 1.21685e-08
30.9953246741 	 1.21303e-08
31.0287248084 	 1.20573e-08
31.0621249428 	 1.20089e-08
31.0955250771 	 1.20942e-08
31.1289252115 	 1.19578e-08
31.1623253458 	 1.198e-08
31.1957254802 	 1.20444e-08
31.2291256145 	 1.18807e-08
31.2625257489 	 1.20235e-08
31.2959258832 	 1.20352e-08
31.3293260176 	 1.19857e-08
31.3627261519 	 1.19351e-08
31.3961262863 	 1.19623e-08
31.4295264206 	 1.19942e-08
31.462926555 	 1.19404e-08
31.4963266893 	 1.201e-08
31.5297268236 	 1.1937e-08
31.563126958 	 1.20251e-08
31.5965270923 	 1.18752e-08
31.6299272267 	 1.18694e-08
31.663327361 	 1.19246e-08
31.6967274954 	 1.18605e-08
31.7301276297 	 1.18561e-08
31.7635277641 	 1.1779e-08
31.7969278984 	 1.18114e-08
31.8303280328 	 1.18245e-08
31.8637281671 	 1.18657e-08
31.8971283015 	 1.17629e-08
31.9305284358 	 1.18345e-08
31.9639285702 	 1.18023e-08
31.9973287045 	 1.18386e-08
32.0307288389 	 1.18254e-08
32.0641289732 	 1.17102e-08
32.0975291075 	 1.17576e-08
32.1309292419 	 1.17699e-08
32.1643293762 	 1.17494e-08
32.1977295106 	 1.17259e-08
32.2311296449 	 1.16674e-08
32.2645297793 	 1.17326e-08
32.2979299136 	 1.16926e-08
32.331330048 	 1.16937e-08
32.3647301823 	 1.17014e-08
32.3981303167 	 1.16722e-08
32.431530451 	 1.16913e-08
32.4649305854 	 1.16541e-08
32.4983307197 	 1.1686e-08
32.5317308541 	 1.16537e-08
32.5651309884 	 1.16523e-08
32.5985311228 	 1.16478e-08
32.6319312571 	 1.16112e-08
32.6653313914 	 1.16067e-08
32.6987315258 	 1.15858e-08
32.7321316601 	 1.16639e-08
32.7655317945 	 1.15411e-08
32.7989319288 	 1.15451e-08
32.8323320632 	 1.15917e-08
32.8657321975 	 1.16024e-08
32.8991323319 	 1.15581e-08
32.9325324662 	 1.15819e-08
32.9659326006 	 1.15362e-08
32.9993327349 	 1.15334e-08
33.0327328693 	 1.15018e-08
33.0661330036 	 1.151e-08
33.099533138 	 1.15275e-08
33.1329332723 	 1.14958e-08
33.1663334067 	 1.14841e-08
33.199733541 	 1.14959e-08
33.2331336754 	 1.14527e-08
33.2665338097 	 1.14556e-08
33.299933944 	 1.14506e-08
33.3333340784 	 1.14677e-08
33.3667342127 	 1.14506e-08
33.4001343471 	 1.14388e-08
33.4335344814 	 1.14422e-08
33.4669346158 	 1.14312e-08
33.5003347501 	 1.14123e-08
33.5337348845 	 1.1437e-08
33.5671350188 	 1.13994e-08
33.6005351532 	 1.13829e-08
33.6339352875 	 1.13566e-08
33.6673354219 	 1.13505e-08
33.7007355562 	 1.13802e-08
33.7341356906 	 1.13597e-08
33.7675358249 	 1.1392e-08
33.8009359593 	 1.1333e-08
33.8343360936 	 1.13315e-08
33.8677362279 	 1.13141e-08
33.9011363623 	 1.1313e-08
33.9345364966 	 1.13031e-08
33.967936631 	 1.12979e-08
34.0013367653 	 1.12959e-08
34.0347368997 	 1.13135e-08
34.068137034 	 1.12547e-08
34.1015371684 	 1.12843e-08
34.1349373027 	 1.12601e-08
34.1683374371 	 1.12725e-08
34.2017375714 	 1.12809e-08
34.2351377058 	 1.12556e-08
34.2685378401 	 1.12403e-08
34.3019379745 	 1.12337e-08
34.3353381088 	 1.12345e-08
34.3687382432 	 1.12148e-08
34.4021383775 	 1.12018e-08
34.4355385118 	 1.12078e-08
34.4689386462 	 1.11919e-08
34.5023387805 	 1.11998e-08
34.5357389149 	 1.11897e-08
34.5691390492 	 1.11756e-08
34.6025391836 	 1.11647e-08
34.6359393179 	 1.11541e-08
34.6693394523 	 1.11615e-08
34.7027395866 	 1.1156e-08
34.736139721 	 1.11409e-08
34.7695398553 	 1.11434e-08
34.8029399897 	 1.11258e-08
34.836340124 	 1.11164e-08
34.8697402584 	 1.11009e-08
34.9031403927 	 1.11187e-08
34.9365405271 	 1.10988e-08
34.9699406614 	 1.109e-08
35.0033407957 	 1.10864e-08
35.0367409301 	 1.10749e-08
35.0701410644 	 1.10728e-08
35.1035411988 	 1.10766e-08
35.1369413331 	 1.10656e-08
35.1703414675 	 1.10547e-08
35.2037416018 	 1.1047e-08
35.2371417362 	 1.10392e-08
35.2705418705 	 1.1043e-08
35.3039420049 	 1.10217e-08
35.3373421392 	 1.10198e-08
35.3707422736 	 1.10066e-08
35.4041424079 	 1.10074e-08
35.4375425423 	 1.09996e-08
35.4709426766 	 1.09916e-08
35.504342811 	 1.09923e-08
35.5377429453 	 1.09837e-08
35.5711430796 	 1.09833e-08
35.604543214 	 1.09706e-08
35.6379433483 	 1.09535e-08
35.6713434827 	 1.09581e-08
35.704743617 	 1.09534e-08
35.7381437514 	 1.0952e-08
35.7715438857 	 1.09356e-08
35.8049440201 	 1.09307e-08
35.8383441544 	 1.09223e-08
35.8717442888 	 1.09218e-08
35.9051444231 	 1.09113e-08
35.9385445575 	 1.09125e-08
35.9719446918 	 1.09031e-08
36.0053448262 	 1.08948e-08
36.0387449605 	 1.08865e-08
36.0721450949 	 1.08805e-08
36.1055452292 	 1.08823e-08
36.1389453635 	 1.0869e-08
36.1723454979 	 1.08628e-08
36.2057456322 	 1.08583e-08
36.2391457666 	 1.08537e-08
36.2725459009 	 1.08489e-08
36.3059460353 	 1.08425e-08
36.3393461696 	 1.08358e-08
36.372746304 	 1.08257e-08
36.4061464383 	 1.08255e-08
36.4395465727 	 1.08169e-08
36.472946707 	 1.08115e-08
36.5063468414 	 1.08093e-08
36.5397469757 	 1.07985e-08
36.5731471101 	 1.07972e-08
36.6065472444 	 1.07897e-08
36.6399473788 	 1.07841e-08
36.6733475131 	 1.07769e-08
36.7067476474 	 1.07709e-08
36.7401477818 	 1.0764e-08
36.7735479161 	 1.07622e-08
36.8069480505 	 1.07606e-08
36.8403481848 	 1.07482e-08
36.8737483192 	 1.07419e-08
36.9071484535 	 1.07394e-08
36.9405485879 	 1.07353e-08
36.9739487222 	 1.07254e-08
37.0073488566 	 1.07209e-08
37.0407489909 	 1.07182e-08
37.0741491253 	 1.07112e-08
37.1075492596 	 1.07072e-08
37.140949394 	 1.0699e-08
37.1743495283 	 1.06931e-08
37.2077496627 	 1.06878e-08
37.241149797 	 1.06835e-08
37.2745499313 	 1.06805e-08
37.3079500657 	 1.0674e-08
37.3413502 	 1.06648e-08
37.3747503344 	 1.06596e-08
37.4081504687 	 1.06613e-08
37.4415506031 	 1.06522e-08
37.4749507374 	 1.06465e-08
37.5083508718 	 1.06424e-08
37.5417510061 	 1.06386e-08
37.5751511405 	 1.06314e-08
37.6085512748 	 1.06248e-08
37.6419514092 	 1.06217e-08
37.6753515435 	 1.06149e-08
37.7087516779 	 1.06108e-08
37.7421518122 	 1.06072e-08
37.7755519466 	 1.06036e-08
37.8089520809 	 1.05956e-08
37.8423522152 	 1.05896e-08
37.8757523496 	 1.05868e-08
37.9091524839 	 1.05804e-08
37.9425526183 	 1.0576e-08
37.9759527526 	 1.05729e-08
38.009352887 	 1.05672e-08
38.0427530213 	 1.05606e-08
38.0761531557 	 1.05547e-08
38.10955329 	 1.05505e-08
38.1429534244 	 1.05455e-08
38.1763535587 	 1.05419e-08
38.2097536931 	 1.05355e-08
38.2431538274 	 1.05326e-08
38.2765539618 	 1.05286e-08
38.3099540961 	 1.05207e-08
38.3433542305 	 1.05167e-08
38.3767543648 	 1.05133e-08
38.4101544991 	 1.05059e-08
38.4435546335 	 1.0504e-08
38.4769547678 	 1.05002e-08
38.5103549022 	 1.04936e-08
38.5437550365 	 1.04897e-08
38.5771551709 	 1.04844e-08
38.6105553052 	 1.0478e-08
38.6439554396 	 1.04758e-08
38.6773555739 	 1.04731e-08
38.7107557083 	 1.04657e-08
38.7441558426 	 1.04628e-08
38.777555977 	 1.04589e-08
38.8109561113 	 1.04516e-08
38.8443562457 	 1.04468e-08
38.87775638 	 1.04442e-08
38.9111565144 	 1.04382e-08
38.9445566487 	 1.04328e-08
38.977956783 	 1.0431e-08
39.0113569174 	 1.04243e-08
39.0447570517 	 1.04207e-08
39.0781571861 	 1.04176e-08
39.1115573204 	 1.04144e-08
39.1449574548 	 1.04098e-08
39.1783575891 	 1.0406e-08
39.2117577235 	 1.03996e-08
39.2451578578 	 1.03951e-08
39.2785579922 	 1.03918e-08
39.3119581265 	 1.0388e-08
39.3453582609 	 1.03841e-08
39.3787583952 	 1.03784e-08
39.4121585296 	 1.03743e-08
39.4455586639 	 1.03717e-08
39.4789587983 	 1.03654e-08
39.5123589326 	 1.03599e-08
39.5457590669 	 1.03571e-08
39.5791592013 	 1.03523e-08
39.6125593356 	 1.03479e-08
39.64595947 	 1.03458e-08
39.6793596043 	 1.03421e-08
39.7127597387 	 1.03353e-08
39.746159873 	 1.03321e-08
39.7795600074 	 1.03275e-08
39.8129601417 	 1.03245e-08
39.8463602761 	 1.03211e-08
39.8797604104 	 1.03177e-08
39.9131605448 	 1.03124e-08
39.9465606791 	 1.03077e-08
39.9799608135 	 1.03054e-08
40.0133609478 	 1.02995e-08
40.0467610822 	 1.02964e-08
40.0801612165 	 1.02925e-08
40.1135613508 	 1.02897e-08
40.1469614852 	 1.02864e-08
40.1803616195 	 1.02813e-08
40.2137617539 	 1.02771e-08
40.2471618882 	 1.0273e-08
40.2805620226 	 1.02709e-08
40.3139621569 	 1.0268e-08
40.3473622913 	 1.02634e-08
40.3807624256 	 1.02574e-08
40.41416256 	 1.02539e-08
40.4475626943 	 1.02506e-08
40.4809628287 	 1.02455e-08
40.514362963 	 1.0243e-08
40.5477630974 	 1.02388e-08
40.5811632317 	 1.02373e-08
40.6145633661 	 1.0235e-08
40.6479635004 	 1.02306e-08
40.6813636348 	 1.02257e-08
40.7147637691 	 1.02199e-08
40.7481639034 	 1.02182e-08
40.7815640378 	 1.02174e-08
40.8149641721 	 1.02148e-08
40.8483643065 	 1.02075e-08
40.8817644408 	 1.02049e-08
40.9151645752 	 1.0201e-08
40.9485647095 	 1.01966e-08
40.9819648439 	 1.01932e-08
41.0153649782 	 1.01911e-08
41.0487651126 	 1.01883e-08
41.0821652469 	 1.01822e-08
41.1155653813 	 1.01782e-08
41.1489655156 	 1.01761e-08
41.18236565 	 1.01739e-08
41.2157657843 	 1.01679e-08
41.2491659187 	 1.01663e-08
41.282566053 	 1.01649e-08
41.3159661873 	 1.01584e-08
41.3493663217 	 1.01538e-08
41.382766456 	 1.01532e-08
41.4161665904 	 1.01505e-08
41.4495667247 	 1.01469e-08
41.4829668591 	 1.01425e-08
41.5163669934 	 1.01388e-08
41.5497671278 	 1.01366e-08
41.5831672621 	 1.01329e-08
41.6165673965 	 1.01277e-08
41.6499675308 	 1.01267e-08
41.6833676652 	 1.01251e-08
41.7167677995 	 1.01193e-08
41.7501679339 	 1.01187e-08
41.7835680682 	 1.01177e-08
41.8169682026 	 1.01135e-08
41.8503683369 	 1.01094e-08
41.8837684712 	 1.01067e-08
41.9171686056 	 1.01018e-08
41.9505687399 	 1.00976e-08
41.9839688743 	 1.00926e-08
42.0173690086 	 1.00909e-08
42.050769143 	 1.00913e-08
42.0841692773 	 1.0087e-08
42.1175694117 	 1.00841e-08
42.150969546 	 1.00806e-08
42.1843696804 	 1.00775e-08
42.2177698147 	 1.0073e-08
42.2511699491 	 1.00728e-08
42.2845700834 	 1.00709e-08
42.3179702178 	 1.00675e-08
42.3513703521 	 1.00641e-08
42.3847704865 	 1.00597e-08
42.4181706208 	 1.0056e-08
42.4515707551 	 1.00529e-08
42.4849708895 	 1.00502e-08
42.5183710238 	 1.00476e-08
42.5517711582 	 1.00472e-08
42.5851712925 	 1.0044e-08
42.6185714269 	 1.00412e-08
42.6519715612 	 1.00382e-08
42.6853716956 	 1.00337e-08
42.7187718299 	 1.00318e-08
42.7521719643 	 1.00312e-08
42.7855720986 	 1.00277e-08
42.818972233 	 1.00242e-08
42.8523723673 	 1.00209e-08
42.8857725017 	 1.00174e-08
42.919172636 	 1.00158e-08
42.9525727704 	 1.00128e-08
42.9859729047 	 1.00112e-08
43.019373039 	 1.00111e-08
43.0527731734 	 1.00076e-08
43.0861733077 	 1.00016e-08
43.1195734421 	 1.00012e-08
43.1529735764 	 9.99898e-09
43.1863737108 	 9.99481e-09
43.2197738451 	 9.99252e-09
43.2531739795 	 9.99064e-09
43.2865741138 	 9.98703e-09
43.3199742482 	 9.98348e-09
43.3533743825 	 9.98292e-09
43.3867745169 	 9.98198e-09
43.4201746512 	 9.97813e-09
43.4535747856 	 9.97368e-09
43.4869749199 	 9.97328e-09
43.5203750543 	 9.97244e-09
43.5537751886 	 9.96704e-09
43.5871753229 	 9.96491e-09
43.6205754573 	 9.96378e-09
43.6539755916 	 9.96086e-09
43.687375726 	 9.95701e-09
43.7207758603 	 9.95768e-09
43.7541759947 	 9.95447e-09
43.787576129 	 9.95105e-09
43.8209762634 	 9.9496e-09
43.8543763977 	 9.94795e-09
43.8877765321 	 9.94294e-09
43.9211766664 	 9.94345e-09
43.9545768008 	 9.94354e-09
43.9879769351 	 9.94046e-09
44.0213770695 	 9.93753e-09
44.0547772038 	 9.93457e-09
44.0881773382 	 9.92793e-09
44.1215774725 	 9.92709e-09
44.1549776068 	 9.92867e-09
44.1883777412 	 9.92602e-09
44.2217778755 	 9.92422e-09
44.2551780099 	 9.9203e-09
44.2885781442 	 9.91681e-09
44.3219782786 	 9.91566e-09
44.3553784129 	 9.91722e-09
44.3887785473 	 9.91224e-09
44.4221786816 	 9.90713e-09
44.455578816 	 9.90847e-09
44.4889789503 	 9.90623e-09
44.5223790847 	 9.90449e-09
44.555779219 	 9.90229e-09
44.5891793534 	 9.90249e-09
44.6225794877 	 9.89573e-09
44.6559796221 	 9.89557e-09
44.6893797564 	 9.8975e-09
44.7227798907 	 9.89301e-09
44.7561800251 	 9.8884e-09
44.7895801594 	 9.89012e-09
44.8229802938 	 9.88932e-09
44.8563804281 	 9.88376e-09
44.8897805625 	 9.88243e-09
44.9231806968 	 9.87948e-09
44.9565808312 	 9.87998e-09
44.9899809655 	 9.87971e-09
45.0233810999 	 9.87564e-09
45.0567812342 	 9.87283e-09
45.0901813686 	 9.87361e-09
45.1235815029 	 9.8712e-09
45.1569816373 	 9.86792e-09
45.1903817716 	 9.86685e-09
45.223781906 	 9.86326e-09
45.2571820403 	 9.86134e-09
45.2905821746 	 9.86282e-09
45.323982309 	 9.85832e-09
45.3573824433 	 9.85742e-09
45.3907825777 	 9.85749e-09
45.424182712 	 9.85409e-09
45.4575828464 	 9.85249e-09
45.4909829807 	 9.85476e-09
45.5243831151 	 9.85126e-09
45.5577832494 	 9.84664e-09
45.5911833838 	 9.84737e-09
45.6245835181 	 9.84287e-09
45.6579836525 	 9.8411e-09
45.6913837868 	 9.84222e-09
45.7247839212 	 9.84055e-09
45.7581840555 	 9.83867e-09
45.7915841899 	 9.83703e-09
45.8249843242 	 9.83544e-09
45.8583844585 	 9.83392e-09
45.8917845929 	 9.83427e-09
45.9251847272 	 9.82839e-09
45.9585848616 	 9.8277e-09
45.9919849959 	 9.82744e-09
46.0253851303 	 9.8273e-09
46.0587852646 	 9.82809e-09
46.092185399 	 9.82561e-09
46.1255855333 	 9.82239e-09
46.1589856677 	 9.82011e-09
46.192385802 	 9.81894e-09
46.2257859364 	 9.81608e-09
46.2591860707 	 9.817e-09
46.2925862051 	 9.81659e-09
46.3259863394 	 9.81397e-09
46.3593864738 	 9.81429e-09
46.3927866081 	 9.81252e-09
46.4261867424 	 9.81081e-09
46.4595868768 	 9.8093e-09
46.4929870111 	 9.80913e-09
46.5263871455 	 9.80576e-09
46.5597872798 	 9.80502e-09
46.5931874142 	 9.80372e-09
46.6265875485 	 9.79909e-09
46.6599876829 	 9.803e-09
46.6933878172 	 9.80308e-09
46.7267879516 	 9.79806e-09
46.7601880859 	 9.79465e-09
46.7935882203 	 9.79628e-09
46.8269883546 	 9.79474e-09
46.860388489 	 9.79199e-09
46.8937886233 	 9.79459e-09
46.9271887577 	 9.79392e-09
46.960588892 	 9.79017e-09
46.9939890263 	 9.78913e-09
47.0273891607 	 9.79045e-09
47.060789295 	 9.78854e-09
47.0941894294 	 9.78523e-09
47.1275895637 	 9.78621e-09
47.1609896981 	 9.78719e-09
47.1943898324 	 9.78405e-09
47.2277899668 	 9.78031e-09
47.2611901011 	 9.78061e-09
47.2945902355 	 9.78139e-09
47.3279903698 	 9.77968e-09
47.3613905042 	 9.778e-09
47.3947906385 	 9.77827e-09
47.4281907729 	 9.7767e-09
47.4615909072 	 9.7747e-09
47.4949910416 	 9.77583e-09
47.5283911759 	 9.77486e-09
47.5617913102 	 9.77303e-09
47.5951914446 	 9.77156e-09
47.6285915789 	 9.7724e-09
47.6619917133 	 9.77258e-09
47.6953918476 	 9.76935e-09
47.728791982 	 9.76818e-09
47.7621921163 	 9.76927e-09
47.7955922507 	 9.76889e-09
47.828992385 	 9.76557e-09
47.8623925194 	 9.76589e-09
47.8957926537 	 9.76497e-09
47.9291927881 	 9.76489e-09
47.9625929224 	 9.76391e-09
47.9959930568 	 9.76253e-09
48.0293931911 	 9.76223e-09
48.0627933255 	 9.76033e-09
48.0961934598 	 9.75972e-09
48.1295935942 	 9.75797e-09
48.1629937285 	 9.7601e-09
48.1963938628 	 9.75808e-09
48.2297939972 	 9.75873e-09
48.2631941315 	 9.75829e-09
48.2965942659 	 9.75556e-09
48.3299944002 	 9.75492e-09
48.3633945346 	 9.75496e-09
48.3967946689 	 9.75537e-09
48.4301948033 	 9.75407e-09
48.4635949376 	 9.75473e-09
48.496995072 	 9.75226e-09
48.5303952063 	 9.75226e-09
48.5637953407 	 9.75312e-09
48.597195475 	 9.75228e-09
48.6305956094 	 9.75229e-09
48.6639957437 	 9.74957e-09
48.6973958781 	 9.74888e-09
48.7307960124 	 9.74863e-09
48.7641961467 	 9.7513e-09
48.7975962811 	 9.75151e-09
48.8309964154 	 9.74916e-09
48.8643965498 	 9.74781e-09
48.8977966841 	 9.74724e-09
48.9311968185 	 9.74657e-09
48.9645969528 	 9.74628e-09
48.9979970872 	 9.74825e-09
49.0313972215 	 9.74596e-09
49.0647973559 	 9.74429e-09
49.0981974902 	 9.74523e-09
49.1315976246 	 9.74287e-09
49.1649977589 	 9.74238e-09
49.1983978933 	 9.74463e-09
49.2317980276 	 9.74718e-09
49.265198162 	 9.744e-09
49.2985982963 	 9.74309e-09
49.3319984306 	 9.74237e-09
49.365398565 	 9.74091e-09
49.3987986993 	 9.74218e-09
49.4321988337 	 9.74265e-09
49.465598968 	 9.74251e-09
49.4989991024 	 9.74127e-09
49.5323992367 	 9.74185e-09
49.5657993711 	 9.74183e-09
49.5991995054 	 9.74138e-09
49.6325996398 	 9.74204e-09
49.6659997741 	 9.74192e-09
49.6993999085 	 9.74279e-09
49.7328000428 	 9.74154e-09
49.7662001772 	 9.73974e-09
49.7996003115 	 9.74002e-09
49.8330004459 	 9.74106e-09
49.8664005802 	 9.74282e-09
49.8998007145 	 9.74402e-09
49.9332008489 	 9.74171e-09
49.9666009832 	 9.73946e-09
50.0000011176 	 9.73961e-09
