0.0 	 2.18127e-05
0.0333778378622 	 4.65512e-05
0.0667556757244 	 0.000134876
0.100133513587 	 3.66504e-05
0.133511351449 	 1.83721e-05
0.166889189311 	 1.253e-05
0.200267027173 	 1.58955e-05
0.233644865035 	 2.71444e-05
0.267022702898 	 4.5485e-05
0.30040054076 	 3.57354e-05
0.333778378622 	 9.32536e-05
0.367156216484 	 6.62665e-05
0.400534054346 	 0.000174494
0.433911892209 	 0.00010459
0.467289730071 	 0.000144115
0.500667567933 	 3.00186e-05
0.534045405795 	 0.000108196
0.567423243658 	 3.30224e-05
0.60080108152 	 0.00012023
0.634178919382 	 0.000229075
0.667556757244 	 6.69903e-05
0.700934595106 	 0.00010146
0.734312432969 	 8.60753e-05
0.767690270831 	 5.66741e-05
0.801068108693 	 6.23897e-05
0.834445946555 	 9.63774e-05
0.867823784417 	 8.80919e-05
0.90120162228 	 6.92423e-05
0.934579460142 	 1.13144e-05
0.967957298004 	 3.45122e-05
1.00133513587 	 4.85783e-05
1.03471297373 	 3.88029e-05
1.06809081159 	 3.83867e-05
1.10146864945 	 5.91931e-05
1.13484648732 	 8.81083e-05
1.16822432518 	 6.32188e-05
1.20160216304 	 1.98673e-05
1.2349800009 	 7.31353e-05
1.26835783876 	 6.72266e-05
1.30173567663 	 1.64844e-05
1.33511351449 	 4.92288e-05
1.36849135235 	 4.92129e-05
1.40186919021 	 4.44729e-05
1.43524702807 	 4.3806e-05
1.46862486594 	 5.23698e-05
1.5020027038 	 1.31433e-06
1.53538054166 	 2.0917e-05
1.56875837952 	 2.88726e-05
1.60213621739 	 2.43227e-05
1.63551405525 	 2.68043e-05
1.66889189311 	 3.26067e-05
1.70226973097 	 9.97846e-06
1.73564756883 	 3.26247e-05
1.7690254067 	 4.9414e-05
1.80240324456 	 5.26238e-05
1.83578108242 	 3.8252e-05
1.86915892028 	 3.52467e-05
1.90253675815 	 1.20365e-05
1.93591459601 	 3.04844e-05
1.96929243387 	 5.66222e-05
2.00267027173 	 4.17089e-05
2.03604810959 	 4.1807e-05
2.06942594746 	 1.48334e-05
2.10280378532 	 1.56343e-05
2.13618162318 	 7.84681e-06
2.16955946104 	 2.60547e-05
2.20293729891 	 1.0602e-05
2.23631513677 	 8.64565e-06
2.26969297463 	 1.26288e-05
2.30307081249 	 3.7896e-05
2.33644865035 	 1.51578e-05
2.36982648822 	 4.36837e-06
2.40320432608 	 3.65735e-05
2.43658216394 	 3.80876e-05
2.4699600018 	 6.53956e-06
2.50333783967 	 1.9003e-05
2.53671567753 	 3.11757e-05
2.57009351539 	 3.59241e-05
2.60347135325 	 3.57605e-05
2.63684919111 	 2.64869e-05
2.67022702898 	 1.57005e-05
2.70360486684 	 1.88522e-05
2.7369827047 	 1.96792e-05
2.77036054256 	 2.03869e-05
2.80373838043 	 1.93599e-05
2.83711621829 	 1.12768e-05
2.87049405615 	 1.14314e-05
2.90387189401 	 2.65465e-05
2.93724973187 	 2.27336e-05
2.97062756974 	 2.39415e-05
3.0040054076 	 1.2215e-05
3.03738324546 	 8.48381e-06
3.07076108332 	 2.45908e-05
3.10413892119 	 3.5207e-06
3.13751675905 	 1.79824e-05
3.17089459691 	 9.99873e-06
3.20427243477 	 1.6449e-05
3.23765027263 	 2.78349e-05
3.2710281105 	 2.7263e-05
3.30440594836 	 3.20918e-05
3.33778378622 	 2.27848e-05
3.37116162408 	 2.90515e-05
3.40453946195 	 6.16359e-05
3.43791729981 	 6.50823e-05
3.47129513767 	 8.81854e-05
3.50467297553 	 5.63851e-05
3.53805081339 	 8.92703e-05
3.57142865126 	 8.85492e-05
3.60480648912 	 9.15195e-05
3.63818432698 	 9.83842e-05
3.67156216484 	 0.000109893
3.70494000271 	 4.36759e-05
3.73831784057 	 1.8086e-05
3.77169567843 	 2.20185e-05
3.80507351629 	 2.84858e-05
3.83845135415 	 4.58493e-05
3.87182919202 	 2.26663e-05
3.90520702988 	 1.61035e-06
3.93858486774 	 3.34148e-05
3.9719627056 	 1.89729e-05
4.00534054346 	 1.84041e-05
4.03871838133 	 1.58841e-05
4.07209621919 	 1.96674e-05
4.10547405705 	 4.11485e-06
4.13885189491 	 1.3709e-05
4.17222973278 	 1.13806e-05
4.20560757064 	 7.38742e-06
4.2389854085 	 1.62386e-05
4.27236324636 	 6.72653e-06
4.30574108422 	 3.71732e-06
4.33911892209 	 4.99467e-06
4.37249675995 	 3.1026e-06
4.40587459781 	 7.36072e-06
4.43925243567 	 8.41225e-06
4.47263027354 	 3.73065e-06
4.5060081114 	 1.88892e-06
4.53938594926 	 3.12576e-06
4.57276378712 	 3.38508e-06
4.60614162498 	 3.88959e-07
4.63951946285 	 2.29286e-06
4.67289730071 	 2.02515e-06
4.70627513857 	 2.37915e-06
4.73965297643 	 1.72698e-06
4.7730308143 	 3.19924e-06
4.80640865216 	 4.73197e-06
4.83978649002 	 7.8626e-06
4.87316432788 	 4.85419e-06
4.90654216574 	 1.87727e-06
4.93992000361 	 2.51371e-06
4.97329784147 	 2.54172e-06
5.00667567933 	 2.03343e-06
5.04005351719 	 1.18939e-06
5.07343135506 	 1.83196e-06
5.10680919292 	 2.42735e-06
5.14018703078 	 1.85607e-06
5.17356486864 	 1.26652e-06
5.2069427065 	 4.995e-06
5.24032054437 	 4.45938e-06
5.27369838223 	 5.25074e-06
5.30707622009 	 3.5089e-06
5.34045405795 	 3.34634e-06
5.37383189582 	 1.35864e-06
5.40720973368 	 1.98889e-06
5.44058757154 	 4.1917e-06
5.4739654094 	 3.72757e-06
5.50734324726 	 2.7922e-06
5.54072108513 	 1.13587e-06
5.57409892299 	 3.35251e-06
5.60747676085 	 2.83644e-06
5.64085459871 	 3.66266e-07
5.67423243658 	 7.96637e-07
5.70761027444 	 1.34108e-06
5.7409881123 	 2.08884e-06
5.77436595016 	 9.94817e-07
5.80774378802 	 8.79853e-07
5.84112162589 	 1.59365e-06
5.87449946375 	 5.3248e-07
5.90787730161 	 4.46284e-07
5.94125513947 	 1.83039e-06
5.97463297734 	 2.15979e-06
6.0080108152 	 1.60426e-06
6.04138865306 	 1.435e-06
6.07476649092 	 9.57098e-07
6.10814432878 	 1.00132e-06
6.14152216665 	 1.05288e-06
6.17490000451 	 1.81764e-06
6.20827784237 	 1.15329e-06
6.24165568023 	 3.14958e-07
6.2750335181 	 5.86213e-07
6.30841135596 	 1.64103e-06
6.34178919382 	 2.98188e-06
6.37516703168 	 2.14627e-06
6.40854486954 	 1.15457e-06
6.44192270741 	 9.87262e-07
6.47530054527 	 2.03769e-06
6.50867838313 	 1.78058e-06
6.54205622099 	 1.17859e-06
6.57543405885 	 6.33685e-07
6.60881189672 	 1.07033e-07
6.64218973458 	 1.10824e-06
6.67556757244 	 1.64074e-06
6.7089454103 	 1.41435e-06
6.74232324817 	 7.3122e-07
6.77570108603 	 1.26877e-06
6.80907892389 	 1.04383e-06
6.84245676175 	 8.21177e-07
6.87583459961 	 1.82326e-06
6.90921243748 	 1.5702e-06
6.94259027534 	 2.12318e-06
6.9759681132 	 1.87996e-06
7.00934595106 	 1.05652e-06
7.04272378893 	 1.33134e-06
7.07610162679 	 1.21418e-06
7.10947946465 	 6.66538e-07
7.14285730251 	 7.61283e-07
7.17623514037 	 2.85512e-07
7.20961297824 	 1.20152e-06
7.2429908161 	 1.01619e-06
7.27636865396 	 4.61799e-07
7.30974649182 	 7.37216e-07
7.34312432969 	 1.7948e-07
7.37650216755 	 5.81853e-07
7.40988000541 	 6.65623e-07
7.44325784327 	 9.02233e-07
7.47663568113 	 5.70433e-07
7.510013519 	 3.19005e-07
7.54339135686 	 1.92282e-07
7.57676919472 	 1.86768e-07
7.61014703258 	 2.7601e-07
7.64352487045 	 2.67766e-07
7.67690270831 	 3.98994e-07
7.71028054617 	 8.85785e-07
7.74365838403 	 9.93705e-07
7.77703622189 	 1.15066e-06
7.81041405976 	 8.44764e-07
7.84379189762 	 3.35273e-07
7.87716973548 	 1.7445e-07
7.91054757334 	 2.06121e-07
7.94392541121 	 2.2059e-07
7.97730324907 	 3.33938e-07
8.01068108693 	 2.08792e-07
8.04405892479 	 8.49403e-08
8.07743676265 	 3.98905e-07
8.11081460052 	 8.37908e-07
8.14419243838 	 7.36406e-07
8.17757027624 	 5.09528e-07
8.2109481141 	 6.8199e-07
8.24432595197 	 8.5462e-07
8.27770378983 	 8.08856e-07
8.31108162769 	 1.91639e-07
8.34445946555 	 1.39305e-07
8.37783730341 	 3.92857e-07
8.41121514128 	 4.42561e-07
8.44459297914 	 1.83471e-07
8.477970817 	 1.56996e-07
8.51134865486 	 4.2799e-07
8.54472649273 	 6.75952e-07
8.57810433059 	 6.79916e-07
8.61148216845 	 4.98368e-07
8.64486000631 	 4.41002e-07
8.67823784417 	 3.60641e-07
8.71161568204 	 5.89334e-07
8.7449935199 	 4.11166e-07
8.77837135776 	 3.30754e-07
8.81174919562 	 4.37231e-07
8.84512703349 	 3.1629e-07
8.87850487135 	 1.00814e-07
8.91188270921 	 3.02395e-07
8.94526054707 	 4.20148e-07
8.97863838493 	 2.68578e-07
9.0120162228 	 1.43374e-07
9.04539406066 	 4.35601e-07
9.07877189852 	 4.45169e-07
9.11214973638 	 7.26165e-07
9.14552757424 	 9.23654e-07
9.17890541211 	 5.62987e-07
9.21228324997 	 4.12995e-07
9.24566108783 	 4.39695e-07
9.27903892569 	 5.72025e-07
9.31241676356 	 9.34406e-07
9.34579460142 	 7.66689e-07
9.37917243928 	 6.33124e-07
9.41255027714 	 7.19615e-07
9.445928115 	 7.25486e-07
9.47930595287 	 4.75416e-07
9.51268379073 	 4.45549e-07
9.54606162859 	 4.55728e-07
9.57943946645 	 5.16891e-07
9.61281730432 	 5.77169e-07
9.64619514218 	 5.62414e-07
9.67957298004 	 2.63479e-07
9.7129508179 	 2.23427e-07
9.74632865576 	 6.51083e-07
9.77970649363 	 6.87266e-07
9.81308433149 	 3.76582e-07
9.84646216935 	 4.95804e-08
9.87984000721 	 4.17561e-08
9.91321784508 	 8.28803e-08
9.94659568294 	 1.56795e-07
9.9799735208 	 3.06842e-07
10.0133513587 	 4.27481e-07
10.0467291965 	 5.93453e-07
10.0801070344 	 4.82674e-07
10.1134848722 	 1.85268e-07
10.1468627101 	 1.12022e-07
10.180240548 	 5.60382e-08
10.2136183858 	 3.55955e-07
10.2469962237 	 4.72957e-07
10.2803740616 	 3.28546e-07
10.3137518994 	 3.30404e-07
10.3471297373 	 3.8911e-07
10.3805075751 	 3.79371e-07
10.413885413 	 3.33366e-07
10.4472632509 	 2.62675e-07
10.4806410887 	 2.26039e-07
10.5140189266 	 3.64456e-07
10.5473967645 	 2.72896e-07
10.5807746023 	 3.05308e-07
10.6141524402 	 2.85985e-07
10.647530278 	 1.12702e-07
10.6809081159 	 1.01864e-07
10.7142859538 	 2.66383e-07
10.7476637916 	 2.9707e-07
10.7810416295 	 1.74329e-07
10.8144194674 	 9.6245e-09
10.8477973052 	 9.26913e-08
10.8811751431 	 1.76969e-07
10.9145529809 	 1.96726e-07
10.9479308188 	 2.28755e-07
10.9813086567 	 2.66214e-07
11.0146864945 	 2.29658e-07
11.0480643324 	 1.87926e-07
11.0814421703 	 2.40119e-07
11.1148200081 	 2.37442e-07
11.148197846 	 6.85982e-08
11.1815756838 	 1.14347e-07
11.2149535217 	 1.82746e-07
11.2483313596 	 2.50519e-07
11.2817091974 	 2.10367e-07
11.3150870353 	 1.72565e-07
11.3484648732 	 2.89314e-07
11.381842711 	 2.98095e-07
11.4152205489 	 3.10064e-07
11.4485983867 	 3.29761e-07
11.4819762246 	 2.10796e-07
11.5153540625 	 2.15068e-07
11.5487319003 	 2.60664e-07
11.5821097382 	 2.10505e-07
11.615487576 	 1.83112e-07
11.6488654139 	 1.19865e-07
11.6822432518 	 1.39385e-07
11.7156210896 	 1.39043e-07
11.7489989275 	 1.1664e-07
11.7823767654 	 7.66275e-08
11.8157546032 	 4.10782e-08
11.8491324411 	 4.89322e-08
11.8825102789 	 1.05906e-07
11.9158881168 	 1.08427e-07
11.9492659547 	 5.72913e-08
11.9826437925 	 1.98566e-08
12.0160216304 	 4.31662e-08
12.0493994683 	 1.07608e-07
12.0827773061 	 1.03291e-07
12.116155144 	 5.36835e-08
12.1495329818 	 5.43967e-08
12.1829108197 	 6.49527e-08
12.2162886576 	 2.42632e-08
12.2496664954 	 5.68645e-08
12.2830443333 	 5.25075e-08
12.3164221712 	 5.02421e-08
12.349800009 	 2.54355e-08
12.3831778469 	 4.62355e-08
12.4165556847 	 3.57113e-08
12.4499335226 	 7.16869e-08
12.4833113605 	 6.43601e-08
12.5166891983 	 3.73247e-08
12.5500670362 	 5.15216e-08
12.5834448741 	 2.05061e-08
12.6168227119 	 1.38649e-08
12.6502005498 	 2.16818e-08
12.6835783876 	 5.15808e-08
12.7169562255 	 5.27367e-08
12.7503340634 	 4.41747e-08
12.7837119012 	 3.41448e-08
12.8170897391 	 2.35932e-08
12.8504675769 	 9.99425e-09
12.8838454148 	 5.78669e-09
12.9172232527 	 1.31603e-08
12.9506010905 	 1.26175e-08
12.9839789284 	 2.4077e-08
13.0173567663 	 3.4638e-08
13.0507346041 	 3.046e-08
13.084112442 	 2.88363e-08
13.1174902798 	 2.90271e-08
13.1508681177 	 1.24402e-08
13.1842459556 	 2.34732e-08
13.2176237934 	 2.7359e-08
13.2510016313 	 1.17909e-08
13.2843794692 	 2.12894e-08
13.317757307 	 2.57515e-08
13.3511351449 	 3.31474e-08
13.3845129827 	 1.84865e-08
13.4178908206 	 9.30608e-09
13.4512686585 	 1.46285e-08
13.4846464963 	 2.17206e-08
13.5180243342 	 2.01551e-08
13.5514021721 	 2.61703e-08
13.5847800099 	 1.81618e-08
13.6181578478 	 3.70863e-09
13.6515356856 	 2.19507e-08
13.6849135235 	 2.29947e-08
13.7182913614 	 2.23722e-08
13.7516691992 	 2.39448e-08
13.7850470371 	 1.29536e-08
13.818424875 	 6.67396e-09
13.8518027128 	 1.23443e-08
13.8851805507 	 1.23407e-08
13.9185583885 	 5.54439e-09
13.9519362264 	 7.42821e-09
13.9853140643 	 1.30823e-09
14.0186919021 	 2.96162e-09
14.05206974 	 3.77916e-09
14.0854475779 	 5.38109e-09
14.1188254157 	 1.29515e-08
14.1522032536 	 1.35501e-08
14.1855810914 	 8.00257e-09
14.2189589293 	 1.01436e-08
14.2523367672 	 5.77122e-09
14.285714605 	 3.91577e-09
14.3190924429 	 8.87848e-09
14.3524702807 	 1.48961e-08
14.3858481186 	 1.86403e-08
14.4192259565 	 1.71204e-08
14.4526037943 	 9.13462e-09
14.4859816322 	 4.43861e-09
14.5193594701 	 7.28359e-09
14.5527373079 	 4.51408e-09
14.5861151458 	 7.82596e-09
14.6194929836 	 1.32262e-08
14.6528708215 	 1.09016e-08
14.6862486594 	 1.19646e-08
14.7196264972 	 1.06445e-08
14.7530043351 	 2.79141e-09
14.786382173 	 4.98378e-09
14.8197600108 	 6.43631e-09
14.8531378487 	 6.28307e-09
14.8865156865 	 4.54832e-09
14.9198935244 	 5.97119e-09
14.9532713623 	 3.90298e-09
14.9866492001 	 3.20892e-09
15.020027038 	 5.91218e-09
15.0534048759 	 6.27488e-09
15.0867827137 	 4.18491e-09
15.1201605516 	 2.9617e-10
15.1535383894 	 5.86451e-09
15.1869162273 	 4.26442e-09
15.2202940652 	 5.8078e-09
15.253671903 	 2.4684e-09
15.2870497409 	 6.39112e-09
15.3204275788 	 6.60402e-09
15.3538054166 	 3.35175e-09
15.3871832545 	 2.75512e-09
15.4205610923 	 6.22763e-09
15.4539389302 	 4.06876e-09
15.4873167681 	 4.18795e-09
15.5206946059 	 2.34167e-09
15.5540724438 	 6.27414e-09
15.5874502817 	 9.65953e-09
15.6208281195 	 7.79123e-09
15.6542059574 	 5.16679e-09
15.6875837952 	 2.85176e-09
15.7209616331 	 3.94073e-10
15.754339471 	 3.18374e-09
15.7877173088 	 5.11147e-09
15.8210951467 	 4.51936e-09
15.8544729845 	 7.87744e-10
15.8878508224 	 4.42028e-09
15.9212286603 	 7.28635e-09
15.9546064981 	 6.28829e-09
15.987984336 	 7.23774e-09
16.0213621739 	 5.848e-09
16.0547400117 	 5.30227e-09
16.0881178496 	 5.77743e-09
16.1214956874 	 3.46336e-09
16.1548735253 	 3.08744e-09
16.1882513632 	 5.21692e-09
16.221629201 	 3.09121e-09
16.2550070389 	 2.24119e-09
16.2883848768 	 2.56818e-09
16.3217627146 	 2.87593e-09
16.3551405525 	 4.38038e-09
16.3885183903 	 5.59249e-09
16.4218962282 	 2.63453e-09
16.4552740661 	 4.25568e-09
16.4886519039 	 3.63233e-09
16.5220297418 	 4.13797e-09
16.5554075797 	 2.54105e-09
16.5887854175 	 2.62732e-09
16.6221632554 	 3.95063e-09
16.6555410932 	 6.25913e-09
16.6889189311 	 5.26459e-09
16.722296769 	 4.21237e-09
16.7556746068 	 4.26199e-09
16.7890524447 	 2.73257e-09
16.8224302826 	 2.70932e-09
16.8558081204 	 1.38278e-09
16.8891859583 	 1.78729e-09
16.9225637961 	 2.80769e-09
16.955941634 	 2.61757e-09
16.9893194719 	 1.25403e-09
17.0226973097 	 6.17334e-10
17.0560751476 	 2.04857e-09
17.0894529855 	 2.75307e-09
17.1228308233 	 2.45443e-09
17.1562086612 	 1.1492e-09
17.189586499 	 1.15575e-09
17.2229643369 	 2.75996e-09
17.2563421748 	 1.99092e-09
17.2897200126 	 2.5184e-09
17.3230978505 	 3.92466e-09
17.3564756883 	 2.37462e-09
17.3898535262 	 2.21968e-09
17.4232313641 	 1.84823e-09
17.4566092019 	 6.70064e-10
17.4899870398 	 3.62357e-09
17.5233648777 	 3.01e-09
17.5567427155 	 1.26151e-09
17.5901205534 	 2.57528e-09
17.6234983912 	 2.71407e-09
17.6568762291 	 1.55238e-09
17.690254067 	 2.25436e-09
17.7236319048 	 1.01349e-09
17.7570097427 	 9.99558e-10
17.7903875806 	 1.87199e-09
17.8237654184 	 1.83837e-09
17.8571432563 	 4.49744e-10
17.8905210941 	 4.07812e-10
17.923898932 	 4.1746e-10
17.9572767699 	 9.41826e-10
17.9906546077 	 1.60519e-09
18.0240324456 	 1.87422e-10
18.0574102835 	 5.02454e-10
18.0907881213 	 1.65424e-09
18.1241659592 	 1.8951e-09
18.157543797 	 1.53508e-09
18.1909216349 	 1.24436e-09
18.2242994728 	 6.06006e-10
18.2576773106 	 6.70409e-10
18.2910551485 	 1.58393e-09
18.3244329864 	 1.45416e-09
18.3578108242 	 1.4908e-09
18.3911886621 	 1.37699e-09
18.4245664999 	 1.10077e-09
18.4579443378 	 6.6117e-10
18.4913221757 	 2.56136e-10
18.5247000135 	 1.89403e-10
18.5580778514 	 2.86749e-10
18.5914556892 	 2.55686e-10
18.6248335271 	 1.21847e-09
18.658211365 	 2.18521e-09
18.6915892028 	 1.44393e-09
18.7249670407 	 4.53061e-10
18.7583448786 	 4.24632e-10
18.7917227164 	 2.7523e-10
18.8251005543 	 4.64246e-10
18.8584783921 	 1.2341e-09
18.89185623 	 1.42183e-09
18.9252340679 	 1.51244e-09
18.9586119057 	 1.6799e-09
18.9919897436 	 9.601e-10
19.0253675815 	 1.07677e-09
19.0587454193 	 6.77633e-10
19.0921232572 	 6.11482e-10
19.125501095 	 8.80503e-10
19.1588789329 	 3.0092e-10
19.1922567708 	 2.03709e-10
19.2256346086 	 7.7773e-10
19.2590124465 	 7.59335e-10
19.2923902844 	 2.60768e-10
19.3257681222 	 5.43543e-10
19.3591459601 	 8.39563e-10
19.3925237979 	 2.75614e-10
19.4259016358 	 9.74705e-10
19.4592794737 	 5.15196e-10
19.4926573115 	 8.49917e-10
19.5260351494 	 9.85191e-10
19.5594129873 	 7.21101e-10
19.5927908251 	 9.82108e-10
19.626168663 	 8.7799e-10
19.6595465008 	 5.07582e-10
19.6929243387 	 4.45314e-10
19.7263021766 	 4.04238e-10
19.7596800144 	 3.43721e-10
19.7930578523 	 8.27675e-10
19.8264356902 	 8.12458e-10
19.859813528 	 5.35062e-10
19.8931913659 	 3.26067e-10
19.9265692037 	 7.19039e-10
19.9599470416 	 9.80299e-10
19.9933248795 	 9.64604e-10
20.0267027173 	 1.26862e-09
20.0600805552 	 7.25319e-10
20.093458393 	 4.10821e-10
20.1268362309 	 4.85158e-10
20.1602140688 	 5.23846e-10
20.1935919066 	 4.08121e-10
20.2269697445 	 2.61479e-10
20.2603475824 	 1.20528e-10
20.2937254202 	 3.8791e-10
20.3271032581 	 1.90228e-11
20.3604810959 	 4.23875e-10
20.3938589338 	 3.61317e-10
20.4272367717 	 6.28903e-10
20.4606146095 	 6.48172e-10
20.4939924474 	 5.27555e-10
20.5273702853 	 8.89746e-10
20.5607481231 	 5.11367e-10
20.594125961 	 5.87648e-10
20.6275037988 	 2.5642e-10
20.6608816367 	 6.58544e-10
20.6942594746 	 5.29782e-10
20.7276373124 	 5.58176e-10
20.7610151503 	 3.99323e-10
20.7943929882 	 4.46799e-10
20.827770826 	 6.5491e-11
20.8611486639 	 2.60293e-10
20.8945265017 	 5.21071e-10
20.9279043396 	 4.35898e-10
20.9612821775 	 2.60171e-10
20.9946600153 	 6.47166e-10
21.0280378532 	 6.00971e-10
21.0614156911 	 3.09558e-10
21.0947935289 	 2.87206e-10
21.1281713668 	 5.07703e-10
21.1615492046 	 3.94458e-10
21.1949270425 	 3.51391e-10
21.2283048804 	 3.82422e-10
21.2616827182 	 4.76101e-10
21.2950605561 	 3.60624e-10
21.328438394 	 4.15696e-10
21.3618162318 	 3.53852e-10
21.3951940697 	 3.37672e-10
21.4285719075 	 2.67096e-10
21.4619497454 	 3.65108e-10
21.4953275833 	 3.8852e-10
21.5287054211 	 4.75533e-10
21.562083259 	 7.52817e-10
21.5954610968 	 8.14188e-10
21.6288389347 	 5.04379e-10
21.6622167726 	 4.61824e-10
21.6955946104 	 3.08662e-10
21.7289724483 	 1.14375e-10
21.7623502862 	 1.4127e-10
21.795728124 	 4.50198e-10
21.8291059619 	 5.19726e-10
21.8624837997 	 6.35638e-10
21.8958616376 	 5.84458e-10
21.9292394755 	 3.5235e-10
21.9626173133 	 4.79567e-10
21.9959951512 	 9.7588e-11
22.0293729891 	 2.29876e-10
22.0627508269 	 4.24657e-10
22.0961286648 	 5.63604e-10
22.1295065026 	 5.32926e-10
22.1628843405 	 4.88402e-10
22.1962621784 	 4.02896e-10
22.2296400162 	 4.55289e-10
22.2630178541 	 3.62139e-10
22.296395692 	 3.01039e-10
22.3297735298 	 3.15688e-10
22.3631513677 	 3.68368e-10
22.3965292055 	 3.79257e-10
22.4299070434 	 3.58216e-10
22.4632848813 	 3.23315e-10
22.4966627191 	 4.02653e-10
22.530040557 	 3.53429e-10
22.5634183949 	 3.61585e-10
22.5967962327 	 4.48447e-10
22.6301740706 	 2.76499e-10
22.6635519084 	 2.69719e-10
22.6969297463 	 2.36422e-10
22.7303075842 	 2.76101e-10
22.763685422 	 4.85834e-10
22.7970632599 	 5.20371e-10
22.8304410978 	 4.47566e-10
22.8638189356 	 4.37093e-10
22.8971967735 	 3.97717e-10
22.9305746113 	 3.36217e-10
22.9639524492 	 2.7549e-10
22.9973302871 	 3.5998e-10
23.0307081249 	 4.49369e-10
23.0640859628 	 5.13571e-10
23.0974638006 	 4.23816e-10
23.1308416385 	 3.13339e-10
23.1642194764 	 3.16392e-10
23.1975973142 	 2.53987e-10
23.2309751521 	 2.03373e-10
23.26435299 	 2.90962e-10
23.2977308278 	 3.4226e-10
23.3311086657 	 3.70876e-10
23.3644865035 	 4.40234e-10
23.3978643414 	 3.35516e-10
23.4312421793 	 3.27495e-10
23.4646200171 	 4.15309e-10
23.497997855 	 4.25553e-10
23.5313756929 	 3.68853e-10
23.5647535307 	 3.56033e-10
23.5981313686 	 3.63047e-10
23.6315092064 	 3.87448e-10
23.6648870443 	 3.4814e-10
23.6982648822 	 3.71491e-10
23.73164272 	 3.68001e-10
23.7650205579 	 2.81326e-10
23.7983983958 	 3.33452e-10
23.8317762336 	 4.01168e-10
23.8651540715 	 3.41806e-10
23.8985319093 	 2.74125e-10
23.9319097472 	 2.86092e-10
23.9652875851 	 3.47476e-10
23.9986654229 	 3.73095e-10
24.0320432608 	 3.33833e-10
24.0654210987 	 3.26292e-10
24.0987989365 	 3.72243e-10
24.1321767744 	 3.45817e-10
24.1655546122 	 3.72135e-10
24.1989324501 	 3.40577e-10
24.232310288 	 3.24021e-10
24.2656881258 	 3.48056e-10
24.2990659637 	 3.23991e-10
24.3324438015 	 3.21007e-10
24.3658216394 	 3.33189e-10
24.3991994773 	 3.46706e-10
24.4325773151 	 3.18982e-10
24.465955153 	 3.6224e-10
24.4993329909 	 3.42117e-10
24.5327108287 	 3.62236e-10
24.5660886666 	 3.62397e-10
24.5994665044 	 3.13296e-10
24.6328443423 	 3.14126e-10
24.6662221802 	 3.32609e-10
24.699600018 	 3.38409e-10
24.7329778559 	 3.45568e-10
24.7663556938 	 3.36667e-10
24.7997335316 	 3.30629e-10
24.8331113695 	 3.17516e-10
24.8664892073 	 3.30861e-10
24.8998670452 	 3.25171e-10
24.9332448831 	 3.3267e-10
24.9666227209 	 3.20269e-10
25.0000005588 	 3.33084e-10
25.0333783967 	 3.49804e-10
25.0667562345 	 3.18954e-10
25.1001340724 	 3.16043e-10
25.1335119102 	 3.27637e-10
25.1668897481 	 3.40881e-10
25.200267586 	 3.36044e-10
25.2336454238 	 3.38087e-10
25.2670232617 	 3.29211e-10
25.3004010996 	 3.29989e-10
25.3337789374 	 3.19587e-10
25.3671567753 	 3.13755e-10
25.4005346131 	 3.27272e-10
25.433912451 	 3.32503e-10
25.4672902889 	 3.37731e-10
25.5006681267 	 3.27215e-10
25.5340459646 	 3.16618e-10
25.5674238025 	 3.18146e-10
25.6008016403 	 3.29156e-10
25.6341794782 	 3.13517e-10
25.667557316 	 3.04351e-10
25.7009351539 	 3.16108e-10
25.7343129918 	 3.32697e-10
25.7676908296 	 3.39165e-10
25.8010686675 	 3.22707e-10
25.8344465053 	 3.09455e-10
25.8678243432 	 3.10122e-10
25.9012021811 	 3.15485e-10
25.9345800189 	 3.22983e-10
25.9679578568 	 3.14674e-10
26.0013356947 	 3.18164e-10
26.0347135325 	 3.38522e-10
26.0680913704 	 3.35151e-10
26.1014692082 	 3.2592e-10
26.1348470461 	 3.09732e-10
26.168224884 	 3.11053e-10
26.2016027218 	 3.16352e-10
26.2349805597 	 3.04601e-10
26.2683583976 	 3.14334e-10
26.3017362354 	 3.2345e-10
26.3351140733 	 3.27809e-10
26.3684919111 	 3.16325e-10
26.401869749 	 3.17944e-10
26.4352475869 	 3.10264e-10
26.4686254247 	 3.11647e-10
26.5020032626 	 3.10786e-10
26.5353811005 	 3.03678e-10
26.5687589383 	 3.02391e-10
26.6021367762 	 3.07346e-10
26.635514614 	 3.11044e-10
26.6688924519 	 3.13883e-10
26.7022702898 	 3.09271e-10
26.7356481276 	 3.06028e-10
26.7690259655 	 3.18864e-10
26.8024038034 	 3.24846e-10
26.8357816412 	 3.22172e-10
26.8691594791 	 3.17999e-10
26.9025373169 	 2.95172e-10
26.9359151548 	 3.0641e-10
26.9692929927 	 3.15838e-10
27.0026708305 	 3.02747e-10
27.0360486684 	 2.99242e-10
27.0694265063 	 3.10271e-10
27.1028043441 	 3.13982e-10
27.136182182 	 3.05652e-10
27.1695600198 	 3.13148e-10
27.2029378577 	 3.06699e-10
27.2363156956 	 3.06963e-10
27.2696935334 	 3.00581e-10
27.3030713713 	 3.02605e-10
27.3364492091 	 3.02846e-10
27.369827047 	 2.97018e-10
27.4032048849 	 2.99931e-10
27.4365827227 	 3.01066e-10
27.4699605606 	 3.13461e-10
27.5033383985 	 3.15674e-10
27.5367162363 	 3.06641e-10
27.5700940742 	 3.00339e-10
27.603471912 	 3.02e-10
27.6368497499 	 2.971e-10
27.6702275878 	 2.99711e-10
27.7036054256 	 3.1091e-10
27.7369832635 	 3.07326e-10
27.7703611014 	 2.9529e-10
27.8037389392 	 2.96812e-10
27.8371167771 	 2.98777e-10
27.8704946149 	 3.00776e-10
27.9038724528 	 3.02193e-10
27.9372502907 	 3.00846e-10
27.9706281285 	 2.98795e-10
28.0040059664 	 3.03436e-10
28.0373838043 	 2.92537e-10
28.0707616421 	 2.96162e-10
28.10413948 	 2.94735e-10
28.1375173178 	 2.96262e-10
28.1708951557 	 3.01158e-10
28.2042729936 	 3.03149e-10
28.2376508314 	 2.94365e-10
28.2710286693 	 2.95621e-10
28.3044065072 	 2.93812e-10
28.337784345 	 2.97209e-10
28.3711621829 	 3.00172e-10
28.4045400207 	 2.97964e-10
28.4379178586 	 2.96164e-10
28.4712956965 	 2.9464e-10
28.5046735343 	 2.90679e-10
28.5380513722 	 2.92439e-10
28.57142921 	 2.93286e-10
28.6048070479 	 2.93502e-10
28.6381848858 	 2.95163e-10
28.6715627236 	 2.93345e-10
28.7049405615 	 2.9454e-10
28.7383183994 	 2.95575e-10
28.7716962372 	 2.96799e-10
28.8050740751 	 2.89655e-10
28.8384519129 	 2.90257e-10
28.8718297508 	 2.90406e-10
28.9052075887 	 2.8975e-10
28.9385854265 	 2.85797e-10
28.9719632644 	 2.89499e-10
29.0053411023 	 2.91154e-10
29.0387189401 	 2.91962e-10
29.072096778 	 2.94947e-10
29.1054746158 	 2.92766e-10
29.1388524537 	 2.88904e-10
29.1722302916 	 2.88324e-10
29.2056081294 	 2.8957e-10
29.2389859673 	 2.89388e-10
29.2723638052 	 2.85474e-10
29.305741643 	 2.87678e-10
29.3391194809 	 2.87731e-10
29.3724973187 	 2.87449e-10
29.4058751566 	 2.85599e-10
29.4392529945 	 2.86365e-10
29.4726308323 	 2.87705e-10
29.5060086702 	 2.88441e-10
29.5393865081 	 2.86837e-10
29.5727643459 	 2.86996e-10
29.6061421838 	 2.85491e-10
29.6395200216 	 2.88011e-10
29.6728978595 	 2.86767e-10
29.7062756974 	 2.83126e-10
29.7396535352 	 2.84865e-10
29.7730313731 	 2.83831e-10
29.806409211 	 2.80962e-10
29.8397870488 	 2.84661e-10
29.8731648867 	 2.83505e-10
29.9065427245 	 2.81366e-10
29.9399205624 	 2.84252e-10
29.9732984003 	 2.85509e-10
30.0066762381 	 2.83631e-10
30.040054076 	 2.821e-10
30.0734319138 	 2.80747e-10
30.1068097517 	 2.82636e-10
30.1401875896 	 2.82528e-10
30.1735654274 	 2.80638e-10
30.2069432653 	 2.81304e-10
30.2403211032 	 2.81359e-10
30.273698941 	 2.81615e-10
30.3070767789 	 2.82268e-10
30.3404546167 	 2.79346e-10
30.3738324546 	 2.7953e-10
30.4072102925 	 2.80596e-10
30.4405881303 	 2.79001e-10
30.4739659682 	 2.78495e-10
30.5073438061 	 2.78325e-10
30.5407216439 	 2.78956e-10
30.5740994818 	 2.79938e-10
30.6074773196 	 2.79927e-10
30.6408551575 	 2.79026e-10
30.6742329954 	 2.78345e-10
30.7076108332 	 2.77562e-10
30.7409886711 	 2.78072e-10
30.774366509 	 2.76407e-10
30.8077443468 	 2.76793e-10
30.8411221847 	 2.76358e-10
30.8745000225 	 2.7573e-10
30.9078778604 	 2.75262e-10
30.9412556983 	 2.75317e-10
30.9746335361 	 2.76809e-10
31.008011374 	 2.76038e-10
31.0413892119 	 2.75038e-10
31.0747670497 	 2.75786e-10
31.1081448876 	 2.76364e-10
31.1415227254 	 2.75614e-10
31.1749005633 	 2.74797e-10
31.2082784012 	 2.74204e-10
31.241656239 	 2.73708e-10
31.2750340769 	 2.72803e-10
31.3084119148 	 2.73266e-10
31.3417897526 	 2.73526e-10
31.3751675905 	 2.73675e-10
31.4085454283 	 2.72697e-10
31.4419232662 	 2.72742e-10
31.4753011041 	 2.73138e-10
31.5086789419 	 2.72623e-10
31.5420567798 	 2.71861e-10
31.5754346176 	 2.7154e-10
31.6088124555 	 2.72232e-10
31.6421902934 	 2.7211e-10
31.6755681312 	 2.71374e-10
31.7089459691 	 2.70767e-10
31.742323807 	 2.71191e-10
31.7757016448 	 2.70801e-10
31.8090794827 	 2.70329e-10
31.8424573205 	 2.69986e-10
31.8758351584 	 2.70352e-10
31.9092129963 	 2.70062e-10
31.9425908341 	 2.69393e-10
31.975968672 	 2.6905e-10
32.0093465099 	 2.68786e-10
32.0427243477 	 2.68997e-10
32.0761021856 	 2.69183e-10
32.1094800234 	 2.69345e-10
32.1428578613 	 2.67614e-10
32.1762356992 	 2.68295e-10
32.209613537 	 2.68655e-10
32.2429913749 	 2.67786e-10
32.2763692128 	 2.66754e-10
32.3097470506 	 2.66954e-10
32.3431248885 	 2.67367e-10
32.3765027263 	 2.67418e-10
32.4098805642 	 2.66802e-10
32.4432584021 	 2.6696e-10
32.4766362399 	 2.66632e-10
32.5100140778 	 2.6611e-10
32.5433919157 	 2.6569e-10
32.5767697535 	 2.65082e-10
32.6101475914 	 2.65293e-10
32.6435254292 	 2.65609e-10
32.6769032671 	 2.65209e-10
32.710281105 	 2.65697e-10
32.7436589428 	 2.65092e-10
32.7770367807 	 2.64752e-10
32.8104146186 	 2.64331e-10
32.8437924564 	 2.64036e-10
32.8771702943 	 2.63694e-10
32.9105481321 	 2.64115e-10
32.94392597 	 2.63994e-10
32.9773038079 	 2.63668e-10
33.0106816457 	 2.63169e-10
33.0440594836 	 2.63167e-10
33.0774373214 	 2.62669e-10
33.1108151593 	 2.62426e-10
33.1441929972 	 2.62463e-10
33.177570835 	 2.61634e-10
33.2109486729 	 2.6233e-10
33.2443265108 	 2.61205e-10
33.2777043486 	 2.62192e-10
33.3110821865 	 2.61761e-10
33.3444600243 	 2.61194e-10
33.3778378622 	 2.6172e-10
33.4112157001 	 2.61637e-10
33.4445935379 	 2.61198e-10
33.4779713758 	 2.60695e-10
33.5113492137 	 2.60099e-10
33.5447270515 	 2.6041e-10
33.5781048894 	 2.59952e-10
33.6114827272 	 2.60143e-10
33.6448605651 	 2.59865e-10
33.678238403 	 2.5917e-10
33.7116162408 	 2.59648e-10
33.7449940787 	 2.58695e-10
33.7783719166 	 2.58889e-10
33.8117497544 	 2.59048e-10
33.8451275923 	 2.59082e-10
33.8785054301 	 2.58966e-10
33.911883268 	 2.58553e-10
33.9452611059 	 2.5806e-10
33.9786389437 	 2.57679e-10
34.0120167816 	 2.57353e-10
34.0453946195 	 2.58322e-10
34.0787724573 	 2.57613e-10
34.1121502952 	 2.57206e-10
34.145528133 	 2.56849e-10
34.1789059709 	 2.56594e-10
34.2122838088 	 2.57245e-10
34.2456616466 	 2.56612e-10
34.2790394845 	 2.56556e-10
34.3124173223 	 2.56656e-10
34.3457951602 	 2.56128e-10
34.3791729981 	 2.56317e-10
34.4125508359 	 2.5583e-10
34.4459286738 	 2.55542e-10
34.4793065117 	 2.55524e-10
34.5126843495 	 2.5568e-10
34.5460621874 	 2.55428e-10
34.5794400252 	 2.55319e-10
34.6128178631 	 2.54432e-10
34.646195701 	 2.54533e-10
34.6795735388 	 2.5364e-10
34.7129513767 	 2.54639e-10
34.7463292146 	 2.54357e-10
34.7797070524 	 2.54107e-10
34.8130848903 	 2.53376e-10
34.8464627281 	 2.52983e-10
34.879840566 	 2.53596e-10
34.9132184039 	 2.53884e-10
34.9465962417 	 2.53365e-10
34.9799740796 	 2.53755e-10
35.0133519175 	 2.53474e-10
35.0467297553 	 2.53171e-10
35.0801075932 	 2.52486e-10
35.113485431 	 2.52355e-10
35.1468632689 	 2.5188e-10
35.1802411068 	 2.51664e-10
35.2136189446 	 2.52409e-10
35.2469967825 	 2.52196e-10
35.2803746204 	 2.52082e-10
35.3137524582 	 2.51407e-10
35.3471302961 	 2.50974e-10
35.3805081339 	 2.51004e-10
35.4138859718 	 2.51114e-10
35.4472638097 	 2.50922e-10
35.4806416475 	 2.51015e-10
35.5140194854 	 2.50359e-10
35.5473973233 	 2.50793e-10
35.5807751611 	 2.5029e-10
35.614152999 	 2.5027e-10
35.6475308368 	 2.49982e-10
35.6809086747 	 2.50044e-10
35.7142865126 	 2.49812e-10
35.7476643504 	 2.50351e-10
35.7810421883 	 2.49266e-10
35.8144200261 	 2.49367e-10
35.847797864 	 2.48837e-10
35.8811757019 	 2.49282e-10
35.9145535397 	 2.48802e-10
35.9479313776 	 2.48729e-10
35.9813092155 	 2.48348e-10
36.0146870533 	 2.48479e-10
36.0480648912 	 2.4841e-10
36.081442729 	 2.48201e-10
36.1148205669 	 2.48276e-10
36.1481984048 	 2.47637e-10
36.1815762426 	 2.47982e-10
36.2149540805 	 2.48103e-10
36.2483319184 	 2.47649e-10
36.2817097562 	 2.47405e-10
36.3150875941 	 2.47068e-10
36.3484654319 	 2.46827e-10
36.3818432698 	 2.47029e-10
36.4152211077 	 2.47108e-10
36.4485989455 	 2.47016e-10
36.4819767834 	 2.46348e-10
36.5153546213 	 2.46098e-10
36.5487324591 	 2.46243e-10
36.582110297 	 2.45755e-10
36.6154881348 	 2.46569e-10
36.6488659727 	 2.4557e-10
36.6822438106 	 2.45977e-10
36.7156216484 	 2.45859e-10
36.7489994863 	 2.45479e-10
36.7823773242 	 2.45412e-10
36.815755162 	 2.45056e-10
36.8491329999 	 2.45419e-10
36.8825108377 	 2.44927e-10
36.9158886756 	 2.44778e-10
36.9492665135 	 2.4512e-10
36.9826443513 	 2.44295e-10
37.0160221892 	 2.44171e-10
37.0494000271 	 2.44462e-10
37.0827778649 	 2.4441e-10
37.1161557028 	 2.44689e-10
37.1495335406 	 2.44033e-10
37.1829113785 	 2.43729e-10
37.2162892164 	 2.43619e-10
37.2496670542 	 2.42923e-10
37.2830448921 	 2.43887e-10
37.3164227299 	 2.43149e-10
37.3498005678 	 2.43475e-10
37.3831784057 	 2.43294e-10
37.4165562435 	 2.43222e-10
37.4499340814 	 2.43145e-10
37.4833119193 	 2.42197e-10
37.5166897571 	 2.42363e-10
37.550067595 	 2.4231e-10
37.5834454328 	 2.42707e-10
37.6168232707 	 2.42518e-10
37.6502011086 	 2.41949e-10
37.6835789464 	 2.41582e-10
37.7169567843 	 2.42155e-10
37.7503346222 	 2.41637e-10
37.78371246 	 2.42525e-10
37.8170902979 	 2.4145e-10
37.8504681357 	 2.41428e-10
37.8838459736 	 2.41635e-10
37.9172238115 	 2.41156e-10
37.9506016493 	 2.4111e-10
37.9839794872 	 2.40648e-10
38.0173573251 	 2.40409e-10
38.0507351629 	 2.40901e-10
38.0841130008 	 2.40597e-10
38.1174908386 	 2.40982e-10
38.1508686765 	 2.40161e-10
38.1842465144 	 2.39893e-10
38.2176243522 	 2.40296e-10
38.2510021901 	 2.40392e-10
38.284380028 	 2.40579e-10
38.3177578658 	 2.39869e-10
38.3511357037 	 2.39157e-10
38.3845135415 	 2.39484e-10
38.4178913794 	 2.39314e-10
38.4512692173 	 2.3982e-10
38.4846470551 	 2.39539e-10
38.518024893 	 2.39039e-10
38.5514027308 	 2.39518e-10
38.5847805687 	 2.38707e-10
38.6181584066 	 2.39201e-10
38.6515362444 	 2.38915e-10
38.6849140823 	 2.38454e-10
38.7182919202 	 2.38384e-10
38.751669758 	 2.38229e-10
38.7850475959 	 2.3831e-10
38.8184254337 	 2.38258e-10
38.8518032716 	 2.37973e-10
38.8851811095 	 2.38582e-10
38.9185589473 	 2.37673e-10
38.9519367852 	 2.38324e-10
38.9853146231 	 2.37364e-10
39.0186924609 	 2.37879e-10
39.0520702988 	 2.37664e-10
39.0854481366 	 2.37583e-10
39.1188259745 	 2.37607e-10
39.1522038124 	 2.36645e-10
39.1855816502 	 2.36725e-10
39.2189594881 	 2.37018e-10
39.252337326 	 2.37198e-10
39.2857151638 	 2.37298e-10
39.3190930017 	 2.36311e-10
39.3524708395 	 2.36127e-10
39.3858486774 	 2.36789e-10
39.4192265153 	 2.36602e-10
39.4526043531 	 2.36904e-10
39.485982191 	 2.36111e-10
39.5193600289 	 2.3591e-10
39.5527378667 	 2.35619e-10
39.5861157046 	 2.3631e-10
39.6194935424 	 2.36035e-10
39.6528713803 	 2.36031e-10
39.6862492182 	 2.35622e-10
39.719627056 	 2.3567e-10
39.7530048939 	 2.35312e-10
39.7863827318 	 2.35113e-10
39.8197605696 	 2.35369e-10
39.8531384075 	 2.35189e-10
39.8865162453 	 2.35024e-10
39.9198940832 	 2.35235e-10
39.9532719211 	 2.34813e-10
39.9866497589 	 2.34827e-10
40.0200275968 	 2.34438e-10
40.0534054346 	 2.34851e-10
40.0867832725 	 2.349e-10
40.1201611104 	 2.34216e-10
40.1535389482 	 2.34272e-10
40.1869167861 	 2.3403e-10
40.220294624 	 2.34701e-10
40.2536724618 	 2.34352e-10
40.2870502997 	 2.34071e-10
40.3204281375 	 2.33807e-10
40.3538059754 	 2.33317e-10
40.3871838133 	 2.33777e-10
40.4205616511 	 2.34038e-10
40.453939489 	 2.33547e-10
40.4873173269 	 2.33806e-10
40.5206951647 	 2.33469e-10
40.5540730026 	 2.33043e-10
40.5874508404 	 2.33025e-10
40.6208286783 	 2.33082e-10
40.6542065162 	 2.33191e-10
40.687584354 	 2.33241e-10
40.7209621919 	 2.33312e-10
40.7543400298 	 2.32641e-10
40.7877178676 	 2.32992e-10
40.8210957055 	 2.32195e-10
40.8544735433 	 2.32716e-10
40.8878513812 	 2.32645e-10
40.9212292191 	 2.32386e-10
40.9546070569 	 2.32291e-10
40.9879848948 	 2.31762e-10
41.0213627327 	 2.32143e-10
41.0547405705 	 2.32399e-10
41.0881184084 	 2.3227e-10
41.1214962462 	 2.3197e-10
41.1548740841 	 2.31414e-10
41.188251922 	 2.31762e-10
41.2216297598 	 2.31859e-10
41.2550075977 	 2.31963e-10
41.2883854356 	 2.31579e-10
41.3217632734 	 2.31195e-10
41.3551411113 	 2.31233e-10
41.3885189491 	 2.31181e-10
41.421896787 	 2.31263e-10
41.4552746249 	 2.31597e-10
41.4886524627 	 2.31215e-10
41.5220303006 	 2.31263e-10
41.5554081384 	 2.30781e-10
41.5887859763 	 2.30545e-10
41.6221638142 	 2.30599e-10
41.655541652 	 2.30627e-10
41.6889194899 	 2.31231e-10
41.7222973278 	 2.30388e-10
41.7556751656 	 2.30659e-10
41.7890530035 	 2.30317e-10
41.8224308413 	 2.29991e-10
41.8558086792 	 2.30377e-10
41.8891865171 	 2.30662e-10
41.9225643549 	 2.2982e-10
41.9559421928 	 2.30097e-10
41.9893200307 	 2.29999e-10
42.0226978685 	 2.30254e-10
42.0560757064 	 2.29743e-10
42.0894535442 	 2.29485e-10
42.1228313821 	 2.29015e-10
42.15620922 	 2.29419e-10
42.1895870578 	 2.29931e-10
42.2229648957 	 2.30116e-10
42.2563427336 	 2.29943e-10
42.2897205714 	 2.29526e-10
42.3230984093 	 2.29273e-10
42.3564762471 	 2.28834e-10
42.389854085 	 2.29453e-10
42.4232319229 	 2.288e-10
42.4566097607 	 2.29107e-10
42.4899875986 	 2.28927e-10
42.5233654365 	 2.28784e-10
42.5567432743 	 2.29227e-10
42.5901211122 	 2.28668e-10
42.62349895 	 2.28398e-10
42.6568767879 	 2.28853e-10
42.6902546258 	 2.28199e-10
42.7236324636 	 2.28919e-10
42.7570103015 	 2.2813e-10
42.7903881394 	 2.28183e-10
42.8237659772 	 2.28533e-10
42.8571438151 	 2.287e-10
42.8905216529 	 2.28442e-10
42.9238994908 	 2.28002e-10
42.9572773287 	 2.27673e-10
42.9906551665 	 2.27802e-10
43.0240330044 	 2.28357e-10
43.0574108422 	 2.27818e-10
43.0907886801 	 2.2796e-10
43.124166518 	 2.27876e-10
43.1575443558 	 2.28198e-10
43.1909221937 	 2.28103e-10
43.2243000316 	 2.27467e-10
43.2576778694 	 2.27152e-10
43.2910557073 	 2.27616e-10
43.3244335451 	 2.26646e-10
43.357811383 	 2.27846e-10
43.3911892209 	 2.27194e-10
43.4245670587 	 2.27276e-10
43.4579448966 	 2.26803e-10
43.4913227345 	 2.26991e-10
43.5247005723 	 2.27083e-10
43.5580784102 	 2.26905e-10
43.591456248 	 2.27237e-10
43.6248340859 	 2.26812e-10
43.6582119238 	 2.27097e-10
43.6915897616 	 2.27062e-10
43.7249675995 	 2.27016e-10
43.7583454374 	 2.26681e-10
43.7917232752 	 2.26776e-10
43.8251011131 	 2.2644e-10
43.8584789509 	 2.27321e-10
43.8918567888 	 2.26363e-10
43.9252346267 	 2.26784e-10
43.9586124645 	 2.25858e-10
43.9919903024 	 2.25981e-10
44.0253681403 	 2.25675e-10
44.0587459781 	 2.26455e-10
44.092123816 	 2.26561e-10
44.1255016538 	 2.26153e-10
44.1588794917 	 2.25979e-10
44.1922573296 	 2.25592e-10
44.2256351674 	 2.26051e-10
44.2590130053 	 2.25928e-10
44.2923908431 	 2.26222e-10
44.325768681 	 2.25963e-10
44.3591465189 	 2.26098e-10
44.3925243567 	 2.25617e-10
44.4259021946 	 2.25686e-10
44.4592800325 	 2.25021e-10
44.4926578703 	 2.25954e-10
44.5260357082 	 2.25888e-10
44.559413546 	 2.25637e-10
44.5927913839 	 2.25467e-10
44.6261692218 	 2.25282e-10
44.6595470596 	 2.25155e-10
44.6929248975 	 2.2567e-10
44.7263027354 	 2.25339e-10
44.7596805732 	 2.25126e-10
44.7930584111 	 2.2532e-10
44.8264362489 	 2.24881e-10
44.8598140868 	 2.25376e-10
44.8931919247 	 2.25135e-10
44.9265697625 	 2.24585e-10
44.9599476004 	 2.24642e-10
44.9933254383 	 2.24984e-10
45.0267032761 	 2.24891e-10
45.060081114 	 2.25581e-10
45.0934589518 	 2.24978e-10
45.1268367897 	 2.24998e-10
45.1602146276 	 2.24187e-10
45.1935924654 	 2.24815e-10
45.2269703033 	 2.24261e-10
45.2603481412 	 2.24954e-10
45.293725979 	 2.245e-10
45.3271038169 	 2.24696e-10
45.3604816547 	 2.24504e-10
45.3938594926 	 2.24368e-10
45.4272373305 	 2.24448e-10
45.4606151683 	 2.24311e-10
45.4939930062 	 2.24468e-10
45.5273708441 	 2.24028e-10
45.5607486819 	 2.23963e-10
45.5941265198 	 2.23794e-10
45.6275043576 	 2.24105e-10
45.6608821955 	 2.2413e-10
45.6942600334 	 2.2493e-10
45.7276378712 	 2.24296e-10
45.7610157091 	 2.24246e-10
45.7943935469 	 2.23908e-10
45.8277713848 	 2.2403e-10
45.8611492227 	 2.23678e-10
45.8945270605 	 2.24037e-10
45.9279048984 	 2.24424e-10
45.9612827363 	 2.23325e-10
45.9946605741 	 2.24198e-10
46.028038412 	 2.23892e-10
46.0614162498 	 2.23571e-10
46.0947940877 	 2.23571e-10
46.1281719256 	 2.23286e-10
46.1615497634 	 2.22594e-10
46.1949276013 	 2.23769e-10
46.2283054392 	 2.23484e-10
46.261683277 	 2.24011e-10
46.2950611149 	 2.23179e-10
46.3284389527 	 2.23536e-10
46.3618167906 	 2.23439e-10
46.3951946285 	 2.23646e-10
46.4285724663 	 2.23555e-10
46.4619503042 	 2.23888e-10
46.4953281421 	 2.23453e-10
46.5287059799 	 2.23065e-10
46.5620838178 	 2.23639e-10
46.5954616556 	 2.22941e-10
46.6288394935 	 2.23389e-10
46.6622173314 	 2.23323e-10
46.6955951692 	 2.23398e-10
46.7289730071 	 2.22704e-10
46.762350845 	 2.22745e-10
46.7957286828 	 2.22606e-10
46.8291065207 	 2.2307e-10
46.8624843585 	 2.22635e-10
46.8958621964 	 2.23524e-10
46.9292400343 	 2.23085e-10
46.9626178721 	 2.228e-10
46.99599571 	 2.22612e-10
47.0293735479 	 2.22779e-10
47.0627513857 	 2.22574e-10
47.0961292236 	 2.23146e-10
47.1295070614 	 2.23223e-10
47.1628848993 	 2.22761e-10
47.1962627372 	 2.23329e-10
47.229640575 	 2.22954e-10
47.2630184129 	 2.22758e-10
47.2963962507 	 2.22665e-10
47.3297740886 	 2.2271e-10
47.3631519265 	 2.22229e-10
47.3965297643 	 2.22637e-10
47.4299076022 	 2.22557e-10
47.4632854401 	 2.22486e-10
47.4966632779 	 2.22242e-10
47.5300411158 	 2.22642e-10
47.5634189536 	 2.22359e-10
47.5967967915 	 2.22843e-10
47.6301746294 	 2.22114e-10
47.6635524672 	 2.22482e-10
47.6969303051 	 2.22261e-10
47.730308143 	 2.22415e-10
47.7636859808 	 2.22597e-10
47.7970638187 	 2.222e-10
47.8304416565 	 2.2254e-10
47.8638194944 	 2.229e-10
47.8971973323 	 2.22924e-10
47.9305751701 	 2.2243e-10
47.963953008 	 2.22193e-10
47.9973308459 	 2.21705e-10
48.0307086837 	 2.22497e-10
48.0640865216 	 2.22208e-10
48.0974643594 	 2.22113e-10
48.1308421973 	 2.21799e-10
48.1642200352 	 2.22502e-10
48.197597873 	 2.22177e-10
48.2309757109 	 2.22311e-10
48.2643535488 	 2.21995e-10
48.2977313866 	 2.21942e-10
48.3311092245 	 2.22364e-10
48.3644870623 	 2.21551e-10
48.3978649002 	 2.22095e-10
48.4312427381 	 2.21893e-10
48.4646205759 	 2.22e-10
48.4979984138 	 2.22596e-10
48.5313762516 	 2.22191e-10
48.5647540895 	 2.21953e-10
48.5981319274 	 2.22434e-10
48.6315097652 	 2.22155e-10
48.6648876031 	 2.22067e-10
48.698265441 	 2.22065e-10
48.7316432788 	 2.22293e-10
48.7650211167 	 2.21357e-10
48.7983989545 	 2.21589e-10
48.8317767924 	 2.22197e-10
48.8651546303 	 2.22391e-10
48.8985324681 	 2.22279e-10
48.931910306 	 2.21403e-10
48.9652881439 	 2.212e-10
48.9986659817 	 2.213e-10
49.0320438196 	 2.22095e-10
49.0654216574 	 2.21951e-10
49.0987994953 	 2.21905e-10
49.1321773332 	 2.21924e-10
49.165555171 	 2.22213e-10
49.1989330089 	 2.21505e-10
49.2323108468 	 2.2217e-10
49.2656886846 	 2.21866e-10
49.2990665225 	 2.21742e-10
49.3324443603 	 2.21974e-10
49.3658221982 	 2.22115e-10
49.3992000361 	 2.21952e-10
49.4325778739 	 2.22255e-10
49.4659557118 	 2.21793e-10
49.4993335497 	 2.2165e-10
49.5327113875 	 2.21657e-10
49.5660892254 	 2.21324e-10
49.5994670632 	 2.21706e-10
49.6328449011 	 2.21266e-10
49.666222739 	 2.21929e-10
49.6996005768 	 2.21829e-10
49.7329784147 	 2.218e-10
49.7663562526 	 2.21786e-10
49.7997340904 	 2.2186e-10
49.8331119283 	 2.22043e-10
49.8664897661 	 2.21568e-10
49.899867604 	 2.21496e-10
49.9332454419 	 2.2166e-10
49.9666232797 	 2.21762e-10
50.0000011176 	 2.22426e-10
