0.0 	 0.00982494
0.0239808158837 	 0.0211993
0.0479616317675 	 0.0673011
0.0719424476512 	 0.0293343
0.0959232635349 	 0.0422243
0.119904079419 	 0.0365603
0.143884895302 	 0.0306708
0.167865711186 	 0.0239828
0.19184652707 	 0.0198753
0.215827342954 	 0.0233809
0.239808158837 	 0.0138691
0.263788974721 	 0.00840187
0.287769790605 	 0.00447012
0.311750606489 	 0.00414512
0.335731422372 	 0.00841863
0.359712238256 	 0.0100037
0.38369305414 	 0.00662153
0.407673870023 	 0.00606049
0.431654685907 	 0.00819822
0.455635501791 	 0.00903364
0.479616317675 	 0.00799748
0.503597133558 	 0.0060092
0.527577949442 	 0.00446887
0.551558765326 	 0.00343958
0.57553958121 	 0.00318955
0.599520397093 	 0.00333366
0.623501212977 	 0.00294443
0.647482028861 	 0.00308036
0.671462844745 	 0.00272388
0.695443660628 	 0.00195445
0.719424476512 	 0.00196109
0.743405292396 	 0.00200375
0.76738610828 	 0.0017731
0.791366924163 	 0.00133401
0.815347740047 	 0.000849861
0.839328555931 	 0.000794621
0.863309371814 	 0.000525777
0.887290187698 	 0.000262933
0.911271003582 	 0.000304873
0.935251819466 	 0.00057071
0.959232635349 	 0.000449702
0.983213451233 	 0.000238259
1.00719426712 	 0.000426904
1.031175083 	 0.000453076
1.05515589888 	 0.000512727
1.07913671477 	 0.00047444
1.10311753065 	 0.000314195
1.12709834654 	 0.00029479
1.15107916242 	 0.000512175
1.1750599783 	 0.000779511
1.19904079419 	 0.00101808
1.22302161007 	 0.00086439
1.24700242595 	 0.000716708
1.27098324184 	 0.000583201
1.29496405772 	 0.0003535
1.31894487361 	 0.000227302
1.34292568949 	 0.000294047
1.36690650537 	 0.000353319
1.39088732126 	 0.000416547
1.41486813714 	 0.000331852
1.43884895302 	 0.000239088
1.46282976891 	 0.000422212
1.48681058479 	 0.000703431
1.51079140068 	 0.000871928
1.53477221656 	 0.000904074
1.55875303244 	 0.000841118
1.58273384833 	 0.000612917
1.60671466421 	 0.00037444
1.63069548009 	 0.000186384
1.65467629598 	 9.75621e-05
1.67865711186 	 0.000248778
1.70263792775 	 0.000299159
1.72661874363 	 0.000360786
1.75059955951 	 0.000271385
1.7745803754 	 0.000202228
1.79856119128 	 0.000144903
1.82254200716 	 8.01375e-05
1.84652282305 	 0.000170428
1.87050363893 	 0.000263481
1.89448445482 	 0.000338992
1.9184652707 	 0.000287608
1.94244608658 	 0.000314191
1.96642690247 	 0.000372755
1.99040771835 	 0.000463518
2.01438853423 	 0.000496212
2.03836935012 	 0.000499019
2.062350166 	 0.00051421
2.08633098188 	 0.000476147
2.11031179777 	 0.000526543
2.13429261365 	 0.000501683
2.15827342954 	 0.000385542
2.18225424542 	 0.000318842
2.2062350613 	 0.00025874
2.23021587719 	 0.000296414
2.25419669307 	 0.000471887
2.27817750895 	 0.000661746
2.30215832484 	 0.000680866
2.32613914072 	 0.000666968
2.35011995661 	 0.000522395
2.37410077249 	 0.000289608
2.39808158837 	 0.000167687
2.42206240426 	 0.0003617
2.44604322014 	 0.000638292
2.47002403602 	 0.000814867
2.49400485191 	 0.000925652
2.51798566779 	 0.00090303
2.54196648368 	 0.00078481
2.56594729956 	 0.000647677
2.58992811544 	 0.000517817
2.61390893133 	 0.00049242
2.63788974721 	 0.00058362
2.66187056309 	 0.000676049
2.68585137898 	 0.000690772
2.70983219486 	 0.000618101
2.73381301075 	 0.000531112
2.75779382663 	 0.000548983
2.78177464251 	 0.000692109
2.8057554584 	 0.000969056
2.82973627428 	 0.00117793
2.85371709016 	 0.0012674
2.87769790605 	 0.00135644
2.90167872193 	 0.00129152
2.92565953782 	 0.00107898
2.9496403537 	 0.000896764
2.97362116958 	 0.000633357
2.99760198547 	 0.000396289
3.02158280135 	 0.000331208
3.04556361723 	 0.00027237
3.06954443312 	 0.000237246
3.093525249 	 0.000311063
3.11750606489 	 0.000572526
3.14148688077 	 0.000892781
3.16546769665 	 0.00115359
3.18944851254 	 0.00137793
3.21342932842 	 0.00145312
3.2374101443 	 0.00157007
3.26139096019 	 0.00173097
3.28537177607 	 0.00184925
3.30935259196 	 0.00196633
3.33333340784 	 0.00198733
3.35731422372 	 0.00180396
3.38129503961 	 0.00140691
3.40527585549 	 0.00105305
3.42925667137 	 0.00072038
3.45323748726 	 0.000547881
3.47721830314 	 0.000737674
3.50119911903 	 0.00118145
3.52517993491 	 0.00168152
3.54916075079 	 0.00250975
3.57314156668 	 0.00306021
3.59712238256 	 0.00339245
3.62110319844 	 0.00380892
3.64508401433 	 0.00352597
3.66906483021 	 0.00307167
3.6930456461 	 0.00254225
3.71702646198 	 0.00204138
3.74100727786 	 0.00150331
3.76498809375 	 0.00113508
3.78896890963 	 0.000932794
3.81294972551 	 0.000730855
3.8369305414 	 0.000539922
3.86091135728 	 0.00029422
3.88489217317 	 0.000146113
3.90887298905 	 0.000289722
3.93285380493 	 0.000620689
3.95683462082 	 0.000877764
3.9808154367 	 0.00117891
4.00479625258 	 0.00131093
4.02877706847 	 0.00128835
4.05275788435 	 0.00119841
4.07673870023 	 0.000909634
4.10071951612 	 0.000619245
4.124700332 	 0.000375911
4.14868114789 	 4.71883e-05
4.17266196377 	 0.000249317
4.19664277965 	 0.000333546
4.22062359554 	 0.000409607
4.24460441142 	 0.000347983
4.2685852273 	 0.000195899
4.29256604319 	 8.92241e-05
4.31654685907 	 0.000113827
4.34052767496 	 0.000247957
4.36450849084 	 0.00029171
4.38848930672 	 0.00032964
4.41247012261 	 0.000286347
4.43645093849 	 0.000204833
4.46043175437 	 0.000137438
4.48441257026 	 6.55316e-05
4.50839338614 	 5.91676e-05
4.53237420203 	 6.88938e-05
4.55635501791 	 0.000143116
4.58033583379 	 0.000223825
4.60431664968 	 0.000212498
4.62829746556 	 0.000237606
4.65227828144 	 0.000226016
4.67625909733 	 0.000157513
4.70023991321 	 0.000138486
4.7242207291 	 0.000119876
4.74820154498 	 0.00016161
4.77218236086 	 0.000160757
4.79616317675 	 0.00016094
4.82014399263 	 0.000111415
4.84412480851 	 5.65073e-05
4.8681056244 	 2.25233e-05
4.89208644028 	 9.32721e-05
4.91606725617 	 0.00014546
4.94004807205 	 0.000190706
4.96402888793 	 0.000202444
4.98800970382 	 0.000152893
5.0119905197 	 0.000121189
5.03597133558 	 6.78025e-05
5.05995215147 	 2.51136e-05
5.08393296735 	 6.8142e-05
5.10791378324 	 0.00010276
5.13189459912 	 0.000114285
5.155875415 	 0.000103446
5.17985623089 	 8.56917e-05
5.20383704677 	 7.3137e-05
5.22781786265 	 3.46565e-05
5.25179867854 	 2.49543e-05
5.27577949442 	 5.14468e-05
5.29976031031 	 9.43887e-05
5.32374112619 	 0.000109203
5.34772194207 	 0.000102801
5.37170275796 	 8.77867e-05
5.39568357384 	 5.6691e-05
5.41966438972 	 4.77423e-05
5.44364520561 	 6.80085e-05
5.46762602149 	 9.49318e-05
5.49160683738 	 0.000108981
5.51558765326 	 0.000107591
5.53956846914 	 9.01185e-05
5.56354928503 	 6.50655e-05
5.58753010091 	 4.22064e-05
5.61151091679 	 2.61182e-05
5.63549173268 	 8.27484e-06
5.65947254856 	 1.31177e-05
5.68345336445 	 1.65606e-05
5.70743418033 	 1.45064e-05
5.73141499621 	 9.65368e-06
5.7553958121 	 2.22908e-05
5.77937662798 	 4.0388e-05
5.80335744386 	 5.66859e-05
5.82733825975 	 7.7206e-05
5.85131907563 	 8.67379e-05
5.87529989152 	 8.70738e-05
5.8992807074 	 8.19728e-05
5.92326152328 	 6.51661e-05
5.94724233917 	 5.7436e-05
5.97122315505 	 5.17745e-05
5.99520397093 	 5.30472e-05
6.01918478682 	 5.92315e-05
6.0431656027 	 5.10655e-05
6.06714641858 	 3.84984e-05
6.09112723447 	 1.73144e-05
6.11510805035 	 1.793e-05
6.13908886624 	 2.97275e-05
6.16306968212 	 4.19375e-05
6.187050498 	 4.84089e-05
6.21103131389 	 3.91202e-05
6.23501212977 	 2.56588e-05
6.25899294565 	 1.84336e-05
6.28297376154 	 1.8964e-05
6.30695457742 	 2.78869e-05
6.33093539331 	 3.34956e-05
6.35491620919 	 2.89901e-05
6.37889702507 	 2.44925e-05
6.40287784096 	 2.00566e-05
6.42685865684 	 1.78506e-05
6.45083947272 	 2.34519e-05
6.47482028861 	 2.60551e-05
6.49880110449 	 2.83442e-05
6.52278192038 	 2.7377e-05
6.54676273626 	 2.56167e-05
6.57074355214 	 2.43175e-05
6.59472436803 	 2.06617e-05
6.61870518391 	 2.29906e-05
6.64268599979 	 2.28695e-05
6.66666681568 	 2.28692e-05
6.69064763156 	 1.82528e-05
6.71462844745 	 1.85711e-05
6.73860926333 	 2.62543e-05
6.76259007921 	 3.36992e-05
6.7865708951 	 4.17671e-05
6.81055171098 	 3.98265e-05
6.83453252686 	 3.53282e-05
6.85851334275 	 2.58119e-05
6.88249415863 	 1.70745e-05
6.90647497452 	 1.97566e-05
6.9304557904 	 1.9355e-05
6.95443660628 	 2.19369e-05
6.97841742217 	 1.93801e-05
7.00239823805 	 1.7189e-05
7.02637905393 	 2.55493e-05
7.05035986982 	 2.89196e-05
7.0743406857 	 3.39378e-05
7.09832150159 	 3.00419e-05
7.12230231747 	 2.98697e-05
7.14628313335 	 3.18146e-05
7.17026394924 	 3.64102e-05
7.19424476512 	 4.11348e-05
7.218225581 	 3.7726e-05
7.24220639689 	 3.48488e-05
7.26618721277 	 2.36699e-05
7.29016802866 	 7.0091e-06
7.31414884454 	 6.64038e-06
7.33812966042 	 1.29765e-05
7.36211047631 	 7.64585e-06
7.38609129219 	 9.86315e-06
7.41007210807 	 1.71155e-05
7.43405292396 	 2.49196e-05
7.45803373984 	 3.04796e-05
7.48201455573 	 2.69631e-05
7.50599537161 	 1.90176e-05
7.52997618749 	 1.04853e-05
7.55395700338 	 5.64162e-06
7.57793781926 	 4.28014e-06
7.60191863514 	 1.16544e-05
7.62589945103 	 2.1675e-05
7.64988026691 	 2.97553e-05
7.6738610828 	 3.12861e-05
7.69784189868 	 2.81777e-05
7.72182271456 	 2.15989e-05
7.74580353045 	 7.90948e-06
7.76978434633 	 1.31031e-05
7.79376516221 	 1.76391e-05
7.8177459781 	 2.90584e-05
7.84172679398 	 3.19124e-05
7.86570760987 	 2.77755e-05
7.88968842575 	 3.26e-05
7.91366924163 	 3.2786e-05
7.93765005752 	 3.71126e-05
7.9616308734 	 3.8417e-05
7.98561168928 	 3.43261e-05
8.00959250517 	 3.153e-05
8.03357332105 	 2.58229e-05
8.05755413693 	 1.38159e-05
8.08153495282 	 1.64791e-05
8.1055157687 	 1.57308e-05
8.12949658459 	 1.7099e-05
8.15347740047 	 1.74374e-05
8.17745821635 	 1.376e-05
8.20143903224 	 1.44884e-05
8.22541984812 	 1.71456e-05
8.249400664 	 1.68955e-05
8.27338147989 	 2.11921e-05
8.29736229577 	 2.60314e-05
8.32134311166 	 2.68603e-05
8.34532392754 	 2.85453e-05
8.36930474342 	 2.43424e-05
8.39328555931 	 1.75408e-05
8.41726637519 	 1.53099e-05
8.44124719107 	 1.45116e-05
8.46522800696 	 2.14467e-05
8.48920882284 	 2.23233e-05
8.51318963873 	 1.54422e-05
8.53717045461 	 1.05662e-05
8.56115127049 	 4.42625e-06
8.58513208638 	 4.70159e-06
8.60911290226 	 4.97889e-06
8.63309371814 	 6.1161e-06
8.65707453403 	 9.79153e-06
8.68105534991 	 1.53842e-05
8.7050361658 	 2.28462e-05
8.72901698168 	 2.30415e-05
8.75299779756 	 1.97071e-05
8.77697861345 	 1.69226e-05
8.80095942933 	 1.0183e-05
8.82494024521 	 9.60315e-06
8.8489210611 	 6.98995e-06
8.87290187698 	 7.40787e-06
8.89688269287 	 5.61833e-06
8.92086350875 	 2.37759e-06
8.94484432463 	 1.94852e-06
8.96882514052 	 7.56984e-06
8.9928059564 	 1.12392e-05
9.01678677228 	 9.38217e-06
9.04076758817 	 1.11639e-05
9.06474840405 	 1.16082e-05
9.08872921994 	 7.14892e-06
9.11271003582 	 7.41873e-06
9.1366908517 	 9.58515e-06
9.16067166759 	 1.52447e-05
9.18465248347 	 1.4998e-05
9.20863329935 	 1.33784e-05
9.23261411524 	 9.077e-06
9.25659493112 	 3.9139e-06
9.28057574701 	 7.95595e-07
9.30455656289 	 5.93163e-06
9.32853737877 	 8.02854e-06
9.35251819466 	 5.91919e-06
9.37649901054 	 4.7046e-06
9.40047982642 	 2.10429e-06
9.42446064231 	 9.40818e-06
9.44844145819 	 1.66684e-05
9.47242227408 	 1.93636e-05
9.49640308996 	 1.8734e-05
9.52038390584 	 1.60051e-05
9.54436472173 	 6.82621e-06
9.56834553761 	 5.66123e-06
9.59232635349 	 6.48815e-06
9.61630716938 	 2.60424e-06
9.64028798526 	 1.67293e-05
9.66426880115 	 1.82304e-05
9.68824961703 	 2.08571e-05
9.71223043291 	 2.87791e-05
9.7362112488 	 2.18053e-05
9.76019206468 	 1.78848e-05
9.78417288056 	 1.77952e-05
9.80815369645 	 1.95853e-05
9.83213451233 	 2.14718e-05
9.85611532822 	 1.78291e-05
9.8800961441 	 1.57882e-05
9.90407695998 	 7.77009e-06
9.92805777587 	 2.94328e-06
9.95203859175 	 7.37917e-06
9.97601940763 	 9.75892e-06
10.0000002235 	 7.95488e-06
10.0239810394 	 1.49208e-06
10.0479618553 	 7.99132e-06
10.0719426712 	 1.36718e-05
10.0959234871 	 1.46331e-05
10.1199043029 	 1.49412e-05
10.1438851188 	 1.24598e-05
10.1678659347 	 1.42151e-05
10.1918467506 	 1.82764e-05
10.2158275665 	 1.40975e-05
10.2398083824 	 1.2075e-05
10.2637891982 	 8.69362e-06
10.2877700141 	 7.17757e-06
10.31175083 	 5.19581e-06
10.3357316459 	 3.87953e-06
10.3597124618 	 8.02245e-06
10.3836932777 	 1.90712e-05
10.4076740935 	 2.59684e-05
10.4316549094 	 2.93098e-05
10.4556357253 	 3.35457e-05
10.4796165412 	 3.10077e-05
10.5035973571 	 2.52613e-05
10.527578173 	 2.16646e-05
10.5515589888 	 1.38347e-05
10.5755398047 	 1.28501e-05
10.5995206206 	 1.47736e-05
10.6235014365 	 1.14791e-05
10.6474822524 	 1.14244e-05
10.6714630683 	 1.23077e-05
10.6954438841 	 9.67705e-06
10.7194247 	 8.7013e-06
10.7434055159 	 7.83348e-06
10.7673863318 	 1.41451e-05
10.7913671477 	 1.46983e-05
10.8153479636 	 1.86905e-05
10.8393287794 	 1.43858e-05
10.8633095953 	 1.74444e-05
10.8872904112 	 2.46076e-05
10.9112712271 	 2.86217e-05
10.935252043 	 3.56771e-05
10.9592328589 	 2.36989e-05
10.9832136748 	 1.48882e-05
11.0071944906 	 5.53814e-06
11.0311753065 	 1.24073e-05
11.0551561224 	 1.55565e-05
11.0791369383 	 1.51325e-05
11.1031177542 	 1.39682e-05
11.1270985701 	 6.97501e-06
11.1510793859 	 1.92224e-05
11.1750602018 	 2.3532e-05
11.1990410177 	 2.99049e-05
11.2230218336 	 3.19755e-05
11.2470026495 	 2.03435e-05
11.2709834654 	 1.45767e-05
11.2949642812 	 1.07578e-05
11.3189450971 	 1.48463e-05
11.342925913 	 1.53913e-05
11.3669067289 	 1.63818e-05
11.3908875448 	 1.2818e-05
11.4148683607 	 1.01309e-05
11.4388491765 	 1.03379e-05
11.4628299924 	 9.76035e-06
11.4868108083 	 1.27769e-05
11.5107916242 	 1.29028e-05
11.5347724401 	 1.41084e-05
11.558753256 	 1.15935e-05
11.5827340718 	 1.1465e-05
11.6067148877 	 1.37556e-05
11.6306957036 	 1.26723e-05
11.6546765195 	 1.56226e-05
11.6786573354 	 1.48348e-05
11.7026381513 	 1.16389e-05
11.7266189671 	 9.25315e-06
11.750599783 	 3.49386e-06
11.7745805989 	 5.87207e-06
11.7985614148 	 6.75138e-06
11.8225422307 	 1.06792e-05
11.8465230466 	 1.05366e-05
11.8705038624 	 9.33024e-06
11.8944846783 	 8.4129e-06
11.9184654942 	 5.44613e-06
11.9424463101 	 1.71784e-06
11.966427126 	 3.40841e-07
11.9904079419 	 1.95194e-06
12.0143887578 	 4.66814e-06
12.0383695736 	 6.20072e-06
12.0623503895 	 7.5154e-06
12.0863312054 	 6.58589e-06
12.1103120213 	 5.09087e-06
12.1342928372 	 3.92657e-06
12.1582736531 	 3.97105e-06
12.1822544689 	 6.02208e-06
12.2062352848 	 7.17196e-06
12.2302161007 	 6.9165e-06
12.2541969166 	 6.68643e-06
12.2781777325 	 4.39514e-06
12.3021585484 	 6.18624e-06
12.3261393642 	 5.90995e-06
12.3501201801 	 6.44717e-06
12.374100996 	 5.36211e-06
12.3980818119 	 2.55332e-06
12.4220626278 	 1.98456e-06
12.4460434437 	 5.27376e-07
12.4700242595 	 2.37547e-06
12.4940050754 	 1.89239e-06
12.5179858913 	 1.42593e-06
12.5419667072 	 3.63887e-06
12.5659475231 	 4.51693e-06
12.589928339 	 4.05126e-06
12.6139091548 	 4.27045e-06
12.6378899707 	 3.2564e-06
12.6618707866 	 2.94351e-06
12.6858516025 	 1.85705e-06
12.7098324184 	 6.80356e-07
12.7338132343 	 3.20506e-07
12.7577940501 	 1.05248e-06
12.781774866 	 1.77787e-06
12.8057556819 	 2.79901e-06
12.8297364978 	 3.05183e-06
12.8537173137 	 1.93498e-06
12.8776981296 	 1.81848e-06
12.9016789454 	 1.28209e-06
12.9256597613 	 1.77567e-06
12.9496405772 	 2.96697e-06
12.9736213931 	 2.48877e-06
12.997602209 	 3.15348e-06
13.0215830249 	 3.0397e-06
13.0455638408 	 1.80881e-06
13.0695446566 	 1.25484e-06
13.0935254725 	 4.90371e-07
13.1175062884 	 1.19595e-06
13.1414871043 	 1.6188e-06
13.1654679202 	 1.51159e-06
13.1894487361 	 1.98914e-06
13.2134295519 	 1.36815e-06
13.2374103678 	 1.73336e-06
13.2613911837 	 2.87928e-06
13.2853719996 	 3.28882e-06
13.3093528155 	 3.29032e-06
13.3333336314 	 3.70529e-06
13.3573144472 	 2.9707e-06
13.3812952631 	 2.82374e-06
13.405276079 	 1.99435e-06
13.4292568949 	 2.72085e-06
13.4532377108 	 2.8224e-06
13.4772185267 	 3.0924e-06
13.5011993425 	 3.29678e-06
13.5251801584 	 1.95428e-06
13.5491609743 	 1.25829e-06
13.5731417902 	 9.26637e-07
13.5971226061 	 2.05561e-06
13.621103422 	 2.05583e-06
13.6450842378 	 1.92571e-06
13.6690650537 	 1.90243e-06
13.6930458696 	 1.46088e-06
13.7170266855 	 1.77542e-06
13.7410075014 	 2.46343e-06
13.7649883173 	 1.98944e-06
13.7889691331 	 1.34157e-06
13.812949949 	 1.51643e-06
13.8369307649 	 1.88294e-06
13.8609115808 	 2.69483e-06
13.8848923967 	 2.50665e-06
13.9088732126 	 2.40473e-06
13.9328540284 	 2.30728e-06
13.9568348443 	 1.50653e-06
13.9808156602 	 1.63561e-06
14.0047964761 	 2.25606e-06
14.028777292 	 1.84638e-06
14.0527581079 	 2.25127e-06
14.0767389238 	 1.88238e-06
14.1007197396 	 1.06794e-06
14.1247005555 	 1.35814e-06
14.1486813714 	 8.48776e-07
14.1726621873 	 6.32788e-07
14.1966430032 	 9.17652e-07
14.2206238191 	 1.50945e-06
14.2446046349 	 2.05719e-06
14.2685854508 	 2.45743e-06
14.2925662667 	 2.37009e-06
14.3165470826 	 2.12486e-06
14.3405278985 	 1.4481e-06
14.3645087144 	 1.68083e-07
14.3884895302 	 8.21526e-07
14.4124703461 	 1.61778e-06
14.436451162 	 1.74073e-06
14.4604319779 	 9.74641e-07
14.4844127938 	 3.51898e-07
14.5083936097 	 1.44279e-06
14.5323744255 	 2.47925e-06
14.5563552414 	 2.49139e-06
14.5803360573 	 2.1621e-06
14.6043168732 	 1.04629e-06
14.6282976891 	 5.02145e-07
14.652278505 	 1.57564e-06
14.6762593208 	 1.44698e-06
14.7002401367 	 1.58239e-06
14.7242209526 	 5.6992e-07
14.7482017685 	 8.32512e-07
14.7721825844 	 1.04993e-06
14.7961634003 	 2.12268e-06
14.8201442161 	 1.81934e-06
14.844125032 	 1.4234e-06
14.8681058479 	 1.5865e-06
14.8920866638 	 9.41034e-07
14.9160674797 	 1.19231e-06
14.9400482956 	 8.51674e-07
14.9640291115 	 5.32493e-07
14.9880099273 	 4.15502e-07
15.0119907432 	 5.37505e-07
15.0359715591 	 7.58218e-07
15.059952375 	 6.73625e-07
15.0839331909 	 1.26116e-06
15.1079140068 	 5.10123e-07
15.1318948226 	 1.11933e-06
15.1558756385 	 6.69493e-07
15.1798564544 	 6.73327e-07
15.2038372703 	 9.48236e-07
15.2278180862 	 1.39638e-07
15.2517989021 	 2.23915e-07
15.2757797179 	 7.7111e-07
15.2997605338 	 1.13483e-06
15.3237413497 	 8.88374e-07
15.3477221656 	 1.2868e-06
15.3717029815 	 1.08677e-06
15.3956837974 	 5.27086e-07
15.4196646132 	 4.08588e-07
15.4436454291 	 5.28071e-07
15.467626245 	 1.46887e-06
15.4916070609 	 1.33042e-06
15.5155878768 	 1.33834e-06
15.5395686927 	 1.16844e-06
15.5635495085 	 3.23432e-07
15.5875303244 	 1.15633e-07
15.6115111403 	 5.59366e-07
15.6354919562 	 8.87401e-07
15.6594727721 	 8.04293e-07
15.683453588 	 7.7298e-07
15.7074344038 	 6.34107e-07
15.7314152197 	 4.28461e-07
15.7553960356 	 5.39004e-07
15.7793768515 	 6.38413e-07
15.8033576674 	 4.8948e-07
15.8273384833 	 5.25921e-07
15.8513192991 	 6.44986e-07
15.875300115 	 4.91875e-07
15.8992809309 	 6.5669e-07
15.9232617468 	 4.34436e-07
15.9472425627 	 4.33283e-07
15.9712233786 	 7.90126e-07
15.9952041945 	 6.58427e-07
16.0191850103 	 1.05409e-06
16.0431658262 	 1.14693e-06
16.0671466421 	 8.6632e-07
16.091127458 	 8.35207e-07
16.1151082739 	 3.98e-07
16.1390890898 	 1.02774e-07
16.1630699056 	 2.3522e-07
16.1870507215 	 6.1193e-07
16.2110315374 	 1.05156e-06
16.2350123533 	 9.46027e-07
16.2589931692 	 1.159e-06
16.2829739851 	 1.01225e-06
16.3069548009 	 5.3763e-07
16.3309356168 	 3.07183e-07
16.3549164327 	 1.60077e-07
16.3788972486 	 4.92619e-07
16.4028780645 	 3.41992e-07
16.4268588804 	 5.25408e-07
16.4508396962 	 1.04728e-06
16.4748205121 	 1.16139e-06
16.498801328 	 1.18849e-06
16.5227821439 	 1.04372e-06
16.5467629598 	 7.24577e-07
16.5707437757 	 3.15148e-07
16.5947245915 	 5.28187e-07
16.6187054074 	 7.86561e-07
16.6426862233 	 1.04452e-06
16.6666670392 	 6.42218e-07
16.6906478551 	 3.9822e-07
16.714628671 	 2.73628e-07
16.7386094868 	 1.20988e-07
16.7625903027 	 2.11427e-07
16.7865711186 	 1.00957e-07
16.8105519345 	 1.47421e-07
16.8345327504 	 1.84634e-07
16.8585135663 	 3.72432e-07
16.8824943821 	 4.07181e-07
16.906475198 	 3.43168e-07
16.9304560139 	 2.93671e-07
16.9544368298 	 2.10049e-07
16.9784176457 	 3.6659e-07
17.0023984616 	 5.20513e-07
17.0263792775 	 6.10067e-07
17.0503600933 	 6.6797e-07
17.0743409092 	 7.31339e-07
17.0983217251 	 6.98243e-07
17.122302541 	 6.77818e-07
17.1462833569 	 6.05858e-07
17.1702641728 	 6.08094e-07
17.1942449886 	 5.42916e-07
17.2182258045 	 5.42963e-07
17.2422066204 	 5.6131e-07
17.2661874363 	 4.21041e-07
17.2901682522 	 3.63737e-07
17.3141490681 	 1.92431e-07
17.3381298839 	 3.2543e-07
17.3621106998 	 3.9645e-07
17.3860915157 	 4.22164e-07
17.4100723316 	 8.09051e-07
17.4340531475 	 9.76687e-07
17.4580339634 	 8.2918e-07
17.4820147792 	 8.2355e-07
17.5059955951 	 5.33697e-07
17.529976411 	 3.36476e-07
17.5539572269 	 5.24128e-07
17.5779380428 	 5.02082e-07
17.6019188587 	 4.69619e-07
17.6258996745 	 8.8317e-08
17.6498804904 	 3.00897e-07
17.6738613063 	 4.35141e-07
17.6978421222 	 6.12915e-07
17.7218229381 	 5.30732e-07
17.745803754 	 2.27707e-07
17.7697845698 	 1.95119e-07
17.7937653857 	 1.26481e-07
17.8177462016 	 2.60817e-07
17.8417270175 	 1.89539e-07
17.8657078334 	 1.03753e-07
17.8896886493 	 1.53167e-07
17.9136694651 	 1.5045e-07
17.937650281 	 2.14776e-07
17.9616310969 	 2.0108e-07
17.9856119128 	 8.42641e-08
18.0095927287 	 2.02709e-07
18.0335735446 	 3.2877e-07
18.0575543605 	 4.2062e-07
18.0815351763 	 4.58717e-07
18.1055159922 	 4.01655e-07
18.1294968081 	 4.94133e-07
18.153477624 	 4.93667e-07
18.1774584399 	 4.59946e-07
18.2014392558 	 4.47561e-07
18.2254200716 	 3.63174e-07
18.2494008875 	 3.68395e-07
18.2733817034 	 4.75293e-07
18.2973625193 	 6.06361e-07
18.3213433352 	 6.5859e-07
18.3453241511 	 5.1738e-07
18.3693049669 	 3.22026e-07
18.3932857828 	 1.58899e-07
18.4172665987 	 2.49615e-07
18.4412474146 	 2.94197e-07
18.4652282305 	 2.64831e-07
18.4892090464 	 1.13441e-07
18.5131898622 	 3.70638e-08
18.5371706781 	 1.04285e-07
18.561151494 	 1.76506e-07
18.5851323099 	 1.81185e-07
18.6091131258 	 1.55057e-07
18.6330939417 	 1.17827e-07
18.6570747575 	 9.98171e-08
18.6810555734 	 2.29185e-07
18.7050363893 	 3.63184e-07
18.7290172052 	 5.03973e-07
18.7529980211 	 4.32179e-07
18.776978837 	 3.42872e-07
18.8009596528 	 3.04697e-07
18.8249404687 	 3.6204e-07
18.8489212846 	 5.03902e-07
18.8729021005 	 3.78253e-07
18.8968829164 	 2.70838e-07
18.9208637323 	 2.05999e-07
18.9448445482 	 3.86711e-07
18.968825364 	 4.76814e-07
18.9928061799 	 4.21268e-07
19.0167869958 	 3.87391e-07
19.0407678117 	 1.79087e-07
19.0647486276 	 1.49048e-07
19.0887294435 	 1.57772e-07
19.1127102593 	 1.12067e-07
19.1366910752 	 1.19777e-08
19.1606718911 	 2.00587e-07
19.184652707 	 3.5678e-07
19.2086335229 	 3.79444e-07
19.2326143388 	 4.29653e-07
19.2565951546 	 4.06513e-07
19.2805759705 	 3.44607e-07
19.3045567864 	 3.89595e-07
19.3285376023 	 3.65269e-07
19.3525184182 	 3.40738e-07
19.3764992341 	 3.40409e-07
19.4004800499 	 2.76886e-07
19.4244608658 	 2.96662e-07
19.4484416817 	 2.44845e-07
19.4724224976 	 1.93434e-07
19.4964033135 	 1.3705e-07
19.5203841294 	 1.14034e-07
19.5443649452 	 1.94454e-07
19.5683457611 	 2.11042e-07
19.592326577 	 2.25812e-07
19.6163073929 	 1.65762e-07
19.6402882088 	 1.09432e-07
19.6642690247 	 5.12994e-08
19.6882498405 	 7.64618e-08
19.7122306564 	 7.16725e-08
19.7362114723 	 1.16828e-07
19.7601922882 	 9.81847e-08
19.7841731041 	 1.20583e-07
19.80815392 	 1.63349e-07
19.8321347358 	 2.2371e-07
19.8561155517 	 1.87545e-07
19.8800963676 	 9.1078e-08
19.9040771835 	 1.9506e-07
19.9280579994 	 3.29321e-07
19.9520388153 	 3.88186e-07
19.9760196312 	 3.92938e-07
20.000000447 	 2.91176e-07
20.0239812629 	 1.40875e-07
20.0479620788 	 8.93082e-08
20.0719428947 	 1.56125e-07
20.0959237106 	 2.27949e-07
20.1199045265 	 2.34703e-07
20.1438853423 	 2.14198e-07
20.1678661582 	 2.15571e-07
20.1918469741 	 2.26981e-07
20.21582779 	 2.26809e-07
20.2398086059 	 1.79716e-07
20.2637894218 	 1.47248e-07
20.2877702376 	 9.74438e-08
20.3117510535 	 1.67169e-07
20.3357318694 	 1.94301e-07
20.3597126853 	 2.01777e-07
20.3836935012 	 1.94132e-07
20.4076743171 	 1.61493e-07
20.4316551329 	 1.65474e-07
20.4556359488 	 1.45667e-07
20.4796167647 	 8.94483e-08
20.5035975806 	 7.77309e-08
20.5275783965 	 8.96855e-08
20.5515592124 	 1.32357e-07
20.5755400282 	 1.25068e-07
20.5995208441 	 7.01799e-08
20.62350166 	 7.99692e-08
20.6474824759 	 8.94246e-08
20.6714632918 	 9.18158e-08
20.6954441077 	 7.63678e-08
20.7194249235 	 1.14913e-07
20.7434057394 	 1.63295e-07
20.7673865553 	 1.57092e-07
20.7913673712 	 1.52952e-07
20.8153481871 	 7.73278e-08
20.839329003 	 4.18982e-08
20.8633098188 	 3.61971e-08
20.8872906347 	 4.30843e-08
20.9112714506 	 8.4529e-08
20.9352522665 	 1.53988e-07
20.9592330824 	 1.35445e-07
20.9832138983 	 7.03039e-08
21.0071947142 	 6.99477e-08
21.03117553 	 1.91997e-07
21.0551563459 	 2.65216e-07
21.0791371618 	 2.88685e-07
21.1031179777 	 3.18156e-07
21.1270987936 	 2.35725e-07
21.1510796095 	 1.06474e-07
21.1750604253 	 2.29489e-08
21.1990412412 	 1.17618e-07
21.2230220571 	 2.04857e-07
21.247002873 	 2.00623e-07
21.2709836889 	 1.6589e-07
21.2949645048 	 8.03752e-08
21.3189453206 	 5.02853e-08
21.3429261365 	 1.13644e-07
21.3669069524 	 1.23212e-07
21.3908877683 	 9.75558e-08
21.4148685842 	 7.09075e-08
21.4388494001 	 8.26054e-08
21.4628302159 	 1.13702e-07
21.4868110318 	 1.27492e-07
21.5107918477 	 1.09289e-07
21.5347726636 	 7.25408e-08
21.5587534795 	 4.37273e-08
21.5827342954 	 2.4861e-08
21.6067151112 	 4.92157e-08
21.6306959271 	 9.5572e-08
21.654676743 	 1.65991e-07
21.6786575589 	 2.24008e-07
21.7026383748 	 2.16655e-07
21.7266191907 	 1.61296e-07
21.7506000065 	 7.45772e-08
21.7745808224 	 2.59557e-08
21.7985616383 	 1.0458e-07
21.8225424542 	 1.35395e-07
21.8465232701 	 1.69457e-07
21.870504086 	 1.40862e-07
21.8944849018 	 9.20423e-08
21.9184657177 	 9.3997e-08
21.9424465336 	 1.13324e-07
21.9664273495 	 1.41001e-07
21.9904081654 	 1.22345e-07
22.0143889813 	 7.08407e-08
22.0383697972 	 2.50646e-08
22.062350613 	 7.00911e-08
22.0863314289 	 1.04856e-07
22.1103122448 	 1.05316e-07
22.1342930607 	 9.64168e-08
22.1582738766 	 5.74859e-08
22.1822546925 	 2.33155e-08
22.2062355083 	 7.67439e-08
22.2302163242 	 9.4328e-08
22.2541971401 	 1.09424e-07
22.278177956 	 8.46279e-08
22.3021587719 	 4.70835e-08
22.3261395878 	 3.83553e-08
22.3501204036 	 7.16514e-09
22.3741012195 	 8.04378e-08
22.3980820354 	 1.2444e-07
22.4220628513 	 1.18477e-07
22.4460436672 	 1.18687e-07
22.4700244831 	 8.80082e-08
22.4940052989 	 4.13507e-08
22.5179861148 	 2.52812e-08
22.5419669307 	 2.69535e-08
22.5659477466 	 4.60284e-08
22.5899285625 	 7.06579e-08
22.6139093784 	 8.22364e-08
22.6378901942 	 8.50163e-08
22.6618710101 	 8.45351e-08
22.685851826 	 8.12875e-08
22.7098326419 	 5.38135e-08
22.7338134578 	 6.8177e-08
22.7577942737 	 1.01085e-07
22.7817750895 	 1.10527e-07
22.8057559054 	 8.18284e-08
22.8297367213 	 4.01776e-08
22.8537175372 	 4.11392e-08
22.8776983531 	 6.92682e-08
22.901679169 	 7.86913e-08
22.9256599849 	 6.17353e-08
22.9496408007 	 3.52615e-08
22.9736216166 	 2.01004e-08
22.9976024325 	 3.79002e-08
23.0215832484 	 6.56228e-08
23.0455640643 	 6.86627e-08
23.0695448802 	 5.81077e-08
23.093525696 	 3.9323e-08
23.1175065119 	 4.61834e-08
23.1414873278 	 8.02074e-08
23.1654681437 	 9.15212e-08
23.1894489596 	 9.51847e-08
23.2134297755 	 9.12069e-08
23.2374105913 	 4.64868e-08
23.2613914072 	 2.03601e-08
23.2853722231 	 2.44774e-08
23.309353039 	 6.7072e-08
23.3333338549 	 8.51733e-08
23.3573146708 	 7.99995e-08
23.3812954866 	 6.25846e-08
23.4052763025 	 5.08552e-08
23.4292571184 	 5.56121e-08
23.4532379343 	 6.36562e-08
23.4772187502 	 6.70855e-08
23.5011995661 	 6.64953e-08
23.5251803819 	 6.41377e-08
23.5491611978 	 4.6595e-08
23.5731420137 	 4.33074e-08
23.5971228296 	 5.65667e-08
23.6211036455 	 6.77667e-08
23.6450844614 	 7.89598e-08
23.6690652772 	 8.14229e-08
23.6930460931 	 7.21278e-08
23.717026909 	 5.3042e-08
23.7410077249 	 2.51384e-08
23.7649885408 	 4.56579e-08
23.7889693567 	 8.04494e-08
23.8129501725 	 1.00648e-07
23.8369309884 	 1.01593e-07
23.8609118043 	 7.25264e-08
23.8848926202 	 4.37326e-08
23.9088734361 	 3.16118e-08
23.932854252 	 4.3095e-08
23.9568350679 	 4.47214e-08
23.9808158837 	 4.94384e-08
24.0047966996 	 6.3471e-08
24.0287775155 	 7.82663e-08
24.0527583314 	 7.41458e-08
24.0767391473 	 4.34744e-08
24.1007199632 	 2.73956e-08
24.124700779 	 4.69421e-08
24.1486815949 	 7.10384e-08
24.1726624108 	 6.89888e-08
24.1966432267 	 5.48075e-08
24.2206240426 	 5.61192e-08
24.2446048585 	 7.23516e-08
24.2685856743 	 7.69174e-08
24.2925664902 	 5.26574e-08
24.3165473061 	 3.11686e-08
24.340528122 	 4.35697e-08
24.3645089379 	 7.64684e-08
24.3884897538 	 8.73681e-08
24.4124705696 	 7.11196e-08
24.4364513855 	 4.26252e-08
24.4604322014 	 2.91891e-08
24.4844130173 	 5.28841e-08
24.5083938332 	 7.32387e-08
24.5323746491 	 7.13488e-08
24.5563554649 	 5.26556e-08
24.5803362808 	 3.89427e-08
24.6043170967 	 5.90228e-08
24.6282979126 	 6.8932e-08
24.6522787285 	 6.31633e-08
24.6762595444 	 5.08821e-08
24.7002403602 	 4.63311e-08
24.7242211761 	 4.9261e-08
24.748201992 	 5.21398e-08
24.7721828079 	 4.46613e-08
24.7961636238 	 4.1957e-08
24.8201444397 	 5.5472e-08
24.8441252555 	 6.95385e-08
24.8681060714 	 7.12827e-08
24.8920868873 	 5.89172e-08
24.9160677032 	 4.79575e-08
24.9400485191 	 5.6065e-08
24.964029335 	 6.64138e-08
24.9880101509 	 7.15232e-08
25.0119909667 	 6.31243e-08
25.0359717826 	 5.57272e-08
25.0599525985 	 5.15727e-08
25.0839334144 	 5.41342e-08
25.1079142303 	 5.26731e-08
25.1318950462 	 5.28387e-08
25.155875862 	 5.36461e-08
25.1798566779 	 5.10884e-08
25.2038374938 	 5.08396e-08
25.2278183097 	 5.09759e-08
25.2517991256 	 5.65556e-08
25.2757799415 	 6.28478e-08
25.2997607573 	 6.03172e-08
25.3237415732 	 4.96395e-08
25.3477223891 	 4.58246e-08
25.371703205 	 5.78065e-08
25.3956840209 	 7.04975e-08
25.4196648368 	 7.01189e-08
25.4436456526 	 5.62084e-08
25.4676264685 	 4.23934e-08
25.4916072844 	 5.01665e-08
25.5155881003 	 6.41053e-08
25.5395689162 	 6.70638e-08
25.5635497321 	 5.56444e-08
25.5875305479 	 4.00628e-08
25.6115113638 	 3.73147e-08
25.6354921797 	 5.19095e-08
25.6594729956 	 6.26783e-08
25.6834538115 	 6.3775e-08
25.7074346274 	 5.63757e-08
25.7314154432 	 4.71673e-08
25.7553962591 	 4.36183e-08
25.779377075 	 4.83747e-08
25.8033578909 	 5.5653e-08
25.8273387068 	 5.80523e-08
25.8513195227 	 5.40026e-08
25.8753003385 	 5.22194e-08
25.8992811544 	 5.15933e-08
25.9232619703 	 4.95646e-08
25.9472427862 	 5.02653e-08
25.9712236021 	 5.56425e-08
25.995204418 	 5.99319e-08
26.0191852339 	 5.83791e-08
26.0431660497 	 5.19563e-08
26.0671468656 	 4.70241e-08
26.0911276815 	 4.66962e-08
26.1151084974 	 4.94674e-08
26.1390893133 	 5.47649e-08
26.1630701292 	 5.64519e-08
26.187050945 	 5.5436e-08
26.2110317609 	 5.18876e-08
26.2350125768 	 4.86337e-08
26.2589933927 	 5.22862e-08
26.2829742086 	 5.62893e-08
26.3069550245 	 5.76395e-08
26.3309358403 	 5.49608e-08
26.3549166562 	 5.34407e-08
26.3788974721 	 5.49278e-08
26.402878288 	 5.66672e-08
26.4268591039 	 5.27332e-08
26.4508399198 	 4.54015e-08
26.4748207356 	 4.565e-08
26.4988015515 	 5.63933e-08
26.5227823674 	 6.39822e-08
26.5467631833 	 5.90914e-08
26.5707439992 	 4.80316e-08
26.5947248151 	 4.62981e-08
26.6187056309 	 5.32787e-08
26.6426864468 	 5.68117e-08
26.6666672627 	 5.35943e-08
26.6906480786 	 4.98334e-08
26.7146288945 	 4.94645e-08
26.7386097104 	 5.08502e-08
26.7625905262 	 5.21522e-08
26.7865713421 	 5.2453e-08
26.810552158 	 5.15872e-08
26.8345329739 	 4.94405e-08
26.8585137898 	 5.0426e-08
26.8824946057 	 5.54424e-08
26.9064754216 	 5.91153e-08
26.9304562374 	 5.72758e-08
26.9544370533 	 4.82011e-08
26.9784178692 	 4.21179e-08
27.0023986851 	 4.64968e-08
27.026379501 	 5.76969e-08
27.0503603169 	 6.22748e-08
27.0743411327 	 5.76328e-08
27.0983219486 	 5.05331e-08
27.1223027645 	 4.76397e-08
27.1462835804 	 5.23743e-08
27.1702643963 	 5.71529e-08
27.1942452122 	 5.40962e-08
27.218226028 	 4.97576e-08
27.2422068439 	 5.00858e-08
27.2661876598 	 5.36568e-08
27.2901684757 	 5.25171e-08
27.3141492916 	 5.03748e-08
27.3381301075 	 4.95069e-08
27.3621109233 	 5.12758e-08
27.3860917392 	 5.29497e-08
27.4100725551 	 5.50333e-08
27.434053371 	 5.72674e-08
27.4580341869 	 5.82606e-08
27.4820150028 	 5.19e-08
27.5059958186 	 4.61714e-08
27.5299766345 	 4.83423e-08
27.5539574504 	 5.12931e-08
27.5779382663 	 5.06678e-08
27.6019190822 	 4.38036e-08
27.6258998981 	 4.40437e-08
27.6498807139 	 5.15723e-08
27.6738615298 	 5.62504e-08
27.6978423457 	 5.13618e-08
27.7218231616 	 4.52588e-08
27.7458039775 	 4.8889e-08
27.7697847934 	 5.61356e-08
27.7937656092 	 5.66574e-08
27.8177464251 	 5.12669e-08
27.841727241 	 4.66442e-08
27.8657080569 	 4.91291e-08
27.8896888728 	 5.2176e-08
27.9136696887 	 5.20497e-08
27.9376505046 	 4.83726e-08
27.9616313204 	 4.65174e-08
27.9856121363 	 4.79956e-08
28.0095929522 	 4.97363e-08
28.0335737681 	 4.99095e-08
28.057554584 	 5.02259e-08
28.0815353999 	 5.18085e-08
28.1055162157 	 5.13656e-08
28.1294970316 	 4.84553e-08
28.1534778475 	 4.89977e-08
28.1774586634 	 5.25034e-08
28.2014394793 	 5.52214e-08
28.2254202952 	 5.15424e-08
28.249401111 	 4.66032e-08
28.2733819269 	 4.45999e-08
28.2973627428 	 4.8052e-08
28.3213435587 	 5.19599e-08
28.3453243746 	 5.20139e-08
28.3693051905 	 5.09845e-08
28.3932860063 	 5.01025e-08
28.4172668222 	 5.22814e-08
28.4412476381 	 5.24423e-08
28.465228454 	 4.91201e-08
28.4892092699 	 4.74532e-08
28.5131900858 	 4.99993e-08
28.5371709016 	 5.30336e-08
28.5611517175 	 5.31387e-08
28.5851325334 	 4.94061e-08
28.6091133493 	 4.71848e-08
28.6330941652 	 4.85997e-08
28.6570749811 	 5.11618e-08
28.6810557969 	 5.22004e-08
28.7050366128 	 5.14546e-08
28.7290174287 	 5.0833e-08
28.7529982446 	 5.09972e-08
28.7769790605 	 5.09965e-08
28.8009598764 	 4.85702e-08
28.8249406922 	 4.69938e-08
28.8489215081 	 4.61819e-08
28.872902324 	 4.83805e-08
28.8968831399 	 5.06621e-08
28.9208639558 	 5.07557e-08
28.9448447717 	 4.88854e-08
28.9688255876 	 4.8755e-08
28.9928064034 	 5.05099e-08
29.0167872193 	 5.13996e-08
29.0407680352 	 5.06243e-08
29.0647488511 	 5.02221e-08
29.088729667 	 4.90927e-08
29.1127104829 	 4.72463e-08
29.1366912987 	 4.59366e-08
29.1606721146 	 4.86847e-08
29.1846529305 	 5.23625e-08
29.2086337464 	 5.30977e-08
29.2326145623 	 5.04821e-08
29.2565953782 	 4.59439e-08
29.280576194 	 4.37947e-08
29.3045570099 	 4.67142e-08
29.3285378258 	 5.06838e-08
29.3525186417 	 5.25152e-08
29.3764994576 	 4.95007e-08
29.4004802735 	 4.57723e-08
29.4244610893 	 4.53929e-08
29.4484419052 	 4.95901e-08
29.4724227211 	 5.09102e-08
29.496403537 	 5.00697e-08
29.5203843529 	 4.88777e-08
29.5443651688 	 5.05952e-08
29.5683459846 	 5.34948e-08
29.5923268005 	 5.23006e-08
29.6163076164 	 4.73673e-08
29.6402884323 	 4.48257e-08
29.6642692482 	 4.7634e-08
29.6882500641 	 5.04093e-08
29.7122308799 	 5.10811e-08
29.7362116958 	 4.74313e-08
29.7601925117 	 4.47417e-08
29.7841733276 	 4.65293e-08
29.8081541435 	 5.07357e-08
29.8321349594 	 5.14334e-08
29.8561157752 	 4.90174e-08
29.8800965911 	 4.63318e-08
29.904077407 	 4.67381e-08
29.9280582229 	 4.88748e-08
29.9520390388 	 4.99738e-08
29.9760198547 	 4.93763e-08
30.0000006706 	 4.74037e-08
30.0239814864 	 4.71121e-08
30.0479623023 	 4.75745e-08
30.0719431182 	 4.84425e-08
30.0959239341 	 4.80114e-08
30.11990475 	 4.75395e-08
30.1438855659 	 4.67868e-08
30.1678663817 	 4.76293e-08
30.1918471976 	 4.94277e-08
30.2158280135 	 4.93049e-08
30.2398088294 	 4.78492e-08
30.2637896453 	 4.61981e-08
30.2877704612 	 4.68174e-08
30.311751277 	 4.93623e-08
30.3357320929 	 5.14007e-08
30.3597129088 	 5.08948e-08
30.3836937247 	 4.82615e-08
30.4076745406 	 4.5658e-08
30.4316553565 	 4.60792e-08
30.4556361723 	 4.77292e-08
30.4796169882 	 4.85038e-08
30.5035978041 	 4.67703e-08
30.52757862 	 4.57252e-08
30.5515594359 	 4.688e-08
30.5755402518 	 4.90614e-08
30.5995210676 	 4.97501e-08
30.6235018835 	 4.87542e-08
30.6474826994 	 4.70301e-08
30.6714635153 	 4.68339e-08
30.6954443312 	 4.77362e-08
30.7194251471 	 4.86564e-08
30.7434059629 	 4.78016e-08
30.7673867788 	 4.5796e-08
30.7913675947 	 4.48351e-08
30.8153484106 	 4.64355e-08
30.8393292265 	 4.7836e-08
30.8633100424 	 4.8251e-08
30.8872908583 	 4.67894e-08
30.9112716741 	 4.61929e-08
30.93525249 	 4.72777e-08
30.9592333059 	 4.89609e-08
30.9832141218 	 4.90829e-08
31.0071949377 	 4.71322e-08
31.0311757536 	 4.55527e-08
31.0551565694 	 4.61423e-08
31.0791373853 	 4.77595e-08
31.1031182012 	 4.81792e-08
31.1270990171 	 4.66047e-08
31.151079833 	 4.45898e-08
31.1750606489 	 4.54488e-08
31.1990414647 	 4.80658e-08
31.2230222806 	 4.96035e-08
31.2470030965 	 4.86511e-08
31.2709839124 	 4.60668e-08
31.2949647283 	 4.47723e-08
31.3189455442 	 4.67712e-08
31.34292636 	 4.89661e-08
31.3669071759 	 4.95024e-08
31.3908879918 	 4.76883e-08
31.4148688077 	 4.53315e-08
31.4388496236 	 4.53795e-08
31.4628304395 	 4.70996e-08
31.4868112553 	 4.85245e-08
31.5107920712 	 4.77873e-08
31.5347728871 	 4.68112e-08
31.558753703 	 4.68144e-08
31.5827345189 	 4.67374e-08
31.6067153348 	 4.66916e-08
31.6306961506 	 4.58837e-08
31.6546769665 	 4.57168e-08
31.6786577824 	 4.6563e-08
31.7026385983 	 4.8148e-08
31.7266194142 	 4.86591e-08
31.7506002301 	 4.75933e-08
31.7745810459 	 4.57777e-08
31.7985618618 	 4.45687e-08
31.8225426777 	 4.53421e-08
31.8465234936 	 4.69066e-08
31.8705043095 	 4.77929e-08
31.8944851254 	 4.7018e-08
31.9184659413 	 4.58559e-08
31.9424467571 	 4.56063e-08
31.966427573 	 4.65472e-08
31.9904083889 	 4.7068e-08
32.0143892048 	 4.6284e-08
32.0383700207 	 4.51158e-08
32.0623508366 	 4.55506e-08
32.0863316524 	 4.6645e-08
32.1103124683 	 4.68117e-08
32.1342932842 	 4.59661e-08
32.1582741001 	 4.56147e-08
32.182254916 	 4.61338e-08
32.2062357319 	 4.64967e-08
32.2302165477 	 4.62443e-08
32.2541973636 	 4.57126e-08
32.2781781795 	 4.56067e-08
32.3021589954 	 4.56507e-08
32.3261398113 	 4.56854e-08
32.3501206272 	 4.59388e-08
32.374101443 	 4.64299e-08
32.3980822589 	 4.63365e-08
32.4220630748 	 4.51967e-08
32.4460438907 	 4.46644e-08
32.4700247066 	 4.56603e-08
32.4940055225 	 4.7507e-08
32.5179863383 	 4.79044e-08
32.5419671542 	 4.63608e-08
32.5659479701 	 4.46682e-08
32.589928786 	 4.49711e-08
32.6139096019 	 4.69019e-08
32.6378904178 	 4.80779e-08
32.6618712336 	 4.66536e-08
32.6858520495 	 4.48771e-08
32.7098328654 	 4.48561e-08
32.7338136813 	 4.60165e-08
32.7577944972 	 4.64069e-08
32.7817753131 	 4.52937e-08
32.8057561289 	 4.4367e-08
32.8297369448 	 4.50457e-08
32.8537177607 	 4.62374e-08
32.8776985766 	 4.6082e-08
32.9016793925 	 4.49038e-08
32.9256602084 	 4.41902e-08
32.9496410243 	 4.49794e-08
32.9736218401 	 4.59113e-08
32.997602656 	 4.60849e-08
33.0215834719 	 4.55677e-08
33.0455642878 	 4.50378e-08
33.0695451037 	 4.52188e-08
33.0935259196 	 4.57143e-08
33.1175067354 	 4.61188e-08
33.1414875513 	 4.58073e-08
33.1654683672 	 4.53666e-08
33.1894491831 	 4.50077e-08
33.213429999 	 4.48475e-08
33.2374108149 	 4.51301e-08
33.2613916307 	 4.55582e-08
33.2853724466 	 4.56588e-08
33.3093532625 	 4.52956e-08
33.3333340784 	 4.46532e-08
33.3573148943 	 4.47173e-08
33.3812957102 	 4.52039e-08
33.405276526 	 4.55186e-08
33.4292573419 	 4.55772e-08
33.4532381578 	 4.54836e-08
33.4772189737 	 4.52919e-08
33.5011997896 	 4.51837e-08
33.5251806055 	 4.50149e-08
33.5491614213 	 4.46911e-08
33.5731422372 	 4.45633e-08
33.5971230531 	 4.48485e-08
33.621103869 	 4.51905e-08
33.6450846849 	 4.54311e-08
33.6690655008 	 4.51507e-08
33.6930463166 	 4.48102e-08
33.7170271325 	 4.48452e-08
33.7410079484 	 4.50765e-08
33.7649887643 	 4.5351e-08
33.7889695802 	 4.5139e-08
33.8129503961 	 4.47472e-08
33.8369312119 	 4.45353e-08
33.8609120278 	 4.49397e-08
33.8848928437 	 4.5239e-08
33.9088736596 	 4.50542e-08
33.9328544755 	 4.44904e-08
33.9568352914 	 4.42585e-08
33.9808161073 	 4.44349e-08
34.0047969231 	 4.46933e-08
34.028777739 	 4.47085e-08
34.0527585549 	 4.45411e-08
34.0767393708 	 4.46523e-08
34.1007201867 	 4.48573e-08
34.1247010026 	 4.48049e-08
34.1486818184 	 4.4529e-08
34.1726626343 	 4.42464e-08
34.1966434502 	 4.45249e-08
34.2206242661 	 4.48647e-08
34.244605082 	 4.50405e-08
34.2685858979 	 4.47631e-08
34.2925667137 	 4.42875e-08
34.3165475296 	 4.40869e-08
34.3405283455 	 4.43055e-08
34.3645091614 	 4.46298e-08
34.3884899773 	 4.46595e-08
34.4124707932 	 4.43778e-08
34.436451609 	 4.41143e-08
34.4604324249 	 4.41361e-08
34.4844132408 	 4.43431e-08
34.5083940567 	 4.45e-08
34.5323748726 	 4.44426e-08
34.5563556885 	 4.42632e-08
34.5803365043 	 4.41808e-08
34.6043173202 	 4.43807e-08
34.6282981361 	 4.4563e-08
34.652278952 	 4.45869e-08
34.6762597679 	 4.42871e-08
34.7002405838 	 4.40922e-08
34.7242213996 	 4.41108e-08
34.7482022155 	 4.42811e-08
34.7721830314 	 4.43402e-08
34.7961638473 	 4.42137e-08
34.8201446632 	 4.41538e-08
34.8441254791 	 4.41464e-08
34.868106295 	 4.42747e-08
34.8920871108 	 4.42153e-08
34.9160679267 	 4.40029e-08
34.9400487426 	 4.38213e-08
34.9640295585 	 4.38657e-08
34.9880103744 	 4.4043e-08
35.0119911903 	 4.40196e-08
35.0359720061 	 4.38382e-08
35.059952822 	 4.36983e-08
35.0839336379 	 4.38225e-08
35.1079144538 	 4.39881e-08
35.1318952697 	 4.40847e-08
35.1558760856 	 4.40409e-08
35.1798569014 	 4.39875e-08
35.2038377173 	 4.39195e-08
35.2278185332 	 4.37527e-08
35.2517993491 	 4.36821e-08
35.275780165 	 4.36518e-08
35.2997609809 	 4.37825e-08
35.3237417967 	 4.38771e-08
35.3477226126 	 4.37896e-08
35.3717034285 	 4.37694e-08
35.3956842444 	 4.37993e-08
35.4196650603 	 4.38198e-08
35.4436458762 	 4.37883e-08
35.467626692 	 4.37112e-08
35.4916075079 	 4.37263e-08
35.5155883238 	 4.37839e-08
35.5395691397 	 4.36791e-08
35.5635499556 	 4.3546e-08
35.5875307715 	 4.34926e-08
35.6115115873 	 4.36484e-08
35.6354924032 	 4.37874e-08
35.6594732191 	 4.372e-08
35.683454035 	 4.3585e-08
35.7074348509 	 4.34292e-08
35.7314156668 	 4.34503e-08
35.7553964826 	 4.35524e-08
35.7793772985 	 4.35602e-08
35.8033581144 	 4.35125e-08
35.8273389303 	 4.3427e-08
35.8513197462 	 4.34494e-08
35.8753005621 	 4.35155e-08
35.899281378 	 4.3507e-08
35.9232621938 	 4.34858e-08
35.9472430097 	 4.34641e-08
35.9712238256 	 4.34123e-08
35.9952046415 	 4.33351e-08
36.0191854574 	 4.32845e-08
36.0431662733 	 4.33051e-08
36.0671470891 	 4.33497e-08
36.091127905 	 4.33389e-08
36.1151087209 	 4.32874e-08
36.1390895368 	 4.33569e-08
36.1630703527 	 4.33803e-08
36.1870511686 	 4.32863e-08
36.2110319844 	 4.31311e-08
36.2350128003 	 4.30735e-08
36.2589936162 	 4.31567e-08
36.2829744321 	 4.32353e-08
36.306955248 	 4.32224e-08
36.3309360639 	 4.31982e-08
36.3549168797 	 4.32038e-08
36.3788976956 	 4.32215e-08
36.4028785115 	 4.32402e-08
36.4268593274 	 4.31437e-08
36.4508401433 	 4.3046e-08
36.4748209592 	 4.29632e-08
36.498801775 	 4.30285e-08
36.5227825909 	 4.31324e-08
36.5467634068 	 4.30837e-08
36.5707442227 	 4.30387e-08
36.5947250386 	 4.30561e-08
36.6187058545 	 4.30254e-08
36.6426866703 	 4.3022e-08
36.6666674862 	 4.29346e-08
36.6906483021 	 4.28954e-08
36.714629118 	 4.29443e-08
36.7386099339 	 4.2966e-08
36.7625907498 	 4.29736e-08
36.7865715656 	 4.29161e-08
36.8105523815 	 4.28682e-08
36.8345331974 	 4.27775e-08
36.8585140133 	 4.27925e-08
36.8824948292 	 4.28967e-08
36.9064756451 	 4.29393e-08
36.930456461 	 4.29258e-08
36.9544372768 	 4.28225e-08
36.9784180927 	 4.27577e-08
37.0023989086 	 4.27532e-08
37.0263797245 	 4.27705e-08
37.0503605404 	 4.27267e-08
37.0743413563 	 4.27282e-08
37.0983221721 	 4.27692e-08
37.122302988 	 4.27712e-08
37.1462838039 	 4.27261e-08
37.1702646198 	 4.2703e-08
37.1942454357 	 4.26818e-08
37.2182262516 	 4.26832e-08
37.2422070674 	 4.26462e-08
37.2661878833 	 4.26418e-08
37.2901686992 	 4.26547e-08
37.3141495151 	 4.25696e-08
37.338130331 	 4.25528e-08
37.3621111469 	 4.2579e-08
37.3860919627 	 4.26167e-08
37.4100727786 	 4.26054e-08
37.4340535945 	 4.26178e-08
37.4580344104 	 4.26258e-08
37.4820152263 	 4.25467e-08
37.5059960422 	 4.24436e-08
37.529976858 	 4.2416e-08
37.5539576739 	 4.24247e-08
37.5779384898 	 4.24785e-08
37.6019193057 	 4.24844e-08
37.6259001216 	 4.24785e-08
37.6498809375 	 4.25164e-08
37.6738617533 	 4.24831e-08
37.6978425692 	 4.24056e-08
37.7218233851 	 4.23503e-08
37.745804201 	 4.23658e-08
37.7697850169 	 4.23203e-08
37.7937658328 	 4.23786e-08
37.8177466486 	 4.24201e-08
37.8417274645 	 4.24064e-08
37.8657082804 	 4.24195e-08
37.8896890963 	 4.22742e-08
37.9136699122 	 4.22387e-08
37.9376507281 	 4.22448e-08
37.961631544 	 4.21965e-08
37.9856123598 	 4.22482e-08
38.0095931757 	 4.22908e-08
38.0335739916 	 4.22769e-08
38.0575548075 	 4.2294e-08
38.0815356234 	 4.22783e-08
38.1055164393 	 4.22202e-08
38.1294972551 	 4.21816e-08
38.153478071 	 4.21775e-08
38.1774588869 	 4.21737e-08
38.2014397028 	 4.21871e-08
38.2254205187 	 4.21626e-08
38.2494013346 	 4.21123e-08
38.2733821504 	 4.20968e-08
38.2973629663 	 4.20635e-08
38.3213437822 	 4.20437e-08
38.3453245981 	 4.20455e-08
38.369305414 	 4.21127e-08
38.3932862299 	 4.21694e-08
38.4172670457 	 4.21594e-08
38.4412478616 	 4.21476e-08
38.4652286775 	 4.20029e-08
38.4892094934 	 4.1941e-08
38.5131903093 	 4.19082e-08
38.5371711252 	 4.1915e-08
38.561151941 	 4.19471e-08
38.5851327569 	 4.19916e-08
38.6091135728 	 4.20479e-08
38.6330943887 	 4.20227e-08
38.6570752046 	 4.19683e-08
38.6810560205 	 4.19531e-08
38.7050368363 	 4.19338e-08
38.7290176522 	 4.1873e-08
38.7529984681 	 4.18609e-08
38.776979284 	 4.18666e-08
38.8009600999 	 4.19054e-08
38.8249409158 	 4.18557e-08
38.8489217317 	 4.18284e-08
38.8729025475 	 4.1795e-08
38.8968833634 	 4.18151e-08
38.9208641793 	 4.18061e-08
38.9448449952 	 4.18417e-08
38.9688258111 	 4.18739e-08
38.992806627 	 4.17891e-08
39.0167874428 	 4.18078e-08
39.0407682587 	 4.17765e-08
39.0647490746 	 4.17642e-08
39.0887298905 	 4.17144e-08
39.1127107064 	 4.16949e-08
39.1366915223 	 4.17045e-08
39.1606723381 	 4.17063e-08
39.184653154 	 4.17031e-08
39.2086339699 	 4.17151e-08
39.2326147858 	 4.17619e-08
39.2565956017 	 4.1725e-08
39.2805764176 	 4.16505e-08
39.3045572334 	 4.1601e-08
39.3285380493 	 4.1565e-08
39.3525188652 	 4.15839e-08
39.3764996811 	 4.15776e-08
39.400480497 	 4.15689e-08
39.4244613129 	 4.1629e-08
39.4484421287 	 4.16343e-08
39.4724229446 	 4.16593e-08
39.4964037605 	 4.1612e-08
39.5203845764 	 4.15535e-08
39.5443653923 	 4.15411e-08
39.5683462082 	 4.15195e-08
39.592327024 	 4.14723e-08
39.6163078399 	 4.14724e-08
39.6402886558 	 4.1477e-08
39.6642694717 	 4.14954e-08
39.6882502876 	 4.15448e-08
39.7122311035 	 4.15493e-08
39.7362119193 	 4.15183e-08
39.7601927352 	 4.14328e-08
39.7841735511 	 4.13716e-08
39.808154367 	 4.13664e-08
39.8321351829 	 4.13988e-08
39.8561159988 	 4.14014e-08
39.8800968147 	 4.14257e-08
39.9040776305 	 4.14554e-08
39.9280584464 	 4.13877e-08
39.9520392623 	 4.14046e-08
39.9760200782 	 4.13393e-08
40.0000008941 	 4.13526e-08
40.02398171 	 4.13294e-08
40.0479625258 	 4.13119e-08
40.0719433417 	 4.13572e-08
40.0959241576 	 4.13276e-08
40.1199049735 	 4.13146e-08
40.1438857894 	 4.13137e-08
40.1678666053 	 4.12907e-08
40.1918474211 	 4.12638e-08
40.215828237 	 4.12867e-08
40.2398090529 	 4.12985e-08
40.2637898688 	 4.12746e-08
40.2877706847 	 4.12166e-08
40.3117515006 	 4.12176e-08
40.3357323164 	 4.11646e-08
40.3597131323 	 4.11522e-08
40.3836939482 	 4.11405e-08
40.4076747641 	 4.12002e-08
40.43165558 	 4.12674e-08
40.4556363959 	 4.12499e-08
40.4796172117 	 4.12026e-08
40.5035980276 	 4.11738e-08
40.5275788435 	 4.11755e-08
40.5515596594 	 4.11346e-08
40.5755404753 	 4.10917e-08
40.5995212912 	 4.10522e-08
40.623502107 	 4.10869e-08
40.6474829229 	 4.10583e-08
40.6714637388 	 4.10219e-08
40.6954445547 	 4.1121e-08
40.7194253706 	 4.11594e-08
40.7434061865 	 4.11353e-08
40.7673870023 	 4.11306e-08
40.7913678182 	 4.10721e-08
40.8153486341 	 4.10376e-08
40.83932945 	 4.09367e-08
40.8633102659 	 4.08899e-08
40.8872910818 	 4.09618e-08
40.9112718977 	 4.10432e-08
40.9352527135 	 4.10745e-08
40.9592335294 	 4.10635e-08
40.9832143453 	 4.10698e-08
41.0071951612 	 4.09996e-08
41.0311759771 	 4.09185e-08
41.055156793 	 4.08889e-08
41.0791376088 	 4.09458e-08
41.1031184247 	 4.09175e-08
41.1270992406 	 4.08968e-08
41.1510800565 	 4.08946e-08
41.1750608724 	 4.08923e-08
41.1990416883 	 4.0931e-08
41.2230225041 	 4.09027e-08
41.24700332 	 4.09404e-08
41.2709841359 	 4.09005e-08
41.2949649518 	 4.08616e-08
41.3189457677 	 4.083e-08
41.3429265836 	 4.0817e-08
41.3669073994 	 4.08252e-08
41.3908882153 	 4.0838e-08
41.4148690312 	 4.08589e-08
41.4388498471 	 4.08493e-08
41.462830663 	 4.08213e-08
41.4868114789 	 4.0757e-08
41.5107922947 	 4.0762e-08
41.5347731106 	 4.08363e-08
41.5587539265 	 4.08431e-08
41.5827347424 	 4.08137e-08
41.6067155583 	 4.08113e-08
41.6306963742 	 4.07317e-08
41.65467719 	 4.06953e-08
41.6786580059 	 4.06853e-08
41.7026388218 	 4.06774e-08
41.7266196377 	 4.07171e-08
41.7506004536 	 4.07329e-08
41.7745812695 	 4.07462e-08
41.7985620853 	 4.07414e-08
41.8225429012 	 4.07139e-08
41.8465237171 	 4.06538e-08
41.870504533 	 4.06151e-08
41.8944853489 	 4.06184e-08
41.9184661648 	 4.06785e-08
41.9424469807 	 4.07216e-08
41.9664277965 	 4.06798e-08
41.9904086124 	 4.06863e-08
42.0143894283 	 4.0679e-08
42.0383702442 	 4.06433e-08
42.0623510601 	 4.05838e-08
42.086331876 	 4.05243e-08
42.1103126918 	 4.05105e-08
42.1342935077 	 4.05525e-08
42.1582743236 	 4.05601e-08
42.1822551395 	 4.0626e-08
42.2062359554 	 4.06872e-08
42.2302167713 	 4.06568e-08
42.2541975871 	 4.05993e-08
42.278178403 	 4.05167e-08
42.3021592189 	 4.04837e-08
42.3261400348 	 4.04803e-08
42.3501208507 	 4.04753e-08
42.3741016666 	 4.05568e-08
42.3980824824 	 4.05691e-08
42.4220632983 	 4.05249e-08
42.4460441142 	 4.05146e-08
42.4700249301 	 4.04452e-08
42.494005746 	 4.04442e-08
42.5179865619 	 4.04554e-08
42.5419673777 	 4.04681e-08
42.5659481936 	 4.04971e-08
42.5899290095 	 4.05579e-08
42.6139098254 	 4.04887e-08
42.6378906413 	 4.04583e-08
42.6618714572 	 4.04257e-08
42.685852273 	 4.03537e-08
42.7098330889 	 4.03441e-08
42.7338139048 	 4.03192e-08
42.7577947207 	 4.03837e-08
42.7817755366 	 4.04479e-08
42.8057563525 	 4.04952e-08
42.8297371684 	 4.04889e-08
42.8537179842 	 4.04617e-08
42.8776988001 	 4.04073e-08
42.901679616 	 4.03689e-08
42.9256604319 	 4.02927e-08
42.9496412478 	 4.02774e-08
42.9736220637 	 4.03276e-08
42.9976028795 	 4.03223e-08
43.0215836954 	 4.03382e-08
43.0455645113 	 4.0344e-08
43.0695453272 	 4.03411e-08
43.0935261431 	 4.03253e-08
43.117506959 	 4.02578e-08
43.1414877748 	 4.02624e-08
43.1654685907 	 4.02869e-08
43.1894494066 	 4.03175e-08
43.2134302225 	 4.03571e-08
43.2374110384 	 4.0374e-08
43.2613918543 	 4.03444e-08
43.2853726701 	 4.02275e-08
43.309353486 	 4.01761e-08
43.3333343019 	 4.01485e-08
43.3573151178 	 4.02062e-08
43.3812959337 	 4.02457e-08
43.4052767496 	 4.03114e-08
43.4292575654 	 4.03176e-08
43.4532383813 	 4.0274e-08
43.4772191972 	 4.02303e-08
43.5012000131 	 4.01738e-08
43.525180829 	 4.01894e-08
43.5491616449 	 4.01506e-08
43.5731424607 	 4.01634e-08
43.5971232766 	 4.01597e-08
43.6211040925 	 4.01892e-08
43.6450849084 	 4.01958e-08
43.6690657243 	 4.01311e-08
43.6930465402 	 4.01622e-08
43.717027356 	 4.01891e-08
43.7410081719 	 4.0228e-08
43.7649889878 	 4.01864e-08
43.7889698037 	 4.01714e-08
43.8129506196 	 4.01423e-08
43.8369314355 	 4.00458e-08
43.8609122514 	 4.00643e-08
43.8848930672 	 4.00533e-08
43.9088738831 	 4.00763e-08
43.932854699 	 4.01451e-08
43.9568355149 	 4.01571e-08
43.9808163308 	 4.01717e-08
44.0047971467 	 4.01195e-08
44.0287779625 	 4.00849e-08
44.0527587784 	 4.00464e-08
44.0767395943 	 4.00286e-08
44.1007204102 	 4.00437e-08
44.1247012261 	 4.00336e-08
44.148682042 	 4.00786e-08
44.1726628578 	 4.01e-08
44.1966436737 	 4.00825e-08
44.2206244896 	 4.00593e-08
44.2446053055 	 4.00264e-08
44.2685861214 	 3.99965e-08
44.2925669373 	 3.99503e-08
44.3165477531 	 3.99991e-08
44.340528569 	 4.0027e-08
44.3645093849 	 4.00164e-08
44.3884902008 	 4.00519e-08
44.4124710167 	 4.00197e-08
44.4364518326 	 3.99974e-08
44.4604326484 	 3.99716e-08
44.4844134643 	 3.99913e-08
44.5083942802 	 4.00074e-08
44.5323750961 	 3.99625e-08
44.556355912 	 3.9947e-08
44.5803367279 	 3.99909e-08
44.6043175437 	 3.99468e-08
44.6282983596 	 3.99306e-08
44.6522791755 	 3.9966e-08
44.6762599914 	 3.99388e-08
44.7002408073 	 3.99666e-08
44.7242216232 	 3.99172e-08
44.748202439 	 3.99179e-08
44.7721832549 	 3.99609e-08
44.7961640708 	 3.99093e-08
44.8201448867 	 3.99138e-08
44.8441257026 	 3.99053e-08
44.8681065185 	 3.98828e-08
44.8920873344 	 3.98464e-08
44.9160681502 	 3.98655e-08
44.9400489661 	 3.9899e-08
44.964029782 	 3.9903e-08
44.9880105979 	 3.98822e-08
45.0119914138 	 3.98281e-08
45.0359722297 	 3.988e-08
45.0599530455 	 3.98806e-08
45.0839338614 	 3.99215e-08
45.1079146773 	 3.99573e-08
45.1318954932 	 3.99724e-08
45.1558763091 	 3.98972e-08
45.179857125 	 3.98059e-08
45.2038379408 	 3.9755e-08
45.2278187567 	 3.96542e-08
45.2517995726 	 3.96977e-08
45.2757803885 	 3.97735e-08
45.2997612044 	 3.99066e-08
45.3237420203 	 3.99707e-08
45.3477228361 	 3.99855e-08
45.371703652 	 3.98956e-08
45.3956844679 	 3.97977e-08
45.4196652838 	 3.97242e-08
45.4436460997 	 3.96645e-08
45.4676269156 	 3.97182e-08
45.4916077314 	 3.97402e-08
45.5155885473 	 3.98141e-08
45.5395693632 	 3.97934e-08
45.5635501791 	 3.97856e-08
45.587530995 	 3.97665e-08
45.6115118109 	 3.97581e-08
45.6354926267 	 3.98157e-08
45.6594734426 	 3.98591e-08
45.6834542585 	 3.9832e-08
45.7074350744 	 3.97987e-08
45.7314158903 	 3.97542e-08
45.7553967062 	 3.96852e-08
45.779377522 	 3.96474e-08
45.8033583379 	 3.95996e-08
45.8273391538 	 3.97051e-08
45.8513199697 	 3.97495e-08
45.8753007856 	 3.98238e-08
45.8992816015 	 3.98347e-08
45.9232624174 	 3.97595e-08
45.9472432332 	 3.97286e-08
45.9712240491 	 3.96497e-08
45.995204865 	 3.96166e-08
46.0191856809 	 3.96306e-08
46.0431664968 	 3.96841e-08
46.0671473127 	 3.97504e-08
46.0911281285 	 3.97671e-08
46.1151089444 	 3.97513e-08
46.1390897603 	 3.9729e-08
46.1630705762 	 3.96316e-08
46.1870513921 	 3.96508e-08
46.211032208 	 3.96261e-08
46.2350130238 	 3.9645e-08
46.2589938397 	 3.96893e-08
46.2829746556 	 3.96733e-08
46.3069554715 	 3.96447e-08
46.3309362874 	 3.96556e-08
46.3549171033 	 3.96586e-08
46.3788979191 	 3.96432e-08
46.402878735 	 3.96226e-08
46.4268595509 	 3.97058e-08
46.4508403668 	 3.97766e-08
46.4748211827 	 3.96686e-08
46.4988019986 	 3.96345e-08
46.5227828144 	 3.95699e-08
46.5467636303 	 3.95236e-08
46.5707444462 	 3.95353e-08
46.5947252621 	 3.95484e-08
46.618706078 	 3.96635e-08
46.6426868939 	 3.97185e-08
46.6666677097 	 3.96997e-08
46.6906485256 	 3.96815e-08
46.7146293415 	 3.96331e-08
46.7386101574 	 3.95979e-08
46.7625909733 	 3.95221e-08
46.7865717892 	 3.95546e-08
46.8105526051 	 3.95896e-08
46.8345334209 	 3.95799e-08
46.8585142368 	 3.95744e-08
46.8824950527 	 3.95557e-08
46.9064758686 	 3.95723e-08
46.9304566845 	 3.9572e-08
46.9544375004 	 3.96081e-08
46.9784183162 	 3.96484e-08
47.0023991321 	 3.96532e-08
47.026379948 	 3.96122e-08
47.0503607639 	 3.95472e-08
47.0743415798 	 3.9524e-08
47.0983223957 	 3.95014e-08
47.1223032115 	 3.95321e-08
47.1462840274 	 3.95544e-08
47.1702648433 	 3.95641e-08
47.1942456592 	 3.95712e-08
47.2182264751 	 3.95509e-08
47.242207291 	 3.95475e-08
47.2661881068 	 3.95434e-08
47.2901689227 	 3.9526e-08
47.3141497386 	 3.95256e-08
47.3381305545 	 3.95658e-08
47.3621113704 	 3.95263e-08
47.3860921863 	 3.95547e-08
47.4100730021 	 3.95254e-08
47.434053818 	 3.95312e-08
47.4580346339 	 3.9549e-08
47.4820154498 	 3.95264e-08
47.5059962657 	 3.9578e-08
47.5299770816 	 3.95319e-08
47.5539578974 	 3.9493e-08
47.5779387133 	 3.94807e-08
47.6019195292 	 3.94713e-08
47.6259003451 	 3.94687e-08
47.649881161 	 3.94361e-08
47.6738619769 	 3.94711e-08
47.6978427927 	 3.95366e-08
47.7218236086 	 3.95713e-08
47.7458044245 	 3.95969e-08
47.7697852404 	 3.961e-08
47.7937660563 	 3.95058e-08
47.8177468722 	 3.94261e-08
47.8417276881 	 3.94149e-08
47.8657085039 	 3.94097e-08
47.8896893198 	 3.94485e-08
47.9136701357 	 3.94671e-08
47.9376509516 	 3.95114e-08
47.9616317675 	 3.95402e-08
47.9856125834 	 3.95197e-08
48.0095933992 	 3.95159e-08
48.0335742151 	 3.94943e-08
48.057555031 	 3.95103e-08
48.0815358469 	 3.94661e-08
48.1055166628 	 3.94494e-08
48.1294974787 	 3.94742e-08
48.1534782945 	 3.94217e-08
48.1774591104 	 3.94209e-08
48.2014399263 	 3.94514e-08
48.2254207422 	 3.94332e-08
48.2494015581 	 3.94559e-08
48.273382374 	 3.94706e-08
48.2973631898 	 3.94809e-08
48.3213440057 	 3.95415e-08
48.3453248216 	 3.94922e-08
48.3693056375 	 3.94553e-08
48.3932864534 	 3.94658e-08
48.4172672693 	 3.93592e-08
48.4412480851 	 3.93206e-08
48.465228901 	 3.94302e-08
48.4892097169 	 3.94817e-08
48.5131905328 	 3.95037e-08
48.5371713487 	 3.9478e-08
48.5611521646 	 3.94514e-08
48.5851329804 	 3.94367e-08
48.6091137963 	 3.93996e-08
48.6330946122 	 3.94168e-08
48.6570754281 	 3.94325e-08
48.681056244 	 3.95015e-08
48.7050370599 	 3.95236e-08
48.7290178757 	 3.94928e-08
48.7529986916 	 3.94593e-08
48.7769795075 	 3.93508e-08
48.8009603234 	 3.93403e-08
48.8249411393 	 3.93643e-08
48.8489219552 	 3.94134e-08
48.8729027711 	 3.948e-08
48.8968835869 	 3.94766e-08
48.9208644028 	 3.94791e-08
48.9448452187 	 3.94104e-08
48.9688260346 	 3.93693e-08
48.9928068505 	 3.93554e-08
49.0167876664 	 3.94047e-08
49.0407684822 	 3.94668e-08
49.0647492981 	 3.94295e-08
49.088730114 	 3.94415e-08
49.1127109299 	 3.94036e-08
49.1366917458 	 3.93832e-08
49.1606725617 	 3.94091e-08
49.1846533775 	 3.94622e-08
49.2086341934 	 3.94684e-08
49.2326150093 	 3.94375e-08
49.2565958252 	 3.93941e-08
49.2805766411 	 3.93673e-08
49.304557457 	 3.93788e-08
49.3285382728 	 3.93956e-08
49.3525190887 	 3.94031e-08
49.3764999046 	 3.94159e-08
49.4004807205 	 3.94316e-08
49.4244615364 	 3.94236e-08
49.4484423523 	 3.94532e-08
49.4724231681 	 3.94495e-08
49.496403984 	 3.9435e-08
49.5203847999 	 3.93762e-08
49.5443656158 	 3.9338e-08
49.5683464317 	 3.93449e-08
49.5923272476 	 3.9349e-08
49.6163080634 	 3.93803e-08
49.6402888793 	 3.93998e-08
49.6642696952 	 3.94107e-08
49.6882505111 	 3.94606e-08
49.712231327 	 3.9465e-08
49.7362121429 	 3.94501e-08
49.7601929587 	 3.94544e-08
49.7841737746 	 3.94373e-08
49.8081545905 	 3.9425e-08
49.8321354064 	 3.93546e-08
49.8561162223 	 3.93406e-08
49.8800970382 	 3.93248e-08
49.9040778541 	 3.9372e-08
49.9280586699 	 3.93986e-08
49.9520394858 	 3.94211e-08
49.9760203017 	 3.94315e-08
50.0000011176 	 3.94104e-08
