0.0  0.0
0.01  -0.0006711231
0.02  -0.001350788
0.03  -0.002039134
0.04  -0.002736324
0.05  -0.003442549
0.06  -0.004157703
0.07  -0.00488118
0.08  -0.005612783
0.09  -0.006354684
0.1  -0.007112491
0.11  -0.007893954
0.12  -0.00870683
0.13  -0.00955622
0.14  -0.01044076
0.15  -0.01135231
0.16  -0.01228703
0.17  -0.01325164
0.18  -0.01423181
0.19  -0.01516275
0.2  -0.01596632
0.21  -0.01661008
0.22  -0.01712303
0.23  -0.01758117
0.24  -0.01809883
0.25  -0.01884466
0.26  -0.0199764
0.27  -0.02148209
0.28  -0.02315132
0.29  -0.02472981
0.3  -0.02611839
0.31  -0.02748873
0.32  -0.0291958
0.33  -0.03146963
0.34  -0.03413765
0.35000000000000003  -0.03669339
0.36  -0.03863449
0.37  -0.03975391
0.38  -0.04018881
0.39  -0.04021163
0.4  -0.03997217
0.41000000000000003  -0.03948678
0.42  -0.03895867
0.43  -0.03901035
0.44  -0.04041619
0.45  -0.04335424
0.46  -0.04684805
0.47000000000000003  -0.04919289
0.48  -0.04893837
0.49  -0.0454728
0.5  -0.03939268
0.51  -0.03280596
0.52  -0.02842886
0.53  -0.02787526
0.54  -0.03111822
0.55  -0.03722133
0.56  -0.0444535
0.5700000000000001  -0.04979142
0.58  -0.04958762
0.59  -0.04151576
0.6  -0.02640564
0.61  -0.007446028
0.62  0.01300931
0.63  0.03526376
0.64  0.06113589
0.65  0.09107032
0.66  0.1222147
0.67  0.148114
0.68  0.1590724
0.6900000000000001  0.1465105
0.7000000000000001  0.1121391
0.71  0.07049143
0.72  0.03717156
0.73  0.0154975
0.74  -0.001896476
0.75  -0.02101594
0.76  -0.04084136
0.77  -0.05962391
0.78  -0.08208057
0.79  -0.1142196
0.8  -0.153109
0.81  -0.1868362
0.8200000000000001  -0.2033926
0.8300000000000001  -0.1990724
0.84  -0.1805244
0.85  -0.1589837
0.86  -0.1421554
0.87  -0.1299348
0.88  -0.1150486
0.89  -0.08789528
0.9  -0.04216065
0.91  0.02294399
0.92  0.1032998
0.93  0.190847
0.9400000000000001  0.2758666
0.9500000000000001  0.3480036
0.96  0.3931807
0.97  0.3959395
0.98  0.3496462
0.99  0.267653
1.0  0.1841916
1.01  0.1378991
1.02  0.1535593
1.03  0.2328793
1.04  0.3485632
1.05  0.4518302
1.06  0.4978889
1.07  0.4662479
1.08  0.3664947
1.09  0.2320149
1.1  0.09951325
1.11  -0.0160039
1.12  -0.1288124
1.1300000000000001  -0.2584368
1.1400000000000001  -0.3950441
1.1500000000000001  -0.4965057
1.16  -0.5201175
1.17  -0.4543611
1.18  -0.3227897
1.19  -0.1682069
1.2  -0.03841941
1.21  0.02769081
1.22  0.01577525
1.23  -0.05833021
1.24  -0.1634182
1.25  -0.2760295
1.26  -0.3904971
1.27  -0.5124904
1.28  -0.6443516
1.29  -0.7729456
1.3  -0.8711969
1.31  -0.9103698
1.32  -0.8743856
1.33  -0.7696865
1.34  -0.6238211
1.35  -0.4750626
1.36  -0.361032
1.37  -0.3129628
1.3800000000000001  -0.3504335
1.3900000000000001  -0.4730109
1.4000000000000001  -0.6579594
1.41  -0.8643054
1.42  -1.043202
1.43  -1.153128
1.44  -1.172076
1.45  -1.101805
1.46  -0.9651046
1.47  -0.7986584
1.48  -0.6382568
1.49  -0.5053932
1.5  -0.4066544
1.51  -0.341778
1.52  -0.3118261
1.53  -0.3220648
1.54  -0.3787393
1.55  -0.4793728
1.56  -0.5997434
1.57  -0.700492
1.58  -0.7607547
1.59  -0.7971878
1.6  -0.8374962
1.61  -0.8814436
1.62  -0.8967261
1.6300000000000001  -0.8459253
1.6400000000000001  -0.7124766
1.6500000000000001  -0.5158079
1.6600000000000001  -0.307111
1.67  -0.1288639
1.68  0.02547674
1.69  0.190263
1.7  0.3725389
1.71  0.5350095
1.72  0.6190963
1.73  0.5782001
1.74  0.4096955
1.75  0.1734327
1.76  -0.03634169
1.77  -0.1576253
1.78  -0.1935967
1.79  -0.1846467
1.8  -0.1630294
1.81  -0.1333034
1.82  -0.08269644
1.83  -5.530099e-05
1.84  0.1146806
1.85  0.2531266
1.86  0.406488
1.87  0.5697844
1.8800000000000001  0.7363623
1.8900000000000001  0.8919146
1.9000000000000001  1.019063
1.9100000000000001  1.106289
1.92  1.152035
1.93  1.16766
1.94  1.178831
1.95  1.215578
1.96  1.297508
1.97  1.426689
1.98  1.583066
1.99  1.726069
2.0  1.812613
2.0100000000000002  1.816982
2.02  1.735737
2.0300000000000002  1.588271
2.04  1.421262
2.05  1.295357
2.06  1.250071
2.07  1.273953
2.08  1.312098
2.09  1.311035
2.1  1.265518
2.11  1.226716
2.12  1.262036
2.13  1.403257
2.14  1.614124
2.15  1.804668
2.16  1.88871
2.17  1.829634
2.18  1.654212
2.19  1.442308
2.2  1.285644
2.21  1.239779
2.22  1.306224
2.23  1.449707
2.24  1.631702
2.25  1.827977
2.2600000000000002  2.023499
2.27  2.205043
2.2800000000000002  2.356619
2.29  2.454805
2.3000000000000003  2.472924
2.31  2.394717
2.32  2.230235
2.33  2.023756
2.34  1.835816
2.35  1.710459
2.36  1.660327
2.37  1.672439
2.38  1.712652
2.39  1.732203
2.4  1.688146
2.41  1.565207
2.42  1.390549
2.43  1.224423
2.44  1.117636
2.45  1.071162
2.46  1.040553
2.47  0.9734201
2.48  0.8352814
2.49  0.6181717
2.5  0.3514269
2.5100000000000002  0.09762241
2.52  -0.08102831
2.5300000000000002  -0.1530542
2.54  -0.1198309
2.5500000000000003  -0.008236769
2.56  0.128917
2.57  0.2266544
2.58  0.2387976
2.59  0.1558973
2.6  0.001189649
2.61  -0.1849951
2.62  -0.3703999
2.63  -0.5534135
2.64  -0.7591539
2.65  -1.014537
2.66  -1.324748
2.67  -1.660035
2.68  -1.964675
2.69  -2.181307
2.7  -2.272172
2.71  -2.236474
2.72  -2.107922
2.73  -1.931416
2.74  -1.742502
2.75  -1.556263
2.7600000000000002  -1.368699
2.77  -1.173134
2.7800000000000002  -0.9746663
2.79  -0.7877147
2.8000000000000003  -0.6281032
2.81  -0.5156396
2.82  -0.4770066
2.83  -0.5325558
2.84  -0.6700536
2.85  -0.8364922
2.86  -0.9577133
2.87  -0.9584622
2.88  -0.7942499
2.89  -0.4864143
2.9  -0.118563
2.91  0.2101186
2.92  0.434937
2.93  0.5357499
2.94  0.5203305
2.95  0.4215529
2.96  0.2985156
2.97  0.2128606
2.98  0.200545
2.99  0.2664938
3.0  0.3930178
3.0100000000000002  0.5417031
3.02  0.661175
3.0300000000000002  0.7108386
3.04  0.6859583
3.0500000000000003  0.6236308
3.06  0.5750614
3.0700000000000003  0.5601419
3.08  0.547121
3.09  0.4798613
3.1  0.3277441
3.11  0.1166107
3.12  -0.09228617
3.13  -0.2689668
3.14  -0.4582961
3.15  -0.7446984
3.16  -1.166341
3.17  -1.667378
3.18  -2.131478
3.19  -2.444568
3.2  -2.549095
3.21  -2.46688
3.22  -2.264941
3.23  -1.999377
3.24  -1.691739
3.25  -1.352191
3.2600000000000002  -1.008066
3.27  -0.6992752
3.2800000000000002  -0.4558068
3.29  -0.28585
3.3000000000000003  -0.1768671
3.31  -0.09908959
3.3200000000000003  -0.01621842
3.33  0.09665231
3.34  0.2381315
3.35  0.3789756
3.36  0.4840625
3.37  0.5455949
3.38  0.5901317
3.39  0.6450446
3.4  0.7061274
3.41  0.743337
3.42  0.7285783
3.43  0.6568827
3.44  0.5530324
3.45  0.4591962
3.46  0.4099228
3.47  0.4176266
3.48  0.477278
3.49  0.5745757
3.5  0.6846067
3.5100000000000002  0.774678
3.52  0.8180725
3.5300000000000002  0.8034929
3.54  0.7323239
3.5500000000000003  0.6095129
3.56  0.4383169
3.5700000000000003  0.231846
3.58  0.03107801
3.59  -0.1045157
3.6  -0.128503
3.61  -0.02755258
3.62  0.1729359
3.63  0.4166475
3.64  0.6476195
3.65  0.8533073
3.66  1.080097
3.67  1.39732
3.68  1.833554
3.69  2.337094
3.7  2.805614
3.71  3.156186
3.72  3.363265
3.73  3.44878
3.74  3.464569
3.75  3.474427
3.7600000000000002  3.51353
3.77  3.561576
3.7800000000000002  3.567985
3.79  3.499433
3.8000000000000003  3.360291
3.81  3.170751
3.8200000000000003  2.932954
3.83  2.624092
3.84  2.216745
3.85  1.709074
3.86  1.155814
3.87  0.6607919
3.88  0.3149351
3.89  0.1402509
3.9  0.08575961
3.91  0.05877104
3.92  -0.03012804
3.93  -0.2213154
3.94  -0.4797817
3.95  -0.7135656
3.96  -0.8276948
3.97  -0.7735649
3.98  -0.566095
3.99  -0.2572024
4.0  0.09712887
4.01  0.4444254
4.0200000000000005  0.7327479
4.03  0.9132101
4.04  0.9608593
4.05  0.8941432
4.0600000000000005  0.76459
4.07  0.6277184
4.08  0.5141312
4.09  0.4181404
4.1  0.3128056
4.11  0.1757238
4.12  0.00572674
4.13  -0.1700759
4.14  -0.3103499
4.15  -0.3997583
4.16  -0.4745111
4.17  -0.6084594
4.18  -0.8735652
4.19  -1.300548
4.2  -1.86808
4.21  -2.507738
4.22  -3.113005
4.23  -3.568269
4.24  -3.793546
4.25  -3.770046
4.26  -3.506712
4.2700000000000005  -2.98697
4.28  -2.164516
4.29  -1.028603
4.3  0.2865689
4.3100000000000005  1.496822
4.32  2.323292
4.33  2.639424
4.34  2.480546
4.3500000000000005  1.971338
4.36  1.316664
4.37  0.7975249
4.38  0.6081764
4.39  0.6453159
4.4  0.5769423
4.41  0.1638077
4.42  -0.5534165
4.43  -1.346552
4.44  -1.995904
4.45  -2.394678
4.46  -2.545074
4.47  -2.506205
4.48  -2.338167
4.49  -2.093129
4.5  -1.838198
4.51  -1.648677
4.5200000000000005  -1.57776
4.53  -1.642377
4.54  -1.833253
4.55  -2.120129
4.5600000000000005  -2.445081
4.57  -2.741228
4.58  -2.970419
4.59  -3.135905
4.6000000000000005  -3.267082
4.61  -3.396206
4.62  -3.541485
4.63  -3.70605
4.64  -3.888608
4.65  -4.090474
4.66  -4.299917
4.67  -4.465555
4.68  -4.513946
4.69  -4.408258
4.7  -4.180067
4.71  -3.90816
4.72  -3.668029
4.73  -3.490305
4.74  -3.350778
4.75  -3.195147
4.76  -2.979759
4.7700000000000005  -2.698708
4.78  -2.384885
4.79  -2.085144
4.8  -1.831023
4.8100000000000005  -1.633127
4.82  -1.494948
4.83  -1.421973
4.84  -1.419066
4.8500000000000005  -1.48053
4.86  -1.575199
4.87  -1.648445
4.88  -1.650399
4.89  -1.559983
4.9  -1.38331
4.91  -1.135989
4.92  -0.8282301
4.93  -0.4655551
4.94  -0.0705685
4.95  0.3036609
4.96  0.5961921
4.97  0.7721048
4.98  0.8351775
4.99  0.811259
5.0  0.7182867
5.01  0.5511399
5.0200000000000005  0.2913066
5.03  -0.07036465
5.04  -0.5102156
5.05  -0.9717406
5.0600000000000005  -1.393464
5.07  -1.732003
5.08  -1.965711
5.09  -2.086487
5.1000000000000005  -2.090213
5.11  -1.975675
5.12  -1.750941
5.13  -1.435076
5.14  -1.055844
5.15  -0.646181
5.16  -0.2348696
5.17  0.1590748
5.18  0.5233446
5.19  0.8481248
5.2  1.122833
5.21  1.334811
5.22  1.47054
5.23  1.517804
5.24  1.468018
5.25  1.316832
5.26  1.069022
5.2700000000000005  0.7532979
5.28  0.4222858
5.29  0.119205
5.3  -0.156459
5.3100000000000005  -0.4437418
5.32  -0.783915
5.33  -1.190569
5.34  -1.635355
5.3500000000000005  -2.055602
5.36  -2.391525
5.37  -2.622698
5.38  -2.768264
5.39  -2.858003
5.4  -2.907357
5.41  -2.913745
5.42  -2.868543
5.43  -2.770416
5.44  -2.628394
5.45  -2.454314
5.46  -2.254833
5.47  -2.030132
5.48  -1.777778
5.49  -1.498714
5.5  -1.203001
5.51  -0.9081027
5.5200000000000005  -0.6293861
5.53  -0.3735543
5.54  -0.1406751
5.55  0.06997049
5.5600000000000005  0.2569685
5.57  0.4187695
5.58  0.5589899
5.59  0.6880748
5.6000000000000005  0.8176488
5.61  0.9536051
5.62  1.092289
5.63  1.222129
5.64  1.33056
5.65  1.407485
5.66  1.444092
5.67  1.442698
5.68  1.430788
5.69  1.451657
5.7  1.537026
5.71  1.684945
5.72  1.861252
5.73  2.029673
5.74  2.183211
5.75  2.344645
5.76  2.53935
5.7700000000000005  2.766034
5.78  2.991833
5.79  3.176503
5.8  3.298276
5.8100000000000005  3.358551
5.82  3.369346
5.83  3.34355
5.84  3.295279
5.8500000000000005  3.239431
5.86  3.186947
5.87  3.141613
5.88  3.100217
5.89  3.055804
5.9  3.001461
5.91  2.929169
5.92  2.827304
5.93  2.683729
5.94  2.49098
5.95  2.24796
5.96  1.963448
5.97  1.664056
5.98  1.389409
5.99  1.170028
6.0  1.007397
6.01  0.8760493
6.0200000000000005  0.7478783
6.03  0.6142052
6.04  0.4861016
6.05  0.3788877
6.0600000000000005  0.2991571
6.07  0.2405094
6.08  0.1842159
6.09  0.1080688
6.1000000000000005  0.004917036
6.11  -0.1069266
6.12  -0.1964171
6.13  -0.2414087
6.140000000000001  -0.2377999
6.15  -0.1931048
6.16  -0.1150553
6.17  -0.008321429
6.18  0.1178538
6.19  0.2457428
6.2  0.3570028
6.21  0.4416408
6.22  0.4992417
6.23  0.5360599
6.24  0.5646509
6.25  0.6016909
6.26  0.6608908
6.2700000000000005  0.7481232
6.28  0.8627605
6.29  1.002142
6.3  1.16213
6.3100000000000005  1.332303
6.32  1.496004
6.33  1.638402
6.34  1.752872
6.3500000000000005  1.840207
6.36  1.904662
6.37  1.954011
6.38  2.000729
6.390000000000001  2.057738
6.4  2.132452
6.41  2.223235
6.42  2.319559
6.43  2.407945
6.44  2.479564
6.45  2.532667
6.46  2.570117
6.47  2.598503
6.48  2.629004
6.49  2.674025
6.5  2.741622
6.51  2.832763
6.5200000000000005  2.94141
6.53  3.05782
6.54  3.173217
6.55  3.27861
6.5600000000000005  3.360914
6.57  3.405471
6.58  3.400885
6.59  3.339474
6.6000000000000005  3.216314
6.61  3.031451
6.62  2.792482
6.63  2.516252
6.640000000000001  2.229382
6.65  1.960501
6.66  1.728033
6.67  1.53614
6.68  1.380666
6.69  1.257449
6.7  1.165149
6.71  1.098083
6.72  1.038502
6.73  0.9627725
6.74  0.8575277
6.75  0.7292118
6.76  0.5966982
6.7700000000000005  0.4756392
6.78  0.3694811
6.79  0.2704719
6.8  0.1670029
6.8100000000000005  0.0514129
6.82  -0.07753115
6.83  -0.2174177
6.84  -0.3646837
6.8500000000000005  -0.5135991
6.86  -0.6562015
6.87  -0.7855743
6.88  -0.8985191
6.890000000000001  -0.9955534
6.9  -1.081257
6.91  -1.165085
6.92  -1.258191
6.93  -1.368084
6.94  -1.4966
6.95  -1.639733
6.96  -1.784813
6.97  -1.911581
6.98  -2.001579
6.99  -2.046035
7.0  -2.045351
7.01  -2.004777
7.0200000000000005  -1.934398
7.03  -1.849484
7.04  -1.764427
7.05  -1.685072
7.0600000000000005  -1.607302
7.07  -1.523074
7.08  -1.427296
7.09  -1.319646
7.1000000000000005  -1.20132
7.11  -1.0714
7.12  -0.9267761
7.13  -0.7645069
7.140000000000001  -0.5841744
7.15  -0.3924082
7.16  -0.2064577
7.17  -0.04796609
7.18  0.06821398
7.19  0.1383687
7.2  0.1656986
7.21  0.1554612
7.22  0.117204
7.23  0.06708522
7.24  0.02181798
7.25  -0.008963431
7.26  -0.02396742
7.2700000000000005  -0.0257092
7.28  -0.01560704
7.29  0.007421516
7.3  0.04540452
7.3100000000000005  0.09940777
7.32  0.1677041
7.33  0.2435671
7.34  0.3164482
7.3500000000000005  0.3771389
7.36  0.4204156
7.37  0.443129
7.38  0.4422015
7.390000000000001  0.4148332
7.4  0.359855
7.41  0.2800258
7.42  0.182726
7.43  0.07634573
7.44  -0.03412711
7.45  -0.1479737
7.46  -0.2660683
7.47  -0.3880223
7.48  -0.5118941
7.49  -0.6358191
7.5  -0.7607512
7.51  -0.8932006
7.5200000000000005  -1.043461
7.53  -1.218989
7.54  -1.419905
7.55  -1.641106
7.5600000000000005  -1.87736
7.57  -2.123126
7.58  -2.367664
7.59  -2.5958
7.6000000000000005  -2.793421
7.61  -2.948458
7.62  -3.050526
7.63  -3.096475
7.640000000000001  -3.095085
7.65  -3.064944
7.66  -3.029262
7.67  -3.007157
7.68  -3.002582
7.69  -3.00239
7.7  -2.988109
7.71  -2.950641
7.72  -2.897836
7.73  -2.84928
7.74  -2.821346
7.75  -2.814019
7.76  -2.810879
7.7700000000000005  -2.79455
7.78  -2.764754
7.79  -2.74035
7.8  -2.743838
7.8100000000000005  -2.7867
7.82  -2.867399
7.83  -2.976167
7.84  -3.098803
7.8500000000000005  -3.221389
7.86  -3.335465
7.87  -3.439675
7.88  -3.539044
7.890000000000001  -3.642406
7.9  -3.755339
7.91  -3.869574
7.92  -3.961472
7.930000000000001  -4.004115
7.94  -3.978264
7.95  -3.879058
7.96  -3.71852
7.97  -3.520576
7.98  -3.312833
7.99  -3.11549
8.0  -2.930872
8.01  -2.747628
8.02  -2.560357
8.03  -2.380697
8.040000000000001  -2.228066
8.05  -2.113606
8.06  -2.032225
8.07  -1.968566
8.08  -1.909678
8.09  -1.851722
8.1  -1.79681
8.11  -1.74623
8.120000000000001  -1.697696
8.13  -1.647428
8.14  -1.593099
8.15  -1.53469
8.16  -1.473212
8.17  -1.409039
8.18  -1.341474
8.19  -1.269492
8.2  -1.192549
8.21  -1.111414
8.22  -1.030317
8.23  -0.957647
8.24  -0.9022345
8.25  -0.8690708
8.26  -0.8586361
8.27  -0.8693101
8.28  -0.89912
8.290000000000001  -0.9426459
8.3  -0.9878623
8.31  -1.020482
8.32  -1.031225
8.33  -1.01818
8.34  -0.9841095
8.35  -0.9342565
8.36  -0.8757369
8.370000000000001  -0.8153776
8.38  -0.7570213
8.39  -0.7000586
8.4  -0.6396735
8.41  -0.5696765
8.42  -0.4860272
8.43  -0.3879385
8.44  -0.2770131
8.45  -0.1579479
8.46  -0.03935285
8.47  0.06943088
8.48  0.1627048
8.49  0.2396764
8.5  0.3032266
8.51  0.3578331
8.52  0.4071588
8.53  0.4526928
8.540000000000001  0.4942011
8.55  0.5310006
8.56  0.562758
8.57  0.5895106
8.58  0.6113707
8.59  0.6283143
8.6  0.6397696
8.61  0.6436415
8.620000000000001  0.636294
8.63  0.6142959
8.64  0.576017
8.65  0.5218731
8.66  0.4535044
8.67  0.3725059
8.68  0.2796492
8.69  0.1763204
8.700000000000001  0.06803554
8.71  -0.03540118
8.72  -0.1248311
8.73  -0.1958342
8.74  -0.2483964
8.75  -0.2839712
8.76  -0.3033562
8.77  -0.3085297
8.78  -0.306831
8.790000000000001  -0.3100815
8.8  -0.328318
8.81  -0.3653283
8.82  -0.4173364
8.83  -0.4732639
8.84  -0.5192458
8.85  -0.545589
8.86  -0.5496616
8.870000000000001  -0.5348863
8.88  -0.509904
8.89  -0.48611
8.9  -0.4722394
8.91  -0.4689926
8.92  -0.4673929
8.93  -0.4542562
8.94  -0.4205042
8.950000000000001  -0.3665143
8.96  -0.3033191
8.97  -0.2470646
8.98  -0.209733
8.99  -0.19454
9.0  -0.1959613
9.01  -0.2015294
9.02  -0.1973198
9.03  -0.1745494
9.040000000000001  -0.1316172
9.05  -0.07192146
9.06  -0.0002934679
9.07  0.08003101
9.08  0.1683318
9.09  0.265315
9.1  0.3716152
9.11  0.4871592
9.120000000000001  0.611454
9.13  0.7437369
9.14  0.8810195
9.15  1.016177
9.16  1.140406
9.17  1.247754
9.18  1.33713
9.19  1.411732
9.200000000000001  1.476862
9.21  1.53689
9.22  1.593513
9.23  1.646319
9.24  1.694374
9.25  1.737164
9.26  1.774595
9.27  1.806673
9.28  1.833662
9.290000000000001  1.857164
9.3  1.877954
9.31  1.891739
9.32  1.89047
9.33  1.8676
9.34  1.821144
9.35  1.754528
9.36  1.677974
9.370000000000001  1.606296
9.38  1.551788
9.39  1.51867
9.4  1.501861
9.41  1.490716
9.42  1.475991
9.43  1.454126
9.44  1.426205
9.450000000000001  1.394347
9.46  1.359301
9.47  1.320569
9.48  1.277657
9.49  1.230737
9.5  1.1804
9.51  1.127104
9.52  1.070909
9.53  1.011522
9.540000000000001  0.9484987
9.55  0.8814856
9.56  0.8103473
9.57  0.7352662
9.58  0.6582899
9.59  0.5857563
9.6  0.5269879
9.61  0.4894709
9.620000000000001  0.4758964
9.63  0.4843417
9.64  0.5095366
9.65  0.5452586
9.66  0.5872933
9.67  0.6344875
9.68  0.6875532
9.69  0.7472922
9.700000000000001  0.8137341
9.71  0.8863706
9.72  0.9645983
9.73  1.046507
9.74  1.126865
9.75  1.198315
9.76  1.255175
9.77  1.295527
9.78  1.320225
9.790000000000001  1.331347
9.8  1.332685
9.81  1.329987
9.82  1.328677
9.83  1.331573
9.84  1.338819
9.85  1.349464
9.86  1.362935
9.870000000000001  1.379428
9.88  1.399365
9.89  1.422216
9.9  1.445706
9.91  1.46674
9.92  1.483138
9.93  1.494364
9.94  1.500918
9.950000000000001  1.503337
9.96  1.501719
9.97  1.49648
9.98  1.489856
9.99  1.485769
10.0  1.48772
10.01  1.497211
10.02  1.513964
10.03  1.53705
10.040000000000001  1.564329
10.05  1.590274
10.06  1.60674
10.07  1.607074
10.08  1.589472
10.09  1.557489
10.1  1.517159
10.11  1.472887
10.120000000000001  1.425731
10.13  1.37461
10.14  1.318522
10.15  1.258706
10.16  1.199729
10.17  1.14763
10.18  1.106632
10.19  1.07777
10.200000000000001  1.059167
10.21  1.045641
10.22  1.029477
10.23  1.003894
10.24  0.9657684
10.25  0.915279
10.26  0.8536932
10.27  0.7815918
10.28  0.6986325
10.290000000000001  0.6050895
10.3  0.5040541
10.31  0.4010743
10.32  0.3010552
10.33  0.2060256
10.34  0.1155184
10.35  0.02839194
10.36  -0.05581307
10.370000000000001  -0.1368303
10.38  -0.2144187
10.39  -0.2888255
10.4  -0.3605822
10.41  -0.4300809
10.42  -0.4973865
10.43  -0.5620948
10.44  -0.6223233
10.450000000000001  -0.6740547
10.46  -0.712749
10.47  -0.7356169
10.48  -0.7426378
10.49  -0.7370561
10.5  -0.7247172
10.51  -0.7112275
10.52  -0.6994304
10.53  -0.6891787
10.540000000000001  -0.6776959
10.55  -0.6597528
10.56  -0.62954
10.57  -0.5833163
10.58  -0.5202077
10.59  -0.4409748
10.6  -0.3463656
10.61  -0.2364015
10.620000000000001  -0.1116845
10.63  0.02281081
10.64  0.1566266
10.65  0.278856
10.66  0.3835781
10.67  0.4705086
10.68  0.5419073
10.69  0.6003407
10.700000000000001  0.6492161
10.71  0.6929597
10.72  0.7353436
10.73  0.7780414
10.74  0.820206
10.75  0.8588594
10.76  0.8904753
10.77  0.9128261
10.78  0.9254905
10.790000000000001  0.929025
10.8  0.9239079
10.81  0.9101064
10.82  0.8872983
10.83  0.8558736
10.84  0.8193912
10.85  0.7854813
10.86  0.7623743
10.870000000000001  0.7547668
10.88  0.7623789
10.89  0.7799743
10.9  0.7992684
10.91  0.8140678
10.92  0.8255981
10.93  0.8421541
10.94  0.8723014
10.950000000000001  0.9169626
10.96  0.9671783
10.97  1.010422
10.98  1.038745
10.99  1.051184
11.0  1.050472
11.01  1.038768
11.02  1.015956
11.03  0.9806232
11.040000000000001  0.9318305
11.05  0.8718277
11.06  0.8093133
11.07  0.7576045
11.08  0.726573
11.09  0.7141587
11.1  0.705965
11.11  0.6852538
11.120000000000001  0.6431815
11.13  0.5824612
11.14  0.5148842
11.15  0.4538154
11.16  0.4069141
11.17  0.374106
11.18  0.3485126
11.19  0.3192688
11.200000000000001  0.2768573
11.21  0.2169543
11.22  0.1408911
11.23  0.0557348
11.24  -0.0273185
11.25  -0.09818827
11.26  -0.1520921
11.27  -0.1891753
11.28  -0.2114396
11.290000000000001  -0.2211526
11.3  -0.2214578
11.31  -0.2161744
11.32  -0.2082525
11.33  -0.198838
11.34  -0.1876973
11.35  -0.1742674
11.36  -0.1583598
11.370000000000001  -0.1401902
11.38  -0.1200413
11.39  -0.09799223
11.4  -0.07391416
11.41  -0.04763772
11.42  -0.01909075
11.43  0.01169319
11.44  0.04464984
11.450000000000001  0.07977942
11.46  0.1176463
11.47  0.1602403
11.48  0.2102634
11.49  0.2671657
11.5  0.3241481
11.51  0.3713402
11.52  0.4023065
11.53  0.4190932
11.540000000000001  0.4318654
11.55  0.4521447
11.56  0.4861463
11.57  0.5330943
11.58  0.5867603
11.59  0.6389079
11.6  0.6835615
11.61  0.7188582
11.620000000000001  0.7456711
11.63  0.7651689
11.64  0.7775446
11.65  0.7824376
11.66  0.7798661
11.67  0.7704246
11.68  0.7548045
11.69  0.7333415
11.700000000000001  0.7059727
11.71  0.6725132
11.72  0.6333928
11.73  0.5907695
11.74  0.5483318
11.75  0.5093921
11.76  0.4754148
11.77  0.4462022
11.78  0.4211193
11.790000000000001  0.4001079
11.8  0.3837607
11.81  0.372641
11.82  0.3658904
11.83  0.3600771
11.84  0.350405
11.85  0.3341375
11.86  0.3138812
11.870000000000001  0.2969561
11.88  0.2906091
11.89  0.2981575
11.9  0.3186722
11.91  0.3479979
11.92  0.3802312
11.93  0.4103144
11.94  0.4359064
11.950000000000001  0.4570584
11.96  0.4746068
11.97  0.4889131
11.98  0.4996799
11.99  0.5065903
12.0  0.5100756
12.01  0.5113326
12.02  0.5115535
12.030000000000001  0.5112834
12.040000000000001  0.5104299
12.05  0.5086932
12.06  0.5059302
12.07  0.502216
12.08  0.4976964
12.09  0.492443
12.1  0.4863524
12.11  0.4785319
12.120000000000001  0.4665222
12.13  0.4469675
12.14  0.4173511
12.15  0.3770451
12.16  0.3283333
12.17  0.2772801
12.18  0.2316339
12.19  0.1968951
12.200000000000001  0.1746242
12.21  0.1637425
12.22  0.1625101
12.23  0.169541
12.24  0.1840671
12.25  0.2058288
12.26  0.2346853
12.27  0.2694151
12.280000000000001  0.3064418
12.290000000000001  0.3408316
12.3  0.3688864
12.31  0.3894517
12.32  0.4031518
12.33  0.4109296
12.34  0.4134163
12.35  0.4111
12.36  0.4044578
12.370000000000001  0.3938685
12.38  0.3796485
12.39  0.3629876
12.4  0.346979
12.41  0.3356886
12.42  0.332035
12.43  0.3365413
12.44  0.3464045
12.450000000000001  0.3554338
12.46  0.3567743
12.47  0.3462736
12.48  0.323262
12.49  0.2888628
12.5  0.2439925
12.51  0.1892693
12.52  0.127562
12.530000000000001  0.06527325
12.540000000000001  0.009418192
12.55  -0.03596996
12.56  -0.07102091
12.57  -0.1005124
12.58  -0.1332459
12.59  -0.1780867
12.6  -0.239187
12.61  -0.312894
12.620000000000001  -0.3890569
12.63  -0.4573235
12.64  -0.5125581
12.65  -0.5554278
12.66  -0.5905109
12.67  -0.623895
12.68  -0.6603578
12.69  -0.7018241
12.700000000000001  -0.7480345
12.71  -0.7981373
12.72  -0.8505772
12.73  -0.9009238
12.74  -0.9419818
12.75  -0.967422
12.76  -0.9752508
12.77  -0.9684901
12.780000000000001  -0.9524155
12.790000000000001  -0.9307758
12.8  -0.9043201
12.81  -0.8719732
12.82  -0.8327092
12.83  -0.7863773
12.84  -0.7333289
12.85  -0.6737823
12.86  -0.6076125
12.870000000000001  -0.5349265
12.88  -0.457742
12.89  -0.3806929
12.9  -0.3088989
12.91  -0.2452948
12.92  -0.1896681
12.93  -0.1394798
12.94  -0.09183773
12.950000000000001  -0.04518611
12.96  0.0004912486
12.97  0.04457649
12.98  0.08671299
12.99  0.1270357
13.0  0.1657847
13.01  0.2026817
13.02  0.2367683
13.030000000000001  0.2669668
13.040000000000001  0.2926874
13.05  0.3139207
13.06  0.3309106
13.07  0.3438066
13.08  0.3525477
13.09  0.3569648
13.1  0.3569357
13.11  0.3524293
13.120000000000001  0.3430736
13.13  0.3272569
13.14  0.3021781
13.15  0.2652709
13.16  0.2153629
13.17  0.1525787
13.18  0.07751473
13.19  -0.008507097
13.200000000000001  -0.1014849
13.21  -0.1946637
13.22  -0.2817992
13.23  -0.3599525
13.24  -0.4294173
13.25  -0.4917909
13.26  -0.5481726
13.27  -0.5985966
13.280000000000001  -0.6425611
13.290000000000001  -0.6803639
13.3  -0.714984
13.31  -0.7520259
13.32  -0.7968162
13.33  -0.8518959
13.34  -0.9171545
13.35  -0.9917658
13.36  -1.075723
13.370000000000001  -1.169856
13.38  -1.274907
13.39  -1.389964
13.4  -1.511308
13.41  -1.63377
13.42  -1.753564
13.43  -1.86961
13.44  -1.982638
13.450000000000001  -2.093412
13.46  -2.201222
13.47  -2.303664
13.48  -2.398028
13.49  -2.482818
13.5  -2.55808
13.51  -2.625131
13.52  -2.686133
13.530000000000001  -2.743179
13.540000000000001  -2.797416
13.55  -2.848979
13.56  -2.897553
13.57  -2.942872
13.58  -2.983907
13.59  -3.016915
13.6  -3.03577
13.61  -3.035131
13.620000000000001  -3.013156
13.63  -2.973017
13.64  -2.922169
13.65  -2.868326
13.66  -2.8156
13.67  -2.764147
13.68  -2.712473
13.69  -2.659731
13.700000000000001  -2.606831
13.71  -2.556341
13.72  -2.511174
13.73  -2.47308
13.74  -2.442123
13.75  -2.416201
13.76  -2.39067
13.77  -2.360049
13.780000000000001  -2.320699
13.790000000000001  -2.271751
13.8  -2.213973
13.81  -2.148178
13.82  -2.075054
13.83  -1.996673
13.84  -1.916944
13.85  -1.839725
13.86  -1.766987
13.870000000000001  -1.698714
13.88  -1.634111
13.89  -1.572671
13.9  -1.51397
13.91  -1.456553
13.92  -1.397903
13.93  -1.335753
13.94  -1.269117
13.950000000000001  -1.198161
13.96  -1.123531
13.97  -1.046207
13.98  -0.9676236
13.99  -0.889245
14.0  -0.8119513
14.01  -0.7359111
14.02  -0.6609212
14.030000000000001  -0.5868404
14.040000000000001  -0.5141318
14.05  -0.4443545
14.06  -0.3797266
14.07  -0.3219603
14.08  -0.2716312
14.09  -0.2284877
14.1  -0.1921222
14.11  -0.1621534
14.120000000000001  -0.1378356
14.13  -0.1180061
14.14  -0.1016275
14.15  -0.08824555
14.16  -0.07826298
14.17  -0.0732817
14.18  -0.07574909
14.19  -0.08773256
14.200000000000001  -0.1100868
14.21  -0.1426541
14.22  -0.1847989
14.23  -0.2340748
14.24  -0.2839418
14.25  -0.3253302
14.26  -0.3513033
14.27  -0.3596993
14.280000000000001  -0.3531774
14.290000000000001  -0.3380648
14.3  -0.3213576
14.31  -0.3073688
14.32  -0.2969193
14.33  -0.2889895
14.34  -0.2827213
14.35  -0.2781832
14.36  -0.2755071
14.370000000000001  -0.2733624
14.38  -0.2689065
14.39  -0.2594483
14.4  -0.2437892
14.41  -0.2221359
14.42  -0.1951341
14.43  -0.1631406
14.44  -0.1265294
14.450000000000001  -0.08645308
14.46  -0.04467568
14.47  -0.002621628
14.48  0.03919955
14.49  0.0809771
14.5  0.1227966
14.51  0.1636569
14.52  0.201418
14.530000000000001  0.2339797
14.540000000000001  0.2603293
14.55  0.2805453
14.56  0.2950963
14.57  0.304241
14.58  0.3084157
14.59  0.3097866
14.6  0.3126019
14.61  0.3211073
14.620000000000001  0.3374852
14.63  0.3615874
14.64  0.3914241
14.65  0.4237414
14.66  0.4553525
14.67  0.4844687
14.68  0.5108442
14.69  0.5349442
14.700000000000001  0.5569735
14.71  0.5757629
14.72  0.5881375
14.73  0.5901541
14.74  0.5791639
14.75  0.5545817
14.76  0.5177016
14.77  0.4721265
14.780000000000001  0.4233311
14.790000000000001  0.3761918
14.8  0.3329893
14.81  0.2936169
14.82  0.2571565
14.83  0.2231714
14.84  0.1919268
14.85  0.1638812
14.86  0.1392044
14.870000000000001  0.1177317
14.88  0.09921402
14.89  0.08353886
14.9  0.07075539
14.91  0.06096465
14.92  0.05421687
14.93  0.05049295
14.94  0.0497488
14.950000000000001  0.0519607
14.96  0.05713739
14.97  0.06535843
14.98  0.07689995
14.99  0.09224182
15.0  0.1118397
15.01  0.1358682
15.02  0.1636672
15.030000000000001  0.193056
15.040000000000001  0.2208927
15.05  0.2447115
15.06  0.2636487
15.07  0.2780353
15.08  0.2884203
15.09  0.295037
15.1  0.298428
15.11  0.3003959
15.120000000000001  0.3035675
15.13  0.309962
15.14  0.3202285
15.15  0.3340279
15.16  0.3508318
15.17  0.3702959
15.18  0.3921863
15.19  0.4162882
15.200000000000001  0.4424248
15.21  0.4704994
15.22  0.5002959
15.23  0.5292182
15.24  0.5489307
15.25  0.54768
15.26  0.5201244
15.27  0.4739592
15.280000000000001  0.424294
15.290000000000001  0.3826032
15.3  0.3515465
15.31  0.3269157
15.32  0.3017694
15.33  0.2701768
15.34  0.2293687
15.35  0.1793133
15.36  0.1212262
15.370000000000001  0.05787934
15.38  -0.005505119
15.39  -0.06299966
15.4  -0.1107946
15.41  -0.1481417
15.42  -0.176748
15.43  -0.199891
15.44  -0.220982
15.450000000000001  -0.242078
15.46  -0.2635835
15.47  -0.2850535
15.48  -0.3061191
15.49  -0.3268826
15.5  -0.3484142
15.51  -0.3736949
15.52  -0.4070486
15.530000000000001  -0.450701
15.540000000000001  -0.5010539
15.55  -0.5497722
15.56  -0.5892585
15.57  -0.6164606
15.58  -0.6322771
15.59  -0.6386398
15.6  -0.6365416
15.610000000000001  -0.6260488
15.620000000000001  -0.6070842
15.63  -0.579847
15.64  -0.5447143
15.65  -0.5019656
15.66  -0.451888
15.67  -0.3961623
15.68  -0.3390703
15.69  -0.2859563
15.700000000000001  -0.2404344
15.71  -0.2033498
15.72  -0.1738695
15.73  -0.1508102
15.74  -0.1322316
15.75  -0.1146724
15.76  -0.09428702
15.77  -0.06865882
15.780000000000001  -0.0374602
15.790000000000001  -0.002281509
15.8  0.03405524
15.81  0.06891824
15.82  0.1010084
15.83  0.13032
15.84  0.1573205
15.85  0.1821505
15.860000000000001  0.2041879
15.870000000000001  0.2222239
15.88  0.2351632
15.89  0.2425697
15.9  0.245235
15.91  0.2461374
15.92  0.2499942
15.93  0.2609078
15.94  0.2805604
15.950000000000001  0.3075583
15.96  0.3374382
15.97  0.3645087
15.98  0.384755
15.99  0.3970428
16.0  0.4020879
16.01  0.4010732
16.02  0.3962985
16.03  0.3923325
16.04  0.3945412
16.05  0.4064549
16.06  0.428873
16.07  0.4609939
16.080000000000002  0.5020188
16.09  0.5518035
16.1  0.6095172
16.11  0.6714286
16.12  0.7314724
16.13  0.7845388
16.14  0.8286467
16.15  0.8643721
16.16  0.8928959
16.17  0.9146633
16.18  0.9294928
16.19  0.9373876
16.2  0.9388496
16.21  0.9345267
16.22  0.924786
16.23  0.9096225
16.240000000000002  0.8888595
16.25  0.8624725
16.26  0.8315231
16.27  0.7991614
16.28  0.7697034
16.29  0.746367
16.3  0.7301492
16.31  0.7205071
16.32  0.7166918
16.330000000000002  0.7181398
16.34  0.7233825
16.35  0.729487
16.36  0.7333665
16.37  0.733306
16.38  0.7291831
16.39  0.7215989
16.4  0.7109614
16.41  0.6971935
16.42  0.6800267
16.43  0.6597242
16.44  0.6376674
16.45  0.6158772
16.46  0.5958731
16.47  0.5781078
16.48  0.5622949
16.490000000000002  0.5480662
16.5  0.5353482
16.51  0.5243197
16.52  0.5153563
16.53  0.5093511
16.54  0.5077772
16.55  0.5120391
16.56  0.5228489
16.57  0.5402155
16.580000000000002  0.5638699
16.59  0.5933953
16.6  0.6270887
16.61  0.661061
16.62  0.6907475
16.63  0.7132458
16.64  0.7280135
16.65  0.735815
16.66  0.7373342
16.67  0.7328319
16.68  0.7233467
16.69  0.7116139
16.7  0.7009438
16.71  0.6934469
16.72  0.6894939
16.73  0.6884911
16.740000000000002  0.689917
16.75  0.6937669
16.76  0.7003576
16.77  0.7099282
16.78  0.7223934
16.79  0.7373845
16.8  0.7545164
16.81  0.7736086
16.82  0.7946894
16.830000000000002  0.8178579
16.84  0.8431616
16.85  0.8705757
16.86  0.900051
16.87  0.931548
16.88  0.9647935
16.89  0.9988006
16.9  1.031981
16.91  1.062966
16.92  1.091191
16.93  1.11677
16.94  1.140006
16.95  1.161015
16.96  1.179658
16.97  1.195374
16.98  1.206898
16.990000000000002  1.2126
17.0  1.211286
17.01  1.202582
17.02  1.186676
17.03  1.163826
17.04  1.134082
17.05  1.097334
17.06  1.053939
17.07  1.006008
17.080000000000002  0.9574838
17.09  0.9121719
17.1  0.8719408
17.11  0.8367183
17.12  0.8057133
17.13  0.7785046
17.14  0.7552499
17.150000000000002  0.7358276
17.16  0.7185671
17.17  0.7004096
17.18  0.678625
17.19  0.6520705
17.2  0.6209971
17.21  0.5860422
17.22  0.5474641
17.23  0.5050625
17.240000000000002  0.4585218
17.25  0.4077177
17.26  0.353157
17.27  0.2970962
17.28  0.243739
17.29  0.1972804
17.3  0.1599266
17.31  0.1317505
17.32  0.1119399
17.330000000000002  0.09999278
17.34  0.09572585
17.35  0.09807824
17.36  0.1045908
17.37  0.1126053
17.38  0.1206459
17.39  0.1286307
17.400000000000002  0.1371072
17.41  0.1464426
17.42  0.1565673
17.43  0.1672044
17.44  0.1782593
17.45  0.1902274
17.46  0.2042285
17.47  0.2214296
17.48  0.2424549
17.490000000000002  0.2673237
17.5  0.2957988
17.51  0.3277344
17.52  0.3631735
17.53  0.4022397
17.54  0.4449346
17.55  0.490591
17.56  0.537404
17.57  0.583057
17.580000000000002  0.6259337
17.59  0.6656148
17.6  0.7024365
17.61  0.7367727
17.62  0.7686669
17.63  0.7979189
17.64  0.8243233
17.650000000000002  0.8474326
17.66  0.865708
17.67  0.8764866
17.68  0.8772958
17.69  0.8669724
17.7  0.8456505
17.71  0.8147229
17.72  0.7775706
17.73  0.7390189
17.740000000000002  0.7030366
17.75  0.6712198
17.76  0.6432407
17.77  0.6182855
17.78  0.5960665
17.79  0.5768864
17.8  0.5611559
17.81  0.5488818
17.82  0.5394115
17.830000000000002  0.5317153
17.84  0.5249964
17.85  0.5190081
17.86  0.5138966
17.87  0.509857
17.88  0.5069311
17.89  0.5050306
17.900000000000002  0.5041093
17.91  0.504368
17.92  0.5062537
17.93  0.510205
17.94  0.5164302
17.95  0.524909
17.96  0.5355416
17.97  0.5482631
17.98  0.5629066
17.990000000000002  0.57891
18.0  0.595393
18.01  0.6116179
18.02  0.6272959
18.03  0.6425046
18.04  0.6574101
18.05  0.6720711
18.06  0.6864283
18.07  0.7003987
18.080000000000002  0.7139244
18.09  0.7268508
18.1  0.738807
18.11  0.7493385
18.12  0.7581446
18.13  0.7651605
18.14  0.7704598
18.150000000000002  0.7741061
18.16  0.7759571
18.17  0.7754484
18.18  0.771715
18.19  0.7640445
18.2  0.7521444
18.21  0.7356306
18.22  0.7128538
18.23  0.6808061
18.240000000000002  0.6366531
18.25  0.5790605
18.26  0.5085733
18.27  0.4290572
18.28  0.3488174
18.29  0.2774864
18.3  0.221271
18.31  0.1814755
18.32  0.1566245
18.330000000000002  0.1448059
18.34  0.1424605
18.35  0.1423322
18.36  0.1357787
18.37  0.117587
18.38  0.08942014
18.39  0.05887009
18.400000000000002  0.03407753
18.41  0.0190945
18.42  0.01360073
18.43  0.01506786
18.44  0.0197585
18.45  0.02313235
18.46  0.02135738
18.47  0.01256791
18.48  -0.003331567
18.490000000000002  -0.02578252
18.5  -0.0543198
18.51  -0.08793888
18.52  -0.1242685
18.53  -0.1603605
18.54  -0.194222
18.55  -0.2253878
18.56  -0.2543181
18.57  -0.2814863
18.580000000000002  -0.3069359
18.59  -0.3304082
18.6  -0.351671
18.61  -0.3706918
18.62  -0.3875806
18.63  -0.4024466
18.64  -0.4153205
18.650000000000002  -0.4261722
18.66  -0.434966
18.67  -0.4416944
18.68  -0.4463743
18.69  -0.4490239
18.7  -0.4496485
18.71  -0.4482421
18.72  -0.4447964
18.73  -0.4393089
18.740000000000002  -0.4317822
18.75  -0.4222198
18.76  -0.4106229
18.77  -0.3969908
18.78  -0.3813218
18.79  -0.3636161
18.8  -0.3438813
18.81  -0.3221373
18.82  -0.2984093
18.830000000000002  -0.2727256
18.84  -0.2454174
18.85  -0.2179125
18.86  -0.1928102
18.87  -0.1726149
18.88  -0.158568
18.89  -0.1506376
18.900000000000002  -0.1483125
18.91  -0.1513076
18.92  -0.159356
18.93  -0.17082
18.94  -0.1821236
18.95  -0.1894309
18.96  -0.1905906
18.97  -0.1854427
18.98  -0.1747406
18.990000000000002  -0.1589994
19.0  -0.138316
19.01  -0.1137518
19.02  -0.0886241
19.03  -0.06733067
19.04  -0.05295095
19.05  -0.04625509
19.06  -0.04655512
19.07  -0.05309122
19.080000000000002  -0.06561596
19.09  -0.08402605
19.1  -0.1079573
19.11  -0.1368839
19.12  -0.1704263
19.13  -0.2084675
19.14  -0.2503857
19.150000000000002  -0.2931457
19.16  -0.3310532
19.17  -0.3586202
19.18  -0.3741488
19.19  -0.3815271
19.2  -0.387968
19.21  -0.3992793
19.22  -0.417319
19.23  -0.4410364
19.240000000000002  -0.4689753
19.25  -0.5008109
19.26  -0.5372734
19.27  -0.5792722
19.28  -0.6272168
19.29  -0.6809061
19.3  -0.7391512
19.31  -0.798983
19.32  -0.8562886
19.330000000000002  -0.9078438
19.34  -0.9524859
19.35  -0.9906032
19.36  -1.022887
19.37  -1.049531
19.38  -1.070244
19.39  -1.084675
19.400000000000002  -1.092721
19.41  -1.094569
19.42  -1.090591
19.43  -1.081165
19.44  -1.066502
19.45  -1.046627
19.46  -1.021717
19.47  -0.9932907
19.48  -0.9649276
19.490000000000002  -0.9407699
19.5  -0.9231715
19.51  -0.9111101
19.52  -0.9005584
19.53  -0.8871059
19.54  -0.8684171
19.55  -0.8444947
19.56  -0.8162963
19.57  -0.7843812
19.580000000000002  -0.7485603
19.59  -0.7084522
19.6  -0.6642875
19.61  -0.6170702
19.62  -0.5679213
19.63  -0.5174227
19.64  -0.4655428
19.650000000000002  -0.4120042
19.66  -0.35667
19.67  -0.3000504
19.68  -0.2439319
19.69  -0.1910152
19.7  -0.1435207
19.71  -0.1023022
19.72  -0.06712284
19.73  -0.03749581
19.740000000000002  -0.01326136
19.75  0.005393959
19.76  0.01822317
19.77  0.02514012
19.78  0.0264008
19.79  0.02347095
19.8  0.01972687
19.81  0.01921701
19.82  0.02460788
19.830000000000002  0.03648627
19.84  0.0542257
19.85  0.07718614
19.86  0.1047818
19.87  0.1353747
19.88  0.166096
19.89  0.1942684
19.900000000000002  0.2186335
19.91  0.2392945
19.92  0.256825
19.93  0.2715127
19.94  0.283215
19.95  0.2916444
19.96  0.2966566
19.97  0.2983168
19.98  0.2968301
19.990000000000002  0.2924456
20.0  0.2853518
20.01  0.2756234
20.02  0.2632496
20.03  0.2482009
20.04  0.2304704
20.05  0.2100743
20.06  0.1870304
20.07  0.1613436
20.080000000000002  0.1330074
20.09  0.1020442
20.1  0.06872412
20.11  0.033781
20.12  -0.001828847
20.13  -0.03742763
20.14  -0.0728317
20.150000000000002  -0.1081766
20.16  -0.1436194
20.17  -0.1791819
20.18  -0.2147827
20.19  -0.2503438
20.2  -0.2858504
20.21  -0.3213096
20.22  -0.3565781
20.23  -0.3912556
20.240000000000002  -0.4248572
20.25  -0.4570748
20.26  -0.4878555
20.27  -0.5172862
20.28  -0.5454421
20.29  -0.5723227
20.3  -0.597881
20.31  -0.622052
20.32  -0.644526
20.330000000000002  -0.6644223
20.34  -0.680508
20.35  -0.6918403
20.36  -0.6981082
20.37  -0.6994558
20.38  -0.6960976
20.39  -0.6880851
20.400000000000002  -0.6753235
20.41  -0.6577163
20.42  -0.6355635
20.43  -0.6103461
20.44  -0.5847355
20.45  -0.5612705
20.46  -0.5411841
20.47  -0.5244209
20.48  -0.5104578
20.490000000000002  -0.499023
20.5  -0.4902454
20.51  -0.4843948
20.52  -0.4816103
20.53  -0.4818447
20.54  -0.4849796
20.55  -0.4909485
20.56  -0.4997364
20.57  -0.51122
20.580000000000002  -0.5250638
20.59  -0.540866
20.6  -0.5583746
20.61  -0.5775496
20.62  -0.5984652
20.63  -0.6211839
20.64  -0.6457046
20.650000000000002  -0.6719879
20.66  -0.7000031
20.67  -0.7297491
20.68  -0.7612427
20.69  -0.7944963
20.7  -0.8294138
20.71  -0.8654447
20.72  -0.9014402
20.73  -0.9361611
20.740000000000002  -0.9688928
20.75  -0.9995577
20.76  -1.028383
20.77  -1.055535
20.78  -1.080986
20.79  -1.104616
20.8  -1.126341
20.81  -1.146167
20.82  -1.164147
20.830000000000002  -1.180318
20.84  -1.19465
20.85  -1.20696
20.86  -1.216925
20.87  -1.224229
20.88  -1.228713
20.89  -1.230376
20.900000000000002  -1.229281
20.91  -1.225463
20.92  -1.218907
20.93  -1.20958
20.94  -1.197465
20.95  -1.182568
20.96  -1.164901
20.97  -1.144474
20.98  -1.121285
20.990000000000002  -1.09534
21.0  -1.0668
21.01  -1.036191
21.02  -1.004293
21.03  -0.9717354
21.04  -0.9387458
21.05  -0.9052466
21.06  -0.8710968
21.07  -0.8362541
21.080000000000002  -0.8007746
21.09  -0.7647292
21.1  -0.7281409
21.11  -0.6909867
21.12  -0.6532353
21.13  -0.6148749
21.14  -0.5759245
21.150000000000002  -0.5365281
21.16  -0.4971073
21.17  -0.4582742
21.18  -0.4205176
21.19  -0.384016
21.2  -0.3487098
21.21  -0.314491
21.22  -0.2813272
21.23  -0.2492622
21.240000000000002  -0.2183503
21.25  -0.1886092
21.26  -0.1600213
21.27  -0.1325622
21.28  -0.1062229
21.29  -0.08103335
21.3  -0.05717397
21.31  -0.03506675
21.32  -0.01521993
21.330000000000002  0.002031043
21.34  0.01661216
21.35  0.02860232
21.36  0.03807845
21.37  0.04504402
21.38  0.04945365
21.39  0.05126889
21.400000000000002  0.05048578
21.41  0.04713331
21.42  0.04153041
21.43  0.03500003
21.44  0.02993562
21.45  0.02863984
21.46  0.03225421
21.47  0.0407507
21.48  0.05366095
21.490000000000002  0.07072981
21.5  0.09181113
21.51  0.1154572
21.52  0.1379312
21.53  0.1547414
21.54  0.163018
21.55  0.1622388
21.56  0.1531852
21.57  0.1365485
21.580000000000002  0.1123545
21.59  0.08093691
21.6  0.04528356
21.61  0.01142867
21.62  -0.01462021
21.63  -0.02982492
21.64  -0.03424635
21.650000000000002  -0.02915027
21.66  -0.01529858
21.67  0.006659529
21.68  0.03410699
21.69  0.06222402
21.7  0.08649958
21.71  0.1048497
21.72  0.1175008
21.73  0.1254531
21.740000000000002  0.1291927
21.75  0.1284678
21.76  0.1229166
21.77  0.1128918
21.78  0.0995757
21.79  0.08423124
21.8  0.06749161
21.81  0.04930823
21.82  0.02937333
21.830000000000002  0.007517088
21.84  -0.01619957
21.85  -0.04162585
21.86  -0.06867778
21.87  -0.09737671
21.88  -0.1277882
21.89  -0.1599516
21.900000000000002  -0.1938603
21.91  -0.229486
21.92  -0.2667718
21.93  -0.3052924
21.94  -0.3438103
21.95  -0.3805999
21.96  -0.4143503
21.97  -0.4446364
21.98  -0.4716651
21.990000000000002  -0.4957355
22.0  -0.5169163
22.01  -0.535073
22.02  -0.5500564
22.03  -0.5618267
22.04  -0.570445
22.05  -0.5760966
22.06  -0.5792639
22.07  -0.5807063
22.080000000000002  -0.5811023
22.09  -0.5807625
22.1  -0.5796603
22.11  -0.5776588
22.12  -0.5746944
22.13  -0.5708067
22.14  -0.5660668
22.150000000000002  -0.5605074
22.16  -0.5541134
22.17  -0.5468535
22.18  -0.5387119
22.19  -0.5296883
22.2  -0.5197199
22.21  -0.50857
22.22  -0.4958757
22.23  -0.4813407
22.240000000000002  -0.4648548
22.25  -0.4464545
22.26  -0.4262073
22.27  -0.4041343
22.28  -0.3802095
22.29  -0.3543992
22.3  -0.3267026
22.31  -0.2972719
22.32  -0.266574
22.330000000000002  -0.2352834
22.34  -0.203934
22.35  -0.1727164
22.36  -0.1415614
22.37  -0.1103503
22.38  -0.07904957
22.39  -0.04770841
22.400000000000002  -0.01638661
22.41  0.01489695
22.42  0.04614147
22.43  0.07721657
22.44  0.1077452
22.45  0.1372467
22.46  0.1653945
22.47  0.1921135
22.48  0.2174808
22.490000000000002  0.2415747
22.5  0.2644016
22.51  0.285918
22.52  0.3060852
22.53  0.324898
22.54  0.3423749
22.55  0.3585291
22.56  0.373307
22.57  0.386519
22.580000000000002  0.3978884
22.59  0.4071972
22.6  0.4143692
22.61  0.4194344
22.62  0.4224422
22.63  0.423406
22.64  0.4223049
22.650000000000002  0.4191473
22.66  0.4142893
22.67  0.4088034
22.68  0.4041771
22.69  0.4015302
22.7  0.4012168
22.71  0.4030527
22.72  0.4067811
22.73  0.4123466
22.740000000000002  0.4198675
22.75  0.429472
22.76  0.4411927
22.77  0.4549628
22.78  0.4704906
22.79  0.4870109
22.8  0.5034362
22.81  0.5189016
22.82  0.5330895
22.830000000000002  0.5461016
22.84  0.5581261
22.85  0.5692187
22.86  0.5793034
22.87  0.588285
22.88  0.5961326
22.89  0.6028773
22.900000000000002  0.6085617
22.91  0.6132015
22.92  0.6167844
22.93  0.6192917
22.94  0.6207159
22.95  0.6210615
22.96  0.6203361
22.97  0.6185272
22.98  0.6155705
22.990000000000002  0.6113561
23.0  0.605786
23.01  0.598817
23.02  0.5904557
23.03  0.580723
23.04  0.5696281
23.05  0.5571646
23.06  0.5433217
23.07  0.5280948
23.080000000000002  0.5114864
23.09  0.4935014
23.1  0.4741421
23.11  0.4534074
23.12  0.4312952
23.13  0.4078046
23.14  0.382936
23.150000000000002  0.3567258
23.16  0.3294408
23.17  0.3017349
23.18  0.2744081
23.19  0.2479926
23.2  0.2226079
23.21  0.1981291
23.22  0.1744325
23.23  0.151511
23.240000000000002  0.1294365
23.25  0.1082705
23.26  0.08802008
23.27  0.06865468
23.28  0.05014628
23.29  0.03249039
23.3  0.01569961
23.31  -0.0002134785
23.32  -0.01524617
23.330000000000002  -0.02940363
23.34  -0.04268706
23.35  -0.05504961
23.36  -0.06634776
23.37  -0.07638272
23.38  -0.08500552
23.39  -0.09216952
23.400000000000002  -0.09789962
23.41  -0.10223
23.42  -0.1051678
23.43  -0.1066971
23.44  -0.1068008
23.45  -0.1054746
23.46  -0.1027251
23.47  -0.0985601
23.48  -0.09298174
23.490000000000002  -0.08598738
23.5  -0.0775736
23.51  -0.06773918
23.52  -0.05648517
23.53  -0.04381306
23.54  -0.02972339
23.55  -0.01421814
23.56  0.002589977
23.57  0.0201406
23.580000000000002  0.03733787
23.59  0.05306325
23.6  0.06671651
23.61  0.0782703
23.62  0.08794264
23.63  0.09587055
23.64  0.1020164
23.650000000000002  0.1062657
23.66  0.1085495
23.67  0.1088799
23.68  0.1073131
23.69  0.1040811
23.7  0.1000551
23.71  0.09680502
23.72  0.09584661
23.73  0.09793777
23.740000000000002  0.1030667
23.75  0.1109277
23.76  0.1213521
23.77  0.1344088
23.78  0.150256
23.79  0.1689442
23.8  0.1900621
23.81  0.2124088
23.82  0.2343735
23.830000000000002  0.2547774
23.84  0.2732701
23.85  0.2900613
23.86  0.3054195
23.87  0.3193925
23.88  0.3318481
23.89  0.3426517
23.900000000000002  0.3517734
23.91  0.3592684
23.92  0.3651974
23.93  0.3695766
23.94  0.3723863
23.95  0.3736816
23.96  0.373813
23.97  0.3734424
23.98  0.3732098
23.990000000000002  0.3734301
24.0  0.3740912
24.01  0.3750597
24.02  0.3762643
24.03  0.3777361
24.04  0.3795438
24.05  0.3817235
24.060000000000002  0.3842641
24.07  0.3871354
24.080000000000002  0.3903204
24.09  0.3938228
24.1  0.3976555
24.11  0.4018265
24.12  0.4063347
24.13  0.4111746
24.14  0.4163425
24.150000000000002  0.4218387
24.16  0.4276654
24.17  0.4338245
24.18  0.4403159
24.19  0.4471387
24.2  0.4542922
24.21  0.4617762
24.22  0.4695913
24.23  0.4777377
24.240000000000002  0.4862142
24.25  0.4949756
24.26  0.5038259
24.27  0.5124082
24.28  0.5203795
24.29  0.52757
24.3  0.5339843
24.310000000000002  0.5396926
24.32  0.5447326
24.330000000000002  0.549088
24.34  0.5527227
24.35  0.5556177
24.36  0.5577787
24.37  0.5592216
24.38  0.5599554
24.39  0.5599782
24.400000000000002  0.5592831
24.41  0.5578659
24.42  0.5557273
24.43  0.5528702
24.44  0.5492966
24.45  0.5450063
24.46  0.539998
24.47  0.5342709
24.48  0.5278248
24.490000000000002  0.5206604
24.5  0.5127781
24.51  0.5041779
24.52  0.4948597
24.53  0.4848232
24.54  0.4740713
24.55  0.4626676
24.560000000000002  0.4508593
24.57  0.439065
24.580000000000002  0.427664
24.59  0.4168282
24.6  0.4065386
24.61  0.3967149
24.62  0.3873204
24.63  0.378378
24.64  0.3699289
24.650000000000002  0.3619919
24.66  0.3545585
24.67  0.3476103
24.68  0.3411385
24.69  0.3351462
24.7  0.3296413
24.71  0.324628
24.72  0.3201052
24.73  0.3160696
24.740000000000002  0.312519
24.75  0.3094539
24.76  0.3068757
24.77  0.3047853
24.78  0.3031824
24.79  0.3020587
24.8  0.3013625
24.810000000000002  0.3009769
24.82  0.300767
24.830000000000002  0.3006494
24.84  0.30061
24.85  0.3006722
24.86  0.3008554
24.87  0.3011585
24.88  0.3015687
24.89  0.3020765
24.900000000000002  0.3026818
24.91  0.3033899
24.92  0.3042055
24.93  0.3051287
24.94  0.3061573
24.95  0.3072891
24.96  0.3085239
24.97  0.3098626
24.98  0.3113156
24.990000000000002  0.3130922
25.0  0.3160076
25.01  0.3214418
25.02  0.3306459
25.03  0.3441831
25.04  0.3617353
25.05  0.381612
25.060000000000002  0.4006955
25.07  0.4158145
25.080000000000002  0.4252218
25.09  0.4287692
25.1  0.4270234
25.11  0.4203598
25.12  0.4086846
25.13  0.3916887
25.14  0.3691801
25.150000000000002  0.3412206
25.16  0.3083097
25.17  0.2716063
25.18  0.2325874
25.19  0.1923169
25.2  0.1511129
25.21  0.1087956
25.22  0.06513346
25.23  0.02008804
25.240000000000002  -0.02622324
25.25  -0.07368275
25.26  -0.1222659
25.27  -0.1720219
25.28  -0.2229639
25.29  -0.2746665
25.3  -0.3258254
25.310000000000002  -0.374635
25.32  -0.4197411
25.330000000000002  -0.4607202
25.34  -0.4977994
25.35  -0.5312897
25.36  -0.5612566
25.37  -0.5875553
25.38  -0.6100405
25.39  -0.6288573
25.400000000000002  -0.6447216
25.41  -0.6587444
25.42  -0.6718346
25.43  -0.6843303
25.44  -0.6961211
25.45  -0.7070015
25.46  -0.7169076
25.47  -0.7259204
25.48  -0.7341434
25.490000000000002  -0.7416071
25.5  -0.7482302
25.51  -0.7538236
25.52  -0.7581716
25.53  -0.7611371
25.54  -0.7626925
25.55  -0.7628705
25.560000000000002  -0.7617004
25.57  -0.7591808
25.580000000000002  -0.7552923
25.59  -0.7500196
25.6  -0.743362
25.61  -0.7353279
25.62  -0.7259266
25.63  -0.7151776
25.64  -0.7031281
25.650000000000002  -0.689841
25.66  -0.6753625
25.67  -0.659707
25.68  -0.6428665
25.69  -0.6248305
25.7  -0.6055969
25.71  -0.5851706
25.72  -0.563557
25.73  -0.5407572
25.740000000000002  -0.5167692
25.75  -0.4915905
25.76  -0.4652208
25.77  -0.4377006
25.78  -0.4093295
25.79  -0.3808411
25.8  -0.3531325
25.810000000000002  -0.3268006
25.82  -0.301979
25.830000000000002  -0.2785275
25.84  -0.2563074
25.85  -0.2353112
25.86  -0.2156191
25.87  -0.1973002
25.88  -0.1803622
25.89  -0.1647713
25.900000000000002  -0.1504958
25.91  -0.1375305
25.92  -0.1258815
25.93  -0.1155228
25.94  -0.1063792
25.95  -0.0983647
25.96  -0.0914302
25.97  -0.08557216
25.98  -0.08080855
25.990000000000002  -0.07715195
26.0  -0.07460056
26.01  -0.07314525
26.02  -0.07277986
26.03  -0.07350483
26.04  -0.07532414
26.05  -0.07824053
26.060000000000002  -0.08222239
26.07  -0.08703111
26.080000000000002  -0.09208293
26.09  -0.09666515
26.1  -0.1003041
26.11  -0.1028942
26.12  -0.104547
26.13  -0.1053723
26.14  -0.1053763
26.150000000000002  -0.1044949
26.16  -0.1026734
26.17  -0.09990583
26.18  -0.09621922
26.19  -0.09163859
26.2  -0.08616799
26.21  -0.07980495
26.22  -0.07263426
26.23  -0.06493444
26.240000000000002  -0.05709996
26.25  -0.04943043
26.26  -0.04202146
26.27  -0.03482383
26.28  -0.02776811
26.29  -0.02083865
26.3  -0.01406685
26.310000000000002  -0.007487301
26.32  -0.00110907
26.330000000000002  0.005080807
26.34  0.01109783
26.35  0.01694673
26.36  0.02262223
26.37  0.02811748
26.38  0.03343004
26.39  0.03856195
26.400000000000002  0.04351618
26.41  0.0482939
26.42  0.0528942
26.43  0.05729033
26.44  0.0613129
26.45  0.06457597
26.46  0.06663524
26.47  0.06721481
26.48  0.06626842
26.490000000000002  0.06387258
26.5  0.06009168
26.51  0.05492304
26.52  0.04832456
26.53  0.0402641
26.54  0.03074081
26.55  0.01977261
26.560000000000002  0.00737417
26.57  -0.006429467
26.580000000000002  -0.02138423
26.59  -0.03673144
26.6  -0.05140965
26.61  -0.06461277
26.62  -0.07608069
26.63  -0.08594199
26.64  -0.09438129
26.650000000000002  -0.1014408
26.66  -0.1070374
26.67  -0.1110791
26.68  -0.1135415
26.69  -0.114459
26.7  -0.1138738
26.71  -0.1118565
26.72  -0.1087153
26.73  -0.1051087
26.740000000000002  -0.1017638
26.75  -0.09911105
26.76  -0.09720632
26.77  -0.0959182
26.78  -0.09514632
26.79  -0.09490154
26.8  -0.0952546
26.810000000000002  -0.09625554
26.82  -0.09790269
26.830000000000002  -0.1001656
26.84  -0.1030213
26.85  -0.1064691
26.86  -0.1105219
26.87  -0.1151904
26.88  -0.1204754
26.89  -0.1263714
26.900000000000002  -0.1328507
26.91  -0.1397053
26.92  -0.1463811
26.93  -0.1521557
26.94  -0.1565151
26.95  -0.1593179
26.96  -0.1606651
26.97  -0.1606753
26.98  -0.1593659
26.990000000000002  -0.1566761
27.0  -0.1525467
27.01  -0.1469666
27.02  -0.1399612
27.03  -0.1315574
27.04  -0.1217615
27.05  -0.1105632
27.060000000000002  -0.09795046
27.07  -0.08392006
27.080000000000002  -0.0684762
27.09  -0.05162419
27.1  -0.03336587
27.11  -0.01372886
27.12  0.007069477
27.13  0.02848984
27.14  0.04987074
27.150000000000002  0.07077127
27.16  0.09109243
27.17  0.1109378
27.18  0.1304099
27.19  0.1495147
27.2  0.168193
27.21  0.1863934
27.22  0.2041102
27.23  0.2213686
27.240000000000002  0.2381917
27.25  0.2545834
27.26  0.2705332
27.27  0.2860307
27.28  0.3010735
27.29  0.315666
27.3  0.3298127
27.310000000000002  0.3435148
27.32  0.3567706
27.330000000000002  0.3695779
27.34  0.381936
27.35  0.3938457
27.36  0.4053077
27.37  0.4165196
27.38  0.427446
27.39  0.4378531
27.400000000000002  0.4477466
27.41  0.4571582
27.42  0.4661438
27.43  0.474754
27.44  0.4830102
27.45  0.4909075
27.46  0.4984327
27.47  0.5055788
27.48  0.5123475
27.490000000000002  0.5187428
27.5  0.5247659
27.51  0.5304144
27.52  0.5356848
27.53  0.5405748
27.54  0.5450844
27.55  0.549214
27.560000000000002  0.552964
27.57  0.5563339
27.580000000000002  0.5593233
27.59  0.5619319
27.6  0.5641602
27.61  0.5660089
27.62  0.5674787
27.63  0.5685705
27.64  0.5692851
27.650000000000002  0.5696235
27.66  0.5695872
27.67  0.5691775
27.68  0.5683962
27.69  0.567245
27.7  0.5657259
27.71  0.5638526
27.72  0.5617312
27.73  0.5596411
27.740000000000002  0.5579431
27.75  0.5568898
27.76  0.5565447
27.77  0.5568504
27.78  0.5577408
27.79  0.5592005
27.8  0.5612527
27.810000000000002  0.5639184
27.82  0.5671948
27.830000000000002  0.5710605
27.84  0.5754933
27.85  0.580481
27.86  0.5860192
27.87  0.5921039
27.88  0.5987264
27.89  0.6058741
27.900000000000002  0.6135336
27.91  0.6216931
27.92  0.6303411
27.93  0.6394106
27.94  0.6485772
27.95  0.657176
27.96  0.6644974
27.97  0.6701416
27.98  0.6740798
27.990000000000002  0.6764597
28.0  0.6773927
28.01  0.6768821
28.02  0.6748769
28.03  0.6713502
28.04  0.6663254
28.05  0.6598531
28.060000000000002  0.6519761
28.07  0.6427161
28.080000000000002  0.6320833
28.09  0.6200913
28.1  0.6067635
28.11  0.5921295
28.12  0.5762187
28.13  0.5590569
28.14  0.540668
28.150000000000002  0.5210768
28.16  0.5003099
28.17  0.478396
28.18  0.4553643
28.19  0.4312434
28.2  0.4060641
28.21  0.3798749
28.22  0.3527624
28.23  0.3248343
28.240000000000002  0.2961777
28.25  0.2668384
28.26  0.2368336
28.27  0.206177
28.28  0.1748933
28.29  0.1430165
28.3  0.1105813
28.310000000000002  0.07761755
28.32  0.04415108
28.330000000000002  0.01020777
28.34  -0.02418432
28.35  -0.05899518
28.36  -0.09419429
28.37  -0.1297518
28.38  -0.1656387
28.39  -0.2018129
28.400000000000002  -0.2380756
28.41  -0.2738617
28.42  -0.3083648
28.43  -0.3409582
28.44  -0.3714354
28.45  -0.3999054
28.46  -0.4265384
28.47  -0.4514041
28.48  -0.474475
28.490000000000002  -0.4957114
28.5  -0.5151226
28.51  -0.5327544
28.52  -0.5485921
28.53  -0.5624748
28.54  -0.5741672
28.55  -0.5835169
28.560000000000002  -0.5905234
28.57  -0.5952849
28.580000000000002  -0.5979076
28.59  -0.598457
28.6  -0.5969676
28.61  -0.5934745
28.62  -0.5880324
28.63  -0.5807107
28.64  -0.5715913
28.650000000000002  -0.5608386
28.66  -0.5487772
28.67  -0.5358022
28.68  -0.5221965
28.69  -0.5080578
28.7  -0.4933664
28.71  -0.4780955
28.72  -0.4622666
28.73  -0.4459375
28.740000000000002  -0.4291644
28.75  -0.4119811
28.76  -0.3944048
28.77  -0.3764575
28.78  -0.358261
28.79  -0.3401843
28.8  -0.3227792
28.810000000000002  -0.3064908
28.82  -0.2914744
28.830000000000002  -0.277655
28.84  -0.2649033
28.85  -0.2531554
28.86  -0.2424176
28.87  -0.2327086
28.88  -0.2240162
28.89  -0.216296
28.900000000000002  -0.209497
28.91  -0.2035805
28.92  -0.1985212
28.93  -0.194297
28.94  -0.1908785
28.95  -0.1882158
28.96  -0.186231
28.97  -0.1848374
28.98  -0.1839691
28.990000000000002  -0.1835907
29.0  -0.1836838
29.01  -0.1842296
29.02  -0.1852008
29.03  -0.1865649
29.04  -0.18829
29.05  -0.190348
29.060000000000002  -0.192713
29.07  -0.1953592
29.080000000000002  -0.1982574
29.09  -0.201365
29.1  -0.2046204
29.11  -0.2079579
29.12  -0.2113303
29.13  -0.2147141
29.14  -0.2180991
29.150000000000002  -0.2214745
29.16  -0.2248237
29.17  -0.2281271
29.18  -0.2313664
29.19  -0.2345266
29.2  -0.2375951
29.21  -0.2405598
29.22  -0.2434286
29.23  -0.2462879
29.240000000000002  -0.249309
29.25  -0.2526468
29.26  -0.2563481
29.27  -0.2603546
29.28  -0.2645695
29.29  -0.268915
29.3  -0.273345
29.310000000000002  -0.2778265
29.32  -0.2822957
29.330000000000002  -0.2865477
29.34  -0.2901959
29.35  -0.2928529
29.36  -0.2943366
29.37  -0.2946936
29.38  -0.2940738
29.39  -0.2926042
29.400000000000002  -0.2903492
29.41  -0.2873419
29.42  -0.2836253
29.43  -0.2792665
29.44  -0.2743423
29.45  -0.268923
29.46  -0.2630774
29.47  -0.256916
29.48  -0.2506055
29.490000000000002  -0.2443038
29.5  -0.2380921
29.51  -0.2319736
29.52  -0.2259184
29.53  -0.219906
29.54  -0.2139364
29.55  -0.208019
29.560000000000002  -0.2021588
29.57  -0.1963524
29.580000000000002  -0.1905935
29.59  -0.1848775
29.6  -0.1792011
29.61  -0.1735522
29.62  -0.1679069
29.63  -0.1622434
29.64  -0.1565569
29.650000000000002  -0.1508593
29.66  -0.1451689
29.67  -0.1395009
29.68  -0.1338657
29.69  -0.1282711
29.7  -0.1227252
29.71  -0.1172372
29.72  -0.1118162
29.73  -0.1064705
29.740000000000002  -0.101207
29.75  -0.09603158
29.76  -0.09094975
29.77  -0.08596633
29.78  -0.08108546
29.79  -0.07631086
29.8  -0.07164619
29.810000000000002  -0.06709508
29.82  -0.06266086
29.830000000000002  -0.05834637
29.84  -0.05415393
29.85  -0.05008543
29.86  -0.04614242
29.87  -0.04232614
29.88  -0.03863752
29.89  -0.03507734
29.900000000000002  -0.03164676
29.91  -0.02834755
29.92  -0.02518099
29.93  -0.02214683
29.94  -0.01924331
29.95  -0.01646813
29.96  -0.01381919
29.97  -0.01129477
29.98  -0.008893349
29.990000000000002  -0.006613396
30.0  -0.004453309
30.01  -0.00241148
30.02  -0.0004863651
30.03  0.001323501
30.04  0.003019534
30.05  0.004603125
30.060000000000002  0.00607566
30.07  0.007438509
30.080000000000002  0.00869303
30.09  0.009840565
30.1  0.01088244
30.11  0.01181999
30.12  0.01265451
30.13  0.01338735
30.14  0.01401981
30.150000000000002  0.01455322
30.16  0.01498892
30.17  0.01532823
30.18  0.0155725
30.19  0.01572307
30.2  0.01578131
30.21  0.01574861
30.22  0.01562638
30.23  0.01541602
30.240000000000002  0.01511896
30.25  0.01473662
30.26  0.01427042
30.27  0.01372182
30.28  0.01309226
30.29  0.01238323
30.3  0.01159619
30.310000000000002  0.01073264
30.32  0.009794097
30.330000000000002  0.008782066
30.34  0.007698081
30.35  0.00654368
30.36  0.005320414
30.37  0.004029844
30.38  0.002673537
30.39  0.001253071
30.400000000000002  -0.0002299683
