0.0 	 3.96290287773e-05
0.0735835172921 	 0.00874922461246
0.147167034584 	 0.0348830897492
0.220750551876 	 0.0690415509453
0.294334069169 	 0.0512449390683
0.367917586461 	 0.118608010056
0.441501103753 	 0.114686673386
0.515084621045 	 0.10423513393
0.588668138337 	 0.116817739782
0.662251655629 	 0.0987654286472
0.735835172921 	 0.0589093008663
0.809418690213 	 0.028349393662
0.883002207506 	 0.047048255248
0.956585724798 	 0.0565955525232
1.03016924209 	 0.0165081606306
1.10375275938 	 0.0100502678514
1.17733627667 	 0.1564601685
1.25091979397 	 0.14449919604
1.32450331126 	 0.119242637164
1.39808682855 	 0.0825485580819
1.47167034584 	 0.107245930769
1.54525386313 	 0.132536990357
1.61883738043 	 0.0696700604549
1.69242089772 	 0.0600078474339
1.76600441501 	 0.0843923837889
1.8395879323 	 0.0633654526395
1.9131714496 	 0.0697949755381
1.98675496689 	 0.0765538394367
2.06033848418 	 0.0345376030381
2.13392200147 	 0.0368885036738
2.20750551876 	 0.060977093521
2.28108903606 	 0.0454682707373
2.35467255335 	 0.0654915074245
2.42825607064 	 0.0987594172827
2.50183958793 	 0.0980989334345
2.57542310522 	 0.10194268065
2.64900662252 	 0.0739239146885
2.72259013981 	 0.0847205433616
2.7961736571 	 0.0554584924519
2.86975717439 	 0.0235310668522
2.94334069169 	 0.0291683552432
3.01692420898 	 0.0829327052722
3.09050772627 	 0.108487753814
3.16409124356 	 0.0927611516491
3.23767476085 	 0.118941522483
3.31125827815 	 0.0977552508905
3.38484179544 	 0.0430964603262
3.45842531273 	 0.0181413161919
3.53200883002 	 0.0510724234598
3.60559234731 	 0.0831773689991
3.67917586461 	 0.120535608128
3.7527593819 	 0.116619457932
3.82634289919 	 0.0809346619584
3.89992641648 	 0.0720074859023
3.97350993377 	 0.0693015265467
4.04709345107 	 0.0687466768751
4.12067696836 	 0.0697580326502
4.19426048565 	 0.0393985798722
4.26784400294 	 0.0787605867708
4.34142752024 	 0.104883846888
4.41501103753 	 0.106143603104
4.48859455482 	 0.0793799852666
4.56217807211 	 0.0492813736432
4.6357615894 	 0.0645528932707
4.7093451067 	 0.0739872017466
4.78292862399 	 0.0676589326578
4.85651214128 	 0.0816104070572
4.93009565857 	 0.102470059712
5.00367917586 	 0.102263267227
5.07726269316 	 0.0873944436363
5.15084621045 	 0.08445937139
5.22442972774 	 0.127703080297
5.29801324503 	 0.108453650972
5.37159676233 	 0.100980677838
5.44518027962 	 0.105650376456
5.51876379691 	 0.102994769159
5.5923473142 	 0.122545149513
5.66593083149 	 0.110097445509
5.73951434879 	 0.111165323142
5.81309786608 	 0.0831027021706
5.88668138337 	 0.0767330083841
5.96026490066 	 0.0752748718677
6.03384841795 	 0.0851958604291
6.10743193525 	 0.101878157814
6.18101545254 	 0.12159065444
6.25459896983 	 0.113379765126
6.32818248712 	 0.108919252006
6.40176600442 	 0.111907582637
6.47534952171 	 0.102301056269
6.548933039 	 0.108240016522
6.62251655629 	 0.0990746071761
6.69610007358 	 0.0738732826224
6.76968359088 	 0.0724429079149
6.84326710817 	 0.0664386224739
6.91685062546 	 0.0377036830499
6.99043414275 	 0.0221076381609
7.06401766004 	 0.0538671698462
7.13760117734 	 0.0665814207208
7.21118469463 	 0.0660276811881
7.28476821192 	 0.0604038518588
7.35835172921 	 0.0685880342474
7.4319352465 	 0.0629701860341
7.5055187638 	 0.0568256513211
7.57910228109 	 0.0301914354223
7.65268579838 	 0.0224344359067
7.72626931567 	 0.0231317244143
7.79985283297 	 0.0198617061331
7.87343635026 	 0.00116732718143
7.94701986755 	 0.0111600553233
8.02060338484 	 0.0204159767698
8.09418690213 	 0.0204798761042
8.16777041943 	 0.0225259394786
8.24135393672 	 0.032585105434
8.31493745401 	 0.0388139294606
8.3885209713 	 0.0500439420527
8.46210448859 	 0.058934547202
8.53568800589 	 0.0583942828534
8.60927152318 	 0.0663970881984
8.68285504047 	 0.0632273164022
8.75643855776 	 0.0580636394825
8.83002207506 	 0.0478494070359
8.90360559235 	 0.0359064082456
8.97718910964 	 0.0290726647139
9.05077262693 	 0.0135930266172
9.12435614422 	 0.0168249918243
9.19793966152 	 0.0249892510153
9.27152317881 	 0.0294788214083
9.3451066961 	 0.0275422295577
9.41869021339 	 0.0278328594083
9.49227373068 	 0.0156233507218
9.56585724798 	 0.00157759183531
9.63944076527 	 0.00606864487519
9.71302428256 	 0.00862050554748
9.78660779985 	 0.00835118884775
9.86019131714 	 0.00422427178558
9.93377483444 	 0.00261902018352
10.0073583517 	 0.0137669687071
10.080941869 	 0.0238349880494
10.1545253863 	 0.0177351124866
10.2281089036 	 0.0231490439172
10.3016924209 	 0.0249366716033
10.3752759382 	 0.0247320204636
10.4488594555 	 0.0403575036918
10.5224429728 	 0.0385398392643
10.5960264901 	 0.0353581370822
10.6696100074 	 0.0346298234854
10.7431935247 	 0.0267783504065
10.8167770419 	 0.0315390140481
10.8903605592 	 0.0303111550624
10.9639440765 	 0.0300159972402
11.0375275938 	 0.0227204203754
11.1111111111 	 0.0188178093791
11.1846946284 	 0.0177238785963
11.2582781457 	 0.0108041252559
11.331861663 	 0.0107811599854
11.4054451803 	 0.0101993713146
11.4790286976 	 0.00815594850037
11.5526122149 	 0.00519860025369
11.6261957322 	 0.00790177560626
11.6997792494 	 0.0105392257338
11.7733627667 	 0.0101561424968
11.846946284 	 0.0144210596578
11.9205298013 	 0.010228306488
11.9941133186 	 0.0137798589165
12.0676968359 	 0.0134265513565
12.1412803532 	 0.00885564261016
12.2148638705 	 0.00699052420479
12.2884473878 	 0.010527620136
12.3620309051 	 0.0077076544899
12.4356144224 	 0.0023990903496
12.5091979397 	 0.00524100801024
12.582781457 	 0.00626809472962
12.6563649742 	 0.00651554066518
12.7299484915 	 0.0044527211875
12.8035320088 	 0.00755051359132
12.8771155261 	 0.00818560701433
12.9506990434 	 0.00893334555015
13.0242825607 	 0.0126699994498
13.097866078 	 0.0120253286693
13.1714495953 	 0.00913118458579
13.2450331126 	 0.005321031868
13.3186166299 	 0.00503710197932
13.3922001472 	 0.00172037108681
13.4657836645 	 0.000846980654882
13.5393671818 	 0.00433289326572
13.612950699 	 0.00310988165292
13.6865342163 	 0.00549060182749
13.7601177336 	 0.00914707136694
13.8337012509 	 0.010490797265
13.9072847682 	 0.00726403451044
13.9808682855 	 0.0060968925329
14.0544518028 	 0.00641544815089
14.1280353201 	 0.009357757138
14.2016188374 	 0.00640663391189
14.2752023547 	 0.00678671174212
14.348785872 	 0.00633869103341
14.4223693893 	 0.00456899091834
14.4959529065 	 0.00267451527899
14.5695364238 	 0.00471128935217
14.6431199411 	 0.00201228649278
14.7167034584 	 0.00715344392895
14.7902869757 	 0.00952018893455
14.863870493 	 0.00637634418161
14.9374540103 	 0.00563904521505
15.0110375276 	 0.00467313049335
15.0846210449 	 0.00995406330164
15.1582045622 	 0.0052821714283
15.2317880795 	 0.00430752978194
15.3053715968 	 0.00553534320606
15.3789551141 	 0.00741383216967
15.4525386313 	 0.00840064092934
15.5261221486 	 0.00909788906802
15.5997056659 	 0.00808572505962
15.6732891832 	 0.00753713075234
15.7468727005 	 0.00614912238372
15.8204562178 	 0.00582136282457
15.8940397351 	 0.00683315273311
15.9676232524 	 0.00547209736197
16.0412067697 	 0.00583597496563
16.114790287 	 0.00478913018473
16.1883738043 	 0.00520702512896
16.2619573216 	 0.0035545977813
16.3355408389 	 0.00400786921274
16.4091243561 	 0.00199335845967
16.4827078734 	 0.00217238086821
16.5562913907 	 0.0040221767801
16.629874908 	 0.00391398139867
16.7034584253 	 0.00324305511926
16.7770419426 	 0.00264510164472
16.8506254599 	 0.00486543897729
16.9242089772 	 0.00451598107416
16.9977924945 	 0.00405573115801
17.0713760118 	 0.00517145268547
17.1449595291 	 0.00409233906582
17.2185430464 	 0.00326220084186
17.2921265636 	 0.00416497261096
17.3657100809 	 0.00438426839111
17.4392935982 	 0.00406378458354
17.5128771155 	 0.00384906757258
17.5864606328 	 0.00467865628911
17.6600441501 	 0.00589576090593
17.7336276674 	 0.00765448083064
17.8072111847 	 0.00620615752991
17.880794702 	 0.00713455623629
17.9543782193 	 0.00725590070439
18.0279617366 	 0.0075721571434
18.1015452539 	 0.00624089172658
18.1751287712 	 0.00880995235569
18.2487122884 	 0.00815936370828
18.3222958057 	 0.0088359298678
18.395879323 	 0.009100329246
18.4694628403 	 0.00990890740738
18.5430463576 	 0.0102742658462
18.6166298749 	 0.00930666802582
18.6902133922 	 0.00964629019685
18.7637969095 	 0.00892065352509
18.8373804268 	 0.00806946857586
18.9109639441 	 0.00701001618299
18.9845474614 	 0.00629958070472
19.0581309787 	 0.00531823295009
19.131714496 	 0.00473509733835
19.2052980132 	 0.00580672981569
19.2788815305 	 0.00662786590564
19.3524650478 	 0.00681301103086
19.4260485651 	 0.00592601937696
19.4996320824 	 0.00602725363397
19.5732155997 	 0.00512271352238
19.646799117 	 0.00484049156175
19.7203826343 	 0.00377004920765
19.7939661516 	 0.00431801464766
19.8675496689 	 0.00416726745974
19.9411331862 	 0.00261651804279
20.0147167035 	 0.00288298034476
20.0883002208 	 0.00258215297673
20.161883738 	 0.00283052545114
20.2354672553 	 0.00360745884595
20.3090507726 	 0.00374897601374
20.3826342899 	 0.00290459125329
20.4562178072 	 0.00407994700492
20.5298013245 	 0.00375331058094
20.6033848418 	 0.0032896017273
20.6769683591 	 0.00300022993371
20.7505518764 	 0.00322661922958
20.8241353937 	 0.00153843911092
20.897718911 	 0.00111479626211
20.9713024283 	 0.00151132881527
21.0448859455 	 0.00317679276607
21.1184694628 	 0.00269169261223
21.1920529801 	 0.00216190909201
21.2656364974 	 0.00203796777742
21.3392200147 	 0.00166226084757
21.412803532 	 0.00201261706901
21.4863870493 	 0.00223791743978
21.5599705666 	 0.00300798010123
21.6335540839 	 0.00268906950685
21.7071376012 	 0.00270793031591
21.7807211185 	 0.00247556607844
21.8543046358 	 0.00275947771665
21.9278881531 	 0.00272835681724
22.0014716703 	 0.00241611940885
22.0750551876 	 0.00248127431894
22.1486387049 	 0.00229959292042
22.2222222222 	 0.00148200789569
22.2958057395 	 0.000757879687447
22.3693892568 	 0.00095814385409
22.4429727741 	 0.00145332747281
22.5165562914 	 0.00172872565222
22.5901398087 	 0.00172872521709
22.663723326 	 0.00164167561901
22.7373068433 	 0.00189552707146
22.8108903606 	 0.00151434877001
22.8844738779 	 0.00101240179538
22.9580573951 	 0.000366106567225
23.0316409124 	 0.000482961130398
23.1052244297 	 0.000710257205542
23.178807947 	 0.000680426736217
23.2523914643 	 0.000959155104105
23.3259749816 	 0.00112405044417
23.3995584989 	 0.000400825283891
23.4731420162 	 0.000676509856506
23.5467255335 	 0.000412792083831
23.6203090508 	 0.000528388167711
23.6938925681 	 0.000188923355685
23.7674760854 	 0.000270373800486
23.8410596026 	 0.000308858926911
23.9146431199 	 0.000251714901457
23.9882266372 	 0.00034041720294
24.0618101545 	 0.000145926936294
24.1353936718 	 0.000625914950131
24.2089771891 	 0.000490656578181
24.2825607064 	 0.000195172542031
24.3561442237 	 0.000238745785736
24.429727741 	 0.000380619418542
24.5033112583 	 0.000613717972973
24.5768947756 	 0.000711072174296
24.6504782929 	 0.0013299525559
24.7240618102 	 0.00126590110529
24.7976453274 	 0.00160064910229
24.8712288447 	 0.00140256093404
24.944812362 	 0.0014047017013
25.0183958793 	 0.0010043522501
25.0919793966 	 0.000716882310905
25.1655629139 	 0.000799463673752
25.2391464312 	 0.000835325499865
25.3127299485 	 0.0012458403115
25.3863134658 	 0.00136643469528
25.4598969831 	 0.0011558152802
25.5334805004 	 0.0011541403787
25.6070640177 	 0.000969959510591
25.680647535 	 0.00120527529848
25.7542310522 	 0.00152749309297
25.8278145695 	 0.00121619435371
25.9013980868 	 0.00107098363818
25.9749816041 	 0.00125998297316
26.0485651214 	 0.00105478687401
26.1221486387 	 0.00113266796416
26.195732156 	 0.0016232016415
26.2693156733 	 0.00125044320652
26.3428991906 	 0.00107776742464
26.4164827079 	 0.00115976578279
26.4900662252 	 0.00130262368984
26.5636497425 	 0.00147674816803
26.6372332597 	 0.00154620625346
26.710816777 	 0.0014667598158
26.7844002943 	 0.00142313385817
26.8579838116 	 0.00137649368781
26.9315673289 	 0.00109520321903
27.0051508462 	 0.00140551543703
27.0787343635 	 0.00117887161321
27.1523178808 	 0.00102789733823
27.2259013981 	 0.000659486164138
27.2994849154 	 0.00069134629059
27.3730684327 	 0.000547849725421
27.44665195 	 0.000619486725273
27.5202354673 	 0.000557633327999
27.5938189845 	 0.00074313925177
27.6674025018 	 0.000847145386095
27.7409860191 	 0.000755208110788
27.8145695364 	 0.000633242196225
27.8881530537 	 0.000865193449053
27.961736571 	 0.000818003691561
28.0353200883 	 0.000337369839396
28.1089036056 	 0.000378611784039
28.1824871229 	 0.000331225641135
28.2560706402 	 0.000452455915631
28.3296541575 	 0.00026866274774
28.4032376748 	 0.00033631459557
28.4768211921 	 0.000316894279603
28.5504047093 	 0.000386174556557
28.6239882266 	 0.000397433038657
28.6975717439 	 0.000483101465962
28.7711552612 	 0.000320926642264
28.8447387785 	 0.00020130085109
28.9183222958 	 0.000317786542171
28.9919058131 	 9.52646137119e-05
29.0654893304 	 0.000184725403166
29.1390728477 	 0.000318937044558
29.212656365 	 0.000354666491829
29.2862398823 	 0.000292959141943
29.3598233996 	 0.000542325697383
29.4334069169 	 0.000437925521677
29.5069904341 	 0.000556374295271
29.5805739514 	 0.000488518865383
29.6541574687 	 0.000119730745903
29.727740986 	 0.000260617495181
29.8013245033 	 0.000293675376273
29.8749080206 	 0.000379759066562
29.9484915379 	 0.000413067468573
30.0220750552 	 0.000607047709081
30.0956585725 	 0.000530514812649
30.1692420898 	 0.000348442461026
30.2428256071 	 0.000395279304067
30.3164091244 	 0.000246470445305
30.3899926416 	 0.000128977001758
30.4635761589 	 0.00015618433206
30.5371596762 	 5.4817186185e-05
30.6107431935 	 4.77094452029e-05
30.6843267108 	 0.000213279884264
30.7579102281 	 0.000359785678898
30.8314937454 	 0.000287214078677
30.9050772627 	 0.000421156475031
30.97866078 	 0.00049380626089
31.0522442973 	 0.000337492536764
31.1258278146 	 0.000349612570717
31.1994113319 	 0.000211171750407
31.2729948492 	 0.000145142824005
31.3465783664 	 0.000264687733114
31.4201618837 	 0.000119843329838
31.493745401 	 0.000129623654921
31.5673289183 	 0.000143609073293
31.6409124356 	 0.00018737811313
31.7144959529 	 0.000249129425964
31.7880794702 	 0.000352186596956
31.8616629875 	 0.000315041315222
31.9352465048 	 0.00042331963428
32.0088300221 	 0.000461598473792
32.0824135394 	 0.000483056106723
32.1559970567 	 0.00039724666029
32.229580574 	 0.000394067683856
32.3031640912 	 0.000497399620398
32.3767476085 	 0.000421593485826
32.4503311258 	 0.000424634028463
32.5239146431 	 0.000249235659187
32.5974981604 	 0.00018520885414
32.6710816777 	 0.000281383209972
32.744665195 	 0.000280220046832
32.8182487123 	 0.000147601518574
32.8918322296 	 0.000244235002219
32.9654157469 	 0.000397867511846
33.0389992642 	 0.000521413594071
33.1125827815 	 0.000485896574562
33.1861662987 	 0.000444807032622
33.259749816 	 0.000306232183202
33.3333333333 	 0.000224440931646
33.4069168506 	 4.28799052201e-05
33.4805003679 	 0.00020307361899
33.5540838852 	 0.000119848030219
33.6276674025 	 0.000132412527746
33.7012509198 	 0.000241470743998
33.7748344371 	 0.000226728028222
33.8484179544 	 0.000309198863428
33.9220014717 	 0.000297404324173
33.995584989 	 0.000282888465918
34.0691685063 	 0.000302504872204
34.1427520235 	 0.000331941491377
34.2163355408 	 0.00026919805575
34.2899190581 	 0.000322510920933
34.3635025754 	 0.000234810239781
34.4370860927 	 0.000223618337967
34.51066961 	 0.000188560876754
34.5842531273 	 0.000235821080579
34.6578366446 	 0.000232635311206
34.7314201619 	 0.000230228104171
34.8050036792 	 0.000340533267872
34.8785871965 	 0.000303782865784
34.9521707138 	 0.000352637904785
35.0257542311 	 0.00043479506489
35.0993377483 	 0.000347234708122
35.1729212656 	 0.000445528874861
35.2465047829 	 0.00035530810497
35.3200883002 	 0.000316628885504
35.3936718175 	 0.000291217583648
35.4672553348 	 0.000209155562962
35.5408388521 	 0.000169262085496
35.6144223694 	 5.72152801886e-05
35.6880058867 	 3.90889601229e-05
35.761589404 	 8.82076785278e-05
35.8351729213 	 8.02933216955e-05
35.9087564386 	 2.96402569474e-05
35.9823399558 	 5.75682619407e-05
36.0559234731 	 3.96148413686e-05
36.1295069904 	 7.42695501335e-05
36.2030905077 	 0.000189492375261
36.276674025 	 0.000192674474157
36.3502575423 	 0.000225904533774
36.4238410596 	 0.000154150566856
36.4974245769 	 0.000158509608604
36.5710080942 	 0.000180688711952
36.6445916115 	 0.000183826042692
36.7181751288 	 0.000106234324422
36.7917586461 	 0.000113336944773
36.8653421634 	 0.000103986469408
36.9389256806 	 0.000117388921525
37.0125091979 	 0.000153456343314
37.0860927152 	 0.000148245712447
37.1596762325 	 0.000221795381447
37.2332597498 	 0.000200639439725
37.3068432671 	 0.000216984162274
37.3804267844 	 0.000108581129082
37.4540103017 	 0.000107398252232
37.527593819 	 5.45436793265e-05
37.6011773363 	 7.459898017e-05
37.6747608536 	 0.000134147716771
37.7483443709 	 0.000170701876553
37.8219278882 	 0.000110475571605
37.8955114054 	 0.00011496005912
37.9690949227 	 8.47823678263e-05
38.04267844 	 5.20872061331e-05
38.1162619573 	 4.92532567618e-05
38.1898454746 	 0.000165613451644
38.2634289919 	 0.000218726513403
38.3370125092 	 0.000209614466887
38.4105960265 	 0.000202259400759
38.4841795438 	 0.000174736114885
38.5577630611 	 0.000177148619367
38.6313465784 	 0.000246441781706
38.7049300957 	 0.000230686740466
38.778513613 	 0.00018923403534
38.8520971302 	 0.00023619625379
38.9256806475 	 0.000198176439601
38.9992641648 	 0.000161912821947
39.0728476821 	 0.000170595169197
39.1464311994 	 0.000157970609186
39.2200147167 	 0.000189843198468
39.293598234 	 0.000204804037758
39.3671817513 	 0.000202872980189
39.4407652686 	 0.00017820508006
39.5143487859 	 0.000207012580248
39.5879323032 	 0.000190971255542
39.6615158205 	 0.000109575184525
39.7350993377 	 0.000120204337566
39.808682855 	 0.000160863808463
39.8822663723 	 0.000159159204206
39.9558498896 	 0.000190151209795
40.0294334069 	 0.000183120434296
40.1030169242 	 0.000265049257243
40.1766004415 	 0.000300947698081
40.2501839588 	 0.000335188972471
40.3237674761 	 0.000320265233443
40.3973509934 	 0.000332479236331
40.4709345107 	 0.000322232701802
40.544518028 	 0.000260915713319
40.6181015453 	 0.000207838141244
40.6916850625 	 0.000159515919079
40.7652685798 	 0.000143530492809
40.8388520971 	 0.000101529438351
40.9124356144 	 0.000160956614311
40.9860191317 	 0.000208981851162
41.059602649 	 0.000182932385238
41.1331861663 	 0.000181948402214
41.2067696836 	 0.00016592749127
41.2803532009 	 0.000158786505324
41.3539367182 	 0.000173878014008
41.4275202355 	 0.0001461954783
41.5011037528 	 0.000100982675287
41.5746872701 	 0.000110457319566
41.6482707873 	 0.000130104523654
41.7218543046 	 0.000167622215748
41.7954378219 	 0.000157665701754
41.8690213392 	 0.000223347708524
41.9426048565 	 0.000218424109217
42.0161883738 	 0.000241537624345
42.0897718911 	 0.000246515138218
42.1633554084 	 0.000276833770453
42.2369389257 	 0.000237914531356
42.310522443 	 0.000259900540828
42.3841059603 	 0.000221029005022
42.4576894776 	 0.000241115721435
42.5312729948 	 0.000215822579403
42.6048565121 	 0.000174567423553
42.6784400294 	 0.000179269261158
42.7520235467 	 0.00015884886679
42.825607064 	 0.000133992434658
42.8991905813 	 7.87583530654e-05
42.9727740986 	 6.02686190936e-05
43.0463576159 	 5.12425502655e-05
43.1199411332 	 7.34364475953e-05
43.1935246505 	 5.1023776931e-05
43.2671081678 	 1.89284816558e-05
43.3406916851 	 5.31060147166e-05
43.4142752024 	 7.22424014201e-05
43.4878587196 	 5.55826336027e-05
43.5614422369 	 8.12782846193e-05
43.6350257542 	 8.65222544511e-05
43.7086092715 	 8.59670641073e-05
43.7821927888 	 6.59037054729e-05
43.8557763061 	 6.75728267191e-05
43.9293598234 	 7.31268126118e-05
44.0029433407 	 2.22241474519e-05
44.076526858 	 5.94785411043e-05
44.1501103753 	 6.64945461325e-05
44.2236938926 	 4.04866298264e-05
44.2972774099 	 5.0144269113e-05
44.3708609272 	 6.07374534703e-05
44.4444444444 	 2.52976794524e-05
44.5180279617 	 1.52235519185e-05
44.591611479 	 2.25452644837e-05
44.6651949963 	 3.89698747888e-05
44.7387785136 	 4.47126372716e-05
44.8123620309 	 7.71682999438e-05
44.8859455482 	 8.15051543584e-05
44.9595290655 	 7.37259063074e-05
45.0331125828 	 0.000106802668273
45.1066961001 	 0.000129014120595
45.1802796174 	 0.000150485208218
45.2538631347 	 0.000121503503167
45.3274466519 	 0.0001100806477
45.4010301692 	 7.70451543109e-05
45.4746136865 	 8.95989571736e-05
45.5481972038 	 9.11876831783e-05
45.6217807211 	 6.80785534251e-05
45.6953642384 	 9.64523228229e-05
45.7689477557 	 8.45358708888e-05
45.842531273 	 9.60190060768e-05
45.9161147903 	 8.30277649178e-05
45.9896983076 	 7.77889357335e-05
46.0632818249 	 6.58046683973e-05
46.1368653422 	 6.84083488312e-05
46.2104488595 	 7.7730466001e-05
46.2840323767 	 8.64428851004e-05
46.357615894 	 0.000103465441267
46.4311994113 	 0.000102617592923
46.5047829286 	 8.61742680666e-05
46.5783664459 	 8.55255189887e-05
46.6519499632 	 6.78253449676e-05
46.7255334805 	 6.09218945557e-05
46.7991169978 	 5.18692183318e-05
46.8727005151 	 4.14829405506e-05
46.9462840324 	 5.23298403053e-05
47.0198675497 	 5.16735089732e-05
47.093451067 	 6.04114292525e-05
47.1670345843 	 6.05927972096e-05
47.2406181015 	 7.51078907616e-05
47.3142016188 	 0.000121644822953
47.3877851361 	 0.000109541958267
47.4613686534 	 0.000106401124676
47.5349521707 	 0.000105465700142
47.608535688 	 0.000112329929321
47.6821192053 	 0.000122100659578
47.7557027226 	 9.29083833587e-05
47.8292862399 	 0.00011865855501
47.9028697572 	 0.000107022878487
47.9764532745 	 0.000105358945138
48.0500367918 	 9.88561746251e-05
48.1236203091 	 0.000106442866687
48.1972038263 	 0.000115144739383
48.2707873436 	 8.2545605789e-05
48.3443708609 	 8.38666216466e-05
48.4179543782 	 9.81676827497e-05
48.4915378955 	 8.49989003229e-05
48.5651214128 	 7.69636745029e-05
48.6387049301 	 7.25759700375e-05
48.7122884474 	 6.30557511712e-05
48.7858719647 	 7.28226530044e-05
48.859455482 	 5.58396594522e-05
48.9330389993 	 5.98171653876e-05
49.0066225166 	 7.26973791213e-05
49.0802060338 	 5.66038450342e-05
49.1537895511 	 3.94728340294e-05
49.2273730684 	 2.17157023012e-05
49.3009565857 	 1.63897906647e-05
49.374540103 	 3.16819576439e-05
49.4481236203 	 2.43036518464e-05
49.5217071376 	 5.01353005693e-05
49.5952906549 	 4.95038664692e-05
49.6688741722 	 2.83962218971e-05
49.7424576895 	 2.1691514013e-05
49.8160412068 	 2.21940847862e-05
49.8896247241 	 1.01896324485e-05
49.9632082414 	 2.13380280058e-05
50.0367917586 	 3.46520951513e-05
50.1103752759 	 7.67489062512e-06
50.1839587932 	 1.81984767656e-05
50.2575423105 	 2.87323534048e-05
50.3311258278 	 2.86531628653e-05
50.4047093451 	 2.32027557282e-05
50.4782928624 	 3.9413183283e-05
50.5518763797 	 4.04796478551e-05
50.625459897 	 5.49958090505e-05
50.6990434143 	 4.33489391075e-05
50.7726269316 	 4.20152759238e-05
50.8462104489 	 4.64656999814e-05
50.9197939662 	 2.74024526591e-05
50.9933774834 	 3.05703492195e-05
51.0669610007 	 4.66733309439e-05
51.140544518 	 5.97332892074e-05
51.2141280353 	 5.92574010543e-05
51.2877115526 	 6.54764764951e-05
51.3612950699 	 5.675818097e-05
51.4348785872 	 6.48342063741e-05
51.5084621045 	 6.17999041892e-05
51.5820456218 	 5.41512008959e-05
51.6556291391 	 4.75282271348e-05
51.7292126564 	 4.42203022531e-05
51.8027961737 	 4.39499920285e-05
51.8763796909 	 5.97094010149e-05
51.9499632082 	 6.53184553445e-05
52.0235467255 	 7.17496962796e-05
52.0971302428 	 7.28544894812e-05
52.1707137601 	 6.54311502287e-05
52.2442972774 	 7.75575162756e-05
52.3178807947 	 7.61054970703e-05
52.391464312 	 5.96506712793e-05
52.4650478293 	 5.64797308408e-05
52.5386313466 	 4.08148677764e-05
52.6122148639 	 3.5102763545e-05
52.6857983812 	 3.63175475279e-05
52.7593818985 	 3.58101010026e-05
52.8329654157 	 2.80259082575e-05
52.906548933 	 2.08737254429e-05
52.9801324503 	 2.35656828583e-05
53.0537159676 	 1.55385312345e-05
53.1272994849 	 1.26420038075e-05
53.2008830022 	 6.86094516718e-06
53.2744665195 	 5.19093967798e-06
53.3480500368 	 8.36962686934e-06
53.4216335541 	 1.62781181323e-05
53.4952170714 	 1.50025347695e-05
53.5688005887 	 1.06865863734e-05
53.642384106 	 8.02774604584e-06
53.7159676233 	 1.98439950228e-05
53.7895511405 	 2.64039907878e-05
53.8631346578 	 2.53877335534e-05
53.9367181751 	 2.65874292787e-05
54.0103016924 	 4.11960015797e-05
54.0838852097 	 4.02937648855e-05
54.157468727 	 3.74221793627e-05
54.2310522443 	 3.92761776195e-05
54.3046357616 	 2.06888739916e-05
54.3782192789 	 2.89613848128e-05
54.4518027962 	 2.75004540885e-05
54.5253863135 	 3.16522520932e-05
54.5989698308 	 3.5211677471e-05
54.6725533481 	 2.94509156761e-05
54.7461368653 	 1.63049764582e-05
54.8197203826 	 1.09470599979e-05
54.8933038999 	 1.05184642401e-05
54.9668874172 	 1.00858688199e-05
55.0404709345 	 1.08322404541e-05
55.1140544518 	 1.06883398337e-05
55.1876379691 	 1.34822891244e-05
55.2612214864 	 5.98751945297e-06
55.3348050037 	 1.11104382065e-05
55.408388521 	 1.49200471576e-05
55.4819720383 	 1.80686547862e-05
55.5555555556 	 2.05432496487e-05
55.6291390728 	 2.67311670114e-05
55.7027225901 	 2.38143254607e-05
55.7763061074 	 2.15717042553e-05
55.8498896247 	 1.73561230186e-05
55.923473142 	 1.17746499987e-05
55.9970566593 	 1.24552135877e-05
56.0706401766 	 1.58739186122e-05
56.1442236939 	 1.96914219525e-05
56.2178072112 	 2.05450541682e-05
56.2913907285 	 1.22495588883e-05
56.3649742458 	 2.57060097153e-05
56.4385577631 	 2.68468063862e-05
56.5121412804 	 2.16667549753e-05
56.5857247976 	 1.00824636061e-05
56.6593083149 	 5.21287422408e-06
56.7328918322 	 7.03512395904e-06
56.8064753495 	 1.10941339107e-05
56.8800588668 	 1.22651378971e-05
56.9536423841 	 2.07101900138e-05
57.0272259014 	 1.98110270978e-05
57.1008094187 	 1.83514909535e-05
57.174392936 	 2.14090302288e-05
57.2479764533 	 2.04519034592e-05
57.3215599706 	 1.85408843908e-05
57.3951434879 	 1.47702543651e-05
57.4687270052 	 2.31276732297e-05
57.5423105224 	 1.85941905311e-05
57.6158940397 	 1.17892286574e-05
57.689477557 	 1.03952387921e-05
57.7630610743 	 1.64661676742e-05
57.8366445916 	 2.40952423306e-05
57.9102281089 	 2.44797436235e-05
57.9838116262 	 2.49012447906e-05
58.0573951435 	 2.39592204473e-05
58.1309786608 	 2.84804424049e-05
58.2045621781 	 4.09591166591e-05
58.2781456954 	 4.24943252371e-05
58.3517292127 	 3.1496321451e-05
58.4253127299 	 3.00781753424e-05
58.4988962472 	 2.95916363091e-05
58.5724797645 	 3.30378267431e-05
58.6460632818 	 2.9837146225e-05
58.7196467991 	 2.15513636838e-05
58.7932303164 	 2.07294664009e-05
58.8668138337 	 2.21273295009e-05
58.940397351 	 2.29755099083e-05
59.0139808683 	 2.51086562874e-05
59.0875643856 	 2.44739359436e-05
59.1611479029 	 2.33336615303e-05
59.2347314202 	 2.66363495547e-05
59.3083149375 	 2.9159428594e-05
59.3818984547 	 3.19462339688e-05
59.455481972 	 3.12308906185e-05
59.5290654893 	 2.54871429263e-05
59.6026490066 	 1.70180867966e-05
59.6762325239 	 7.06864712963e-06
59.7498160412 	 4.83794958117e-06
59.8233995585 	 5.94461411518e-06
59.8969830758 	 1.01765568888e-05
59.9705665931 	 1.3420093885e-05
60.0441501104 	 1.29653727897e-05
60.1177336277 	 7.45102949079e-06
60.191317145 	 2.06253187364e-06
60.2649006623 	 7.53301737182e-06
60.3384841795 	 1.41878481241e-05
60.4120676968 	 2.24592091198e-05
60.4856512141 	 2.64837059579e-05
60.5592347314 	 2.67288321112e-05
60.6328182487 	 2.16041023505e-05
60.706401766 	 2.25047964094e-05
60.7799852833 	 2.34451258501e-05
60.8535688006 	 1.8925246355e-05
60.9271523179 	 1.70626585698e-05
61.0007358352 	 1.34578785822e-05
61.0743193525 	 8.06293548561e-06
61.1479028698 	 9.19245094744e-06
61.221486387 	 1.17636358472e-05
61.2950699043 	 1.72092761183e-05
61.3686534216 	 1.31465907373e-05
61.4422369389 	 1.32107267884e-05
61.5158204562 	 9.64665974276e-06
61.5894039735 	 1.15396779138e-05
61.6629874908 	 1.49610724143e-05
61.7365710081 	 1.55215536555e-05
61.8101545254 	 1.27159565567e-05
61.8837380427 	 2.07901529571e-05
61.95732156 	 2.69810706623e-05
62.0309050773 	 3.20939559478e-05
62.1044885946 	 3.32432246123e-05
62.1780721118 	 3.51116920658e-05
62.2516556291 	 3.46598684028e-05
62.3252391464 	 3.19521954894e-05
62.3988226637 	 2.67610069481e-05
62.472406181 	 2.62690364782e-05
62.5459896983 	 2.60201323331e-05
62.6195732156 	 2.06890378792e-05
62.6931567329 	 1.74483443475e-05
62.7667402502 	 1.71488896681e-05
62.8403237675 	 2.05391944152e-05
62.9139072848 	 1.62864098827e-05
62.9874908021 	 1.84974147212e-05
63.0610743194 	 1.84913808503e-05
63.1346578366 	 1.86619356563e-05
63.2082413539 	 1.36026310199e-05
63.2818248712 	 1.57394162604e-05
63.3554083885 	 8.41072402677e-06
63.4289919058 	 9.75623792293e-06
63.5025754231 	 1.21612856304e-05
63.5761589404 	 7.32755687192e-06
63.6497424577 	 6.74605359891e-06
63.723325975 	 2.96185760199e-06
63.7969094923 	 2.71814919875e-06
63.8704930096 	 8.54621129897e-06
63.9440765269 	 7.23767375387e-06
64.0176600442 	 8.326099061e-06
64.0912435614 	 7.4674533645e-06
64.1648270787 	 9.73649662998e-06
64.238410596 	 1.19967186411e-05
64.3119941133 	 8.69350317037e-06
64.3855776306 	 5.56957919117e-06
64.4591611479 	 4.15535477095e-06
64.5327446652 	 6.29843516148e-06
64.6063281825 	 8.24350459888e-06
64.6799116998 	 6.87023556589e-06
64.7534952171 	 8.2689125289e-06
64.8270787344 	 4.81688188715e-06
64.9006622517 	 6.83077022007e-06
64.9742457689 	 5.85739212414e-06
65.0478292862 	 6.73301282923e-06
65.1214128035 	 4.89808774276e-06
65.1949963208 	 4.58011835947e-06
65.2685798381 	 8.63627311624e-06
65.3421633554 	 1.1253527655e-05
65.4157468727 	 4.52819622939e-06
65.48933039 	 1.07939841613e-05
65.5629139073 	 9.90173104721e-06
65.6364974246 	 6.83833151554e-06
65.7100809419 	 4.53468066891e-06
65.7836644592 	 5.8620007383e-06
65.8572479765 	 6.49558612474e-06
65.9308314937 	 9.00654300213e-06
66.004415011 	 1.10960892002e-05
66.0779985283 	 1.18672228076e-05
66.1515820456 	 1.10871645548e-05
66.2251655629 	 1.3341286707e-05
66.2987490802 	 9.55025952826e-06
66.3723325975 	 9.06552396764e-06
66.4459161148 	 9.98871738529e-06
66.5194996321 	 7.90841848901e-06
66.5930831494 	 7.40680691252e-06
66.6666666667 	 1.10908565889e-05
66.740250184 	 1.23005114472e-05
66.8138337013 	 1.35145253741e-05
66.8874172185 	 1.27181976911e-05
66.9610007358 	 1.06261052377e-05
67.0345842531 	 8.41799831979e-06
67.1081677704 	 6.84929106439e-06
67.1817512877 	 5.40800610252e-06
67.255334805 	 1.01298595626e-05
67.3289183223 	 1.07615595312e-05
67.4025018396 	 1.35170348844e-05
67.4760853569 	 1.37242789458e-05
67.5496688742 	 1.56247010799e-05
67.6232523915 	 1.87513239988e-05
67.6968359088 	 1.99155127832e-05
67.770419426 	 1.89349165091e-05
67.8440029433 	 1.73543597483e-05
67.9175864606 	 1.90009526529e-05
67.9911699779 	 1.71460785654e-05
68.0647534952 	 1.57268926817e-05
68.1383370125 	 1.38944110394e-05
68.2119205298 	 1.44062148977e-05
68.2855040471 	 1.32232958667e-05
68.3590875644 	 1.15220453117e-05
68.4326710817 	 1.55569420608e-05
68.506254599 	 1.77606324067e-05
68.5798381163 	 1.65677843261e-05
68.6534216336 	 1.71438470066e-05
68.7270051508 	 1.65576273028e-05
68.8005886681 	 1.66315276531e-05
68.8741721854 	 1.76859800247e-05
68.9477557027 	 1.65057635184e-05
69.02133922 	 1.29743326751e-05
69.0949227373 	 1.23450212463e-05
69.1685062546 	 1.44544475977e-05
69.2420897719 	 1.31757093334e-05
69.3156732892 	 1.08292144069e-05
69.3892568065 	 7.25499921442e-06
69.4628403238 	 6.69718487658e-06
69.5364238411 	 3.65609774182e-06
69.6100073584 	 1.48210446581e-06
69.6835908756 	 4.24468805545e-07
69.7571743929 	 4.31158952547e-06
69.8307579102 	 2.04661432674e-06
69.9043414275 	 2.35831150583e-06
69.9779249448 	 1.59240275738e-06
70.0515084621 	 9.05532206155e-07
70.1250919794 	 2.57678736691e-06
70.1986754967 	 2.71977517131e-06
70.272259014 	 5.61612296662e-06
70.3458425313 	 6.3992174264e-06
70.4194260486 	 5.71914641875e-06
70.4930095659 	 2.54483407064e-06
70.5665930831 	 3.24932339093e-06
70.6401766004 	 2.01206184717e-06
70.7137601177 	 1.90618938743e-06
70.787343635 	 3.6257893816e-06
70.8609271523 	 6.18620615149e-06
70.9345106696 	 7.10016907428e-06
71.0080941869 	 8.51723864622e-06
71.0816777042 	 8.7241586733e-06
71.1552612215 	 8.6532086138e-06
71.2288447388 	 7.15055824855e-06
71.3024282561 	 8.23667647836e-06
71.3760117734 	 8.65569337568e-06
71.4495952907 	 5.64365580927e-06
71.5231788079 	 5.76668716049e-06
71.5967623252 	 3.89160850928e-06
71.6703458425 	 4.0515531111e-06
71.7439293598 	 6.16485132972e-07
71.8175128771 	 2.81961623071e-06
71.8910963944 	 5.92512857873e-06
71.9646799117 	 6.06948203352e-06
72.038263429 	 6.90334866552e-06
72.1118469463 	 7.69377368969e-06
72.1854304636 	 8.84831143016e-06
72.2590139809 	 1.10599135412e-05
72.3325974982 	 1.01102513465e-05
72.4061810155 	 9.23637767473e-06
72.4797645327 	 9.45594707625e-06
72.55334805 	 8.09223997086e-06
72.6269315673 	 8.41758094653e-06
72.7005150846 	 7.50862136963e-06
72.7740986019 	 6.53551255823e-06
72.8476821192 	 5.85412618884e-06
72.9212656365 	 5.54901956695e-06
72.9948491538 	 6.94994001069e-06
73.0684326711 	 6.24256702137e-06
73.1420161884 	 4.72490155939e-06
73.2155997057 	 4.29114684447e-06
73.289183223 	 3.82105145392e-06
73.3627667403 	 2.60569503967e-06
73.4363502575 	 9.5029828476e-07
73.5099337748 	 2.38031707616e-06
73.5835172921 	 3.76722523744e-06
73.6571008094 	 3.05133634651e-06
73.7306843267 	 4.32401758546e-06
73.804267844 	 2.46649718254e-06
73.8778513613 	 4.14410892691e-06
73.9514348786 	 4.73657264704e-06
74.0250183959 	 4.842879477e-06
74.0986019132 	 5.35471679598e-06
74.1721854305 	 6.36597772082e-06
74.2457689478 	 6.82313831723e-06
74.319352465 	 7.53313799433e-06
74.3929359823 	 7.95476356071e-06
74.4665194996 	 9.08308042843e-06
74.5401030169 	 8.74322824188e-06
74.6136865342 	 8.93113831692e-06
74.6872700515 	 9.42338568017e-06
74.7608535688 	 9.06851870923e-06
74.8344370861 	 9.25862221134e-06
74.9080206034 	 7.77852628738e-06
74.9816041207 	 6.07352962927e-06
75.055187638 	 5.34719171228e-06
75.1287711553 	 2.73355677624e-06
75.2023546726 	 1.8188798648e-06
75.2759381898 	 1.79939605319e-06
75.3495217071 	 2.96967262822e-06
75.4231052244 	 3.89829021805e-06
75.4966887417 	 5.07064709554e-06
75.570272259 	 5.6913257502e-06
75.6438557763 	 5.92743100437e-06
75.7174392936 	 4.82550389458e-06
75.7910228109 	 6.07128196515e-06
75.8646063282 	 6.20335962828e-06
75.9381898455 	 6.45887655395e-06
76.0117733628 	 6.81269351831e-06
76.0853568801 	 6.99501858252e-06
76.1589403974 	 6.4066607817e-06
76.2325239146 	 6.10292185114e-06
76.3061074319 	 6.65726281966e-06
76.3796909492 	 5.73940164865e-06
76.4532744665 	 6.22549726568e-06
76.5268579838 	 6.01092746146e-06
76.6004415011 	 5.06970708303e-06
76.6740250184 	 2.69510106022e-06
76.7476085357 	 4.47357079124e-06
76.821192053 	 4.13169430638e-06
76.8947755703 	 3.7731480401e-06
76.9683590876 	 2.16697135499e-06
77.0419426049 	 1.6631884988e-06
77.1155261221 	 1.62447291371e-06
77.1891096394 	 1.43887979135e-06
77.2626931567 	 2.17829479186e-06
77.336276674 	 2.92296380911e-06
77.4098601913 	 3.75973760042e-06
77.4834437086 	 3.64096297263e-06
77.5570272259 	 4.09244843055e-06
77.6306107432 	 3.88575979705e-06
77.7041942605 	 3.11634249485e-06
77.7777777778 	 3.40726814869e-06
77.8513612951 	 2.61250572868e-06
77.9249448124 	 3.58847082083e-06
77.9985283297 	 2.71486419434e-06
78.0721118469 	 2.33413558363e-06
78.1456953642 	 2.21845600713e-06
78.2192788815 	 2.39158007185e-06
78.2928623988 	 2.75397549454e-06
78.3664459161 	 2.01786089107e-06
78.4400294334 	 3.62830318526e-06
78.5136129507 	 3.9790380745e-06
78.587196468 	 4.12720426457e-06
78.6607799853 	 4.50597649314e-06
78.7343635026 	 4.97810392052e-06
78.8079470199 	 4.89747188741e-06
78.8815305372 	 4.76937571879e-06
78.9551140545 	 2.72967054738e-06
79.0286975717 	 3.07984936502e-06
79.102281089 	 3.54321381813e-06
79.1758646063 	 3.69353093062e-06
79.2494481236 	 4.61817762449e-06
79.3230316409 	 5.20393746446e-06
79.3966151582 	 5.3182018053e-06
79.4701986755 	 4.00580091561e-06
79.5437821928 	 4.27472064531e-06
79.6173657101 	 3.88478708165e-06
79.6909492274 	 3.22025608978e-06
79.7645327447 	 3.27926200467e-06
79.838116262 	 3.30440588847e-06
79.9116997792 	 3.37418660932e-06
79.9852832965 	 3.51856224371e-06
80.0588668138 	 3.77887891955e-06
80.1324503311 	 3.12331574943e-06
80.2060338484 	 3.30867269093e-06
80.2796173657 	 2.51832776879e-06
80.353200883 	 1.5769066324e-06
80.4267844003 	 2.3199694266e-06
80.5003679176 	 2.73618944456e-06
80.5739514349 	 2.71240905803e-06
80.6475349522 	 2.56074748562e-06
80.7211184695 	 2.8804536086e-06
80.7947019868 	 3.33077004024e-06
80.868285504 	 3.6342658754e-06
80.9418690213 	 3.33965239057e-06
81.0154525386 	 2.95025770901e-06
81.0890360559 	 2.52410296165e-06
81.1626195732 	 2.04952861446e-06
81.2362030905 	 1.06163894204e-06
81.3097866078 	 1.09236213447e-06
81.3833701251 	 8.87182361511e-07
81.4569536424 	 1.34715028529e-06
81.5305371597 	 1.0543289943e-06
81.604120677 	 1.82466622368e-06
81.6777041943 	 2.68998842246e-06
81.7512877116 	 2.67037405111e-06
81.8248712288 	 1.71380436334e-06
81.8984547461 	 1.81936192398e-06
81.9720382634 	 1.78151112895e-06
82.0456217807 	 1.7286560975e-06
82.119205298 	 2.12744000505e-06
82.1927888153 	 2.85465918546e-06
82.2663723326 	 4.32787498014e-06
82.3399558499 	 4.17414543705e-06
82.4135393672 	 3.62451418194e-06
82.4871228845 	 3.5916868349e-06
82.5607064018 	 1.90922314966e-06
82.6342899191 	 1.37619346207e-06
82.7078734364 	 1.25582500236e-06
82.7814569536 	 1.48411005748e-06
82.8550404709 	 2.2463933576e-06
82.9286239882 	 2.28912231651e-06
83.0022075055 	 2.66711787518e-06
83.0757910228 	 3.43761142282e-06
83.1493745401 	 3.40882366716e-06
83.2229580574 	 3.84231317698e-06
83.2965415747 	 3.0435855861e-06
83.370125092 	 1.92949120595e-06
83.4437086093 	 1.19684501414e-06
83.5172921266 	 1.6817153599e-06
83.5908756439 	 1.10083725509e-06
83.6644591611 	 1.35865985836e-06
83.7380426784 	 1.09444102212e-06
83.8116261957 	 2.05061907369e-06
83.885209713 	 2.88950023435e-06
83.9587932303 	 2.91191786247e-06
84.0323767476 	 3.5114954483e-06
84.1059602649 	 3.93772835073e-06
84.1795437822 	 3.45462066984e-06
84.2531272995 	 2.7023442802e-06
84.3267108168 	 3.07887181076e-06
84.4002943341 	 3.28041997026e-06
84.4738778514 	 3.36139717464e-06
84.5474613687 	 2.71853309152e-06
84.6210448859 	 2.83416064353e-06
84.6946284032 	 3.47323262049e-06
84.7682119205 	 4.48584659212e-06
84.8417954378 	 4.78871459675e-06
84.9153789551 	 4.64606748749e-06
84.9889624724 	 4.34177047562e-06
85.0625459897 	 4.41419266056e-06
85.136129507 	 3.84962703481e-06
85.2097130243 	 3.72795265629e-06
85.2832965416 	 2.44706773831e-06
85.3568800589 	 2.00937436433e-06
85.4304635762 	 1.56761706322e-06
85.5040470935 	 1.04969894439e-06
85.5776306107 	 3.83310110247e-07
85.651214128 	 1.02251515234e-06
85.7247976453 	 1.295799469e-06
85.7983811626 	 1.30605799697e-06
85.8719646799 	 1.69530024618e-06
85.9455481972 	 1.73997853278e-06
86.0191317145 	 1.95345794235e-06
86.0927152318 	 1.60863201178e-06
86.1662987491 	 1.19976146776e-06
86.2398822664 	 5.89418464265e-07
86.3134657837 	 9.8401879327e-07
86.387049301 	 2.28145289195e-07
86.4606328182 	 6.16503168613e-07
86.5342163355 	 3.67716332703e-07
86.6077998528 	 3.72385808141e-07
86.6813833701 	 7.01623637566e-07
86.7549668874 	 1.56521525885e-06
86.8285504047 	 1.55351327601e-06
86.902133922 	 2.07303436762e-06
86.9757174393 	 2.6014137228e-06
87.0493009566 	 2.35194660798e-06
87.1228844739 	 1.9611183657e-06
87.1964679912 	 1.43246959206e-06
87.2700515085 	 9.35259518548e-07
87.3436350258 	 5.3677298272e-07
87.417218543 	 4.61657096576e-07
87.4908020603 	 1.12075420323e-06
87.5643855776 	 1.15422917452e-06
87.6379690949 	 1.18069102761e-06
87.7115526122 	 1.76333974546e-06
87.7851361295 	 1.89746193999e-06
87.8587196468 	 1.58558562291e-06
87.9323031641 	 1.87191774939e-06
88.0058866814 	 1.80055351415e-06
88.0794701987 	 1.62756578919e-06
88.153053716 	 1.26349876401e-06
88.2266372333 	 1.02558144437e-06
88.3002207506 	 1.12876833806e-06
88.3738042678 	 1.17418727922e-06
88.4473877851 	 1.95003436578e-06
88.5209713024 	 1.80164978067e-06
88.5945548197 	 1.85880243471e-06
88.668138337 	 1.63159584967e-06
88.7417218543 	 1.45270595456e-06
88.8153053716 	 1.69678428907e-06
88.8888888889 	 1.64644356932e-06
88.9624724062 	 1.73006365353e-06
89.0360559235 	 1.63352038975e-06
89.1096394408 	 1.25377413713e-06
89.1832229581 	 9.83850026666e-07
89.2568064753 	 6.60711263968e-07
89.3303899926 	 8.42364107343e-07
89.4039735099 	 8.06675236956e-07
89.4775570272 	 1.22508470902e-06
89.5511405445 	 1.31446937305e-06
89.6247240618 	 1.59484951681e-06
89.6983075791 	 1.72785352612e-06
89.7718910964 	 2.30993819946e-06
89.8454746137 	 2.49093262854e-06
89.919058131 	 2.51578806995e-06
89.9926416483 	 2.55543304353e-06
90.0662251656 	 2.05108236215e-06
90.1398086829 	 1.48629624241e-06
90.2133922001 	 1.37533266721e-06
90.2869757174 	 1.24063218852e-06
90.3605592347 	 1.13094269058e-06
90.434142752 	 1.19925573711e-06
90.5077262693 	 1.21547711693e-06
90.5813097866 	 1.38972507559e-06
90.6548933039 	 1.41807045382e-06
90.7284768212 	 1.54772130355e-06
90.8020603385 	 1.44667868616e-06
90.8756438558 	 1.49918466716e-06
90.9492273731 	 1.35771249872e-06
91.0228108904 	 1.21126504755e-06
91.0963944077 	 1.14543736427e-06
91.1699779249 	 1.2036183735e-06
91.2435614422 	 7.84994865504e-07
91.3171449595 	 6.94553609249e-07
91.3907284768 	 1.19189999187e-07
91.4643119941 	 7.34548466649e-07
91.5378955114 	 7.83542575392e-07
91.6114790287 	 8.69000805082e-07
91.685062546 	 6.23981311177e-07
91.7586460633 	 6.50479365984e-07
91.8322295806 	 2.52905702769e-07
91.9058130979 	 1.13858298894e-07
91.9793966152 	 5.98667463663e-07
92.0529801325 	 6.0738623443e-07
92.1265636497 	 6.49289259165e-07
92.200147167 	 6.25640174618e-07
92.2737306843 	 5.33103413755e-07
92.3473142016 	 6.32720714533e-07
92.4208977189 	 7.12775638664e-07
92.4944812362 	 8.38154256678e-07
92.5680647535 	 9.19325128589e-07
92.6416482708 	 7.53628850646e-07
92.7152317881 	 7.34603553847e-07
92.7888153054 	 3.50693630779e-07
92.8623988227 	 9.0984587947e-08
92.93598234 	 9.90062548967e-08
93.0095658572 	 4.21113687131e-07
93.0831493745 	 5.52767770378e-07
93.1567328918 	 4.36085372912e-07
93.2303164091 	 5.12017921419e-07
93.3038999264 	 1.02331473243e-06
93.3774834437 	 1.09702970952e-06
93.451066961 	 1.14915333414e-06
93.5246504783 	 1.01779464195e-06
93.5982339956 	 7.71145569187e-07
93.6718175129 	 5.21068338969e-07
93.7454010302 	 3.16323667063e-07
93.8189845475 	 2.54792525217e-07
93.8925680648 	 4.1723331265e-07
93.966151582 	 1.59328400238e-07
94.0397350993 	 1.89101674191e-07
94.1133186166 	 4.86516002884e-08
94.1869021339 	 4.02099052802e-07
94.2604856512 	 5.66781284522e-07
94.3340691685 	 6.20337221194e-07
94.4076526858 	 6.6952566194e-07
94.4812362031 	 8.36167298027e-07
94.5548197204 	 6.98658279363e-07
94.6284032377 	 6.11774812842e-07
94.701986755 	 5.88787225512e-07
94.7755702723 	 4.98225092258e-07
94.8491537896 	 4.71172362412e-07
94.9227373068 	 3.5267917108e-07
94.9963208241 	 2.78941093312e-07
95.0699043414 	 2.11930041138e-07
95.1434878587 	 4.21928900416e-07
95.217071376 	 4.97106194488e-07
95.2906548933 	 5.56205714785e-07
95.3642384106 	 5.57822466024e-07
95.4378219279 	 5.67705523214e-07
95.5114054452 	 3.80176891969e-07
95.5849889625 	 3.21372736044e-07
95.6585724798 	 4.38904236857e-07
95.7321559971 	 4.27978434887e-07
95.8057395143 	 5.50749973919e-07
95.8793230316 	 5.53167784264e-07
95.9529065489 	 5.69881442207e-07
96.0264900662 	 5.78564001309e-07
96.1000735835 	 5.15063274359e-07
96.1736571008 	 4.14726710153e-07
96.2472406181 	 3.77482213127e-07
96.3208241354 	 3.16286964743e-07
96.3944076527 	 1.50435220334e-07
96.46799117 	 2.4298638441e-07
96.5415746873 	 3.41714830645e-07
96.6151582046 	 4.11933412583e-07
96.6887417219 	 3.96450904149e-07
96.7623252391 	 4.0326179659e-07
96.8359087564 	 2.15705330515e-07
96.9094922737 	 5.19918980952e-08
96.983075791 	 2.01029722613e-07
97.0566593083 	 3.39736239129e-07
97.1302428256 	 3.45196320811e-07
97.2038263429 	 3.68983939895e-07
97.2774098602 	 2.64246731677e-07
97.3509933775 	 1.29533187985e-07
97.4245768948 	 5.56834687642e-08
97.4981604121 	 1.71576951962e-07
97.5717439294 	 2.91664533305e-07
97.6453274467 	 3.44228548737e-07
97.7189109639 	 2.34262394557e-07
97.7924944812 	 1.99261943889e-07
97.8660779985 	 2.50928148945e-07
97.9396615158 	 3.07493786772e-07
98.0132450331 	 3.69283877766e-07
98.0868285504 	 3.71225700976e-07
98.1604120677 	 3.19757857808e-07
98.233995585 	 2.46913284141e-07
98.3075791023 	 1.21868857169e-07
98.3811626196 	 7.10790197333e-08
98.4547461369 	 1.73109160864e-07
98.5283296542 	 2.22820331377e-07
98.6019131714 	 2.36368295319e-07
98.6754966887 	 2.78538968492e-07
98.749080206 	 3.01892041113e-07
98.8226637233 	 3.36340865433e-07
98.8962472406 	 3.48937632714e-07
98.9698307579 	 2.79597737246e-07
99.0434142752 	 1.94295275489e-07
99.1169977925 	 1.2998424144e-07
99.1905813098 	 1.11823789348e-07
99.2641648271 	 1.79270241924e-07
99.3377483444 	 2.50456999463e-07
99.4113318617 	 2.76729898505e-07
99.484915379 	 2.80758866895e-07
99.5584988962 	 2.72733526459e-07
99.6320824135 	 2.54309221647e-07
99.7056659308 	 2.24815727674e-07
99.7792494481 	 2.21769745869e-07
99.8528329654 	 2.29370823804e-07
99.9264164827 	 2.25765057009e-07
100.0 	 2.22070773766e-07
