0.0 	 1.53723431205e-05
0.0756429652042 	 0.00876418050106
0.151285930408 	 0.0617465004467
0.226928895613 	 0.0138297504936
0.302571860817 	 0.0540377232713
0.378214826021 	 0.0485223461964
0.453857791225 	 0.067139331946
0.52950075643 	 0.080408582508
0.605143721634 	 0.0480284639102
0.680786686838 	 0.0545835619444
0.756429652042 	 0.0333310414936
0.832072617247 	 0.094025299545
0.907715582451 	 0.0683051341726
0.983358547655 	 0.0547922601285
1.05900151286 	 0.0620684746367
1.13464447806 	 0.0414135013437
1.21028744327 	 0.00716418445492
1.28593040847 	 0.0267926824833
1.36157337368 	 0.05183458614
1.43721633888 	 0.00427531080881
1.51285930408 	 0.0384803695736
1.58850226929 	 0.026029862622
1.66414523449 	 0.016500980954
1.7397881997 	 0.00963085783253
1.8154311649 	 0.0236273934752
1.89107413011 	 0.0143209594282
1.96671709531 	 0.0290851202055
2.04236006051 	 0.0158155907827
2.11800302572 	 0.0122721988484
2.19364599092 	 0.00436598571472
2.26928895613 	 0.0213393370994
2.34493192133 	 0.0291299330335
2.42057488654 	 0.03426207705
2.49621785174 	 0.00941132623871
2.57186081694 	 0.0137524119171
2.64750378215 	 0.0271692928213
2.72314674735 	 0.00807420104526
2.79878971256 	 0.0184411816837
2.87443267776 	 0.023752013527
2.95007564297 	 0.025704231163
3.02571860817 	 0.0325957528377
3.10136157337 	 0.0401382313741
3.17700453858 	 0.030136933973
3.25264750378 	 0.0291161600476
3.32829046899 	 0.0156212721269
3.40393343419 	 0.0187907793899
3.47957639939 	 0.0155127128573
3.5552193646 	 0.00659660109234
3.6308623298 	 0.0111057415765
3.70650529501 	 0.0144799917965
3.78214826021 	 0.00349193707102
3.85779122542 	 0.0113864132361
3.93343419062 	 0.00807788905129
4.00907715582 	 0.0138081643888
4.08472012103 	 0.00746810965241
4.16036308623 	 0.00548980206343
4.23600605144 	 0.00434209397633
4.31164901664 	 0.00596841163896
4.38729198185 	 0.00861845384366
4.46293494705 	 0.0103386899331
4.53857791225 	 0.00574335678545
4.61422087746 	 0.0164678963693
4.68986384266 	 0.00291676012663
4.76550680787 	 0.00352213543439
4.84114977307 	 0.00335008005631
4.91679273828 	 0.00665139048018
4.99243570348 	 0.0077630770004
5.06807866868 	 0.00840408846707
5.14372163389 	 0.00192132690436
5.21936459909 	 0.00980679532721
5.2950075643 	 0.00562135487991
5.3706505295 	 0.00335961946486
5.4462934947 	 0.0046674551108
5.52193645991 	 0.00364991641333
5.59757942511 	 0.00316937970537
5.67322239032 	 0.00916045639084
5.74886535552 	 0.00116414050091
5.82450832073 	 0.00701565994407
5.90015128593 	 0.00464879033824
5.97579425113 	 0.00375668383947
6.05143721634 	 0.00773411055615
6.12708018154 	 0.00353633191363
6.20272314675 	 0.00311756617544
6.27836611195 	 0.00155227454278
6.35400907716 	 0.0020742400111
6.42965204236 	 0.00245659554836
6.50529500756 	 0.00708738517247
6.58093797277 	 0.000865331569331
6.65658093797 	 0.00328345119644
6.73222390318 	 0.0076561863351
6.80786686838 	 0.0104770784302
6.88350983359 	 0.00581896903923
6.95915279879 	 0.00906036598466
7.03479576399 	 0.00386382289705
7.1104387292 	 0.00144407546099
7.1860816944 	 0.00635928959181
7.26172465961 	 0.00309496195034
7.33736762481 	 0.00228147208609
7.41301059002 	 0.00385818793994
7.48865355522 	 0.00425323606893
7.56429652042 	 0.00926658323841
7.63993948563 	 0.00292970924413
7.71558245083 	 0.00268516315124
7.79122541604 	 0.00499864301997
7.86686838124 	 0.00155965625804
7.94251134644 	 0.00944503048147
8.01815431165 	 0.00643022661312
8.09379727685 	 0.00887159807604
8.16944024206 	 0.0073715019712
8.24508320726 	 0.000617976857187
8.32072617247 	 0.00381806966168
8.39636913767 	 0.00289760092916
8.47201210287 	 0.00556047144366
8.54765506808 	 0.00783128545292
8.62329803328 	 0.0148638597248
8.69894099849 	 0.00536040865063
8.77458396369 	 0.00433588344138
8.8502269289 	 0.0115725099211
8.9258698941 	 0.00493634373734
9.0015128593 	 0.00526322078712
9.07715582451 	 0.00396619884129
9.15279878971 	 0.00337771502727
9.22844175492 	 0.00537357655848
9.30408472012 	 0.00343787705994
9.37972768533 	 0.00351120801969
9.45537065053 	 0.00666307023264
9.53101361573 	 0.00483422741757
9.60665658094 	 0.00189649014944
9.68229954614 	 0.00420669842592
9.75794251135 	 0.00628709329189
9.83358547655 	 0.00688830898933
9.90922844175 	 0.00725453680499
9.98487140696 	 0.00561127486711
10.0605143722 	 0.00212523421813
10.1361573374 	 0.00691387321615
10.2118003026 	 0.00607038900296
10.2874432678 	 0.00423536376525
10.363086233 	 0.000763916643825
10.4387291982 	 0.00344848631432
10.5143721634 	 0.00455336509161
10.5900151286 	 0.00536907594705
10.6656580938 	 0.00109211485551
10.741301059 	 0.0026092370176
10.8169440242 	 0.000828383424114
10.8925869894 	 0.00472831467143
10.9682299546 	 0.00325095333813
11.0438729198 	 0.00214811593714
11.119515885 	 0.00128312542687
11.1951588502 	 0.00194084442536
11.2708018154 	 0.00159101063427
11.3464447806 	 0.00326727489604
11.4220877458 	 0.00161952273185
11.497730711 	 0.0038368847055
11.5733736762 	 0.00219923717248
11.6490166415 	 0.00122568999437
11.7246596067 	 0.00698146011401
11.8003025719 	 0.00680226938966
11.8759455371 	 0.00223460351361
11.9515885023 	 0.0032521978556
12.0272314675 	 0.00313711259767
12.1028744327 	 0.00407640835177
12.1785173979 	 0.00137865434686
12.2541603631 	 0.000629795181052
12.3298033283 	 0.00330581005107
12.4054462935 	 0.00027454341917
12.4810892587 	 0.00261027305042
12.5567322239 	 0.00114617517211
12.6323751891 	 0.00217997695265
12.7080181543 	 0.00372881716881
12.7836611195 	 0.00329995183655
12.8593040847 	 0.00370946227881
12.9349470499 	 0.00142213338904
13.0105900151 	 0.00276909578883
13.0862329803 	 0.000357024704763
13.1618759455 	 0.00240164382054
13.2375189107 	 0.00123205315689
13.3131618759 	 0.00170355258222
13.3888048411 	 0.00099577334819
13.4644478064 	 0.000931356821354
13.5400907716 	 0.00238117752203
13.6157337368 	 0.000738460409082
13.691376702 	 0.00199737273531
13.7670196672 	 0.000386567946585
13.8426626324 	 0.00139362989341
13.9183055976 	 0.00204684865853
13.9939485628 	 0.00294292865844
14.069591528 	 0.00226554336978
14.1452344932 	 0.00176487919525
14.2208774584 	 0.00229147658187
14.2965204236 	 0.00187472006702
14.3721633888 	 0.00165843552079
14.447806354 	 0.00240706899709
14.5234493192 	 0.00270790266465
14.5990922844 	 0.000537298695763
14.6747352496 	 0.000906087016087
14.7503782148 	 0.000495476023784
14.82602118 	 0.00154126864774
14.9016641452 	 0.00248595931234
14.9773071104 	 0.000891206652712
15.0529500756 	 0.000266582872062
15.1285930408 	 0.00101936659157
15.2042360061 	 0.000436313260751
15.2798789713 	 0.000321013142101
15.3555219365 	 0.000925038283557
15.4311649017 	 0.000556736424876
15.5068078669 	 0.000266830873056
15.5824508321 	 0.000218088017544
15.6580937973 	 0.000604323594775
15.7337367625 	 0.00149375871338
15.8093797277 	 0.000659978325456
15.8850226929 	 0.00096253275445
15.9606656581 	 0.000642327040609
16.0363086233 	 0.000826029947535
16.1119515885 	 0.000171152559326
16.1875945537 	 0.000846902201564
16.2632375189 	 0.000580571398212
16.3388804841 	 0.000622941298098
16.4145234493 	 0.000546321018147
16.4901664145 	 0.000220108587903
16.5658093797 	 0.000539980275427
16.6414523449 	 0.00046105424093
16.7170953101 	 0.000590757480757
16.7927382753 	 0.000767620431115
16.8683812405 	 8.83512276895e-05
16.9440242057 	 0.0003247784001
17.019667171 	 0.000119919835282
17.0953101362 	 0.000335875789639
17.1709531014 	 0.000289892397243
17.2465960666 	 0.000212608763594
17.3222390318 	 0.000412517246113
17.397881997 	 0.000403531750656
17.4735249622 	 0.000231915655171
17.5491679274 	 0.000322880675657
17.6248108926 	 0.000267535734396
17.7004538578 	 0.000360710516884
17.776096823 	 0.000194544979956
17.8517397882 	 0.000158624909879
17.9273827534 	 0.000138071566217
18.0030257186 	 2.66421194199e-05
18.0786686838 	 0.000317944332939
18.154311649 	 0.000212614430764
18.2299546142 	 0.000354795046902
18.3055975794 	 0.000192861326568
18.3812405446 	 0.000200680454453
18.4568835098 	 0.000368189282308
18.532526475 	 0.000138995348308
18.6081694402 	 0.000240276592706
18.6838124054 	 0.000129245706851
18.7594553707 	 0.000210203682077
18.8350983359 	 0.000237377226937
18.9107413011 	 9.12442327947e-05
18.9863842663 	 0.000339825406922
19.0620272315 	 0.000304174252663
19.1376701967 	 1.31543842758e-05
19.2133131619 	 0.000114554302333
19.2889561271 	 0.000124498158072
19.3645990923 	 0.000300161454422
19.4402420575 	 0.000116709347627
19.5158850227 	 0.000225914443966
19.5915279879 	 0.000191115591139
19.6671709531 	 0.000199117074292
19.7428139183 	 0.000165485020258
19.8184568835 	 4.41092364954e-05
19.8940998487 	 7.86111561132e-05
19.9697428139 	 0.000185200032437
20.0453857791 	 0.000110903240011
20.1210287443 	 0.000324208527122
20.1966717095 	 0.00040210202107
20.2723146747 	 0.000240952620198
20.3479576399 	 0.000112593830795
20.4236006051 	 0.000266156686129
20.4992435703 	 0.000101690427166
20.5748865356 	 0.000166358638793
20.6505295008 	 0.000122558369224
20.726172466 	 0.000169555035355
20.8018154312 	 0.000282072111017
20.8774583964 	 0.000215489962949
20.9531013616 	 4.06440933808e-05
21.0287443268 	 0.000262467513086
21.104387292 	 0.000330841150851
21.1800302572 	 0.000104517128364
21.2556732224 	 0.000109914106409
21.3313161876 	 0.000175907093742
21.4069591528 	 0.000217795298538
21.482602118 	 4.39149912221e-05
21.5582450832 	 0.000436214524936
21.6338880484 	 0.000270422773776
21.7095310136 	 0.000173692309217
21.7851739788 	 0.000120647361802
21.860816944 	 0.000200735675683
21.9364599092 	 0.000220622672767
22.0121028744 	 0.00029701945706
22.0877458396 	 0.00037996973015
22.1633888048 	 0.000104159475057
22.23903177 	 0.000168673228941
22.3146747352 	 7.86843915514e-05
22.3903177005 	 0.000201296104356
22.4659606657 	 0.000124052074877
22.5416036309 	 0.000185419991419
22.6172465961 	 0.000191847912694
22.6928895613 	 0.000168027794464
22.7685325265 	 0.000181062555631
22.8441754917 	 0.000220352469591
22.9198184569 	 0.000267328244336
22.9954614221 	 0.000192150702065
23.0711043873 	 0.000146658952637
23.1467473525 	 0.000136509544757
23.2223903177 	 0.000128715473744
23.2980332829 	 0.00013134231094
23.3736762481 	 0.000165620473016
23.4493192133 	 9.32480354558e-05
23.5249621785 	 0.000100505486253
23.6006051437 	 0.000107332035844
23.6762481089 	 0.000120165776567
23.7518910741 	 0.000162313950183
23.8275340393 	 0.000115999137756
23.9031770045 	 7.72135686873e-05
23.9788199697 	 0.000125321240172
24.0544629349 	 0.000109973238506
24.1301059002 	 0.000155212375991
24.2057488654 	 5.76395502668e-05
24.2813918306 	 5.63964971786e-05
24.3570347958 	 0.000171088144153
24.432677761 	 0.000179108522361
24.5083207262 	 0.000163316370669
24.5839636914 	 4.9882740133e-05
24.6596066566 	 9.12160658581e-05
24.7352496218 	 6.98963939009e-05
24.810892587 	 0.000151869306196
24.8865355522 	 5.46445776512e-05
24.9621785174 	 0.000106529209399
25.0378214826 	 0.000116084064763
25.1134644478 	 0.000117321745576
25.189107413 	 7.95083600877e-05
25.2647503782 	 4.79418331048e-05
25.3403933434 	 8.43937783275e-05
25.4160363086 	 0.000127872878705
25.4916792738 	 0.00010424578238
25.567322239 	 8.20372498064e-05
25.6429652042 	 7.70889469803e-05
25.7186081694 	 9.30023693597e-05
25.7942511346 	 8.93418787604e-05
25.8698940998 	 2.72304790643e-05
25.9455370651 	 8.52072253752e-05
26.0211800303 	 9.93189426617e-05
26.0968229955 	 9.62841167292e-05
26.1724659607 	 1.86316013375e-05
26.2481089259 	 5.61993633953e-05
26.3237518911 	 4.72213289821e-05
26.3993948563 	 6.22011513725e-05
26.4750378215 	 3.80153342074e-05
26.5506807867 	 6.9560509237e-05
26.6263237519 	 3.73093478019e-05
26.7019667171 	 3.06225883983e-05
26.7776096823 	 6.16243361661e-05
26.8532526475 	 4.7300540426e-05
26.9288956127 	 3.79143749162e-05
27.0045385779 	 3.15570776649e-05
27.0801815431 	 3.80156492323e-05
27.1558245083 	 2.93007666112e-05
27.2314674735 	 1.51796692732e-05
27.3071104387 	 7.82137393821e-05
27.3827534039 	 5.10075663602e-05
27.4583963691 	 4.29719869836e-05
27.5340393343 	 1.27760767612e-05
27.6096822995 	 2.10244734675e-05
27.6853252648 	 3.59335279208e-05
27.76096823 	 1.12756943131e-05
27.8366111952 	 3.20366814364e-05
27.9122541604 	 5.79462360176e-05
27.9878971256 	 3.35809485663e-05
28.0635400908 	 4.72809122869e-05
28.139183056 	 3.23118873472e-05
28.2148260212 	 1.69425175206e-05
28.2904689864 	 5.80357368191e-05
28.3661119516 	 1.82858923138e-05
28.4417549168 	 3.28619417643e-05
28.517397882 	 5.86099409355e-05
28.5930408472 	 4.26757720536e-05
28.6686838124 	 4.52101567435e-05
28.7443267776 	 4.73790420679e-05
28.8199697428 	 2.23878183179e-05
28.895612708 	 1.507201474e-05
28.9712556732 	 2.94451269817e-05
29.0468986384 	 4.88086036233e-05
29.1225416036 	 2.81226683761e-05
29.1981845688 	 1.63420339423e-05
29.273827534 	 1.54729863571e-05
29.3494704992 	 1.72415298742e-05
29.4251134644 	 2.91140980971e-05
29.5007564297 	 1.88642315346e-05
29.5763993949 	 3.13052209419e-05
29.6520423601 	 2.43567461057e-05
29.7276853253 	 8.0386866436e-06
29.8033282905 	 1.02970557577e-05
29.8789712557 	 2.94492870288e-05
29.9546142209 	 9.38296334803e-06
30.0302571861 	 5.34098786716e-05
30.1059001513 	 4.61989373334e-05
30.1815431165 	 3.10474581685e-05
30.2571860817 	 1.14535321531e-05
30.3328290469 	 3.85355910442e-05
30.4084720121 	 5.92289369821e-05
30.4841149773 	 4.40317585239e-05
30.5597579425 	 2.72694178198e-05
30.6354009077 	 2.43087469013e-05
30.7110438729 	 2.94431290093e-05
30.7866868381 	 2.60868781945e-05
30.8623298033 	 6.14451526146e-06
30.9379727685 	 2.79268638905e-05
31.0136157337 	 9.85247868744e-06
31.0892586989 	 7.89756577199e-06
31.1649016641 	 2.20842916189e-05
31.2405446293 	 2.46816692909e-05
31.3161875946 	 1.38438074575e-05
31.3918305598 	 1.68713551935e-05
31.467473525 	 1.47180420358e-05
31.5431164902 	 1.46041019987e-05
31.6187594554 	 5.52659452225e-06
31.6944024206 	 1.09224529268e-05
31.7700453858 	 2.45241307732e-05
31.845688351 	 2.83398928189e-05
31.9213313162 	 5.82560821122e-06
31.9969742814 	 2.77909937378e-05
32.0726172466 	 1.42487717899e-05
32.1482602118 	 4.13979533679e-05
32.223903177 	 9.15968118721e-06
32.2995461422 	 1.88518311434e-05
32.3751891074 	 3.12563559322e-05
32.4508320726 	 1.06100404057e-05
32.5264750378 	 4.85743908011e-05
32.602118003 	 1.58641039036e-05
32.6777609682 	 6.79286423801e-06
32.7534039334 	 1.45411563296e-05
32.8290468986 	 3.05027773384e-05
32.9046898638 	 1.98958221371e-05
32.980332829 	 1.04363670408e-05
33.0559757943 	 1.53223162795e-05
33.1316187595 	 1.91301682374e-05
33.2072617247 	 5.34744268231e-06
33.2829046899 	 1.11491539074e-05
33.3585476551 	 5.23759768969e-06
33.4341906203 	 2.75597935917e-06
33.5098335855 	 1.24922138098e-05
33.5854765507 	 1.89301452086e-05
33.6611195159 	 1.07845885014e-05
33.7367624811 	 1.26179970436e-05
33.8124054463 	 1.17989043049e-05
33.8880484115 	 5.32848454764e-06
33.9636913767 	 2.23710902269e-05
34.0393343419 	 6.16556446822e-06
34.1149773071 	 1.43744371562e-05
34.1906202723 	 1.03037132152e-05
34.2662632375 	 2.02420827569e-05
34.3419062027 	 2.47558183376e-06
34.4175491679 	 1.57774513097e-05
34.4931921331 	 2.63968268521e-05
34.5688350983 	 2.96207999797e-05
34.6444780635 	 1.73592173142e-05
34.7201210287 	 1.503389083e-05
34.7957639939 	 2.32061642738e-05
34.8714069592 	 4.5483162235e-06
34.9470499244 	 1.0024822119e-05
35.0226928896 	 1.43316867184e-05
35.0983358548 	 2.3712848747e-06
35.17397882 	 1.1264524114e-05
35.2496217852 	 6.72141108792e-06
35.3252647504 	 1.52166242805e-05
35.4009077156 	 2.34152888837e-05
35.4765506808 	 9.65206365238e-06
35.552193646 	 1.92447154428e-05
35.6278366112 	 1.21533493469e-05
35.7034795764 	 1.17773250626e-05
35.7791225416 	 1.62624858173e-05
35.8547655068 	 9.5285758539e-06
35.930408472 	 9.75609976178e-06
36.0060514372 	 4.66851518377e-06
36.0816944024 	 6.25603123649e-06
36.1573373676 	 1.15428574867e-05
36.2329803328 	 1.7470926088e-05
36.308623298 	 1.24355988157e-05
36.3842662632 	 1.04254330595e-05
36.4599092284 	 5.04353447226e-06
36.5355521936 	 8.81710018688e-06
36.6111951589 	 4.22955534876e-06
36.6868381241 	 1.39989257468e-05
36.7624810893 	 2.1797480736e-05
36.8381240545 	 1.39534995057e-05
36.9137670197 	 9.74009098019e-06
36.9894099849 	 5.58181898926e-06
37.0650529501 	 1.34930395771e-05
37.1406959153 	 1.72591415097e-06
37.2163388805 	 4.07966788276e-06
37.2919818457 	 1.15271423259e-05
37.3676248109 	 4.85411901999e-06
37.4432677761 	 1.2986644498e-05
37.5189107413 	 2.25741415909e-05
37.5945537065 	 6.07844476509e-06
37.6701966717 	 9.98580849781e-06
37.7458396369 	 1.70038291366e-05
37.8214826021 	 7.79641508263e-06
37.8971255673 	 9.78533889069e-06
37.9727685325 	 7.2766506549e-06
38.0484114977 	 1.63591141722e-05
38.1240544629 	 7.36511724292e-06
38.1996974281 	 5.48261506968e-06
38.2753403933 	 8.18757130318e-06
38.3509833585 	 9.58430707916e-06
38.4266263238 	 9.67067274581e-06
38.502269289 	 2.87587844508e-06
38.5779122542 	 1.93448638146e-06
38.6535552194 	 9.38468979969e-06
38.7291981846 	 1.57453020872e-05
38.8048411498 	 8.8698252979e-06
38.880484115 	 2.71751004299e-06
38.9561270802 	 4.29402905563e-06
39.0317700454 	 1.82532423809e-05
39.1074130106 	 1.49841719563e-05
39.1830559758 	 2.70872428719e-05
39.258698941 	 8.23864848167e-06
39.3343419062 	 3.1921009605e-06
39.4099848714 	 7.40644003008e-06
39.4856278366 	 8.28784811366e-06
39.5612708018 	 1.74175013597e-05
39.636913767 	 4.20501531442e-06
39.7125567322 	 4.06557405576e-06
39.7881996974 	 9.46079855015e-06
39.8638426626 	 6.52535901109e-06
39.9394856278 	 8.32157407739e-06
40.015128593 	 2.7994921863e-06
40.0907715582 	 2.2363064053e-06
40.1664145234 	 5.00575012113e-06
40.2420574887 	 7.83324938332e-06
40.3177004539 	 8.18881125017e-06
40.3933434191 	 4.4088491341e-06
40.4689863843 	 5.56736168587e-06
40.5446293495 	 2.38655668716e-06
40.6202723147 	 2.7808829142e-06
40.6959152799 	 6.27858568028e-06
40.7715582451 	 2.09337138186e-06
40.8472012103 	 3.10062291104e-06
40.9228441755 	 2.5105496537e-06
40.9984871407 	 8.07184498234e-06
41.0741301059 	 4.15914857677e-06
41.1497730711 	 4.51746036703e-06
41.2254160363 	 4.20958427872e-06
41.3010590015 	 7.57826824541e-06
41.3767019667 	 7.91014376328e-06
41.4523449319 	 6.59218381198e-06
41.5279878971 	 3.95954286109e-06
41.6036308623 	 1.14056964968e-05
41.6792738275 	 3.34917220093e-06
41.7549167927 	 4.4142328471e-06
41.8305597579 	 2.40095024273e-06
41.9062027231 	 7.63471696241e-06
41.9818456884 	 7.64000019487e-06
42.0574886536 	 3.85301593571e-06
42.1331316188 	 5.62414752997e-06
42.208774584 	 7.38256730096e-06
42.2844175492 	 7.21826730042e-06
42.3600605144 	 8.32225587369e-06
42.4357034796 	 7.71493164935e-06
42.5113464448 	 5.91275778351e-06
42.58698941 	 3.94577852555e-06
42.6626323752 	 3.47032692855e-06
42.7382753404 	 1.81974418848e-06
42.8139183056 	 3.94507500709e-06
42.8895612708 	 7.07443908314e-06
42.965204236 	 6.25965653308e-06
43.0408472012 	 2.47342666503e-06
43.1164901664 	 3.50857477885e-06
43.1921331316 	 1.88010353192e-06
43.2677760968 	 4.68192378974e-06
43.343419062 	 2.81053613287e-06
43.4190620272 	 7.86854633563e-06
43.4947049924 	 3.85612137552e-06
43.5703479576 	 6.41112830732e-06
43.6459909228 	 7.81863949264e-06
43.721633888 	 6.40839027651e-06
43.7972768533 	 5.65757056912e-07
43.8729198185 	 4.92256768913e-06
43.9485627837 	 4.26134321278e-06
44.0242057489 	 4.21970065217e-06
44.0998487141 	 2.52528432999e-06
44.1754916793 	 4.84373063698e-06
44.2511346445 	 2.43040954069e-06
44.3267776097 	 7.57986962687e-06
44.4024205749 	 1.72109052129e-06
44.4780635401 	 4.16909049967e-06
44.5537065053 	 2.06207657747e-06
44.6293494705 	 1.66283708419e-06
44.7049924357 	 6.54991488539e-06
44.7806354009 	 2.0785216275e-06
44.8562783661 	 3.7541555299e-06
44.9319213313 	 5.52942858311e-06
45.0075642965 	 4.75162762549e-06
45.0832072617 	 2.9613307827e-06
45.1588502269 	 3.39996894693e-06
45.2344931921 	 4.33544260149e-06
45.3101361573 	 1.15057523312e-05
45.3857791225 	 6.00512696374e-06
45.4614220877 	 5.80471044164e-06
45.537065053 	 7.94799723519e-06
45.6127080182 	 1.14427928642e-06
45.6883509834 	 2.4621625575e-06
45.7639939486 	 4.18241933318e-06
45.8396369138 	 2.70810181718e-06
45.915279879 	 3.86250920057e-06
45.9909228442 	 2.69693664987e-06
46.0665658094 	 4.88041838095e-06
46.1422087746 	 6.59311576799e-06
46.2178517398 	 6.7654001286e-06
46.293494705 	 4.81022882991e-06
46.3691376702 	 3.47831234111e-06
46.4447806354 	 5.76200744722e-06
46.5204236006 	 3.50020151148e-06
46.5960665658 	 2.08171474079e-06
46.671709531 	 3.05858006229e-06
46.7473524962 	 4.81432160394e-06
46.8229954614 	 7.66246320869e-06
46.8986384266 	 5.00392008624e-06
46.9742813918 	 6.51134381212e-06
47.049924357 	 9.86481196036e-07
47.1255673222 	 3.97846801178e-06
47.2012102874 	 1.55269711996e-06
47.2768532526 	 1.77189460862e-06
47.3524962179 	 3.00366703771e-06
47.4281391831 	 4.68774791331e-06
47.5037821483 	 4.10237362537e-06
47.5794251135 	 3.51158476595e-06
47.6550680787 	 3.63714267775e-06
47.7307110439 	 2.50777006425e-06
47.8063540091 	 3.47766908053e-06
47.8819969743 	 4.73440861208e-06
47.9576399395 	 1.00261995929e-06
48.0332829047 	 1.46795860449e-06
48.1089258699 	 3.67725875248e-06
48.1845688351 	 3.54183168689e-06
48.2602118003 	 2.06973822504e-06
48.3358547655 	 4.81171876333e-06
48.4114977307 	 5.66631377639e-06
48.4871406959 	 5.6962821795e-06
48.5627836611 	 7.272575615e-07
48.6384266263 	 5.11197237038e-06
48.7140695915 	 2.13252409222e-06
48.7897125567 	 1.30667557315e-06
48.8653555219 	 1.75703528672e-06
48.9409984871 	 1.23539754157e-06
49.0166414523 	 1.50585344502e-06
49.0922844175 	 8.125812373e-07
49.1679273828 	 3.33947065485e-06
49.243570348 	 8.53008984488e-07
49.3192133132 	 2.69065514418e-06
49.3948562784 	 4.32536564388e-06
49.4704992436 	 1.73334660979e-06
49.5461422088 	 1.72002030821e-06
49.621785174 	 3.58234461731e-06
49.6974281392 	 2.89321267938e-06
49.7730711044 	 2.08292813848e-06
49.8487140696 	 1.85717101602e-06
49.9243570348 	 1.13940970738e-06
50.0 	 1.71697816183e-06
50.0756429652 	 1.15113149974e-06
50.1512859304 	 1.30468156906e-06
50.2269288956 	 1.00348994088e-06
50.3025718608 	 1.51693347344e-06
50.378214826 	 6.4966821369e-07
50.4538577912 	 6.39671085109e-07
50.5295007564 	 9.67131295232e-07
50.6051437216 	 1.02312998884e-06
50.6807866868 	 2.89782742789e-06
50.756429652 	 1.2061485106e-06
50.8320726172 	 1.8062708128e-06
50.9077155825 	 1.47548968078e-06
50.9833585477 	 7.68017378741e-07
51.0590015129 	 5.54639013566e-07
51.1346444781 	 1.60139180635e-06
51.2102874433 	 1.71779824204e-06
51.2859304085 	 3.14580113678e-06
51.3615733737 	 3.42798832566e-06
51.4372163389 	 1.35964125549e-06
51.5128593041 	 1.45363397564e-06
51.5885022693 	 5.91656173013e-07
51.6641452345 	 2.25959561572e-06
51.7397881997 	 2.68147650544e-06
51.8154311649 	 1.90976758003e-06
51.8910741301 	 1.4120051436e-06
51.9667170953 	 2.93020285521e-06
52.0423600605 	 2.0666535831e-06
52.1180030257 	 2.05461735126e-06
52.1936459909 	 1.85703999822e-06
52.2692889561 	 5.52608398159e-07
52.3449319213 	 1.52614997044e-06
52.4205748865 	 8.25182213505e-07
52.4962178517 	 2.06624692593e-06
52.5718608169 	 1.07876660333e-06
52.6475037821 	 1.63911074444e-06
52.7231467474 	 2.64436114636e-06
52.7987897126 	 2.41470311358e-06
52.8744326778 	 1.00493000643e-06
52.950075643 	 1.01920339214e-06
53.0257186082 	 1.97171651901e-06
53.1013615734 	 2.45230203938e-06
53.1770045386 	 1.46098534777e-06
53.2526475038 	 1.78235190875e-06
53.328290469 	 1.17999909356e-06
53.4039334342 	 2.02173418107e-06
53.4795763994 	 3.06067985224e-06
53.5552193646 	 1.71250783251e-06
53.6308623298 	 2.1226957221e-06
53.706505295 	 1.64979007623e-06
53.7821482602 	 1.41276743219e-06
53.8577912254 	 4.67169506297e-07
53.9334341906 	 2.09458634057e-06
54.0090771558 	 1.97927573388e-06
54.084720121 	 8.98030290347e-07
54.1603630862 	 2.70137256618e-06
54.2360060514 	 2.59901859125e-06
54.3116490166 	 1.8437062752e-06
54.3872919818 	 2.05684426794e-06
54.462934947 	 2.91108814923e-06
54.5385779123 	 3.70482471278e-07
54.6142208775 	 2.4535526152e-06
54.6898638427 	 5.73811982838e-07
54.7655068079 	 8.94765408215e-07
54.8411497731 	 6.2471268762e-07
54.9167927383 	 1.00765862514e-06
54.9924357035 	 1.0353007816e-06
55.0680786687 	 2.20355603348e-06
55.1437216339 	 3.00932939575e-06
55.2193645991 	 1.44963760739e-06
55.2950075643 	 1.54972265872e-06
55.3706505295 	 1.15306591743e-06
55.4462934947 	 1.38397528244e-06
55.5219364599 	 7.73259391865e-08
55.5975794251 	 1.56911130258e-06
55.6732223903 	 5.68647610639e-07
55.7488653555 	 1.37304500866e-06
55.8245083207 	 5.82046517068e-07
55.9001512859 	 1.18600054489e-06
55.9757942511 	 4.8528972175e-07
56.0514372163 	 6.17124141972e-07
56.1270801815 	 6.08347640046e-07
56.2027231467 	 1.38921613197e-06
56.278366112 	 1.89245293562e-06
56.3540090772 	 8.5161089919e-07
56.4296520424 	 2.11702921655e-06
56.5052950076 	 1.00125199237e-06
56.5809379728 	 9.46056884083e-07
56.656580938 	 1.06740015539e-06
56.7322239032 	 2.54772140163e-07
56.8078668684 	 1.61698447172e-06
56.8835098336 	 2.20148551178e-06
56.9591527988 	 7.32299757401e-07
57.034795764 	 6.392571606e-07
57.1104387292 	 1.15116801647e-06
57.1860816944 	 1.43367398649e-06
57.2617246596 	 9.23020667754e-07
57.3373676248 	 5.38701032013e-07
57.41301059 	 1.02703697545e-06
57.4886535552 	 1.28264852161e-06
57.5642965204 	 8.98753160917e-07
57.6399394856 	 8.25052273088e-07
57.7155824508 	 9.1835187465e-07
57.791225416 	 5.87161297414e-07
57.8668683812 	 1.36993193252e-06
57.9425113464 	 1.53065726486e-06
58.0181543116 	 2.15103239231e-06
58.0937972769 	 2.24183897386e-06
58.1694402421 	 1.28842895196e-06
58.2450832073 	 5.66062210114e-07
58.3207261725 	 5.04853506088e-07
58.3963691377 	 4.12534807807e-07
58.4720121029 	 1.96923726017e-06
58.5476550681 	 7.62272079552e-07
58.6232980333 	 1.21415850514e-06
58.6989409985 	 4.6981115005e-07
58.7745839637 	 6.40586026269e-07
58.8502269289 	 1.68519575841e-06
58.9258698941 	 7.84241925792e-07
59.0015128593 	 1.31732469408e-06
59.0771558245 	 2.00288185265e-06
59.1527987897 	 1.27996033164e-06
59.2284417549 	 3.36079509655e-07
59.3040847201 	 7.05255810335e-07
59.3797276853 	 1.36843704384e-06
59.4553706505 	 2.11410863683e-06
59.5310136157 	 5.65359989584e-07
59.6066565809 	 9.39458571379e-07
59.6822995461 	 4.76590491447e-07
59.7579425113 	 8.54700095637e-07
59.8335854766 	 1.05353141412e-06
59.9092284418 	 1.19752909248e-06
59.984871407 	 3.89264518029e-07
60.0605143722 	 1.04698212661e-06
60.1361573374 	 7.38541296106e-07
60.2118003026 	 1.33928135483e-06
60.2874432678 	 1.02176261592e-06
60.363086233 	 5.29757898561e-07
60.4387291982 	 8.38189398021e-07
60.5143721634 	 4.97267433316e-07
60.5900151286 	 7.83521084316e-07
60.6656580938 	 5.7581184416e-07
60.741301059 	 9.29216140903e-07
60.8169440242 	 1.53461973788e-07
60.8925869894 	 8.34871167385e-07
60.9682299546 	 1.55406765176e-06
61.0438729198 	 5.09445021965e-07
61.119515885 	 1.06620201028e-06
61.1951588502 	 6.71985128482e-07
61.2708018154 	 9.20548558853e-07
61.3464447806 	 8.09542595363e-07
61.4220877458 	 8.4885883321e-07
61.497730711 	 7.11706021191e-07
61.5733736762 	 7.68101359926e-07
61.6490166415 	 2.11221520945e-07
61.7246596067 	 1.45905439455e-06
61.8003025719 	 1.35183654364e-06
61.8759455371 	 1.50347865562e-06
61.9515885023 	 1.4107529863e-06
62.0272314675 	 1.45260816917e-07
62.1028744327 	 6.29273710886e-07
62.1785173979 	 3.65265221515e-07
62.2541603631 	 5.30498881342e-07
62.3298033283 	 3.07730559032e-07
62.4054462935 	 4.97109779538e-07
62.4810892587 	 9.21553360718e-07
62.5567322239 	 9.50660623829e-07
62.6323751891 	 9.24037319208e-07
62.7080181543 	 4.09597964854e-07
62.7836611195 	 1.34759211423e-07
62.8593040847 	 8.24179809115e-07
62.9349470499 	 3.32286942452e-07
63.0105900151 	 5.8921025608e-07
63.0862329803 	 5.61914436618e-07
63.1618759455 	 3.78322377743e-07
63.2375189107 	 8.72190582138e-07
63.3131618759 	 1.65355115065e-07
63.3888048411 	 6.37785375127e-07
63.4644478064 	 5.90976800395e-07
63.5400907716 	 7.3762005961e-07
63.6157337368 	 1.30261451866e-06
63.691376702 	 1.14885087606e-06
63.7670196672 	 5.86393466418e-07
63.8426626324 	 2.41684341393e-07
63.9183055976 	 3.37766338666e-07
63.9939485628 	 4.04428368262e-08
64.069591528 	 2.9795559883e-07
64.1452344932 	 8.03774640421e-07
64.2208774584 	 4.27154474776e-07
64.2965204236 	 3.23191929875e-07
64.3721633888 	 7.68295161499e-07
64.447806354 	 8.10179811643e-07
64.5234493192 	 3.23657617459e-07
64.5990922844 	 5.29835199537e-07
64.6747352496 	 7.86832232481e-07
64.7503782148 	 7.12835599239e-07
64.82602118 	 6.55858750597e-07
64.9016641452 	 6.43437166917e-07
64.9773071104 	 3.41496314927e-07
65.0529500756 	 2.43870265951e-07
65.1285930408 	 6.37307774805e-07
65.2042360061 	 1.45194736015e-07
65.2798789713 	 6.05240443738e-07
65.3555219365 	 3.69122003112e-07
65.4311649017 	 1.98411165345e-07
65.5068078669 	 2.08732731202e-07
65.5824508321 	 4.46678731088e-07
65.6580937973 	 8.194647376e-07
65.7337367625 	 1.72958991002e-07
65.8093797277 	 6.05938946664e-07
65.8850226929 	 3.30620658242e-07
65.9606656581 	 4.67333121216e-07
66.0363086233 	 9.15723558203e-07
66.1119515885 	 1.27775590526e-06
66.1875945537 	 8.61050051094e-07
66.2632375189 	 6.66913213431e-07
66.3388804841 	 5.95182515573e-07
66.4145234493 	 8.49902674279e-07
66.4901664145 	 8.40416097456e-07
66.5658093797 	 7.51275025353e-07
66.6414523449 	 3.59448105841e-07
66.7170953101 	 4.99484118306e-07
66.7927382753 	 4.75263901015e-07
66.8683812405 	 7.14530905606e-07
66.9440242057 	 4.26742355608e-07
67.019667171 	 3.16413666759e-07
67.0953101362 	 1.15905505286e-06
67.1709531014 	 1.1856879548e-06
67.2465960666 	 8.03853577008e-07
67.3222390318 	 1.36207460139e-07
67.397881997 	 5.75676568193e-07
67.4735249622 	 6.01176918365e-07
67.5491679274 	 4.33503551708e-07
67.6248108926 	 2.79108258346e-07
67.7004538578 	 3.450073201e-07
67.776096823 	 4.99778649784e-07
67.8517397882 	 1.70299463683e-07
67.9273827534 	 3.80375023113e-07
68.0030257186 	 9.19104696223e-07
68.0786686838 	 7.53989708532e-07
68.154311649 	 2.91329599894e-07
68.2299546142 	 6.39157281939e-07
68.3055975794 	 8.17742273378e-07
68.3812405446 	 5.43650787938e-07
68.4568835098 	 3.51345352595e-07
68.532526475 	 5.6817838315e-07
68.6081694402 	 5.88881399418e-07
68.6838124054 	 6.57775113645e-07
68.7594553707 	 4.1015253845e-07
68.8350983359 	 3.45988508544e-07
68.9107413011 	 4.4291729802e-07
68.9863842663 	 5.93912171376e-07
69.0620272315 	 2.64286742751e-07
69.1376701967 	 1.45306799832e-07
69.2133131619 	 3.72194170651e-07
69.2889561271 	 4.41454419686e-07
69.3645990923 	 3.53554199787e-07
69.4402420575 	 1.98370524806e-07
69.5158850227 	 5.65465492056e-07
69.5915279879 	 3.01698361147e-07
69.6671709531 	 4.69715270815e-07
69.7428139183 	 6.65373358907e-07
69.8184568835 	 5.9874940086e-07
69.8940998487 	 2.02123644399e-07
69.9697428139 	 7.48124873066e-08
70.0453857791 	 2.21409031429e-07
70.1210287443 	 1.84878040123e-07
70.1966717095 	 9.67559094846e-08
70.2723146747 	 2.14803380772e-07
70.3479576399 	 3.42125308364e-07
70.4236006051 	 5.93034075683e-07
70.4992435703 	 4.73471376995e-07
70.5748865356 	 5.48611276401e-07
70.6505295008 	 3.53262625995e-07
70.726172466 	 3.39738033597e-07
70.8018154312 	 1.43260080002e-07
70.8774583964 	 2.52837744943e-07
70.9531013616 	 3.70494628497e-07
71.0287443268 	 4.96106509648e-07
71.104387292 	 6.54514046763e-07
71.1800302572 	 7.13047712432e-08
71.2556732224 	 4.67705196704e-07
71.3313161876 	 5.81701264775e-07
71.4069591528 	 5.53564879015e-07
71.482602118 	 3.18164680153e-07
71.5582450832 	 2.44288866147e-07
71.6338880484 	 4.96941373432e-07
71.7095310136 	 1.57082255578e-07
71.7851739788 	 1.03529496801e-07
71.860816944 	 2.59050287286e-07
71.9364599092 	 6.48456296849e-07
72.0121028744 	 3.41092623932e-07
72.0877458396 	 1.64273288697e-07
72.1633888048 	 1.20029532488e-07
72.23903177 	 4.13339362555e-07
72.3146747352 	 2.81816155875e-07
72.3903177005 	 2.81788849289e-07
72.4659606657 	 1.16750983162e-07
72.5416036309 	 1.45552319989e-07
72.6172465961 	 5.40240284649e-07
72.6928895613 	 5.55322445485e-07
72.7685325265 	 3.24556308595e-07
72.8441754917 	 4.78708184315e-07
72.9198184569 	 2.84575792571e-07
72.9954614221 	 2.28837144674e-07
73.0711043873 	 2.86758083062e-07
73.1467473525 	 5.2983081511e-07
73.2223903177 	 6.55346830896e-07
73.2980332829 	 1.14642328508e-07
73.3736762481 	 3.73146162419e-07
73.4493192133 	 2.29914453171e-07
73.5249621785 	 2.2342764159e-07
73.6006051437 	 1.83294486968e-07
73.6762481089 	 3.2810666784e-07
73.7518910741 	 6.68263174981e-08
73.8275340393 	 1.32457699763e-07
73.9031770045 	 6.00993803779e-07
73.9788199697 	 6.06548405257e-07
74.0544629349 	 4.57203527837e-07
74.1301059002 	 3.95564047766e-07
74.2057488654 	 4.01563839355e-07
74.2813918306 	 4.78532533069e-07
74.3570347958 	 3.94067265661e-07
74.432677761 	 2.9478269203e-07
74.5083207262 	 2.62461441042e-07
74.5839636914 	 9.88092829871e-08
74.6596066566 	 9.48477840126e-08
74.7352496218 	 2.62922101406e-07
74.810892587 	 2.66063865383e-07
74.8865355522 	 2.15900070724e-07
74.9621785174 	 1.5400159466e-07
75.0378214826 	 4.00976056654e-07
75.1134644478 	 2.56835728167e-07
75.189107413 	 3.74149383e-07
75.2647503782 	 3.85877395364e-07
75.3403933434 	 4.96431315764e-07
75.4160363086 	 1.85877651047e-07
75.4916792738 	 1.86903802797e-07
75.567322239 	 2.7376120896e-07
75.6429652042 	 1.12566021572e-07
75.7186081694 	 4.23721717424e-07
75.7942511346 	 3.63636288187e-07
75.8698940998 	 2.77813679918e-07
75.9455370651 	 3.64247182709e-07
76.0211800303 	 1.99311534363e-07
76.0968229955 	 9.49398661061e-08
76.1724659607 	 1.70448966278e-07
76.2481089259 	 1.20987894175e-07
76.3237518911 	 4.74624675654e-07
76.3993948563 	 3.96073906086e-07
76.4750378215 	 3.58683403025e-07
76.5506807867 	 2.26473461876e-07
76.6263237519 	 3.8300065839e-07
76.7019667171 	 2.2847088252e-07
76.7776096823 	 1.45805536897e-07
76.8532526475 	 8.19980226096e-08
76.9288956127 	 4.77776939661e-07
77.0045385779 	 5.39981022004e-07
77.0801815431 	 3.87618606991e-07
77.1558245083 	 1.11293941336e-07
77.2314674735 	 9.06372239781e-08
77.3071104387 	 1.03082342144e-07
77.3827534039 	 2.40723317128e-07
77.4583963691 	 1.9717758615e-07
77.5340393343 	 3.44519513066e-07
77.6096822995 	 3.99095188443e-07
77.6853252648 	 6.03287352511e-07
77.76096823 	 5.15185386776e-07
77.8366111952 	 4.45619155147e-07
77.9122541604 	 2.97494387252e-07
77.9878971256 	 1.16192523033e-07
78.0635400908 	 1.85936879372e-07
78.139183056 	 2.71504699229e-07
78.2148260212 	 2.51377047236e-07
78.2904689864 	 7.81876381229e-08
78.3661119516 	 2.42867484678e-07
78.4417549168 	 2.22911082119e-07
78.517397882 	 2.06871082022e-07
78.5930408472 	 2.31127578117e-07
78.6686838124 	 2.85338633717e-07
78.7443267776 	 4.4328175304e-07
78.8199697428 	 3.44688057004e-07
78.895612708 	 2.45669561284e-07
78.9712556732 	 2.74336029504e-07
79.0468986384 	 1.60623047004e-07
79.1225416036 	 1.79718506435e-07
79.1981845688 	 3.01982720194e-07
79.273827534 	 2.23343718607e-07
79.3494704992 	 2.1446742571e-07
79.4251134644 	 3.76340436312e-07
79.5007564297 	 4.4262869759e-07
79.5763993949 	 3.68434831976e-07
79.6520423601 	 1.25865425916e-07
79.7276853253 	 5.7469431402e-08
79.8033282905 	 3.11726362939e-07
79.8789712557 	 2.99472235509e-07
79.9546142209 	 2.29631533568e-07
80.0302571861 	 4.10523214068e-07
80.1059001513 	 3.50756017057e-07
80.1815431165 	 2.05277378185e-07
80.2571860817 	 3.02804682985e-07
80.3328290469 	 3.69545745653e-07
80.4084720121 	 2.439483562e-07
80.4841149773 	 1.51694663736e-07
80.5597579425 	 2.39688405202e-07
80.6354009077 	 3.08058835333e-07
80.7110438729 	 2.38984989275e-07
80.7866868381 	 1.46188488058e-07
80.8623298033 	 2.29605659713e-07
80.9379727685 	 3.12288438169e-07
81.0136157337 	 2.50434112995e-07
81.0892586989 	 1.51937206051e-07
81.1649016641 	 3.52917737642e-07
81.2405446293 	 3.64692189925e-07
81.3161875946 	 2.10551013075e-07
81.3918305598 	 2.82453580975e-07
81.467473525 	 1.05194971844e-07
81.5431164902 	 6.56923455891e-08
81.6187594554 	 1.43472848054e-07
81.6944024206 	 1.5991928494e-07
81.7700453858 	 9.86067856736e-08
81.845688351 	 1.15126298658e-07
81.9213313162 	 2.25825283556e-07
81.9969742814 	 3.40628611792e-07
82.0726172466 	 2.99679056384e-07
82.1482602118 	 4.77772409342e-08
82.223903177 	 1.47143749304e-07
82.2995461422 	 1.62268149319e-07
82.3751891074 	 2.79172267807e-07
82.4508320726 	 3.20840425912e-07
82.5264750378 	 1.87979083074e-07
82.602118003 	 2.10292422284e-07
82.6777609682 	 2.03320051687e-07
82.7534039334 	 2.22931863102e-07
82.8290468986 	 1.14611536765e-07
82.9046898638 	 1.40277628284e-07
82.980332829 	 1.00326195424e-07
83.0559757943 	 2.12727379441e-07
83.1316187595 	 2.71719312772e-07
83.2072617247 	 3.49683375901e-07
83.2829046899 	 1.72592281676e-07
83.3585476551 	 1.87053279504e-07
83.4341906203 	 2.54913113005e-07
83.5098335855 	 2.01058925407e-07
83.5854765507 	 2.27572365216e-07
83.6611195159 	 2.3456149779e-07
83.7367624811 	 2.326574619e-07
83.8124054463 	 1.82922023792e-07
83.8880484115 	 1.75217280961e-07
83.9636913767 	 6.67324621452e-08
84.0393343419 	 3.6526857817e-08
84.1149773071 	 2.4914570229e-07
84.1906202723 	 2.94107975839e-07
84.2662632375 	 2.50246408893e-07
84.3419062027 	 1.92573368582e-07
84.4175491679 	 1.49313165527e-07
84.4931921331 	 1.32974498728e-07
84.5688350983 	 8.77502697388e-08
84.6444780635 	 9.51104393331e-08
84.7201210287 	 2.15739914987e-07
84.7957639939 	 2.97334791366e-07
84.8714069592 	 3.34753127907e-07
84.9470499244 	 2.88666821966e-07
85.0226928896 	 1.44161925674e-07
85.0983358548 	 7.25998463303e-08
85.17397882 	 2.04818992528e-08
85.2496217852 	 1.52106256649e-07
85.3252647504 	 1.38245042961e-07
85.4009077156 	 1.44956451009e-07
85.4765506808 	 1.89511961576e-07
85.552193646 	 2.41201572729e-07
85.6278366112 	 3.02575408067e-07
85.7034795764 	 2.69433954314e-07
85.7791225416 	 1.39023184663e-07
85.8547655068 	 1.41699974061e-07
85.930408472 	 1.06760657626e-07
86.0060514372 	 1.80427526557e-07
86.0816944024 	 2.99438907867e-07
86.1573373676 	 1.1790045894e-07
86.2329803328 	 1.5368274681e-07
86.308623298 	 1.72104617857e-07
86.3842662632 	 1.5913869582e-07
86.4599092284 	 4.41417582455e-08
86.5355521936 	 1.41221566447e-07
86.6111951589 	 1.45599833376e-07
86.6868381241 	 1.20366039713e-07
86.7624810893 	 1.39585720018e-07
86.8381240545 	 2.51050519267e-07
86.9137670197 	 2.19970382779e-07
86.9894099849 	 2.19821716209e-07
87.0650529501 	 1.40324621653e-07
87.1406959153 	 2.43098291344e-07
87.2163388805 	 2.14727355954e-07
87.2919818457 	 6.88931909519e-08
87.3676248109 	 1.31337326406e-07
87.4432677761 	 2.36853776281e-07
87.5189107413 	 1.35802840108e-07
87.5945537065 	 1.14690824584e-07
87.6701966717 	 1.77263678009e-07
87.7458396369 	 1.80079764068e-07
87.8214826021 	 9.55681950446e-08
87.8971255673 	 1.40928021777e-07
87.9727685325 	 1.59529240487e-07
88.0484114977 	 1.82950177648e-07
88.1240544629 	 1.88540537974e-07
88.1996974281 	 1.64648773386e-07
88.2753403933 	 2.69192151801e-07
88.3509833585 	 1.85330575702e-07
88.4266263238 	 1.12774329363e-07
88.502269289 	 1.67181938559e-07
88.5779122542 	 1.22189043588e-07
88.6535552194 	 6.76814910743e-08
88.7291981846 	 1.6304893387e-07
88.8048411498 	 1.49832977873e-07
88.880484115 	 1.79273375398e-07
88.9561270802 	 1.46131935515e-07
89.0317700454 	 1.35735172244e-07
89.1074130106 	 8.32413687627e-08
89.1830559758 	 1.49029064608e-07
89.258698941 	 2.08785908012e-07
89.3343419062 	 2.19968740682e-07
89.4099848714 	 2.32055273238e-07
89.4856278366 	 8.61685735826e-08
89.5612708018 	 1.27045073187e-07
89.636913767 	 1.282325376e-07
89.7125567322 	 1.03940125275e-07
89.7881996974 	 8.46409416667e-08
89.8638426626 	 1.07388106758e-07
89.9394856278 	 1.62734997183e-07
90.015128593 	 2.05617827023e-07
90.0907715582 	 1.16641238162e-07
90.1664145234 	 1.82650797062e-07
90.2420574887 	 1.05722346076e-07
90.3177004539 	 1.26103659497e-07
90.3933434191 	 1.66039871686e-07
90.4689863843 	 1.83086015397e-07
90.5446293495 	 1.70169706675e-07
90.6202723147 	 1.53257585288e-07
90.6959152799 	 1.38371065921e-07
90.7715582451 	 1.68662608861e-07
90.8472012103 	 1.65478551746e-07
90.9228441755 	 9.84379190095e-08
90.9984871407 	 1.05962133626e-07
91.0741301059 	 1.56441435529e-07
91.1497730711 	 8.10140014475e-08
91.2254160363 	 1.13952340503e-07
91.3010590015 	 1.22542572155e-07
91.3767019667 	 1.0842885695e-07
91.4523449319 	 1.2915831551e-07
91.5279878971 	 2.41349026549e-07
91.6036308623 	 2.29862960533e-07
91.6792738275 	 1.69041977971e-07
91.7549167927 	 1.86325882015e-07
91.8305597579 	 1.16500331407e-07
91.9062027231 	 1.13160968637e-07
91.9818456884 	 9.22342085159e-08
92.0574886536 	 1.13989263255e-07
92.1331316188 	 1.52795327269e-07
92.208774584 	 1.78152152346e-07
92.2844175492 	 1.00085096973e-07
92.3600605144 	 1.90424920628e-07
92.4357034796 	 1.3192297503e-07
92.5113464448 	 1.68185333029e-07
92.58698941 	 1.29518043443e-07
92.6626323752 	 1.18324491521e-07
92.7382753404 	 9.51793171881e-08
92.8139183056 	 1.68458808263e-07
92.8895612708 	 1.43631636762e-07
92.965204236 	 1.56246438897e-07
93.0408472012 	 1.35822717704e-07
93.1164901664 	 8.57665068194e-08
93.1921331316 	 1.24825602498e-07
93.2677760968 	 1.40326256509e-07
93.343419062 	 1.10174234845e-07
93.4190620272 	 1.14446111072e-07
93.4947049924 	 9.42831323705e-08
93.5703479576 	 1.21301946929e-07
93.6459909228 	 1.30033233212e-07
93.721633888 	 1.22148802719e-07
93.7972768533 	 1.0431719828e-07
93.8729198185 	 1.43656380099e-07
93.9485627837 	 1.36825521519e-07
94.0242057489 	 1.45151047001e-07
94.0998487141 	 1.84817628383e-07
94.1754916793 	 1.42947707344e-07
94.2511346445 	 1.54740385864e-07
94.3267776097 	 1.3415625695e-07
94.4024205749 	 8.68190279052e-08
94.4780635401 	 1.05198516395e-07
94.5537065053 	 1.18666765039e-07
94.6293494705 	 1.25576306099e-07
94.7049924357 	 1.3804200329e-07
94.7806354009 	 1.3682860283e-07
94.8562783661 	 1.49001954752e-07
94.9319213313 	 1.3892527986e-07
95.0075642965 	 1.35797065967e-07
95.0832072617 	 1.46805163736e-07
95.1588502269 	 1.24346677401e-07
95.2344931921 	 1.32161019742e-07
95.3101361573 	 1.05739526311e-07
95.3857791225 	 1.40241162172e-07
95.4614220877 	 1.20679629571e-07
95.537065053 	 1.30991616239e-07
95.6127080182 	 1.27360040021e-07
95.6883509834 	 1.02256122605e-07
95.7639939486 	 1.01261351621e-07
95.8396369138 	 1.40980726467e-07
95.915279879 	 1.34259569568e-07
95.9909228442 	 1.16253878526e-07
96.0665658094 	 1.29333049001e-07
96.1422087746 	 1.35264064588e-07
96.2178517398 	 1.25030489593e-07
96.293494705 	 1.34229097127e-07
96.3691376702 	 1.14954071753e-07
96.4447806354 	 1.3894484485e-07
96.5204236006 	 1.32312405757e-07
96.5960665658 	 1.27386872759e-07
96.671709531 	 1.18785517325e-07
96.7473524962 	 1.20705195556e-07
96.8229954614 	 1.14539408615e-07
96.8986384266 	 1.09012766549e-07
96.9742813918 	 1.28688593221e-07
97.049924357 	 1.22817115545e-07
97.1255673222 	 1.20768520387e-07
97.2012102874 	 1.30730688649e-07
97.2768532526 	 1.21839740963e-07
97.3524962179 	 1.27826972766e-07
97.4281391831 	 1.24751534076e-07
97.5037821483 	 1.19563970366e-07
97.5794251135 	 1.341379315e-07
97.6550680787 	 1.28298473457e-07
97.7307110439 	 1.35166755366e-07
97.8063540091 	 1.29573100847e-07
97.8819969743 	 1.22787074058e-07
97.9576399395 	 1.14588914992e-07
98.0332829047 	 1.22708218354e-07
98.1089258699 	 1.10771614849e-07
98.1845688351 	 1.06629621719e-07
98.2602118003 	 1.16686858479e-07
98.3358547655 	 1.39612822413e-07
98.4114977307 	 1.32172999019e-07
98.4871406959 	 1.29993306601e-07
98.5627836611 	 1.20571666326e-07
98.6384266263 	 1.26994615877e-07
98.7140695915 	 1.19919164529e-07
98.7897125567 	 1.17768951618e-07
98.8653555219 	 1.21318762447e-07
98.9409984871 	 1.25194328438e-07
99.0166414523 	 1.24019426613e-07
99.0922844175 	 1.24245855271e-07
99.1679273828 	 1.21513851417e-07
99.243570348 	 1.19577989685e-07
99.3192133132 	 1.17814344052e-07
99.3948562784 	 1.2276276563e-07
99.4704992436 	 1.23513641647e-07
99.5461422088 	 1.24247419272e-07
99.621785174 	 1.22104093665e-07
99.6974281392 	 1.21480824729e-07
99.7730711044 	 1.21808229909e-07
99.8487140696 	 1.23381271651e-07
99.9243570348 	 1.22418899442e-07
100.0 	 1.22474724121e-07
