0.0  0.0
0.005  -0.005455637
0.01  -0.01093883
0.015  -0.01645358
0.02  -0.02200376
0.025  -0.02759682
0.03  -0.03324875
0.035  -0.0389857
0.04  -0.04483656
0.045  -0.05081955
0.05  -0.05693331
0.055  -0.06315679
0.06  -0.06945079
0.065  -0.07576036
0.07  -0.082045
0.075  -0.08833452
0.08  -0.0947241
0.085  -0.1012833
0.09  -0.1079686
0.095  -0.1146514
0.1  -0.1212479
0.105  -0.1278177
0.11  -0.134534
0.115  -0.1415547
0.12  -0.1489221
0.125  -0.1565376
0.13  -0.1641639
0.135  -0.1714813
0.14  -0.1783035
0.145  -0.1848464
0.15  -0.1915366
0.155  -0.1984826
0.16  -0.2054858
0.165  -0.2124521
0.17  -0.2195001
0.17500000000000002  -0.2267076
0.18  -0.2338197
0.185  -0.2403536
0.19  -0.2460255
0.195  -0.2508425
0.2  -0.2548205
0.20500000000000002  -0.2578236
0.21  -0.2596904
0.215  -0.2605249
0.22  -0.2608446
0.225  -0.2612188
0.23  -0.2616219
0.23500000000000001  -0.2615576
0.24  -0.2607281
0.245  -0.2591669
0.25  -0.2570375
0.255  -0.2545243
0.26  -0.2517664
0.265  -0.2487872
0.27  -0.2455143
0.275  -0.2419196
0.28  -0.2381295
0.28500000000000003  -0.2343903
0.29  -0.2308754
0.295  -0.2274242
0.3  -0.2234909
0.305  -0.2185253
0.31  -0.2125651
0.315  -0.206321
0.32  -0.2004499
0.325  -0.1948854
0.33  -0.1891791
0.335  -0.1831268
0.34  -0.1767583
0.34500000000000003  -0.1701183
0.35000000000000003  -0.1632005
0.355  -0.1560401
0.36  -0.1488862
0.365  -0.1422763
0.37  -0.1368334
0.375  -0.132884
0.38  -0.1303153
0.385  -0.1286331
0.39  -0.127149
0.395  -0.1255578
0.4  -0.1243676
0.405  -0.1244536
0.41000000000000003  -0.1261927
0.41500000000000004  -0.1291783
0.42  -0.1325554
0.425  -0.1355097
0.43  -0.1377479
0.435  -0.139635
0.44  -0.1414446
0.445  -0.1426037
0.45  -0.1420299
0.455  -0.1388803
0.46  -0.1328455
0.465  -0.1242175
0.47000000000000003  -0.1138317
0.47500000000000003  -0.1025885
0.48  -0.09079354
0.485  -0.07789935
0.49  -0.06273087
0.495  -0.04405853
0.5  -0.02193375
0.505  0.0009914159
0.51  0.02063153
0.515  0.03501687
0.52  0.04619317
0.525  0.05770194
0.53  0.07082107
0.535  0.08504026
0.54  0.1007785
0.545  0.1194299
0.55  0.1413662
0.555  0.1650518
0.56  0.1885942
0.5650000000000001  0.2119401
0.5700000000000001  0.2366982
0.5750000000000001  0.2637963
0.58  0.292228
0.585  0.3202316
0.59  0.3470435
0.595  0.3729402
0.6  0.3983487
0.605  0.4235043
0.61  0.4485056
0.615  0.4734187
0.62  0.49828
0.625  0.5231162
0.63  0.548043
0.635  0.5732611
0.64  0.5988972
0.645  0.6248912
0.65  0.6509789
0.655  0.6766627
0.66  0.7011359
0.665  0.723158
0.67  0.7414522
0.675  0.7557098
0.68  0.766493
0.685  0.7741958
0.6900000000000001  0.7786719
0.6950000000000001  0.7796226
0.7000000000000001  0.7772309
0.705  0.7723678
0.71  0.7660778
0.715  0.7585744
0.72  0.7487816
0.725  0.7351181
0.73  0.7168836
0.735  0.6949445
0.74  0.670815
0.745  0.6451702
0.75  0.6176792
0.755  0.587927
0.76  0.5560788
0.765  0.5229229
0.77  0.4892768
0.775  0.4551456
0.78  0.419848
0.785  0.383129
0.79  0.3457525
0.795  0.3088144
0.8  0.2726205
0.805  0.2367927
0.81  0.2012354
0.8150000000000001  0.1664697
0.8200000000000001  0.1330967
0.8250000000000001  0.1010727
0.8300000000000001  0.06982682
0.835  0.03896398
0.84  0.008600579
0.845  -0.02061808
0.85  -0.04761536
0.855  -0.07140503
0.86  -0.09183075
0.865  -0.1092209
0.87  -0.1234786
0.875  -0.1344559
0.88  -0.142824
0.885  -0.1495751
0.89  -0.1546558
0.895  -0.1570337
0.9  -0.1561392
0.905  -0.1524734
0.91  -0.147055
0.915  -0.1407931
0.92  -0.1342168
0.925  -0.1273958
0.93  -0.1200733
0.935  -0.1119555
0.9400000000000001  -0.1030448
0.9450000000000001  -0.09392248
0.9500000000000001  -0.08541471
0.9550000000000001  -0.07784208
0.96  -0.07086986
0.965  -0.06395516
0.97  -0.05661269
0.975  -0.04839577
0.98  -0.03888182
0.985  -0.02770764
0.99  -0.01479755
0.995  -0.0006405825
1.0  0.01387303
1.0050000000000001  0.02805838
1.01  0.04204735
1.0150000000000001  0.05666594
1.02  0.07277104
1.025  0.09084942
1.03  0.1108938
1.035  0.13213
1.04  0.1527297
1.045  0.1705406
1.05  0.1847334
1.055  0.1960789
1.06  0.2056578
1.065  0.2140022
1.07  0.2210484
1.075  0.2262909
1.08  0.228971
1.085  0.2285764
1.09  0.2253566
1.095  0.2200089
1.1  0.2128165
1.105  0.2033753
1.11  0.1911888
1.115  0.1765033
1.12  0.1604326
1.125  0.1442318
1.1300000000000001  0.1283814
1.135  0.1126832
1.1400000000000001  0.09701901
1.145  0.08150188
1.1500000000000001  0.06626105
1.155  0.05131088
1.16  0.03654546
1.165  0.02176549
1.17  0.006688577
1.175  -0.008990239
1.18  -0.02534489
1.185  -0.04195868
1.19  -0.05796303
1.195  -0.0724252
1.2  -0.08480384
1.205  -0.09491387
1.21  -0.1028628
1.215  -0.109475
1.22  -0.1163495
1.225  -0.1248355
1.23  -0.1344708
1.235  -0.1429458
1.24  -0.1478545
1.245  -0.1483921
1.25  -0.1450944
1.2550000000000001  -0.1384914
1.26  -0.1289054
1.2650000000000001  -0.1168475
1.27  -0.1031276
1.2750000000000001  -0.08841472
1.28  -0.07280208
1.285  -0.0560973
1.29  -0.03830817
1.295  -0.01973613
1.3  -0.0009147646
1.305  0.01749296
1.31  0.03506669
1.315  0.05216314
1.32  0.0696854
1.325  0.08809873
1.33  0.1071385
1.335  0.1263284
1.34  0.1453318
1.345  0.1637868
1.35  0.1810702
1.355  0.1964935
1.36  0.2098759
1.365  0.2222272
1.37  0.2355443
1.375  0.2510925
1.3800000000000001  0.2677872
1.385  0.2832308
1.3900000000000001  0.2961359
1.395  0.3063784
1.4000000000000001  0.3137389
1.405  0.3179288
1.41  0.3192478
1.415  0.318757
1.42  0.3177915
1.425  0.3171543
1.43  0.3169711
1.435  0.3171702
1.44  0.3176349
1.445  0.318201
1.45  0.3187243
1.455  0.3191499
1.46  0.319464
1.465  0.3196523
1.47  0.319886
1.475  0.3207223
1.48  0.3230032
1.485  0.3273231
1.49  0.3335444
1.495  0.340961
1.5  0.3487652
1.5050000000000001  0.3562309
1.51  0.3627251
1.5150000000000001  0.3679984
1.52  0.3724124
1.5250000000000001  0.3765865
1.53  0.3808726
1.5350000000000001  0.3851411
1.54  0.3890059
1.545  0.3921929
1.55  0.3947467
1.555  0.3970266
1.56  0.3995007
1.565  0.4023783
1.57  0.4052324
1.575  0.4068954
1.58  0.4058399
1.585  0.4010461
1.59  0.3930496
1.595  0.3840297
1.6  0.3762146
1.605  0.3701886
1.61  0.3652384
1.615  0.3605975
1.62  0.3557137
1.625  0.3499759
1.6300000000000001  0.3424292
1.635  0.3321641
1.6400000000000001  0.3194489
1.645  0.3057982
1.6500000000000001  0.2925545
1.655  0.2799083
1.6600000000000001  0.2672869
1.665  0.2541072
1.67  0.2400773
1.675  0.2253399
1.68  0.2105286
1.685  0.1963117
1.69  0.1825038
1.695  0.1677598
1.7  0.1505687
1.705  0.1305772
1.71  0.1085938
1.715  0.08578607
1.72  0.06325502
1.725  0.04205926
1.73  0.02314522
1.735  0.006911952
1.74  -0.006618958
1.745  -0.01743411
1.75  -0.02584161
1.7550000000000001  -0.03266085
1.76  -0.03886159
1.7650000000000001  -0.04518165
1.77  -0.05203082
1.7750000000000001  -0.05919968
1.78  -0.06553177
1.7850000000000001  -0.06955732
1.79  -0.07092176
1.795  -0.071097
1.8  -0.07216639
1.805  -0.07472485
1.81  -0.07739207
1.815  -0.07852834
1.82  -0.07824549
1.825  -0.07844312
1.83  -0.0809253
1.835  -0.08581485
1.84  -0.09205692
1.845  -0.09886805
1.85  -0.1058432
1.855  -0.1122296
1.86  -0.1168279
1.865  -0.1187942
1.87  -0.1188375
1.875  -0.1192082
1.8800000000000001  -0.1217119
1.885  -0.1261226
1.8900000000000001  -0.1310026
1.895  -0.1354048
1.9000000000000001  -0.139491
1.905  -0.1439869
1.9100000000000001  -0.1493169
1.915  -0.1552143
1.92  -0.1609508
1.925  -0.1658763
1.93  -0.1697151
1.935  -0.1723728
1.94  -0.1737354
1.945  -0.1737691
1.95  -0.1725646
1.955  -0.1702729
1.96  -0.1670884
1.965  -0.1631849
1.97  -0.1584766
1.975  -0.1523337
1.98  -0.1437352
1.985  -0.1319575
1.99  -0.1170588
1.995  -0.09955484
2.0  -0.07982534
2.005  -0.05791467
2.0100000000000002  -0.03373505
2.015  -0.007384172
2.02  0.02066169
2.025  0.04958998
2.0300000000000002  0.07861445
2.035  0.1071941
2.04  0.1347258
2.045  0.1604367
2.05  0.1838199
2.055  0.2048052
2.06  0.2237653
2.065  0.2416753
2.07  0.2597701
2.075  0.2785269
2.08  0.2970009
2.085  0.3135931
2.09  0.3276133
2.095  0.3399819
2.1  0.3522544
2.105  0.3650603
2.11  0.3778791
2.115  0.3897763
2.12  0.3999006
2.125  0.4077266
2.13  0.4131466
2.1350000000000002  0.4166752
2.14  0.4194506
2.145  0.4223344
2.15  0.424831
2.1550000000000002  0.4253481
2.16  0.4223615
2.165  0.4148729
2.17  0.4023253
2.1750000000000003  0.3849258
2.18  0.3635851
2.185  0.3392359
2.19  0.3128758
2.195  0.2857263
2.2  0.258583
2.205  0.2317566
2.21  0.2057168
2.215  0.1810897
2.22  0.1583846
2.225  0.1379579
2.23  0.1199221
2.235  0.1042416
2.24  0.09101281
2.245  0.08050185
2.25  0.07299191
2.255  0.06850841
2.2600000000000002  0.06654263
2.265  0.06622803
2.27  0.06717554
2.275  0.07011909
2.2800000000000002  0.07661014
2.285  0.08799696
2.29  0.1043632
2.295  0.1244369
2.3000000000000003  0.1462704
2.305  0.1678907
2.31  0.1876938
2.315  0.2048097
2.32  0.2190803
2.325  0.2306277
2.33  0.2397524
2.335  0.2468596
2.34  0.2523887
2.345  0.2569405
2.35  0.2612127
2.355  0.2657821
2.36  0.2711955
2.365  0.277878
2.37  0.2857022
2.375  0.2941236
2.38  0.302767
2.3850000000000002  0.3115838
2.39  0.3205893
2.395  0.3296681
2.4  0.3385383
2.4050000000000002  0.34666
2.41  0.3532656
2.415  0.3576705
2.42  0.3592682
2.4250000000000003  0.3573775
2.43  0.3516238
2.435  0.3422129
2.44  0.3297741
2.445  0.3151642
2.45  0.2992134
2.455  0.2826759
2.46  0.2660992
2.465  0.2494902
2.47  0.2325409
2.475  0.2151189
2.48  0.1975009
2.485  0.1804077
2.49  0.1647526
2.495  0.1509961
2.5  0.1385411
2.505  0.1260783
2.5100000000000002  0.1127389
2.515  0.09888851
2.52  0.08561319
2.525  0.07339001
2.5300000000000002  0.06129905
2.535  0.04748646
2.54  0.03068397
2.545  0.01152217
2.5500000000000003  -0.007913888
2.555  -0.02597891
2.56  -0.0430391
2.565  -0.06141175
2.57  -0.08384452
2.575  -0.1116395
2.58  -0.1438829
2.585  -0.1783711
2.59  -0.212618
2.595  -0.2444869
2.6  -0.2732435
2.605  -0.2995737
2.61  -0.3243021
2.615  -0.3477397
2.62  -0.3698099
2.625  -0.3902513
2.63  -0.4085906
2.6350000000000002  -0.4242142
2.64  -0.4368174
2.645  -0.4470039
2.65  -0.4563255
2.6550000000000002  -0.4662892
2.66  -0.4772537
2.665  -0.4886669
2.67  -0.4999685
2.6750000000000003  -0.5108731
2.68  -0.5212727
2.685  -0.5310784
2.69  -0.5402095
2.695  -0.5486181
2.7  -0.5563129
2.705  -0.5634905
2.71  -0.5704658
2.715  -0.5773943
2.72  -0.5843097
2.725  -0.5914371
2.73  -0.5992253
2.735  -0.6079815
2.74  -0.6174547
2.745  -0.6267167
2.75  -0.6344339
2.755  -0.6395183
2.7600000000000002  -0.6421183
2.765  -0.6440273
2.77  -0.6472312
2.775  -0.6518253
2.7800000000000002  -0.656537
2.785  -0.6608948
2.79  -0.6655787
2.795  -0.6709303
2.8000000000000003  -0.6755924
2.805  -0.677505
2.81  -0.6764931
2.815  -0.6741124
2.82  -0.6712262
2.825  -0.6674015
2.83  -0.6619415
2.835  -0.6546515
2.84  -0.6456608
2.845  -0.6349226
2.85  -0.6222647
2.855  -0.6076405
2.86  -0.5911136
2.865  -0.5727595
2.87  -0.5525704
2.875  -0.5303338
2.88  -0.505576
2.8850000000000002  -0.4777219
2.89  -0.4464505
2.895  -0.4117709
2.9  -0.3738202
2.9050000000000002  -0.3328651
2.91  -0.289442
2.915  -0.2443152
2.92  -0.1982283
2.9250000000000003  -0.1520436
2.93  -0.1069787
2.935  -0.06401974
2.94  -0.02329322
2.945  0.01550381
2.95  0.0523732
2.955  0.08693309
2.96  0.1187934
2.965  0.148005
2.97  0.1751107
2.975  0.2006794
2.98  0.2248045
2.985  0.2473131
2.99  0.2684218
2.995  0.2889259
3.0  0.3097119
3.005  0.3309777
3.0100000000000002  0.3523371
3.015  0.3737592
3.02  0.3959016
3.025  0.4193296
3.0300000000000002  0.4434297
3.035  0.4664914
3.04  0.4872107
3.045  0.5060536
3.0500000000000003  0.5246327
3.055  0.5439243
3.06  0.5637428
3.065  0.5833059
3.0700000000000003  0.6017474
3.075  0.618556
3.08  0.6339759
3.085  0.6489443
3.09  0.66458
3.095  0.6815837
3.1  0.7000256
3.105  0.7196208
3.11  0.7398303
3.115  0.7597236
3.12  0.7781316
3.125  0.7944485
3.13  0.8095287
3.1350000000000002  0.8251944
3.14  0.8425401
3.145  0.8608436
3.15  0.8779727
3.1550000000000002  0.8918028
3.16  0.901581
3.165  0.9076247
3.17  0.9101554
3.1750000000000003  0.9093248
3.18  0.9058087
3.185  0.9009352
3.19  0.8959621
3.1950000000000003  0.8911023
3.2  0.8856828
3.205  0.8790322
3.21  0.8709288
3.215  0.8616277
3.22  0.8516125
3.225  0.8413116
3.23  0.8308802
3.235  0.8201389
3.24  0.8086569
3.245  0.7958625
3.25  0.7813056
3.255  0.7649773
3.2600000000000002  0.747238
3.265  0.7285231
3.27  0.7092847
3.275  0.6899462
3.2800000000000002  0.6705322
3.285  0.650278
3.29  0.6280252
3.295  0.6033918
3.3000000000000003  0.577615
3.305  0.5527491
3.31  0.5299412
3.315  0.5093679
3.3200000000000003  0.4910834
3.325  0.4749084
3.33  0.4603314
3.335  0.4468958
3.34  0.4345753
3.345  0.4237785
3.35  0.4149847
3.355  0.4084625
3.36  0.4043218
3.365  0.402759
3.37  0.4040212
3.375  0.4080063
3.38  0.4140307
3.3850000000000002  0.4210661
3.39  0.4283584
3.395  0.4359269
3.4  0.4443444
3.4050000000000002  0.4541955
3.41  0.4657331
3.415  0.4788141
3.42  0.4928928
3.4250000000000003  0.5068559
3.43  0.5190007
3.435  0.5277548
3.44  0.5329679
3.4450000000000003  0.5356464
3.45  0.5363571
3.455  0.5344797
3.46  0.5286035
3.465  0.5177287
3.47  0.5024962
3.475  0.4850806
3.48  0.4675199
3.485  0.4498523
3.49  0.4301784
3.495  0.4065129
3.5  0.378479
3.505  0.3477617
3.5100000000000002  0.3168407
3.515  0.287131
3.52  0.2584167
3.525  0.2298262
3.5300000000000002  0.2007767
3.535  0.1711956
3.54  0.141276
3.545  0.1111559
3.5500000000000003  0.08092725
3.555  0.05092756
3.56  0.02201237
3.565  -0.004636545
3.5700000000000003  -0.02827946
3.575  -0.04902664
3.58  -0.0673703
3.585  -0.08358638
3.59  -0.09738511
3.595  -0.1077711
3.6  -0.1133365
3.605  -0.1130743
3.61  -0.1069945
3.615  -0.09580842
3.62  -0.08031019
3.625  -0.06118571
3.63  -0.03930687
3.6350000000000002  -0.01576104
3.64  0.008950472
3.645  0.03517584
3.65  0.06346216
3.6550000000000002  0.09404412
3.66  0.1267318
3.665  0.1610203
3.67  0.1961505
3.6750000000000003  0.231003
3.68  0.2642122
3.685  0.2948629
3.69  0.3228319
3.6950000000000003  0.3482654
3.7  0.3712527
3.705  0.3920197
3.71  0.4110553
3.715  0.428979
3.72  0.4464875
3.725  0.464322
3.73  0.4827456
3.735  0.50099
3.74  0.5176487
3.745  0.5318743
3.75  0.544292
3.755  0.5564147
3.7600000000000002  0.5690398
3.765  0.5813756
3.77  0.5915832
3.775  0.5982032
3.7800000000000002  0.6012843
3.785  0.6020785
3.79  0.6018771
3.795  0.601397
3.8000000000000003  0.6009687
3.805  0.6008445
3.81  0.6013283
3.815  0.6031773
3.8200000000000003  0.6076415
3.825  0.6154569
3.83  0.6256781
3.835  0.6365098
3.84  0.6472679
3.845  0.6584398
3.85  0.6706617
3.855  0.6842958
3.86  0.6994683
3.865  0.7161585
3.87  0.7340748
3.875  0.7525096
3.88  0.7705921
3.8850000000000002  0.7879109
3.89  0.8047499
3.895  0.8216103
3.9  0.8386613
3.9050000000000002  0.8556223
3.91  0.8720247
3.915  0.8875122
3.92  0.9018345
3.9250000000000003  0.9147996
3.93  0.9265661
3.935  0.937915
3.94  0.9500219
3.9450000000000003  0.9636116
3.95  0.9780828
3.955  0.9918195
3.96  1.003459
3.9650000000000003  1.012623
3.97  1.019654
3.975  1.025196
3.98  1.030055
3.985  1.034848
3.99  1.039473
3.995  1.043193
4.0  1.045415
4.005  1.046143
4.01  1.045766
4.015  1.04474
4.0200000000000005  1.043632
4.025  1.043346
4.03  1.044892
4.035  1.048582
4.04  1.053853
4.045  1.060018
4.05  1.066892
4.055  1.074776
4.0600000000000005  1.084039
4.065  1.094772
4.07  1.10645
4.075  1.117729
4.08  1.126851
4.085  1.132703
4.09  1.135356
4.095  1.135487
4.1  1.133767
4.105  1.130606
4.11  1.125992
4.115  1.119454
4.12  1.110056
4.125  1.096617
4.13  1.078474
4.135  1.056295
4.14  1.032027
4.1450000000000005  1.007876
4.15  0.9847873
4.155  0.9618588
4.16  0.9374156
4.165  0.9104086
4.17  0.8809129
4.175  0.849586
4.18  0.8169671
4.1850000000000005  0.783296
4.19  0.7486865
4.195  0.7134264
4.2  0.6779962
4.205  0.6427238
4.21  0.6077866
4.215  0.573425
4.22  0.5397113
4.225  0.5061834
4.23  0.4719196
4.235  0.4361789
4.24  0.3990781
4.245  0.3614635
4.25  0.3242339
4.255  0.2880149
4.26  0.2531791
4.265  0.2197493
4.2700000000000005  0.1874392
4.275  0.1560339
4.28  0.1256072
4.285  0.09640731
4.29  0.06869526
4.295  0.04286154
4.3  0.01957689
4.305  -0.00053327
4.3100000000000005  -0.01758279
4.315  -0.03254238
4.32  -0.04659591
4.325  -0.06042778
4.33  -0.07414188
4.335  -0.08765936
4.34  -0.1008423
4.345  -0.1135924
4.3500000000000005  -0.1260562
4.355  -0.1386551
4.36  -0.1518795
4.365  -0.165909
4.37  -0.1803618
4.375  -0.1944039
4.38  -0.2071232
4.385  -0.2178852
4.39  -0.2265275
4.3950000000000005  -0.2335231
4.4  -0.2395658
4.405  -0.2447234
4.41  -0.2484935
4.415  -0.2508286
4.42  -0.2529495
4.425  -0.2566766
4.43  -0.2625195
4.4350000000000005  -0.2691248
4.44  -0.2748067
4.445  -0.2791468
4.45  -0.282975
4.455  -0.2872798
4.46  -0.2925929
4.465  -0.2988326
4.47  -0.3053169
4.4750000000000005  -0.3111221
4.48  -0.3156595
4.485  -0.3187486
4.49  -0.3203323
4.495  -0.3204017
4.5  -0.3188869
4.505  -0.3155193
4.51  -0.3099208
4.515  -0.3018722
4.5200000000000005  -0.291596
4.525  -0.2798618
4.53  -0.267875
4.535  -0.2569939
4.54  -0.248045
4.545  -0.2408053
4.55  -0.2346249
4.555  -0.229173
4.5600000000000005  -0.2243728
4.565  -0.2201548
4.57  -0.2162976
4.575  -0.2123534
4.58  -0.207728
4.585  -0.2015496
4.59  -0.1927238
4.595  -0.1807973
4.6000000000000005  -0.1666749
4.605  -0.1523101
4.61  -0.1394851
4.615  -0.1283216
4.62  -0.1174294
4.625  -0.1054835
4.63  -0.09223741
4.635  -0.07834368
4.64  -0.06455625
4.6450000000000005  -0.05131713
4.65  -0.03881233
4.655  -0.02708961
4.66  -0.015995
4.665  -0.005287527
4.67  0.005031034
4.675  0.01446397
4.68  0.02199931
4.6850000000000005  0.02654382
4.69  0.02765501
4.695  0.02588654
4.7  0.02273815
4.705  0.02028613
4.71  0.01983239
4.715  0.02015155
4.72  0.0183564
4.7250000000000005  0.01315149
4.73  0.005568407
4.735  -0.002702414
4.74  -0.0104668
4.745  -0.01755091
4.75  -0.02448704
4.755  -0.03188305
4.76  -0.04025205
4.765  -0.04996425
4.7700000000000005  -0.06096965
4.775  -0.0725219
4.78  -0.08344043
4.785  -0.09282613
4.79  -0.1004305
4.795  -0.1062475
4.8  -0.1101474
4.805  -0.1121427
4.8100000000000005  -0.1128209
4.815  -0.1133071
4.82  -0.1143414
4.825  -0.1151037
4.83  -0.1137317
4.835  -0.109208
4.84  -0.1019449
4.845  -0.09307488
4.8500000000000005  -0.0838761
4.855  -0.07552657
4.86  -0.06865679
4.865  -0.06275617
4.87  -0.0566327
4.875  -0.04965166
4.88  -0.04230494
4.885  -0.03548473
4.89  -0.02917121
4.8950000000000005  -0.02195895
4.9  -0.01218262
4.905  0.0001058424
4.91  0.01269838
4.915  0.02321873
4.92  0.03128007
4.925  0.03819579
4.93  0.04524144
4.9350000000000005  0.05265466
4.94  0.05984588
4.945  0.06620374
4.95  0.07147559
4.955  0.07569257
4.96  0.07899062
4.965  0.08147028
4.97  0.08307067
4.9750000000000005  0.08351173
4.98  0.08236278
4.985  0.07916941
4.99  0.0736213
4.995  0.06585077
5.0  0.05656259
5.005  0.04669975
5.01  0.03690513
5.015  0.02715085
5.0200000000000005  0.01654064
5.025  0.003628355
5.03  -0.01233154
5.035  -0.03009164
5.04  -0.04717905
5.045  -0.06229455
5.05  -0.07616927
5.055  -0.090255
5.0600000000000005  -0.1051775
5.065  -0.120446
5.07  -0.1349952
5.075  -0.1477655
5.08  -0.1583636
5.085  -0.1673614
5.09  -0.175657
5.095  -0.1835261
5.1000000000000005  -0.1904851
5.105  -0.1958775
5.11  -0.1994111
5.115  -0.201171
5.12  -0.201319
5.125  -0.1998886
5.13  -0.1966712
5.135  -0.1912979
5.14  -0.1836333
5.1450000000000005  -0.1742882
5.15  -0.164776
5.155  -0.1566601
5.16  -0.1500012
5.165  -0.1431606
5.17  -0.134152
5.175  -0.1220495
5.18  -0.1075185
5.1850000000000005  -0.09214541
5.19  -0.07755224
5.195  -0.06506219
5.2  -0.05569358
5.205  -0.04976259
5.21  -0.04683257
5.215  -0.04641123
5.22  -0.04828096
5.2250000000000005  -0.05220711
5.23  -0.05766799
5.235  -0.06415082
5.24  -0.07153135
5.245  -0.07994592
5.25  -0.08950744
5.255  -0.1002654
5.26  -0.1122757
5.265  -0.1256836
5.2700000000000005  -0.1406938
5.275  -0.1573725
5.28  -0.1755493
5.285  -0.194939
5.29  -0.2153623
5.295  -0.2369465
5.3  -0.2600936
5.305  -0.2851992
5.3100000000000005  -0.3123279
5.315  -0.3411617
5.32  -0.3712646
5.325  -0.4023299
5.33  -0.4341318
5.335  -0.4663631
5.34  -0.4987371
5.345  -0.5311198
5.3500000000000005  -0.5633536
5.355  -0.5950855
5.36  -0.6259355
5.365  -0.6557552
5.37  -0.6845636
5.375  -0.7123356
5.38  -0.739014
5.385  -0.7646425
5.39  -0.7894351
5.3950000000000005  -0.8136914
5.4  -0.8375697
5.405  -0.8609289
5.41  -0.8833777
5.415  -0.904433
5.42  -0.923712
5.425  -0.9409094
5.43  -0.9554157
5.4350000000000005  -0.9662453
5.44  -0.9727479
5.445  -0.9753126
5.45  -0.9751299
5.455  -0.9733184
5.46  -0.9703246
5.465  -0.9662222
5.47  -0.9612108
5.4750000000000005  -0.9554703
5.48  -0.9491157
5.485  -0.9424933
5.49  -0.9362471
5.495  -0.9309948
5.5  -0.9268983
5.505  -0.9236596
5.51  -0.9207782
5.515  -0.9177059
5.5200000000000005  -0.9140236
5.525  -0.9094008
5.53  -0.90336
5.535  -0.8954779
5.54  -0.8859833
5.545  -0.875933
5.55  -0.8666674
5.555  -0.8588199
5.5600000000000005  -0.8516987
5.565  -0.8439969
5.57  -0.8351009
5.575  -0.8254806
5.58  -0.8160342
5.585  -0.8073761
5.59  -0.7998612
5.595  -0.7939209
5.6000000000000005  -0.7898206
5.605  -0.7870102
5.61  -0.7839741
5.615  -0.7789813
5.62  -0.7712307
5.625  -0.7608808
5.63  -0.748396
5.635  -0.7346044
5.64  -0.7205251
5.6450000000000005  -0.7066446
5.65  -0.692809
5.655  -0.6787324
5.66  -0.6642623
5.665  -0.649459
5.67  -0.6346946
5.675  -0.6206746
5.68  -0.6082445
5.6850000000000005  -0.5979949
5.69  -0.5896628
5.695  -0.581851
5.7  -0.5730062
5.705  -0.5629359
5.71  -0.5526235
5.715  -0.5429829
5.72  -0.5344786
5.7250000000000005  -0.5271035
5.73  -0.520456
5.735  -0.5141214
5.74  -0.5080208
5.745  -0.5025755
5.75  -0.4987424
5.755  -0.4977148
5.76  -0.5001965
5.765  -0.5060087
5.7700000000000005  -0.5144026
5.775  -0.5243412
5.78  -0.5345322
5.785  -0.5438737
5.79  -0.5521639
5.795  -0.5597855
5.8  -0.5668507
5.805  -0.5730306
5.8100000000000005  -0.5778269
5.815  -0.5809025
5.82  -0.5820836
5.825  -0.5812231
5.83  -0.5783846
5.835  -0.5741898
5.84  -0.5699208
5.845  -0.5668936
5.8500000000000005  -0.5652788
5.855  -0.5639579
5.86  -0.5616471
5.865  -0.5576082
5.87  -0.5515013
5.875  -0.5434165
5.88  -0.5343955
5.885  -0.5260809
5.89  -0.5192876
5.8950000000000005  -0.5131671
5.9  -0.5060548
5.905  -0.4970174
5.91  -0.4863071
5.915  -0.4746529
5.92  -0.4626085
5.925  -0.4506218
5.93  -0.4394107
5.9350000000000005  -0.4298041
5.94  -0.4219318
5.945  -0.4149037
5.95  -0.4077004
5.955  -0.400313
5.96  -0.3936525
5.965  -0.3885056
5.97  -0.3848293
5.9750000000000005  -0.3818223
5.98  -0.3785422
5.985  -0.3745469
5.99  -0.3700324
5.995  -0.3656709
6.0  -0.3626141
6.005  -0.3622234
6.01  -0.3652345
6.015000000000001  -0.371197
6.0200000000000005  -0.3788086
6.025  -0.386649
6.03  -0.3940111
6.035  -0.4012226
6.04  -0.4091384
6.045  -0.4186201
6.05  -0.4303939
6.055  -0.4447012
6.0600000000000005  -0.4606487
6.065  -0.4766901
6.07  -0.492165
6.075  -0.5074178
6.08  -0.5227816
6.085  -0.5382416
6.09  -0.5536419
6.095  -0.5690097
6.1000000000000005  -0.5846877
6.105  -0.601057
6.11  -0.617992
6.115  -0.6345955
6.12  -0.6496642
6.125  -0.6626338
6.13  -0.6739929
6.135  -0.6847011
6.140000000000001  -0.6953289
6.1450000000000005  -0.70561
6.15  -0.7146408
6.155  -0.7214945
6.16  -0.7258897
6.165  -0.7284206
6.17  -0.7302365
6.175  -0.7324651
6.18  -0.7355009
6.1850000000000005  -0.7389611
6.19  -0.7423128
6.195  -0.7452479
6.2  -0.7476765
6.205  -0.7493257
6.21  -0.7493206
6.215  -0.7465316
6.22  -0.7405953
6.2250000000000005  -0.7323309
6.23  -0.7233532
6.235  -0.7155188
6.24  -0.7102903
6.245  -0.70823
6.25  -0.7086141
6.255  -0.7099612
6.26  -0.7113693
6.265000000000001  -0.7131304
6.2700000000000005  -0.7157905
6.275  -0.718716
6.28  -0.7199756
6.285  -0.7177442
6.29  -0.7119777
6.295  -0.7043989
6.3  -0.6970427
6.305  -0.6908624
6.3100000000000005  -0.6853866
6.315  -0.6796682
6.32  -0.6731637
6.325  -0.6656577
6.33  -0.6568345
6.335  -0.6463618
6.34  -0.634446
6.345  -0.6218388
6.3500000000000005  -0.609018
6.355  -0.5959846
6.36  -0.5827328
6.365  -0.5693268
6.37  -0.5557847
6.375  -0.5421161
6.38  -0.5284359
6.385  -0.5149976
6.390000000000001  -0.5021001
6.3950000000000005  -0.4898818
6.4  -0.4782157
6.405  -0.4668317
6.41  -0.455481
6.415  -0.4439579
6.42  -0.4320648
6.425  -0.4197178
6.43  -0.4070504
6.4350000000000005  -0.3943174
6.44  -0.3817416
6.445  -0.3694938
6.45  -0.3577231
6.455  -0.3463639
6.46  -0.3347762
6.465  -0.3216485
6.47  -0.3056414
6.4750000000000005  -0.2866171
6.48  -0.2659774
6.485  -0.2456073
6.49  -0.226551
6.495  -0.2086593
6.5  -0.1913947
6.505  -0.1745244
6.51  -0.1581687
6.515000000000001  -0.1426121
6.5200000000000005  -0.1281883
6.525  -0.1153898
6.53  -0.1049016
6.535  -0.09714101
6.54  -0.09158301
6.545  -0.0866972
6.55  -0.08076599
6.555  -0.07304695
6.5600000000000005  -0.06391019
6.565  -0.05396491
6.57  -0.04359687
6.575  -0.03303733
6.58  -0.02274099
6.585  -0.01362114
6.59  -0.006529653
6.595  -0.001468177
6.6000000000000005  0.002250087
6.605  0.005109057
6.61  0.006830758
6.615  0.006458834
6.62  0.003008494
6.625  -0.003683243
6.63  -0.01262182
6.635  -0.02212342
6.640000000000001  -0.03076232
6.6450000000000005  -0.03822917
6.65  -0.04502322
6.655  -0.05163272
6.66  -0.05843094
6.665  -0.06583511
6.67  -0.07418422
6.675  -0.0834469
6.68  -0.09315177
6.6850000000000005  -0.1024768
6.69  -0.110357
6.695  -0.1158926
6.7  -0.1192614
6.705  -0.1222274
6.71  -0.1269073
6.715  -0.1335131
6.72  -0.1396963
6.7250000000000005  -0.1425588
6.73  -0.1413273
6.735  -0.1374361
6.74  -0.1323098
6.745  -0.1260999
6.75  -0.1182923
6.755  -0.1088736
6.76  -0.09880804
6.765000000000001  -0.08953876
6.7700000000000005  -0.0818344
6.775  -0.07524787
6.78  -0.06883712
6.785  -0.0620625
6.79  -0.05481575
6.795  -0.04695169
6.8  -0.03822528
6.805  -0.02859925
6.8100000000000005  -0.0183628
6.815  -0.008001766
6.82  0.001954588
6.825  0.01097507
6.83  0.01855085
6.835  0.02449118
6.84  0.0290222
6.845  0.0324661
6.8500000000000005  0.03495277
6.855  0.03632144
6.86  0.0363303
6.865  0.03498862
6.87  0.0325983
6.875  0.02951128
6.88  0.02591731
6.885  0.02206176
6.890000000000001  0.01857244
6.8950000000000005  0.01619246
6.9  0.01504623
6.905  0.01433499
6.91  0.01281301
6.915  0.00956845
6.92  0.004459783
6.925  -0.002252003
6.93  -0.01034526
6.9350000000000005  -0.01952623
6.94  -0.02917565
6.945  -0.03843299
6.95  -0.04663661
6.955  -0.05331085
6.96  -0.0580399
6.965  -0.0609997
6.97  -0.06310436
6.9750000000000005  -0.06530765
6.98  -0.06796425
6.985  -0.07104226
6.99  -0.07463549
6.995  -0.07904069
7.0  -0.08457726
7.005  -0.09122522
7.01  -0.09840904
7.015000000000001  -0.1053899
7.0200000000000005  -0.1119882
7.025  -0.1186153
7.03  -0.1254652
7.035  -0.1322124
7.04  -0.1389043
7.045  -0.1467187
7.05  -0.1570037
7.055  -0.1693529
7.0600000000000005  -0.1814236
7.065  -0.1912344
7.07  -0.1990199
7.075  -0.2063852
7.08  -0.2144767
7.085  -0.2235321
7.09  -0.2338375
7.095  -0.246252
7.1000000000000005  -0.2609906
7.105  -0.2760445
7.11  -0.2882502
7.115  -0.2967095
7.12  -0.3036427
7.125  -0.31175
7.13  -0.321643
7.135  -0.3319655
7.140000000000001  -0.3411362
7.1450000000000005  -0.3480562
7.15  -0.3523091
7.155  -0.354501
7.16  -0.3558379
7.165  -0.3572387
7.17  -0.3591684
7.175  -0.361817
7.18  -0.3649711
7.1850000000000005  -0.3681272
7.19  -0.3708707
7.195  -0.3729895
7.2  -0.3744684
7.205  -0.3756132
7.21  -0.3769828
7.215  -0.3788845
7.22  -0.3808084
7.2250000000000005  -0.3815771
7.23  -0.3802985
7.235  -0.377037
7.24  -0.3724914
7.245  -0.3673219
7.25  -0.3618807
7.255  -0.3563849
7.26  -0.3510969
7.265000000000001  -0.3462939
7.2700000000000005  -0.3420708
7.275  -0.3380047
7.28  -0.3331632
7.285  -0.3267265
7.29  -0.3188149
7.295  -0.3103575
7.3  -0.302016
7.305  -0.2938093
7.3100000000000005  -0.2857295
7.315  -0.2782752
7.32  -0.2722668
7.325  -0.2681141
7.33  -0.2653726
7.335  -0.2631052
7.34  -0.2605987
7.345  -0.2577563
7.3500000000000005  -0.2548701
7.355  -0.2522634
7.36  -0.2501967
7.365  -0.2487886
7.37  -0.2478636
7.375  -0.247027
7.38  -0.2459734
7.385  -0.2446838
7.390000000000001  -0.2434081
7.3950000000000005  -0.2425401
7.4  -0.2424139
7.405  -0.242957
7.41  -0.2434429
7.415  -0.2428663
7.42  -0.2408193
7.425  -0.2378654
7.43  -0.2350129
7.4350000000000005  -0.2329498
7.44  -0.2318122
7.445  -0.2314493
7.45  -0.2315287
7.455  -0.2314169
7.46  -0.2303183
7.465  -0.2278495
7.47  -0.2244813
7.4750000000000005  -0.221184
7.48  -0.2186373
7.485  -0.2168772
7.49  -0.2156414
7.495  -0.2148217
7.5  -0.2145488
7.505  -0.2151067
7.51  -0.2168109
7.515000000000001  -0.2198456
7.5200000000000005  -0.2242208
7.525  -0.2298375
7.53  -0.236479
7.535  -0.2437796
7.54  -0.2513363
7.545  -0.2589241
7.55  -0.2663857
7.555  -0.2732936
7.5600000000000005  -0.2790327
7.565  -0.2832899
7.57  -0.2862443
7.575  -0.2884245
7.58  -0.2905897
7.585  -0.2933918
7.59  -0.2969642
7.595  -0.3010715
7.6000000000000005  -0.3055439
7.605  -0.3104109
7.61  -0.3159033
7.615  -0.322433
7.62  -0.3304939
7.625  -0.3405542
7.63  -0.3528731
7.635  -0.3671174
7.640000000000001  -0.3822428
7.6450000000000005  -0.3971581
7.65  -0.411729
7.655  -0.4267902
7.66  -0.4432487
7.665  -0.4613277
7.67  -0.4802626
7.675  -0.4986466
7.68  -0.5153498
7.6850000000000005  -0.5305572
7.69  -0.5456228
7.695  -0.5617913
7.7  -0.5792001
7.705  -0.5967868
7.71  -0.6128694
7.715  -0.6260944
7.72  -0.6366345
7.7250000000000005  -0.6462393
7.73  -0.6569759
7.735  -0.6698594
7.74  -0.6843086
7.745  -0.6987995
7.75  -0.7118384
7.755  -0.7227857
7.76  -0.7320289
7.765000000000001  -0.7403268
7.7700000000000005  -0.7482056
7.775  -0.7558052
7.78  -0.7631523
7.785  -0.7705241
7.79  -0.7783381
7.795  -0.7867205
7.8  -0.7953512
7.805000000000001  -0.8036242
7.8100000000000005  -0.8108614
7.815  -0.8164509
7.82  -0.8200171
7.825  -0.8218862
7.83  -0.8232527
7.835  -0.8255089
7.84  -0.8292222
7.845  -0.8339794
7.8500000000000005  -0.8391023
7.855  -0.8440951
7.86  -0.8486439
7.865  -0.8523072
7.87  -0.8544693
7.875  -0.8549257
7.88  -0.8542231
7.885  -0.853342
7.890000000000001  -0.8530998
7.8950000000000005  -0.8536323
7.9  -0.8545833
7.905  -0.8556197
7.91  -0.8565188
7.915  -0.8569758
7.92  -0.8564863
7.925  -0.8546779
7.930000000000001  -0.8519165
7.9350000000000005  -0.8494142
7.94  -0.8485501
7.945  -0.8497669
7.95  -0.8520842
7.955  -0.8538683
7.96  -0.8539537
7.965  -0.8518653
7.97  -0.8472635
7.9750000000000005  -0.8398938
7.98  -0.8300551
7.985  -0.8186269
7.99  -0.8065334
7.995  -0.7941001
8.0  -0.7811567
8.005  -0.7675886
8.01  -0.7534021
8.015  -0.738615
8.02  -0.723225
8.025  -0.70723
8.03  -0.6906869
8.035  -0.6737541
8.040000000000001  -0.6567207
8.045  -0.640056
8.05  -0.6244006
8.055  -0.6101727
8.06  -0.5968994
8.065  -0.5832995
8.07  -0.5682953
8.075  -0.5519146
8.08  -0.5351423
8.085  -0.5190473
8.09  -0.5040679
8.095  -0.4898613
8.1  -0.475792
8.105  -0.4614595
8.11  -0.4468428
8.115  -0.4321181
8.120000000000001  -0.4174702
8.125  -0.4030879
8.13  -0.3891772
8.135  -0.3758592
8.14  -0.3630432
8.145  -0.3504579
8.15  -0.3378195
8.155  -0.3250455
8.16  -0.3123722
8.165000000000001  -0.3002565
8.17  -0.2891177
8.175  -0.2790673
8.18  -0.270027
8.185  -0.2620679
8.19  -0.2554317
8.195  -0.2503046
8.2  -0.246631
8.205  -0.2441274
8.21  -0.2424515
8.215  -0.2414478
8.22  -0.2412511
8.225  -0.2421179
8.23  -0.2441799
8.235  -0.2472988
8.24  -0.2510881
8.245000000000001  -0.2551064
8.25  -0.2591523
8.255  -0.2633895
8.26  -0.2681657
8.265  -0.273758
8.27  -0.2802338
8.275  -0.2876346
8.28  -0.2962355
8.285  -0.3063823
8.290000000000001  -0.3179566
8.295  -0.3299153
8.3  -0.340756
8.305  -0.3497461
8.31  -0.3572036
8.315  -0.3637669
8.32  -0.3699041
8.325  -0.3758082
8.33  -0.3816529
8.335  -0.3878738
8.34  -0.3948356
8.345  -0.4020622
8.35  -0.407988
8.355  -0.4108508
8.36  -0.4102643
8.365  -0.4077634
8.370000000000001  -0.4053784
8.375  -0.4038055
8.38  -0.4024481
8.385  -0.4006239
8.39  -0.3980606
8.395  -0.3948321
8.4  -0.3911509
8.405  -0.3872609
8.41  -0.3834605
8.415000000000001  -0.3800921
8.42  -0.3774403
8.425  -0.3754397
8.43  -0.37335
8.435  -0.3700016
8.44  -0.3647434
8.445  -0.3582975
8.45  -0.3523346
8.455  -0.348004
8.46  -0.3449632
8.465  -0.3421134
8.47  -0.3391126
8.475  -0.3366269
8.48  -0.3354718
8.485  -0.3358893
8.49  -0.3376656
8.495000000000001  -0.3407103
8.5  -0.3453769
8.505  -0.3523814
8.51  -0.3622972
8.515  -0.3749748
8.52  -0.3896232
8.525  -0.4053264
8.53  -0.4210938
8.535  -0.4357379
8.540000000000001  -0.4484721
8.545  -0.459735
8.55  -0.4710287
8.555  -0.4838645
8.56  -0.4985365
8.565  -0.5137745
8.57  -0.527559
8.575000000000001  -0.5383285
8.58  -0.5459392
8.585  -0.5512854
8.59  -0.5552191
8.595  -0.5580674
8.6  -0.5596201
8.605  -0.5594511
8.61  -0.5572639
8.615  -0.5530129
8.620000000000001  -0.5468724
8.625  -0.5391166
8.63  -0.5299931
8.635  -0.5196138
8.64  -0.5079602
8.645  -0.4950182
8.65  -0.4808607
8.655  -0.4656334
8.66  -0.4495184
8.665000000000001  -0.432721
8.67  -0.4156251
8.675  -0.3990895
8.68  -0.3843139
8.685  -0.3719778
8.69  -0.361571
8.695  -0.3516048
8.700000000000001  -0.340409
8.705  -0.3271489
8.71  -0.3120147
8.715  -0.2956339
8.72  -0.2788736
8.725  -0.2627555
8.73  -0.2479511
8.735  -0.2343461
8.74  -0.2213367
8.745000000000001  -0.2083816
8.75  -0.1952621
8.755  -0.1820676
8.76  -0.1688764
8.765  -0.1555093
8.77  -0.1416832
8.775  -0.1273706
8.78  -0.1130161
8.785  -0.0994367
8.790000000000001  -0.08736379
8.795  -0.07688502
8.8  -0.06746535
8.805  -0.05841682
8.81  -0.04934784
8.815  -0.04056562
8.82  -0.03288153
8.825000000000001  -0.02674598
8.83  -0.02162278
8.835  -0.01640319
8.84  -0.01046286
8.845  -0.004097834
8.85  0.001927499
8.855  0.007044973
8.86  0.01123694
8.865  0.0148044
8.870000000000001  0.01789362
8.875  0.0203377
8.88  0.02180182
8.885  0.02206593
8.89  0.02120917
8.895  0.01949989
8.9  0.01710202
8.905  0.01383847
8.91  0.009268818
8.915000000000001  0.003063817
8.92  -0.004694999
8.925  -0.01352054
8.93  -0.02275694
8.935  -0.03192629
8.94  -0.0409308
8.945  -0.04985204
8.950000000000001  -0.0587402
8.955  -0.06771482
8.96  -0.07710126
8.965  -0.08730757
8.97  -0.09836376
8.975  -0.1094562
8.98  -0.1190283
8.985  -0.1257582
8.99  -0.1299109
8.995000000000001  -0.1332643
9.0  -0.1375198
9.005  -0.1429254
9.01  -0.1484898
9.015  -0.1532651
9.02  -0.1570657
9.025  -0.1603325
9.03  -0.1635129
9.035  -0.1666504
9.040000000000001  -0.1695445
9.045  -0.1723369
9.05  -0.1759752
9.055  -0.1820281
9.06  -0.1915776
9.065  -0.2037334
9.07  -0.215946
9.075000000000001  -0.226418
9.08  -0.2356416
9.085  -0.2452867
9.09  -0.2561406
9.095  -0.2673891
9.1  -0.2773666
9.105  -0.2848374
9.11  -0.2897565
9.115  -0.2929484
9.120000000000001  -0.2954159
9.125  -0.2980383
9.13  -0.3018191
9.135  -0.307883
9.14  -0.3166272
9.145  -0.3275979
9.15  -0.3401118
9.155  -0.3534646
9.16  -0.3670173
9.165000000000001  -0.3800055
9.17  -0.3914301
9.175  -0.4007914
9.18  -0.4087489
9.185  -0.4164489
9.19  -0.4242736
9.195  -0.4317434
9.200000000000001  -0.4382176
9.205  -0.4433088
9.21  -0.4470082
9.215  -0.4494792
9.22  -0.4507444
9.225  -0.450589
9.23  -0.4485677
9.235  -0.4441622
9.24  -0.4372326
9.245000000000001  -0.4284228
9.25  -0.4188176
9.255  -0.4090983
9.26  -0.3994033
9.265  -0.3896077
9.27  -0.3793034
9.275  -0.367951
9.28  -0.3553042
9.285  -0.3416892
9.290000000000001  -0.3278215
9.295  -0.3143048
9.3  -0.3012133
9.305  -0.2881188
9.31  -0.2743608
9.315  -0.2591702
9.32  -0.2418717
9.325000000000001  -0.2224997
9.33  -0.2023654
9.335  -0.1833197
9.34  -0.1660875
9.345  -0.1499023
9.35  -0.1335435
9.355  -0.1162559
9.36  -0.09802973
9.365  -0.07922488
9.370000000000001  -0.06015696
9.375  -0.04108714
9.38  -0.02231983
9.385  -0.004159808
9.39  0.01313502
9.395  0.02923956
9.4  0.0438451
9.405  0.05707935
9.41  0.0695851
9.415000000000001  0.08201497
9.42  0.09455208
9.425  0.1070442
9.43  0.1193787
9.435  0.1315041
9.44  0.143267
9.445  0.1543084
9.450000000000001  0.1642007
9.455  0.1727938
9.46  0.1802568
9.465  0.1868177
9.47  0.1925869
9.475  0.1974173
9.48  0.2008435
9.485  0.2022678
9.49  0.2014715
9.495000000000001  0.19919
9.5  0.1970928
9.505  0.1967839
9.51  0.1982245
9.515  0.1992155
9.52  0.1970709
9.525  0.1911256
9.53  0.1833033
9.535  0.1764362
9.540000000000001  0.1722335
9.545  0.170341
9.55  0.1693345
9.555  0.1681711
9.56  0.1663441
9.565  0.1634543
9.57  0.1593008
9.575000000000001  0.1541247
9.58  0.1482594
9.585  0.1415634
9.59  0.1333485
9.595  0.1229321
9.6  0.110443
9.605  0.09703792
9.61  0.08408368
9.615  0.07201658
9.620000000000001  0.06039717
9.625  0.04881715
9.63  0.03731809
9.635  0.02639841
9.64  0.01675686
9.645  0.008757443
9.65  0.001910059
9.655  -0.004798082
9.66  -0.01193857
9.665000000000001  -0.01943774
9.67  -0.02705619
9.675  -0.03464885
9.68  -0.04212886
9.685  -0.04938457
9.69  -0.05627322
9.695  -0.06261977
9.700000000000001  -0.06815395
9.705  -0.07259962
9.71  -0.07597687
9.715  -0.07868375
9.72  -0.08124323
9.725  -0.08393296
9.73  -0.08653229
9.735  -0.08863903
9.74  -0.09032456
9.745000000000001  -0.09240408
9.75  -0.09582671
9.755  -0.1004881
9.76  -0.1048554
9.765  -0.1073071
9.77  -0.1077995
9.775  -0.1076173
9.78  -0.1078835
9.785  -0.1086997
9.790000000000001  -0.1094305
9.795  -0.1095167
9.8  -0.108908
9.805  -0.107983
9.81  -0.1072019
9.815  -0.1067991
9.82  -0.1067325
9.825000000000001  -0.1068241
9.83  -0.106831
9.835  -0.1064783
9.84  -0.1055905
9.845  -0.1042398
9.85  -0.102732
9.855  -0.1014463
9.86  -0.1006083
9.865  -0.100128
9.870000000000001  -0.09953839
9.875  -0.09799377
9.88  -0.09452992
9.885  -0.08871606
9.89  -0.08107644
9.895  -0.07276355
9.9  -0.06480014
9.905  -0.05732444
9.91  -0.04972375
9.915000000000001  -0.04142553
9.92  -0.03231358
9.925  -0.02269764
9.93  -0.0129588
9.935  -0.003166939
9.94  0.007036877
9.945  0.01823878
9.950000000000001  0.03079459
9.955  0.04435544
9.96  0.05787035
9.965  0.07022852
9.97  0.08113482
9.975  0.09123182
9.98  0.1015687
9.985  0.113283
9.99  0.1271053
9.995000000000001  0.1423887
10.0  0.1567321
10.005  0.167607
10.01  0.1749455
10.015  0.1811922
10.02  0.1889653
10.025  0.1990129
10.03  0.2098949
10.035  0.2197646
10.040000000000001  0.2282739
10.045  0.2364413
10.05  0.2452178
10.055  0.2546938
10.06  0.2644585
10.065  0.2743809
10.07  0.2846962
10.075000000000001  0.295497
10.08  0.3063691
10.085  0.3165572
10.09  0.3255405
10.095  0.3333616
10.1  0.3405853
10.105  0.3481079
10.11  0.3565184
10.115  0.3652691
10.120000000000001  0.3730158
10.125  0.3788791
10.13  0.3828286
10.135  0.3854863
10.14  0.3881122
10.145  0.3922054
10.15  0.3985952
10.155  0.4070588
10.16  0.4168972
10.165000000000001  0.4274709
10.17  0.4382296
10.175  0.44873
10.18  0.4589506
10.185  0.4692546
10.19  0.479993
10.195  0.4913765
10.200000000000001  0.5033896
10.205  0.5156302
10.21  0.5273132
10.215  0.537614
10.22  0.5463158
10.225  0.5540693
10.23  0.5618174
10.235  0.5700041
10.24  0.5784315
10.245000000000001  0.5866453
10.25  0.5942127
10.255  0.6009084
10.26  0.6068986
10.265  0.6126063
10.27  0.6183028
10.275  0.623828
10.28  0.6287073
10.285  0.6327044
10.290000000000001  0.6363041
10.295  0.6405177
10.3  0.6460186
10.305  0.652254
10.31  0.6577697
10.315  0.6617647
10.32  0.6649542
10.325000000000001  0.6686015
10.33  0.6729826
10.335  0.6773763
10.34  0.6811118
10.345  0.6840152
10.35  0.6861885
10.355  0.6877334
10.36  0.6886735
10.365  0.6889515
10.370000000000001  0.6884665
10.375  0.6871989
10.38  0.6853551
10.385  0.6834075
10.39  0.6818758
10.395  0.6809198
10.4  0.6802786
10.405  0.6795453
10.41  0.6783942
10.415000000000001  0.6767959
10.42  0.6750035
10.425  0.6733159
10.43  0.6718506
10.435  0.670323
10.44  0.6679701
10.445  0.663837
10.450000000000001  0.6574847
10.455  0.6495797
10.46  0.641292
10.465  0.633016
10.47  0.624213
10.475  0.6142901
10.48  0.6032351
10.485  0.5914801
10.49  0.579397
10.495000000000001  0.5671348
10.5  0.5546712
10.505  0.5417115
10.51  0.5276005
10.515  0.5114976
10.52  0.492895
10.525  0.4724534
10.53  0.4519106
10.535  0.4322647
10.540000000000001  0.4132152
10.545  0.3943166
10.55  0.3754135
10.555  0.356522
10.56  0.3376973
10.565  0.3189559
10.57  0.3002722
10.575000000000001  0.2816149
10.58  0.2629678
10.585  0.2443458
10.59  0.2258087
10.595  0.2074299
10.6  0.189229
10.605  0.1711453
10.61  0.1530813
10.615  0.1349693
10.620000000000001  0.1168097
10.625  0.09866607
10.63  0.08064042
10.635  0.06281896
10.64  0.04516526
10.645  0.02742861
10.65  0.009256213
10.655  -0.00950701
10.66  -0.0287272
10.665000000000001  -0.04815781
10.67  -0.06761372
10.675  -0.08707102
10.68  -0.1065663
10.685  -0.1259576
10.69  -0.1448397
10.695  -0.1627401
10.700000000000001  -0.1794496
10.705  -0.1949621
10.71  -0.2091648
10.715  -0.2218527
10.72  -0.2329426
10.725  -0.2425028
10.73  -0.2506121
10.735  -0.2573218
10.74  -0.262696
10.745000000000001  -0.2668101
10.75  -0.2696972
10.755  -0.2713566
10.76  -0.2718516
10.765  -0.2713363
10.77  -0.2699114
10.775  -0.2673591
10.78  -0.2629498
10.785  -0.2556149
10.790000000000001  -0.2446506
10.795  -0.2304597
10.8  -0.214258
10.805  -0.1970569
10.81  -0.1792907
10.815  -0.1613183
10.82  -0.143698
10.825000000000001  -0.1266127
10.83  -0.1094627
10.835  -0.09118286
10.84  -0.07095305
10.845  -0.04888205
10.85  -0.02585114
10.855  -0.002742483
10.86  0.02009211
10.865  0.0426912
10.870000000000001  0.06495406
10.875  0.08655601
10.88  0.1073042
10.885  0.1272859
10.89  0.1467259
10.895  0.1658453
10.9  0.184705
10.905  0.2032011
10.91  0.2211894
10.915000000000001  0.2385411
10.92  0.2551894
10.925  0.2711633
10.93  0.2864414
10.935  0.3006953
10.94  0.313254
10.945  0.3234829
10.950000000000001  0.3313604
10.955  0.3373823
10.96  0.3419353
10.965  0.3451241
10.97  0.3469942
10.975  0.3476577
10.98  0.347206
10.985  0.3457146
10.99  0.343328
10.995000000000001  0.3401878
11.0  0.3363333
11.005  0.331716
11.01  0.3262718
11.015  0.3199826
11.02  0.312945
11.025  0.3054156
11.03  0.2977461
11.035  0.2901829
11.040000000000001  0.2827456
11.045  0.2752911
11.05  0.2675795
11.055  0.2593262
11.06  0.2503713
11.065  0.2408667
11.07  0.2311735
11.075000000000001  0.2215532
11.08  0.2120496
11.085  0.2026538
11.09  0.1934784
11.095  0.1847345
11.1  0.1766522
11.105  0.1694662
11.11  0.1633406
11.115  0.158249
11.120000000000001  0.1540094
11.125  0.1504224
11.13  0.1473917
11.135  0.1449464
11.14  0.143148
11.145  0.1420194
11.15  0.1415466
11.155  0.1417048
11.16  0.1424767
11.165000000000001  0.1438569
11.17  0.1458476
11.175  0.1484566
11.18  0.1517019
11.185  0.1556198
11.19  0.1602685
11.195  0.1657338
11.200000000000001  0.1721152
11.205  0.179466
11.21  0.1877638
11.215  0.1969246
11.22  0.2067847
11.225  0.2170468
11.23  0.2272255
11.235  0.2368165
11.24  0.2457105
11.245000000000001  0.2541933
11.25  0.2625619
11.255  0.2709567
11.26  0.2794967
11.265  0.2884361
11.27  0.2980045
11.275  0.3081289
11.28  0.3184788
11.285  0.3287632
11.290000000000001  0.338861
11.295  0.3487131
11.3  0.3582405
11.305  0.3674035
11.31  0.3761918
11.315  0.3845535
11.32  0.3924001
11.325000000000001  0.3996488
11.33  0.4062284
11.335  0.4120224
11.34  0.4168622
11.345  0.4206419
11.35  0.4234068
11.355  0.4253168
11.36  0.426554
11.365  0.4272291
11.370000000000001  0.427382
11.375  0.427043
11.38  0.426227
11.385  0.4249449
11.39  0.4232705
11.395  0.4213592
11.4  0.4193772
11.405  0.4173953
11.41  0.4153652
11.415000000000001  0.4131457
11.42  0.4105161
11.425  0.4072688
11.43  0.4033735
11.435  0.3989592
11.44  0.394146
11.445  0.3889634
11.450000000000001  0.3833874
11.455  0.3774273
11.46  0.3711608
11.465  0.3646921
11.47  0.3580976
11.475  0.3514449
11.48  0.3448184
11.485  0.3382647
11.49  0.3317345
11.495000000000001  0.3250566
11.5  0.3179647
11.505  0.3102526
11.51  0.3019667
11.515  0.2933827
11.52  0.2847887
11.525  0.2762953
11.53  0.2678426
11.535  0.2593592
11.540000000000001  0.2508351
11.545  0.242291
11.55  0.2337229
11.555  0.2250756
11.56  0.2162767
11.565  0.2073161
11.57  0.1982742
11.575000000000001  0.1892473
11.58  0.1802637
11.585  0.1712942
11.59  0.1623102
11.595  0.1533051
11.6  0.1442932
11.605  0.1352984
11.61  0.1263373
11.615  0.1174007
11.620000000000001  0.1084463
11.625  0.09942299
11.63  0.09033402
11.635  0.0813117
11.64  0.07263043
11.645  0.06456862
11.65  0.05715746
11.655  0.05012176
11.66  0.04306292
11.665000000000001  0.03570133
11.67  0.02807872
11.675  0.02056298
11.68  0.01369693
11.685  0.007933677
11.69  0.003329078
11.695  -0.0004552959
11.700000000000001  -0.003923542
11.705  -0.007517711
11.71  -0.01133695
11.715  -0.01514352
11.72  -0.01860104
11.725  -0.02140659
11.73  -0.02343886
11.735  -0.02485317
11.74  -0.02593098
11.745000000000001  -0.02683732
11.75  -0.02754942
11.755  -0.02793542
11.76  -0.02782776
11.765  -0.02707065
11.77  -0.02558433
11.775  -0.02336404
11.78  -0.02041176
11.785  -0.01668172
11.790000000000001  -0.01195897
11.795  -0.005723884
11.8  0.002691406
11.805  0.01356874
11.81  0.02640204
11.815  0.04006709
11.82  0.05350808
11.825000000000001  0.06660508
11.83  0.08018146
11.835  0.09520007
11.84  0.1120876
11.845  0.1304409
11.85  0.1492141
11.855  0.1672228
11.86  0.1838777
11.865  0.1996483
11.870000000000001  0.2155786
11.875  0.2323728
11.88  0.250001
11.885  0.2680071
11.89  0.285974
11.895  0.303732
11.9  0.32136
11.905  0.3390254
11.91  0.3568262
11.915000000000001  0.3747504
11.92  0.3926855
11.925  0.4104452
11.93  0.4278431
11.935  0.4448138
11.94  0.4614498
11.945  0.4779275
11.950000000000001  0.4944104
11.955  0.5109382
11.96  0.5273881
11.965  0.5435676
11.97  0.5593459
11.975  0.5747041
11.98  0.589607
11.985  0.6038485
11.99  0.6171065
11.995000000000001  0.6291706
12.0  0.6400536
12.005  0.6498657
12.01  0.658677
12.015  0.6664859
12.02  0.6732696
12.025  0.6791546
12.030000000000001  0.6845561
12.035  0.6900136
12.040000000000001  0.6957454
12.045  0.7013796
12.05  0.7060752
12.055  0.708928
12.06  0.7096069
12.065  0.7085651
12.07  0.7064566
12.075000000000001  0.7034661
12.08  0.6992532
12.085  0.6933807
12.09  0.6857027
12.095  0.6764284
12.1  0.6659122
12.105  0.654399
12.11  0.6418859
12.115  0.6282663
12.120000000000001  0.6136439
12.125  0.5985152
12.13  0.583627
12.135  0.569428
12.14  0.5555451
12.145  0.5411188
12.15  0.5256697
12.155000000000001  0.5092919
12.16  0.4922748
12.165000000000001  0.4748728
12.17  0.4572693
12.175  0.4395652
12.18  0.4218218
12.185  0.404305
12.19  0.3876547
12.195  0.3725861
12.200000000000001  0.3593915
12.205  0.3478666
12.21  0.3375011
12.215  0.3275721
12.22  0.3174407
12.225  0.3069923
12.23  0.2966519
12.235  0.2870996
12.24  0.2790105
12.245000000000001  0.272631
12.25  0.2675461
12.255  0.2631385
12.26  0.2591885
12.265  0.2558593
12.27  0.2533989
12.275  0.2520113
12.280000000000001  0.2517934
12.285  0.2526535
12.290000000000001  0.2542811
12.295  0.2562223
12.3  0.2580974
12.305  0.2598541
12.31  0.2617145
12.315  0.2639368
12.32  0.2666847
12.325000000000001  0.2699594
12.33  0.2736429
12.335  0.2775812
12.34  0.2816094
12.345  0.2856015
12.35  0.2895209
12.355  0.2934031
12.36  0.2973577
12.365  0.3016203
12.370000000000001  0.3065167
12.375  0.3122776
12.38  0.3189219
12.385  0.326314
12.39  0.3342055
12.395  0.3422582
12.4  0.3501793
12.405000000000001  0.3578449
12.41  0.365353
12.415000000000001  0.3731628
12.42  0.3821862
12.425  0.3934299
12.43  0.4072431
12.435  0.4231808
12.44  0.4404368
12.445  0.4581175
12.450000000000001  0.4756385
12.455  0.4929997
12.46  0.5104676
12.465  0.5281716
12.47  0.5460803
12.475  0.5641108
12.48  0.5821767
12.485  0.6001567
12.49  0.6178524
12.495000000000001  0.6350481
12.5  0.6516789
12.505  0.6678778
12.51  0.6838859
12.515  0.6999484
12.52  0.7161524
12.525  0.7323486
12.530000000000001  0.7482175
12.535  0.7633984
12.540000000000001  0.7776928
12.545  0.7911554
12.55  0.8039715
12.555  0.8163267
12.56  0.8283348
12.565  0.83999
12.57  0.8512263
12.575000000000001  0.8620102
12.58  0.8723485
12.585  0.8822598
12.59  0.8917584
12.595  0.9008616
12.6  0.9096104
12.605  0.9180741
12.61  0.9263206
12.615  0.9343856
12.620000000000001  0.9422544
12.625  0.9498223
12.63  0.9568641
12.635  0.9631003
12.64  0.9683622
12.645  0.9726304
12.65  0.9758683
12.655000000000001  0.9779286
12.66  0.9786562
12.665000000000001  0.9780351
12.67  0.9762594
12.675  0.9737216
12.68  0.9708425
12.685  0.9677824
12.69  0.9644602
12.695  0.9607819
12.700000000000001  0.9566552
12.705  0.9519172
12.71  0.9463563
12.715  0.9398485
12.72  0.9323987
12.725  0.9240632
12.73  0.9149435
12.735  0.9052139
12.74  0.8950631
12.745000000000001  0.8845584
12.75  0.8736496
12.755  0.8623283
12.76  0.8507149
12.765  0.8390119
12.77  0.8273631
12.775  0.8157433
12.780000000000001  0.8040138
12.785  0.7920907
12.790000000000001  0.7801166
12.795  0.7685558
12.8  0.7580619
12.805  0.7490442
12.81  0.7412846
12.815  0.7340647
12.82  0.7266819
12.825000000000001  0.7189652
12.83  0.7112769
12.835  0.7041337
12.84  0.6979493
12.845  0.6928196
12.85  0.6885504
12.855  0.684844
12.86  0.6813611
12.865  0.6778398
12.870000000000001  0.6743098
12.875  0.6710327
12.88  0.6682103
12.885  0.6658473
12.89  0.6638845
12.895  0.6624272
12.9  0.6617764
12.905000000000001  0.662221
12.91  0.6637548
12.915000000000001  0.6660303
12.92  0.6685655
12.925  0.6710261
12.93  0.6733897
12.935  0.675791
12.94  0.6783038
12.945  0.6809112
12.950000000000001  0.6835603
12.955  0.6862101
12.96  0.688848
12.965  0.6914764
12.97  0.694091
12.975  0.6966695
12.98  0.6991829
12.985  0.7016171
12.99  0.7039724
12.995000000000001  0.7062541
13.0  0.708475
13.005  0.7106605
13.01  0.7128404
13.015  0.7150291
13.02  0.7172224
13.025  0.719415
13.030000000000001  0.7216069
13.035  0.7238002
13.040000000000001  0.7259937
13.045  0.7281833
13.05  0.7303694
13.055  0.7325673
13.06  0.7348116
13.065  0.7371415
13.07  0.7395722
13.075000000000001  0.7420907
13.08  0.7446742
13.085  0.7473022
13.09  0.7499669
13.095  0.7526842
13.1  0.7554809
13.105  0.7583226
13.11  0.7610186
13.115  0.763219
13.120000000000001  0.7645864
13.125  0.765022
13.13  0.7646496
13.135  0.7636607
13.14  0.7622555
13.145  0.7605752
13.15  0.7586429
13.155000000000001  0.7564015
13.16  0.7537454
13.165000000000001  0.7504907
13.17  0.7464108
13.175  0.7413838
13.18  0.735473
13.185  0.7288338
13.19  0.7215824
13.195  0.7137176
13.200000000000001  0.705154
13.205  0.6958521
13.21  0.6859253
13.215  0.6756586
13.22  0.6653883
13.225  0.6552794
13.23  0.6452909
13.235  0.6353427
13.24  0.6253995
13.245000000000001  0.615456
13.25  0.6055138
13.255  0.5955779
13.26  0.5856492
13.265  0.5757172
13.27  0.5657813
13.275  0.5558789
13.280000000000001  0.5460862
13.285  0.5364713
13.290000000000001  0.5270214
13.295  0.5176462
13.3  0.5082604
13.305  0.4988397
13.31  0.4894053
13.315  0.4799815
13.32  0.4705879
13.325000000000001  0.46124
13.33  0.4519334
13.335  0.4426111
13.34  0.4331448
13.345  0.423374
13.35  0.4132094
13.355  0.4026786
13.36  0.3918538
13.365  0.3807676
13.370000000000001  0.3693805
13.375  0.3576071
13.38  0.3454057
13.385  0.3328943
13.39  0.3204086
13.395  0.3083894
13.4  0.2970737
13.405000000000001  0.286276
13.41  0.275589
13.415000000000001  0.2647697
13.42  0.2538437
13.425  0.2429311
13.43  0.2320905
13.435  0.2213026
13.44  0.2105222
13.445  0.1997411
13.450000000000001  0.1890266
13.455  0.1785167
13.46  0.1683566
13.465  0.1586444
13.47  0.1495729
13.475  0.141604
13.48  0.1352873
13.485  0.1308341
13.49  0.128078
13.495000000000001  0.1267566
13.5  0.1266243
13.505  0.1275106
13.51  0.1293349
13.515  0.1319992
13.52  0.1353887
13.525  0.1395945
13.530000000000001  0.1450588
13.535  0.1523652
13.540000000000001  0.1617766
13.545  0.1730506
13.55  0.1856374
13.555  0.1989508
13.56  0.2126881
13.565  0.2269192
13.57  0.2418154
13.575000000000001  0.2574243
13.58  0.2736437
13.585  0.2902596
13.59  0.3070183
13.595  0.3237546
13.6  0.3404621
13.605  0.3571982
13.61  0.3739701
13.615  0.3907387
13.620000000000001  0.407486
13.625  0.4242686
13.63  0.4411961
13.635  0.4583002
13.64  0.4753432
13.645  0.4917193
13.65  0.5066677
13.655000000000001  0.5198116
13.66  0.5314517
13.665000000000001  0.5422675
13.67  0.5528011
13.675  0.563078
13.68  0.5728387
13.685  0.5821368
13.69  0.5915711
13.695  0.6020301
13.700000000000001  0.6140823
13.705  0.6276224
13.71  0.6420544
13.715  0.6565945
13.72  0.6706153
13.725  0.683926
13.73  0.6964966
13.735  0.7080783
13.74  0.7184122
13.745000000000001  0.7276157
13.75  0.7362255
13.755  0.7448579
13.76  0.7537454
13.765  0.7627151
13.77  0.7714896
13.775  0.7797835
13.780000000000001  0.7873782
13.785  0.7942737
13.790000000000001  0.800639
13.795  0.8065957
13.8  0.8120924
13.805  0.8168577
13.81  0.8204641
13.815  0.8225956
13.82  0.8234227
13.825000000000001  0.8236019
13.83  0.8237673
13.835  0.8240721
13.84  0.8243154
13.845  0.8243306
13.85  0.8241
13.855  0.8237048
13.86  0.8232443
13.865  0.8227572
13.870000000000001  0.8221691
13.875  0.8212925
13.88  0.8199188
13.885  0.8179752
13.89  0.8155667
13.895  0.8128961
13.9  0.810171
13.905000000000001  0.807461
13.91  0.8046127
13.915000000000001  0.8012888
13.92  0.7971072
13.925  0.7918822
13.93  0.7857324
13.935  0.7790053
13.94  0.772184
13.945  0.7656871
13.950000000000001  0.7596236
13.955  0.7538575
13.96  0.7482066
13.965  0.7424527
13.97  0.7363532
13.975  0.7297716
13.98  0.7227285
13.985  0.7152708
13.99  0.7073588
13.995000000000001  0.6988633
14.0  0.689588
14.005  0.6792639
14.01  0.6676558
14.015  0.6548589
14.02  0.6414783
14.025  0.6284283
14.030000000000001  0.6163955
14.035  0.6054298
14.040000000000001  0.5951457
14.045  0.5851261
14.05  0.5751114
14.055  0.5650849
14.06  0.555277
14.065  0.546168
14.07  0.5384266
14.075000000000001  0.5325407
14.08  0.5283127
14.085  0.5248461
14.09  0.5210721
14.095  0.5163852
14.1  0.5108224
14.105  0.5046308
14.11  0.4979622
14.115  0.4909573
14.120000000000001  0.4838744
14.125  0.4770008
14.13  0.4704011
14.135  0.4639915
14.14  0.4578679
14.145  0.4523941
14.15  0.4480148
14.155000000000001  0.4449368
14.16  0.4430745
14.165000000000001  0.4422118
14.17  0.4420498
14.175  0.4422906
14.18  0.4428185
14.185  0.4436989
14.19  0.4449881
14.195  0.446654
14.200000000000001  0.4486232
14.205  0.4508511
14.21  0.4533622
14.215  0.456257
14.22  0.4596739
14.225  0.4637022
14.23  0.4683364
14.235  0.4735468
14.24  0.4793683
14.245000000000001  0.4858882
14.25  0.4931372
14.255  0.5009357
14.26  0.5088082
14.265  0.5161285
14.27  0.5224998
14.275  0.5279094
14.280000000000001  0.5324683
14.285  0.5362164
14.290000000000001  0.5391866
14.295  0.5415331
14.3  0.5435425
14.305  0.5454685
14.31  0.5473754
14.315  0.5492071
14.32  0.5509038
14.325000000000001  0.5523968
14.33  0.5535857
14.335  0.5543808
14.34  0.5547735
14.345  0.5548097
14.35  0.5545031
14.355  0.5537993
14.36  0.5525806
14.365  0.5507169
14.370000000000001  0.5481445
14.375  0.5448604
14.38  0.5408763
14.385  0.5362542
14.39  0.5311659
14.395  0.525874
14.4  0.5205916
14.405000000000001  0.5153679
14.41  0.5101572
14.415000000000001  0.5049146
14.42  0.499576
14.425  0.4940193
14.43  0.4881071
14.435  0.4817937
14.44  0.4751198
14.445  0.4681163
14.450000000000001  0.4607797
14.455  0.4530877
14.46  0.4450177
14.465  0.4365607
14.47  0.4277283
14.475  0.4185455
14.48  0.4090269
14.485  0.3991374
14.49  0.3887618
14.495000000000001  0.3777297
14.5  0.3659097
14.505  0.3532717
14.51  0.3399147
14.515  0.3261262
14.52  0.3123688
14.525  0.2990594
14.530000000000001  0.2863
14.535  0.2739658
14.540000000000001  0.2619728
14.545  0.2503293
14.55  0.2390812
14.555  0.2282647
14.56  0.2178937
14.565  0.2079763
14.57  0.1985275
14.575000000000001  0.1895432
14.58  0.1809339
14.585  0.1724806
14.59  0.1639022
14.595  0.155034
14.6  0.1459012
14.605  0.1365877
14.61  0.1271058
14.615  0.1173783
14.620000000000001  0.1073005
14.625  0.09685926
14.63  0.0862631
14.635  0.07597621
14.64  0.06651696
14.645  0.05808182
14.65  0.0505007
14.655000000000001  0.04346837
14.66  0.03664461
14.665000000000001  0.02977516
14.67  0.02283356
14.675  0.01592365
14.68  0.009089697
14.685  0.002307939
14.69  -0.004430345
14.695  -0.01105575
14.700000000000001  -0.01743361
14.705  -0.02345691
14.71  -0.02910388
14.715  -0.03440776
14.72  -0.03943159
14.725  -0.04427535
14.73  -0.04905282
14.735  -0.05382934
14.74  -0.05862976
14.745000000000001  -0.06349469
14.75  -0.06843747
14.755  -0.0733182
14.76  -0.07776414
14.765  -0.08128898
14.77  -0.08362665
14.775  -0.08491226
14.780000000000001  -0.08550127
14.785  -0.08569066
14.790000000000001  -0.08554234
14.795  -0.08499597
14.8  -0.08411445
14.805  -0.08309917
14.81  -0.08212928
14.815  -0.08126611
14.82  -0.08050739
14.825000000000001  -0.07982947
14.83  -0.0791484
14.835  -0.0782841
14.84  -0.0770176
14.845  -0.0752406
14.85  -0.0729964
14.855  -0.07039837
14.86  -0.06760639
14.865  -0.06485449
14.870000000000001  -0.06251802
14.875  -0.06109994
14.88  -0.06091941
14.885  -0.06176648
14.89  -0.06299529
14.895  -0.06398409
14.9  -0.06459356
14.905000000000001  -0.06509002
14.91  -0.06571121
14.915000000000001  -0.06649935
14.92  -0.06736897
14.925  -0.06822948
14.93  -0.06904259
14.935  -0.06981629
14.94  -0.07057689
14.945  -0.0713444
14.950000000000001  -0.07212439
14.955  -0.07291186
14.96  -0.07369897
14.965  -0.07447993
14.97  -0.07525283
14.975  -0.07601978
14.98  -0.07678696
14.985  -0.07756262
14.99  -0.07835106
14.995000000000001  -0.07914394
15.0  -0.0799173
15.005  -0.08064573
15.01  -0.08133955
15.015  -0.08208848
15.02  -0.08307056
15.025  -0.08447358
15.030000000000001  -0.08636084
15.035  -0.08868697
15.040000000000001  -0.09142102
15.045  -0.09457155
15.05  -0.09814827
15.055  -0.1021211
15.06  -0.1064109
15.065  -0.1109334
15.07  -0.11566
15.075000000000001  -0.1206112
15.08  -0.125812
15.085  -0.1312755
15.09  -0.1369957
15.095  -0.1429337
15.1  -0.1490096
15.105  -0.1551266
15.11  -0.1612288
15.115  -0.1673233
15.120000000000001  -0.1734364
15.125  -0.1795738
15.13  -0.1857186
15.135  -0.1918487
15.14  -0.1979611
15.145  -0.2040934
15.15  -0.2103263
15.155000000000001  -0.2167461
15.16  -0.2233842
15.165000000000001  -0.2302253
15.17  -0.2372604
15.175  -0.2444905
15.18  -0.2518997
15.185  -0.2594344
15.19  -0.2670155
15.195  -0.2745889
15.200000000000001  -0.2821494
15.205  -0.2897119
15.21  -0.2972864
15.215  -0.3048806
15.22  -0.3125021
15.225  -0.3201442
15.23  -0.3277607
15.235  -0.3352539
15.24  -0.3425125
15.245000000000001  -0.3494899
15.25  -0.3562133
15.255  -0.3627336
15.26  -0.3691001
15.265  -0.3753203
15.27  -0.3812867
15.275  -0.3867231
15.280000000000001  -0.3912488
15.285  -0.3945895
15.290000000000001  -0.3966957
15.295  -0.397669
15.3  -0.3977319
15.305  -0.397267
15.31  -0.3967091
15.315  -0.3962741
15.32  -0.3959458
15.325000000000001  -0.3957121
15.33  -0.3955861
15.335  -0.3954219
15.34  -0.3947829
15.345  -0.393105
15.35  -0.3901633
15.355  -0.3863407
15.36  -0.3825656
15.365  -0.3800074
15.370000000000001  -0.3793517
15.375  -0.3802698
15.38  -0.3815737
15.385  -0.3817289
15.39  -0.3796458
15.395  -0.3753083
15.4  -0.3695402
15.405000000000001  -0.363478
15.41  -0.3581745
15.415000000000001  -0.3540694
15.42  -0.3510537
15.425  -0.3487933
15.43  -0.3464071
15.435  -0.3422102
15.44  -0.3344165
15.445  -0.3226494
15.450000000000001  -0.3082437
15.455  -0.2928463
15.46  -0.2771286
15.465  -0.2608803
15.47  -0.2439849
15.475  -0.2268012
15.48  -0.2097941
15.485000000000001  -0.1931412
15.49  -0.1768534
15.495000000000001  -0.1611198
15.5  -0.1464066
15.505  -0.1332388
15.51  -0.1218142
15.515  -0.1120254
15.52  -0.1037863
15.525  -0.09711567
15.530000000000001  -0.09205923
15.535  -0.08859422
15.540000000000001  -0.08658248
15.545  -0.08583094
15.55  -0.08623163
15.555  -0.08779665
15.56  -0.09051506
15.565  -0.09422622
15.57  -0.09864982
15.575000000000001  -0.1035573
15.58  -0.1089079
15.585  -0.1147812
15.59  -0.1212509
15.595  -0.1283532
15.6  -0.1361038
15.605  -0.1445165
15.610000000000001  -0.1535731
15.615  -0.1631426
15.620000000000001  -0.1729361
15.625  -0.1826103
15.63  -0.1919999
15.635  -0.2011604
15.64  -0.2101882
15.645  -0.2191132
15.65  -0.227884
15.655000000000001  -0.2363798
15.66  -0.2444517
15.665000000000001  -0.2520061
15.67  -0.2590704
15.675  -0.2658242
15.68  -0.2725993
15.685  -0.2797508
15.69  -0.2874152
15.695  -0.2955046
15.700000000000001  -0.3038761
15.705  -0.3123635
15.71  -0.3208021
15.715  -0.3291423
15.72  -0.3375146
15.725  -0.3461908
15.73  -0.3554854
15.735000000000001  -0.365588
15.74  -0.3764952
15.745000000000001  -0.3881241
15.75  -0.4003882
15.755  -0.4131773
15.76  -0.4263647
15.765  -0.4398873
15.77  -0.4537749
15.775  -0.4680613
15.780000000000001  -0.4826983
15.785  -0.4975444
15.790000000000001  -0.5124317
15.795  -0.5272779
15.8  -0.5421089
15.805  -0.5569837
15.81  -0.5719461
15.815  -0.5870124
15.82  -0.6021735
15.825000000000001  -0.6174137
15.83  -0.6327217
15.835  -0.6480827
15.84  -0.6634713
15.845  -0.6788627
15.85  -0.69425
15.855  -0.7096405
15.860000000000001  -0.7250385
15.865  -0.7404423
15.870000000000001  -0.7558481
15.875  -0.7712534
15.88  -0.7866581
15.885  -0.8020637
15.89  -0.8174712
15.895  -0.8328785
15.9  -0.8482812
15.905000000000001  -0.8636773
15.91  -0.879075
15.915000000000001  -0.8944993
15.92  -0.909986
15.925  -0.9255622
15.93  -0.9412347
15.935  -0.9569961
15.94  -0.9728274
15.945  -0.9886953
15.950000000000001  -1.004563
15.955  -1.020421
15.96  -1.036298
15.965  -1.05223
15.97  -1.068208
15.975  -1.084129
15.98  -1.099789
15.985000000000001  -1.114973
15.99  -1.129614
15.995000000000001  -1.143767
16.0  -1.157477
16.005  -1.170737
16.01  -1.183527
16.015  -1.195866
16.02  -1.207828
16.025  -1.219518
16.03  -1.231031
16.035  -1.242354
16.04  -1.2532
16.045  -1.26292
16.05  -1.270754
16.055  -1.276355
16.06  -1.279896
16.065  -1.281836
16.07  -1.282902
16.075  -1.283903
16.080000000000002  -1.285234
16.085  -1.286788
16.09  -1.288295
16.095  -1.289442
16.1  -1.289859
16.105  -1.289259
16.11  -1.287661
16.115000000000002  -1.285257
16.12  -1.282081
16.125  -1.277842
16.13  -1.271977
16.135  -1.263926
16.14  -1.253526
16.145  -1.241102
16.15  -1.227335
16.155  -1.213068
16.16  -1.198878
16.165  -1.184784
16.17  -1.170582
16.175  -1.156282
16.18  -1.142137
16.185  -1.128425
16.19  -1.115251
16.195  -1.102595
16.2  -1.090491
16.205000000000002  -1.079084
16.21  -1.068545
16.215  -1.058938
16.22  -1.050134
16.225  -1.041808
16.23  -1.033548
16.235  -1.025128
16.240000000000002  -1.016706
16.245  -1.008745
16.25  -1.001773
16.255  -0.9960844
16.26  -0.991635
16.265  -0.9882367
16.27  -0.985725
16.275  -0.9839886
16.28  -0.9829947
16.285  -0.9827888
16.29  -0.9833869
16.295  -0.984658
16.3  -0.9863243
16.305  -0.9880857
16.31  -0.9897597
16.315  -0.9912393
16.32  -0.9924745
16.325  -0.9937271
16.330000000000002  -0.9958364
16.335  -1.000061
16.34  -1.007287
16.345  -1.017259
16.35  -1.028708
16.355  -1.040098
16.36  -1.050345
16.365000000000002  -1.058775
16.37  -1.064782
16.375  -1.068534
16.38  -1.071693
16.385  -1.07559
16.39  -1.079969
16.395  -1.084254
16.4  -1.088196
16.405  -1.091836
16.41  -1.095353
16.415  -1.098908
16.42  -1.102589
16.425  -1.106386
16.43  -1.11017
16.435  -1.113664
16.44  -1.116482
16.445  -1.11829
16.45  -1.11889
16.455000000000002  -1.118178
16.46  -1.116195
16.465  -1.113244
16.47  -1.109898
16.475  -1.106801
16.48  -1.104267
16.485  -1.10172
16.490000000000002  -1.097639
16.495  -1.090734
16.5  -1.081373
16.505  -1.071296
16.51  -1.062043
16.515  -1.053914
16.52  -1.046298
16.525  -1.038586
16.53  -1.030537
16.535  -1.022252
16.54  -1.01396
16.545  -1.00578
16.55  -0.9976991
16.555  -0.9896496
16.56  -0.9816009
16.565  -0.973595
16.57  -0.9657126
16.575  -0.9579915
16.580000000000002  -0.9503854
16.585  -0.9428076
16.59  -0.9352092
16.595  -0.9276029
16.6  -0.9200211
16.605  -0.9124685
16.61  -0.9049095
16.615000000000002  -0.8972932
16.62  -0.8896146
16.625  -0.8819853
16.63  -0.8746521
16.635  -0.8678827
16.64  -0.8617437
16.645  -0.856033
16.65  -0.8504432
16.655  -0.8447687
16.66  -0.8390104
16.665  -0.8333016
16.67  -0.8278015
16.675  -0.8226774
16.68  -0.81811
16.685  -0.8143802
16.69  -0.8119481
16.695  -0.811226
16.7  -0.8121541
16.705000000000002  -0.8141359
16.71  -0.8163937
16.715  -0.8184267
16.72  -0.8201924
16.725  -0.8219084
16.73  -0.8239402
16.735  -0.8268449
16.740000000000002  -0.8311944
16.745  -0.837136
16.75  -0.8443205
16.755  -0.8521906
16.76  -0.8602008
16.765  -0.8680931
16.77  -0.8759611
16.775  -0.8839467
16.78  -0.8920021
16.785  -0.8999107
16.79  -0.9074464
16.795  -0.9145104
16.8  -0.9211454
16.805  -0.9274992
16.81  -0.9337883
16.815  -0.9401763
16.82  -0.9465828
16.825  -0.9526506
16.830000000000002  -0.9579429
16.835  -0.962221
16.84  -0.9655478
16.845  -0.9681194
16.85  -0.9700743
16.855  -0.9713941
16.86  -0.9718714
16.865000000000002  -0.9712173
16.87  -0.9692812
16.875  -0.966176
16.88  -0.9621627
16.885  -0.9574233
16.89  -0.9519473
16.895  -0.9456628
16.9  -0.9386593
16.905  -0.93125
16.91  -0.9238106
16.915  -0.9164953
16.92  -0.9092022
16.925  -0.9017512
16.93  -0.8939644
16.935  -0.8857297
16.94  -0.8770503
16.945  -0.8680085
16.95  -0.8587197
16.955000000000002  -0.8493235
16.96  -0.8399328
16.965  -0.8305662
16.97  -0.8211862
16.975  -0.8117827
16.98  -0.802371
16.985  -0.7929461
16.990000000000002  -0.7834458
16.995  -0.7737581
17.0  -0.7637869
17.005  -0.753504
17.01  -0.7429211
17.015  -0.7320514
17.02  -0.7209281
17.025  -0.7096324
17.03  -0.6982771
17.035  -0.686936
17.04  -0.6756103
17.045  -0.6642734
17.05  -0.6529102
17.055  -0.641519
17.06  -0.6301073
17.065  -0.6186976
17.07  -0.6073367
17.075  -0.5960874
17.080000000000002  -0.5849907
17.085  -0.5740305
17.09  -0.5631444
17.095  -0.552266
17.1  -0.5413654
17.105  -0.5304495
17.11  -0.5195329
17.115000000000002  -0.5086288
17.12  -0.4977543
17.125  -0.4869236
17.13  -0.4761251
17.135  -0.4652993
17.14  -0.4543604
17.145  -0.4432871
17.150000000000002  -0.4322573
17.155  -0.4217153
17.16  -0.4122089
17.165  -0.4039817
17.17  -0.3967378
17.175  -0.3898603
17.18  -0.3828385
17.185  -0.3755875
17.19  -0.3683509
17.195  -0.3614114
17.2  -0.3549703
17.205000000000002  -0.3490872
17.21  -0.3436943
17.215  -0.3387146
17.22  -0.3341334
17.225  -0.3299823
17.23  -0.3262992
17.235  -0.3231024
17.240000000000002  -0.3203858
17.245  -0.3181306
17.25  -0.3163273
17.255  -0.3150001
17.26  -0.314219
17.265  -0.3140771
17.27  -0.3146374
17.275000000000002  -0.3159184
17.28  -0.317892
17.285  -0.3204298
17.29  -0.3232749
17.295  -0.3261427
17.3  -0.3289205
17.305  -0.3316663
17.31  -0.3344622
17.315  -0.3373988
17.32  -0.3405975
17.325  -0.3441657
17.330000000000002  -0.348122
17.335  -0.3524222
17.34  -0.3570396
17.345  -0.3619831
17.35  -0.3672843
17.355  -0.3729787
17.36  -0.37908
17.365000000000002  -0.3855489
17.37  -0.3922742
17.375  -0.399101
17.38  -0.405919
17.385  -0.412724
17.39  -0.4195617
17.395  -0.4264427
17.400000000000002  -0.4333298
17.405  -0.4401773
17.41  -0.4469969
17.415  -0.4539145
17.42  -0.4611557
17.425  -0.4689208
17.43  -0.4772336
17.435  -0.4858966
17.44  -0.4945356
17.445  -0.502745
17.45  -0.5103557
17.455000000000002  -0.5175002
17.46  -0.5244276
17.465  -0.5313547
17.47  -0.5383672
17.475  -0.5454147
17.48  -0.5524226
17.485  -0.5593688
17.490000000000002  -0.5662749
17.495  -0.5731729
17.5  -0.5800835
17.505  -0.5870114
17.51  -0.5939511
17.515  -0.6008933
17.52  -0.6078287
17.525000000000002  -0.6147517
17.53  -0.6216666
17.535  -0.6285915
17.54  -0.6355521
17.545  -0.6425549
17.55  -0.6495449
17.555  -0.6563805
17.56  -0.662874
17.565  -0.6689064
17.57  -0.6744853
17.575  -0.6796863
17.580000000000002  -0.6845948
17.585  -0.6892822
17.59  -0.6937823
17.595  -0.6981149
17.6  -0.7023071
17.605  -0.7063111
17.61  -0.7098929
17.615000000000002  -0.7126288
17.62  -0.7141126
17.625  -0.7142355
17.63  -0.7131643
17.635  -0.7111451
17.64  -0.708423
17.645  -0.7051693
17.650000000000002  -0.7014605
17.655  -0.697411
17.66  -0.6932279
17.665  -0.6890531
17.67  -0.6848792
17.675  -0.6806227
17.68  -0.6761794
17.685  -0.6714626
17.69  -0.6664375
17.695  -0.6610888
17.7  -0.6553958
17.705000000000002  -0.6494093
17.71  -0.6433501
17.715  -0.6375942
17.72  -0.6324581
17.725  -0.6279292
17.73  -0.6237033
17.735  -0.6194662
17.740000000000002  -0.6151043
17.745  -0.6106934
17.75  -0.6063309
17.755  -0.6020489
17.76  -0.5978239
17.765  -0.5936116
17.77  -0.5893763
17.775000000000002  -0.5851065
17.78  -0.5808227
17.785  -0.5765719
17.79  -0.5723993
17.795  -0.5682884
17.8  -0.5640928
17.805  -0.5595205
17.81  -0.5542545
17.815  -0.5481643
17.82  -0.5412894
17.825  -0.5336007
17.830000000000002  -0.5249129
17.835  -0.5150336
17.84  -0.5040179
17.845  -0.4922529
17.85  -0.4802613
17.855  -0.4683716
17.86  -0.4565898
17.865000000000002  -0.4447873
17.87  -0.4328536
17.875  -0.4206827
17.88  -0.4081589
17.885  -0.3952185
17.89  -0.381879
17.895  -0.3681718
17.900000000000002  -0.3540906
17.905  -0.3396018
17.91  -0.3246771
17.915  -0.3093237
17.92  -0.2936036
17.925  -0.2776397
17.93  -0.2615942
17.935  -0.2456586
17.94  -0.2301282
17.945  -0.2153752
17.95  -0.2015922
17.955000000000002  -0.1886968
17.96  -0.1764894
17.965  -0.1647791
17.97  -0.1534682
17.975  -0.1425717
17.98  -0.132102
17.985  -0.1219629
17.990000000000002  -0.1119949
17.995  -0.1021037
18.0  -0.0922947
18.005  -0.08259339
18.01  -0.07299134
18.015  -0.06344549
18.02  -0.05390884
18.025000000000002  -0.04436911
18.03  -0.03484469
18.035  -0.02534583
18.04  -0.01585138
18.045  -0.006315505
18.05  0.003287698
18.055  0.01289069
18.06  0.0222792
18.065  0.03114013
18.07  0.03924425
18.075  0.04658984
18.080000000000002  0.05331275
18.085  0.05951435
18.09  0.06519228
18.095  0.0702757
18.1  0.07470942
18.105  0.07851914
18.11  0.08184805
18.115000000000002  0.08493661
18.12  0.08801821
18.125  0.09122818
18.13  0.09461058
18.135  0.098057
18.14  0.101118
18.145  0.1029576
18.150000000000002  0.1027179
18.155  0.1000753
18.16  0.09530252
18.165  0.08905377
18.17  0.08231475
18.175  0.0760475
18.18  0.07051803
18.185  0.06542558
18.19  0.0605941
18.195  0.056105
18.2  0.05207692
18.205000000000002  0.04842451
18.21  0.04476373
18.215  0.04061016
18.22  0.03576546
18.225  0.03037235
18.23  0.02467785
18.235  0.01891749
18.240000000000002  0.01322362
18.245  0.007573809
18.25  0.001885463
18.255  -0.003876011
18.26  -0.009691637
18.265  -0.01552446
18.27  -0.02134753
18.275000000000002  -0.02715525
18.28  -0.03296138
18.285  -0.03879114
18.29  -0.04466882
18.295  -0.05060389
18.3  -0.05659154
18.305  -0.06262562
18.31  -0.06870448
18.315  -0.07482895
18.32  -0.08099981
18.325  -0.08721805
18.330000000000002  -0.0934879
18.335  -0.09981979
18.34  -0.1062286
18.345  -0.112725
18.35  -0.1193086
18.355  -0.125975
18.36  -0.1327256
18.365000000000002  -0.1395713
18.37  -0.146527
18.375  -0.1536018
18.38  -0.1607926
18.385  -0.1680874
18.39  -0.1754728
18.395  -0.1829425
18.400000000000002  -0.1905009
18.405  -0.1981547
18.41  -0.2058984
18.415  -0.2137126
18.42  -0.2215787
18.425  -0.2295038
18.43  -0.2375364
18.435  -0.2457421
18.44  -0.2541215
18.445  -0.262503
18.45  -0.2704996
18.455000000000002  -0.2776571
18.46  -0.2837669
18.465  -0.2889388
18.47  -0.2933838
18.475  -0.2972561
18.48  -0.3005863
18.485  -0.3033034
18.490000000000002  -0.3053514
18.495  -0.306778
18.5  -0.3077346
18.505  -0.3083908
18.51  -0.3088155
18.515  -0.3089802
18.52  -0.3088491
18.525000000000002  -0.308402
18.53  -0.307621
18.535  -0.3064912
18.54  -0.3050236
18.545  -0.3032912
18.55  -0.3014419
18.555  -0.2996343
18.56  -0.2979032
18.565  -0.2961155
18.57  -0.294037
18.575  -0.2914387
18.580000000000002  -0.2882379
18.585  -0.284477
18.59  -0.2802042
18.595  -0.2754858
18.6  -0.2704673
18.605  -0.265361
18.61  -0.2603268
18.615000000000002  -0.2553891
18.62  -0.2505387
18.625  -0.2458432
18.63  -0.2413832
18.635  -0.2370828
18.64  -0.2325832
18.645  -0.2273297
18.650000000000002  -0.2209272
18.655  -0.2134555
18.66  -0.2053767
18.665  -0.197196
18.67  -0.1891615
18.675  -0.1812125
18.68  -0.1732212
18.685  -0.1651755
18.69  -0.1571558
18.695  -0.1492396
18.7  -0.1414492
18.705000000000002  -0.1337526
18.71  -0.1260863
18.715  -0.1183967
18.72  -0.1106706
18.725  -0.1029341
18.73  -0.09524167
18.735  -0.08764718
18.740000000000002  -0.08013554
18.745  -0.07253818
18.75  -0.06451243
18.755  -0.05569222
18.76  -0.04596318
18.765  -0.03548349
18.77  -0.02448309
18.775000000000002  -0.01314622
18.78  -0.001522163
18.785  0.01047049
18.79  0.02289511
18.795  0.035661
18.8  0.048502
18.805  0.06109516
18.81  0.07327061
18.815  0.08505034
18.82  0.09650958
18.825  0.1077185
18.830000000000002  0.1187612
18.835  0.1297241
18.84  0.1406332
18.845  0.1514457
18.85  0.162093
18.855  0.1724946
18.86  0.1825874
18.865000000000002  0.1923777
18.87  0.2019115
18.875  0.2111646
18.88  0.2199756
18.885  0.2280968
18.89  0.235388
18.895  0.242046
18.900000000000002  0.2485042
18.905  0.2550179
18.91  0.2615456
18.915  0.2679681
18.92  0.2742313
18.925  0.2803577
18.93  0.2864126
18.935  0.2924615
18.94  0.2985377
18.945  0.3046402
18.95  0.3107502
18.955000000000002  0.3168386
18.96  0.3228684
18.965  0.3288131
18.97  0.3346881
18.975  0.3405586
18.98  0.3464584
18.985  0.3522461
18.990000000000002  0.3575348
18.995  0.3618298
19.0  0.3648872
19.005  0.3669366
19.01  0.3685289
19.015  0.3701811
19.02  0.3720283
19.025000000000002  0.3738983
19.03  0.3756507
19.035  0.3772721
19.04  0.3788217
19.045  0.380365
19.05  0.381935
19.055  0.3835295
19.06  0.3851271
19.065  0.3867073
19.07  0.3882643
19.075  0.3898128
19.080000000000002  0.3913813
19.085  0.3929898
19.09  0.3946142
19.095  0.3961595
19.1  0.3974784
19.105  0.3984597
19.11  0.3991219
19.115000000000002  0.3995715
19.12  0.3998502
19.125  0.3998008
19.13  0.3990191
19.135  0.397002
19.14  0.3934885
19.145  0.3886136
19.150000000000002  0.3827924
19.155  0.376579
19.16  0.3704185
19.165  0.3643826
19.17  0.3583051
19.175  0.3520973
19.18  0.3458056
19.185  0.3395292
19.19  0.333341
19.195  0.3272651
19.2  0.3212928
19.205000000000002  0.315393
19.21  0.3095157
19.215  0.3036084
19.22  0.297655
19.225  0.2917086
19.23  0.2858937
19.235  0.2803693
19.240000000000002  0.2752414
19.245  0.2705153
19.25  0.2661796
19.255  0.2622988
19.26  0.2589834
19.265  0.2562711
19.27  0.2540349
19.275000000000002  0.252009
19.28  0.2499422
19.285  0.2477699
19.29  0.2456059
19.295  0.2436263
19.3  0.2420038
19.305  0.2408294
19.31  0.2400775
19.315  0.2396556
19.32  0.2394438
19.325  0.2393171
19.330000000000002  0.2392022
19.335  0.2391019
19.34  0.2390044
19.345  0.2387917
19.35  0.2382766
19.355  0.2373318
19.36  0.235953
19.365000000000002  0.2341917
19.37  0.2320846
19.375  0.2296381
19.38  0.2268407
19.385  0.2237053
19.39  0.2203155
19.395  0.2168129
19.400000000000002  0.2133119
19.405  0.2098327
19.41  0.2063399
19.415  0.2028104
19.42  0.1992476
19.425  0.1956698
19.43  0.1920972
19.435  0.1885397
19.44  0.1849901
19.445  0.1814228
19.45  0.1778101
19.455000000000002  0.1741573
19.46  0.1705448
19.465  0.1671411
19.47  0.1641364
19.475  0.1616181
19.48  0.1595732
19.485  0.1580144
19.490000000000002  0.1570292
19.495  0.156723
19.5  0.1571564
19.505  0.1583146
19.51  0.1600722
19.515  0.1621778
19.52  0.1643521
19.525000000000002  0.1664787
19.53  0.1686177
19.535  0.1708224
19.54  0.1730298
19.545  0.1750742
19.55  0.1767839
19.555  0.1780878
19.56  0.1790103
19.565  0.1796164
19.57  0.1800092
19.575  0.1803211
19.580000000000002  0.1806474
19.585  0.1809921
19.59  0.1813099
19.595  0.1815735
19.6  0.1817903
19.605  0.1819972
19.61  0.1822436
19.615000000000002  0.1825549
19.62  0.1828769
19.625  0.1830371
19.63  0.1827863
19.635  0.1819535
19.64  0.1805864
19.645  0.1789123
19.650000000000002  0.1771827
19.655  0.1755216
19.66  0.1738933
19.665  0.172219
19.67  0.1704734
19.675  0.1686885
19.68  0.166915
19.685  0.1651781
19.69  0.1634472
19.695  0.161647
19.7  0.1597275
19.705000000000002  0.1577851
19.71  0.1561585
19.715  0.1553697
19.72  0.155839
19.725  0.1576329
19.73  0.1605466
19.735  0.1642912
19.740000000000002  0.168579
19.745  0.1732433
19.75  0.1783013
19.755  0.1837981
19.76  0.1896397
19.765  0.1956266
19.77  0.2016067
19.775000000000002  0.2075537
19.78  0.2135037
19.785  0.2194811
19.79  0.2254841
19.795  0.2314965
19.8  0.2375028
19.805  0.2434975
19.81  0.249486
19.815  0.2554774
19.82  0.2614747
19.825  0.2674674
19.830000000000002  0.2734349
19.835  0.2793683
19.84  0.2853054
19.845  0.2913555
19.85  0.2976733
19.855  0.3043723
19.86  0.3114744
19.865000000000002  0.318939
19.87  0.3266772
19.875  0.3345429
19.88  0.3423855
19.885  0.350167
19.89  0.3579743
19.895  0.3659354
19.900000000000002  0.3741612
19.905  0.3826907
19.91  0.3915009
19.915  0.400573
19.92  0.4099054
19.925  0.4194771
19.93  0.4292151
19.935  0.4390121
19.94  0.4487962
19.945  0.4585663
19.95  0.4683472
19.955000000000002  0.4781492
19.96  0.4879657
19.965  0.4977852
19.97  0.5075991
19.975  0.5174049
19.98  0.5272044
19.985  0.5370001
19.990000000000002  0.5467936
19.995  0.5565852
20.0  0.566374
20.005  0.5761592
20.01  0.58594
20.015  0.5957161
20.02  0.6054882
20.025000000000002  0.615258
20.03  0.625027
20.035  0.6347954
20.04  0.64456
20.045  0.6543151
20.05  0.6640571
20.055  0.6737913
20.06  0.6835345
20.065  0.6933054
20.07  0.703099
20.075  0.7128567
20.080000000000002  0.7224595
20.085  0.7317803
20.09  0.7407766
20.095  0.7494935
20.1  0.7579648
20.105  0.7661385
20.11  0.7738694
20.115000000000002  0.7809846
20.12  0.7874056
20.125  0.7931973
20.13  0.798422
20.135  0.8029245
20.14  0.8062531
20.145  0.8078416
20.150000000000002  0.8074151
20.155  0.8051745
20.16  0.8016429
20.165  0.7974413
20.17  0.7929685
20.175  0.7882092
20.18  0.782981
20.185  0.7772639
20.19  0.7712454
20.195  0.7651789
20.2  0.7591961
20.205000000000002  0.7532661
20.21  0.7472766
20.215  0.7410754
20.22  0.7345255
20.225  0.7275882
20.23  0.7202997
20.235  0.7126897
20.240000000000002  0.7047954
20.245  0.6967142
20.25  0.6886059
20.255  0.6806308
20.26  0.6728787
20.265  0.6652299
20.27  0.657152
20.275000000000002  0.6477178
20.28  0.6360977
20.285  0.6222437
20.29  0.6069381
20.295  0.5912836
20.3  0.5761175
20.305  0.5615321
20.31  0.5471474
20.315  0.5327452
20.32  0.518459
20.325  0.5046875
20.330000000000002  0.4918825
20.335  0.4802812
20.34  0.4698564
20.345  0.4604614
20.35  0.4518857
20.355  0.4438613
20.36  0.4361656
20.365000000000002  0.4287609
20.37  0.421733
20.375  0.4151343
20.38  0.4089586
20.385  0.4031745
20.39  0.3977509
20.395  0.3926747
20.400000000000002  0.387963
20.405  0.3836699
20.41  0.3798713
20.415  0.3766277
20.42  0.3739613
20.425  0.3718772
20.43  0.3703748
20.435  0.3694069
20.44  0.3688348
20.445  0.368447
20.45  0.36807
20.455000000000002  0.3676504
20.46  0.3671895
20.465  0.3666853
20.47  0.3662123
20.475  0.3660301
20.48  0.3665634
20.485  0.368181
20.490000000000002  0.3709903
20.495  0.3748942
20.5  0.3796884
20.505  0.3850266
20.51  0.3904839
20.515  0.3957974
20.52  0.4009398
20.525000000000002  0.4060231
20.53  0.4113589
20.535  0.4175367
20.54  0.4251929
20.545  0.4345029
20.55  0.4450842
20.555  0.4563135
20.56  0.4675982
20.565  0.4786856
20.57  0.4896455
20.575  0.5005581
20.580000000000002  0.5114413
20.585  0.5223539
20.59  0.5334569
20.595  0.5449459
20.6  0.556868
20.605  0.5690866
20.61  0.5814099
20.615000000000002  0.5936934
20.62  0.6059053
20.625  0.6180728
20.63  0.6301924
20.635  0.6422348
20.64  0.6541623
20.645  0.6659268
20.650000000000002  0.6774912
20.655  0.6888682
20.66  0.7001278
20.665  0.7113392
20.67  0.722474
20.675  0.7333457
20.68  0.7436396
20.685  0.753068
20.69  0.7615646
20.695  0.7691395
20.7  0.7755551
20.705000000000002  0.780346
20.71  0.7831945
20.715  0.7843306
20.72  0.7845624
20.725  0.7848599
20.73  0.7857196
20.735  0.7869919
20.740000000000002  0.7882029
20.745  0.7887438
20.75  0.7880555
20.755  0.7859934
20.76  0.7828966
20.765  0.7792686
20.77  0.775469
20.775000000000002  0.7715026
20.78  0.7671689
20.785  0.7624111
20.79  0.7574015
20.795  0.752385
20.8  0.7473733
20.805  0.741836
20.81  0.7346725
20.815  0.7247928
20.82  0.7121339
20.825  0.6978794
20.830000000000002  0.6834898
20.835  0.6695962
20.84  0.6559172
20.845  0.6420074
20.85  0.6276804
20.855  0.6130034
20.86  0.5981439
20.865000000000002  0.5832228
20.87  0.5682694
20.875  0.5532513
20.88  0.538126
20.885  0.5228764
20.89  0.5075162
20.895  0.4920708
20.900000000000002  0.4765544
20.905  0.4609624
20.91  0.4452844
20.915  0.429522
20.92  0.4137009
20.925  0.3978689
20.93  0.382071
20.935  0.3663206
20.94  0.3506073
20.945  0.3349226
20.95  0.3192648
20.955000000000002  0.3036332
20.96  0.2880269
20.965  0.272449
20.97  0.2569128
20.975  0.2414383
20.98  0.2260326
20.985  0.2106633
20.990000000000002  0.1952513
20.995  0.179718
21.0  0.1640879
21.005  0.1485974
21.01  0.1337093
21.015  0.1198993
21.02  0.10729
21.025000000000002  0.09565905
21.03  0.08475982
21.035  0.07446823
21.04  0.06476297
21.045  0.05560011
21.05  0.0468594
21.055  0.03846262
21.06  0.0304692
21.065  0.02303458
21.07  0.01626937
21.075  0.01002833
21.080000000000002  0.003762187
21.085  -0.003328116
21.09  -0.01167145
21.095  -0.0205315
21.1  -0.02803852
21.105  -0.03244488
21.11  -0.03374775
21.115000000000002  -0.03371876
21.12  -0.03418063
21.125  -0.03591285
21.13  -0.03899427
21.135  -0.04327204
21.14  -0.04839571
21.145  -0.05397549
21.150000000000002  -0.05981476
21.155  -0.06595549
21.16  -0.07248808
21.165  -0.07938236
21.17  -0.08649667
21.175  -0.09357552
21.18  -0.100217
21.185  -0.1058534
21.19  -0.109862
21.195  -0.1119648
21.2  -0.1124446
21.205000000000002  -0.1118125
21.21  -0.1103978
21.215  -0.1083348
21.22  -0.1057676
21.225  -0.1029071
21.23  -0.09989285
21.235  -0.0967163
21.240000000000002  -0.09338325
21.245  -0.09002162
21.25  -0.08682224
21.255  -0.08403805
21.26  -0.08209119
21.265  -0.08149616
21.27  -0.08250341
21.275000000000002  -0.08498363
21.28  -0.08857484
21.285  -0.09280876
21.29  -0.09743824
21.295  -0.1028187
21.3  -0.1095682
21.305  -0.1176675
21.31  -0.1263938
21.315  -0.1351971
21.32  -0.1442575
21.325  -0.1541207
21.330000000000002  -0.1650599
21.335  -0.1769474
21.34  -0.1894366
21.345  -0.2021216
21.35  -0.2147323
21.355  -0.2272473
21.36  -0.2397653
21.365000000000002  -0.2523484
21.37  -0.2650217
21.375  -0.2778123
21.38  -0.2907272
21.385  -0.3036609
21.39  -0.3163142
21.395  -0.3282599
21.400000000000002  -0.3392622
21.405  -0.3496295
21.41  -0.3599242
21.415  -0.3703912
21.42  -0.3809266
21.425  -0.3912876
21.43  -0.4012821
21.435  -0.4109359
21.44  -0.420535
21.445  -0.4305251
21.45  -0.4412758
21.455000000000002  -0.452731
21.46  -0.4641801
21.465  -0.4746482
21.47  -0.4837328
21.475  -0.4918415
21.48  -0.4997279
21.485  -0.5079965
21.490000000000002  -0.5166352
21.495  -0.5247098
21.5  -0.53109
21.505  -0.5357612
21.51  -0.5396654
21.515  -0.5434619
21.52  -0.5470999
21.525000000000002  -0.5502466
21.53  -0.5526642
21.535  -0.5541536
21.54  -0.5543867
21.545  -0.5529425
21.55  -0.5496136
21.555  -0.5448449
21.56  -0.5396109
21.565  -0.5346574
21.57  -0.5302401
21.575  -0.5263696
21.580000000000002  -0.5228204
21.585  -0.5191785
21.59  -0.5150522
21.595  -0.5101391
21.6  -0.504276
21.605  -0.4975166
21.61  -0.4899841
21.615000000000002  -0.481684
21.62  -0.4725817
21.625  -0.4627814
21.63  -0.452548
21.635  -0.4421397
21.64  -0.4316653
21.645  -0.4211523
21.650000000000002  -0.4106336
21.655  -0.4001005
21.66  -0.389474
21.665  -0.3786691
21.67  -0.3677275
21.675  -0.3569649
21.68  -0.3469815
21.685  -0.3383493
21.69  -0.3310689
21.695  -0.3244797
21.7  -0.3178313
21.705000000000002  -0.3108855
21.71  -0.303853
21.715  -0.2969376
21.72  -0.2901847
21.725  -0.283535
21.73  -0.276907
21.735  -0.270253
21.740000000000002  -0.2635665
21.745  -0.2568644
21.75  -0.2501662
21.755  -0.2434838
21.76  -0.2368202
21.765  -0.2301707
21.77  -0.2235222
21.775000000000002  -0.2168555
21.78  -0.2101584
21.785  -0.2034454
21.79  -0.1967689
21.795  -0.1901919
21.8  -0.1837117
21.805  -0.1771664
21.81  -0.1702178
21.815  -0.1625194
21.82  -0.1540521
21.825  -0.1452481
21.830000000000002  -0.1365928
21.835  -0.1282529
21.84  -0.1201131
21.845  -0.1118357
21.85  -0.1028615
21.855  -0.09263226
21.86  -0.08109474
21.865000000000002  -0.06897653
21.87  -0.05740412
21.875  -0.04711249
21.88  -0.03795024
21.885  -0.02920254
21.89  -0.02025778
21.895  -0.01099706
21.900000000000002  -0.001652542
21.905  0.007580316
21.91  0.01666471
21.915  0.02566308
21.92  0.03465021
21.925  0.04365864
21.93  0.05267937
21.935  0.06169767
21.94  0.07073277
21.945  0.07984733
21.95  0.08910923
21.955000000000002  0.09853053
21.96  0.1080509
21.965  0.117572
21.97  0.1270146
21.975  0.1363763
21.98  0.1457701
21.985  0.1554305
21.990000000000002  0.1656288
21.995  0.1764792
22.0  0.1878428
22.005  0.1994605
22.01  0.2111482
22.015  0.2228754
22.02  0.2346818
22.025000000000002  0.2465788
22.03  0.2585283
22.035  0.2704131
22.04  0.2820257
22.045  0.293153
22.05  0.303686
22.055  0.3135919
22.06  0.3228453
22.065  0.3314512
22.07  0.3394339
22.075  0.3467781
22.080000000000002  0.3534104
22.085  0.3592334
22.09  0.3641912
22.095  0.3682967
22.1  0.3715682
22.105  0.3739348
22.11  0.3752019
22.115000000000002  0.3750928
22.12  0.3732963
22.125  0.3695968
22.13  0.364145
22.135  0.3574781
22.14  0.3501622
22.145  0.3423836
22.150000000000002  0.3339599
22.155  0.3247483
22.16  0.3148998
22.165  0.3048105
22.17  0.2948598
22.175  0.285151
22.18  0.2755561
22.185  0.265927
22.19  0.2561772
22.195  0.2462555
22.2  0.2361125
22.205000000000002  0.2257308
22.21  0.2151251
22.215  0.2043215
22.22  0.193405
22.225  0.1825906
22.23  0.1722956
22.235  0.1630335
22.240000000000002  0.1550349
22.245  0.148081
22.25  0.1416953
22.255  0.1354078
22.26  0.1290417
22.265  0.122746
22.27  0.1167695
22.275000000000002  0.1113182
22.28  0.1064899
22.285  0.1022612
22.29  0.09857777
22.295  0.09542855
22.3  0.0928235
22.305  0.0907624
22.31  0.08924038
22.315  0.08825384
22.32  0.08775404
22.325  0.08756676
22.330000000000002  0.08740165
22.335  0.08702194
22.34  0.08643278
22.345  0.08589471
22.35  0.08580359
22.355  0.08649127
22.36  0.08800021
22.365000000000002  0.0900916
22.37  0.09241472
22.375  0.09465445
22.38  0.09670547
22.385  0.09865327
22.39  0.1005676
22.395  0.1024123
22.400000000000002  0.104093
22.405  0.1055456
22.41  0.1067755
22.415  0.1078296
22.42  0.1087516
22.425  0.1095448
22.43  0.1101762
22.435  0.1106623
22.44  0.1111769
22.445  0.1120517
22.45  0.1136058
22.455000000000002  0.1159167
22.46  0.1188167
22.465  0.1220423
22.47  0.1253423
22.475  0.1286053
22.48  0.131871
22.485  0.1351701
22.490000000000002  0.138424
22.495  0.1415167
22.5  0.1444609
22.505  0.1475083
22.51  0.1510744
22.515  0.1554853
22.52  0.1607944
22.525000000000002  0.1668929
22.53  0.1736736
22.535  0.1810337
22.54  0.1888279
22.545  0.1968278
22.55  0.2047669
22.555  0.2125797
22.56  0.2206219
22.565  0.2295742
22.57  0.2399674
22.575  0.2515488
22.580000000000002  0.2632457
22.585  0.2738867
22.59  0.2830401
22.595  0.2910953
22.6  0.2986089
22.605  0.3058304
22.61  0.3126322
22.615000000000002  0.3187413
22.62  0.3240292
22.625  0.3286456
22.63  0.332948
22.635  0.3372636
22.64  0.3416799
22.645  0.3461086
22.650000000000002  0.3504755
22.655  0.3547736
22.66  0.3590336
22.665  0.3632849
22.67  0.367537
22.675  0.3717868
22.68  0.3760388
22.685  0.3803158
22.69  0.3846391
22.695  0.3889789
22.7  0.3932033
22.705000000000002  0.3970872
22.71  0.4004251
22.715  0.4031684
22.72  0.4053848
22.725  0.4071264
22.73  0.4083956
22.735  0.4091696
22.740000000000002  0.4094331
22.745  0.4091914
22.75  0.408459
22.755  0.4072434
22.76  0.4055375
22.765  0.4033252
22.77  0.400605
22.775000000000002  0.3974357
22.78  0.3939675
22.785  0.3903989
22.79  0.3868539
22.795  0.3833295
22.8  0.3797775
22.805  0.3761786
22.81  0.3725446
22.815  0.368898
22.82  0.3652548
22.825  0.3616198
22.830000000000002  0.357989
22.835  0.3543559
22.84  0.3507158
22.845  0.3470687
22.85  0.3434202
22.855  0.3397786
22.86  0.3361476
22.865000000000002  0.3325145
22.87  0.3288431
22.875  0.3250834
22.88  0.3212024
22.885  0.317204
22.89  0.3131208
22.895  0.3089982
22.900000000000002  0.3048738
22.905  0.3007505
22.91  0.2966022
22.915  0.2924172
22.92  0.2882341
22.925  0.2841463
22.93  0.2802624
22.935  0.2766312
22.94  0.2732154
22.945  0.269993
22.95  0.2670912
22.955000000000002  0.264814
22.96  0.2634923
22.965  0.2632218
22.97  0.2638241
22.975  0.2650212
22.98  0.2665789
22.985  0.2684331
22.990000000000002  0.270637
22.995  0.2731554
23.0  0.2758004
23.005  0.2783628
23.01  0.2808067
23.015  0.2833729
23.02  0.2865517
23.025000000000002  0.2908649
23.03  0.2965025
23.035  0.3033208
23.04  0.3111137
23.045  0.3196885
23.05  0.3288924
23.055  0.3386979
23.06  0.3491714
23.065  0.3603135
23.07  0.3719389
23.075  0.3832744
23.080000000000002  0.3937147
23.085  0.4031724
23.09  0.4116384
23.095  0.4194035
23.1  0.4268935
23.105  0.4344737
23.11  0.4421087
23.115000000000002  0.4491751
23.12  0.4547512
23.125  0.4582303
23.13  0.4596931
23.135  0.4598148
23.14  0.4596245
23.145  0.4600548
23.150000000000002  0.4612279
23.155  0.4624007
23.16  0.4627614
23.165  0.462164
23.17  0.4611799
23.175  0.4605644
23.18  0.4607084
23.185  0.4614832
23.19  0.4625032
23.195  0.4634288
23.2  0.4641237
23.205000000000002  0.4646153
23.21  0.4649583
23.215  0.4652041
23.22  0.4654114
23.225  0.4656232
23.23  0.4658299
23.235  0.465972
23.240000000000002  0.4659797
23.245  0.4658053
23.25  0.4654521
23.255  0.4649717
23.26  0.4644347
23.265  0.4638984
23.27  0.463371
23.275000000000002  0.4628073
23.28  0.4621302
23.285  0.4612641
23.29  0.4601899
23.295  0.458975
23.3  0.4577401
23.305  0.4565761
23.31  0.4554229
23.315  0.4540091
23.32  0.4519366
23.325  0.4489058
23.330000000000002  0.4449069
23.335  0.4401664
23.34  0.4349911
23.345  0.4296426
23.35  0.4241994
23.355  0.4186215
23.36  0.4129845
23.365000000000002  0.4075381
23.37  0.4025375
23.375  0.3980419
23.38  0.3938671
23.385  0.389653
23.39  0.3850142
23.395  0.379786
23.400000000000002  0.3740528
23.405  0.3679439
23.41  0.361522
23.415  0.35478
23.42  0.3476747
23.425  0.3401586
23.43  0.3321861
23.435  0.323722
23.44  0.3147767
23.445  0.3054405
23.45  0.2958854
23.455000000000002  0.2863013
23.46  0.276774
23.465  0.2672703
23.47  0.2577404
23.475  0.2481742
23.48  0.2385966
23.485  0.229047
23.490000000000002  0.2195541
23.495  0.2101133
23.5  0.2006761
23.505  0.1911761
23.51  0.1816035
23.515  0.172107
23.52  0.1630371
23.525000000000002  0.1548133
23.53  0.1476234
23.535  0.1413072
23.54  0.1355001
23.545  0.129806
23.55  0.1239978
23.555  0.1180872
23.56  0.1121966
23.565  0.1064797
23.57  0.1011367
23.575  0.09634926
23.580000000000002  0.09211479
23.585  0.08822823
23.59  0.08443241
23.595  0.08055813
23.6  0.07659908
23.605  0.07265884
23.61  0.06887406
23.615000000000002  0.0653894
23.62  0.06230405
23.625  0.0596183
23.63  0.0572559
23.635  0.05510263
23.64  0.05302353
23.645  0.05091798
23.650000000000002  0.04876889
23.655  0.04661122
23.66  0.04449495
23.665  0.04249888
23.67  0.0407263
23.675  0.03924867
23.68  0.03807423
23.685  0.0371767
23.69  0.03650785
23.695  0.03598116
23.7  0.03548835
23.705000000000002  0.03496542
23.71  0.03442131
23.715  0.03388724
23.72  0.03336979
23.725  0.0328472
23.73  0.03228812
23.735  0.03168208
23.740000000000002  0.03107224
23.745  0.03056816
23.75  0.03030531
23.755  0.03035774
23.76  0.03071323
23.765  0.03131702
23.77  0.03208696
23.775000000000002  0.03291915
23.78  0.03373299
23.785  0.03451719
23.79  0.03527738
23.795  0.035947
23.8  0.03639129
23.805  0.0364898
23.81  0.03619698
23.815  0.03554874
23.82  0.03468611
23.825  0.03387263
23.830000000000002  0.03339916
23.835  0.03340582
23.84  0.0338058
23.845  0.03426792
23.85  0.03420299
23.855  0.03299961
23.86  0.03048622
23.865000000000002  0.02697792
23.87  0.02295647
23.875  0.01886903
23.88  0.01492196
23.885  0.01103634
23.89  0.007070173
23.895  0.002982426
23.900000000000002  -0.001175011
23.905  -0.005320603
23.91  -0.009397488
23.915  -0.01341169
23.92  -0.01745407
23.925  -0.02169255
23.93  -0.02630216
23.935000000000002  -0.03136419
23.94  -0.03690973
23.945  -0.04302175
23.95  -0.04978071
23.955000000000002  -0.05716108
23.96  -0.0649931
23.965  -0.07299758
23.97  -0.08092245
23.975  -0.08870147
23.98  -0.09641155
23.985  -0.1041271
23.990000000000002  -0.1118788
23.995  -0.1196454
24.0  -0.1273266
24.005  -0.1347274
24.01  -0.1416211
24.015  -0.1479062
24.02  -0.1536969
24.025000000000002  -0.1592435
24.03  -0.1647711
24.035  -0.1703338
24.04  -0.1758536
24.045  -0.1812694
24.05  -0.1865764
24.055  -0.1918007
24.060000000000002  -0.1969696
24.065  -0.202096
24.07  -0.2071785
24.075  -0.21221
24.080000000000002  -0.2171844
24.085  -0.2221
24.09  -0.2269578
24.095  -0.2317597
24.1  -0.2365064
24.105  -0.2411977
24.11  -0.2458328
24.115000000000002  -0.250411
24.12  -0.2549321
24.125  -0.2593957
24.13  -0.2638015
24.135  -0.2681489
24.14  -0.2724377
24.145  -0.2766687
24.150000000000002  -0.280843
24.155  -0.2849612
24.16  -0.2890215
24.165  -0.293019
24.17  -0.2969493
24.175  -0.3008154
24.18  -0.3046354
24.185000000000002  -0.3084408
24.19  -0.3122598
24.195  -0.3160949
24.2  -0.3199223
24.205000000000002  -0.3237087
24.21  -0.3274306
24.215  -0.3310948
24.22  -0.3347363
24.225  -0.3383868
24.23  -0.3420518
24.235  -0.3457207
24.240000000000002  -0.3493877
24.245  -0.353054
24.25  -0.3567173
24.255  -0.3603607
24.26  -0.3639524
24.265  -0.3674644
24.27  -0.3708979
24.275000000000002  -0.374284
24.28  -0.3776619
24.285  -0.3810563
24.29  -0.3844692
24.295  -0.3878909
24.3  -0.3913038
24.305  -0.394679
24.310000000000002  -0.3979827
24.315  -0.4012028
24.32  -0.404374
24.325  -0.4075482
24.330000000000002  -0.4107182
24.335  -0.4137601
24.34  -0.4164618
24.345  -0.4187176
24.35  -0.4207621
24.355  -0.4229924
24.36  -0.4255425
24.365000000000002  -0.4282423
24.37  -0.4308202
24.375  -0.4330587
24.38  -0.4349239
24.385  -0.4365421
24.39  -0.4380643
24.395  -0.4395853
24.400000000000002  -0.4410905
24.405  -0.4424708
24.41  -0.4435997
24.415  -0.4444105
24.42  -0.4449519
24.425  -0.4453833
24.43  -0.4459061
24.435000000000002  -0.4466484
24.44  -0.4475725
24.445  -0.4485066
24.45  -0.4492473
24.455000000000002  -0.4496666
24.46  -0.4497739
24.465  -0.449667
24.47  -0.4494539
24.475  -0.4492144
24.48  -0.4489581
24.485  -0.4486204
24.490000000000002  -0.4481067
24.495  -0.4473414
24.5  -0.4463123
24.505  -0.445055
24.51  -0.443586
24.515  -0.4418689
24.52  -0.4398346
24.525000000000002  -0.4374331
24.53  -0.4346679
24.535  -0.4316051
24.54  -0.4283825
24.545  -0.4251791
24.55  -0.4221206
24.555  -0.4192157
24.560000000000002  -0.4164212
24.565  -0.4137257
24.57  -0.4111499
24.575  -0.4087087
24.580000000000002  -0.4063802
24.585  -0.4040996
24.59  -0.4017886
24.595  -0.3994098
24.6  -0.3969737
24.605  -0.3944968
24.61  -0.3919816
24.615000000000002  -0.3894221
24.62  -0.3868161
24.625  -0.3841722
24.63  -0.3815066
24.635  -0.3788324
24.64  -0.3761496
24.645  -0.3734497
24.650000000000002  -0.3707244
24.655  -0.3679697
24.66  -0.365184
24.665  -0.3623506
24.67  -0.3594238
24.675  -0.3563494
24.68  -0.3531112
24.685000000000002  -0.3497445
24.69  -0.346314
24.695  -0.3428915
24.7  -0.3395183
24.705000000000002  -0.3361822
24.71  -0.3328323
24.715  -0.3294027
24.72  -0.3258469
24.725  -0.3221825
24.73  -0.3184825
24.735  -0.3148151
24.740000000000002  -0.3111981
24.745  -0.3075995
24.75  -0.3039903
24.755  -0.3003988
24.76  -0.296926
24.765  -0.2937037
24.77  -0.2907901
24.775000000000002  -0.2880865
24.78  -0.2854163
24.785  -0.2826927
24.79  -0.2799458
24.795  -0.2772342
24.8  -0.2745881
24.805  -0.2719983
24.810000000000002  -0.2694319
24.815  -0.2668613
24.82  -0.2642811
24.825  -0.2617032
24.830000000000002  -0.2591431
24.835  -0.2566098
24.84  -0.2541029
24.845  -0.2516165
24.85  -0.2491465
24.855  -0.246692
24.86  -0.2442545
24.865000000000002  -0.2418363
24.87  -0.2394389
24.875  -0.2370611
24.88  -0.2346978
24.885  -0.2323426
24.89  -0.2299936
24.895  -0.2276609
24.900000000000002  -0.2253695
24.905  -0.2231481
24.91  -0.2210059
24.915  -0.2189173
24.92  -0.2168417
24.925  -0.2147617
24.93  -0.2127056
24.935000000000002  -0.2107271
24.94  -0.2088562
24.945  -0.2070692
24.95  -0.2053041
24.955000000000002  -0.2035033
24.96  -0.2016523
24.965  -0.1997801
24.97  -0.1979322
24.975  -0.1961489
24.98  -0.1944394
24.985  -0.192768
24.990000000000002  -0.1910797
24.995  -0.1893404
25.0  -0.1875519
25.005  -0.1857283
25.01  -0.1838722
25.015  -0.1819736
25.02  -0.1800225
25.025000000000002  -0.1780173
25.03  -0.1759614
25.035  -0.1738575
25.04  -0.1717058
25.045  -0.1695086
25.05  -0.1672733
25.055  -0.1650123
25.060000000000002  -0.1627388
25.065  -0.1604579
25.07  -0.1581651
25.075  -0.1558496
25.080000000000002  -0.1534987
25.085  -0.1511062
25.09  -0.1486774
25.095  -0.1462246
25.1  -0.1437589
25.105  -0.1412874
25.11  -0.1388131
25.115000000000002  -0.1363397
25.12  -0.1338743
25.125  -0.1314245
25.13  -0.128992
25.135  -0.1265731
25.14  -0.1241628
25.145  -0.1217591
25.150000000000002  -0.1193639
25.155  -0.1169808
25.16  -0.1146132
25.165  -0.1122634
25.17  -0.1099329
25.175  -0.1076249
25.18  -0.1053451
25.185000000000002  -0.1030992
25.19  -0.1008878
25.195  -0.0987038
25.2  -0.09653725
25.205000000000002  -0.09438182
25.21  -0.09223967
25.215  -0.09011847
25.22  -0.08802433
25.225  -0.08595832
25.23  -0.08391814
25.235  -0.08190177
25.240000000000002  -0.07990888
25.245  -0.07794071
25.25  -0.07599963
25.255  -0.07408818
25.26  -0.07220746
25.265  -0.07035619
25.27  -0.06853165
25.275000000000002  -0.06673134
25.28  -0.0649543
25.285  -0.06320109
25.29  -0.06147279
25.295  -0.05976998
25.3  -0.05809242
25.305  -0.05643877
25.310000000000002  -0.05480689
25.315  -0.05319498
25.32  -0.05160318
25.325  -0.05003344
25.330000000000002  -0.04848806
25.335  -0.04696897
25.34  -0.04547715
25.345  -0.04401229
25.35  -0.04257361
25.355  -0.04116069
25.36  -0.03977359
25.365000000000002  -0.03841261
25.37  -0.03707811
25.375  -0.03577035
25.38  -0.03448934
25.385  -0.03323474
25.39  -0.03200607
25.395  -0.03080286
25.400000000000002  -0.02962478
25.405  -0.02847162
25.41  -0.02734328
25.415  -0.02623963
25.42  -0.02516049
25.425  -0.02410571
25.43  -0.02307516
25.435000000000002  -0.02206872
25.44  -0.02108625
25.445  -0.02012766
25.45  -0.01919288
25.455000000000002  -0.01828189
25.46  -0.01739455
25.465  -0.01653054
25.47  -0.01568946
25.475  -0.01487096
25.48  -0.01407485
25.485  -0.013301
25.490000000000002  -0.01254933
25.495  -0.01181966
25.5  -0.01111174
25.505  -0.01042533
25.51  -0.009760207
25.515  -0.009116204
25.52  -0.008493155
25.525000000000002  -0.007890881
25.53  -0.007309192
25.535  -0.00674789
25.54  -0.006206778
25.545  -0.005685656
25.55  -0.005184321
25.555  -0.004702561
25.560000000000002  -0.004240161
25.565  -0.003796902
25.57  -0.003372562
25.575  -0.002966915
25.580000000000002  -0.002579731
25.585  -0.002210778
25.59  -0.00185982
25.595  -0.001526616
25.6  -0.001210925
25.605  -0.0009125022
25.61  -0.0006311016
25.615000000000002  -0.0003664733
25.62  -0.0001183653
25.625  0.0001134767
25.63  0.0003293091
