0.0  0.0
0.005  0.01328658
0.01  0.0267877
0.015  0.04060094
0.02  0.05484413
0.025  0.06965769
0.03  0.08520578
0.035  0.1016739
0.04  0.1192605
0.045  0.1381583
0.05  0.1585212
0.055  0.1804199
0.06  0.2038064
0.065  0.2285081
0.07  0.2542705
0.075  0.2808385
0.08  0.3080015
0.085  0.3355814
0.09  0.3634118
0.095  0.3913221
0.1  0.419124
0.105  0.4466024
0.11  0.473515
0.115  0.4996023
0.12  0.5246065
0.125  0.5482931
0.13  0.5704626
0.135  0.5909388
0.14  0.6095292
0.145  0.6259709
0.15  0.6398774
0.155  0.6507149
0.16  0.6578379
0.165  0.6605894
0.17  0.6584711
0.17500000000000002  0.6513845
0.18  0.6398909
0.185  0.625377
0.19  0.6099801
0.195  0.5961598
0.2  0.585995
0.20500000000000002  0.5807073
0.21  0.5806795
0.215  0.5856507
0.22  0.5949282
0.225  0.6076994
0.23  0.6233706
0.23500000000000001  0.6416581
0.24  0.6624681
0.245  0.6858128
0.25  0.7117578
0.255  0.7403857
0.26  0.7717812
0.265  0.8060262
0.27  0.8431957
0.275  0.8833399
0.28  0.9264623
0.28500000000000003  0.9724964
0.29  1.021282
0.295  1.072548
0.3  1.125919
0.305  1.18096
0.31  1.237258
0.315  1.294445
0.32  1.351998
0.325  1.408883
0.33  1.463355
0.335  1.513022
0.34  1.555269
0.34500000000000003  1.587903
0.35000000000000003  1.609466
0.355  1.618976
0.36  1.615596
0.365  1.598502
0.37  1.566899
0.375  1.520038
0.38  1.457307
0.385  1.378549
0.39  1.284513
0.395  1.17726
0.4  1.060298
0.405  0.9381875
0.41000000000000003  0.8154873
0.41500000000000004  0.6954781
0.42  0.5800289
0.425  0.4703811
0.43  0.3676028
0.435  0.2727385
0.44  0.1867416
0.445  0.1102484
0.45  0.04351054
0.455  -0.01352135
0.46  -0.06115463
0.465  -0.09988553
0.47000000000000003  -0.1302592
0.47500000000000003  -0.1527419
0.48  -0.1677368
0.485  -0.1756744
0.49  -0.1770266
0.495  -0.1722441
0.5  -0.1616498
0.505  -0.1453882
0.51  -0.1235239
0.515  -0.09621795
0.52  -0.06388855
0.525  -0.02731931
0.53  0.01233641
0.535  0.05371151
0.54  0.09550917
0.545  0.1366665
0.55  0.176193
0.555  0.2129419
0.56  0.245602
0.5650000000000001  0.2729249
0.5700000000000001  0.294056
0.5750000000000001  0.3086163
0.58  0.316568
0.585  0.3181388
0.59  0.3137474
0.595  0.3038773
0.6  0.2889256
0.605  0.2691312
0.61  0.2446289
0.615  0.2155375
0.62  0.1820298
0.625  0.1443812
0.63  0.1029969
0.635  0.05845397
0.64  0.01156734
0.645  -0.03661748
0.65  -0.08500224
0.655  -0.1327289
0.66  -0.1793536
0.665  -0.2247944
0.67  -0.269211
0.675  -0.3128919
0.68  -0.3561252
0.685  -0.3990903
0.6900000000000001  -0.4418135
0.6950000000000001  -0.4841569
0.7000000000000001  -0.5258095
0.705  -0.5663033
0.71  -0.6050705
0.715  -0.6415122
0.72  -0.6749577
0.725  -0.7045524
0.73  -0.7292614
0.735  -0.7480483
0.74  -0.7601474
0.745  -0.7651625
0.75  -0.7629602
0.755  -0.7535678
0.76  -0.7371091
0.765  -0.7137634
0.77  -0.6837582
0.775  -0.647377
0.78  -0.6049657
0.785  -0.5569538
0.79  -0.5039746
0.795  -0.4471134
0.8  -0.3881014
0.805  -0.3292433
0.81  -0.2730353
0.8150000000000001  -0.2216771
0.8200000000000001  -0.1768669
0.8250000000000001  -0.1397723
0.8300000000000001  -0.1110431
0.835  -0.09100072
0.84  -0.0798353
0.845  -0.07767926
0.85  -0.08457711
0.855  -0.1003681
0.86  -0.1245163
0.865  -0.1559393
0.87  -0.1929026
0.875  -0.2331195
0.88  -0.2741012
0.885  -0.3134641
0.89  -0.3491064
0.895  -0.379507
0.9  -0.4040014
0.905  -0.4228184
0.91  -0.4370209
0.915  -0.4483702
0.92  -0.4589777
0.925  -0.4707529
0.93  -0.4849895
0.935  -0.5023981
0.9400000000000001  -0.5233004
0.9450000000000001  -0.5476724
0.9500000000000001  -0.5751071
0.9550000000000001  -0.6047705
0.96  -0.6354227
0.965  -0.6655814
0.97  -0.6938225
0.975  -0.718984
0.98  -0.7400748
0.985  -0.7561307
0.99  -0.766271
0.995  -0.7698639
1.0  -0.766567
1.0050000000000001  -0.7562204
1.01  -0.7387563
1.0150000000000001  -0.7141462
1.02  -0.6823586
1.025  -0.6433288
1.03  -0.596942
1.035  -0.5430312
1.04  -0.4813953
1.045  -0.4118665
1.05  -0.3344295
1.055  -0.2493735
1.06  -0.1574291
1.065  -0.05981702
1.07  0.04186521
1.075  0.1459405
1.08  0.2509451
1.085  0.3555984
1.09  0.4586343
1.095  0.5588479
1.1  0.6552289
1.105  0.7468329
1.11  0.8325139
1.115  0.9108976
1.12  0.9806181
1.125  1.040702
1.1300000000000001  1.090795
1.135  1.131057
1.1400000000000001  1.16193
1.145  1.18388
1.1500000000000001  1.197127
1.155  1.201536
1.16  1.196802
1.165  1.18286
1.17  1.160306
1.175  1.130659
1.18  1.096221
1.185  1.059662
1.19  1.023743
1.195  0.9911053
1.2  0.9637239
1.205  0.9422555
1.21  0.9259005
1.215  0.9127184
1.22  0.900109
1.225  0.8854215
1.23  0.8662809
1.235  0.8406378
1.24  0.8069095
1.245  0.7639368
1.25  0.7107271
1.2550000000000001  0.6463649
1.26  0.5700966
1.2650000000000001  0.481418
1.27  0.3802219
1.2750000000000001  0.2671252
1.28  0.1439059
1.285  0.0137968
1.29  -0.1187236
1.295  -0.2487958
1.3  -0.3720822
1.305  -0.4850511
1.31  -0.5852134
1.315  -0.6716225
1.32  -0.7447148
1.325  -0.8054971
1.33  -0.8548377
1.335  -0.8931549
1.34  -0.9204752
1.345  -0.9365855
1.35  -0.9412139
1.355  -0.9342367
1.36  -0.9158333
1.365  -0.8865158
1.37  -0.8470233
1.375  -0.798107
1.3800000000000001  -0.7402771
1.385  -0.6737222
1.3900000000000001  -0.5985005
1.395  -0.5148614
1.4000000000000001  -0.4235731
1.405  -0.3262026
1.41  -0.2252773
1.415  -0.1241375
1.42  -0.02627979
1.425  0.06553011
1.43  0.1494514
1.435  0.2242393
1.44  0.2891993
1.445  0.3442254
1.45  0.3897026
1.455  0.4263675
1.46  0.4552566
1.465  0.4778468
1.47  0.496318
1.475  0.5135822
1.48  0.5328882
1.485  0.557151
1.49  0.588261
1.495  0.626936
1.5  0.6729809
1.5050000000000001  0.7252939
1.51  0.781713
1.5150000000000001  0.8390277
1.52  0.8933612
1.5250000000000001  0.9408136
1.53  0.9780869
1.5350000000000001  1.002793
1.54  1.013445
1.545  1.009415
1.55  0.9907204
1.555  0.9574629
1.56  0.9092972
1.565  0.8454132
1.57  0.7651235
1.575  0.6687586
1.58  0.5584075
1.585  0.43783
1.59  0.3115923
1.595  0.1843244
1.6  0.06023599
1.605  -0.05752959
1.61  -0.1672318
1.615  -0.2681631
1.62  -0.3601317
1.625  -0.4431295
1.6300000000000001  -0.5171305
1.635  -0.5820337
1.6400000000000001  -0.6377511
1.645  -0.6843874
1.6500000000000001  -0.7224386
1.655  -0.7529149
1.6600000000000001  -0.7772961
1.665  -0.7973566
1.67  -0.8151137
1.675  -0.8328264
1.68  -0.8526904
1.685  -0.8763155
1.69  -0.9045195
1.695  -0.9374952
1.7  -0.9749541
1.705  -1.016203
1.71  -1.060253
1.715  -1.105979
1.72  -1.152251
1.725  -1.197848
1.73  -1.241341
1.735  -1.281205
1.74  -1.31606
1.745  -1.344668
1.75  -1.365797
1.7550000000000001  -1.378338
1.76  -1.381541
1.7650000000000001  -1.375056
1.77  -1.358797
1.7750000000000001  -1.332869
1.78  -1.297527
1.7850000000000001  -1.253112
1.79  -1.199989
1.795  -1.138444
1.8  -1.068558
1.805  -0.9901285
1.81  -0.9028213
1.815  -0.806513
1.82  -0.7016059
1.825  -0.5891416
1.83  -0.470727
1.835  -0.348427
1.84  -0.2246435
1.845  -0.1018801
1.85  0.01744568
1.855  0.1310494
1.86  0.2369857
1.865  0.3339342
1.87  0.4211122
1.875  0.4979744
1.8800000000000001  0.5640835
1.885  0.6190911
1.8900000000000001  0.6626948
1.895  0.6945575
1.9000000000000001  0.7143135
1.905  0.7217743
1.9100000000000001  0.7173692
1.915  0.70261
1.92  0.6801651
1.925  0.6532736
1.93  0.6248091
1.935  0.5968806
1.94  0.5708696
1.945  0.5473986
1.95  0.5263989
1.955  0.507229
1.96  0.488799
1.965  0.4697876
1.97  0.4489575
1.975  0.4253815
1.98  0.3984153
1.985  0.3676246
1.99  0.3328617
1.995  0.2944149
2.0  0.2531246
2.005  0.2103986
2.0100000000000002  0.1680505
2.015  0.1279641
2.02  0.09183969
2.025  0.06110684
2.0300000000000002  0.03677219
2.035  0.01924387
2.04  0.008241333
2.045  0.002812497
2.05  0.001710596
2.055  0.003982469
2.06  0.009136597
2.065  0.01697496
2.07  0.02749512
2.075  0.04082794
2.08  0.05716738
2.085  0.07669762
2.09  0.09952912
2.095  0.1256827
2.1  0.1551054
2.105  0.1876757
2.11  0.2232024
2.115  0.2614135
2.12  0.3019096
2.125  0.3441246
2.13  0.3873781
2.1350000000000002  0.4310342
2.14  0.4746906
2.145  0.5181872
2.15  0.5614552
2.1550000000000002  0.6043855
2.16  0.6467175
2.165  0.6879629
2.17  0.7274093
2.1750000000000003  0.7642361
2.18  0.7977022
2.185  0.8272197
2.19  0.852314
2.195  0.8726457
2.2  0.8881122
2.205  0.898949
2.21  0.9057345
2.215  0.9092644
2.22  0.9103081
2.225  0.9093011
2.23  0.9061825
2.235  0.9003984
2.24  0.8909719
2.245  0.8767129
2.25  0.8566081
2.255  0.8302409
2.2600000000000002  0.7978436
2.265  0.7600023
2.27  0.717357
2.275  0.670419
2.2800000000000002  0.6196024
2.285  0.5653451
2.29  0.5081605
2.295  0.4486019
2.3000000000000003  0.3871492
2.305  0.3241008
2.31  0.25956
2.315  0.1934639
2.32  0.1255989
2.325  0.05563949
2.33  -0.01676868
2.335  -0.09189843
2.34  -0.1698801
2.345  -0.2507576
2.35  -0.3346071
2.355  -0.4216401
2.36  -0.5122663
2.365  -0.6070824
2.37  -0.7067869
2.375  -0.8120207
2.38  -0.9230862
2.3850000000000002  -1.039554
2.39  -1.159895
2.395  -1.281413
2.4  -1.400734
2.4050000000000002  -1.514728
2.41  -1.621005
2.415  -1.717777
2.42  -1.803683
2.4250000000000003  -1.877851
2.43  -1.939855
2.435  -1.989525
2.44  -2.026834
2.445  -2.051889
2.45  -2.064943
2.455  -2.066409
2.46  -2.056836
2.465  -2.036857
2.47  -2.007218
2.475  -1.968827
2.48  -1.922652
2.485  -1.869562
2.49  -1.810332
2.495  -1.745756
2.5  -1.67659
2.505  -1.603389
2.5100000000000002  -1.526367
2.515  -1.445432
2.52  -1.360321
2.525  -1.270778
2.5300000000000002  -1.176757
2.535  -1.07861
2.54  -0.9771703
2.545  -0.8737081
2.5500000000000003  -0.7697043
2.555  -0.666491
2.56  -0.5650239
2.565  -0.4660266
2.57  -0.3702604
2.575  -0.2786329
2.58  -0.1921319
2.585  -0.1116181
2.59  -0.03764065
2.595  0.02955746
2.6  0.08994786
2.605  0.1436564
2.61  0.1908926
2.615  0.2318504
2.62  0.2666132
2.625  0.295113
2.63  0.3171471
2.6350000000000002  0.3324341
2.64  0.3407206
2.645  0.3419196
2.65  0.3362219
2.6550000000000002  0.3241643
2.66  0.3066463
2.665  0.2848537
2.67  0.2601371
2.6750000000000003  0.2339554
2.68  0.2077639
2.685  0.1827456
2.69  0.1596847
2.695  0.1391048
2.7  0.1214104
2.705  0.1068914
2.71  0.09563376
2.715  0.0874021
2.72  0.0815567
2.725  0.07705146
2.73  0.07256962
2.735  0.06679881
2.74  0.05864312
2.745  0.04719641
2.75  0.03168744
2.755  0.01161068
2.7600000000000002  -0.01305163
2.765  -0.04172242
2.77  -0.07328334
2.775  -0.1062413
2.7800000000000002  -0.1390173
2.785  -0.1701552
2.79  -0.1982709
2.795  -0.2220072
2.8000000000000003  -0.2402532
2.805  -0.2524714
2.81  -0.2587425
2.815  -0.2595477
2.82  -0.2555808
2.825  -0.2476309
2.83  -0.2365014
2.835  -0.2229617
2.84  -0.207775
2.845  -0.1916961
2.85  -0.1753526
2.855  -0.1591393
2.86  -0.1432452
2.865  -0.1277353
2.87  -0.1126036
2.875  -0.09782247
2.88  -0.08341128
2.8850000000000002  -0.06952216
2.89  -0.05650432
2.895  -0.04488689
2.9  -0.03524347
2.9050000000000002  -0.02793638
2.91  -0.02280568
2.915  -0.01888906
2.92  -0.01428718
2.9250000000000003  -0.006355899
2.93  0.007668396
2.935  0.02979305
2.94  0.06081235
2.945  0.1005785
2.95  0.1484792
2.955  0.2037243
2.96  0.2655156
2.965  0.333151
2.97  0.4059659
2.975  0.4831861
2.98  0.5637504
2.985  0.646097
2.99  0.7281009
2.995  0.8072601
3.0  0.8809083
3.005  0.9465624
3.0100000000000002  1.002498
3.015  1.047912
3.02  1.08266
3.025  1.106934
3.0300000000000002  1.120903
3.035  1.124541
3.04  1.117698
3.045  1.100209
3.0500000000000003  1.071889
3.055  1.032463
3.06  0.981529
3.065  0.9185868
3.0700000000000003  0.8431722
3.075  0.7551333
3.08  0.6549624
3.085  0.5439497
3.09  0.424114
3.095  0.2981235
3.1  0.1691154
3.105  0.04017408
3.11  -0.08632236
3.115  -0.2088305
3.12  -0.3262602
3.125  -0.4376661
3.13  -0.5420526
3.1350000000000002  -0.6382477
3.14  -0.7249953
3.145  -0.8012893
3.15  -0.8667275
3.1550000000000002  -0.9217292
3.16  -0.9676179
3.165  -1.006442
3.17  -1.040436
3.1750000000000003  -1.071435
3.18  -1.100719
3.185  -1.129114
3.19  -1.157
3.1950000000000003  -1.184419
3.2  -1.211256
3.205  -1.23735
3.21  -1.262527
3.215  -1.286501
3.22  -1.308675
3.225  -1.327969
3.23  -1.342804
3.235  -1.351225
3.24  -1.35118
3.245  -1.341052
3.25  -1.320281
3.255  -1.289408
3.2600000000000002  -1.249546
3.265  -1.201877
3.27  -1.147439
3.275  -1.087164
3.2800000000000002  -1.021896
3.285  -0.9524406
3.29  -0.8797105
3.295  -0.804828
3.3000000000000003  -0.7290162
3.305  -0.6533688
3.31  -0.5787912
3.315  -0.5061209
3.3200000000000003  -0.4361612
3.325  -0.3696162
3.33  -0.3070898
3.335  -0.2491853
3.34  -0.1965632
3.345  -0.1498988
3.35  -0.1098451
3.355  -0.07702804
3.36  -0.05198116
3.365  -0.03502463
3.37  -0.02625044
3.375  -0.02560761
3.38  -0.03297173
3.3850000000000002  -0.04820476
3.39  -0.07120962
3.395  -0.1019602
3.4  -0.1404598
3.4050000000000002  -0.1865426
3.41  -0.2395547
3.415  -0.2980836
3.42  -0.3598889
3.4250000000000003  -0.4221598
3.43  -0.4820836
3.435  -0.5373084
3.44  -0.5859343
3.4450000000000003  -0.6264299
3.45  -0.6578431
3.455  -0.6800132
3.46  -0.6933835
3.465  -0.6985455
3.47  -0.6959352
3.475  -0.6859952
3.48  -0.6697169
3.485  -0.6490426
3.49  -0.6267164
3.495  -0.6055441
3.5  -0.5875139
3.505  -0.5736528
3.5100000000000002  -0.5644777
3.515  -0.5602838
3.52  -0.5613077
3.525  -0.5677732
3.5300000000000002  -0.579715
3.535  -0.5966376
3.54  -0.6171823
3.545  -0.6389837
3.5500000000000003  -0.6589126
3.555  -0.673827
3.56  -0.6815568
3.565  -0.6812191
3.5700000000000003  -0.6727514
3.575  -0.6564013
3.58  -0.6324132
3.585  -0.6009447
3.59  -0.5621662
3.595  -0.5164954
3.6  -0.4649484
3.605  -0.4094259
3.61  -0.3527254
3.615  -0.2981939
3.62  -0.2490002
3.625  -0.2073688
3.63  -0.1744746
3.6350000000000002  -0.150809
3.64  -0.1365238
3.645  -0.1317843
3.65  -0.1370537
3.6550000000000002  -0.1532255
3.66  -0.181543
3.665  -0.2232907
3.67  -0.2792968
3.6750000000000003  -0.3492909
3.68  -0.4313696
3.685  -0.5222034
3.69  -0.6179595
3.6950000000000003  -0.7146704
3.7  -0.8081997
3.705  -0.8948958
3.71  -0.9725263
3.715  -1.040319
3.72  -1.098266
3.725  -1.146593
3.73  -1.185409
3.735  -1.214547
3.74  -1.233602
3.745  -1.242033
3.75  -1.239316
3.755  -1.224999
3.7600000000000002  -1.198654
3.765  -1.159859
3.77  -1.108273
3.775  -1.043737
3.7800000000000002  -0.9663117
3.785  -0.8762883
3.79  -0.7744096
3.795  -0.6622543
3.8000000000000003  -0.5425584
3.805  -0.419205
3.81  -0.2966354
3.815  -0.1788436
3.8200000000000003  -0.06877646
3.825  0.03190104
3.83  0.1229413
3.835  0.2048771
3.84  0.2782032
3.845  0.3430885
3.85  0.3993086
3.855  0.4463997
3.86  0.4840405
3.865  0.5124956
3.87  0.5328968
3.875  0.5470737
3.88  0.5570655
3.8850000000000002  0.564853
3.89  0.5721915
3.895  0.5802845
3.9  0.5897558
3.9050000000000002  0.6008905
3.91  0.6137542
3.915  0.6282192
3.92  0.6439461
3.9250000000000003  0.6603347
3.93  0.6765114
3.935  0.691433
3.94  0.7041255
3.9450000000000003  0.7139087
3.95  0.7203622
3.955  0.7231356
3.96  0.72184
3.9650000000000003  0.7160052
3.97  0.7051058
3.975  0.688683
3.98  0.6665002
3.985  0.6385396
3.99  0.6048718
3.995  0.5656002
4.0  0.5209716
4.005  0.4716471
4.01  0.4189615
4.015  0.3649874
4.0200000000000005  0.3122819
4.025  0.2633607
4.03  0.2203205
4.035  0.1849649
4.04  0.1590415
4.045  0.1442355
4.05  0.1420725
4.055  0.153686
4.0600000000000005  0.1794814
4.065  0.2192162
4.07  0.272493
4.075  0.3390051
4.08  0.4183723
4.085  0.5098699
4.09  0.6122043
4.095  0.7233083
4.1  0.8402888
4.105  0.9596954
4.11  1.078068
4.115  1.192448
4.12  1.30055
4.125  1.400585
4.13  1.491034
4.135  1.570574
4.14  1.638158
4.1450000000000005  1.693077
4.15  1.734804
4.155  1.762796
4.16  1.776449
4.165  1.775173
4.17  1.758538
4.175  1.726468
4.18  1.679504
4.1850000000000005  1.619024
4.19  1.547244
4.195  1.46677
4.2  1.380064
4.205  1.289375
4.21  1.196811
4.215  1.104168
4.22  1.012679
4.225  0.9229988
4.23  0.8354381
4.235  0.7501518
4.24  0.6672429
4.245  0.5868494
4.25  0.5092007
4.255  0.4346235
4.26  0.3634877
4.265  0.2961005
4.2700000000000005  0.2325909
4.275  0.1728962
4.28  0.116848
4.285  0.06427419
4.29  0.01511183
4.295  -0.03051116
4.3  -0.07232238
4.305  -0.110079
4.3100000000000005  -0.1437879
4.315  -0.1738876
4.32  -0.2012302
4.325  -0.2268254
4.33  -0.2514796
4.335  -0.2755537
4.34  -0.2988845
4.345  -0.3207528
4.3500000000000005  -0.3399507
4.355  -0.3550295
4.36  -0.3646768
4.365  -0.3679636
4.37  -0.3643521
4.375  -0.3536633
4.38  -0.3360493
4.385  -0.3118992
4.39  -0.2817085
4.3950000000000005  -0.2459718
4.4  -0.2051883
4.405  -0.1599625
4.41  -0.1111369
4.415  -0.05991479
4.42  -0.007874045
4.425  0.04317119
4.43  0.09145895
4.4350000000000005  0.1354756
4.44  0.1739505
4.445  0.2059075
4.45  0.2307904
4.455  0.2484229
4.46  0.2588561
4.465  0.2622623
4.47  0.258847
4.4750000000000005  0.2487716
4.48  0.2321464
4.485  0.2090662
4.49  0.1796154
4.495  0.1438365
4.5  0.1016767
4.505  0.05293005
4.51  -0.002785516
4.515  -0.06597478
4.5200000000000005  -0.1371006
4.525  -0.2163276
4.53  -0.3032919
4.535  -0.3969945
4.54  -0.495824
4.545  -0.5976831
4.55  -0.7000548
4.555  -0.8000244
4.5600000000000005  -0.8945968
4.565  -0.9812623
4.57  -1.058124
4.575  -1.123724
4.58  -1.177097
4.585  -1.217714
4.59  -1.245295
4.595  -1.259779
4.6000000000000005  -1.261401
4.605  -1.250813
4.61  -1.229171
4.615  -1.198073
4.62  -1.159261
4.625  -1.114175
4.63  -1.063789
4.635  -1.008734
4.64  -0.9493945
4.6450000000000005  -0.8859315
4.65  -0.8183789
4.655  -0.7467696
4.66  -0.6712415
4.665  -0.5921158
4.67  -0.5099504
4.675  -0.4255475
4.68  -0.3398619
4.6850000000000005  -0.2537888
4.69  -0.1679601
4.695  -0.08275437
4.7  0.001565113
4.705  0.08477944
4.71  0.1666954
4.715  0.2471428
4.72  0.3259349
4.7250000000000005  0.4027926
4.73  0.4772958
4.735  0.5488821
4.74  0.6168701
4.745  0.680416
4.75  0.7384733
4.755  0.7899111
4.76  0.8337201
4.765  0.8690562
4.7700000000000005  0.8951843
4.775  0.9115179
4.78  0.9176017
4.785  0.9130187
4.79  0.8973833
4.795  0.8704364
4.8  0.8321973
4.805  0.7831473
4.8100000000000005  0.7243948
4.815  0.6577154
4.82  0.5853609
4.825  0.5096993
4.83  0.433067
4.835  0.3577947
4.84  0.2860793
4.845  0.2199712
4.8500000000000005  0.1613838
4.855  0.1117908
4.86  0.07194627
4.865  0.04195981
4.87  0.02154809
4.875  0.01025168
4.88  0.007629038
4.885  0.0133226
4.89  0.02699601
4.8950000000000005  0.04828516
4.9  0.07679979
4.905  0.1121682
4.91  0.1540745
4.915  0.2021431
4.92  0.2556843
4.925  0.3134714
4.93  0.3736401
4.9350000000000005  0.4338279
4.94  0.491661
4.945  0.545362
4.95  0.5937807
4.955  0.6359859
4.96  0.6710816
4.965  0.6982396
4.97  0.7168557
4.9750000000000005  0.7266756
4.98  0.7277965
4.985  0.7206315
4.99  0.7058556
4.995  0.6842965
5.0  0.6568437
5.005  0.6244404
5.01  0.5880339
5.015  0.5484011
5.0200000000000005  0.5060197
5.025  0.4611294
5.03  0.4138681
5.035  0.3643495
5.04  0.3126943
5.045  0.2590315
5.05  0.2034821
5.055  0.1461282
5.0600000000000005  0.08696791
5.065  0.02588137
5.07  -0.03735898
5.075  -0.1030028
5.08  -0.1711361
5.085  -0.241419
5.09  -0.3128385
5.095  -0.3836184
5.1000000000000005  -0.451445
5.105  -0.5140317
5.11  -0.5696953
5.115  -0.6174409
5.12  -0.6567438
5.125  -0.6874296
5.13  -0.7095388
5.135  -0.7231558
5.14  -0.7282859
5.1450000000000005  -0.7247972
5.15  -0.7124625
5.155  -0.6911146
5.16  -0.6608777
5.165  -0.6224097
5.17  -0.5770628
5.175  -0.5268479
5.18  -0.4741726
5.1850000000000005  -0.4215299
5.19  -0.3711882
5.195  -0.3248236
5.2  -0.2835031
5.205  -0.247946
5.21  -0.2186021
5.215  -0.1956353
5.22  -0.1789696
5.2250000000000005  -0.1683743
5.23  -0.16354
5.235  -0.1641728
5.24  -0.1700964
5.245  -0.1812647
5.25  -0.1976441
5.255  -0.219058
5.26  -0.2450666
5.265  -0.2749356
5.2700000000000005  -0.3077591
5.275  -0.3427082
5.28  -0.3792078
5.285  -0.4167973
5.29  -0.4548015
5.295  -0.4920927
5.3  -0.5269862
5.305  -0.5572575
5.3100000000000005  -0.5804201
5.315  -0.5943301
5.32  -0.5976956
5.325  -0.5900857
5.33  -0.5717147
5.335  -0.5433258
5.34  -0.506092
5.345  -0.4614299
5.3500000000000005  -0.4107411
5.355  -0.3553209
5.36  -0.2966071
5.365  -0.2364512
5.37  -0.1770616
5.375  -0.1206199
5.38  -0.06885215
5.385  -0.02301156
5.39  0.01593848
5.3950000000000005  0.04737167
5.4  0.07113397
5.405  0.08756102
5.41  0.09739058
5.415  0.1016541
5.42  0.1015861
5.425  0.09856591
5.43  0.093951
5.4350000000000005  0.08877117
5.44  0.08360486
5.445  0.07867541
5.45  0.07391624
5.455  0.06898851
5.46  0.06332223
5.465  0.05622122
5.47  0.04703362
5.4750000000000005  0.03528819
5.48  0.02070571
5.485  0.003179958
5.49  -0.0171803
5.495  -0.03998789
5.5  -0.06454767
5.505  -0.08991504
5.51  -0.1150854
5.515  -0.1392534
5.5200000000000005  -0.1619061
5.525  -0.1827647
5.53  -0.2017109
5.535  -0.2186963
5.54  -0.233678
5.545  -0.246588
5.55  -0.2573297
5.555  -0.2657989
5.5600000000000005  -0.2719234
5.565  -0.2757098
5.57  -0.2772758
5.575  -0.2768351
5.58  -0.2746072
5.585  -0.2706574
5.59  -0.2647028
5.595  -0.2559518
5.6000000000000005  -0.2430783
5.605  -0.2244227
5.61  -0.1984642
5.615  -0.1644015
5.62  -0.1223469
5.625  -0.07312735
5.63  -0.01794604
5.635  0.04205806
5.64  0.1056985
5.6450000000000005  0.1712889
5.65  0.2366731
5.655  0.2995562
5.66  0.3576785
5.665  0.4087989
5.67  0.4509076
5.675  0.4827226
5.68  0.5039544
5.6850000000000005  0.5152103
5.69  0.5178053
5.695  0.5134816
5.7  0.5040313
5.705  0.4908955
5.71  0.474979
5.715  0.4568021
5.72  0.4367024
5.7250000000000005  0.4149275
5.73  0.3916666
5.735  0.3670922
5.74  0.3414008
5.745  0.3148028
5.75  0.2874896
5.755  0.2596311
5.76  0.2314352
5.765  0.2032302
5.7700000000000005  0.1755147
5.775  0.1489569
5.78  0.1243763
5.785  0.1027659
5.79  0.08525442
5.795  0.07287123
5.8  0.06622197
5.805  0.06540651
5.8100000000000005  0.07021413
5.815  0.08030136
5.82  0.09517545
5.825  0.1139996
5.83  0.1354238
5.835  0.1576129
5.84  0.1785464
5.845  0.1965147
5.8500000000000005  0.2103923
5.855  0.219518
5.86  0.2235438
5.865  0.2224378
5.87  0.2165788
5.875  0.2068937
5.88  0.1949376
5.885  0.1827679
5.89  0.1725279
5.8950000000000005  0.1658821
5.9  0.1638542
5.905  0.1670987
5.91  0.1760963
5.915  0.1911677
5.92  0.2123577
5.925  0.2392215
5.93  0.2705868
5.9350000000000005  0.3044096
5.94  0.3378809
5.945  0.367925
5.95  0.3918994
5.955  0.4077581
5.96  0.4138444
5.965  0.4089476
5.97  0.3923005
5.9750000000000005  0.3635099
5.98  0.3226928
5.985  0.2707224
5.99  0.2094266
5.995  0.1415611
6.0  0.07042736
6.005  -0.0008289311
6.01  -0.0699611
6.015000000000001  -0.1356615
6.0200000000000005  -0.1970697
6.025  -0.2535248
6.03  -0.3045284
6.035  -0.3498141
6.04  -0.3894323
6.045  -0.4237629
6.05  -0.453467
6.055  -0.4793554
6.0600000000000005  -0.502165
6.065  -0.5223823
6.07  -0.5402539
6.075  -0.5558748
6.08  -0.5692364
6.085  -0.5802572
6.09  -0.5888134
6.095  -0.5947726
6.1000000000000005  -0.5980214
6.105  -0.5984591
6.11  -0.5959668
6.115  -0.5903956
6.12  -0.5815924
6.125  -0.5694566
6.13  -0.5539932
6.135  -0.5353425
6.140000000000001  -0.5137981
6.1450000000000005  -0.4898225
6.15  -0.4640868
6.155  -0.4375358
6.16  -0.4113622
6.165  -0.3867816
6.17  -0.3646908
6.175  -0.3455121
6.18  -0.329258
6.1850000000000005  -0.3155615
6.19  -0.3036066
6.195  -0.2920665
6.2  -0.2792064
6.205  -0.2632349
6.21  -0.2427619
6.215  -0.2168904
6.22  -0.1850507
6.2250000000000005  -0.1470298
6.23  -0.1031342
6.235  -0.05434949
6.24  -0.002416559
6.245  0.05022499
6.25  0.1006959
6.255  0.1462401
6.26  0.1848187
6.265000000000001  0.2151322
6.2700000000000005  0.2363175
6.275  0.2478437
6.28  0.249449
6.285  0.241023
6.29  0.2225389
6.295  0.1940781
6.3  0.1559319
6.305  0.1087417
6.3100000000000005  0.05359862
6.315  -0.007957301
6.32  -0.07397295
6.325  -0.1421189
6.33  -0.2099387
6.335  -0.2753331
6.34  -0.3367651
6.345  -0.3931467
6.3500000000000005  -0.443807
6.355  -0.4884553
6.36  -0.5270602
6.365  -0.5597605
6.37  -0.5868042
6.375  -0.6084751
6.38  -0.624994
6.385  -0.6364322
6.390000000000001  -0.6426817
6.3950000000000005  -0.6434573
6.4  -0.6383133
6.405  -0.6266914
6.41  -0.6079607
6.415  -0.5814242
6.42  -0.5463747
6.425  -0.5022349
6.43  -0.4487348
6.4350000000000005  -0.3861232
6.44  -0.3153342
6.445  -0.2378152
6.45  -0.1550766
6.455  -0.06866482
6.46  0.01952508
6.465  0.1072192
6.47  0.1919709
6.4750000000000005  0.27146
6.48  0.3437643
6.485  0.4074791
6.49  0.4618287
6.495  0.5067638
6.5  0.5427912
6.505  0.5706165
6.51  0.5908215
6.515000000000001  0.6037806
6.5200000000000005  0.6098052
6.525  0.609293
6.53  0.6028018
6.535  0.5910295
6.54  0.5746858
6.545  0.5543435
6.55  0.5304236
6.555  0.5032592
6.5600000000000005  0.4731112
6.565  0.440203
6.57  0.4048183
6.575  0.3673933
6.58  0.3285269
6.585  0.288889
6.59  0.2490494
6.595  0.2093542
6.6000000000000005  0.1699666
6.605  0.1309896
6.61  0.09257243
6.615  0.05500258
6.62  0.01878342
6.625  -0.01533849
6.63  -0.04645112
6.635  -0.07365622
6.640000000000001  -0.0962026
6.6450000000000005  -0.1134502
6.65  -0.1248027
6.655  -0.1297558
6.66  -0.1280014
6.665  -0.1194348
6.67  -0.1040603
6.675  -0.08192656
6.68  -0.0531535
6.6850000000000005  -0.01805211
6.69  0.02271853
6.695  0.06801723
6.7  0.1161401
6.705  0.1649261
6.71  0.2121453
6.715  0.2559351
6.72  0.294858
6.7250000000000005  0.3277924
6.73  0.3540051
6.735  0.3731568
6.74  0.385229
6.745  0.3905521
6.75  0.3898877
6.755  0.3844979
6.76  0.3760778
6.765000000000001  0.3664313
6.7700000000000005  0.3569718
6.775  0.3484604
6.78  0.3411584
6.785  0.3350533
6.79  0.329929
6.795  0.3253245
6.8  0.3204899
6.805  0.3144235
6.8100000000000005  0.3060297
6.815  0.294334
6.82  0.2784908
6.825  0.25768
6.83  0.2311959
6.835  0.198691
6.84  0.1604088
6.845  0.1171917
6.8500000000000005  0.07025888
6.855  0.02092141
6.86  -0.02956386
6.865  -0.07995435
6.87  -0.1290496
6.875  -0.1758621
6.88  -0.2196886
6.885  -0.2599962
6.890000000000001  -0.2963156
6.8950000000000005  -0.328215
6.9  -0.3553077
6.905  -0.3773093
6.91  -0.3941357
6.915  -0.4059246
6.92  -0.4129657
6.925  -0.4155986
6.93  -0.4140964
6.9350000000000005  -0.4086198
6.94  -0.3992548
6.945  -0.3860506
6.95  -0.3690438
6.955  -0.3482762
6.96  -0.3238033
6.965  -0.2956862
6.97  -0.2639678
6.9750000000000005  -0.2286434
6.98  -0.1896446
6.985  -0.1468596
6.99  -0.1002157
6.995  -0.04983285
7.0  0.003791152
7.005  0.05963088
7.01  0.1161033
7.015000000000001  0.1712549
7.0200000000000005  0.2231624
7.025  0.2702538
7.03  0.3112908
7.035  0.3452895
7.04  0.3716257
7.045  0.3901284
7.05  0.4010926
7.055  0.4052824
7.0600000000000005  0.4038678
7.065  0.3982091
7.07  0.3895002
7.075  0.378501
7.08  0.3655734
7.085  0.3508457
7.09  0.33431
7.095  0.3158858
7.1000000000000005  0.295475
7.105  0.2730073
7.11  0.2484685
7.115  0.2219025
7.12  0.1933994
7.125  0.163089
7.13  0.1311395
7.135  0.09775924
7.140000000000001  0.06322261
7.1450000000000005  0.02797877
7.15  -0.007217594
7.155  -0.04128964
7.16  -0.072984
7.165  -0.1011087
7.17  -0.1246003
7.175  -0.1425025
7.18  -0.1541362
7.1850000000000005  -0.1593454
7.19  -0.1585339
7.195  -0.1524318
7.2  -0.1417625
7.205  -0.126957
7.21  -0.108099
7.215  -0.08504363
7.22  -0.05755275
7.2250000000000005  -0.02546433
7.23  0.01112232
7.235  0.05174553
7.24  0.09569004
7.245  0.142222
7.25  0.1906686
7.255  0.2402887
7.26  0.2901477
7.265000000000001  0.3391305
7.2700000000000005  0.3860758
7.275  0.4298841
7.28  0.4694853
7.285  0.5038384
7.29  0.5320929
7.295  0.5537238
7.3  0.5684782
7.305  0.576249
7.3100000000000005  0.5770072
7.315  0.5707703
7.32  0.5575934
7.325  0.5375807
7.33  0.5109212
7.335  0.4779648
7.34  0.439306
7.345  0.3957944
7.3500000000000005  0.3484293
7.355  0.2981805
7.36  0.2459407
7.365  0.1926649
7.37  0.139456
7.375  0.08745479
7.38  0.03760231
7.385  -0.009493273
7.390000000000001  -0.05348607
7.3950000000000005  -0.09419278
7.4  -0.1315414
7.405  -0.1655044
7.41  -0.1959857
7.415  -0.2227053
7.42  -0.2451436
7.425  -0.2625824
7.43  -0.2742751
7.4350000000000005  -0.279722
7.44  -0.2789092
7.445  -0.2723564
7.45  -0.2610025
7.455  -0.245981
7.46  -0.2283323
7.465  -0.208895
7.47  -0.1883829
7.4750000000000005  -0.1673994
7.48  -0.1463782
7.485  -0.1256005
7.49  -0.1053281
7.495  -0.08592217
7.5  -0.06786242
7.505  -0.05166091
7.51  -0.03768309
7.515000000000001  -0.02595803
7.5200000000000005  -0.01607505
7.525  -0.007184867
7.53  0.001881374
7.535  0.01232618
7.54  0.02503379
7.545  0.04049748
7.55  0.05896727
7.555  0.08050843
7.5600000000000005  0.1049937
7.565  0.1320705
7.57  0.1611148
7.575  0.1912098
7.58  0.2212177
7.585  0.2499494
7.59  0.2762538
7.595  0.2989886
7.6000000000000005  0.3170957
7.605  0.3298343
7.61  0.336934
7.615  0.3385538
7.62  0.3351823
7.625  0.3275758
7.63  0.3167849
7.635  0.3041682
7.640000000000001  0.2912159
7.6450000000000005  0.2792421
7.65  0.2692603
7.655  0.2621353
7.66  0.2587034
7.665  0.2596886
7.67  0.2654875
7.675  0.2759948
7.68  0.2905392
7.6850000000000005  0.3079109
7.69  0.3265523
7.695  0.3449516
7.7  0.3620491
7.705  0.3773122
7.71  0.3906029
7.715  0.4021277
7.72  0.4124049
7.7250000000000005  0.4221804
7.73  0.4322652
7.735  0.4433226
7.74  0.4557699
7.745  0.4698503
7.75  0.4857155
7.755  0.5034325
7.76  0.5229332
7.765000000000001  0.5439284
7.7700000000000005  0.5658059
7.775  0.5875751
7.78  0.6079566
7.785  0.6256767
7.79  0.6398694
7.795  0.6502303
7.8  0.6568689
7.805000000000001  0.6601275
7.8100000000000005  0.6604415
7.815  0.6583157
7.82  0.6543955
7.825  0.6494833
7.83  0.6444429
7.835  0.6400305
7.84  0.6368246
7.845  0.6353141
7.8500000000000005  0.6359727
7.855  0.6392334
7.86  0.645428
7.865  0.6547734
7.87  0.6673735
7.875  0.6831681
7.88  0.7018605
7.885  0.7228657
7.890000000000001  0.7453263
7.8950000000000005  0.7682496
7.9  0.7907519
7.905  0.8122397
7.91  0.8323717
7.915  0.8509332
7.92  0.8677742
7.925  0.8827913
7.930000000000001  0.8959281
7.9350000000000005  0.9071583
7.94  0.9164469
7.945  0.9237165
7.95  0.928827
7.955  0.9315723
7.96  0.9317058
7.965  0.9289974
7.97  0.9233013
7.9750000000000005  0.9145629
7.98  0.9027579
7.985  0.8878221
7.99  0.869596
7.995  0.847797
8.0  0.8220383
8.005  0.7918901
8.01  0.7570035
8.015  0.7173113
8.02  0.6732037
8.025  0.625481
8.03  0.575194
8.035  0.5235951
8.040000000000001  0.4720373
8.045  0.4217181
8.05  0.3735099
8.055  0.3280747
8.06  0.2860606
8.065  0.2481548
8.07  0.2150115
8.075  0.187151
8.08  0.1649651
8.085  0.1487626
8.09  0.1387278
8.095  0.1348337
8.1  0.1367781
8.105  0.1439595
8.11  0.1554959
8.115  0.1703026
8.120000000000001  0.1872198
8.125  0.205057
8.13  0.2226312
8.135  0.2389662
8.14  0.253456
8.145  0.2658025
8.15  0.2758666
8.155  0.2835837
8.16  0.2889194
8.165000000000001  0.2918412
8.17  0.2922992
8.175  0.2902157
8.18  0.2854967
8.185  0.278064
8.19  0.2679038
8.195  0.2551187
8.2  0.239965
8.205  0.2228563
8.21  0.2043168
8.215  0.1848953
8.22  0.1651246
8.225  0.1455465
8.23  0.1266943
8.235  0.109004
8.24  0.09275453
8.245000000000001  0.07808133
8.25  0.06498546
8.255  0.05330611
8.26  0.04268523
8.265  0.0325634
8.27  0.02225138
8.275  0.01108811
8.28  -0.001402552
8.285  -0.01550802
8.290000000000001  -0.03140707
8.295  -0.04918708
8.3  -0.0688149
8.305  -0.09008841
8.31  -0.112593
8.315  -0.1357067
8.32  -0.1586948
8.325  -0.1808887
8.33  -0.2018314
8.335  -0.2212777
8.34  -0.2391293
8.345  -0.2553902
8.35  -0.2700985
8.355  -0.2831985
8.36  -0.2943876
8.365  -0.3030124
8.370000000000001  -0.3080681
8.375  -0.3083562
8.38  -0.3027667
8.385  -0.2904892
8.39  -0.2711735
8.395  -0.2451097
8.4  -0.213159
8.405  -0.1763769
8.41  -0.1356286
8.415000000000001  -0.09145924
8.42  -0.0441601
8.425  0.006052873
8.43  0.05875077
8.435  0.1130379
8.44  0.1674521
8.445  0.2201057
8.45  0.2690695
8.455  0.3127487
8.46  0.3500099
8.465  0.3802349
8.47  0.4033985
8.475  0.4199937
8.48  0.4308229
8.485  0.4367314
8.49  0.4383442
8.495000000000001  0.4360401
8.5  0.430169
8.505  0.4212627
8.51  0.4101451
8.515  0.3978984
8.52  0.3856633
8.525  0.3743975
8.53  0.3648203
8.535  0.357437
8.540000000000001  0.3524261
8.545  0.3494547
8.55  0.34755
8.555  0.3452117
8.56  0.3408048
8.565  0.3329762
8.57  0.3207577
8.575000000000001  0.30352
8.58  0.2810674
8.585  0.2537162
8.59  0.2221423
8.595  0.1870859
8.6  0.1492103
8.605  0.1092225
8.61  0.06805291
8.615  0.02688198
8.620000000000001  -0.01302127
8.625  -0.05055537
8.63  -0.08483137
8.635  -0.1150835
8.64  -0.1407346
8.645  -0.1615072
8.65  -0.1774549
8.655  -0.1889505
8.66  -0.1966528
8.665000000000001  -0.2014085
8.67  -0.204047
8.675  -0.205137
8.68  -0.2049488
8.685  -0.2035855
8.69  -0.2010651
8.695  -0.1973644
8.700000000000001  -0.1924466
8.705  -0.1862618
8.71  -0.178707
8.715  -0.1695701
8.72  -0.1585133
8.725  -0.1451301
8.73  -0.1290827
8.735  -0.1103054
8.74  -0.08921416
8.745000000000001  -0.06679965
8.75  -0.04453378
8.755  -0.02406595
8.76  -0.006776416
8.765  0.006463594
8.77  0.01517412
8.775  0.01908106
8.78  0.0180182
8.785  0.01186743
8.790000000000001  0.000529409
8.795  -0.01604503
8.8  -0.03775506
8.805  -0.06419939
8.81  -0.09454691
8.815  -0.1275324
8.82  -0.1616478
8.825000000000001  -0.1955039
8.83  -0.2281081
8.835  -0.258824
8.84  -0.2872194
8.845  -0.3130301
8.85  -0.3361848
8.855  -0.3568034
8.86  -0.3751646
8.865  -0.3916599
8.870000000000001  -0.4067118
8.875  -0.4206615
8.88  -0.4337261
8.885  -0.4460607
8.89  -0.4578338
8.895  -0.4692587
8.9  -0.4805808
8.905  -0.4920201
8.91  -0.5037005
8.915000000000001  -0.5156198
8.92  -0.527655
8.925  -0.5395736
8.93  -0.5510665
8.935  -0.5618005
8.94  -0.5714317
8.945  -0.5795702
8.950000000000001  -0.5857754
8.955  -0.5896116
8.96  -0.5907075
8.965  -0.5888344
8.97  -0.5840366
8.975  -0.5767067
8.98  -0.5674058
8.985  -0.5566156
8.99  -0.5447405
8.995000000000001  -0.532205
9.0  -0.5194672
9.005  -0.5069581
9.01  -0.494989
9.015  -0.4837363
9.02  -0.4733128
9.025  -0.4638218
9.03  -0.4553751
9.035  -0.4480806
9.040000000000001  -0.4420014
9.045  -0.4371028
9.05  -0.4332056
9.055  -0.4299657
9.06  -0.4269035
9.065  -0.4235072
9.07  -0.4193717
9.075000000000001  -0.4142404
9.08  -0.4079743
9.085  -0.400572
9.09  -0.3922177
9.095  -0.3833251
9.1  -0.3745404
9.105  -0.3666602
9.11  -0.3604575
9.115  -0.3565151
9.120000000000001  -0.3552361
9.125  -0.3569474
9.13  -0.3619178
9.135  -0.3703212
9.14  -0.3821983
9.145  -0.3974059
9.15  -0.4155385
9.155  -0.4358561
9.16  -0.4572982
9.165000000000001  -0.4786638
9.17  -0.4989301
9.175  -0.5174978
9.18  -0.5341602
9.185  -0.5489342
9.19  -0.5619168
9.195  -0.5731511
9.200000000000001  -0.5825218
9.205  -0.5897133
9.21  -0.5942448
9.215  -0.5956002
9.22  -0.5934403
9.225  -0.5878031
9.23  -0.5791858
9.235  -0.5684989
9.24  -0.5568901
9.245000000000001  -0.5454296
9.25  -0.5348094
9.255  -0.5253296
9.26  -0.5170712
9.265  -0.5100161
9.27  -0.5041093
9.275  -0.4992678
9.28  -0.4953536
9.285  -0.4921444
9.290000000000001  -0.4893246
9.295  -0.4865136
9.3  -0.4833166
9.305  -0.4793565
9.31  -0.4742969
9.315  -0.4678459
9.32  -0.4596548
9.325000000000001  -0.4491713
9.33  -0.4355646
9.335  -0.417734
9.34  -0.394435
9.345  -0.3645532
9.35  -0.3273646
9.355  -0.2826805
9.36  -0.2309709
9.365  -0.1734189
9.370000000000001  -0.1118104
9.375  -0.04832992
9.38  0.01480765
9.385  0.07587987
9.39  0.1338002
9.395  0.1878238
9.4  0.2372512
9.405  0.2812154
9.41  0.3186083
9.415000000000001  0.348243
9.42  0.3692273
9.425  0.3813258
9.43  0.3849639
9.435  0.3809255
9.44  0.3700122
9.445  0.3528217
9.450000000000001  0.329784
9.455  0.3013163
9.46  0.2679312
9.465  0.2303055
9.47  0.1892805
9.475  0.1457437
9.48  0.1004853
9.485  0.05420487
9.49  0.007577335
9.495000000000001  -0.03880516
9.5  -0.08453934
9.505  -0.1293861
9.51  -0.1731494
9.515  -0.2156125
9.52  -0.2565303
9.525  -0.2956668
9.53  -0.3328549
9.535  -0.3680028
9.540000000000001  -0.4010543
9.545  -0.4319647
9.55  -0.4606879
9.555  -0.4871719
9.56  -0.5113673
9.565  -0.5332468
9.57  -0.5528235
9.575000000000001  -0.5701556
9.58  -0.5853359
9.585  -0.5984704
9.59  -0.609652
9.595  -0.6189556
9.6  -0.6264568
9.605  -0.6322455
9.61  -0.6364256
9.615  -0.639102
9.620000000000001  -0.6403714
9.625  -0.640336
9.63  -0.6391233
9.635  -0.6368749
9.64  -0.6337089
9.645  -0.6296697
9.65  -0.6246835
9.655  -0.6185274
9.66  -0.6108352
9.665000000000001  -0.6011695
9.67  -0.5891681
9.675  -0.5747148
9.68  -0.558038
9.685  -0.5397239
9.69  -0.5206634
9.695  -0.5018854
9.700000000000001  -0.4843316
9.705  -0.4688013
9.71  -0.4560024
9.715  -0.4465087
9.72  -0.4407434
9.725  -0.4390111
9.73  -0.4414631
9.735  -0.4480146
9.74  -0.4583164
9.745000000000001  -0.471821
9.75  -0.4879026
9.755  -0.505948
9.76  -0.5253016
9.765  -0.5451689
9.77  -0.5646602
9.775  -0.5829691
9.78  -0.599559
9.785  -0.6141695
9.790000000000001  -0.6267086
9.795  -0.6371978
9.8  -0.6457412
9.805  -0.6524979
9.81  -0.6576777
9.815  -0.6615462
9.82  -0.6643994
9.825000000000001  -0.6664791
9.83  -0.6678476
9.835  -0.6682918
9.84  -0.6673311
9.845  -0.6643363
9.85  -0.658739
9.855  -0.6502743
9.86  -0.6390514
9.865  -0.6253687
9.870000000000001  -0.6094906
9.875  -0.591587
9.88  -0.5717734
9.885  -0.5501442
9.89  -0.5268168
9.895  -0.5020116
9.9  -0.4761285
9.905  -0.4497514
9.91  -0.4235517
9.915000000000001  -0.3981097
9.92  -0.3737754
9.925  -0.3506847
9.93  -0.3288475
9.935  -0.3082076
9.94  -0.2886713
9.945  -0.2700903
9.950000000000001  -0.2522203
9.955  -0.2347026
9.96  -0.217091
9.965  -0.1989356
9.97  -0.1798796
9.975  -0.1596243
9.98  -0.1378069
9.985  -0.1139553
9.99  -0.08753193
9.995000000000001  -0.05804026
10.0  -0.02517078
10.005  0.01101316
10.01  0.0499279
10.015  0.09057518
10.02  0.1318932
10.025  0.1730676
10.03  0.2135447
10.035  0.2528807
10.040000000000001  0.2906779
10.045  0.3265909
10.05  0.3603335
10.055  0.3916222
10.06  0.4201041
10.065  0.44536
10.07  0.4669804
10.075000000000001  0.4846618
10.08  0.4982022
10.085  0.5074232
10.09  0.5121383
10.095  0.5121719
10.1  0.5074225
10.105  0.4979631
10.11  0.4841384
10.115  0.4665863
10.120000000000001  0.4461132
10.125  0.4234463
10.13  0.3990153
10.135  0.3729744
10.14  0.3453871
10.145  0.3163838
10.15  0.2862663
10.155  0.2555192
10.16  0.2247102
10.165000000000001  0.1943323
10.17  0.1647191
10.175  0.1360881
10.18  0.1086117
10.185  0.0824543
10.19  0.05778223
10.195  0.03475278
10.200000000000001  0.01351107
10.205  -0.005781435
10.21  -0.02292736
10.215  -0.03772548
10.22  -0.05005279
10.225  -0.05997636
10.23  -0.06785574
10.235  -0.07439054
10.24  -0.0805648
10.245000000000001  -0.08744278
10.25  -0.09586229
10.255  -0.1062572
10.26  -0.1187165
10.265  -0.133113
10.27  -0.149213
10.275  -0.1667771
10.28  -0.185597
10.285  -0.2054508
10.290000000000001  -0.2260483
10.295  -0.2470176
10.3  -0.2679487
10.305  -0.2884679
10.31  -0.3082425
10.315  -0.3269439
10.32  -0.3442613
10.325000000000001  -0.3599214
10.33  -0.373646
10.335  -0.3850967
10.34  -0.3938933
10.345  -0.3997107
10.35  -0.4024168
10.355  -0.4021453
10.36  -0.3992683
10.365  -0.3943192
10.370000000000001  -0.3879022
10.375  -0.3806363
10.38  -0.3730802
10.385  -0.3655776
10.39  -0.3581397
10.395  -0.3504792
10.4  -0.34215
10.405  -0.3327095
10.41  -0.3218314
10.415000000000001  -0.3093034
10.42  -0.2949789
10.425  -0.2787651
10.43  -0.2606349
10.435  -0.2406385
10.44  -0.2188871
10.445  -0.1955151
10.450000000000001  -0.1706615
10.455  -0.1444895
10.46  -0.1172296
10.465  -0.08922667
10.47  -0.06098153
10.475  -0.03313256
10.48  -0.006355103
10.485  0.01875256
10.49  0.04167694
10.495000000000001  0.06195984
10.5  0.07924246
10.505  0.09329966
10.51  0.1040248
10.515  0.111433
10.52  0.1157157
10.525  0.1173412
10.53  0.1171311
10.535  0.1162092
10.540000000000001  0.1157704
10.545  0.1167355
10.55  0.1195668
10.555  0.1242863
10.56  0.1304986
10.565  0.1374219
10.57  0.1439898
10.575000000000001  0.149061
10.58  0.1517155
10.585  0.151422
10.59  0.14798
10.595  0.141429
10.6  0.1320246
10.605  0.1202419
10.61  0.1067887
10.615  0.0926577
10.620000000000001  0.0791453
10.625  0.06768594
10.63  0.0595317
10.635  0.05554527
10.64  0.0561136
10.645  0.06110641
10.65  0.06995088
10.655  0.08176257
10.66  0.09551762
10.665000000000001  0.1102168
10.67  0.1249105
10.675  0.1386984
10.68  0.1508729
10.685  0.1610796
10.69  0.1692816
10.695  0.1755938
10.700000000000001  0.1801595
10.705  0.1830955
10.71  0.1844784
10.715  0.1843388
10.72  0.1826811
10.725  0.1795848
10.73  0.1753721
10.735  0.1707141
10.74  0.1665176
10.745000000000001  0.1635482
10.75  0.1619671
10.755  0.1611748
10.76  0.1601306
10.765  0.1578001
10.77  0.1532278
10.775  0.145382
10.78  0.1331999
10.785  0.1158315
10.790000000000001  0.09297775
10.795  0.06503798
10.8  0.03289019
10.805  -0.002275542
10.81  -0.03897482
10.815  -0.07561788
10.82  -0.1107366
10.825000000000001  -0.1429718
10.83  -0.1710087
10.835  -0.1937405
10.84  -0.2104753
10.845  -0.2209943
10.85  -0.2255517
10.855  -0.2248565
10.86  -0.2199507
10.865  -0.2121084
10.870000000000001  -0.2028597
10.875  -0.1939172
10.88  -0.1868046
10.885  -0.1823591
10.89  -0.180612
10.895  -0.1811005
10.9  -0.1831394
10.905  -0.1858477
10.91  -0.188113
10.915000000000001  -0.1887276
10.92  -0.1866868
10.925  -0.1814721
10.93  -0.1730521
10.935  -0.1616852
10.94  -0.1477614
10.945  -0.1317128
10.950000000000001  -0.1139805
10.955  -0.09497342
10.96  -0.07502561
10.965  -0.05442466
10.97  -0.03346333
10.975  -0.01242933
10.98  0.008443128
10.985  0.0289815
10.99  0.04901899
10.995000000000001  0.06834193
11.0  0.08668344
11.005  0.1037603
11.01  0.1193553
11.015  0.1334473
11.02  0.1463557
11.025  0.1588107
11.03  0.1718042
11.035  0.186214
11.040000000000001  0.2024205
11.045  0.220311
11.05  0.2395748
11.055  0.2598237
11.06  0.2805671
11.065  0.3012243
11.07  0.3211953
11.075000000000001  0.3399312
11.08  0.3569193
11.085  0.3716547
11.09  0.3836936
11.095  0.3927012
11.1  0.3984178
11.105  0.4006286
11.11  0.3992278
11.115  0.3943589
11.120000000000001  0.3865785
11.125  0.3769767
11.13  0.3671545
11.135  0.3589559
11.14  0.3539899
11.145  0.3532554
11.15  0.3570324
11.155  0.3649053
11.16  0.3760223
11.165000000000001  0.3894845
11.17  0.4044148
11.175  0.4198279
11.18  0.4346432
11.185  0.4478055
11.19  0.4583367
11.195  0.4652896
11.200000000000001  0.4677999
11.205  0.4652653
11.21  0.4574293
11.215  0.4443646
11.22  0.4264723
11.225  0.4043984
11.23  0.3788168
11.235  0.3502589
11.24  0.3191477
11.245000000000001  0.2859073
11.25  0.2509984
11.255  0.2149109
11.26  0.1782006
11.265  0.1415402
11.27  0.1056702
11.275  0.07123958
11.28  0.03865613
11.285  0.008119845
11.290000000000001  -0.02022014
11.295  -0.04613431
11.3  -0.06920475
11.305  -0.08876953
11.31  -0.1039786
11.315  -0.1139714
11.32  -0.1181317
11.325000000000001  -0.1162813
11.33  -0.108722
11.335  -0.09617235
11.34  -0.07961019
11.345  -0.06004406
11.35  -0.03835701
11.355  -0.0152491
11.36  0.008686283
11.365  0.03281165
11.370000000000001  0.05642342
11.375  0.07887424
11.38  0.09975672
11.385  0.1189496
11.39  0.1365318
11.395  0.1527072
11.4  0.1677122
11.405  0.1817039
11.41  0.1947025
11.415000000000001  0.2066029
11.42  0.2172144
11.425  0.2263244
11.43  0.2337735
11.435  0.2394882
11.44  0.243461
11.445  0.2457236
11.450000000000001  0.246324
11.455  0.2453118
11.46  0.2427424
11.465  0.2386954
11.47  0.2332906
11.475  0.2266939
11.48  0.2191219
11.485  0.210878
11.49  0.2023853
11.495000000000001  0.1941421
11.5  0.1865922
11.505  0.1799625
11.51  0.1742137
11.515  0.1691071
11.52  0.1642989
11.525  0.1594782
11.53  0.154523
11.535  0.1495547
11.540000000000001  0.1448629
11.545  0.1407789
11.55  0.137556
11.555  0.1353295
11.56  0.1341311
11.565  0.1338944
11.57  0.1344692
11.575000000000001  0.1356563
11.58  0.1372604
11.585  0.1391478
11.59  0.1413098
11.595  0.1439154
11.6  0.147289
11.605  0.1517799
11.61  0.1575987
11.615  0.1647618
11.620000000000001  0.1731309
11.625  0.1824533
11.63  0.1923962
11.635  0.2025332
11.64  0.2123205
11.645  0.2211611
11.65  0.2285399
11.655  0.2341336
11.66  0.2378465
11.665000000000001  0.239835
11.67  0.2405134
11.675  0.2404557
11.68  0.2401915
11.685  0.2400205
11.69  0.2399904
11.695  0.2399911
11.700000000000001  0.2398469
11.705  0.2394026
11.71  0.2385637
11.715  0.2372827
11.72  0.2355403
11.725  0.233338
11.73  0.2307054
11.735  0.2277264
11.74  0.224568
11.745000000000001  0.2214959
11.75  0.2188562
11.755  0.2170262
11.76  0.2163792
11.765  0.2172425
11.77  0.2198158
11.775  0.2241449
11.78  0.2301639
11.785  0.237721
11.790000000000001  0.2465361
11.795  0.2561261
11.8  0.2657816
11.805  0.2746473
11.81  0.2818851
11.815  0.2867802
11.82  0.2887445
11.825000000000001  0.2873646
11.83  0.2825516
11.835  0.2746756
11.84  0.2644727
11.845  0.2527579
11.85  0.2402304
11.855  0.2274822
11.86  0.2150575
11.865  0.203442
11.870000000000001  0.1930765
11.875  0.1843926
11.88  0.1777645
11.885  0.1733856
11.89  0.171169
11.895  0.1707382
11.9  0.1714939
11.905  0.1727573
11.91  0.1739657
11.915000000000001  0.1747656
11.92  0.1749376
11.925  0.1742856
11.93  0.1725667
11.935  0.1694692
11.94  0.16466
11.945  0.157893
11.950000000000001  0.1491088
11.955  0.1384518
11.96  0.1262489
11.965  0.1130298
11.97  0.09954156
11.975  0.08666323
11.98  0.07522719
11.985  0.06589069
11.99  0.05911146
11.995000000000001  0.05511271
12.0  0.05383743
12.005  0.05497827
12.01  0.05807101
12.015  0.06258811
12.02  0.06794897
12.025  0.07350651
12.030000000000001  0.07864229
12.035  0.08293246
12.040000000000001  0.08622937
12.045  0.08859333
12.05  0.09017513
12.055  0.0911194
12.06  0.09152454
12.065  0.09147409
12.07  0.0910917
12.075000000000001  0.0905833
12.08  0.09025793
12.085  0.09052831
12.09  0.09186004
12.095  0.0946485
12.1  0.09910269
12.105  0.1052151
12.11  0.1127657
12.115  0.1212867
12.120000000000001  0.1300113
12.125  0.1378983
12.13  0.1438126
12.135  0.1467989
12.14  0.1462186
12.145  0.1417588
12.15  0.1334307
12.155000000000001  0.1214873
12.16  0.1062883
12.165000000000001  0.08816169
12.17  0.0673238
12.175  0.0439151
12.18  0.01809232
12.185  -0.009892564
12.19  -0.03961821
12.195  -0.0704362
12.200000000000001  -0.1015004
12.205  -0.1319389
12.21  -0.1611042
12.215  -0.1886815
12.22  -0.2146205
12.225  -0.2390521
12.23  -0.2622082
12.235  -0.2843192
12.24  -0.3055228
12.245000000000001  -0.3258369
12.25  -0.3451821
12.255  -0.3634099
12.26  -0.3803436
12.265  -0.3958223
12.27  -0.4097067
12.275  -0.4218626
12.280000000000001  -0.4321675
12.285  -0.4405361
12.290000000000001  -0.4469355
12.295  -0.4513851
12.3  -0.4539586
12.305  -0.4547815
12.31  -0.4540143
12.315  -0.4518317
12.32  -0.4483955
12.325000000000001  -0.443807
12.33  -0.438048
12.335  -0.4309591
12.34  -0.4222876
12.345  -0.4117886
12.35  -0.399349
12.355  -0.3850582
12.36  -0.3691817
12.365  -0.3520667
12.370000000000001  -0.3340175
12.375  -0.3152148
12.38  -0.2956892
12.385  -0.2752933
12.39  -0.2536862
12.395  -0.2303749
12.4  -0.2048557
12.405000000000001  -0.1768405
12.41  -0.1464607
12.415000000000001  -0.1142802
12.42  -0.08114556
12.425  -0.04801097
12.43  -0.01577974
12.435  0.01474873
12.44  0.04280853
12.445  0.06764268
12.450000000000001  0.08858
12.455  0.1050784
12.46  0.1167661
12.465  0.1235779
12.47  0.1258775
12.475  0.12448
12.48  0.1205639
12.485  0.11543
12.49  0.1101521
12.495000000000001  0.1053857
12.5  0.1014565
12.505  0.09850872
12.51  0.09659643
12.515  0.09574691
12.52  0.09600758
12.525  0.09746813
12.530000000000001  0.1002585
12.535  0.1045434
12.540000000000001  0.1105157
12.545  0.1183582
12.55  0.1281592
12.555  0.1397504
12.56  0.1526188
12.565  0.16598
12.57  0.1789292
12.575000000000001  0.1905688
12.58  0.200003
12.585  0.2063551
12.59  0.2089457
12.595  0.2075264
12.6  0.2023032
12.605  0.1937119
12.61  0.1821683
12.615  0.1679646
12.620000000000001  0.1513417
12.625  0.1326065
12.63  0.1122121
12.635  0.09079593
12.64  0.06913219
12.645  0.0479552
12.65  0.027736
12.655000000000001  0.008655835
12.66  -0.009251722
12.665000000000001  -0.02599325
12.67  -0.04155234
12.675  -0.05588634
12.68  -0.06897786
12.685  -0.08090329
12.69  -0.09189399
12.695  -0.1023477
12.700000000000001  -0.1127534
12.705  -0.1235302
12.71  -0.1348477
12.715  -0.1465463
12.72  -0.1581558
12.725  -0.1689723
12.73  -0.1782261
12.735  -0.1852951
12.74  -0.1897641
12.745000000000001  -0.1913713
12.75  -0.1900176
12.755  -0.1857975
12.76  -0.1789616
12.765  -0.1698034
12.77  -0.1585322
12.775  -0.1452104
12.780000000000001  -0.1298394
12.785  -0.1125449
12.790000000000001  -0.09373111
12.795  -0.07412552
12.8  -0.0546599
12.805  -0.03621289
12.81  -0.01936353
12.815  -0.004372287
12.82  0.008691047
12.825000000000001  0.01986171
12.83  0.0292199
12.835  0.03685311
12.84  0.04285589
12.845  0.04734609
12.85  0.05047109
12.855  0.05239192
12.86  0.05324313
12.865  0.05308855
12.870000000000001  0.05189888
12.875  0.0495512
12.88  0.04585178
12.885  0.04059789
12.89  0.03367981
12.895  0.02519047
12.9  0.01546053
12.905000000000001  0.004971469
12.91  -0.005811942
12.915000000000001  -0.01659981
12.92  -0.02731787
12.925  -0.03806154
12.93  -0.04904162
12.935  -0.06050158
12.94  -0.07260805
12.945  -0.08536703
12.950000000000001  -0.09859705
12.955  -0.1119454
12.96  -0.1249482
12.965  -0.1371464
12.97  -0.1482138
12.975  -0.1579671
12.98  -0.1662846
12.985  -0.1730525
12.99  -0.17813
12.995000000000001  -0.181302
13.0  -0.1822467
13.005  -0.1805734
13.01  -0.1759404
13.015  -0.1682008
13.02  -0.1574841
13.025  -0.1442203
13.030000000000001  -0.1291416
13.035  -0.1132217
13.040000000000001  -0.09750481
13.045  -0.08287739
13.05  -0.07001127
13.055  -0.05941386
13.06  -0.05136067
13.065  -0.04579481
13.07  -0.04237844
13.075000000000001  -0.04066992
13.08  -0.04025224
13.085  -0.04074356
13.09  -0.04176742
13.095  -0.04298364
13.1  -0.0441563
13.105  -0.04518023
13.11  -0.04604008
13.115  -0.04675581
13.120000000000001  -0.04734232
13.125  -0.04778153
13.13  -0.04802316
13.135  -0.04801007
13.14  -0.04770479
13.145  -0.04709792
13.15  -0.04619251
13.155000000000001  -0.04498084
13.16  -0.04342689
13.165000000000001  -0.04146206
13.17  -0.03900189
13.175  -0.03598399
13.18  -0.03241542
13.185  -0.02839918
13.19  -0.02411259
13.195  -0.01975075
13.200000000000001  -0.01547331
13.205  -0.01138829
13.21  -0.007555254
13.215  -0.003979473
13.22  -0.0006167002
13.225  0.002600755
13.23  0.0057267
13.235  0.008762075
13.24  0.01162907
13.245000000000001  0.01418638
13.25  0.01628696
13.255  0.01785114
13.26  0.01892234
13.265  0.01968698
13.27  0.02044581
13.275  0.02150705
13.280000000000001  0.02306177
13.285  0.02519494
13.290000000000001  0.02798736
13.295  0.03155664
13.3  0.03601041
13.305  0.04135263
13.31  0.04742265
13.315  0.05391371
13.32  0.06044676
13.325000000000001  0.06665007
13.33  0.07221075
13.335  0.07691207
13.34  0.08064779
13.345  0.08339141
13.35  0.0851636
13.355  0.08602056
13.36  0.08605093
13.365  0.08537545
13.370000000000001  0.08414719
13.375  0.08255342
13.38  0.08081493
13.385  0.0791626
13.39  0.07778242
13.395  0.07676152
13.4  0.07608279
13.405000000000001  0.07565369
13.41  0.07533588
13.415000000000001  0.07498474
13.42  0.07449465
13.425  0.0738203
13.43  0.07296435
13.435  0.0719563
13.44  0.07083478
13.445  0.06963169
13.450000000000001  0.06836264
13.455  0.06702742
13.46  0.06561757
13.465  0.06412671
13.47  0.06256234
13.475  0.06095591
13.48  0.05936585
13.485  0.05786815
13.49  0.05653472
13.495000000000001  0.05540797
13.5  0.05449074
13.505  0.05375714
13.51  0.05316901
13.515  0.05268828
13.52  0.05228165
13.525  0.0519194
13.530000000000001  0.05157504
13.535  0.05122735
13.540000000000001  0.05086299
13.545  0.05047649
13.55  0.05006747
13.555  0.04963809
13.56  0.04919054
13.565  0.0487242
13.57  0.04823316
13.575000000000001  0.04770538
13.58  0.04712393
13.585  0.0464702
13.59  0.04572867
13.595  0.04489037
13.6  0.04395271
13.605  0.04291899
13.61  0.04179846
13.615  0.04060499
13.620000000000001  0.03935457
13.625  0.03806316
13.63  0.03674474
13.635  0.03540994
13.64  0.03406631
13.645  0.03271944
13.65  0.03137372
13.655000000000001  0.0300331
13.66  0.02870171
13.665000000000001  0.02738435
13.67  0.02608656
13.675  0.02481438
13.68  0.02357388
13.685  0.02237029
13.69  0.02120722
13.695  0.02008645
13.700000000000001  0.01900834
13.705  0.01797203
13.71  0.01697568
13.715  0.01601675
13.72  0.01509265
13.725  0.01420149
13.73  0.01334285
13.735  0.0125176
13.74  0.01172733
13.745000000000001  0.01097388
13.75  0.01025906
13.755  0.009584169
13.76  0.008949632
13.765  0.008354852
13.77  0.007798553
13.775  0.007279222
13.780000000000001  0.006795277
13.785  0.006345027
13.790000000000001  0.005926556
13.795  0.005537665
13.8  0.005176003
13.805  0.004839258
13.81  0.004525234
13.815  0.004231885
13.82  0.003957329
13.825000000000001  0.003699844
13.83  0.003457855
13.835  0.003229925
13.84  0.003014746
13.845  0.002811135
13.85  0.002618016
13.855  0.002434392
13.86  0.0022593
13.865  0.00209178
13.870000000000001  0.001930855
13.875  0.001775537
13.88  0.001624838
13.885  0.001477779
13.89  0.001333389
13.895  0.001190686
13.9  0.001048665
13.905000000000001  0.000906274
13.91  0.0007624159
13.915000000000001  0.000615959
13.92  0.0004657445
13.925  0.000310594
13.93  0.0001493136
13.935  -1.930608e-05
