0.0  0.0
0.01  0.0001797385
0.02  0.0003649512
0.03  0.0005556328
0.04  0.0007517772
0.05  0.0009533773
0.06  0.001160422
0.07  0.001372897
0.08  0.001590786
0.09  0.001814068
0.1  0.002042714
0.11  0.002276688
0.12  0.002515951
0.13  0.002760464
0.14  0.003010189
0.15  0.003265096
0.16  0.003525157
0.17  0.003790354
0.18  0.004060688
0.19  0.004336202
0.2  0.004616979
0.21  0.004903063
0.22  0.005194307
0.23  0.005490381
0.24  0.005790961
0.25  0.00609613
0.26  0.006406643
0.27  0.006723657
0.28  0.007048287
0.29  0.007380797
0.3  0.007719495
0.31  0.008061115
0.32  0.008402345
0.33  0.008740513
0.34  0.009073834
0.35000000000000003  0.009403635
0.36  0.00973551
0.37  0.01007626
0.38  0.01043081
0.39  0.01080215
0.4  0.01119248
0.41000000000000003  0.01159983
0.42  0.01201417
0.43  0.01242204
0.44  0.01281307
0.45  0.01318187
0.46  0.01353373
0.47000000000000003  0.01389175
0.48  0.01428849
0.49  0.01475041
0.5  0.01529321
0.51  0.01591824
0.52  0.01658128
0.53  0.01718103
0.54  0.01760671
0.55  0.01778393
0.56  0.01772172
0.5700000000000001  0.01755532
0.58  0.01748499
0.59  0.01766059
0.6  0.01814398
0.61  0.01894874
0.62  0.0200968
0.63  0.02163512
0.64  0.02350922
0.65  0.02543535
0.66  0.02702325
0.67  0.02798228
0.68  0.02817851
0.6900000000000001  0.02761394
0.7000000000000001  0.02649656
0.71  0.02521184
0.72  0.02409391
0.73  0.02328369
0.74  0.02277355
0.75  0.02248788
0.76  0.02223775
0.77  0.02171726
0.78  0.02065237
0.79  0.01889841
0.8  0.01641036
0.81  0.01316137
0.8200000000000001  0.009088131
0.8300000000000001  0.004205367
0.84  -0.000998409
0.85  -0.005515569
0.86  -0.008369602
0.87  -0.009018114
0.88  -0.007306266
0.89  -0.003196007
0.9  0.003377423
0.91  0.01182968
0.92  0.02027774
0.93  0.02639232
0.9400000000000001  0.02864019
0.9500000000000001  0.02653857
0.96  0.02013719
0.97  0.009573137
0.98  -0.003828037
0.99  -0.01664965
1.0  -0.02507544
1.01  -0.02684492
1.02  -0.02216317
1.03  -0.01431413
1.04  -0.008114783
1.05  -0.006909495
1.06  -0.01129463
1.07  -0.01950497
1.08  -0.02901188
1.09  -0.03832015
1.1  -0.04743054
1.11  -0.0571197
1.12  -0.06803694
1.1300000000000001  -0.08029541
1.1400000000000001  -0.09360555
1.1500000000000001  -0.1076245
1.16  -0.122143
1.17  -0.1364681
1.18  -0.1486867
1.19  -0.1563805
1.2  -0.1579134
1.21  -0.1527666
1.22  -0.1410936
1.23  -0.1242452
1.24  -0.1063197
1.25  -0.09296586
1.26  -0.08759499
1.27  -0.08856768
1.28  -0.09038002
1.29  -0.08802471
1.3  -0.07962135
1.31  -0.0658922
1.32  -0.04824188
1.33  -0.02782339
1.34  -0.006336912
1.35  0.01389278
1.36  0.03113637
1.37  0.04523629
1.3800000000000001  0.05830547
1.3900000000000001  0.07363462
1.4000000000000001  0.09206477
1.41  0.1102908
1.42  0.1236094
1.43  0.1291701
1.44  0.1266767
1.45  0.1176136
1.46  0.1048487
1.47  0.09165803
1.48  0.08005713
1.49  0.07036385
1.5  0.06199463
1.51  0.05442778
1.52  0.04763271
1.53  0.04184727
1.54  0.03633648
1.55  0.02854916
1.56  0.01544622
1.57  -0.004758324
1.58  -0.03229643
1.59  -0.0660894
1.6  -0.1019028
1.61  -0.1319125
1.62  -0.1488898
1.6300000000000001  -0.1496181
1.6400000000000001  -0.1353314
1.6500000000000001  -0.1138451
1.6600000000000001  -0.09736272
1.67  -0.0908675
1.68  -0.08769914
1.69  -0.07764
1.7  -0.05473996
1.71  -0.01895373
1.72  0.02480203
1.73  0.06703519
1.74  0.09746969
1.75  0.1109895
1.76  0.1099065
1.77  0.1006968
1.78  0.08844889
1.79  0.07506237
1.8  0.06147651
1.81  0.04925392
1.82  0.04003073
1.83  0.03485622
1.84  0.03410732
1.85  0.03776988
1.86  0.04567882
1.87  0.05687616
1.8800000000000001  0.0688876
1.8900000000000001  0.07877998
1.9000000000000001  0.08483017
1.9100000000000001  0.08731267
1.92  0.08820407
1.93  0.08970729
1.94  0.09291375
1.95  0.09771706
1.96  0.1035224
1.97  0.1098089
1.98  0.115756
1.99  0.1199028
2.0  0.1208374
2.0100000000000002  0.117851
2.02  0.1106155
2.0300000000000002  0.09842203
2.04  0.08019331
2.05  0.05509194
2.06  0.02317794
2.07  -0.01283019
2.08  -0.04728122
2.09  -0.07481445
2.1  -0.09299744
2.11  -0.102041
2.12  -0.102861
2.13  -0.09559439
2.14  -0.08049904
2.15  -0.06062382
2.16  -0.04137464
2.17  -0.02703514
2.18  -0.01907076
2.19  -0.01690028
2.2  -0.01951103
2.21  -0.02650213
2.22  -0.03811278
2.23  -0.05380996
2.24  -0.07070629
2.25  -0.0846753
2.2600000000000002  -0.09286576
2.27  -0.09455477
2.2800000000000002  -0.09033303
2.29  -0.08083892
2.3000000000000003  -0.06604218
2.31  -0.04538119
2.32  -0.01843268
2.33  0.01306633
2.34  0.04369033
2.35  0.06690647
2.36  0.08062887
2.37  0.09113147
2.38  0.1063415
2.39  0.1262038
2.4  0.1442069
2.41  0.1540466
2.42  0.1533457
2.43  0.1432546
2.44  0.1260181
2.45  0.1029541
2.46  0.0739703
2.47  0.03854292
2.48  -0.001783229
2.49  -0.04249104
2.5  -0.07880225
2.5100000000000002  -0.1082544
2.52  -0.1308
2.5300000000000002  -0.1474197
2.54  -0.1588169
2.5500000000000003  -0.1649665
2.56  -0.1653907
2.57  -0.1596381
2.58  -0.1481976
2.59  -0.1343569
2.6  -0.1238219
2.61  -0.1213597
2.62  -0.1287339
2.63  -0.1443307
2.64  -0.1633081
2.65  -0.1800049
2.66  -0.1911619
2.67  -0.1965068
2.68  -0.1972289
2.69  -0.1942936
2.7  -0.187751
2.71  -0.1770139
2.72  -0.1615274
2.73  -0.1413356
2.74  -0.1170654
2.75  -0.08940033
2.7600000000000002  -0.05868096
2.77  -0.02488778
2.7800000000000002  0.01215228
2.79  0.05256309
2.8000000000000003  0.09580243
2.81  0.1393844
2.82  0.179351
2.83  0.2126225
2.84  0.238174
2.85  0.2564588
2.86  0.2684506
2.87  0.2757175
2.88  0.2804107
2.89  0.2835963
2.9  0.2835808
2.91  0.276945
2.92  0.2618195
2.93  0.2406986
2.94  0.2193107
2.95  0.2024616
2.96  0.191804
2.97  0.1865435
2.98  0.1847105
2.99  0.1832226
3.0  0.178673
3.0100000000000002  0.1690331
3.02  0.1540075
3.0300000000000002  0.1341745
3.04  0.1105895
3.0500000000000003  0.0857628
3.06  0.06339795
3.0700000000000003  0.04609564
3.08  0.03315338
3.09  0.02078508
3.1  0.00508353
3.11  -0.0156947
3.12  -0.04103302
3.13  -0.06801458
3.14  -0.09172778
3.15  -0.1078758
3.16  -0.1147382
3.17  -0.1129572
3.18  -0.1060895
3.19  -0.1008948
3.2  -0.1040403
3.21  -0.1185076
3.22  -0.1413521
3.23  -0.1646027
3.24  -0.1806185
3.25  -0.1861701
3.2600000000000002  -0.1823772
3.27  -0.1733326
3.2800000000000002  -0.1640382
3.29  -0.1577015
3.3000000000000003  -0.1548296
3.31  -0.1543978
3.3200000000000003  -0.1554789
3.33  -0.1584565
3.34  -0.165085
3.35  -0.1767931
3.36  -0.1918789
3.37  -0.205291
3.38  -0.2120362
3.39  -0.2098207
3.4  -0.1989031
3.41  -0.1804724
3.42  -0.1552709
3.43  -0.124133
3.44  -0.09107154
3.45  -0.06352563
3.46  -0.04802772
3.47  -0.0471395
3.48  -0.058264
3.49  -0.07420532
3.5  -0.08738545
3.5100000000000002  -0.09400329
3.52  -0.09423879
3.5300000000000002  -0.09003192
3.54  -0.08294446
3.5500000000000003  -0.07324687
3.56  -0.06024923
3.5700000000000003  -0.04314413
3.58  -0.02158231
3.59  0.003651443
3.6  0.02938896
3.61  0.05083718
3.62  0.06438434
3.63  0.06891301
3.64  0.0650323
3.65  0.05374225
3.66  0.03694271
3.67  0.01904501
3.68  0.005573872
3.69  9.397971e-05
3.7  0.003372547
3.71  0.0145985
3.72  0.03292418
3.73  0.05713987
3.74  0.0833175
3.75  0.1053984
3.7600000000000002  0.1188276
3.77  0.1221638
3.7800000000000002  0.1163333
3.79  0.1035655
3.8000000000000003  0.08625642
3.81  0.06574252
3.8200000000000003  0.04229813
3.83  0.01790509
3.84  -0.001580133
3.85  -0.009238965
3.86  -0.001789256
3.87  0.01734913
3.88  0.04001821
3.89  0.05927927
3.9  0.07277843
3.91  0.08256672
3.92  0.09362753
3.93  0.1110036
3.94  0.1371036
3.95  0.1716404
3.96  0.212666
3.97  0.2562723
3.98  0.2972458
3.99  0.3317496
4.0  0.3586186
4.01  0.3784724
4.0200000000000005  0.3921807
4.03  0.3999732
4.04  0.4014495
4.05  0.3960495
4.0600000000000005  0.3834518
4.07  0.3636641
4.08  0.3371503
4.09  0.3060664
4.1  0.2745849
4.11  0.2466336
4.12  0.2240025
4.13  0.2065308
4.14  0.1933726
4.15  0.1839496
4.16  0.1769834
4.17  0.1687274
4.18  0.1541848
4.19  0.1300696
4.2  0.09630793
4.21  0.05531179
4.22  0.009642403
4.23  -0.03952613
4.24  -0.0910169
4.25  -0.1414819
4.26  -0.1864428
4.2700000000000005  -0.2228609
4.28  -0.2499382
4.29  -0.2682369
4.3  -0.2784479
4.3100000000000005  -0.2807376
4.32  -0.2747958
4.33  -0.2602087
4.34  -0.2367545
4.3500000000000005  -0.2044567
4.36  -0.1634729
4.37  -0.1153362
4.38  -0.06575907
4.39  -0.02324142
4.4  0.006042862
4.41  0.02073524
4.42  0.02427278
4.43  0.02251719
4.44  0.01984572
4.45  0.01735534
4.46  0.01392328
4.47  0.008169152
4.48  -0.000369877
4.49  -0.01124081
4.5  -0.02338985
4.51  -0.03453901
4.5200000000000005  -0.04122912
4.53  -0.04059084
4.54  -0.03177226
4.55  -0.01797247
4.5600000000000005  -0.007068607
4.57  -0.007322655
4.58  -0.02232484
4.59  -0.04845984
4.6000000000000005  -0.07715766
4.61  -0.1010651
4.62  -0.1176472
4.63  -0.1281871
4.64  -0.1348682
4.65  -0.1389712
4.66  -0.1428492
4.67  -0.151917
4.68  -0.1720702
4.69  -0.2063959
4.7  -0.2528761
4.71  -0.3035563
4.72  -0.3487915
4.73  -0.3829152
4.74  -0.405339
4.75  -0.4180313
4.76  -0.4226585
4.7700000000000005  -0.4193701
4.78  -0.4072187
4.79  -0.3851723
4.8  -0.3527756
4.8100000000000005  -0.3101768
4.82  -0.2577811
4.83  -0.1975427
4.84  -0.1362409
4.8500000000000005  -0.08388415
4.86  -0.0477254
4.87  -0.02960833
4.88  -0.02564505
4.89  -0.02771936
4.9  -0.02830957
4.91  -0.02425142
4.92  -0.0162602
4.93  -0.006267311
4.94  0.004696903
4.95  0.01697075
4.96  0.03155268
4.97  0.04897827
4.98  0.06764827
4.99  0.08359423
5.0  0.09289041
5.01  0.09367842
5.0200000000000005  0.08608951
5.03  0.07101266
5.04  0.04950351
5.05  0.02426179
5.0600000000000005  7.353976e-05
5.07  -0.01873579
5.08  -0.03026117
5.09  -0.03469611
5.1000000000000005  -0.0332655
5.11  -0.0284196
5.12  -0.02370999
5.13  -0.02201396
5.14  -0.02440106
5.15  -0.0305757
5.16  -0.0399271
5.17  -0.05222218
5.18  -0.06703185
5.19  -0.08187477
5.2  -0.0923953
5.21  -0.09500164
5.22  -0.08834578
5.23  -0.07299207
5.24  -0.05172569
5.25  -0.02947467
5.26  -0.0107243
5.2700000000000005  0.002605615
5.28  0.01152387
5.29  0.02010816
5.3  0.0338127
5.3100000000000005  0.05628994
5.32  0.08784332
5.33  0.1242857
5.34  0.1579207
5.3500000000000005  0.1820967
5.36  0.194273
5.37  0.1954157
5.38  0.1891065
5.39  0.1808301
5.4  0.1753695
5.41  0.1746861
5.42  0.1783632
5.43  0.1853026
5.44  0.1949924
5.45  0.207734
5.46  0.2241752
5.47  0.2447379
5.48  0.2683219
5.49  0.2907197
5.5  0.3061423
5.51  0.3106584
5.5200000000000005  0.3033444
5.53  0.2851447
5.54  0.2581122
5.55  0.2259678
5.5600000000000005  0.193065
5.57  0.1621018
5.58  0.1335716
5.59  0.1067973
5.6000000000000005  0.08115428
5.61  0.05661331
5.62  0.03358579
5.63  0.01251044
5.64  -0.00641987
5.65  -0.02324507
5.66  -0.03790007
5.67  -0.04997157
5.68  -0.05892991
5.69  -0.0644484
5.7  -0.06646834
5.71  -0.06515122
5.72  -0.0614633
5.73  -0.05760856
5.74  -0.05596182
5.75  -0.05780751
5.76  -0.06322953
5.7700000000000005  -0.07173755
5.78  -0.08274483
5.79  -0.09575524
5.8  -0.110517
5.8100000000000005  -0.1270279
5.82  -0.1450549
5.83  -0.1627698
5.84  -0.176595
5.8500000000000005  -0.1832563
5.86  -0.1813179
5.87  -0.1709631
5.88  -0.1532722
5.89  -0.1312044
5.9  -0.1099378
5.91  -0.09420201
5.92  -0.08608642
5.93  -0.0849103
5.94  -0.0876943
5.95  -0.09070924
5.96  -0.09165114
5.97  -0.09022411
5.98  -0.08720751
5.99  -0.08329725
6.0  -0.07857705
6.01  -0.0726659
6.0200000000000005  -0.06512684
6.03  -0.05567875
6.04  -0.04410745
6.05  -0.03020772
6.0600000000000005  -0.0138503
6.07  0.005002994
6.08  0.02627187
6.09  0.04918782
6.1000000000000005  0.07199955
6.11  0.0929141
6.12  0.1110329
6.13  0.1263595
6.140000000000001  0.1392623
6.15  0.1499882
6.16  0.1584908
6.17  0.164145
6.18  0.1653036
6.19  0.1598681
6.2  0.1464844
6.21  0.1258057
6.22  0.1019255
6.23  0.08083789
6.24  0.06672346
6.25  0.06059159
6.26  0.06146587
6.2700000000000005  0.06729816
6.28  0.07378375
6.29  0.074953
6.3  0.06640654
6.3100000000000005  0.04703268
6.32  0.02005991
6.33  -0.007631267
6.34  -0.02969551
6.3500000000000005  -0.04350177
6.36  -0.0496619
6.37  -0.04977819
6.38  -0.04469454
6.390000000000001  -0.03474413
6.4  -0.02162418
6.41  -0.008490231
6.42  0.002032391
6.43  0.008924411
6.44  0.01240422
6.45  0.01307129
6.46  0.01190814
6.47  0.01075801
6.48  0.01167823
6.49  0.0158707
6.5  0.02330428
6.51  0.03215739
6.5200000000000005  0.03905439
6.53  0.04100693
6.54  0.03680588
6.55  0.02677716
6.5600000000000005  0.01274636
6.57  -0.00115613
6.58  -0.009859951
6.59  -0.01015693
6.6000000000000005  -0.001634682
6.61  0.01285086
6.62  0.02779946
6.63  0.03827761
6.640000000000001  0.04229908
6.65  0.04037782
6.66  0.03374989
6.67  0.02302984
6.68  0.007955541
6.69  -0.01207209
6.7  -0.03659325
6.71  -0.06286562
6.72  -0.08707321
6.73  -0.1066507
6.74  -0.1210155
6.75  -0.1307772
6.76  -0.1366538
6.7700000000000005  -0.1393394
6.78  -0.1400994
6.79  -0.1405263
6.8  -0.1416833
6.8100000000000005  -0.1438436
6.82  -0.1463508
6.83  -0.1463066
6.84  -0.1386232
6.8500000000000005  -0.1188629
6.86  -0.08538771
6.87  -0.04089524
6.88  0.007318963
6.890000000000001  0.0512921
6.9  0.08677902
6.91  0.1136663
6.92  0.1336689
6.93  0.148149
6.94  0.1576941
6.95  0.1626231
6.96  0.1631671
6.97  0.1594704
6.98  0.1516366
6.99  0.1397646
7.0  0.1239448
7.01  0.1042867
7.0200000000000005  0.08162491
7.03  0.05838248
7.04  0.03765139
7.05  0.02142157
7.0600000000000005  0.01009554
7.07  0.003175273
7.08  -9.776979e-05
7.09  -0.00157348
7.1000000000000005  -0.00464159
7.11  -0.01250586
7.12  -0.02665458
7.13  -0.04619987
7.140000000000001  -0.0669458
7.15  -0.08280065
7.16  -0.08938631
7.17  -0.08564825
7.18  -0.07399389
7.19  -0.05959095
7.2  -0.04753411
7.21  -0.04021748
7.22  -0.03714901
7.23  -0.0357018
7.24  -0.03248473
7.25  -0.02525518
7.26  -0.01361636
7.2700000000000005  0.001743368
7.28  0.02013603
7.29  0.04138172
7.3  0.06467176
7.3100000000000005  0.08656112
7.32  0.1019257
7.33  0.1071132
7.34  0.1021946
7.3500000000000005  0.09166463
7.36  0.08171921
7.37  0.07627224
7.38  0.07587967
7.390000000000001  0.07896005
7.4  0.08290215
7.41  0.08507543
7.42  0.08402529
7.43  0.07966798
7.44  0.07255236
7.45  0.06307918
7.46  0.05120951
7.47  0.03662479
7.48  0.0190268
7.49  -0.001149931
7.5  -0.02163326
7.51  -0.03897708
7.5200000000000005  -0.0506758
7.53  -0.05602498
7.54  -0.05550837
7.55  -0.04985938
7.5600000000000005  -0.04030591
7.57  -0.02914791
7.58  -0.01881926
7.59  -0.01064792
7.6000000000000005  -0.004759049
7.61  -0.0007182128
7.62  0.002039732
7.63  0.004130694
7.640000000000001  0.00602894
7.65  0.007906298
7.66  0.009716693
7.67  0.01137515
7.68  0.01286735
7.69  0.0142502
7.7  0.01559579
7.71  0.01694376
7.72  0.01829191
7.73  0.019616
7.74  0.02089432
7.75  0.02211994
7.76  0.02329827
7.7700000000000005  0.02443816
7.78  0.02554476
7.79  0.02661787
7.8  0.02765438
7.8100000000000005  0.0286515
7.82  0.02960833
7.83  0.03052564
7.84  0.0313668
7.8500000000000005  0.03173355
7.86  0.03070207
7.87  0.02732095
7.88  0.0211101
7.890000000000001  0.01206878
7.9  0.0003926602
7.91  -0.01378504
7.92  -0.03045426
7.930000000000001  -0.04940778
7.94  -0.06990944
7.95  -0.09100892
7.96  -0.1120966
7.97  -0.1330474
7.98  -0.1540086
7.99  -0.1749112
8.0  -0.1945217
8.01  -0.2103884
8.02  -0.2202753
8.03  -0.2232142
8.040000000000001  -0.2193489
8.05  -0.209541
8.06  -0.1958093
8.07  -0.1810812
8.08  -0.1676294
8.09  -0.1562264
8.1  -0.1465692
8.11  -0.1381445
8.120000000000001  -0.1307738
8.13  -0.1246485
8.14  -0.1200599
8.15  -0.1169911
8.16  -0.1149304
8.17  -0.1132036
8.18  -0.111394
8.19  -0.1094372
8.2  -0.1074617
8.21  -0.1055913
8.22  -0.1038512
8.23  -0.1021606
8.24  -0.1000302
8.25  -0.09617146
8.26  -0.0889877
8.27  -0.07747298
8.28  -0.06162529
8.290000000000001  -0.042621
8.3  -0.02230166
8.31  -0.002039236
8.32  0.01778505
8.33  0.03722043
8.34  0.05566703
8.35  0.07177169
8.36  0.08432124
8.370000000000001  0.09278644
8.38  0.09705508
8.39  0.09677537
8.4  0.09124604
8.41  0.0799219
8.42  0.06377015
8.43  0.04651385
8.44  0.03300823
8.45  0.0263716
8.46  0.02720226
8.47  0.03435672
8.48  0.04472626
8.49  0.05344219
8.5  0.05636286
8.51  0.05185497
8.52  0.04039168
8.53  0.02407267
8.540000000000001  0.006473248
8.55  -0.008920399
8.56  -0.02040106
8.57  -0.02801451
8.58  -0.03247528
8.59  -0.03422196
8.6  -0.03321186
8.61  -0.02922422
8.620000000000001  -0.02212897
8.63  -0.01194687
8.64  0.001212692
8.65  0.01724267
8.66  0.03609263
8.67  0.05767913
8.68  0.08099717
8.69  0.1035023
8.700000000000001  0.122366
8.71  0.1360151
8.72  0.1443251
8.73  0.1480558
8.74  0.1483019
8.75  0.1459297
8.76  0.1412201
8.77  0.1340104
8.78  0.1240535
8.790000000000001  0.1112588
8.8  0.0957103
8.81  0.07755291
8.82  0.05688169
8.83  0.03379645
8.84  0.009291781
8.85  -0.01410506
8.86  -0.03357402
8.870000000000001  -0.04753897
8.88  -0.05585311
8.89  -0.0590435
8.9  -0.05753017
8.91  -0.0513318
8.92  -0.04022469
8.93  -0.02400976
8.94  -0.00267778
8.950000000000001  0.02264603
8.96  0.04827713
8.97  0.0691959
8.98  0.08199049
8.99  0.08584479
9.0  0.08176345
9.01  0.07236855
9.02  0.06149688
9.03  0.0522632
9.040000000000001  0.04579448
9.05  0.04171014
9.06  0.03929156
9.07  0.03826415
9.08  0.03887611
9.09  0.04155968
9.1  0.04650413
9.11  0.05320457
9.120000000000001  0.06052626
9.13  0.0674253
9.14  0.07345568
9.15  0.07869796
9.16  0.08340555
9.17  0.08772245
9.18  0.09161522
9.19  0.09495999
9.200000000000001  0.09765152
9.21  0.09960431
9.22  0.1006755
9.23  0.1006867
9.24  0.09951794
9.25  0.09713727
9.26  0.09356396
9.27  0.08882067
9.28  0.08292666
9.290000000000001  0.076095
9.3  0.06892299
9.31  0.06213058
9.32  0.05615484
9.33  0.05106508
9.34  0.04673703
9.35  0.04305593
9.36  0.04000751
9.370000000000001  0.037654
9.38  0.03612918
9.39  0.03582727
9.4  0.03742154
9.41  0.04150071
9.42  0.04830879
9.43  0.05779605
9.44  0.06894571
9.450000000000001  0.07811314
9.46  0.07994541
9.47  0.07098819
9.48  0.05303349
9.49  0.03276068
9.5  0.01686647
9.51  0.008325392
9.52  0.006588382
9.53  0.009237204
9.540000000000001  0.01238635
9.55  0.01166489
9.56  0.004339456
9.57  -0.009985121
9.58  -0.02937672
9.59  -0.0501386
9.6  -0.0688812
9.61  -0.08418373
9.620000000000001  -0.09636054
9.63  -0.1062584
9.64  -0.1143236
9.65  -0.1205145
9.66  -0.1247242
9.67  -0.1270163
9.68  -0.1275606
9.69  -0.1265166
9.700000000000001  -0.1239712
9.71  -0.1199485
9.72  -0.1145523
9.73  -0.1081286
9.74  -0.1011403
9.75  -0.0938964
9.76  -0.08646857
9.77  -0.07878785
9.78  -0.0707772
9.790000000000001  -0.06242018
9.8  -0.05375329
9.81  -0.04482468
9.82  -0.03577336
9.83  -0.02709434
9.84  -0.01957087
9.85  -0.01381702
9.86  -0.01004326
9.870000000000001  -0.00816775
9.88  -0.008047861
9.89  -0.009629346
9.9  -0.01295907
9.91  -0.01811922
9.92  -0.02516358
9.93  -0.03405207
9.94  -0.04428041
9.950000000000001  -0.05471202
9.96  -0.06419336
9.97  -0.07215296
9.98  -0.07860101
9.99  -0.08378024
10.0  -0.08785188
10.01  -0.09079727
10.02  -0.09249341
10.03  -0.09283026
10.040000000000001  -0.09177258
10.05  -0.08934931
10.06  -0.08559013
10.07  -0.0803381
10.08  -0.07316447
10.09  -0.06361226
10.1  -0.0514444
10.11  -0.03665864
10.120000000000001  -0.01978408
10.13  -0.003009323
10.14  0.009995463
10.15  0.01618373
10.16  0.0146197
10.17  0.007178067
10.18  -0.002222461
10.19  -0.01016504
10.200000000000001  -0.01538013
10.21  -0.01834633
10.22  -0.01999506
10.23  -0.02076908
10.24  -0.0204705
10.25  -0.01862455
10.26  -0.01488246
10.27  -0.009179583
10.28  -0.001650493
10.290000000000001  0.007446705
10.3  0.0173521
10.31  0.02666841
10.32  0.03409029
10.33  0.03902325
10.34  0.04151679
10.35  0.04184434
10.36  0.04016209
10.370000000000001  0.03642328
10.38  0.03047863
10.39  0.02226183
10.4  0.01236396
10.41  0.00236478
10.42  -0.005982161
10.43  -0.01170927
10.44  -0.01474244
10.450000000000001  -0.01542339
10.46  -0.01402098
10.47  -0.01069611
10.48  -0.006159488
10.49  -0.001898246
10.5  0.0006594622
10.51  0.0008384901
10.52  -0.001335437
10.53  -0.005577936
10.540000000000001  -0.01171424
10.55  -0.01951343
10.56  -0.02780656
10.57  -0.03443133
10.58  -0.03749399
10.59  -0.03620871
10.6  -0.03070946
10.61  -0.02145065
10.620000000000001  -0.009364654
10.63  0.003476348
10.64  0.01453233
10.65  0.02219228
10.66  0.02613103
10.67  0.02673259
10.68  0.02437875
10.69  0.01911576
10.700000000000001  0.01072597
10.71  -0.001038983
10.72  -0.016158
10.73  -0.03315599
10.74  -0.04859334
10.75  -0.05895395
10.76  -0.06248452
10.77  -0.05920698
10.78  -0.04985997
10.790000000000001  -0.03498242
10.8  -0.01561224
10.81  0.004920938
10.82  0.02183012
10.83  0.03170479
10.84  0.03358725
10.85  0.02809183
10.86  0.01617934
10.870000000000001  -0.000305431
10.88  -0.01794685
10.89  -0.03336112
10.9  -0.04487094
10.91  -0.05246088
10.92  -0.05676013
10.93  -0.05816037
10.94  -0.05655961
10.950000000000001  -0.05158915
10.96  -0.04294073
10.97  -0.03052651
10.98  -0.01443585
10.99  0.005198598
11.0  0.02821028
11.01  0.05353505
11.02  0.07856793
11.03  0.1004246
11.040000000000001  0.1175023
11.05  0.1296582
11.06  0.1374322
11.07  0.1412499
11.08  0.1411157
11.09  0.1367519
11.1  0.1279134
11.11  0.1150459
11.120000000000001  0.09985768
11.13  0.08457712
11.14  0.07064189
11.15  0.05833588
11.16  0.04728433
11.17  0.03710049
11.18  0.02770637
11.19  0.01928237
11.200000000000001  0.01205595
11.21  0.006143806
11.22  0.001528939
11.23  -0.001869539
11.24  -0.004117764
11.25  -0.005253084
11.26  -0.005338564
11.27  -0.004472122
11.28  -0.002730988
11.290000000000001  -0.000143386
11.3  0.003297913
11.31  0.007608119
11.32  0.01279293
11.33  0.01884702
11.34  0.02576154
11.35  0.03353123
11.36  0.04211926
11.370000000000001  0.05109933
11.38  0.05940899
11.39  0.06587381
11.4  0.06984413
11.41  0.07126609
11.42  0.0703632
11.43  0.06731073
11.44  0.06216614
11.450000000000001  0.05540033
11.46  0.04825259
11.47  0.04207136
11.48  0.03758155
11.49  0.03483036
11.5  0.03356285
11.51  0.03358829
11.52  0.03491297
11.53  0.03766907
11.540000000000001  0.04198215
11.55  0.04760919
11.56  0.05335132
11.57  0.0573942
11.58  0.05841834
11.59  0.05605166
11.6  0.05054705
11.61  0.04224266
11.620000000000001  0.03124722
11.63  0.01755841
11.64  0.001837253
11.65  -0.01426787
11.66  -0.02905913
11.67  -0.04167721
11.68  -0.05211242
11.69  -0.06070483
11.700000000000001  -0.06768798
11.71  -0.07303988
11.72  -0.0765862
11.73  -0.07816785
11.74  -0.07778654
11.75  -0.07587623
11.76  -0.07332291
11.77  -0.07095758
11.78  -0.06915157
11.790000000000001  -0.06785939
11.8  -0.06689156
11.81  -0.06613777
11.82  -0.06562372
11.83  -0.06544543
11.84  -0.06568184
11.85  -0.06635377
11.86  -0.06743628
11.870000000000001  -0.06889399
11.88  -0.07070736
11.89  -0.07287756
11.9  -0.07541605
11.91  -0.07830622
11.92  -0.08144346
11.93  -0.08466321
11.94  -0.087843
11.950000000000001  -0.09094602
11.96  -0.0939935
11.97  -0.0970158
11.98  -0.100023
11.99  -0.1030042
12.0  -0.1059417
12.01  -0.1088246
12.02  -0.1116519
12.030000000000001  -0.1144288
12.040000000000001  -0.11716
12.05  -0.119847
12.06  -0.1224693
12.07  -0.1247748
12.08  -0.12609
12.09  -0.125618
12.1  -0.1228821
12.11  -0.1178122
12.120000000000001  -0.110548
12.13  -0.1012139
12.14  -0.08985265
12.15  -0.07671632
12.16  -0.06247625
12.17  -0.04786953
12.18  -0.03329646
12.19  -0.01878718
12.200000000000001  -0.004204582
12.21  0.01055577
12.22  0.02549204
12.23  0.04053366
12.24  0.05559753
12.25  0.07046747
12.26  0.08464467
12.27  0.09754858
12.280000000000001  0.1088332
12.290000000000001  0.1184468
12.3  0.1264784
12.31  0.1328896
12.32  0.137349
12.33  0.1394036
12.34  0.1387574
12.35  0.1353509
12.36  0.1292631
12.370000000000001  0.1205797
12.38  0.1094546
12.39  0.0966009
12.4  0.08337792
12.41  0.07102849
12.42  0.06010006
12.43  0.05052971
12.44  0.04205203
12.450000000000001  0.03452076
12.46  0.02798413
12.47  0.02258559
12.48  0.01843822
12.49  0.01556913
12.5  0.01392432
12.51  0.01328247
12.52  0.01322214
12.530000000000001  0.01334021
12.540000000000001  0.01344956
12.55  0.01356471
12.56  0.01377301
12.57  0.01412649
12.58  0.01461281
12.59  0.01518568
12.6  0.01580659
12.61  0.01646482
12.620000000000001  0.01717177
12.63  0.0179441
12.64  0.01879096
12.65  0.01971155
12.66  0.0206999
12.67  0.02175078
12.68  0.02286253
12.69  0.02403634
12.700000000000001  0.02527413
12.71  0.02657685
12.72  0.02794414
12.73  0.02937494
12.74  0.03086817
12.75  0.03239312
12.76  0.03373498
12.77  0.03444875
12.780000000000001  0.03410512
12.790000000000001  0.03250243
12.8  0.0296527
12.81  0.02564663
12.82  0.02053931
12.83  0.01432012
12.84  0.007159007
12.85  -2.936333e-05
12.86  -0.005721181
12.870000000000001  -0.008699866
12.88  -0.00853866
12.89  -0.005395895
12.9  0.0004393385
12.91  0.008846647
12.92  0.01973314
12.93  0.03239966
12.94  0.04546777
12.950000000000001  0.05769858
12.96  0.06855887
12.97  0.07811936
12.98  0.0866441
12.99  0.09427449
13.0  0.1009594
13.01  0.1065559
13.02  0.1109533
13.030000000000001  0.1141258
13.040000000000001  0.1161113
13.05  0.1169589
13.06  0.1166932
13.07  0.1153091
13.08  0.1127878
13.09  0.1091223
13.1  0.1044056
13.11  0.09888325
13.120000000000001  0.0928272
13.13  0.08638712
13.14  0.07957371
13.15  0.07233303
13.16  0.06462269
13.17  0.05644107
13.18  0.04781378
13.19  0.03876663
13.200000000000001  0.02930932
13.21  0.01943597
13.22  0.00913505
13.23  -0.00160156
13.24  -0.01273885
13.25  -0.02384952
13.26  -0.03387719
13.27  -0.04165868
13.280000000000001  -0.04655336
13.290000000000001  -0.0485109
13.3  -0.0477543
13.31  -0.04445873
13.32  -0.0388501
13.33  -0.03191086
13.34  -0.02542507
13.35  -0.02094669
13.36  -0.01911686
13.370000000000001  -0.0198237
13.38  -0.02273209
13.39  -0.0276755
13.4  -0.03473116
13.41  -0.04408475
13.42  -0.05587151
13.43  -0.06975236
13.44  -0.08419838
13.450000000000001  -0.09692434
13.46  -0.1062789
13.47  -0.1118031
13.48  -0.1138186
13.49  -0.1127489
13.5  -0.1087278
13.51  -0.1018377
13.52  -0.0930033
13.530000000000001  -0.08409706
13.540000000000001  -0.07681493
13.55  -0.07189311
13.56  -0.06923876
13.57  -0.06848918
13.58  -0.06944629
13.59  -0.07217583
13.6  -0.07687147
13.61  -0.08368457
13.620000000000001  -0.0925363
13.63  -0.1027249
13.64  -0.1129574
13.65  -0.1220936
13.66  -0.129664
13.67  -0.1357628
13.68  -0.1406541
13.69  -0.1444746
13.700000000000001  -0.1471727
13.71  -0.1486101
13.72  -0.148681
13.73  -0.1473632
13.74  -0.1446951
13.75  -0.1407256
13.76  -0.1354912
13.77  -0.1291143
13.780000000000001  -0.1218712
13.790000000000001  -0.1140502
13.8  -0.105801
13.81  -0.09712879
13.82  -0.08797821
13.83  -0.07831047
13.84  -0.06812958
13.85  -0.0574653
13.86  -0.04634492
13.870000000000001  -0.03477789
13.88  -0.02275794
13.89  -0.01027401
13.9  0.002675231
13.91  0.01595302
13.92  0.02909095
13.93  0.04144249
13.94  0.05256441
13.950000000000001  0.06234773
13.96  0.07088846
13.97  0.07829926
13.98  0.08460832
13.99  0.08976707
14.0  0.09370943
14.01  0.09639913
14.02  0.09783889
14.030000000000001  0.09805145
14.040000000000001  0.09705659
14.05  0.09486006
14.06  0.09145612
14.07  0.08683604
14.08  0.08100104
14.09  0.07410666
14.1  0.06668331
14.11  0.05946347
14.120000000000001  0.05294961
14.13  0.04726542
14.14  0.04230211
14.15  0.03793183
14.16  0.03412233
14.17  0.0309283
14.18  0.02842431
14.19  0.02665117
14.200000000000001  0.02560559
14.21  0.02526148
14.22  0.02559613
14.23  0.02660275
14.24  0.02828755
14.25  0.03066005
14.26  0.03372548
14.27  0.03748331
14.280000000000001  0.04190347
14.290000000000001  0.04679386
14.3  0.05176162
14.31  0.05642953
14.32  0.06062144
14.33  0.06434898
14.34  0.0676922
14.35  0.07069943
14.36  0.07335982
14.370000000000001  0.07563097
14.38  0.07747732
14.39  0.07888864
14.4  0.07987506
14.41  0.08045167
14.42  0.08062674
14.43  0.0803994
14.44  0.07976406
14.450000000000001  0.07871564
14.46  0.07723715
14.47  0.07526255
14.48  0.07268575
14.49  0.06942299
14.5  0.0654451
14.51  0.06076273
14.52  0.05539505
14.530000000000001  0.04934937
14.540000000000001  0.0426192
14.55  0.03519312
14.56  0.02706346
14.57  0.01822911
14.58  0.008692993
14.59  -0.001541811
14.6  -0.01247433
14.61  -0.02410472
14.620000000000001  -0.03627322
14.63  -0.04819213
14.64  -0.05849516
14.65  -0.06603101
14.66  -0.0703539
14.67  -0.07157805
14.68  -0.06996802
14.69  -0.0656474
14.700000000000001  -0.05855216
14.71  -0.0486411
14.72  -0.03653753
14.73  -0.02372957
14.74  -0.01171059
14.75  -0.001210392
14.76  0.007790689
14.77  0.01560677
14.780000000000001  0.02244817
14.790000000000001  0.02834842
14.8  0.03330897
14.81  0.0373787
14.82  0.04062615
14.83  0.04310429
14.84  0.04483884
14.85  0.04583464
14.86  0.04608793
14.870000000000001  0.04559521
14.88  0.0443562
14.89  0.04237256
14.9  0.0396457
14.91  0.03617555
14.92  0.03196087
14.93  0.02700016
14.94  0.02129232
14.950000000000001  0.01483677
14.96  0.007633224
14.97  -0.0003184566
14.98  -0.008979361
14.99  -0.01806976
15.0  -0.02700912
15.01  -0.03523754
15.02  -0.0424927
15.030000000000001  -0.04879156
15.040000000000001  -0.0542538
15.05  -0.05895258
15.06  -0.06287328
15.07  -0.06595411
15.08  -0.06814298
15.09  -0.06942537
15.1  -0.06981707
15.11  -0.06934132
15.120000000000001  -0.06801133
15.13  -0.06582681
15.14  -0.06278044
15.15  -0.05889115
15.16  -0.05433833
15.17  -0.04949955
15.18  -0.0447401
15.19  -0.04023171
15.200000000000001  -0.03596398
15.21  -0.03185923
15.22  -0.02786993
15.23  -0.02400585
15.24  -0.0203077
15.25  -0.01681002
15.26  -0.0135229
15.27  -0.01043659
15.280000000000001  -0.007536392
15.290000000000001  -0.00481405
15.3  -0.002270106
15.31  9.025713e-05
15.32  0.002262464
15.33  0.004245104
15.34  0.0060394
15.35  0.007647273
15.36  0.009069829
15.370000000000001  0.01030707
15.38  0.01135843
15.39  0.01222468
15.4  0.01291291
15.41  0.01343688
15.42  0.01380917
15.43  0.01403532
15.44  0.0141148
15.450000000000001  0.01404509
15.46  0.01382498
15.47  0.01345523
15.48  0.01293762
15.49  0.01227367
15.5  0.01146404
15.51  0.01050875
15.52  0.009407736
15.530000000000001  0.008161199
15.540000000000001  0.006769688
15.55  0.005233907
15.56  0.003554557
15.57  0.001732261
15.58  -0.0002324113
15.59  -0.002338872
15.6  -0.004586453
15.610000000000001  -0.00697641
15.620000000000001  -0.00979149
15.63  -0.01417476
15.64  -0.02184564
15.65  -0.03399542
15.66  -0.05014759
15.67  -0.06781694
15.68  -0.08401658
15.69  -0.09704654
15.700000000000001  -0.1067861
15.71  -0.1138813
15.72  -0.1188574
15.73  -0.121756
15.74  -0.1222782
15.75  -0.1201032
15.76  -0.1150923
15.77  -0.1072947
15.780000000000001  -0.09698051
15.790000000000001  -0.08495837
15.8  -0.07249065
15.81  -0.06059265
15.82  -0.04962936
15.83  -0.03947699
15.84  -0.02989883
15.85  -0.02079716
15.860000000000001  -0.01224163
15.870000000000001  -0.004364271
15.88  0.002746706
15.89  0.009082449
15.9  0.01468487
15.91  0.01959914
15.92  0.02384505
15.93  0.02741683
15.94  0.03029896
15.950000000000001  0.03248106
15.96  0.03396307
15.97  0.03475161
15.98  0.03485388
15.99  0.03427381
16.0  0.03301201
16.01  0.03106783
16.02  0.02844347
16.03  0.02519538
16.04  0.02151298
16.05  0.01765757
16.06  0.01380905
16.07  0.01001309
16.080000000000002  0.006232844
16.09  0.002424638
16.1  -0.001421328
16.11  -0.005284038
16.12  -0.009135374
16.13  -0.01295917
16.14  -0.0167549
16.15  -0.02053012
16.16  -0.02429117
16.17  -0.02803877
16.18  -0.03176903
16.19  -0.03547689
16.2  -0.03915879
16.21  -0.04281318
16.22  -0.0464396
16.23  -0.05003749
16.240000000000002  -0.05360553
16.25  -0.05714182
16.26  -0.06064431
16.27  -0.06411117
16.28  -0.06753065
16.29  -0.07076671
16.3  -0.07345535
16.31  -0.07516519
16.32  -0.0756373
16.330000000000002  -0.07483216
16.34  -0.0728237
16.35  -0.06967807
16.36  -0.06540057
16.37  -0.05995129
16.38  -0.05328626
16.39  -0.04538501
16.4  -0.03625192
16.41  -0.02590177
16.42  -0.01434504
16.43  -0.001583166
16.44  0.01228747
16.45  0.02686074
16.46  0.04151948
16.47  0.05581117
16.48  0.06960462
16.490000000000002  0.08298264
16.5  0.09605921
16.51  0.1088718
16.52  0.1213804
16.53  0.1335223
16.54  0.1452598
16.55  0.1565255
16.56  0.1670434
16.57  0.1763554
16.580000000000002  0.1840933
16.59  0.1901257
16.6  0.1944974
16.61  0.197294
16.62  0.1985513
16.63  0.1982452
16.64  0.1963289
16.65  0.1927715
16.66  0.1875701
16.67  0.1807397
16.68  0.1722966
16.69  0.1622479
16.7  0.150607
16.71  0.1375727
16.72  0.1236919
16.73  0.1096172
16.740000000000002  0.09574166
16.75  0.08212525
16.76  0.06865452
16.77  0.0552267
16.78  0.04183091
16.79  0.02852515
16.8  0.015374
16.81  0.002406751
16.82  -0.01038515
16.830000000000002  -0.02302614
16.84  -0.03553431
16.85  -0.04791304
16.86  -0.06015546
16.87  -0.07225337
16.88  -0.08419077
16.89  -0.09582675
16.9  -0.1068122
16.91  -0.116761
16.92  -0.1254589
16.93  -0.132888
16.94  -0.1391216
16.95  -0.1442174
16.96  -0.1481767
16.97  -0.1509624
16.98  -0.1525378
16.990000000000002  -0.1528888
17.0  -0.1520231
17.01  -0.1499563
17.02  -0.1466995
17.03  -0.1422544
17.04  -0.1366174
17.05  -0.1297848
17.06  -0.1218128
17.07  -0.112982
17.080000000000002  -0.1037782
17.09  -0.0946107
17.1  -0.08563825
17.11  -0.07682126
17.12  -0.06806706
17.13  -0.05933325
17.14  -0.05064423
17.150000000000002  -0.04205242
17.16  -0.03359576
17.17  -0.02528175
17.18  -0.01709706
17.19  -0.009025913
17.2  -0.001061929
17.21  0.006791083
17.22  0.01452501
17.23  0.02213337
17.240000000000002  0.02961359
17.25  0.0369658
17.26  0.0441905
17.27  0.05128692
17.28  0.058255
17.29  0.06510668
17.3  0.07186978
17.31  0.07857153
17.32  0.08522393
17.330000000000002  0.09182442
17.34  0.09836486
17.35  0.1048394
17.36  0.1112466
17.37  0.1175875
17.38  0.1238628
17.39  0.1300711
17.400000000000002  0.1362093
17.41  0.1422742
17.42  0.1482629
17.43  0.154173
17.44  0.1600026
17.45  0.1657499
17.46  0.1714126
17.47  0.1769883
17.48  0.1824745
17.490000000000002  0.1878537
17.5  0.1929243
17.51  0.1971475
17.52  0.1998847
17.53  0.2007527
17.54  0.1996929
17.55  0.1968145
17.56  0.1922149
17.57  0.1859018
17.580000000000002  0.177816
17.59  0.1678919
17.6  0.1561257
17.61  0.1428351
17.62  0.1288137
17.63  0.1149286
17.64  0.1016508
17.650000000000002  0.0890097
17.66  0.07683245
17.67  0.06498615
17.68  0.0534685
17.69  0.0423629
17.7  0.03175202
17.71  0.02166635
17.72  0.01208684
17.73  0.002976992
17.740000000000002  -0.005688284
17.75  -0.01391362
17.76  -0.02169081
17.77  -0.02901111
17.78  -0.03587246
17.79  -0.04228412
17.8  -0.0482873
17.81  -0.05395879
17.82  -0.05937023
17.830000000000002  -0.06455488
17.84  -0.06951148
17.85  -0.07422695
17.86  -0.07869477
17.87  -0.08291952
17.88  -0.08691136
17.89  -0.09067887
17.900000000000002  -0.09422575
17.91  -0.09755198
17.92  -0.1006566
17.93  -0.10354
17.94  -0.1062042
17.95  -0.1086521
17.96  -0.1108865
17.97  -0.1129091
17.98  -0.1147215
17.990000000000002  -0.1163251
18.0  -0.1177212
18.01  -0.1189115
18.02  -0.1198977
18.03  -0.1206814
18.04  -0.1212641
18.05  -0.1216472
18.06  -0.1218317
18.07  -0.1218157
18.080000000000002  -0.1215905
18.09  -0.1211445
18.1  -0.120471
18.11  -0.1195692
18.12  -0.1184423
18.13  -0.1170934
18.14  -0.1155238
18.150000000000002  -0.1137333
18.16  -0.1117216
18.17  -0.1094887
18.18  -0.1070355
18.19  -0.1043632
18.2  -0.1014726
18.21  -0.09836455
18.22  -0.09503928
18.23  -0.0914971
18.240000000000002  -0.08773828
18.25  -0.08376336
18.26  -0.07960142
18.27  -0.07537853
18.28  -0.07129712
18.29  -0.06751603
18.3  -0.06408925
18.31  -0.06099468
18.32  -0.05819432
18.330000000000002  -0.05567319
18.34  -0.05344278
18.35  -0.05152392
18.36  -0.04993012
18.37  -0.04866228
18.38  -0.04771341
18.39  -0.04707617
18.400000000000002  -0.04674725
18.41  -0.04672732
18.42  -0.04701844
18.43  -0.04762176
18.44  -0.0485367
18.45  -0.04976162
18.46  -0.05129478
18.47  -0.05313489
18.48  -0.05527074
18.490000000000002  -0.05758115
18.5  -0.05976645
18.51  -0.06149582
18.52  -0.06258586
18.53  -0.06302032
18.54  -0.06286062
18.55  -0.06215446
18.56  -0.06090085
18.57  -0.05906643
18.580000000000002  -0.05661775
18.59  -0.0535407
18.6  -0.04983984
18.61  -0.0455264
18.62  -0.04060735
18.63  -0.03509682
18.64  -0.02914621
18.650000000000002  -0.0231132
18.66  -0.01736865
18.67  -0.01210038
18.68  -0.007308563
18.69  -0.002915624
18.7  0.001132444
18.71  0.004832758
18.72  0.008148404
18.73  0.01104575
18.740000000000002  0.01351474
18.75  0.01556596
18.76  0.01721625
18.77  0.01847676
18.78  0.01934981
18.79  0.01983266
18.8  0.01992276
18.81  0.01962056
18.82  0.01892931
18.830000000000002  0.01785306
18.84  0.01639517
18.85  0.01455788
18.86  0.01234275
18.87  0.009751388
18.88  0.006785778
18.89  0.003448259
18.900000000000002  -0.0002587034
18.91  -0.004332733
18.92  -0.008771607
18.93  -0.01357319
18.94  -0.01873449
18.95  -0.02413398
18.96  -0.02928804
18.97  -0.03347055
18.98  -0.03615109
18.990000000000002  -0.03717547
19.0  -0.03663838
19.01  -0.0346694
19.02  -0.031308
19.03  -0.02650315
19.04  -0.0202041
19.05  -0.01264146
19.06  -0.00445505
19.07  0.003671383
19.080000000000002  0.01138301
19.09  0.0186733
19.1  0.02568563
19.11  0.03252403
19.12  0.03918712
19.13  0.04560753
19.14  0.05172092
19.150000000000002  0.05750517
19.16  0.06297671
19.17  0.06816463
19.18  0.07308819
19.19  0.07775046
19.2  0.08214467
19.21  0.08626391
19.22  0.09010677
19.23  0.09367683
19.240000000000002  0.09697937
19.25  0.1000184
19.26  0.1027958
19.27  0.1053122
19.28  0.1075681
19.29  0.1095647
19.3  0.1113039
19.31  0.1127876
19.32  0.1140171
19.330000000000002  0.1149861
19.34  0.1156784
19.35  0.116077
19.36  0.1161741
19.37  0.1159711
19.38  0.1154731
19.39  0.114684
19.400000000000002  0.1136049
19.41  0.1122351
19.42  0.110574
19.43  0.1086221
19.44  0.1063812
19.45  0.1038529
19.46  0.101039
19.47  0.0979403
19.48  0.09455771
19.490000000000002  0.09089199
19.5  0.08695533
19.51  0.08281299
19.52  0.07858704
19.53  0.07438765
19.54  0.07026264
19.55  0.06620592
19.56  0.0621941
19.57  0.05821491
19.580000000000002  0.0542735
19.59  0.05038343
19.6  0.04655534
19.61  0.04279212
19.62  0.03909087
19.63  0.0354476
19.64  0.03186047
19.650000000000002  0.0283303
19.66  0.02485917
19.67  0.02144881
19.68  0.01809992
19.69  0.01481242
19.7  0.01158606
19.71  0.008420849
19.72  0.005317113
19.73  0.002275322
19.740000000000002  -0.0007041256
19.75  -0.003620979
19.76  -0.006475108
19.77  -0.009266429
19.78  -0.01199484
19.79  -0.01466022
19.8  -0.01726242
19.81  -0.01980136
19.82  -0.02227695
19.830000000000002  -0.02468916
19.84  -0.02703797
19.85  -0.02932338
19.86  -0.03154542
19.87  -0.03370411
19.88  -0.03579948
19.89  -0.0378316
19.900000000000002  -0.03980055
19.91  -0.04170641
19.92  -0.04354928
19.93  -0.04532926
19.94  -0.04704648
19.95  -0.04870105
19.96  -0.05029312
19.97  -0.05182285
19.98  -0.0532904
19.990000000000002  -0.05469595
20.0  -0.05603966
20.01  -0.05732173
20.02  -0.05854237
20.03  -0.05970176
20.04  -0.06080013
20.05  -0.06183768
20.06  -0.06281462
20.07  -0.06373118
20.080000000000002  -0.06458757
20.09  -0.06538403
20.1  -0.0661208
20.11  -0.06679686
20.12  -0.06739795
20.13  -0.0678883
20.14  -0.06822848
20.150000000000002  -0.06839678
20.16  -0.06839164
20.17  -0.06822088
20.18  -0.06789065
20.19  -0.06740125
20.2  -0.06674907
20.21  -0.0659305
20.22  -0.06494428
20.23  -0.06379137
20.240000000000002  -0.06247353
20.25  -0.06099206
20.26  -0.0593473
20.27  -0.05753902
20.28  -0.05556696
20.29  -0.05343116
20.3  -0.05113193
20.31  -0.0486697
20.32  -0.04604484
20.330000000000002  -0.0432576
20.34  -0.04030817
20.35  -0.0371967
20.36  -0.03392339
20.37  -0.03048849
20.38  -0.0268944
20.39  -0.02317701
20.400000000000002  -0.01944289
20.41  -0.01582823
20.42  -0.01242076
20.43  -0.009238374
20.44  -0.006259372
20.45  -0.003461425
20.46  -0.0008406595
20.47  0.001591588
20.48  0.003821454
20.490000000000002  0.005841864
20.5  0.007657422
20.51  0.009311012
20.52  0.01089469
20.53  0.01250009
20.54  0.01417155
20.55  0.01590716
20.56  0.01768711
20.57  0.01949863
20.580000000000002  0.02134341
20.59  0.02323131
20.6  0.0251709
20.61  0.02716468
20.62  0.02921003
20.63  0.03130296
20.64  0.03344098
20.650000000000002  0.03561495
20.66  0.0377625
20.67  0.0397531
20.68  0.04146011
20.69  0.04282353
20.7  0.04384632
20.71  0.04455483
20.72  0.04496518
20.73  0.04507379
20.740000000000002  0.0448664
20.75  0.04433084
20.76  0.04346333
20.77  0.04226693
20.78  0.04074638
20.79  0.0389042
20.8  0.03673983
20.81  0.03425113
20.82  0.03143616
20.830000000000002  0.02829401
20.84  0.02482468
20.85  0.02102838
20.86  0.01690502
20.87  0.01245409
20.88  0.007674869
20.89  0.002576459
20.900000000000002  -0.002738319
20.91  -0.008030541
20.92  -0.01305422
20.93  -0.01768554
20.94  -0.02192489
20.95  -0.02582353
20.96  -0.02941651
20.97  -0.03270095
20.98  -0.0356516
20.990000000000002  -0.03824557
21.0  -0.04047566
21.01  -0.04234836
21.02  -0.04387427
21.03  -0.04506014
21.04  -0.04590685
21.05  -0.04641195
21.06  -0.04657315
21.07  -0.04639022
21.080000000000002  -0.04586472
21.09  -0.04499877
21.1  -0.04379405
21.11  -0.04225148
21.12  -0.04037154
21.13  -0.03815477
21.14  -0.03560202
21.150000000000002  -0.03271434
21.16  -0.02949292
21.17  -0.02593885
21.18  -0.02205318
21.19  -0.01783692
21.2  -0.01329109
21.21  -0.008416756
21.22  -0.003215061
21.23  0.002312848
21.240000000000002  0.008165811
21.25  0.01434266
21.26  0.02083909
21.27  0.02760231
21.28  0.03447714
21.29  0.0412655
21.3  0.04783944
21.31  0.05417211
21.32  0.06029396
21.330000000000002  0.06623632
21.34  0.07200382
21.35  0.077579
21.36  0.08294076
21.37  0.08807784
21.38  0.09299063
21.39  0.0976849
21.400000000000002  0.102165
21.41  0.106431
21.42  0.1104794
21.43  0.1143064
21.44  0.117909
21.45  0.1212862
21.46  0.1244373
21.47  0.1273616
21.48  0.130058
21.490000000000002  0.1325245
21.5  0.1347595
21.51  0.1367612
21.52  0.1385282
21.53  0.1400591
21.54  0.1413526
21.55  0.1424035
21.56  0.1431725
21.57  0.1435699
21.580000000000002  0.143504
21.59  0.1429275
21.6  0.1418388
21.61  0.140255
21.62  0.1381874
21.63  0.1356332
21.64  0.1325814
21.650000000000002  0.1290219
21.66  0.1249504
21.67  0.1203675
21.68  0.1152755
21.69  0.1096752
21.7  0.1035651
21.71  0.09694282
21.72  0.08980577
21.73  0.08215223
21.740000000000002  0.07398112
21.75  0.06529158
21.76  0.05608257
21.77  0.04635288
21.78  0.03610113
21.79  0.02532591
21.8  0.014026
21.81  0.002200313
21.82  -0.01015223
21.830000000000002  -0.02301686
21.84  -0.03622702
21.85  -0.04939564
21.86  -0.06212419
21.87  -0.0742121
21.88  -0.08565996
21.89  -0.09655076
21.900000000000002  -0.1069412
21.91  -0.1168266
21.92  -0.1261656
21.93  -0.1349209
21.94  -0.1430805
21.95  -0.1506545
21.96  -0.1576597
21.97  -0.1641063
21.98  -0.1699952
21.990000000000002  -0.1753218
22.0  -0.1800815
22.01  -0.1842732
22.02  -0.1878984
22.03  -0.1909597
22.04  -0.1934587
22.05  -0.1953958
22.06  -0.1967705
22.07  -0.1975825
22.080000000000002  -0.1978318
22.09  -0.1975186
22.1  -0.1966433
22.11  -0.1952064
22.12  -0.1932076
22.13  -0.190647
22.14  -0.1875244
22.150000000000002  -0.1838396
22.16  -0.1795925
22.17  -0.1747831
22.18  -0.16944
22.19  -0.1637033
22.2  -0.1578156
22.21  -0.1519815
22.22  -0.1462798
22.23  -0.1406897
22.240000000000002  -0.1351638
22.25  -0.1296797
22.26  -0.1242484
22.27  -0.1188949
22.28  -0.1136367
22.29  -0.1084762
22.3  -0.1034052
22.31  -0.09841422
22.32  -0.09349844
22.330000000000002  -0.08865808
22.34  -0.08389546
22.35  -0.07921203
22.36  -0.07460721
22.37  -0.07007902
22.38  -0.06562525
22.39  -0.06124422
22.400000000000002  -0.05693489
22.41  -0.05269655
22.42  -0.0485283
22.43  -0.04442892
22.44  -0.04039703
22.45  -0.03643114
22.46  -0.03252983
22.47  -0.02869171
22.48  -0.02491541
22.490000000000002  -0.02119953
22.5  -0.01754261
22.51  -0.0139431
22.52  -0.01039947
22.53  -0.006910175
22.54  -0.003473631
22.55  -8.823814e-05
22.56  0.003247622
22.57  0.006535563
22.580000000000002  0.009777244
22.59  0.01297435
22.6  0.01612855
22.61  0.01924157
22.62  0.02231513
22.63  0.02535097
22.64  0.02835084
22.650000000000002  0.03131648
22.66  0.03424969
22.67  0.03715223
22.68  0.04002589
22.69  0.04287246
22.7  0.04569374
22.71  0.04849156
22.72  0.05126773
22.73  0.05402403
22.740000000000002  0.05676226
22.75  0.05948425
22.76  0.06219178
22.77  0.06488665
22.78  0.06757067
22.79  0.07024565
22.8  0.0729134
22.81  0.07557569
22.82  0.07823432
22.830000000000002  0.08089106
22.84  0.08354768
22.85  0.08620591
22.86  0.08886752
22.87  0.09153424
22.88  0.0942078
22.89  0.09688986
22.900000000000002  0.09958212
22.91  0.1022863
22.92  0.1050001
22.93  0.1076848
22.94  0.1102485
22.95  0.1125965
22.96  0.1146816
22.97  0.1165054
22.98  0.1180892
22.990000000000002  0.119448
23.0  0.1205819
23.01  0.1214822
23.02  0.1221412
23.03  0.1225572
23.04  0.122734
23.05  0.1226766
23.06  0.1223888
23.07  0.121872
23.080000000000002  0.1211261
23.09  0.1201513
23.1  0.1189483
23.11  0.1175187
23.12  0.1158641
23.13  0.113986
23.14  0.1118855
23.150000000000002  0.1095636
23.16  0.1070212
23.17  0.1042592
23.18  0.1012788
23.19  0.0980808
23.2  0.09466636
23.21  0.09103633
23.22  0.0871916
23.23  0.083133
23.240000000000002  0.07886133
23.25  0.07437738
23.26  0.0696819
23.27  0.06477564
23.28  0.05965934
23.29  0.0543428
23.3  0.04887848
23.31  0.04336463
23.32  0.03788989
23.330000000000002  0.03249268
23.34  0.027168
23.35  0.0218969
23.36  0.01666937
23.37  0.01148944
23.38  0.006367873
23.39  0.001313095
23.400000000000002  -0.003672717
23.41  -0.00859205
23.42  -0.01344829
23.43  -0.01824307
23.44  -0.02297591
23.45  -0.02764531
23.46  -0.03225006
23.47  -0.03678979
23.48  -0.04126477
23.490000000000002  -0.04567539
23.5  -0.05002185
23.51  -0.0542987
23.52  -0.0584821
23.53  -0.06253392
23.54  -0.06642432
23.55  -0.0701433
23.56  -0.0736952
23.57  -0.07708735
23.580000000000002  -0.08032272
23.59  -0.08339931
23.6  -0.08631333
23.61  -0.08906244
23.62  -0.0916467
23.63  -0.09406766
23.64  -0.09632695
23.650000000000002  -0.09842543
23.66  -0.1003633
23.67  -0.1021403
23.68  -0.1037567
23.69  -0.1052127
23.7  -0.1065092
23.71  -0.1076466
23.72  -0.1086256
23.73  -0.1094467
23.740000000000002  -0.1101104
23.75  -0.1106172
23.76  -0.1109677
23.77  -0.1111626
23.78  -0.1112024
23.79  -0.111088
23.8  -0.1108175
23.81  -0.1103648
23.82  -0.1096633
23.830000000000002  -0.10864
23.84  -0.1072547
23.85  -0.1055048
23.86  -0.1034053
23.87  -0.1009679
23.88  -0.09819345
23.89  -0.09507572
23.900000000000002  -0.09160835
23.91  -0.08778939
23.92  -0.08362109
23.93  -0.07910723
23.94  -0.07425069
23.95  -0.06905262
23.96  -0.06351308
23.97  -0.05763212
23.98  -0.05141035
23.990000000000002  -0.04484894
24.0  -0.03794927
24.01  -0.03071265
24.02  -0.0231402
24.03  -0.01523287
24.04  -0.006991626
24.05  0.00158246
24.060000000000002  0.01048826
24.07  0.0197246
24.080000000000002  0.02929033
24.09  0.03918162
24.1  0.04933016
24.11  0.05950672
24.12  0.06939451
24.13  0.07877541
24.14  0.08759439
24.150000000000002  0.09589674
24.16  0.1037362
24.17  0.1111253
24.18  0.1180392
24.19  0.1244447
24.2  0.1303227
24.21  0.1356732
24.22  0.1405061
24.23  0.1448299
24.240000000000002  0.148646
24.25  0.1519504
24.26  0.1547376
24.27  0.157004
24.28  0.1587483
24.29  0.1599705
24.3  0.1606706
24.310000000000002  0.1608476
24.32  0.1604997
24.330000000000002  0.159625
24.34  0.1582219
24.35  0.1562889
24.36  0.153825
24.37  0.1508288
24.38  0.147299
24.39  0.1432344
24.400000000000002  0.138667
24.41  0.1337303
24.42  0.1286258
24.43  0.1235001
24.44  0.1183946
24.45  0.1132806
24.46  0.1081199
24.47  0.1028994
24.48  0.0976313
24.490000000000002  0.09233533
24.5  0.0870226
24.51  0.0816918
24.52  0.07633464
24.53  0.07094325
24.54  0.06551403
24.55  0.06004722
24.560000000000002  0.05454421
24.57  0.04900538
24.580000000000002  0.04342948
24.59  0.03781435
24.6  0.0321579
24.61  0.02645858
24.62  0.02071537
24.63  0.0149274
24.64  0.009093684
24.650000000000002  0.003213083
24.66  -0.002712851
24.67  -0.00865545
24.68  -0.01454658
24.69  -0.020316
24.7  -0.02592877
24.71  -0.03138585
24.72  -0.03670291
24.73  -0.04189092
24.740000000000002  -0.04694989
24.75  -0.05187329
24.76  -0.05665521
24.77  -0.06129429
24.78  -0.06579309
24.79  -0.07015534
24.8  -0.07438357
24.810000000000002  -0.07847862
24.82  -0.08244036
24.830000000000002  -0.08626863
24.84  -0.08996382
24.85  -0.09352681
24.86  -0.09695863
24.87  -0.1002601
24.88  -0.1034319
24.89  -0.1064743
24.900000000000002  -0.1093878
24.91  -0.1121729
24.92  -0.11483
24.93  -0.1173596
24.94  -0.1197621
24.95  -0.1220379
24.96  -0.1241872
24.97  -0.1262103
24.98  -0.1281075
24.990000000000002  -0.129879
25.0  -0.1315249
25.01  -0.1330417
25.02  -0.1344079
25.03  -0.1355833
25.04  -0.1365316
25.05  -0.1372369
25.060000000000002  -0.1377016
25.07  -0.1379336
25.080000000000002  -0.1379371
25.09  -0.1377105
25.1  -0.1372492
25.11  -0.1365498
25.12  -0.1356111
25.13  -0.134434
25.14  -0.1330197
25.150000000000002  -0.1313686
25.16  -0.1294802
25.17  -0.1273535
25.18  -0.1249875
25.19  -0.1223816
25.2  -0.1195355
25.21  -0.1164487
25.22  -0.1131207
25.23  -0.1095508
25.240000000000002  -0.1057384
25.25  -0.1016826
25.26  -0.09738258
25.27  -0.09283767
25.28  -0.08804702
25.29  -0.08300984
25.3  -0.07772527
25.310000000000002  -0.0721924
25.32  -0.06641041
25.330000000000002  -0.0603935
25.34  -0.05421473
25.35  -0.04800128
25.36  -0.04186008
25.37  -0.0358319
25.38  -0.02990498
25.39  -0.02405342
25.400000000000002  -0.01826458
25.41  -0.01254339
25.42  -0.006902155
25.43  -0.001349316
25.44  0.004114759
25.45  0.009495188
25.46  0.0147978
25.47  0.02002598
25.48  0.02518043
25.490000000000002  0.03026074
25.5  0.03526698
25.51  0.0402003
25.52  0.04506256
25.53  0.04985573
25.54  0.05458146
25.55  0.05924111
25.560000000000002  0.06383584
25.57  0.0683669
25.580000000000002  0.0728357
25.59  0.0772438
25.6  0.08159189
25.61  0.0858606
25.62  0.08998082
25.63  0.09385628
25.64  0.09742128
25.650000000000002  0.1006606
25.66  0.1035901
25.67  0.1062283
25.68  0.1085811
25.69  0.1106425
25.7  0.1124042
25.71  0.1138622
25.72  0.1150183
25.73  0.1158775
25.740000000000002  0.1164442
25.75  0.1167208
25.76  0.116708
25.77  0.1164059
25.78  0.1158152
25.79  0.1149374
25.8  0.1137744
25.810000000000002  0.1123281
25.82  0.1105998
25.830000000000002  0.1085911
25.84  0.106303
25.85  0.1037369
25.86  0.1008942
25.87  0.09777637
25.88  0.09438475
25.89  0.09072071
25.900000000000002  0.08678558
25.91  0.08258067
25.92  0.07810726
25.93  0.07336663
25.94  0.06836009
25.95  0.06308889
25.96  0.05755428
25.97  0.05175765
25.98  0.0457266
25.990000000000002  0.03957791
26.0  0.03349859
26.01  0.02763564
26.02  0.0220398
26.03  0.01669193
26.04  0.01155829
26.05  0.006626329
26.060000000000002  0.001907855
26.07  -0.002576713
26.080000000000002  -0.006813644
26.09  -0.01080077
26.1  -0.01454312
26.11  -0.01804603
26.12  -0.02131109
26.13  -0.02433623
26.14  -0.02711806
26.150000000000002  -0.02965402
26.16  -0.03194304
26.17  -0.03398504
26.18  -0.03578002
26.19  -0.03732751
26.2  -0.03862658
26.21  -0.03967615
26.22  -0.04047536
26.23  -0.04103747
26.240000000000002  -0.04141839
26.25  -0.04170259
26.26  -0.04195151
26.27  -0.04218235
26.28  -0.04238309
26.29  -0.04253766
26.3  -0.04264058
26.310000000000002  -0.04269707
26.32  -0.04271539
26.330000000000002  -0.0427003
26.34  -0.04265133
26.35  -0.04256513
26.36  -0.04243851
26.37  -0.04227014
26.38  -0.04206029
26.39  -0.04180972
26.400000000000002  -0.04151876
26.41  -0.04118714
26.42  -0.04081419
26.43  -0.04039926
26.44  -0.03994199
26.45  -0.03944225
26.46  -0.03889998
26.47  -0.03831507
26.48  -0.03768737
26.490000000000002  -0.0370167
26.5  -0.03630288
26.51  -0.03554579
26.52  -0.03474538
26.53  -0.03390162
26.54  -0.03301448
26.55  -0.03208394
26.560000000000002  -0.03111
26.57  -0.0300927
26.580000000000002  -0.02903208
26.59  -0.02792821
26.6  -0.02678121
26.61  -0.0255912
26.62  -0.02435832
26.63  -0.0230827
26.64  -0.02176451
26.650000000000002  -0.02040395
26.66  -0.01900123
26.67  -0.01755657
26.68  -0.01606999
26.69  -0.01453887
26.7  -0.01295634
26.71  -0.01131481
26.72  -0.009610247
26.73  -0.007842653
26.740000000000002  -0.0060139
26.75  -0.004125539
26.76  -0.002177988
26.77  -0.000170908
26.78  0.001896032
26.79  0.004022695
26.8  0.006208476
26.810000000000002  0.008476475
26.82  0.01082488
26.830000000000002  0.01322776
26.84  0.01568381
26.85  0.01819173
26.86  0.0207501
26.87  0.02335742
26.88  0.0260121
26.89  0.02871251
26.900000000000002  0.03145704
26.91  0.03424404
26.92  0.0370718
26.93  0.03993857
26.94  0.04284256
26.95  0.04578197
26.96  0.04875496
26.97  0.05175964
26.98  0.05479411
26.990000000000002  0.05785644
27.0  0.06094465
27.01  0.06405674
27.02  0.0671907
27.03  0.07034451
27.04  0.0735161
27.05  0.07670339
27.060000000000002  0.0799043
27.07  0.08311651
27.080000000000002  0.08630807
27.09  0.08934664
27.1  0.09202183
27.11  0.09417009
27.12  0.09573754
27.13  0.0967494
27.14  0.09724735
27.150000000000002  0.0972493
27.16  0.09674613
27.17  0.09571946
27.18  0.09415886
27.19  0.09206708
27.2  0.0894551
27.21  0.08633444
27.22  0.0827127
27.23  0.07859366
27.240000000000002  0.07397993
27.25  0.06887526
27.26  0.06328536
27.27  0.05721721
27.28  0.05067847
27.29  0.04372156
27.3  0.03653543
27.310000000000002  0.02939836
27.32  0.02251103
27.330000000000002  0.01592968
27.34  0.009616233
27.35  0.003519957
27.36  -0.002375661
27.37  -0.008053371
27.38  -0.01348669
27.39  -0.01866085
27.400000000000002  -0.02357773
27.41  -0.0282485
27.42  -0.03268371
27.43  -0.03688831
27.44  -0.04086237
27.45  -0.04460458
27.46  -0.04811512
27.47  -0.05139636
27.48  -0.05445194
27.490000000000002  -0.05728548
27.5  -0.05990001
27.51  -0.06229796
27.52  -0.06448166
27.53  -0.06645368
27.54  -0.06821696
27.55  -0.06977462
27.560000000000002  -0.07112986
27.57  -0.07228582
27.580000000000002  -0.07324568
27.59  -0.07401262
27.6  -0.07458989
27.61  -0.07498084
27.62  -0.0751889
27.63  -0.07521756
27.64  -0.07507032
27.650000000000002  -0.07475076
27.66  -0.07426249
27.67  -0.07360915
27.68  -0.07279444
27.69  -0.07182211
27.7  -0.07069593
27.71  -0.06941976
27.72  -0.06799742
27.73  -0.06643283
27.740000000000002  -0.06472992
27.75  -0.06289264
27.76  -0.06092498
27.77  -0.05883096
27.78  -0.05661472
27.79  -0.0542897
27.8  -0.05189742
27.810000000000002  -0.0494972
27.82  -0.04713149
27.830000000000002  -0.04481246
27.84  -0.04253286
27.85  -0.04028297
27.86  -0.03806017
27.87  -0.03586869
27.88  -0.03371455
27.89  -0.03160132
27.900000000000002  -0.02952918
27.91  -0.02749644
27.92  -0.02550156
27.93  -0.02354413
27.94  -0.0216247
27.95  -0.01974409
27.96  -0.01790279
27.97  -0.01610085
27.98  -0.01433809
27.990000000000002  -0.01261429
28.0  -0.01092939
28.01  -0.009283401
28.02  -0.007676375
28.03  -0.006108291
28.04  -0.004579068
28.05  -0.003088575
28.060000000000002  -0.001636663
28.07  -0.0002231818
28.080000000000002  0.001152021
28.09  0.002489105
28.1  0.003788246
28.11  0.005049636
28.12  0.006273482
28.13  0.007460004
28.14  0.008609437
28.150000000000002  0.009722024
28.16  0.01079802
28.17  0.01183767
28.18  0.01284126
28.19  0.01380906
28.2  0.01474136
28.21  0.01563844
28.22  0.01650061
28.23  0.01732818
28.240000000000002  0.01812145
28.25  0.01888075
28.26  0.01960639
28.27  0.02029871
28.28  0.02095804
28.29  0.02158464
28.3  0.02217871
28.310000000000002  0.02274035
28.32  0.02326964
28.330000000000002  0.02376656
28.34  0.02423102
28.35  0.02466286
28.36  0.02506194
28.37  0.02542812
28.38  0.02576134
28.39  0.02606158
28.400000000000002  0.02632884
28.41  0.02656319
28.42  0.02676417
28.43  0.02692291
28.44  0.02701361
28.45  0.02700531
28.46  0.02688171
28.47  0.02664509
28.48  0.02630758
28.490000000000002  0.02588106
28.5  0.02537277
28.51  0.0247864
28.52  0.02412526
28.53  0.02339431
28.54  0.02260026
28.55  0.02175052
28.560000000000002  0.02085207
28.57  0.0199111
28.580000000000002  0.0189332
28.59  0.01792374
28.6  0.01688813
28.61  0.01583177
28.62  0.01476002
28.63  0.01367795
28.64  0.01259039
28.650000000000002  0.01150188
28.66  0.01041676
28.67  0.009339135
28.68  0.008272913
28.69  0.007221776
28.7  0.006189166
28.71  0.005178276
28.72  0.004192533
28.73  0.003239519
28.740000000000002  0.002332233
28.75  0.001482132
28.76  0.0006933559
28.77  -3.632716e-05
28.78  -0.0007113791
28.79  -0.001335292
28.8  -0.00190981
28.810000000000002  -0.002435796
28.82  -0.002914335
28.830000000000002  -0.003347199
28.84  -0.003736675
28.85  -0.004085134
28.86  -0.004394745
28.87  -0.00466743
28.88  -0.004904971
28.89  -0.005109135
28.900000000000002  -0.005281728
28.91  -0.005424568
28.92  -0.005539446
28.93  -0.00562809
28.94  -0.005692164
28.95  -0.005733273
28.96  -0.005752974
28.97  -0.005752787
28.98  -0.005734183
28.990000000000002  -0.005698588
29.0  -0.005647371
29.01  -0.005581849
29.02  -0.005503288
29.03  -0.005412899
29.04  -0.005311639
29.05  -0.0051997
29.060000000000002  -0.005076782
29.07  -0.004943171
29.080000000000002  -0.004800151
29.09  -0.004649583
29.1  -0.004493305
29.11  -0.004332807
29.12  -0.004169241
29.13  -0.004003582
29.14  -0.003836751
29.150000000000002  -0.003669649
29.16  -0.003503119
29.17  -0.003337909
29.18  -0.003174652
29.19  -0.003013882
29.2  -0.002856052
29.21  -0.002701554
29.22  -0.002550729
29.23  -0.002403865
29.240000000000002  -0.002261199
29.25  -0.002122921
29.26  -0.00198918
29.27  -0.001860088
29.28  -0.001735723
29.29  -0.001616138
29.3  -0.001501359
29.310000000000002  -0.001391392
29.32  -0.001286222
29.330000000000002  -0.001185816
29.34  -0.001090128
29.35  -0.0009990996
29.36  -0.0009126606
29.37  -0.0008307324
29.38  -0.0007532291
29.39  -0.0006800582
29.400000000000002  -0.0006111228
29.41  -0.0005463237
29.42  -0.0004855593
29.43  -0.0004287213
29.44  -0.000375696
29.45  -0.000326367
29.46  -0.0002806179
29.47  -0.000238333
29.48  -0.0001993971
29.490000000000002  -0.0001636955
29.5  -0.0001311132
29.51  -0.0001015355
29.52  -7.484781e-05
29.53  -5.093576e-05
29.54  -2.968562e-05
29.55  -1.098394e-05
29.560000000000002  5.282274e-06
29.57  1.922552e-05
29.580000000000002  3.095779e-05
29.59  4.059045e-05
29.6  4.823413e-05
29.61  5.399864e-05
29.62  5.799284e-05
29.63  6.032465e-05
29.64  6.110083e-05
29.650000000000002  6.042691e-05
29.66  5.840709e-05
29.67  5.514411e-05
29.68  5.073913e-05
29.69  4.529159e-05
29.7  3.889909e-05
29.71  3.16573e-05
29.72  2.365985e-05
29.73  1.499818e-05
29.740000000000002  5.761453e-06
29.75  -3.963536e-06
29.76  -1.409248e-05
29.77  -2.454363e-05
