0.0 	 1.87735783048e-06
0.0402414486922 	 0.000172579400478
0.0804828973843 	 0.00274144990382
0.120724346076 	 0.00426681366541
0.160965794769 	 0.00738654824392
0.201207243461 	 0.00888178077636
0.241448692153 	 0.00791208373536
0.281690140845 	 0.0151026678979
0.321931589537 	 0.0192287316397
0.362173038229 	 0.0471335138575
0.402414486922 	 0.0284858189046
0.442655935614 	 0.0334328568791
0.482897384306 	 0.00418516531997
0.523138832998 	 0.0281438274282
0.56338028169 	 0.0453005222672
0.603621730382 	 0.0323866128596
0.643863179074 	 0.0276193445164
0.684104627767 	 0.0584462985428
0.724346076459 	 0.0570312725192
0.764587525151 	 0.0321413194522
0.804828973843 	 0.0158241513212
0.845070422535 	 0.0374046178336
0.885311871227 	 0.0210042249983
0.92555331992 	 0.0141223618745
0.965794768612 	 0.0411518122318
1.0060362173 	 0.0350294512854
1.046277666 	 0.0402046472221
1.08651911469 	 0.012715119248
1.12676056338 	 0.0247984735637
1.16700201207 	 0.0439421668395
1.20724346076 	 0.0247777209362
1.24748490946 	 0.0189897333357
1.28772635815 	 0.035404612186
1.32796780684 	 0.0302144947648
1.36820925553 	 0.0307671313485
1.40845070423 	 0.0433143784133
1.44869215292 	 0.0131151781878
1.48893360161 	 0.0188838276415
1.5291750503 	 0.0199069679815
1.56941649899 	 0.0095946927884
1.60965794769 	 0.00885784081535
1.64989939638 	 0.0114584436224
1.69014084507 	 0.0131793826681
1.73038229376 	 0.0169033866429
1.77062374245 	 0.0108753759472
1.81086519115 	 0.00643408999166
1.85110663984 	 0.00595907421286
1.89134808853 	 0.0143038424316
1.93158953722 	 0.0414981439156
1.97183098592 	 0.0197014880943
2.01207243461 	 0.0136049208533
2.0523138833 	 0.0161437978448
2.09255533199 	 0.0173420529189
2.13279678068 	 0.0233719551203
2.17303822938 	 0.0266991154084
2.21327967807 	 0.0151963272972
2.25352112676 	 0.0184212942581
2.29376257545 	 0.0142669456741
2.33400402414 	 0.0184195463656
2.37424547284 	 0.0292321610031
2.41448692153 	 0.0358714906436
2.45472837022 	 0.0222590754488
2.49496981891 	 0.00799785086426
2.53521126761 	 0.00943138113076
2.5754527163 	 0.0296324884699
2.61569416499 	 0.0122910404406
2.65593561368 	 0.0155039769338
2.69617706237 	 0.0167103718836
2.73641851107 	 0.00639494492384
2.77665995976 	 0.0118779932315
2.81690140845 	 0.0172364004993
2.85714285714 	 0.0119282410589
2.89738430584 	 0.00725718750566
2.93762575453 	 0.0103200454759
2.97786720322 	 0.0403426175171
3.01810865191 	 0.0384403432519
3.0583501006 	 0.0251045536718
3.0985915493 	 0.00566908863381
3.13883299799 	 0.0191114523632
3.17907444668 	 0.0253863851241
3.21931589537 	 0.0353029502174
3.25955734406 	 0.0319525526775
3.29979879276 	 0.0209663321309
3.34004024145 	 0.0078277683573
3.38028169014 	 0.0154359554477
3.42052313883 	 0.00971750493606
3.46076458753 	 0.0101878365544
3.50100603622 	 0.00772959627187
3.54124748491 	 0.00265383306577
3.5814889336 	 0.0196455730935
3.62173038229 	 0.0256043434654
3.66197183099 	 0.0216043044061
3.70221327968 	 0.0253218012751
3.74245472837 	 0.0125493853444
3.78269617706 	 0.0190818622332
3.82293762575 	 0.0318682515575
3.86317907445 	 0.0182096626219
3.90342052314 	 0.0182836461884
3.94366197183 	 0.0165102718947
3.98390342052 	 0.0051333292772
4.02414486922 	 0.010925438061
4.06438631791 	 0.0153545392999
4.1046277666 	 0.0190265917668
4.14486921529 	 0.0232402092298
4.18511066398 	 0.0244265564873
4.22535211268 	 0.0107621673439
4.26559356137 	 0.00952286175422
4.30583501006 	 0.0154818363101
4.34607645875 	 0.00894068860961
4.38631790744 	 0.00474534348263
4.42655935614 	 0.0073854462223
4.46680080483 	 0.00768695995457
4.50704225352 	 0.0132001422637
4.54728370221 	 0.00663385218438
4.58752515091 	 0.00448568015649
4.6277665996 	 0.0073831399348
4.66800804829 	 0.00740249764934
4.70824949698 	 0.0128464769897
4.74849094567 	 0.00776173265729
4.78873239437 	 0.00636135503105
4.82897384306 	 0.0011890171895
4.86921529175 	 0.00661154310534
4.90945674044 	 0.00932257481421
4.94969818913 	 0.0106923500479
4.98993963783 	 0.00985469997145
5.03018108652 	 0.00905668890527
5.07042253521 	 0.0135060038728
5.1106639839 	 0.0107069631332
5.1509054326 	 0.00953304722308
5.19114688129 	 0.00376363292215
5.23138832998 	 0.00396259916869
5.27162977867 	 0.0057597205763
5.31187122736 	 0.00798844515188
5.35211267606 	 0.00950431420961
5.39235412475 	 0.0100053290099
5.43259557344 	 0.0152561656503
5.47283702213 	 0.00550957022828
5.51307847082 	 0.0033805534539
5.55331991952 	 0.00265553305821
5.59356136821 	 0.00682376600462
5.6338028169 	 0.00076477629357
5.67404426559 	 0.00703214120101
5.71428571429 	 0.00157153133623
5.75452716298 	 0.00555624975402
5.79476861167 	 0.00805208004606
5.83501006036 	 0.00887897907059
5.87525150905 	 0.00225056699093
5.91549295775 	 0.00380028778274
5.95573440644 	 0.00107397092406
5.99597585513 	 0.00529546804475
6.03621730382 	 0.00495476732863
6.07645875252 	 0.00641434160909
6.11670020121 	 0.00158247140983
6.1569416499 	 0.00390974045568
6.19718309859 	 0.00548835411066
6.23742454728 	 0.00583305703897
6.27766599598 	 0.0043143759654
6.31790744467 	 0.00888341263439
6.35814889336 	 0.00359506430662
6.39839034205 	 0.00502422501741
6.43863179074 	 0.005002692881
6.47887323944 	 0.000923171636403
6.51911468813 	 0.00281648512895
6.55935613682 	 0.00476180419416
6.59959758551 	 0.00483882447371
6.63983903421 	 0.00405335091627
6.6800804829 	 0.00540317110264
6.72032193159 	 0.00605279143422
6.76056338028 	 0.00624273650181
6.80080482897 	 0.00828450347274
6.84104627767 	 0.00462408598895
6.88128772636 	 0.00464662031286
6.92152917505 	 0.00668525997314
6.96177062374 	 0.00679490095204
7.00201207243 	 0.00711794208504
7.04225352113 	 0.00297075825531
7.08249496982 	 0.00263490174955
7.12273641851 	 0.0044958460717
7.1629778672 	 0.00315903426421
7.2032193159 	 0.00321832453646
7.24346076459 	 0.000665428198684
7.28370221328 	 0.00240600379965
7.32394366197 	 0.00253665501212
7.36418511066 	 0.000869636717799
7.40442655936 	 0.00334551162286
7.44466800805 	 0.00382235003963
7.48490945674 	 0.00283091469079
7.52515090543 	 0.00186772195332
7.56539235412 	 0.00429317857094
7.60563380282 	 0.00290466958011
7.64587525151 	 0.00305695870042
7.6861167002 	 0.00289324878634
7.72635814889 	 0.00434610419613
7.76659959759 	 0.00286771094659
7.80684104628 	 0.00374318869754
7.84708249497 	 0.00334834332396
7.88732394366 	 0.00434927077531
7.92756539235 	 0.00373974862099
7.96780684105 	 0.000251909391558
8.00804828974 	 0.002509846059
8.04828973843 	 0.00250741358656
8.08853118712 	 0.00182146036762
8.12877263581 	 0.00344111779461
8.16901408451 	 0.00495314058295
8.2092555332 	 0.00177363379351
8.24949698189 	 0.0019868582685
8.28973843058 	 0.00438162619071
8.32997987928 	 0.0019322549555
8.37022132797 	 0.00546795110847
8.41046277666 	 0.00490865576903
8.45070422535 	 0.000550870111122
8.49094567404 	 0.00233233858903
8.53118712274 	 0.00294598423339
8.57142857143 	 0.000699885220055
8.61167002012 	 0.00272813451448
8.65191146881 	 0.00408079291032
8.69215291751 	 0.00343647175047
8.7323943662 	 0.00137399168157
8.77263581489 	 0.00250550615511
8.81287726358 	 0.0023433897491
8.85311871227 	 0.00139964950673
8.89336016097 	 0.00289697657319
8.93360160966 	 0.00239348340756
8.97384305835 	 0.00421589936966
9.01408450704 	 0.00357330776078
9.05432595573 	 0.00321001493317
9.09456740443 	 0.00285079261502
9.13480885312 	 0.00362089342031
9.17505030181 	 0.0034838716864
9.2152917505 	 0.00347996314406
9.2555331992 	 0.0041068922285
9.29577464789 	 0.00309562871428
9.33601609658 	 0.00264498548585
9.37625754527 	 0.00042208017151
9.41649899396 	 0.00123200034966
9.45674044266 	 0.00258507548272
9.49698189135 	 0.00165009192061
9.53722334004 	 0.000910902590483
9.57746478873 	 0.00179712900295
9.61770623742 	 0.00158543305721
9.65794768612 	 0.00291917847082
9.69818913481 	 0.0028251424936
9.7384305835 	 0.00222879107241
9.77867203219 	 0.00334942569387
9.81891348089 	 0.00326531471981
9.85915492958 	 0.00302392923874
9.89939637827 	 0.00344192410161
9.93963782696 	 0.00251098195048
9.97987927565 	 0.00241401800868
10.0201207243 	 0.000913148288712
10.060362173 	 0.00266961386503
10.1006036217 	 0.00239754207587
10.1408450704 	 0.00122969089305
10.1810865191 	 0.00149079105861
10.2213279678 	 0.000848881713505
10.2615694165 	 0.000806981000317
10.3018108652 	 0.00028302188456
10.3420523139 	 0.00147436937629
10.3822937626 	 0.00182465857739
10.4225352113 	 0.00235248511076
10.46277666 	 0.00241993724268
10.5030181087 	 0.00207637306701
10.5432595573 	 0.00233545302167
10.583501006 	 0.00190055601169
10.6237424547 	 0.00140354363036
10.6639839034 	 0.00179692040189
10.7042253521 	 0.00251020958799
10.7444668008 	 0.00249448747852
10.7847082495 	 0.00194525356758
10.8249496982 	 0.00032167689024
10.8651911469 	 0.000728523368754
10.9054325956 	 0.00190752498037
10.9456740443 	 0.00150980024831
10.985915493 	 0.00181350919702
11.0261569416 	 0.00139320970158
11.0663983903 	 0.00254063997601
11.106639839 	 0.00332436382294
11.1468812877 	 0.00370948001429
11.1871227364 	 0.00324901753833
11.2273641851 	 0.00141408538033
11.2676056338 	 0.000547771271425
11.3078470825 	 0.00122580698371
11.3480885312 	 0.00160321701076
11.3883299799 	 0.00237309074098
11.4285714286 	 0.00315500794286
11.4688128773 	 0.00321616843257
11.509054326 	 0.00233534653452
11.5492957746 	 0.000773102259674
11.5895372233 	 0.00109093377989
11.629778672 	 0.000698363459827
11.6700201207 	 0.00100102588491
11.7102615694 	 0.000379168177748
11.7505030181 	 0.000264349634384
11.7907444668 	 0.000687940232211
11.8309859155 	 0.00030731645684
11.8712273642 	 0.000320746445632
11.9114688129 	 0.000695446141119
11.9517102616 	 0.000472702925332
11.9919517103 	 0.00114708452271
12.032193159 	 0.00124962724902
12.0724346076 	 0.000785040141711
12.1126760563 	 0.00115802057019
12.152917505 	 0.00239402773637
12.1931589537 	 0.00115229745353
12.2334004024 	 0.000786364388537
12.2736418511 	 0.0010128398075
12.3138832998 	 0.000360993802432
12.3541247485 	 0.000728827920621
12.3943661972 	 0.00113231251666
12.4346076459 	 0.00156475229017
12.4748490946 	 0.0011987116345
12.5150905433 	 0.00115622138435
12.555331992 	 0.00133848402648
12.5955734406 	 0.00119388821126
12.6358148893 	 0.00116589875953
12.676056338 	 0.00184717256485
12.7162977867 	 0.0011971630439
12.7565392354 	 0.00169746282071
12.7967806841 	 0.00182322317302
12.8370221328 	 0.00119981344972
12.8772635815 	 0.000243898846123
12.9175050302 	 0.000426190419268
12.9577464789 	 0.000506122193768
12.9979879276 	 0.000808825402956
13.0382293763 	 0.00102603847072
13.0784708249 	 0.000542410893637
13.1187122736 	 0.000541322232797
13.1589537223 	 0.000972878456496
13.199195171 	 0.00126473109714
13.2394366197 	 0.000794363203304
13.2796780684 	 0.00135223242968
13.3199195171 	 0.000482202904927
13.3601609658 	 0.000691900233882
13.4004024145 	 0.00128083411529
13.4406438632 	 0.00142887913797
13.4808853119 	 0.00097425712304
13.5211267606 	 0.00126144266291
13.5613682093 	 0.00142132606342
13.6016096579 	 0.00148150423089
13.6418511066 	 0.000628137250374
13.6820925553 	 0.000852194875641
13.722334004 	 0.00132010233113
13.7625754527 	 0.000620372293393
13.8028169014 	 0.000361985731692
13.8430583501 	 0.000345263882045
13.8832997988 	 0.000289943460896
13.9235412475 	 0.000539893528004
13.9637826962 	 0.000363846654834
14.0040241449 	 0.000538810633271
14.0442655936 	 0.000222433284494
14.0845070423 	 0.000280063788388
14.1247484909 	 0.00080605963323
14.1649899396 	 0.000828223597034
14.2052313883 	 0.000525504217358
14.245472837 	 0.000404603735121
14.2857142857 	 0.000413119919564
14.3259557344 	 0.000282804064558
14.3661971831 	 0.000156135971079
14.4064386318 	 0.000369929886547
14.4466800805 	 0.000799312592368
14.4869215292 	 0.000664128671863
14.5271629779 	 0.000354236233108
14.5674044266 	 0.000797381587683
14.6076458753 	 0.000758313920235
14.6478873239 	 0.000676669875506
14.6881287726 	 0.00049905143896
14.7283702213 	 0.000801416744752
14.76861167 	 0.000759473526838
14.8088531187 	 0.00101108169968
14.8490945674 	 0.00072083009825
14.8893360161 	 0.000524048300764
14.9295774648 	 0.000667800395372
14.9698189135 	 0.000305440277552
15.0100603622 	 0.000493303668331
15.0503018109 	 0.000382879583939
15.0905432596 	 0.000414677284928
15.1307847082 	 0.000170326149919
15.1710261569 	 0.000114463510522
15.2112676056 	 0.000234710314667
15.2515090543 	 0.000595097952903
15.291750503 	 0.000674533422112
15.3319919517 	 0.000506452275583
15.3722334004 	 0.000255100274694
15.4124748491 	 0.000213574830695
15.4527162978 	 0.000163207102066
15.4929577465 	 0.000307984145508
15.5331991952 	 0.000184153397997
15.5734406439 	 0.000283357921508
15.6136820926 	 0.000146747315555
15.6539235412 	 0.000172091796793
15.6941649899 	 0.000211573145637
15.7344064386 	 0.000386504081527
15.7746478873 	 0.00023206738215
15.814889336 	 5.9065760863e-05
15.8551307847 	 0.000279126798357
15.8953722334 	 0.000197186898349
15.9356136821 	 0.000232097135935
15.9758551308 	 0.000200380801023
16.0160965795 	 0.000465134760874
16.0563380282 	 0.00031565861993
16.0965794769 	 9.98252827259e-05
16.1368209256 	 0.0001040351339
16.1770623742 	 0.000256898874398
16.2173038229 	 0.000461099118025
16.2575452716 	 0.000467833437898
16.2977867203 	 0.000398518413683
16.338028169 	 0.00039175690576
16.3782696177 	 0.000235233618883
16.4185110664 	 0.000155953857742
16.4587525151 	 7.27636376424e-05
16.4989939638 	 0.00030194274761
16.5392354125 	 0.000196155638865
16.5794768612 	 8.75688159811e-05
16.6197183099 	 0.000298145057804
16.6599597586 	 0.000367183060741
16.7002012072 	 0.000230208843289
16.7404426559 	 0.00017358504459
16.7806841046 	 0.000246545038313
16.8209255533 	 0.000400091010906
16.861167002 	 0.00023555204344
16.9014084507 	 0.00012879752774
16.9416498994 	 2.62345554558e-05
16.9818913481 	 0.000271294478883
17.0221327968 	 0.00023472068245
17.0623742455 	 0.000177248619865
17.1026156942 	 0.000274584859153
17.1428571429 	 0.000191836574718
17.1830985915 	 0.000228433688061
17.2233400402 	 0.000208764252842
17.2635814889 	 0.000254547687202
17.3038229376 	 0.000308540409365
17.3440643863 	 0.000354485346737
17.384305835 	 0.000435235380628
17.4245472837 	 0.00049891998172
17.4647887324 	 0.000607635834202
17.5050301811 	 0.000559448606193
17.5452716298 	 0.000452340557435
17.5855130785 	 0.000349419661369
17.6257545272 	 8.40927581416e-05
17.6659959759 	 8.59175062901e-05
17.7062374245 	 0.000245301136913
17.7464788732 	 0.000153218230125
17.7867203219 	 4.98901654841e-05
17.8269617706 	 0.000187906712976
17.8672032193 	 0.000124844464958
17.907444668 	 0.000104265335525
17.9476861167 	 0.000105314046857
17.9879275654 	 0.000275477224137
18.0281690141 	 9.71886580741e-05
18.0684104628 	 0.000170869609208
18.1086519115 	 0.000255270459633
18.1488933602 	 0.000285135185984
18.1891348089 	 0.000356243448219
18.2293762575 	 0.000459465555365
18.2696177062 	 0.000339690834513
18.3098591549 	 0.000208239279852
18.3501006036 	 0.000288816914835
18.3903420523 	 0.00020045407981
18.430583501 	 9.85837028602e-05
18.4708249497 	 0.000270786709587
18.5110663984 	 0.000274745431016
18.5513078471 	 0.000310858902578
18.5915492958 	 0.000324233637249
18.6317907445 	 0.000397681968294
18.6720321932 	 4.19517722864e-05
18.7122736419 	 0.000192553581706
18.7525150905 	 0.000117734907095
18.7927565392 	 0.000159684778776
18.8329979879 	 7.40874594069e-05
18.8732394366 	 6.58953087285e-05
18.9134808853 	 3.66210740881e-05
18.953722334 	 7.30431398905e-05
18.9939637827 	 0.000118297561216
19.0342052314 	 0.000126838286336
19.0744466801 	 7.73827053648e-05
19.1146881288 	 0.00021906881605
19.1549295775 	 0.00017874744912
19.1951710262 	 9.67758874616e-05
19.2354124748 	 5.93366316085e-05
19.2756539235 	 0.000113170206648
19.3158953722 	 0.000141127884196
19.3561368209 	 0.000117366843244
19.3963782696 	 0.000120038402126
19.4366197183 	 0.000128011460882
19.476861167 	 0.000133411805861
19.5171026157 	 0.00021620167628
19.5573440644 	 8.55657626954e-05
19.5975855131 	 3.3766056179e-05
19.6378269618 	 5.10768243412e-05
19.6780684105 	 9.3902002812e-05
19.7183098592 	 0.000150130974646
19.7585513078 	 5.12910781023e-05
19.7987927565 	 0.000186959053543
19.8390342052 	 9.43254607905e-05
19.8792756539 	 0.000107893056911
19.9195171026 	 6.43521111231e-05
19.9597585513 	 0.000126046317649
20.0 	 4.27109175816e-05
20.0402414487 	 7.9403207407e-05
20.0804828974 	 7.98768705845e-05
20.1207243461 	 4.97968022232e-05
20.1609657948 	 1.31980182687e-05
20.2012072435 	 0.000113986986387
20.2414486922 	 0.000207067403258
20.2816901408 	 0.000132407711647
20.3219315895 	 9.65748061503e-05
20.3621730382 	 5.11543483553e-05
20.4024144869 	 0.000198254923362
20.4426559356 	 0.000156510739845
20.4828973843 	 0.000135024056771
20.523138833 	 0.000119804265681
20.5633802817 	 8.69522723898e-05
20.6036217304 	 1.8253303541e-05
20.6438631791 	 5.11901862134e-05
20.6841046278 	 2.76611942538e-05
20.7243460765 	 0.000140122104479
20.7645875252 	 2.99625952628e-05
20.8048289738 	 8.14653222522e-05
20.8450704225 	 0.000137771754075
20.8853118712 	 6.96854651584e-05
20.9255533199 	 3.36295662341e-05
20.9657947686 	 0.000104910005985
21.0060362173 	 8.54492038151e-05
21.046277666 	 5.20296312204e-05
21.0865191147 	 0.000112559795178
21.1267605634 	 0.000135340031202
21.1670020121 	 4.99253618891e-05
21.2072434608 	 0.000173164857301
21.2474849095 	 0.000102208233705
21.2877263581 	 9.74845601025e-05
21.3279678068 	 0.000137919509091
21.3682092555 	 0.000136856706814
21.4084507042 	 7.55457623081e-05
21.4486921529 	 9.99316858696e-05
21.4889336016 	 0.000112233900444
21.5291750503 	 0.000107657194569
21.569416499 	 0.000111628206104
21.6096579477 	 0.000111314116354
21.6498993964 	 9.18414195305e-05
21.6901408451 	 3.84642963317e-05
21.7303822938 	 6.23900995934e-05
21.7706237425 	 6.67677014136e-05
21.8108651911 	 7.93763056046e-05
21.8511066398 	 0.00012265106442
21.8913480885 	 0.000123987824789
21.9315895372 	 5.81606266505e-05
21.9718309859 	 6.49276535183e-05
22.0120724346 	 8.75215841109e-05
22.0523138833 	 2.34660669118e-05
22.092555332 	 5.51982406252e-05
22.1327967807 	 3.38549211299e-05
22.1730382294 	 5.48534212725e-05
22.2132796781 	 2.69047431183e-05
22.2535211268 	 5.50894243043e-05
22.2937625755 	 9.0133896687e-05
22.3340040241 	 7.93385695525e-05
22.3742454728 	 9.21850890393e-05
22.4144869215 	 7.17186702688e-05
22.4547283702 	 4.04938390928e-05
22.4949698189 	 0.000102075596561
22.5352112676 	 0.000114091723941
22.5754527163 	 0.000138641091289
22.615694165 	 7.12443818444e-05
22.6559356137 	 7.47334565371e-05
22.6961770624 	 9.99961771716e-05
22.7364185111 	 9.45310322742e-05
22.7766599598 	 5.21962677947e-05
22.8169014085 	 3.12498631385e-05
22.8571428571 	 5.29927595727e-05
22.8973843058 	 4.10669356841e-05
22.9376257545 	 0.000109921818981
22.9778672032 	 6.84554297493e-05
23.0181086519 	 0.000106938404627
23.0583501006 	 7.84242508207e-05
23.0985915493 	 6.30398518057e-05
23.138832998 	 7.8598579765e-05
23.1790744467 	 3.48435941866e-05
23.2193158954 	 0.000110832573568
23.2595573441 	 7.698794202e-05
23.2997987928 	 4.22012096542e-05
23.3400402414 	 3.64086132491e-05
23.3802816901 	 7.29591589258e-05
23.4205231388 	 3.71024187383e-05
23.4607645875 	 4.46418721176e-05
23.5010060362 	 9.641948252e-05
23.5412474849 	 1.14024700644e-05
23.5814889336 	 3.32773584181e-05
23.6217303823 	 6.65385661871e-05
23.661971831 	 5.84159953304e-05
23.7022132797 	 7.05086479194e-05
23.7424547284 	 2.79919583381e-05
23.7826961771 	 4.27748299799e-05
23.8229376258 	 2.76110488246e-05
23.8631790744 	 5.18537089869e-05
23.9034205231 	 3.96622906454e-05
23.9436619718 	 9.08843309585e-05
23.9839034205 	 8.24248554246e-05
24.0241448692 	 3.96523273782e-05
24.0643863179 	 7.68772296017e-05
24.1046277666 	 9.07321300831e-05
24.1448692153 	 0.000100644408483
24.185110664 	 0.000125858779649
24.2253521127 	 8.56358729443e-06
24.2655935614 	 4.55670453402e-05
24.3058350101 	 8.81681941814e-05
24.3460764588 	 4.72860647544e-05
24.3863179074 	 4.83117234315e-05
24.4265593561 	 7.61765403767e-05
24.4668008048 	 4.80273839647e-05
24.5070422535 	 5.75317527576e-05
24.5472837022 	 8.60420891551e-05
24.5875251509 	 6.59390549206e-06
24.6277665996 	 2.84891704073e-05
24.6680080483 	 7.8671031e-05
24.708249497 	 6.63011504458e-05
24.7484909457 	 4.14086948742e-05
24.7887323944 	 4.4613582177e-05
24.8289738431 	 5.87652807272e-05
24.8692152918 	 5.09861153943e-05
24.9094567404 	 8.24615998905e-05
24.9496981891 	 4.98206084292e-05
24.9899396378 	 5.61215560168e-05
25.0301810865 	 5.58484539969e-05
25.0704225352 	 4.595188041e-05
25.1106639839 	 6.404028713e-05
25.1509054326 	 5.17661506581e-05
25.1911468813 	 5.84480760901e-05
25.23138833 	 4.16849832426e-05
25.2716297787 	 2.35913343218e-05
25.3118712274 	 5.14586385445e-05
25.3521126761 	 1.33169375767e-05
25.3923541247 	 5.46973003422e-05
25.4325955734 	 1.71977451663e-05
25.4728370221 	 4.8070393093e-05
25.5130784708 	 4.38872873767e-05
25.5533199195 	 3.26334294061e-05
25.5935613682 	 4.96864866763e-05
25.6338028169 	 4.36410518123e-05
25.6740442656 	 3.74993257775e-05
25.7142857143 	 6.1888089164e-05
25.754527163 	 0.000108394313856
25.7947686117 	 4.1424708894e-05
25.8350100604 	 9.53167257676e-06
25.8752515091 	 1.92378798247e-05
25.9154929577 	 6.56726556332e-05
25.9557344064 	 4.01577990067e-05
25.9959758551 	 1.83587683323e-05
26.0362173038 	 9.80158434008e-06
26.0764587525 	 2.61084826246e-05
26.1167002012 	 5.72450579508e-05
26.1569416499 	 5.04498191884e-05
26.1971830986 	 6.45272440863e-05
26.2374245473 	 2.09006372239e-05
26.277665996 	 1.39494760802e-05
26.3179074447 	 3.55804538194e-05
26.3581488934 	 0.000103554668313
26.3983903421 	 0.000127231664999
26.4386317907 	 7.92981872199e-05
26.4788732394 	 3.72474363305e-05
26.5191146881 	 3.39105463497e-05
26.5593561368 	 5.57728372662e-05
26.5995975855 	 3.85698243776e-05
26.6398390342 	 6.28201558951e-05
26.6800804829 	 6.27372056818e-05
26.7203219316 	 4.09671957513e-05
26.7605633803 	 3.62151169013e-06
26.800804829 	 3.92645053765e-05
26.8410462777 	 2.28698658467e-05
26.8812877264 	 4.83185601259e-05
26.9215291751 	 1.23390044514e-05
26.9617706237 	 2.3153072706e-05
27.0020120724 	 2.31163789187e-05
27.0422535211 	 4.61601794043e-05
27.0824949698 	 3.58161949461e-06
27.1227364185 	 2.50044452718e-05
27.1629778672 	 1.90086903858e-05
27.2032193159 	 3.18907399322e-05
27.2434607646 	 2.06356423202e-05
27.2837022133 	 2.32351867874e-05
27.323943662 	 4.61597116811e-05
27.3641851107 	 2.06755893348e-05
27.4044265594 	 4.7926836216e-05
27.444668008 	 5.66421629213e-05
27.4849094567 	 1.99116750774e-05
27.5251509054 	 2.06499567935e-05
27.5653923541 	 1.9966082701e-05
27.6056338028 	 5.86335074265e-06
27.6458752515 	 4.29831497407e-05
27.6861167002 	 3.13609361497e-05
27.7263581489 	 5.18671557772e-05
27.7665995976 	 4.56760774799e-05
27.8068410463 	 6.25346308894e-05
27.847082495 	 4.69657979076e-05
27.8873239437 	 5.84278395646e-05
27.9275653924 	 4.39192571882e-05
27.967806841 	 7.80709282729e-05
28.0080482897 	 5.29913450076e-05
28.0482897384 	 4.48073160201e-05
28.0885311871 	 6.91916596372e-05
28.1287726358 	 7.77159814162e-05
28.1690140845 	 9.02811142241e-05
28.2092555332 	 6.14416708396e-05
28.2494969819 	 4.21471205316e-05
28.2897384306 	 4.48242241044e-05
28.3299798793 	 3.83072874873e-05
28.370221328 	 9.85042829122e-06
28.4104627767 	 1.50401703798e-05
28.4507042254 	 5.34322741097e-05
28.490945674 	 5.55797657769e-05
28.5311871227 	 3.51033852369e-05
28.5714285714 	 3.13546096635e-05
28.6116700201 	 3.82540219392e-05
28.6519114688 	 2.09938871176e-05
28.6921529175 	 4.95107450784e-05
28.7323943662 	 3.3622553021e-05
28.7726358149 	 3.14027043597e-05
28.8128772636 	 1.38915962906e-05
28.8531187123 	 1.47869060251e-05
28.893360161 	 1.45307687044e-05
28.9336016097 	 2.4672965925e-05
28.9738430584 	 3.64139827006e-05
29.014084507 	 1.06598368605e-05
29.0543259557 	 2.60795883436e-05
29.0945674044 	 2.46817249577e-05
29.1348088531 	 2.00782547954e-05
29.1750503018 	 2.87636320207e-05
29.2152917505 	 4.23504126819e-05
29.2555331992 	 4.10006109617e-05
29.2957746479 	 4.85124800598e-05
29.3360160966 	 3.45629290963e-05
29.3762575453 	 4.23684110161e-05
29.416498994 	 1.20430653033e-05
29.4567404427 	 2.32817638816e-05
29.4969818913 	 1.03059550533e-05
29.53722334 	 1.00103967977e-05
29.5774647887 	 3.8712373314e-05
29.6177062374 	 1.79738307981e-05
29.6579476861 	 2.32648835862e-05
29.6981891348 	 3.09111673541e-05
29.7384305835 	 2.61429877254e-05
29.7786720322 	 8.51702334823e-06
29.8189134809 	 7.44162926538e-06
29.8591549296 	 2.98801916566e-05
29.8993963783 	 1.78140662588e-05
29.939637827 	 4.21335479183e-05
29.9798792757 	 4.85707175788e-05
30.0201207243 	 6.44656781071e-05
30.060362173 	 5.08861775694e-05
30.1006036217 	 3.91762795397e-05
30.1408450704 	 2.55848822422e-05
30.1810865191 	 1.11531371479e-05
30.2213279678 	 2.86770170565e-05
30.2615694165 	 4.17763324037e-05
30.3018108652 	 2.69532307253e-05
30.3420523139 	 9.86362779096e-06
30.3822937626 	 3.59515870546e-05
30.4225352113 	 2.64431857245e-05
30.46277666 	 4.17592901392e-05
30.5030181087 	 5.00738324519e-05
30.5432595573 	 3.51042359713e-05
30.583501006 	 1.65231498245e-05
30.6237424547 	 1.95277406204e-05
30.6639839034 	 4.22047996949e-05
30.7042253521 	 3.02521367143e-05
30.7444668008 	 2.43363883478e-05
30.7847082495 	 3.74051294327e-05
30.8249496982 	 3.2461015504e-05
30.8651911469 	 5.34922361153e-05
30.9054325956 	 4.61353790302e-05
30.9456740443 	 3.86577035629e-05
30.985915493 	 1.40338786663e-05
31.0261569416 	 1.47036532287e-05
31.0663983903 	 2.4659650267e-05
31.106639839 	 4.95935040104e-06
31.1468812877 	 2.24191769364e-05
31.1871227364 	 3.19124647914e-05
31.2273641851 	 5.67096107005e-06
31.2676056338 	 3.42360910291e-05
31.3078470825 	 2.26985366581e-05
31.3480885312 	 2.61705687134e-05
31.3883299799 	 4.28768509463e-06
31.4285714286 	 1.09643787894e-05
31.4688128773 	 8.69437784926e-06
31.509054326 	 2.12757289776e-05
31.5492957746 	 1.45799241889e-05
31.5895372233 	 4.424017276e-06
31.629778672 	 2.31111181806e-05
31.6700201207 	 2.30337555616e-05
31.7102615694 	 1.41102522626e-05
31.7505030181 	 1.67762246891e-05
31.7907444668 	 1.21500667594e-05
31.8309859155 	 2.29510024018e-05
31.8712273642 	 3.92756526554e-06
31.9114688129 	 4.98095943111e-06
31.9517102616 	 1.39936006022e-05
31.9919517103 	 1.7677245385e-05
32.032193159 	 1.07600205062e-05
32.0724346076 	 2.58386323331e-05
32.1126760563 	 2.39856758812e-05
32.152917505 	 1.89228630799e-05
32.1931589537 	 3.22771304527e-05
32.2334004024 	 8.12157711964e-06
32.2736418511 	 6.34031062428e-06
32.3138832998 	 3.36032449538e-05
32.3541247485 	 2.79846457073e-05
32.3943661972 	 1.4560424693e-05
32.4346076459 	 4.90034771437e-05
32.4748490946 	 5.63552568299e-05
32.5150905433 	 3.685035892e-05
32.555331992 	 1.62979173068e-05
32.5955734406 	 3.06425279592e-05
32.6358148893 	 2.64038115573e-05
32.676056338 	 3.19764909222e-05
32.7162977867 	 1.69128021644e-05
32.7565392354 	 1.46805340315e-05
32.7967806841 	 1.71903469238e-05
32.8370221328 	 1.38492890578e-05
32.8772635815 	 1.09826964829e-05
32.9175050302 	 2.66236927473e-05
32.9577464789 	 2.06703447601e-05
32.9979879276 	 2.28709880692e-05
33.0382293763 	 1.12392355098e-05
33.0784708249 	 1.3614443643e-05
33.1187122736 	 2.24578758957e-05
33.1589537223 	 8.67073540544e-06
33.199195171 	 1.07207151863e-05
33.2394366197 	 2.13109552704e-05
33.2796780684 	 6.47023607904e-06
33.3199195171 	 1.99124283376e-05
33.3601609658 	 3.30568518512e-05
33.4004024145 	 1.41271026648e-05
33.4406438632 	 2.22867045352e-05
33.4808853119 	 3.16187933256e-05
33.5211267606 	 1.67054652325e-05
33.5613682093 	 2.72351246094e-05
33.6016096579 	 1.23766424601e-05
33.6418511066 	 1.32805650872e-05
33.6820925553 	 3.51866264319e-05
33.722334004 	 2.11388442431e-05
33.7625754527 	 1.66957236055e-05
33.8028169014 	 8.11223122649e-06
33.8430583501 	 9.87430062682e-06
33.8832997988 	 1.5185231329e-05
33.9235412475 	 1.49161807496e-05
33.9637826962 	 2.06296144177e-06
34.0040241449 	 1.3631603635e-05
34.0442655936 	 9.10968844973e-06
34.0845070423 	 2.07526909244e-06
34.1247484909 	 1.72992399618e-05
34.1649899396 	 2.69306880477e-05
34.2052313883 	 1.24530827175e-05
34.245472837 	 1.67776378541e-05
34.2857142857 	 9.36942336439e-06
34.3259557344 	 6.87118455393e-06
34.3661971831 	 1.34288773431e-05
34.4064386318 	 7.13283115968e-06
34.4466800805 	 1.99608750241e-05
34.4869215292 	 1.82356387017e-05
34.5271629779 	 1.64952917802e-05
34.5674044266 	 2.42417784767e-05
34.6076458753 	 1.45154209778e-05
34.6478873239 	 2.24392982981e-05
34.6881287726 	 1.04489536807e-05
34.7283702213 	 4.77025348459e-06
34.76861167 	 1.92878572647e-05
34.8088531187 	 1.38046480682e-05
34.8490945674 	 6.50821842575e-06
34.8893360161 	 1.45192394618e-05
34.9295774648 	 1.24340696099e-05
34.9698189135 	 1.71935300837e-05
35.0100603622 	 1.44190755261e-05
35.0503018109 	 1.1116902258e-05
35.0905432596 	 1.76580220119e-05
35.1307847082 	 6.55518889624e-06
35.1710261569 	 9.31430243138e-06
35.2112676056 	 1.02105714481e-05
35.2515090543 	 1.35589132488e-05
35.291750503 	 2.35397924003e-05
35.3319919517 	 1.84161498397e-05
35.3722334004 	 1.36468316737e-05
35.4124748491 	 1.37948671047e-05
35.4527162978 	 2.09449560426e-05
35.4929577465 	 8.64849730052e-06
35.5331991952 	 1.03346528986e-05
35.5734406439 	 1.72840302398e-05
35.6136820926 	 4.88260070221e-06
35.6539235412 	 6.39574804301e-06
35.6941649899 	 7.95496998491e-06
35.7344064386 	 2.08862694547e-06
35.7746478873 	 9.23171016188e-06
35.814889336 	 5.76375631428e-06
35.8551307847 	 8.14780336855e-06
35.8953722334 	 2.64062185564e-05
35.9356136821 	 1.78461274583e-05
35.9758551308 	 2.00717802916e-05
36.0160965795 	 1.04618556152e-05
36.0563380282 	 7.24713704536e-06
36.0965794769 	 6.16136914906e-06
36.1368209256 	 3.45354299888e-06
36.1770623742 	 1.17023009758e-05
36.2173038229 	 6.21249722716e-06
36.2575452716 	 2.16895453865e-06
36.2977867203 	 3.94925766035e-06
36.338028169 	 9.17136927413e-06
36.3782696177 	 1.11285672375e-05
36.4185110664 	 1.49031958783e-05
36.4587525151 	 1.58428385654e-05
36.4989939638 	 1.14012300865e-05
36.5392354125 	 1.68729444733e-06
36.5794768612 	 4.64511107488e-06
36.6197183099 	 4.84611449906e-06
36.6599597586 	 1.18556775221e-05
36.7002012072 	 1.67355834854e-05
36.7404426559 	 1.18402071139e-05
36.7806841046 	 5.31559089069e-06
36.8209255533 	 3.40002901633e-06
36.861167002 	 1.55058291175e-05
36.9014084507 	 1.22498743688e-05
36.9416498994 	 1.40526220685e-05
36.9818913481 	 2.01002828464e-06
37.0221327968 	 3.44317769169e-06
37.0623742455 	 5.61085899046e-06
37.1026156942 	 7.66241178191e-06
37.1428571429 	 9.13408649876e-06
37.1830985915 	 8.1216556077e-06
37.2233400402 	 9.62800188624e-06
37.2635814889 	 8.81651569224e-06
37.3038229376 	 1.45255326591e-05
37.3440643863 	 1.35895035993e-05
37.384305835 	 9.2234271996e-06
37.4245472837 	 9.52526009002e-07
37.4647887324 	 2.95152929762e-06
37.5050301811 	 8.7557709903e-06
37.5452716298 	 1.1401178721e-05
37.5855130785 	 1.64856017942e-05
37.6257545272 	 2.02902576075e-05
37.6659959759 	 1.25070206988e-05
37.7062374245 	 1.32731026802e-05
37.7464788732 	 5.02572879313e-06
37.7867203219 	 1.2725814989e-05
37.8269617706 	 2.76432578845e-06
37.8672032193 	 6.03468235096e-06
37.907444668 	 7.30806338493e-06
37.9476861167 	 9.40471224631e-06
37.9879275654 	 9.88733629593e-06
38.0281690141 	 1.24385303776e-05
38.0684104628 	 1.20743743132e-05
38.1086519115 	 9.47033801102e-06
38.1488933602 	 8.9369302784e-06
38.1891348089 	 3.50513818621e-06
38.2293762575 	 6.5595762122e-06
38.2696177062 	 6.39066373865e-06
38.3098591549 	 2.66961885303e-06
38.3501006036 	 6.77508949891e-06
38.3903420523 	 3.82159362761e-06
38.430583501 	 6.4345594852e-06
38.4708249497 	 7.54961878758e-06
38.5110663984 	 7.10690711943e-06
38.5513078471 	 1.16328417584e-05
38.5915492958 	 8.74157688902e-06
38.6317907445 	 1.40060228294e-05
38.6720321932 	 1.00131360333e-05
38.7122736419 	 1.51803679003e-05
38.7525150905 	 9.73293869514e-06
38.7927565392 	 1.18582092544e-05
38.8329979879 	 1.13189266175e-05
38.8732394366 	 6.10415071627e-06
38.9134808853 	 7.58529013107e-06
38.953722334 	 8.23262914321e-06
38.9939637827 	 1.01514995526e-05
39.0342052314 	 3.31756617001e-06
39.0744466801 	 7.06828496099e-06
39.1146881288 	 1.83273679699e-06
39.1549295775 	 5.54628799427e-06
39.1951710262 	 3.75573208672e-06
39.2354124748 	 3.7417966154e-06
39.2756539235 	 6.18227982688e-06
39.3158953722 	 1.68398745469e-06
39.3561368209 	 4.55761713959e-06
39.3963782696 	 8.43033409054e-06
39.4366197183 	 9.23912281808e-06
39.476861167 	 1.27383464594e-05
39.5171026157 	 1.64046125999e-05
39.5573440644 	 1.35726180566e-05
39.5975855131 	 1.00928817842e-05
39.6378269618 	 7.54429772062e-06
39.6780684105 	 1.495390945e-05
39.7183098592 	 1.83374782603e-05
39.7585513078 	 1.74547283354e-05
39.7987927565 	 2.28504691275e-05
39.8390342052 	 1.63591828569e-05
39.8792756539 	 4.79716638515e-07
39.9195171026 	 6.89260602491e-06
39.9597585513 	 3.18292380693e-06
40.0 	 5.26024078941e-06
40.0402414487 	 9.29834247493e-06
40.0804828974 	 1.16639635114e-05
40.1207243461 	 3.37196166912e-06
40.1609657948 	 2.84436900962e-06
40.2012072435 	 4.77795097453e-06
40.2414486922 	 5.68274435456e-06
40.2816901408 	 4.21270964233e-06
40.3219315895 	 4.28683133814e-06
40.3621730382 	 5.4491902576e-06
40.4024144869 	 8.82620703803e-06
40.4426559356 	 1.75735124954e-06
40.4828973843 	 8.09385927526e-06
40.523138833 	 3.91071860267e-06
40.5633802817 	 7.17005816372e-06
40.6036217304 	 2.74557798764e-06
40.6438631791 	 4.7837509289e-06
40.6841046278 	 9.11822355014e-06
40.7243460765 	 1.07863905552e-05
40.7645875252 	 7.35936379272e-06
40.8048289738 	 1.6227718875e-06
40.8450704225 	 5.5099764148e-06
40.8853118712 	 8.13597094009e-06
40.9255533199 	 6.87493409385e-06
40.9657947686 	 5.00779975859e-06
41.0060362173 	 4.64018845082e-06
41.046277666 	 1.73880913828e-06
41.0865191147 	 1.94443599901e-06
41.1267605634 	 5.66655588346e-06
41.1670020121 	 8.31067867386e-06
41.2072434608 	 2.14673955496e-06
41.2474849095 	 4.74747418905e-06
41.2877263581 	 6.27930135241e-06
41.3279678068 	 5.56493962653e-06
41.3682092555 	 8.06682238857e-06
41.4084507042 	 9.50618091264e-06
41.4486921529 	 6.68881463416e-06
41.4889336016 	 7.15547582735e-06
41.5291750503 	 7.6902127231e-06
41.569416499 	 6.13289230437e-06
41.6096579477 	 6.33912242046e-06
41.6498993964 	 4.8534550009e-06
41.6901408451 	 5.60489538473e-06
41.7303822938 	 1.11927165024e-05
41.7706237425 	 9.73372576678e-06
41.8108651911 	 4.77551381715e-06
41.8511066398 	 4.81055669977e-06
41.8913480885 	 7.37782642672e-06
41.9315895372 	 5.99307008392e-06
41.9718309859 	 6.9097333359e-06
42.0120724346 	 1.01951606187e-05
42.0523138833 	 5.33333546113e-06
42.092555332 	 1.83909829032e-06
42.1327967807 	 9.3868655555e-07
42.1730382294 	 5.24066749148e-06
42.2132796781 	 4.04492571041e-06
42.2535211268 	 7.63757028409e-06
42.2937625755 	 6.42321714014e-06
42.3340040241 	 7.09631425942e-06
42.3742454728 	 1.25616200732e-05
42.4144869215 	 5.72196756703e-06
42.4547283702 	 3.62858352493e-07
42.4949698189 	 1.01233990765e-06
42.5352112676 	 1.60668384642e-06
42.5754527163 	 4.26333417828e-06
42.615694165 	 1.80602895841e-06
42.6559356137 	 5.21361612756e-07
42.6961770624 	 1.43628623889e-06
42.7364185111 	 4.30700245117e-06
42.7766599598 	 9.86390116355e-07
42.8169014085 	 2.37224512628e-06
42.8571428571 	 2.80121475233e-06
42.8973843058 	 2.34658671388e-06
42.9376257545 	 5.21550130433e-06
42.9778672032 	 7.23850276365e-06
43.0181086519 	 5.95493773913e-06
43.0583501006 	 5.83394469927e-06
43.0985915493 	 2.08787232286e-06
43.138832998 	 4.71741099174e-06
43.1790744467 	 4.42848885717e-06
43.2193158954 	 7.74056825012e-06
43.2595573441 	 7.36179951275e-06
43.2997987928 	 9.17317362883e-06
43.3400402414 	 6.8596318297e-06
43.3802816901 	 1.03595241725e-05
43.4205231388 	 7.52110450036e-06
43.4607645875 	 8.81553316879e-06
43.5010060362 	 7.14722817393e-06
43.5412474849 	 2.34227101787e-06
43.5814889336 	 1.84333783212e-06
43.6217303823 	 4.40432840093e-06
43.661971831 	 2.22374333401e-06
43.7022132797 	 8.9831523506e-06
43.7424547284 	 1.33818049227e-05
43.7826961771 	 9.41900722232e-06
43.8229376258 	 5.73261561425e-06
43.8631790744 	 2.13201437852e-06
43.9034205231 	 2.54863485265e-06
43.9436619718 	 9.72971485232e-06
43.9839034205 	 8.60656465503e-06
44.0241448692 	 2.43655716952e-06
44.0643863179 	 4.26520622128e-06
44.1046277666 	 9.48127157758e-06
44.1448692153 	 1.1896201557e-05
44.185110664 	 8.54442380558e-06
44.2253521127 	 7.69831164479e-06
44.2655935614 	 4.75828010939e-06
44.3058350101 	 9.85189479765e-07
44.3460764588 	 9.10687941274e-07
44.3863179074 	 4.02797414313e-06
44.4265593561 	 1.02738092897e-06
44.4668008048 	 5.70876612544e-06
44.5070422535 	 8.48289876868e-06
44.5472837022 	 9.02510526103e-06
44.5875251509 	 3.68492054213e-06
44.6277665996 	 3.17997057845e-06
44.6680080483 	 3.78898669967e-06
44.708249497 	 1.37563166484e-06
44.7484909457 	 4.6191007771e-06
44.7887323944 	 5.53801567583e-06
44.8289738431 	 4.32815816445e-06
44.8692152918 	 3.74463282185e-06
44.9094567404 	 2.1530365624e-06
44.9496981891 	 3.12964515563e-06
44.9899396378 	 3.07164221913e-06
45.0301810865 	 4.09874068012e-06
45.0704225352 	 2.81214754945e-06
45.1106639839 	 1.52900105061e-06
45.1509054326 	 7.290696633e-07
45.1911468813 	 4.50077546209e-06
45.23138833 	 1.89885084217e-06
45.2716297787 	 2.98897384004e-06
45.3118712274 	 8.56057405593e-07
45.3521126761 	 2.0087160371e-06
45.3923541247 	 3.72697043997e-06
45.4325955734 	 1.55104979964e-06
45.4728370221 	 7.17839625612e-07
45.5130784708 	 1.26229290296e-06
45.5533199195 	 1.54778846453e-06
45.5935613682 	 4.69375724371e-06
45.6338028169 	 4.56414607815e-06
45.6740442656 	 4.1194612016e-06
45.7142857143 	 1.19662828158e-06
45.754527163 	 3.51261176182e-06
45.7947686117 	 4.41560927378e-06
45.8350100604 	 4.10022964416e-06
45.8752515091 	 2.64337164687e-06
45.9154929577 	 3.38303893312e-06
45.9557344064 	 4.2782051248e-06
45.9959758551 	 3.95186198426e-06
46.0362173038 	 6.20615418034e-06
46.0764587525 	 4.16198929974e-06
46.1167002012 	 3.24692285171e-06
46.1569416499 	 7.43341802343e-07
46.1971830986 	 3.4160601449e-06
46.2374245473 	 4.54387098325e-06
46.277665996 	 5.3082170993e-06
46.3179074447 	 7.93315063805e-06
46.3581488934 	 7.76381387359e-06
46.3983903421 	 2.30933263331e-06
46.4386317907 	 3.60035488389e-06
46.4788732394 	 5.10561310427e-06
46.5191146881 	 6.54068921308e-06
46.5593561368 	 1.92343639807e-06
46.5995975855 	 3.35210442798e-06
46.6398390342 	 3.1730911984e-06
46.6800804829 	 6.61580657961e-06
46.7203219316 	 6.03694666994e-06
46.7605633803 	 4.33377476967e-06
46.800804829 	 4.41322249322e-06
46.8410462777 	 6.46917964614e-06
46.8812877264 	 5.46785602826e-06
46.9215291751 	 8.94021302105e-06
46.9617706237 	 9.49680584368e-06
47.0020120724 	 5.38456900618e-06
47.0422535211 	 3.05735770745e-06
47.0824949698 	 2.7277734547e-06
47.1227364185 	 3.86118477073e-06
47.1629778672 	 4.06773134209e-06
47.2032193159 	 4.03501754306e-06
47.2434607646 	 5.54689056088e-06
47.2837022133 	 4.76926728088e-06
47.323943662 	 3.16118704594e-06
47.3641851107 	 3.86286543651e-06
47.4044265594 	 2.04289564113e-06
47.444668008 	 4.19615095238e-06
47.4849094567 	 1.88874098491e-06
47.5251509054 	 4.15218043975e-06
47.5653923541 	 2.18397460096e-06
47.6056338028 	 3.95406655336e-06
47.6458752515 	 2.37322357311e-06
47.6861167002 	 9.73557927329e-07
47.7263581489 	 2.55500830847e-06
47.7665995976 	 1.02487083649e-06
47.8068410463 	 2.74335263465e-06
47.847082495 	 2.6315509752e-06
47.8873239437 	 1.82976267306e-06
47.9275653924 	 5.62848195899e-06
47.967806841 	 3.87512841923e-06
48.0080482897 	 1.73491929144e-06
48.0482897384 	 6.9129680087e-07
48.0885311871 	 2.20921189587e-06
48.1287726358 	 1.50238405683e-06
48.1690140845 	 2.20708753463e-06
48.2092555332 	 2.35414472643e-06
48.2494969819 	 1.12850616042e-06
48.2897384306 	 2.90419627547e-06
48.3299798793 	 3.03825340574e-06
48.370221328 	 5.81301966734e-06
48.4104627767 	 4.92741455989e-06
48.4507042254 	 2.64620214707e-06
48.490945674 	 3.64922254952e-06
48.5311871227 	 1.80676402771e-06
48.5714285714 	 7.02435093046e-07
48.6116700201 	 1.05587525532e-06
48.6519114688 	 2.51492035604e-06
48.6921529175 	 2.34332311448e-06
48.7323943662 	 3.13815999651e-07
48.7726358149 	 2.2758455152e-06
48.8128772636 	 4.82343367277e-06
48.8531187123 	 5.50396324983e-06
48.893360161 	 4.63684457067e-06
48.9336016097 	 3.53296973884e-06
48.9738430584 	 3.13871419916e-06
49.014084507 	 4.26857158859e-06
49.0543259557 	 1.89672267983e-06
49.0945674044 	 2.10250031012e-06
49.1348088531 	 2.57006703822e-06
49.1750503018 	 1.91900652428e-06
49.2152917505 	 3.96908811248e-07
49.2555331992 	 3.86397440275e-06
49.2957746479 	 3.84768849236e-06
49.3360160966 	 4.45821235993e-06
49.3762575453 	 5.051923866e-06
49.416498994 	 3.66944964338e-06
49.4567404427 	 1.23307266338e-06
49.4969818913 	 3.22958725749e-06
49.53722334 	 2.18422145986e-06
49.5774647887 	 1.69308420157e-06
49.6177062374 	 4.03613960198e-06
49.6579476861 	 4.9034592849e-06
49.6981891348 	 3.81633469456e-06
49.7384305835 	 4.38172288232e-06
49.7786720322 	 2.45017876396e-06
49.8189134809 	 1.77426655716e-06
49.8591549296 	 3.97272998377e-06
49.8993963783 	 4.05616884043e-06
49.939637827 	 3.59625599577e-06
49.9798792757 	 2.06023965821e-06
50.0201207243 	 2.29772792403e-06
50.060362173 	 6.00097733539e-07
50.1006036217 	 1.66876724429e-06
50.1408450704 	 2.19185328096e-06
50.1810865191 	 1.45067203527e-06
50.2213279678 	 1.66666760461e-06
50.2615694165 	 2.28151696712e-06
50.3018108652 	 3.43645256562e-06
50.3420523139 	 4.19134759456e-06
50.3822937626 	 5.46299603247e-06
50.4225352113 	 2.68305242621e-06
50.46277666 	 1.81351048151e-06
50.5030181087 	 3.22372008955e-06
50.5432595573 	 5.05445082222e-06
50.583501006 	 5.25641393241e-06
50.6237424547 	 4.91731054667e-06
50.6639839034 	 8.78817996059e-07
50.7042253521 	 1.79069875625e-06
50.7444668008 	 3.8684832864e-06
50.7847082495 	 2.76180495642e-06
50.8249496982 	 3.37229703947e-07
50.8651911469 	 1.50925730284e-06
50.9054325956 	 2.70245783364e-06
50.9456740443 	 4.56807479296e-06
50.985915493 	 3.94128959553e-06
51.0261569416 	 3.82475236787e-06
51.0663983903 	 2.62702049869e-06
51.106639839 	 4.26120580907e-06
51.1468812877 	 4.70926813455e-06
51.1871227364 	 3.23211838386e-06
51.2273641851 	 2.21234031499e-06
51.2676056338 	 3.0354899552e-06
51.3078470825 	 2.95434700895e-06
51.3480885312 	 3.90298680346e-06
51.3883299799 	 1.36795382088e-06
51.4285714286 	 3.4168331053e-06
51.4688128773 	 1.59933181731e-06
51.509054326 	 2.27877480016e-06
51.5492957746 	 2.12008262623e-06
51.5895372233 	 1.08615584074e-06
51.629778672 	 1.4989190478e-06
51.6700201207 	 2.38545879122e-06
51.7102615694 	 2.15898120357e-06
51.7505030181 	 3.33028855761e-06
51.7907444668 	 2.76432092252e-06
51.8309859155 	 3.67445904206e-06
51.8712273642 	 4.83775391029e-06
51.9114688129 	 4.7504708352e-06
51.9517102616 	 4.33307221233e-06
51.9919517103 	 3.47206339597e-06
52.032193159 	 6.38321714615e-07
52.0724346076 	 2.63286790062e-06
52.1126760563 	 1.98955538706e-06
52.152917505 	 2.88373220988e-06
52.1931589537 	 2.60834648008e-06
52.2334004024 	 2.35992442996e-06
52.2736418511 	 2.21689203186e-06
52.3138832998 	 2.10827607999e-06
52.3541247485 	 1.51097425984e-06
52.3943661972 	 2.067253254e-06
52.4346076459 	 2.16652999577e-07
52.4748490946 	 1.74222529434e-06
52.5150905433 	 1.5116028919e-06
52.555331992 	 2.66158431e-06
52.5955734406 	 1.43714528717e-06
52.6358148893 	 2.16558484147e-06
52.676056338 	 2.19426435068e-06
52.7162977867 	 1.6129390793e-06
52.7565392354 	 2.85232281336e-06
52.7967806841 	 1.36579427133e-06
52.8370221328 	 6.77314592783e-07
52.8772635815 	 8.76851125552e-07
52.9175050302 	 1.21622767147e-06
52.9577464789 	 1.59161204063e-06
52.9979879276 	 2.38263994454e-06
53.0382293763 	 2.44652996727e-06
53.0784708249 	 3.52248062265e-06
53.1187122736 	 4.02174155826e-07
53.1589537223 	 1.58980955788e-06
53.199195171 	 1.53467004892e-06
53.2394366197 	 1.43167241221e-06
53.2796780684 	 1.48397643138e-06
53.3199195171 	 7.79292166906e-07
53.3601609658 	 8.41344035664e-07
53.4004024145 	 1.9601164455e-06
53.4406438632 	 1.6760731591e-06
53.4808853119 	 2.58377320558e-06
53.5211267606 	 2.26692593212e-06
53.5613682093 	 2.51909785675e-06
53.6016096579 	 1.31729944903e-06
53.6418511066 	 1.80688641693e-06
53.6820925553 	 7.13561266527e-07
53.722334004 	 1.45429453994e-06
53.7625754527 	 4.01360928375e-07
53.8028169014 	 1.42506688375e-06
53.8430583501 	 1.25115064632e-06
53.8832997988 	 1.53295450139e-06
53.9235412475 	 4.57944029122e-07
53.9637826962 	 2.21481259524e-06
54.0040241449 	 1.56490912677e-06
54.0442655936 	 1.89233178515e-06
54.0845070423 	 1.29986741792e-06
54.1247484909 	 3.71548871691e-07
54.1649899396 	 5.1176375048e-07
54.2052313883 	 2.09520730914e-06
54.245472837 	 2.19837851577e-06
54.2857142857 	 6.59023684787e-07
54.3259557344 	 6.83720759797e-07
54.3661971831 	 1.51536680148e-06
54.4064386318 	 2.90709933915e-06
54.4466800805 	 2.57721573937e-06
54.4869215292 	 8.29268730316e-07
54.5271629779 	 6.00757775639e-07
54.5674044266 	 1.55992486171e-06
54.6076458753 	 1.0977736899e-06
54.6478873239 	 1.51528387837e-06
54.6881287726 	 9.73291459169e-07
54.7283702213 	 2.02031381093e-06
54.76861167 	 1.48283353472e-06
54.8088531187 	 2.12884560276e-06
54.8490945674 	 2.29554068554e-06
54.8893360161 	 3.21790011309e-06
54.9295774648 	 4.47629618319e-06
54.9698189135 	 2.47542191815e-06
55.0100603622 	 1.97155948864e-06
55.0503018109 	 7.6774968817e-07
55.0905432596 	 7.91384724871e-07
55.1307847082 	 1.4170375712e-06
55.1710261569 	 9.03690653403e-07
55.2112676056 	 7.38590318597e-07
55.2515090543 	 7.29592571097e-07
55.291750503 	 5.10995848351e-07
55.3319919517 	 6.44295874089e-07
55.3722334004 	 9.27663363525e-07
55.4124748491 	 1.60048031854e-06
55.4527162978 	 1.66911611001e-06
55.4929577465 	 2.50306077059e-06
55.5331991952 	 1.94651099269e-06
55.5734406439 	 1.2921873778e-06
55.6136820926 	 1.87510082756e-06
55.6539235412 	 1.51592238458e-06
55.6941649899 	 1.97099613983e-06
55.7344064386 	 1.10638714669e-06
55.7746478873 	 8.44674883519e-07
55.814889336 	 4.29504481976e-07
55.8551307847 	 5.2789133204e-07
55.8953722334 	 6.40010913944e-07
55.9356136821 	 1.1158682481e-06
55.9758551308 	 1.46062268992e-06
56.0160965795 	 4.13356168939e-07
56.0563380282 	 2.26070544335e-07
56.0965794769 	 2.08898086104e-06
56.1368209256 	 1.60573554022e-06
56.1770623742 	 1.21894987836e-06
56.2173038229 	 5.28026839965e-07
56.2575452716 	 3.78490608947e-07
56.2977867203 	 1.14839683302e-06
56.338028169 	 8.32740173675e-07
56.3782696177 	 7.12858357331e-07
56.4185110664 	 1.86094241026e-06
56.4587525151 	 2.97492521127e-07
56.4989939638 	 6.85973645714e-07
56.5392354125 	 1.00554920631e-06
56.5794768612 	 7.11059188558e-07
56.6197183099 	 6.41426951109e-07
56.6599597586 	 1.52972732826e-06
56.7002012072 	 1.97600925082e-06
56.7404426559 	 1.44540932042e-06
56.7806841046 	 7.24140301125e-07
56.8209255533 	 1.15760989809e-06
56.861167002 	 1.02361596182e-06
56.9014084507 	 1.06766705687e-06
56.9416498994 	 3.27099840923e-07
56.9818913481 	 2.55684841863e-07
57.0221327968 	 8.9581722079e-07
57.0623742455 	 2.10198626568e-06
57.1026156942 	 2.37144441994e-06
57.1428571429 	 1.03012022186e-06
57.1830985915 	 4.33040398238e-07
57.2233400402 	 9.00066995803e-07
57.2635814889 	 1.33049196407e-06
57.3038229376 	 1.16219243487e-06
57.3440643863 	 1.25243926272e-06
57.384305835 	 4.97391143002e-07
57.4245472837 	 1.0688296295e-06
57.4647887324 	 1.39801965724e-06
57.5050301811 	 1.6136199385e-06
57.5452716298 	 9.26195601891e-07
57.5855130785 	 1.00920997148e-06
57.6257545272 	 1.41602225175e-06
57.6659959759 	 3.61192256711e-07
57.7062374245 	 9.92312081142e-07
57.7464788732 	 7.19837733586e-07
57.7867203219 	 7.47150537494e-07
57.8269617706 	 8.60022686559e-07
57.8672032193 	 9.75209176108e-07
57.907444668 	 8.1962379452e-07
57.9476861167 	 1.37069660391e-06
57.9879275654 	 1.34206287739e-06
58.0281690141 	 1.57233314321e-06
58.0684104628 	 1.44049377197e-06
58.1086519115 	 1.33458878847e-06
58.1488933602 	 1.18685421124e-06
58.1891348089 	 1.05946706795e-06
58.2293762575 	 2.15043114577e-07
58.2696177062 	 6.35601371995e-07
58.3098591549 	 7.3988012868e-07
58.3501006036 	 1.525284918e-06
58.3903420523 	 2.08561922433e-06
58.430583501 	 1.78378580666e-06
58.4708249497 	 2.31795877679e-06
58.5110663984 	 1.44703000493e-06
58.5513078471 	 2.16509289602e-06
58.5915492958 	 2.1519975656e-06
58.6317907445 	 1.76695200828e-06
58.6720321932 	 2.10072747692e-06
58.7122736419 	 1.66182374177e-06
58.7525150905 	 9.33968435858e-07
58.7927565392 	 3.64404819937e-07
58.8329979879 	 1.99619148103e-06
58.8732394366 	 2.75267132757e-06
58.9134808853 	 2.18191463421e-06
58.953722334 	 8.2950393694e-07
58.9939637827 	 1.04758917054e-06
59.0342052314 	 1.26019723338e-06
59.0744466801 	 7.74491322589e-07
59.1146881288 	 9.0462930081e-07
59.1549295775 	 1.5421935667e-06
59.1951710262 	 1.10327273565e-06
59.2354124748 	 2.0659782937e-06
59.2756539235 	 4.94263708845e-07
59.3158953722 	 8.27218062904e-07
59.3561368209 	 1.32140106165e-06
59.3963782696 	 1.76620979922e-06
59.4366197183 	 7.15248155466e-07
59.476861167 	 9.99362113322e-07
59.5171026157 	 7.11968357041e-07
59.5573440644 	 9.95825018478e-07
59.5975855131 	 1.49846936119e-06
59.6378269618 	 7.13659586228e-07
59.6780684105 	 2.58435641564e-06
59.7183098592 	 1.51696411277e-06
59.7585513078 	 1.44057700571e-06
59.7987927565 	 1.31688539256e-06
59.8390342052 	 1.6429820175e-06
59.8792756539 	 1.25677995707e-06
59.9195171026 	 1.04447533195e-07
59.9597585513 	 5.15128983274e-07
60.0 	 1.35555983274e-07
60.0402414487 	 5.67069872929e-07
60.0804828974 	 2.60586327731e-07
60.1207243461 	 5.41644970117e-07
60.1609657948 	 5.78361707669e-07
60.2012072435 	 4.83017945883e-07
60.2414486922 	 6.59103777594e-07
60.2816901408 	 5.18297154697e-07
60.3219315895 	 9.55277576976e-07
60.3621730382 	 8.35769422745e-07
60.4024144869 	 1.14543563859e-06
60.4426559356 	 1.1437254133e-06
60.4828973843 	 1.03111391294e-06
60.523138833 	 1.25341998454e-06
60.5633802817 	 6.03821836665e-07
60.6036217304 	 1.07242393995e-07
60.6438631791 	 1.37097252159e-06
60.6841046278 	 1.00837338007e-06
60.7243460765 	 1.28879571934e-06
60.7645875252 	 1.49543619137e-06
60.8048289738 	 1.56912076344e-06
60.8450704225 	 1.39064386417e-06
60.8853118712 	 1.02250323e-06
60.9255533199 	 9.14302378369e-08
60.9657947686 	 1.24424712099e-06
61.0060362173 	 7.65843927682e-07
61.046277666 	 4.47478714408e-07
61.0865191147 	 4.0343650812e-07
61.1267605634 	 4.97794384045e-07
61.1670020121 	 1.4275293867e-07
61.2072434608 	 8.83461656802e-07
61.2474849095 	 1.00663349158e-06
61.2877263581 	 8.91045109532e-07
61.3279678068 	 5.77709327334e-07
61.3682092555 	 2.8809416344e-07
61.4084507042 	 9.39507964343e-07
61.4486921529 	 1.18739077666e-06
61.4889336016 	 1.09887482659e-06
61.5291750503 	 8.14989010859e-07
61.569416499 	 4.41358450692e-07
61.6096579477 	 6.34742425591e-07
61.6498993964 	 8.05298134405e-07
61.6901408451 	 1.43508383602e-06
61.7303822938 	 1.12149039947e-06
61.7706237425 	 1.00508356501e-06
61.8108651911 	 6.18920830794e-07
61.8511066398 	 6.484951655e-07
61.8913480885 	 1.25923136411e-07
61.9315895372 	 5.04971332291e-07
61.9718309859 	 6.16883647117e-07
62.0120724346 	 9.5156107389e-07
62.0523138833 	 6.86651847367e-07
62.092555332 	 1.55382075259e-06
62.1327967807 	 1.55289177098e-06
62.1730382294 	 1.35298187744e-06
62.2132796781 	 9.55068144246e-07
62.2535211268 	 5.31862033853e-07
62.2937625755 	 9.13664867418e-07
62.3340040241 	 1.24904172738e-07
62.3742454728 	 6.21346744595e-07
62.4144869215 	 1.99387374997e-07
62.4547283702 	 6.28441290205e-07
62.4949698189 	 9.50569121228e-07
62.5352112676 	 4.65371108027e-07
62.5754527163 	 9.32672786386e-07
62.615694165 	 5.97095703365e-07
62.6559356137 	 5.18246829903e-07
62.6961770624 	 8.19264487368e-07
62.7364185111 	 1.65327979869e-06
62.7766599598 	 1.30499066069e-06
62.8169014085 	 9.74231190043e-07
62.8571428571 	 5.61546385431e-07
62.8973843058 	 2.36939719847e-07
62.9376257545 	 4.40269752284e-07
62.9778672032 	 1.26670879448e-06
63.0181086519 	 1.16240541547e-06
63.0583501006 	 6.81171538351e-07
63.0985915493 	 1.21503756879e-06
63.138832998 	 6.53786032886e-07
63.1790744467 	 4.12945192595e-07
63.2193158954 	 4.77872555229e-07
63.2595573441 	 2.50385112642e-07
63.2997987928 	 3.14990087858e-07
63.3400402414 	 4.46252282926e-07
63.3802816901 	 2.92080325596e-07
63.4205231388 	 2.28948277028e-07
63.4607645875 	 5.48957717029e-07
63.5010060362 	 8.26248730652e-07
63.5412474849 	 9.66060442305e-07
63.5814889336 	 1.8218779702e-06
63.6217303823 	 2.04244199449e-06
63.661971831 	 2.05203582913e-06
63.7022132797 	 1.66027505011e-06
63.7424547284 	 1.3315349377e-06
63.7826961771 	 7.48694464179e-07
63.8229376258 	 6.47817524429e-07
63.8631790744 	 5.90760797433e-07
63.9034205231 	 5.41757671076e-07
63.9436619718 	 5.97136492844e-07
63.9839034205 	 1.03113822556e-06
64.0241448692 	 7.8119617764e-07
64.0643863179 	 6.6222771163e-07
64.1046277666 	 1.06508575971e-07
64.1448692153 	 6.40274460791e-07
64.185110664 	 5.10447667829e-07
64.2253521127 	 8.1206680166e-07
64.2655935614 	 9.52941770716e-07
64.3058350101 	 5.04049604008e-07
64.3460764588 	 5.26794664591e-07
64.3863179074 	 1.80979193751e-07
64.4265593561 	 6.24595382091e-07
64.4668008048 	 4.90514929996e-07
64.5070422535 	 6.64674537664e-07
64.5472837022 	 1.04259679518e-06
64.5875251509 	 4.35038659654e-07
64.6277665996 	 3.58724331786e-07
64.6680080483 	 6.11600301871e-07
64.708249497 	 1.30226491319e-06
64.7484909457 	 1.63232865198e-06
64.7887323944 	 1.6021129945e-06
64.8289738431 	 1.34612839827e-06
64.8692152918 	 4.74662723728e-07
64.9094567404 	 6.30257681761e-07
64.9496981891 	 3.20700461852e-07
64.9899396378 	 6.98164967533e-07
65.0301810865 	 5.9348463867e-07
65.0704225352 	 4.05883166965e-07
65.1106639839 	 4.26194895249e-07
65.1509054326 	 3.38715240308e-07
65.1911468813 	 7.1145119178e-07
65.23138833 	 1.24596045139e-06
65.2716297787 	 8.64000109661e-07
65.3118712274 	 6.24628831967e-07
65.3521126761 	 7.70000034213e-07
65.3923541247 	 4.30061641233e-07
65.4325955734 	 3.8466038691e-07
65.4728370221 	 7.44877442631e-07
65.5130784708 	 8.61067520985e-07
65.5533199195 	 4.68832099838e-07
65.5935613682 	 6.5515640538e-07
65.6338028169 	 6.73904484902e-07
65.6740442656 	 6.42225605687e-07
65.7142857143 	 6.93437142919e-07
65.754527163 	 6.18536961429e-07
65.7947686117 	 6.5571638827e-07
65.8350100604 	 2.39586708517e-08
65.8752515091 	 3.12564148368e-07
65.9154929577 	 5.36405479444e-07
65.9557344064 	 4.5746261606e-07
65.9959758551 	 6.31492134433e-07
66.0362173038 	 9.22158313513e-07
66.0764587525 	 5.95564121277e-07
66.1167002012 	 5.41207484074e-07
66.1569416499 	 5.3845754488e-07
66.1971830986 	 6.20791002309e-07
66.2374245473 	 2.5927561938e-07
66.277665996 	 5.00133586397e-07
66.3179074447 	 2.07587472726e-07
66.3581488934 	 8.02649374525e-07
66.3983903421 	 8.02845055842e-07
66.4386317907 	 1.18609170281e-06
66.4788732394 	 1.09745871474e-06
66.5191146881 	 9.33552677346e-07
66.5593561368 	 6.88208978907e-07
66.5995975855 	 8.08044578686e-07
66.6398390342 	 9.53414644126e-07
66.6800804829 	 3.04450917628e-07
66.7203219316 	 3.60768131388e-07
66.7605633803 	 3.20425371482e-07
66.800804829 	 6.11569934486e-07
66.8410462777 	 7.4435509991e-07
66.8812877264 	 7.49165336469e-07
66.9215291751 	 1.09175085537e-06
66.9617706237 	 6.72289072015e-07
67.0020120724 	 4.99777079764e-07
67.0422535211 	 2.30746585654e-07
67.0824949698 	 2.61880714747e-08
67.1227364185 	 3.24478585792e-07
67.1629778672 	 7.06928319843e-07
67.2032193159 	 6.8506931517e-07
67.2434607646 	 3.41952477174e-07
67.2837022133 	 4.98305542487e-07
67.323943662 	 1.03603548933e-06
67.3641851107 	 1.16140323455e-06
67.4044265594 	 3.55313198715e-07
67.444668008 	 2.25849960795e-07
67.4849094567 	 4.46728385782e-07
67.5251509054 	 4.81327269164e-07
67.5653923541 	 5.83818146177e-07
67.6056338028 	 6.7154982191e-07
67.6458752515 	 5.35456557502e-07
67.6861167002 	 3.97760325448e-07
67.7263581489 	 2.6734833054e-07
67.7665995976 	 1.10081708591e-07
67.8068410463 	 3.37396153334e-07
67.847082495 	 3.75782734792e-07
67.8873239437 	 3.92507428426e-07
67.9275653924 	 2.46379312704e-07
67.967806841 	 3.14240108058e-07
68.0080482897 	 4.50673440369e-07
68.0482897384 	 5.24440952454e-07
68.0885311871 	 6.53288859172e-07
68.1287726358 	 7.91307523627e-07
68.1690140845 	 6.69942724465e-07
68.2092555332 	 5.3487744016e-07
68.2494969819 	 6.16054058403e-07
68.2897384306 	 8.11099604784e-07
68.3299798793 	 4.25235022412e-07
68.370221328 	 2.19025096495e-07
68.4104627767 	 2.90761442875e-07
68.4507042254 	 1.19976236931e-07
68.490945674 	 2.71151827625e-07
68.5311871227 	 1.83434300457e-07
68.5714285714 	 5.55514096578e-07
68.6116700201 	 6.50784433054e-07
68.6519114688 	 7.96443204437e-07
68.6921529175 	 8.6628244685e-07
68.7323943662 	 5.05912265673e-07
68.7726358149 	 5.20856789511e-07
68.8128772636 	 4.75994518262e-07
68.8531187123 	 4.75631863443e-07
68.893360161 	 2.94910502454e-07
68.9336016097 	 3.36211254159e-07
68.9738430584 	 3.44895847362e-07
69.014084507 	 7.76026453176e-07
69.0543259557 	 6.84897732041e-07
69.0945674044 	 4.4217866425e-07
69.1348088531 	 2.74144693357e-07
69.1750503018 	 6.31094026567e-08
69.2152917505 	 9.02023890734e-08
69.2555331992 	 1.64864031643e-07
69.2957746479 	 1.18803024796e-07
69.3360160966 	 4.20135805332e-07
69.3762575453 	 2.69743677133e-07
69.416498994 	 3.32013065855e-07
69.4567404427 	 4.81861862551e-07
69.4969818913 	 9.11069708688e-08
69.53722334 	 3.73470869503e-07
69.5774647887 	 3.43249236225e-07
69.6177062374 	 3.53074888991e-07
69.6579476861 	 4.50538106059e-07
69.6981891348 	 4.37931864376e-07
69.7384305835 	 2.08642728633e-07
69.7786720322 	 2.55176515687e-07
69.8189134809 	 3.5796642909e-07
69.8591549296 	 5.19015712053e-07
69.8993963783 	 2.95404342976e-07
69.939637827 	 3.47117621601e-07
69.9798792757 	 8.81325218261e-08
70.0201207243 	 1.42134882775e-07
70.060362173 	 2.62903045088e-07
70.1006036217 	 2.15819520048e-07
70.1408450704 	 3.79203231338e-07
70.1810865191 	 2.04421055847e-07
70.2213279678 	 1.51386150255e-07
70.2615694165 	 8.75850779334e-08
70.3018108652 	 2.57802705627e-07
70.3420523139 	 6.79997564704e-07
70.3822937626 	 7.3190487191e-07
70.4225352113 	 3.67320656954e-07
70.46277666 	 3.67207937981e-07
70.5030181087 	 6.14247009714e-07
70.5432595573 	 4.3142133799e-07
70.583501006 	 4.57921954615e-07
70.6237424547 	 5.36719911221e-07
70.6639839034 	 4.77988264605e-07
70.7042253521 	 7.00537608126e-07
70.7444668008 	 5.09371152429e-07
70.7847082495 	 7.26620477083e-07
70.8249496982 	 7.13482489198e-07
70.8651911469 	 5.49441492873e-07
70.9054325956 	 5.0827963524e-07
70.9456740443 	 3.17775201102e-07
70.985915493 	 4.20313437548e-07
71.0261569416 	 2.26407501957e-07
71.0663983903 	 9.60905554139e-08
71.106639839 	 1.68264208e-07
71.1468812877 	 3.46843439e-07
71.1871227364 	 6.68577238835e-07
71.2273641851 	 5.1848132255e-07
71.2676056338 	 3.64919082166e-07
71.3078470825 	 2.60027551502e-07
71.3480885312 	 1.32613894243e-07
71.3883299799 	 6.70519171729e-08
71.4285714286 	 1.29049982931e-07
71.4688128773 	 2.49530884132e-07
71.509054326 	 2.7252879507e-07
71.5492957746 	 4.69665703144e-07
71.5895372233 	 4.92742484531e-07
71.629778672 	 7.30090615765e-07
71.6700201207 	 5.85584407114e-07
71.7102615694 	 3.50369215779e-07
71.7505030181 	 7.36927200567e-07
71.7907444668 	 3.71042159436e-07
71.8309859155 	 4.55118885183e-07
71.8712273642 	 6.35453837407e-07
71.9114688129 	 7.4668542057e-07
71.9517102616 	 6.63050851578e-07
71.9919517103 	 5.43770588586e-07
72.032193159 	 5.89515615004e-07
72.0724346076 	 3.18983219823e-07
72.1126760563 	 4.49474015723e-07
72.152917505 	 2.11726983046e-07
72.1931589537 	 1.96944596628e-07
72.2334004024 	 5.11826344971e-07
72.2736418511 	 3.32805985872e-07
72.3138832998 	 3.76967973401e-07
72.3541247485 	 4.21569844022e-07
72.3943661972 	 4.58385047545e-07
72.4346076459 	 5.36849639664e-07
72.4748490946 	 7.76930941805e-07
72.5150905433 	 6.68570338126e-07
72.555331992 	 4.35614120893e-07
72.5955734406 	 2.32483883807e-07
72.6358148893 	 3.17079672787e-07
72.676056338 	 7.21394150456e-08
72.7162977867 	 2.93780613066e-07
72.7565392354 	 1.33430841346e-07
72.7967806841 	 2.81585911576e-07
72.8370221328 	 1.17132168153e-07
72.8772635815 	 5.53053726115e-07
72.9175050302 	 7.57929912671e-07
72.9577464789 	 6.36255311668e-07
72.9979879276 	 4.75018282254e-07
73.0382293763 	 7.50320361628e-07
73.0784708249 	 7.04762741767e-07
73.1187122736 	 4.029926303e-07
73.1589537223 	 3.76529793226e-07
73.199195171 	 3.26256346876e-07
73.2394366197 	 1.95731061976e-07
73.2796780684 	 3.67514581154e-07
73.3199195171 	 2.15030604349e-07
73.3601609658 	 2.64600435481e-07
73.4004024145 	 3.52972308923e-07
73.4406438632 	 3.50586338623e-07
73.4808853119 	 3.93470600322e-07
73.5211267606 	 3.96523529088e-07
73.5613682093 	 6.86645076453e-08
73.6016096579 	 4.3816936289e-07
73.6418511066 	 4.29240051974e-07
73.6820925553 	 1.92916601118e-07
73.722334004 	 1.97325064306e-07
73.7625754527 	 1.36278757635e-07
73.8028169014 	 3.40539934027e-07
73.8430583501 	 2.58769123057e-07
73.8832997988 	 2.78916880523e-07
73.9235412475 	 1.05253164346e-07
73.9637826962 	 1.14250561787e-07
74.0040241449 	 2.98112175111e-08
74.0442655936 	 2.52863457408e-07
74.0845070423 	 2.84158230958e-07
74.1247484909 	 2.0130633322e-07
74.1649899396 	 1.49021219227e-07
74.2052313883 	 5.94595683083e-08
74.245472837 	 1.40078895478e-07
74.2857142857 	 1.88743604403e-07
74.3259557344 	 1.27552381308e-07
74.3661971831 	 2.20367256709e-07
74.4064386318 	 5.70081074962e-08
74.4466800805 	 2.56575220141e-07
74.4869215292 	 3.18959503227e-07
74.5271629779 	 1.54453584368e-07
74.5674044266 	 4.13547672046e-07
74.6076458753 	 2.75100154123e-07
74.6478873239 	 3.1658671474e-07
74.6881287726 	 3.52617186478e-07
74.7283702213 	 1.79909609938e-07
74.76861167 	 3.23434992459e-07
74.8088531187 	 1.19036505866e-07
74.8490945674 	 4.54931637091e-07
74.8893360161 	 4.04538148104e-07
74.9295774648 	 3.68548126071e-07
74.9698189135 	 1.76197646504e-07
75.0100603622 	 3.45886301356e-07
75.0503018109 	 1.86089332211e-07
75.0905432596 	 3.01133851194e-07
75.1307847082 	 2.66564673193e-07
75.1710261569 	 3.1325668822e-07
75.2112676056 	 1.63035641579e-07
75.2515090543 	 7.08236028865e-08
75.291750503 	 1.90078833575e-07
75.3319919517 	 9.75017141784e-08
75.3722334004 	 2.88471715964e-07
75.4124748491 	 2.9494809663e-07
75.4527162978 	 1.90839186692e-07
75.4929577465 	 2.78515910709e-07
75.5331991952 	 2.69938386108e-07
75.5734406439 	 1.52646779284e-07
75.6136820926 	 1.2290048829e-07
75.6539235412 	 7.78006160693e-08
75.6941649899 	 7.62517178756e-08
75.7344064386 	 1.41025070532e-07
75.7746478873 	 1.84035988576e-07
75.814889336 	 1.82663550845e-07
75.8551307847 	 8.69126989287e-08
75.8953722334 	 4.31381667477e-07
75.9356136821 	 2.53322152974e-07
75.9758551308 	 1.11652569326e-07
76.0160965795 	 5.81840602822e-08
76.0563380282 	 6.67472874648e-08
76.0965794769 	 1.56508023054e-07
76.1368209256 	 2.70137958276e-07
76.1770623742 	 2.67326901864e-07
76.2173038229 	 5.44134459636e-08
76.2575452716 	 1.10291430728e-07
76.2977867203 	 2.79372169452e-07
76.338028169 	 3.04740390924e-07
76.3782696177 	 2.17984483274e-07
76.4185110664 	 3.47704131385e-07
76.4587525151 	 4.13381080942e-07
76.4989939638 	 3.01857822316e-07
76.5392354125 	 2.86446869263e-07
76.5794768612 	 2.68479055774e-07
76.6197183099 	 1.97275758661e-07
76.6599597586 	 2.50460933566e-07
76.7002012072 	 1.65296648257e-07
76.7404426559 	 3.04272991756e-08
76.7806841046 	 5.66387955739e-08
76.8209255533 	 3.82485079098e-08
76.861167002 	 5.86187550078e-08
76.9014084507 	 1.13385838441e-07
76.9416498994 	 2.06433778562e-07
76.9818913481 	 2.86372922575e-07
77.0221327968 	 1.11014088555e-07
77.0623742455 	 5.42980155623e-08
77.1026156942 	 3.21593244374e-07
77.1428571429 	 2.60770973227e-07
77.1830985915 	 6.60726435999e-08
77.2233400402 	 6.5204737688e-08
77.2635814889 	 7.15008566832e-08
77.3038229376 	 1.16175866161e-07
77.3440643863 	 8.32015207865e-08
77.384305835 	 1.21567815772e-07
77.4245472837 	 3.29635141482e-07
77.4647887324 	 3.91880896962e-07
77.5050301811 	 4.04060507423e-07
77.5452716298 	 1.56633036627e-07
77.5855130785 	 1.59215932809e-07
77.6257545272 	 1.94492447337e-07
77.6659959759 	 2.19384393402e-07
77.7062374245 	 1.00353290325e-07
77.7464788732 	 1.72972139393e-07
77.7867203219 	 1.05317926207e-07
77.8269617706 	 1.09785710849e-07
77.8672032193 	 1.30821641427e-08
77.907444668 	 8.65919488293e-08
77.9476861167 	 2.21720123778e-07
77.9879275654 	 3.0483090445e-07
78.0281690141 	 3.24169274458e-07
78.0684104628 	 4.38392434658e-07
78.1086519115 	 4.75088567908e-07
78.1488933602 	 4.01997400322e-07
78.1891348089 	 5.65591408721e-08
78.2293762575 	 3.44816981723e-07
78.2696177062 	 4.39902290324e-07
78.3098591549 	 3.43139313471e-07
78.3501006036 	 1.08201539052e-07
78.3903420523 	 6.84386223561e-08
78.430583501 	 1.40216629578e-07
78.4708249497 	 1.12598090108e-07
78.5110663984 	 2.77317093816e-07
78.5513078471 	 2.79134468646e-07
78.5915492958 	 2.37367764156e-07
78.6317907445 	 3.37726241492e-07
78.6720321932 	 1.6365913213e-07
78.7122736419 	 1.20756770726e-07
78.7525150905 	 8.94088866902e-08
78.7927565392 	 8.79126373868e-08
78.8329979879 	 1.10306983182e-08
78.8732394366 	 1.01338074285e-07
78.9134808853 	 3.51436307776e-08
78.953722334 	 4.93965090503e-08
78.9939637827 	 2.92214222491e-07
79.0342052314 	 2.51576320609e-07
79.0744466801 	 4.16545046926e-07
79.1146881288 	 3.91465597994e-07
79.1549295775 	 2.84367855267e-07
79.1951710262 	 4.1580420014e-07
79.2354124748 	 3.40612913063e-07
79.2756539235 	 3.37346272677e-07
79.3158953722 	 2.39622156947e-07
79.3561368209 	 3.4916833079e-07
79.3963782696 	 1.31212272502e-07
79.4366197183 	 1.24885038407e-07
79.476861167 	 4.09324747607e-08
79.5171026157 	 1.50401310289e-07
79.5573440644 	 2.05783161281e-07
79.5975855131 	 2.04342286379e-07
79.6378269618 	 2.50981588627e-07
79.6780684105 	 2.06263356619e-07
79.7183098592 	 1.86884104149e-07
79.7585513078 	 9.47077010971e-08
79.7987927565 	 1.16630197996e-07
79.8390342052 	 1.12472122421e-07
79.8792756539 	 2.69231584588e-07
79.9195171026 	 2.12250263102e-07
79.9597585513 	 2.5171015948e-07
80.0 	 2.43196611349e-07
80.0402414487 	 4.81764192765e-07
80.0804828974 	 4.73192931022e-07
80.1207243461 	 3.15025452169e-07
80.1609657948 	 2.45693511532e-07
80.2012072435 	 1.91523197986e-07
80.2414486922 	 2.55994894518e-07
80.2816901408 	 2.52705695367e-07
80.3219315895 	 2.81024929467e-07
80.3621730382 	 1.8628001395e-07
80.4024144869 	 9.60014194696e-08
80.4426559356 	 1.23757072255e-07
80.4828973843 	 1.85319769151e-07
80.523138833 	 3.83311933958e-07
80.5633802817 	 3.04909833478e-07
80.6036217304 	 2.89736391974e-07
80.6438631791 	 1.86497184078e-07
80.6841046278 	 1.21770238235e-07
80.7243460765 	 1.77912418672e-07
80.7645875252 	 1.89361213201e-07
80.8048289738 	 1.72538858193e-07
80.8450704225 	 7.69330940167e-08
80.8853118712 	 1.49794699998e-07
80.9255533199 	 6.22019499049e-08
80.9657947686 	 2.08620286386e-07
81.0060362173 	 2.71424180026e-07
81.046277666 	 2.92134313775e-07
81.0865191147 	 1.4820484994e-07
81.1267605634 	 1.46255832965e-07
81.1670020121 	 1.1774678651e-07
81.2072434608 	 1.27998058183e-07
81.2474849095 	 1.64406225391e-07
81.2877263581 	 1.53815101737e-07
81.3279678068 	 9.65662695484e-08
81.3682092555 	 1.54487728002e-07
81.4084507042 	 1.8692169158e-07
81.4486921529 	 1.57172130847e-07
81.4889336016 	 2.48177102392e-07
81.5291750503 	 2.73351925893e-07
81.569416499 	 2.13728812173e-07
81.6096579477 	 2.26718288045e-07
81.6498993964 	 1.0275610771e-07
81.6901408451 	 5.0282033371e-08
81.7303822938 	 2.15440246006e-07
81.7706237425 	 1.67638488263e-07
81.8108651911 	 2.13274961936e-07
81.8511066398 	 1.89193541635e-07
81.8913480885 	 1.50266718361e-07
81.9315895372 	 7.86710677875e-08
81.9718309859 	 8.86299546856e-08
82.0120724346 	 8.9208622686e-08
82.0523138833 	 1.3186041711e-07
82.092555332 	 1.31142740196e-07
82.1327967807 	 8.30418304178e-08
82.1730382294 	 4.47923828969e-08
82.2132796781 	 2.11818395914e-07
82.2535211268 	 2.20467048332e-07
82.2937625755 	 9.47567823901e-08
82.3340040241 	 1.94283312168e-08
82.3742454728 	 7.65962385913e-08
82.4144869215 	 9.22726875166e-08
82.4547283702 	 9.21512796739e-08
82.4949698189 	 8.98557327794e-08
82.5352112676 	 1.86321748031e-07
82.5754527163 	 1.51802900684e-07
82.615694165 	 1.09451694084e-07
82.6559356137 	 1.19112105834e-07
82.6961770624 	 1.44990174548e-07
82.7364185111 	 2.32390409911e-07
82.7766599598 	 2.74015185289e-07
82.8169014085 	 1.70530938563e-07
82.8571428571 	 1.13250264169e-07
82.8973843058 	 1.37186717099e-07
82.9376257545 	 1.66679458343e-07
82.9778672032 	 1.70080594088e-07
83.0181086519 	 1.44041216785e-07
83.0583501006 	 1.30552443668e-07
83.0985915493 	 1.36005899715e-07
83.138832998 	 1.11443675619e-07
83.1790744467 	 1.58595190175e-07
83.2193158954 	 1.55095731994e-07
83.2595573441 	 4.01716220745e-08
83.2997987928 	 5.60893245985e-08
83.3400402414 	 1.69023064836e-07
83.3802816901 	 1.59197073203e-07
83.4205231388 	 1.11852236998e-07
83.4607645875 	 6.00446445119e-08
83.5010060362 	 2.10668465305e-08
83.5412474849 	 2.31911627901e-08
83.5814889336 	 5.53762598631e-08
83.6217303823 	 1.98842017625e-07
83.661971831 	 2.00087256112e-07
83.7022132797 	 2.74322070717e-07
83.7424547284 	 1.51270050274e-07
83.7826961771 	 1.21067538612e-07
83.8229376258 	 1.1327082144e-07
83.8631790744 	 9.91501358903e-08
83.9034205231 	 1.34534293994e-07
83.9436619718 	 1.01298443947e-07
83.9839034205 	 1.0875584214e-07
84.0241448692 	 5.07740149131e-08
84.0643863179 	 1.58120804083e-07
84.1046277666 	 7.67516966605e-08
84.1448692153 	 1.15511503882e-07
84.185110664 	 1.42139281267e-07
84.2253521127 	 9.30361961637e-08
84.2655935614 	 1.30344305058e-07
84.3058350101 	 9.03637016683e-08
84.3460764588 	 8.44038791061e-08
84.3863179074 	 1.17641955082e-07
84.4265593561 	 1.13109168883e-07
84.4668008048 	 1.63821712985e-07
84.5070422535 	 1.88208419222e-07
84.5472837022 	 2.02068600458e-07
84.5875251509 	 1.30248368532e-07
84.6277665996 	 1.73710869684e-07
84.6680080483 	 2.09420002498e-07
84.708249497 	 2.13575820295e-07
84.7484909457 	 2.06668293661e-07
84.7887323944 	 1.57643565824e-07
84.8289738431 	 4.93326413129e-08
84.8692152918 	 3.41220769071e-08
84.9094567404 	 9.91936708493e-08
84.9496981891 	 8.51122274236e-08
84.9899396378 	 8.48766743924e-08
85.0301810865 	 7.23775883576e-08
85.0704225352 	 4.54322972946e-08
85.1106639839 	 9.38230685688e-08
85.1509054326 	 1.28493304142e-07
85.1911468813 	 1.01508354241e-07
85.23138833 	 6.50152243064e-08
85.2716297787 	 1.4234304541e-07
85.3118712274 	 1.71229507254e-07
85.3521126761 	 1.91072808949e-07
85.3923541247 	 1.28945881592e-07
85.4325955734 	 6.12527927406e-08
85.4728370221 	 6.41649896215e-08
85.5130784708 	 1.10030974879e-07
85.5533199195 	 1.20391530903e-07
85.5935613682 	 7.33386102429e-08
85.6338028169 	 1.22597004834e-07
85.6740442656 	 1.44259657717e-07
85.7142857143 	 1.74120978995e-07
85.754527163 	 9.12337598002e-08
85.7947686117 	 4.68889408103e-08
85.8350100604 	 1.07751434221e-07
85.8752515091 	 1.97040156368e-07
85.9154929577 	 1.20650472286e-07
85.9557344064 	 1.03839288076e-07
85.9959758551 	 2.5091492165e-08
86.0362173038 	 1.532506574e-08
86.0764587525 	 4.31104043419e-08
86.1167002012 	 1.78779502613e-07
86.1569416499 	 1.78107450728e-07
86.1971830986 	 6.66511957217e-08
86.2374245473 	 8.90929875335e-08
86.277665996 	 1.61384358968e-07
86.3179074447 	 1.96510383176e-07
86.3581488934 	 1.78743928551e-07
86.3983903421 	 1.2186210065e-07
86.4386317907 	 9.86574309946e-08
86.4788732394 	 4.86364792606e-08
86.5191146881 	 3.58425836281e-08
86.5593561368 	 8.31596360296e-08
86.5995975855 	 1.24299102886e-07
86.6398390342 	 1.9467568344e-07
86.6800804829 	 2.49446081335e-07
86.7203219316 	 1.86590869504e-07
86.7605633803 	 1.56945200241e-07
86.800804829 	 1.14667205378e-07
86.8410462777 	 2.0092122819e-07
86.8812877264 	 2.60679750115e-07
86.9215291751 	 1.70456968066e-07
86.9617706237 	 1.31810837794e-07
87.0020120724 	 1.30280243825e-07
87.0422535211 	 1.05185834192e-07
87.0824949698 	 9.12849841189e-08
87.1227364185 	 1.34464350394e-07
87.1629778672 	 1.35396530603e-07
87.2032193159 	 1.11458561957e-07
87.2434607646 	 1.36755392574e-07
87.2837022133 	 1.88677125213e-07
87.323943662 	 1.40608576102e-07
87.3641851107 	 1.06443022999e-07
87.4044265594 	 6.31968505004e-08
87.444668008 	 6.94600978341e-08
87.4849094567 	 1.09244249429e-07
87.5251509054 	 1.10277483089e-07
87.5653923541 	 4.26783804515e-08
87.6056338028 	 9.46231646224e-08
87.6458752515 	 1.20832390709e-07
87.6861167002 	 1.33375436322e-07
87.7263581489 	 7.87265399485e-08
87.7665995976 	 1.20623578804e-07
87.8068410463 	 2.29013511256e-08
87.847082495 	 4.4433115394e-08
87.8873239437 	 4.07458992371e-08
87.9275653924 	 7.21794973129e-08
87.967806841 	 8.98017445581e-08
88.0080482897 	 1.35693245935e-07
88.0482897384 	 1.35512287261e-07
88.0885311871 	 6.49633867292e-08
88.1287726358 	 1.32979961528e-08
88.1690140845 	 5.29718907261e-08
88.2092555332 	 1.11488639059e-07
88.2494969819 	 1.56107559726e-07
88.2897384306 	 1.23870434004e-07
88.3299798793 	 1.28990463714e-07
88.370221328 	 9.35297071431e-08
88.4104627767 	 7.86380718663e-08
88.4507042254 	 1.37042075035e-07
88.490945674 	 1.49061094667e-07
88.5311871227 	 1.32715110728e-07
88.5714285714 	 8.63232796053e-08
88.6116700201 	 3.19153424538e-08
88.6519114688 	 9.59218548396e-08
88.6921529175 	 1.01591353986e-07
88.7323943662 	 4.03575024323e-08
88.7726358149 	 6.70639410448e-08
88.8128772636 	 5.4215306346e-08
88.8531187123 	 4.7861293997e-08
88.893360161 	 6.61189135465e-08
88.9336016097 	 5.1485754638e-08
88.9738430584 	 4.71412146712e-08
89.014084507 	 1.44010513234e-07
89.0543259557 	 1.26415986993e-07
89.0945674044 	 1.24133079756e-07
89.1348088531 	 7.59967353551e-08
89.1750503018 	 4.53461884876e-08
89.2152917505 	 1.00203706321e-07
89.2555331992 	 1.51727945132e-07
89.2957746479 	 1.2879648491e-07
89.3360160966 	 4.82446090158e-08
89.3762575453 	 5.68111088509e-08
89.416498994 	 1.25777748256e-07
89.4567404427 	 1.16323402157e-07
89.4969818913 	 5.580194978e-08
89.53722334 	 2.67435055633e-08
89.5774647887 	 9.86582207844e-08
89.6177062374 	 1.12222156789e-07
89.6579476861 	 8.77396232945e-08
89.6981891348 	 3.57609060466e-08
89.7384305835 	 3.63823834064e-08
89.7786720322 	 3.97118337985e-08
89.8189134809 	 8.0158875362e-08
89.8591549296 	 1.22023508885e-07
89.8993963783 	 2.65500070584e-08
89.939637827 	 7.9361913449e-08
89.9798792757 	 1.43870181073e-07
90.0201207243 	 1.47740095967e-07
90.060362173 	 8.11656061652e-08
90.1006036217 	 1.43412714356e-07
90.1408450704 	 1.10131672395e-07
90.1810865191 	 8.01700337564e-08
90.2213279678 	 1.23237395304e-07
90.2615694165 	 5.59387450326e-08
90.3018108652 	 3.77495641359e-08
90.3420523139 	 8.1576179871e-08
90.3822937626 	 7.64479753119e-08
90.4225352113 	 2.04016832682e-08
90.46277666 	 2.07948113129e-08
90.5030181087 	 6.64226315692e-08
90.5432595573 	 8.03598879018e-08
90.583501006 	 1.44278530328e-07
90.6237424547 	 1.38620401986e-07
90.6639839034 	 8.94042298834e-08
90.7042253521 	 1.14655330373e-07
90.7444668008 	 6.92459633292e-08
90.7847082495 	 4.4915168285e-08
90.8249496982 	 6.34897560098e-08
90.8651911469 	 7.65906486315e-08
90.9054325956 	 9.33845447203e-08
90.9456740443 	 1.00243050821e-07
90.985915493 	 8.60312417417e-08
91.0261569416 	 6.64508325239e-08
91.0663983903 	 7.04436105671e-08
91.106639839 	 5.14313532549e-08
91.1468812877 	 7.52557139293e-08
91.1871227364 	 1.07860170471e-07
91.2273641851 	 8.62528912578e-08
91.2676056338 	 7.13255583924e-08
91.3078470825 	 2.50655256493e-08
91.3480885312 	 6.784670534e-08
91.3883299799 	 1.10221419593e-07
91.4285714286 	 1.40413765897e-07
91.4688128773 	 8.05724620254e-08
91.509054326 	 3.01732491106e-08
91.5492957746 	 8.05460355528e-08
91.5895372233 	 1.07807530735e-07
91.629778672 	 1.17469387586e-07
91.6700201207 	 6.12983307813e-08
91.7102615694 	 4.87989666424e-08
91.7505030181 	 4.54482705467e-08
91.7907444668 	 1.04592439323e-07
91.8309859155 	 1.30988717551e-07
91.8712273642 	 9.46764841106e-08
91.9114688129 	 1.05959283422e-07
91.9517102616 	 8.40736200468e-08
91.9919517103 	 6.87542412996e-08
92.032193159 	 6.07120671064e-08
92.0724346076 	 6.48006954926e-08
92.1126760563 	 7.94701558222e-08
92.152917505 	 5.00237419882e-08
92.1931589537 	 4.90609841082e-08
92.2334004024 	 8.83621695308e-09
92.2736418511 	 7.58796445658e-08
92.3138832998 	 1.24773406435e-07
92.3541247485 	 9.83471186352e-08
92.3943661972 	 1.15486186309e-07
92.4346076459 	 6.54970871926e-08
92.4748490946 	 6.1767653792e-08
92.5150905433 	 9.13518623331e-08
92.555331992 	 5.72244064365e-08
92.5955734406 	 5.87353170722e-08
92.6358148893 	 5.95596860233e-08
92.676056338 	 4.16587485482e-08
92.7162977867 	 6.58438313085e-08
92.7565392354 	 5.46558765439e-08
92.7967806841 	 9.08753714872e-08
92.8370221328 	 7.08422138158e-08
92.8772635815 	 7.06808494641e-08
92.9175050302 	 1.04011546796e-07
92.9577464789 	 1.40715695325e-07
92.9979879276 	 1.17814578049e-07
93.0382293763 	 9.35086017109e-08
93.0784708249 	 9.42717497407e-08
93.1187122736 	 8.69323627556e-08
93.1589537223 	 7.0777673645e-08
93.199195171 	 3.45484891437e-08
93.2394366197 	 3.21165901872e-08
93.2796780684 	 5.31478295774e-08
93.3199195171 	 1.02684570616e-07
93.3601609658 	 1.05245989419e-07
93.4004024145 	 8.54980889757e-08
93.4406438632 	 9.08195837279e-08
93.4808853119 	 9.47536025144e-08
93.5211267606 	 1.14092582002e-07
93.5613682093 	 1.08535551817e-07
93.6016096579 	 1.14493797664e-07
93.6418511066 	 6.24564516916e-08
93.6820925553 	 2.5794191053e-08
93.722334004 	 5.2720562826e-08
93.7625754527 	 4.19033868978e-08
93.8028169014 	 3.3430513307e-08
93.8430583501 	 7.2536481827e-08
93.8832997988 	 1.14209731438e-07
93.9235412475 	 1.13634632475e-07
93.9637826962 	 9.41444907925e-08
94.0040241449 	 7.67034800807e-08
94.0442655936 	 9.33213874559e-08
94.0845070423 	 9.00974920122e-08
94.1247484909 	 9.83648772721e-08
94.1649899396 	 6.30076861276e-08
94.2052313883 	 3.209873649e-08
94.245472837 	 3.37434282007e-08
94.2857142857 	 8.47911657161e-08
94.3259557344 	 6.6912128493e-08
94.3661971831 	 6.60450664748e-08
94.4064386318 	 7.87723669997e-08
94.4466800805 	 6.79828660032e-08
94.4869215292 	 7.78546821785e-08
94.5271629779 	 7.85230904143e-08
94.5674044266 	 4.65515823993e-08
94.6076458753 	 1.07288028859e-07
94.6478873239 	 1.03944222384e-07
94.6881287726 	 9.75378990992e-08
94.7283702213 	 7.598583758e-08
94.76861167 	 5.81012150876e-08
94.8088531187 	 6.75103974441e-08
94.8490945674 	 6.38180814485e-08
94.8893360161 	 7.2371756692e-08
94.9295774648 	 8.39460571944e-08
94.9698189135 	 9.25648562461e-08
95.0100603622 	 8.70776119862e-08
95.0503018109 	 6.21536233555e-08
95.0905432596 	 5.53062354858e-08
95.1307847082 	 7.12587059525e-08
95.1710261569 	 7.51209314754e-08
95.2112676056 	 8.12936278997e-08
95.2515090543 	 8.03122755565e-08
95.291750503 	 6.80307658832e-08
95.3319919517 	 6.09571041983e-08
95.3722334004 	 4.58098743645e-08
95.4124748491 	 5.19357697076e-08
95.4527162978 	 6.79843032162e-08
95.4929577465 	 8.00916219345e-08
95.5331991952 	 8.36097193745e-08
95.5734406439 	 9.42676564053e-08
95.6136820926 	 8.71497892819e-08
95.6539235412 	 7.23349712387e-08
95.6941649899 	 1.00837571788e-07
95.7344064386 	 9.31653813117e-08
95.7746478873 	 7.22185540319e-08
95.814889336 	 7.61900368652e-08
95.8551307847 	 6.56002270193e-08
95.8953722334 	 8.11895058977e-08
95.9356136821 	 5.72208757095e-08
95.9758551308 	 4.48124053433e-08
96.0160965795 	 6.29441996084e-08
96.0563380282 	 5.79131871355e-08
96.0965794769 	 6.18007930278e-08
96.1368209256 	 6.38210489671e-08
96.1770623742 	 8.48894377455e-08
96.2173038229 	 9.36631405596e-08
96.2575452716 	 9.19367699287e-08
96.2977867203 	 8.49311878008e-08
96.338028169 	 6.59812392643e-08
96.3782696177 	 5.64514559409e-08
96.4185110664 	 6.56454905573e-08
96.4587525151 	 7.66844864448e-08
96.4989939638 	 6.55511331524e-08
96.5392354125 	 7.57511529501e-08
96.5794768612 	 7.01832747178e-08
96.6197183099 	 6.81140167746e-08
96.6599597586 	 6.16853621358e-08
96.7002012072 	 7.27114690014e-08
96.7404426559 	 8.31536009125e-08
96.7806841046 	 8.057296208e-08
96.8209255533 	 8.61184839912e-08
96.861167002 	 7.70887640579e-08
96.9014084507 	 6.21662633238e-08
96.9416498994 	 5.74265210542e-08
96.9818913481 	 6.88128461955e-08
97.0221327968 	 7.7058466851e-08
97.0623742455 	 7.95449875458e-08
97.1026156942 	 7.42783397672e-08
97.1428571429 	 6.76685338257e-08
97.1830985915 	 6.33770727597e-08
97.2233400402 	 7.6558026947e-08
97.2635814889 	 7.98353591169e-08
97.3038229376 	 7.51276235969e-08
97.3440643863 	 7.36909062378e-08
97.384305835 	 7.43496180207e-08
97.4245472837 	 6.73924414757e-08
97.4647887324 	 6.97024044845e-08
97.5050301811 	 7.8360277502e-08
97.5452716298 	 7.42093433369e-08
97.5855130785 	 7.55874656822e-08
97.6257545272 	 7.63322912011e-08
97.6659959759 	 6.5792755207e-08
97.7062374245 	 6.45791008488e-08
97.7464788732 	 6.70962192899e-08
97.7867203219 	 8.01379467658e-08
97.8269617706 	 7.85778948806e-08
97.8672032193 	 8.14083601715e-08
97.907444668 	 7.54798878144e-08
97.9476861167 	 6.39808190104e-08
97.9879275654 	 7.33777010804e-08
98.0281690141 	 7.66803695005e-08
98.0684104628 	 7.19197823457e-08
98.1086519115 	 7.06066401757e-08
98.1488933602 	 5.78318711188e-08
98.1891348089 	 6.320868616e-08
98.2293762575 	 6.91804914157e-08
98.2696177062 	 5.99350669395e-08
98.3098591549 	 6.90571522488e-08
98.3501006036 	 7.22377417328e-08
98.3903420523 	 7.09674682772e-08
98.430583501 	 7.39203574446e-08
98.4708249497 	 7.38701325869e-08
98.5110663984 	 7.49993753971e-08
98.5513078471 	 8.47168054959e-08
98.5915492958 	 7.98246318852e-08
98.6317907445 	 7.31910172853e-08
98.6720321932 	 7.15893455383e-08
98.7122736419 	 7.26205159779e-08
98.7525150905 	 7.19471718017e-08
98.7927565392 	 6.86590466135e-08
98.8329979879 	 6.5061675879e-08
98.8732394366 	 6.54088003341e-08
98.9134808853 	 6.88651464591e-08
98.953722334 	 6.88928646224e-08
98.9939637827 	 6.87492421533e-08
99.0342052314 	 7.83419222464e-08
99.0744466801 	 7.76120552325e-08
99.1146881288 	 7.28796201432e-08
99.1549295775 	 7.2930094596e-08
99.1951710262 	 7.57634683962e-08
99.2354124748 	 7.28882741009e-08
99.2756539235 	 7.24674507792e-08
99.3158953722 	 7.09141642842e-08
99.3561368209 	 6.83692509884e-08
99.3963782696 	 7.09344868922e-08
99.4366197183 	 7.05750674406e-08
99.476861167 	 7.00023333845e-08
99.5171026157 	 7.28275346423e-08
99.5573440644 	 7.26035459117e-08
99.5975855131 	 7.26137956637e-08
99.6378269618 	 7.35410927997e-08
99.6780684105 	 7.29009182741e-08
99.7183098592 	 7.17758303642e-08
99.7585513078 	 7.26074118025e-08
99.7987927565 	 7.18660593989e-08
99.8390342052 	 7.10448244696e-08
99.8792756539 	 7.02757146694e-08
99.9195171026 	 6.98754818211e-08
99.9597585513 	 7.0845292807e-08
100.0 	 7.18020693044e-08
