0.0 	 0.0
0.01 	 6.7671e-05
0.02 	 0.000358342
0.03 	 0.000796279
0.04 	 0.000791624
0.05 	 -0.000313821
0.06 	 -0.00251769
0.07 	 -0.00516411
0.08 	 -0.00757973
0.09 	 -0.0094482
0.1 	 -0.010684
0.11 	 -0.0112613
0.12 	 -0.0112517
0.13 	 -0.0110045
0.14 	 -0.0112954
0.15 	 -0.0128634
0.16 	 -0.0150963
0.17 	 -0.0152107
0.18 	 -0.00966845
0.19 	 0.00245173
0.2 	 0.0163501
0.21 	 0.021351
0.22 	 0.00648266
0.23 	 -0.0288212
0.24 	 -0.0684294
0.25 	 -0.0882487
0.26 	 -0.0743529
0.27 	 -0.0315426
0.28 	 0.0254624
0.29 	 0.0849878
0.3 	 0.140418
0.31 	 0.18439
0.32 	 0.208881
0.33 	 0.210434
0.34 	 0.186329
0.35 	 0.126698
0.36 	 0.0266934
0.37 	 -0.0893429
0.38 	 -0.17462
0.39 	 -0.200443
0.4 	 -0.178562
0.41 	 -0.14016
0.42 	 -0.105203
0.43 	 -0.0756461
0.44 	 -0.0477673
0.45 	 -0.0243035
0.46 	 -0.0130888
0.47 	 -0.00592265
0.48 	 0.0362975
0.49 	 0.144085
0.5 	 0.274808
0.51 	 0.328459
0.52 	 0.250311
0.53 	 0.0894749
0.54 	 -0.057739
0.55 	 -0.133661
0.56 	 -0.132954
0.57 	 -0.0656364
0.58 	 0.0406296
0.59 	 0.105916
0.6 	 0.038261
0.61 	 -0.157716
0.62 	 -0.355195
0.63 	 -0.407265
0.64 	 -0.259491
0.65 	 0.0142899
0.66 	 0.260836
0.67 	 0.35497
0.68 	 0.283693
0.69 	 0.130375
0.7 	 -0.00715155
0.71 	 -0.0775192
0.72 	 -0.0896894
0.73 	 -0.0990677
0.74 	 -0.168742
0.75 	 -0.315039
0.76 	 -0.482509
0.77 	 -0.575177
0.78 	 -0.515499
0.79 	 -0.291099
0.8 	 0.0340149
0.81 	 0.353395
0.82 	 0.576225
0.83 	 0.66727
0.84 	 0.646172
0.85 	 0.553468
0.86 	 0.411586
0.87 	 0.219131
0.88 	 -0.0120548
0.89 	 -0.224466
0.9 	 -0.339449
0.91 	 -0.317133
0.92 	 -0.183585
0.93 	 -0.00968151
0.94 	 0.119558
0.95 	 0.134843
0.96 	 0.0268794
0.97 	 -0.130171
0.98 	 -0.232137
0.99 	 -0.236663
1.0 	 -0.185759
1.01 	 -0.138228
1.02 	 -0.103668
1.03 	 -0.0500619
1.04 	 0.0414683
1.05 	 0.146297
1.06 	 0.215112
1.07 	 0.20744
1.08 	 0.113582
1.09 	 -0.0353578
1.1 	 -0.179276
1.11 	 -0.26074
1.12 	 -0.246233
1.13 	 -0.131911
1.14 	 0.048622
1.15 	 0.230526
1.16 	 0.354756
1.17 	 0.40254
1.18 	 0.389695
1.19 	 0.332584
1.2 	 0.228305
1.21 	 0.0725261
1.22 	 -0.110451
1.23 	 -0.270429
1.24 	 -0.366923
1.25 	 -0.389057
1.26 	 -0.338543
1.27 	 -0.218529
1.28 	 -0.0597104
1.29 	 0.0651704
1.3 	 0.0914597
1.31 	 0.026032
1.32 	 -0.0595996
1.33 	 -0.0862806
1.34 	 -0.00432274
1.35 	 0.189109
1.36 	 0.427817
1.37 	 0.589126
1.38 	 0.579068
1.39 	 0.41681
1.4 	 0.210618
1.41 	 0.0558231
1.42 	 -0.0197458
1.43 	 -0.0363975
1.44 	 -0.0388819
1.45 	 -0.0796326
1.46 	 -0.17583
1.47 	 -0.280913
1.48 	 -0.328811
1.49 	 -0.304582
1.5 	 -0.252564
1.51 	 -0.22156
1.52 	 -0.220758
1.53 	 -0.229022
1.54 	 -0.224928
1.55 	 -0.189844
1.56 	 -0.100147
1.57 	 0.0456391
1.58 	 0.190472
1.59 	 0.246163
1.6 	 0.177164
1.61 	 0.0449702
1.62 	 -0.0431137
1.63 	 -0.029115
1.64 	 0.0556324
1.65 	 0.146655
1.66 	 0.227695
1.67 	 0.331983
1.68 	 0.464432
1.69 	 0.555109
1.7 	 0.513451
1.71 	 0.317627
1.72 	 0.0296338
1.73 	 -0.267016
1.74 	 -0.513773
1.75 	 -0.665986
1.76 	 -0.680543
1.77 	 -0.546569
1.78 	 -0.320738
1.79 	 -0.111756
1.8 	 -0.0167596
1.81 	 -0.0545796
1.82 	 -0.143821
1.83 	 -0.158244
1.84 	 -0.0334869
1.85 	 0.171794
1.86 	 0.32878
1.87 	 0.352546
1.88 	 0.264181
1.89 	 0.155583
1.9 	 0.109115
1.91 	 0.149458
1.92 	 0.255029
1.93 	 0.390536
1.94 	 0.510494
1.95 	 0.546853
1.96 	 0.439493
1.97 	 0.201757
1.98 	 -0.0694981
1.99 	 -0.271342
2.0 	 -0.366036
2.01 	 -0.365607
2.02 	 -0.283251
2.03 	 -0.140754
2.04 	 -0.00796093
2.05 	 0.0173093
2.06 	 -0.110745
2.07 	 -0.344555
2.08 	 -0.584119
2.09 	 -0.736721
2.1 	 -0.743314
2.11 	 -0.588746
2.12 	 -0.310276
2.13 	 0.0149174
2.14 	 0.305774
2.15 	 0.504588
2.16 	 0.579386
2.17 	 0.530577
2.18 	 0.412105
2.19 	 0.316182
2.2 	 0.302414
2.21 	 0.34845
2.22 	 0.383844
2.23 	 0.355627
2.24 	 0.249073
2.25 	 0.0712338
2.26 	 -0.153975
2.27 	 -0.378865
2.28 	 -0.544977
2.29 	 -0.610712
2.3 	 -0.564603
2.31 	 -0.430744
2.32 	 -0.279164
2.33 	 -0.201528
2.34 	 -0.23368
2.35 	 -0.312594
2.36 	 -0.34095
2.37 	 -0.280404
2.38 	 -0.15947
2.39 	 -0.0168743
2.4 	 0.12709
2.41 	 0.25458
2.42 	 0.337239
2.43 	 0.34818
2.44 	 0.285112
2.45 	 0.183832
2.46 	 0.102913
2.47 	 0.0861263
2.48 	 0.140773
2.49 	 0.245166
2.5 	 0.358095
2.51 	 0.426918
2.52 	 0.416351
2.53 	 0.333542
2.54 	 0.202891
2.55 	 0.0237667
2.56 	 -0.21233
2.57 	 -0.46596
2.58 	 -0.649128
2.59 	 -0.69097
2.6 	 -0.591772
2.61 	 -0.419242
2.62 	 -0.264627
2.63 	 -0.190586
2.64 	 -0.19883
2.65 	 -0.240222
2.66 	 -0.25905
2.67 	 -0.226564
2.68 	 -0.137198
2.69 	 0.00308192
2.7 	 0.167847
2.71 	 0.30693
2.72 	 0.377598
2.73 	 0.380805
2.74 	 0.355466
2.75 	 0.33637
2.76 	 0.323994
2.77 	 0.292912
2.78 	 0.222693
2.79 	 0.122241
2.8 	 0.0295341
2.81 	 -0.0145156
2.82 	 -0.00202999
2.83 	 0.0269636
2.84 	 0.0119586
2.85 	 -0.0829034
2.86 	 -0.249247
2.87 	 -0.442289
2.88 	 -0.598373
2.89 	 -0.664071
2.9 	 -0.624941
2.91 	 -0.50197
2.92 	 -0.321517
2.93 	 -0.104178
2.94 	 0.117014
2.95 	 0.292519
2.96 	 0.385524
2.97 	 0.397779
2.98 	 0.366285
2.99 	 0.340614
3.0 	 0.350573
3.01 	 0.383596
3.02 	 0.40154
3.03 	 0.376837
3.04 	 0.298543
3.05 	 0.165719
3.06 	 0.0138033
3.07 	 -0.0686423
3.08 	 -0.00194926
3.09 	 0.194308
3.1 	 0.394131
3.11 	 0.447771
3.12 	 0.272856
3.13 	 -0.0972443
3.14 	 -0.526138
3.15 	 -0.850115
3.16 	 -0.959855
3.17 	 -0.828171
3.18 	 -0.511442
3.19 	 -0.151103
3.2 	 0.082979
3.21 	 0.108751
3.22 	 -0.017914
3.23 	 -0.175962
3.24 	 -0.26736
3.25 	 -0.234967
3.26 	 -0.0565375
3.27 	 0.236573
3.28 	 0.55474
3.29 	 0.793549
3.3 	 0.884595
3.31 	 0.809404
3.32 	 0.594854
3.33 	 0.314772
3.34 	 0.0699681
3.35 	 -0.0693469
3.36 	 -0.0999268
3.37 	 -0.0524962
3.38 	 0.050051
3.39 	 0.167685
3.4 	 0.210167
3.41 	 0.0965909
3.42 	 -0.155133
3.43 	 -0.450686
3.44 	 -0.715227
3.45 	 -0.906889
3.46 	 -0.964905
3.47 	 -0.83849
3.48 	 -0.577591
3.49 	 -0.329027
3.5 	 -0.221256
3.51 	 -0.274648
3.52 	 -0.409998
3.53 	 -0.506302
3.54 	 -0.457907
3.55 	 -0.227331
3.56 	 0.122858
3.57 	 0.457636
3.58 	 0.654467
3.59 	 0.68376
3.6 	 0.617887
3.61 	 0.558129
3.62 	 0.544288
3.63 	 0.535339
3.64 	 0.472961
3.65 	 0.342811
3.66 	 0.170658
3.67 	 -0.00971264
3.68 	 -0.167345
3.69 	 -0.275483
3.7 	 -0.322823
3.71 	 -0.32129
3.72 	 -0.296666
3.73 	 -0.270034
3.74 	 -0.248215
3.75 	 -0.228726
3.76 	 -0.205337
3.77 	 -0.166503
3.78 	 -0.0974359
3.79 	 0.00625805
3.8 	 0.119763
3.81 	 0.186297
3.82 	 0.155056
3.83 	 0.040172
3.84 	 -0.0706495
3.85 	 -0.0891515
3.86 	 -0.00990954
3.87 	 0.0899703
3.88 	 0.132821
3.89 	 0.110832
3.9 	 0.0752755
3.91 	 0.0719871
3.92 	 0.100659
3.93 	 0.131758
3.94 	 0.146876
3.95 	 0.155436
3.96 	 0.177629
3.97 	 0.219163
3.98 	 0.265087
3.99 	 0.290214
4.0 	 0.267569
4.01 	 0.177287
4.02 	 0.0260815
4.03 	 -0.142142
4.04 	 -0.268873
4.05 	 -0.318671
4.06 	 -0.293903
4.07 	 -0.223355
4.08 	 -0.150599
4.09 	 -0.12569
4.1 	 -0.177664
4.11 	 -0.27668
4.12 	 -0.334971
4.13 	 -0.261999
4.14 	 -0.0304331
4.15 	 0.296375
4.16 	 0.600119
4.17 	 0.7849
4.18 	 0.818547
4.19 	 0.701977
4.2 	 0.446871
4.21 	 0.117391
4.22 	 -0.154155
4.23 	 -0.252308
4.24 	 -0.171406
4.25 	 -0.00352342
4.26 	 0.142287
4.27 	 0.188567
4.28 	 0.0944378
4.29 	 -0.12618
4.3 	 -0.377112
4.31 	 -0.513216
4.32 	 -0.437026
4.33 	 -0.165379
4.34 	 0.189628
4.35 	 0.48668
4.36 	 0.62181
4.37 	 0.575413
4.38 	 0.409932
4.39 	 0.213166
4.4 	 0.0431567
4.41 	 -0.0793397
4.42 	 -0.151487
4.43 	 -0.17937
4.44 	 -0.181848
4.45 	 -0.185639
4.46 	 -0.198534
4.47 	 -0.187822
4.48 	 -0.108745
4.49 	 0.0360849
4.5 	 0.184504
4.51 	 0.267931
4.52 	 0.256215
4.53 	 0.1513
4.54 	 -0.0227479
4.55 	 -0.206037
4.56 	 -0.315382
4.57 	 -0.296679
4.58 	 -0.156355
4.59 	 0.0494537
4.6 	 0.234901
4.61 	 0.314363
4.62 	 0.25449
4.63 	 0.101835
4.64 	 -0.0619746
4.65 	 -0.189311
4.66 	 -0.269888
4.67 	 -0.284383
4.68 	 -0.205753
4.69 	 -0.0502745
4.7 	 0.11571
4.71 	 0.229392
4.72 	 0.265204
4.73 	 0.216592
4.74 	 0.078003
4.75 	 -0.135057
4.76 	 -0.359589
4.77 	 -0.503984
4.78 	 -0.508857
4.79 	 -0.390451
4.8 	 -0.225628
4.81 	 -0.094089
4.82 	 -0.0207001
4.83 	 0.0363594
4.84 	 0.133573
4.85 	 0.277286
4.86 	 0.418283
4.87 	 0.499943
4.88 	 0.49446
4.89 	 0.404083
4.9 	 0.257778
4.91 	 0.110644
4.92 	 0.0193413
4.93 	 0.00249953
4.94 	 0.0328752
4.95 	 0.0645844
4.96 	 0.0527159
4.97 	 -0.0399364
4.98 	 -0.219688
4.99 	 -0.438764
5.0 	 -0.6182
5.01 	 -0.70536
5.02 	 -0.703596
5.03 	 -0.647881
5.04 	 -0.565884
5.05 	 -0.467329
5.06 	 -0.355165
5.07 	 -0.233576
5.08 	 -0.112414
5.09 	 -0.0139364
5.1 	 0.032124
5.11 	 0.0151671
5.12 	 -0.0339388
5.13 	 -0.0589622
5.14 	 -0.0177961
5.15 	 0.0997535
5.16 	 0.278726
5.17 	 0.481403
5.18 	 0.650849
5.19 	 0.738877
5.2 	 0.736644
5.21 	 0.663588
5.22 	 0.529226
5.23 	 0.33546
5.24 	 0.124878
5.25 	 -0.0124111
5.26 	 -0.0135612
5.27 	 0.0838838
5.28 	 0.158546
5.29 	 0.0961637
5.3 	 -0.127384
5.31 	 -0.435667
5.32 	 -0.708188
5.33 	 -0.841955
5.34 	 -0.779741
5.35 	 -0.523203
5.36 	 -0.146502
5.37 	 0.214445
5.38 	 0.421083
5.39 	 0.410686
5.4 	 0.229806
5.41 	 -0.00169872
5.42 	 -0.158087
5.43 	 -0.161261
5.44 	 -0.00339878
5.45 	 0.257694
5.46 	 0.521963
5.47 	 0.687587
5.48 	 0.698721
5.49 	 0.568972
5.5 	 0.365848
5.51 	 0.179152
5.52 	 0.0875819
5.53 	 0.117034
5.54 	 0.214396
5.55 	 0.279167
5.56 	 0.236093
5.57 	 0.0785857
5.58 	 -0.147645
5.59 	 -0.381283
5.6 	 -0.560812
5.61 	 -0.629444
5.62 	 -0.558031
5.63 	 -0.371031
5.64 	 -0.138775
5.65 	 0.059433
5.66 	 0.170099
5.67 	 0.185605
5.68 	 0.140968
5.69 	 0.0794832
5.7 	 0.0207631
5.71 	 -0.026741
5.72 	 -0.0385336
5.73 	 0.0111685
5.74 	 0.11341
5.75 	 0.227118
5.76 	 0.316266
5.77 	 0.368441
5.78 	 0.375214
5.79 	 0.310366
5.8 	 0.150188
5.81 	 -0.0779735
5.82 	 -0.28961
5.83 	 -0.403919
5.84 	 -0.400221
5.85 	 -0.309731
5.86 	 -0.177042
5.87 	 -0.0442018
5.88 	 0.0516722
5.89 	 0.0927966
5.9 	 0.0894267
5.91 	 0.0624239
5.92 	 0.0231002
5.93 	 -0.0264369
5.94 	 -0.0849633
5.95 	 -0.146484
5.96 	 -0.193377
5.97 	 -0.196809
5.98 	 -0.133089
5.99 	 -0.00357646
6.0 	 0.15855
6.01 	 0.301426
6.02 	 0.381385
6.03 	 0.38072
6.04 	 0.30347
6.05 	 0.168954
6.06 	 0.0144993
6.07 	 -0.114875
6.08 	 -0.194729
6.09 	 -0.232916
6.1 	 -0.248202
6.11 	 -0.246024
6.12 	 -0.21945
6.13 	 -0.162599
6.14 	 -0.0730336
6.15 	 0.0497166
6.16 	 0.190595
6.17 	 0.304254
6.18 	 0.330231
6.19 	 0.232637
6.2 	 0.0276844
6.21 	 -0.220752
6.22 	 -0.429761
6.23 	 -0.529299
6.24 	 -0.481197
6.25 	 -0.292189
6.26 	 -0.0265514
6.27 	 0.208711
6.28 	 0.319894
6.29 	 0.28027
6.3 	 0.136658
6.31 	 -0.0238142
6.32 	 -0.119619
6.33 	 -0.114398
6.34 	 -0.0295582
6.35 	 0.0774375
6.36 	 0.14691
6.37 	 0.140835
6.38 	 0.0577355
6.39 	 -0.0603077
6.4 	 -0.143334
6.41 	 -0.13633
6.42 	 -0.040995
6.43 	 0.0790427
6.44 	 0.134547
6.45 	 0.0664681
6.46 	 -0.111578
6.47 	 -0.320547
6.48 	 -0.473937
6.49 	 -0.53004
6.5 	 -0.493217
6.51 	 -0.386371
6.52 	 -0.234802
6.53 	 -0.065923
6.54 	 0.0879865
6.55 	 0.190937
6.56 	 0.214267
6.57 	 0.155669
6.58 	 0.048111
6.59 	 -0.054327
6.6 	 -0.102112
6.61 	 -0.067945
6.62 	 0.0434173
6.63 	 0.186302
6.64 	 0.285197
6.65 	 0.280569
6.66 	 0.170201
6.67 	 0.0023214
6.68 	 -0.157336
6.69 	 -0.245813
6.7 	 -0.22263
6.71 	 -0.101772
6.72 	 0.0417013
6.73 	 0.115243
6.74 	 0.0632365
6.75 	 -0.113
6.76 	 -0.365787
6.77 	 -0.616082
6.78 	 -0.767994
6.79 	 -0.74076
6.8 	 -0.518149
6.81 	 -0.17127
6.82 	 0.179494
6.83 	 0.429186
6.84 	 0.525149
6.85 	 0.471154
6.86 	 0.317094
6.87 	 0.134966
6.88 	 -0.011825
6.89 	 -0.0819633
6.9 	 -0.0514582
6.91 	 0.0824903
6.92 	 0.28354
6.93 	 0.474819
6.94 	 0.571936
6.95 	 0.52335
6.96 	 0.32554
6.97 	 0.0200829
6.98 	 -0.311604
6.99 	 -0.570221
7.0 	 -0.681377
7.01 	 -0.627422
7.02 	 -0.449052
7.03 	 -0.226159
7.04 	 -0.0439917
7.05 	 0.0468766
7.06 	 0.0500982
7.07 	 0.00656459
7.08 	 -0.0411321
7.09 	 -0.0712005
7.1 	 -0.0779275
7.11 	 -0.0557233
7.12 	 0.00213411
7.13 	 0.0909253
7.14 	 0.190266
7.15 	 0.272318
7.16 	 0.309289
7.17 	 0.282638
7.18 	 0.202309
7.19 	 0.112815
7.2 	 0.0582891
7.21 	 0.038057
7.22 	 0.0112941
7.23 	 -0.0560082
7.24 	 -0.162529
7.25 	 -0.283893
7.26 	 -0.391003
7.27 	 -0.450752
7.28 	 -0.42927
7.29 	 -0.313659
7.3 	 -0.129181
7.31 	 0.0716989
7.32 	 0.236147
7.33 	 0.330595
7.34 	 0.347727
7.35 	 0.3029
7.36 	 0.221627
7.37 	 0.125204
7.38 	 0.0244779
7.39 	 -0.0723088
7.4 	 -0.146509
7.41 	 -0.173044
7.42 	 -0.14129
7.43 	 -0.0645919
7.44 	 0.0277723
7.45 	 0.0987614
7.46 	 0.115609
7.47 	 0.0712503
7.48 	 -0.00928562
7.49 	 -0.0901317
7.5 	 -0.147458
7.51 	 -0.172456
7.52 	 -0.164251
7.53 	 -0.127694
7.54 	 -0.0746584
7.55 	 -0.0223338
7.56 	 0.0111281
7.57 	 0.0124337
7.58 	 -0.0192986
7.59 	 -0.0703667
7.6 	 -0.121966
7.61 	 -0.160963
7.62 	 -0.178843
7.63 	 -0.165148
7.64 	 -0.110923
7.65 	 -0.0222235
7.66 	 0.0743238
7.67 	 0.145823
7.68 	 0.174137
7.69 	 0.162772
7.7 	 0.126021
7.71 	 0.0732952
7.72 	 0.00783838
7.73 	 -0.0560921
7.74 	 -0.0854193
7.75 	 -0.0517045
7.76 	 0.0376112
7.77 	 0.135132
7.78 	 0.180396
7.79 	 0.136912
7.8 	 0.0125492
7.81 	 -0.152577
7.82 	 -0.316599
7.83 	 -0.450345
7.84 	 -0.525792
7.85 	 -0.511711
7.86 	 -0.399358
7.87 	 -0.225447
7.88 	 -0.0539637
7.89 	 0.0670725
7.9 	 0.130852
7.91 	 0.162611
7.92 	 0.191866
7.93 	 0.230756
7.94 	 0.272542
7.95 	 0.306609
7.96 	 0.33305
7.97 	 0.359439
7.98 	 0.381344
7.99 	 0.373737
8.0 	 0.314799
8.01 	 0.21699
8.02 	 0.120539
8.03 	 0.0560497
8.04 	 0.024523
8.05 	 0.00879999
8.06 	 -0.0100874
8.07 	 -0.045316
8.08 	 -0.0979758
8.09 	 -0.152222
8.1 	 -0.181738
8.11 	 -0.168163
8.12 	 -0.118089
8.13 	 -0.0622669
8.14 	 -0.0327136
8.15 	 -0.0359192
8.16 	 -0.0495976
8.17 	 -0.0462417
8.18 	 -0.0168325
8.19 	 0.0276942
8.2 	 0.0723373
8.21 	 0.11166
8.22 	 0.149061
8.23 	 0.186666
8.24 	 0.219985
8.25 	 0.243197
8.26 	 0.256529
8.27 	 0.266269
8.28 	 0.28019
8.29 	 0.304762
8.3 	 0.340456
8.31 	 0.372394
8.32 	 0.370283
8.33 	 0.307135
8.34 	 0.180297
8.35 	 0.0167603
8.36 	 -0.137089
8.37 	 -0.236026
8.38 	 -0.258018
8.39 	 -0.213831
8.4 	 -0.139765
8.41 	 -0.0786553
8.42 	 -0.0564336
8.43 	 -0.0680727
8.44 	 -0.0857254
8.45 	 -0.0828683
8.46 	 -0.0546097
8.47 	 -0.0207398
8.48 	 -0.0100163
8.49 	 -0.0340626
8.5 	 -0.0714715
8.51 	 -0.0811842
8.52 	 -0.034914
8.53 	 0.064457
8.54 	 0.192243
8.55 	 0.319543
8.56 	 0.418901
8.57 	 0.464582
8.58 	 0.444453
8.59 	 0.375829
8.6 	 0.297545
8.61 	 0.237334
8.62 	 0.191608
8.63 	 0.140226
8.64 	 0.0722177
8.65 	 -0.00900438
8.66 	 -0.0970004
8.67 	 -0.18769
8.68 	 -0.274652
8.69 	 -0.346864
8.7 	 -0.39309
8.71 	 -0.405132
8.72 	 -0.376768
8.73 	 -0.305515
8.74 	 -0.201207
8.75 	 -0.0921789
8.76 	 -0.0164182
8.77 	 0.00252941
8.78 	 -0.0213289
8.79 	 -0.0375694
8.8 	 0.00539087
8.81 	 0.115453
8.82 	 0.247471
8.83 	 0.340087
8.84 	 0.357134
8.85 	 0.298295
8.86 	 0.18928
8.87 	 0.0706264
8.88 	 -0.017035
8.89 	 -0.0520826
8.9 	 -0.0409908
8.91 	 -0.00729353
8.92 	 0.0299554
8.93 	 0.0649679
8.94 	 0.0907193
8.95 	 0.0855157
8.96 	 0.0284549
8.97 	 -0.0743225
8.98 	 -0.190763
8.99 	 -0.288217
9.0 	 -0.349031
9.01 	 -0.366007
9.02 	 -0.334944
9.03 	 -0.254217
9.04 	 -0.129632
9.05 	 0.0163857
9.06 	 0.144486
9.07 	 0.222759
9.08 	 0.252508
9.09 	 0.257731
9.1 	 0.253243
9.11 	 0.238274
9.12 	 0.217202
9.13 	 0.20653
9.14 	 0.21553
9.15 	 0.23162
9.16 	 0.231036
9.17 	 0.199179
9.18 	 0.139351
9.19 	 0.0667454
9.2 	 -0.00344667
9.21 	 -0.0644691
9.22 	 -0.118254
9.23 	 -0.167303
9.24 	 -0.204755
9.25 	 -0.216863
9.26 	 -0.199656
9.27 	 -0.166172
9.28 	 -0.131124
9.29 	 -0.0974787
9.3 	 -0.063172
9.31 	 -0.0279924
9.32 	 0.0102704
9.33 	 0.0517822
9.34 	 0.0857058
9.35 	 0.0996567
9.36 	 0.0945869
9.37 	 0.0774044
9.38 	 0.0492179
9.39 	 0.0169539
9.4 	 0.0048842
9.41 	 0.0343822
9.42 	 0.0954589
9.43 	 0.150575
9.44 	 0.163882
9.45 	 0.12255
9.46 	 0.0401361
9.47 	 -0.0515471
9.48 	 -0.119677
9.49 	 -0.148376
9.5 	 -0.143128
9.51 	 -0.121944
9.52 	 -0.105912
9.53 	 -0.11288
9.54 	 -0.147951
9.55 	 -0.193705
9.56 	 -0.21473
9.57 	 -0.179618
9.58 	 -0.0839395
9.59 	 0.0429377
9.6 	 0.152214
9.61 	 0.203204
9.62 	 0.184408
9.63 	 0.113652
9.64 	 0.0232328
9.65 	 -0.0560934
9.66 	 -0.105905
9.67 	 -0.122401
9.68 	 -0.10899
9.69 	 -0.0683685
9.7 	 -0.00449819
9.71 	 0.0723543
9.72 	 0.148327
9.73 	 0.207997
9.74 	 0.230084
9.75 	 0.194736
9.76 	 0.104972
9.77 	 -0.00678147
9.78 	 -0.0974005
9.79 	 -0.134546
9.8 	 -0.106896
9.81 	 -0.0283267
9.82 	 0.0634896
9.83 	 0.12316
9.84 	 0.123584
9.85 	 0.0670491
9.86 	 -0.0273928
9.87 	 -0.137075
9.88 	 -0.236441
9.89 	 -0.30125
9.9 	 -0.321186
9.91 	 -0.302585
9.92 	 -0.256482
9.93 	 -0.187422
9.94 	 -0.0917126
9.95 	 0.0344274
9.96 	 0.178833
9.97 	 0.306531
9.98 	 0.378459
9.99 	 0.379425
10.0 	 0.325236
10.01 	 0.246326
10.02 	 0.168033
10.03 	 0.10101
10.04 	 0.0418879
10.05 	 -0.0179358
10.06 	 -0.078215
10.07 	 -0.122145
10.08 	 -0.128016
10.09 	 -0.0936051
10.1 	 -0.046977
10.11 	 -0.0278231
10.12 	 -0.0570052
10.13 	 -0.125434
10.14 	 -0.207541
10.15 	 -0.277872
10.16 	 -0.3174
10.17 	 -0.315938
10.18 	 -0.275782
10.19 	 -0.211802
10.2 	 -0.145541
10.21 	 -0.0963049
10.22 	 -0.0721772
10.23 	 -0.0657238
10.24 	 -0.0587065
10.25 	 -0.0316893
10.26 	 0.0261174
10.27 	 0.104956
10.28 	 0.169817
10.29 	 0.179676
10.3 	 0.119542
10.31 	 0.0131348
10.32 	 -0.0937364
10.33 	 -0.160655
10.34 	 -0.16996
10.35 	 -0.126705
10.36 	 -0.0495428
10.37 	 0.0353032
10.38 	 0.0978602
10.39 	 0.11502
10.4 	 0.0838347
10.41 	 0.0222746
10.42 	 -0.0439689
10.43 	 -0.0935377
10.44 	 -0.113216
10.45 	 -0.101005
10.46 	 -0.0698402
10.47 	 -0.0425802
10.48 	 -0.0379747
10.49 	 -0.0598093
10.5 	 -0.0954294
10.51 	 -0.11972
10.52 	 -0.104594
10.53 	 -0.0371999
10.54 	 0.0652006
10.55 	 0.163139
10.56 	 0.220217
10.57 	 0.220753
10.58 	 0.171346
10.59 	 0.0950393
10.6 	 0.0209717
10.61 	 -0.0306712
10.62 	 -0.0586516
10.63 	 -0.074496
10.64 	 -0.0854027
10.65 	 -0.0864796
10.66 	 -0.0728754
10.67 	 -0.0548076
10.68 	 -0.0525471
10.69 	 -0.0774922
10.7 	 -0.124875
10.71 	 -0.184335
10.72 	 -0.248521
10.73 	 -0.304771
10.74 	 -0.325853
10.75 	 -0.284362
10.76 	 -0.178261
10.77 	 -0.0325311
10.78 	 0.123762
10.79 	 0.27272
10.8 	 0.399475
10.81 	 0.478361
10.82 	 0.478876
10.83 	 0.391576
10.84 	 0.242633
10.85 	 0.0763309
10.86 	 -0.0699631
10.87 	 -0.170031
10.88 	 -0.207223
10.89 	 -0.187211
10.9 	 -0.1454
10.91 	 -0.126203
10.92 	 -0.151391
10.93 	 -0.209127
10.94 	 -0.268554
10.95 	 -0.300904
10.96 	 -0.290861
10.97 	 -0.237001
10.98 	 -0.149459
10.99 	 -0.0507281
11.0 	 0.026118
11.01 	 0.0530398
11.02 	 0.0301929
11.03 	 -0.00974162
11.04 	 -0.0260482
11.05 	 0.00201842
11.06 	 0.0700711
11.07 	 0.161977
11.08 	 0.260716
11.09 	 0.347482
11.1 	 0.398649
11.11 	 0.392621
11.12 	 0.323317
11.13 	 0.205644
11.14 	 0.0670044
11.15 	 -0.064276
11.16 	 -0.162997
11.17 	 -0.209182
11.18 	 -0.196705
11.19 	 -0.141514
11.2 	 -0.0770341
11.21 	 -0.0380504
11.22 	 -0.0452167
11.23 	 -0.0971642
11.24 	 -0.168703
11.25 	 -0.217271
11.26 	 -0.203162
11.27 	 -0.114509
11.28 	 0.0235337
11.29 	 0.162231
11.3 	 0.255277
11.31 	 0.283165
11.32 	 0.260935
11.33 	 0.223979
11.34 	 0.205174
11.35 	 0.217952
11.36 	 0.249143
11.37 	 0.26552
11.38 	 0.234832
11.39 	 0.145604
11.4 	 0.0100772
11.41 	 -0.144062
11.42 	 -0.281743
11.43 	 -0.370485
11.44 	 -0.394254
11.45 	 -0.360766
11.46 	 -0.293477
11.47 	 -0.214098
11.48 	 -0.132552
11.49 	 -0.0546192
11.5 	 0.00732346
11.51 	 0.0402197
11.52 	 0.0437368
11.53 	 0.0307666
11.54 	 0.0182578
11.55 	 0.0212374
11.56 	 0.0490599
11.57 	 0.0994435
11.58 	 0.15528
11.59 	 0.191581
11.6 	 0.190369
11.61 	 0.151566
11.62 	 0.0915961
11.63 	 0.0341156
11.64 	 0.000911944
11.65 	 0.00360562
11.66 	 0.0353692
11.67 	 0.0699753
11.68 	 0.0746015
11.69 	 0.0282308
11.7 	 -0.067743
11.71 	 -0.188982
11.72 	 -0.295522
11.73 	 -0.348699
11.74 	 -0.330034
11.75 	 -0.245973
11.76 	 -0.120969
11.77 	 0.00703575
11.78 	 0.0955369
11.79 	 0.120026
11.8 	 0.0890133
11.81 	 0.0322505
11.82 	 -0.0194552
11.83 	 -0.0403846
11.84 	 -0.0111298
11.85 	 0.0707719
11.86 	 0.179953
11.87 	 0.267954
11.88 	 0.286018
11.89 	 0.213838
11.9 	 0.0724719
11.91 	 -0.0893813
11.92 	 -0.220056
11.93 	 -0.281988
11.94 	 -0.26179
11.95 	 -0.17774
11.96 	 -0.0776319
11.97 	 -0.0177339
11.98 	 -0.0285679
11.99 	 -0.0936186
12.0 	 -0.163288
12.01 	 -0.190606
12.02 	 -0.15448
12.03 	 -0.0615961
12.04 	 0.0576942
12.05 	 0.158276
12.06 	 0.201906
12.07 	 0.178525
12.08 	 0.107999
12.09 	 0.0252625
12.1 	 -0.0359911
12.11 	 -0.0532852
12.12 	 -0.0198328
12.13 	 0.0530836
12.14 	 0.137274
12.15 	 0.19843
12.16 	 0.214733
12.17 	 0.188646
12.18 	 0.13991
12.19 	 0.0869888
12.2 	 0.0351475
12.21 	 -0.0213161
12.22 	 -0.0885202
12.23 	 -0.161613
12.24 	 -0.221145
12.25 	 -0.244513
12.26 	 -0.224111
12.27 	 -0.173063
12.28 	 -0.114061
12.29 	 -0.0648198
12.3 	 -0.0302421
12.31 	 -0.00157903
12.32 	 0.036219
12.33 	 0.0909058
12.34 	 0.155387
12.35 	 0.21356
12.36 	 0.25233
12.37 	 0.270495
12.38 	 0.278882
12.39 	 0.290593
12.4 	 0.310701
12.41 	 0.335445
12.42 	 0.3565
12.43 	 0.361319
12.44 	 0.333555
12.45 	 0.262398
12.46 	 0.154198
12.47 	 0.0294529
12.48 	 -0.0942735
12.49 	 -0.211344
12.5 	 -0.316729
12.51 	 -0.39164
12.52 	 -0.408266
12.53 	 -0.34874
12.54 	 -0.217684
12.55 	 -0.0437696
12.56 	 0.124421
12.57 	 0.235136
12.58 	 0.261951
12.59 	 0.217132
12.6 	 0.135867
12.61 	 0.0566903
12.62 	 0.0160325
12.63 	 0.039557
12.64 	 0.124882
12.65 	 0.239141
12.66 	 0.336551
12.67 	 0.37696
12.68 	 0.338814
12.69 	 0.228977
12.7 	 0.0817391
12.71 	 -0.0568037
12.72 	 -0.147874
12.73 	 -0.171951
12.74 	 -0.133279
12.75 	 -0.0587591
12.76 	 0.0113839
12.77 	 0.0420189
12.78 	 0.0213823
12.79 	 -0.034544
12.8 	 -0.0948072
12.81 	 -0.132427
12.82 	 -0.136191
12.83 	 -0.110715
12.84 	 -0.0690978
12.85 	 -0.0246312
12.86 	 0.0147577
12.87 	 0.046733
12.88 	 0.0693951
12.89 	 0.0775596
12.9 	 0.0663051
12.91 	 0.0373951
12.92 	 0.000864479
12.93 	 -0.0298894
12.94 	 -0.0453673
12.95 	 -0.0444408
12.96 	 -0.0341189
12.97 	 -0.0254178
12.98 	 -0.0267586
12.99 	 -0.0384609
13.0 	 -0.0534152
13.01 	 -0.0643304
13.02 	 -0.0704143
13.03 	 -0.076577
13.04 	 -0.087709
13.05 	 -0.10547
13.06 	 -0.128784
13.07 	 -0.154408
13.08 	 -0.176907
13.09 	 -0.189509
13.1 	 -0.185959
13.11 	 -0.163364
13.12 	 -0.126042
13.13 	 -0.0867723
13.14 	 -0.0610678
13.15 	 -0.0568637
13.16 	 -0.0682922
13.17 	 -0.0792731
13.18 	 -0.0733689
13.19 	 -0.0420935
13.2 	 0.0109042
13.21 	 0.0695573
13.22 	 0.111747
13.23 	 0.121283
13.24 	 0.0970722
13.25 	 0.0523601
13.26 	 0.00500423
13.27 	 -0.0320907
13.28 	 -0.0519983
13.29 	 -0.0510606
13.3 	 -0.0321297
13.31 	 -0.00847194
13.32 	 0.00424258
13.33 	 0.00222279
13.34 	 -0.0048405
13.35 	 -0.00646385
13.36 	 -0.000511017
13.37 	 0.00954944
13.38 	 0.0203092
13.39 	 0.0297474
13.4 	 0.035757
13.41 	 0.03458
13.42 	 0.0207337
13.43 	 -0.00965505
13.44 	 -0.0529223
13.45 	 -0.0956815
13.46 	 -0.121223
13.47 	 -0.119244
13.48 	 -0.090524
13.49 	 -0.0456434
13.5 	 -0.000483958
13.51 	 0.030464
13.52 	 0.0406581
13.53 	 0.0340753
13.54 	 0.0223673
13.55 	 0.0186235
13.56 	 0.0310447
13.57 	 0.0587672
13.58 	 0.0911602
13.59 	 0.11189
13.6 	 0.106637
13.61 	 0.0699055
13.62 	 0.00743761
13.63 	 -0.0649326
13.64 	 -0.124506
13.65 	 -0.149384
13.66 	 -0.131245
13.67 	 -0.0834222
13.68 	 -0.0340221
13.69 	 -0.0100641
13.7 	 -0.0254227
13.71 	 -0.0747375
13.72 	 -0.133006
13.73 	 -0.167176
13.74 	 -0.156597
13.75 	 -0.104298
13.76 	 -0.0302169
13.77 	 0.042387
13.78 	 0.0957438
13.79 	 0.121813
13.8 	 0.123904
13.81 	 0.113772
13.82 	 0.104792
13.83 	 0.105496
13.84 	 0.116394
13.85 	 0.130594
13.86 	 0.137613
13.87 	 0.128235
13.88 	 0.0977012
13.89 	 0.0465027
13.9 	 -0.0193187
13.91 	 -0.0867821
13.92 	 -0.136223
13.93 	 -0.149353
13.94 	 -0.123703
13.95 	 -0.0781259
13.96 	 -0.0394932
13.97 	 -0.0246273
13.98 	 -0.0350685
13.99 	 -0.0614467
14.0 	 -0.0870281
14.01 	 -0.092449
14.02 	 -0.0661012
14.03 	 -0.0131627
14.04 	 0.0467473
14.05 	 0.0922783
14.06 	 0.112615
14.07 	 0.110404
14.08 	 0.0959174
14.09 	 0.0795186
14.1 	 0.0676298
14.11 	 0.0623303
14.12 	 0.0627699
14.13 	 0.0667757
14.14 	 0.0711058
14.15 	 0.0706183
14.16 	 0.0590809
14.17 	 0.0330063
14.18 	 -0.00437837
14.19 	 -0.0433533
14.2 	 -0.0721755
14.21 	 -0.0813779
14.22 	 -0.066284
14.23 	 -0.0301792
14.24 	 0.0140714
14.25 	 0.0494992
14.26 	 0.0644938
14.27 	 0.0572978
14.28 	 0.0339875
14.29 	 0.00432481
14.3 	 -0.0227892
14.31 	 -0.0430551
14.32 	 -0.0566512
14.33 	 -0.0650037
14.34 	 -0.0690437
14.35 	 -0.0698446
14.36 	 -0.0685575
14.37 	 -0.0649853
14.38 	 -0.0572365
14.39 	 -0.0435938
14.4 	 -0.0247384
14.41 	 -0.00390467
14.42 	 0.0153041
14.43 	 0.0315636
14.44 	 0.0462374
14.45 	 0.0601151
14.46 	 0.0692257
14.47 	 0.0650715
14.48 	 0.0409341
14.49 	 -0.000880044
14.5 	 -0.0480752
14.51 	 -0.0847213
14.52 	 -0.0986963
14.53 	 -0.0853552
14.54 	 -0.0490243
14.55 	 -0.00337368
14.56 	 0.0335998
14.57 	 0.0497683
14.58 	 0.0452252
14.59 	 0.0304463
14.6 	 0.0207113
14.61 	 0.0288151
14.62 	 0.0570013
14.63 	 0.0951522
14.64 	 0.128883
14.65 	 0.149478
14.66 	 0.156446
14.67 	 0.153244
14.68 	 0.142649
14.69 	 0.125499
14.7 	 0.102401
14.71 	 0.0761895
14.72 	 0.0523349
14.73 	 0.0365437
14.74 	 0.0315635
14.75 	 0.0349743
14.76 	 0.0393282
14.77 	 0.0357022
14.78 	 0.0184105
14.79 	 -0.0122713
14.8 	 -0.0493725
14.81 	 -0.0807824
14.82 	 -0.0944549
14.83 	 -0.0846418
14.84 	 -0.0545352
14.85 	 -0.0145581
14.86 	 0.0216099
14.87 	 0.0414333
14.88 	 0.0374486
14.89 	 0.0110999
14.9 	 -0.0244495
14.91 	 -0.0473337
14.92 	 -0.0379204
14.93 	 0.00987216
14.94 	 0.086034
14.95 	 0.169843
14.96 	 0.236173
14.97 	 0.261616
14.98 	 0.234015
14.99 	 0.161505
15.0 	 0.0709661
15.01 	 -0.00512544
15.02 	 -0.0432326
15.03 	 -0.0371845
15.04 	 -0.000363473
15.05 	 0.0390716
15.06 	 0.0513462
15.07 	 0.0210501
15.08 	 -0.0447653
15.09 	 -0.122
15.1 	 -0.183712
15.11 	 -0.212399
15.12 	 -0.203633
15.13 	 -0.163777
15.14 	 -0.106996
15.15 	 -0.0509092
15.16 	 -0.00909303
15.17 	 0.0149008
15.18 	 0.0264235
15.19 	 0.0327748
15.2 	 0.0364906
15.21 	 0.0351778
15.22 	 0.0281391
15.23 	 0.0203202
15.24 	 0.017381
15.25 	 0.0196172
15.26 	 0.0226293
15.27 	 0.0213837
15.28 	 0.012378
15.29 	 -0.00595934
15.3 	 -0.0328441
15.31 	 -0.0646946
15.32 	 -0.0962544
15.33 	 -0.123626
15.34 	 -0.145835
15.35 	 -0.162013
15.36 	 -0.167824
15.37 	 -0.157021
15.38 	 -0.127517
15.39 	 -0.0855691
15.4 	 -0.0432149
15.41 	 -0.0110469
15.42 	 0.00661044
15.43 	 0.0111938
15.44 	 0.007838
15.45 	 0.00364061
15.46 	 0.00452616
15.47 	 0.0119392
15.48 	 0.0226112
15.49 	 0.0316936
15.5 	 0.0367155
15.51 	 0.0382338
15.52 	 0.0357564
15.53 	 0.0255048
15.54 	 0.00544765
15.55 	 -0.0195022
15.56 	 -0.0402171
15.57 	 -0.0496782
15.58 	 -0.046375
15.59 	 -0.0350639
15.6 	 -0.024768
15.61 	 -0.0233332
15.62 	 -0.0331647
15.63 	 -0.0516343
15.64 	 -0.0732635
15.65 	 -0.0915444
15.66 	 -0.101277
15.67 	 -0.100319
15.68 	 -0.0890108
15.69 	 -0.0684058
15.7 	 -0.0397003
15.71 	 -0.00576293
15.72 	 0.0276443
15.73 	 0.054197
15.74 	 0.0709477
15.75 	 0.078879
15.76 	 0.0803181
15.77 	 0.077502
15.78 	 0.0729543
15.79 	 0.0690936
15.8 	 0.0668121
15.81 	 0.0649671
15.82 	 0.0614731
15.83 	 0.0551624
15.84 	 0.0471913
15.85 	 0.0404834
15.86 	 0.0369442
15.87 	 0.0351449
15.88 	 0.0311597
15.89 	 0.0212118
15.9 	 0.00305466
15.91 	 -0.0238395
15.92 	 -0.0572367
15.93 	 -0.0910881
15.94 	 -0.117016
15.95 	 -0.127857
15.96 	 -0.121011
15.97 	 -0.10032
15.98 	 -0.0747714
15.99 	 -0.0534172
16.0 	 -0.0396417
16.01 	 -0.0290655
16.02 	 -0.0130225
16.03 	 0.0141451
16.04 	 0.0500102
16.05 	 0.0859722
16.06 	 0.112959
16.07 	 0.124626
16.08 	 0.117875
16.09 	 0.0943968
16.1 	 0.0620884
16.11 	 0.0317137
16.12 	 0.0103387
16.13 	 -0.00145568
16.14 	 -0.00711555
16.15 	 -0.0116911
16.16 	 -0.0212743
16.17 	 -0.0411032
16.18 	 -0.0724161
16.19 	 -0.111299
16.2 	 -0.149652
16.21 	 -0.17701
16.22 	 -0.183352
16.23 	 -0.162528
16.24 	 -0.115689
16.25 	 -0.0533055
16.26 	 0.00796816
16.27 	 0.0536182
16.28 	 0.078222
16.29 	 0.0859697
16.3 	 0.0859497
16.31 	 0.0861218
16.32 	 0.0892248
16.33 	 0.0921546
16.34 	 0.088859
16.35 	 0.075213
16.36 	 0.0523771
16.37 	 0.0259625
16.38 	 0.00194279
16.39 	 -0.0175399
16.4 	 -0.0351923
16.41 	 -0.0552552
16.42 	 -0.0792093
16.43 	 -0.105041
16.44 	 -0.129709
16.45 	 -0.15079
16.46 	 -0.165891
16.47 	 -0.17184
16.48 	 -0.165086
16.49 	 -0.143394
16.5 	 -0.108435
16.51 	 -0.0668056
16.52 	 -0.0270431
16.53 	 0.00474337
16.54 	 0.026248
16.55 	 0.038316
16.56 	 0.0451403
16.57 	 0.05338
16.58 	 0.0682595
16.59 	 0.0900305
16.6 	 0.113726
16.61 	 0.13126
16.62 	 0.134884
16.63 	 0.120847
16.64 	 0.09105
16.65 	 0.0523613
16.66 	 0.0145596
16.67 	 -0.0132863
16.68 	 -0.0275951
16.69 	 -0.0327892
16.7 	 -0.0379238
16.71 	 -0.0494516
16.72 	 -0.0670866
16.73 	 -0.0857047
16.74 	 -0.099146
16.75 	 -0.102196
16.76 	 -0.0916263
16.77 	 -0.0677252
16.78 	 -0.0350921
16.79 	 -0.000919939
16.8 	 0.0283254
16.81 	 0.0491512
16.82 	 0.0611475
16.83 	 0.0657387
16.84 	 0.0644732
16.85 	 0.0583664
16.86 	 0.0496784
16.87 	 0.0438444
16.88 	 0.0468971
16.89 	 0.0589374
16.9 	 0.071302
16.91 	 0.0724915
16.92 	 0.0575967
16.93 	 0.0318234
16.94 	 0.00600567
16.95 	 -0.00987782
16.96 	 -0.0105231
16.97 	 0.00292693
16.98 	 0.0229296
16.99 	 0.0389092
17.0 	 0.0424843
17.01 	 0.0310141
17.02 	 0.00812948
17.03 	 -0.0181313
17.04 	 -0.0387367
17.05 	 -0.047181
17.06 	 -0.0414274
17.07 	 -0.023981
17.08 	 -0.000708905
17.09 	 0.0215749
17.1 	 0.0382772
17.11 	 0.048936
17.12 	 0.0563033
17.13 	 0.0634867
17.14 	 0.0716761
17.15 	 0.0800276
17.16 	 0.0868436
17.17 	 0.0903652
17.18 	 0.0888788
17.19 	 0.0807689
17.2 	 0.064676
17.21 	 0.0401033
17.22 	 0.00920969
17.23 	 -0.0215822
17.24 	 -0.0427324
17.25 	 -0.0453026
17.26 	 -0.0259373
17.27 	 0.00824969
17.28 	 0.0399275
17.29 	 0.0505887
17.3 	 0.0320745
17.31 	 -0.00929627
17.32 	 -0.0579791
17.33 	 -0.0977542
17.34 	 -0.116771
17.35 	 -0.108481
17.36 	 -0.0734421
17.37 	 -0.0225964
17.38 	 0.0247199
17.39 	 0.0505795
17.4 	 0.0485628
17.41 	 0.0263802
17.42 	 0.000758881
17.43 	 -0.0109756
17.44 	 0.00125824
17.45 	 0.0353091
17.46 	 0.077177
17.47 	 0.107857
17.48 	 0.112799
17.49 	 0.0884144
17.5 	 0.043251
17.51 	 -0.00610049
17.52 	 -0.0425542
17.53 	 -0.055765
17.54 	 -0.0462513
17.55 	 -0.0249876
17.56 	 -0.00760434
17.57 	 -0.00597127
17.58 	 -0.022397
17.59 	 -0.0489381
17.6 	 -0.071727
17.61 	 -0.0782998
17.62 	 -0.0634028
17.63 	 -0.0305365
17.64 	 0.00990765
17.65 	 0.0451738
17.66 	 0.0658904
17.67 	 0.0691957
17.68 	 0.0577496
17.69 	 0.0373266
17.7 	 0.0149206
17.71 	 -0.00306609
17.72 	 -0.0127026
17.73 	 -0.0136378
17.74 	 -0.00836098
17.75 	 0.00012524
17.76 	 0.0097823
17.77 	 0.0190456
17.78 	 0.0265616
17.79 	 0.0322018
17.8 	 0.037161
17.81 	 0.0421255
17.82 	 0.0457095
17.83 	 0.0451179
17.84 	 0.0383391
17.85 	 0.0257492
17.86 	 0.0098942
17.87 	 -0.0058958
17.88 	 -0.0189211
17.89 	 -0.0284078
17.9 	 -0.0361344
17.91 	 -0.0447857
17.92 	 -0.0546975
17.93 	 -0.062718
17.94 	 -0.0649314
17.95 	 -0.0602408
17.96 	 -0.0510442
17.97 	 -0.0409061
17.98 	 -0.0321239
17.99 	 -0.0252797
18.0 	 -0.0202037
18.01 	 -0.016626
18.02 	 -0.013986
18.03 	 -0.0113669
18.04 	 -0.00805099
18.05 	 -0.0033916
18.06 	 0.00492037
18.07 	 0.0217426
18.08 	 0.0510228
18.09 	 0.0899723
18.1 	 0.128175
18.11 	 0.154206
18.12 	 0.162717
18.13 	 0.154699
18.14 	 0.13284
18.15 	 0.0989805
18.16 	 0.0554223
18.17 	 0.00606394
18.18 	 -0.0441211
18.19 	 -0.0894804
18.2 	 -0.124248
18.21 	 -0.14401
18.22 	 -0.147108
18.23 	 -0.135826
18.24 	 -0.116466
18.25 	 -0.0963772
18.26 	 -0.0797973
18.27 	 -0.0664765
18.28 	 -0.053182
18.29 	 -0.0357494
18.3 	 -0.0106623
18.31 	 0.0234156
18.32 	 0.0637837
18.33 	 0.10318
18.34 	 0.132787
18.35 	 0.147023
18.36 	 0.145737
18.37 	 0.132528
18.38 	 0.111665
18.39 	 0.0862989
18.4 	 0.0587359
18.41 	 0.0314485
18.42 	 0.00705813
18.43 	 -0.0130085
18.44 	 -0.0301366
18.45 	 -0.048511
18.46 	 -0.0719915
18.47 	 -0.0999036
18.48 	 -0.126406
18.49 	 -0.144388
18.5 	 -0.149595
18.51 	 -0.141626
18.52 	 -0.122695
18.53 	 -0.0961054
18.54 	 -0.0648378
18.55 	 -0.0305223
18.56 	 0.00597508
18.57 	 0.0427719
18.58 	 0.0764371
18.59 	 0.102983
18.6 	 0.118805
18.61 	 0.121877
18.62 	 0.113302
18.63 	 0.0971201
18.64 	 0.0779629
18.65 	 0.0588324
18.66 	 0.0405213
18.67 	 0.0223462
18.68 	 0.00335101
18.69 	 -0.0167528
18.7 	 -0.0371308
18.71 	 -0.0556076
18.72 	 -0.0690751
18.73 	 -0.0753262
18.74 	 -0.0752994
18.75 	 -0.0731197
18.76 	 -0.072823
18.77 	 -0.0739436
18.78 	 -0.0706671
18.79 	 -0.0571642
18.8 	 -0.034178
18.81 	 -0.00924945
18.82 	 0.00899739
18.83 	 0.0160422
18.84 	 0.0130606
18.85 	 0.00545356
18.86 	 -0.000336138
18.87 	 0.000779636
18.88 	 0.011507
18.89 	 0.0305995
18.9 	 0.0519421
18.91 	 0.0672996
18.92 	 0.0708964
18.93 	 0.0615324
18.94 	 0.0416134
18.95 	 0.0151255
18.96 	 -0.0137495
18.97 	 -0.0407133
18.98 	 -0.0613251
18.99 	 -0.0724791
19.0 	 -0.0741655
19.01 	 -0.0689503
19.02 	 -0.0594955
19.03 	 -0.047076
19.04 	 -0.0324334
19.05 	 -0.0171237
19.06 	 -0.00344039
19.07 	 0.00678412
19.08 	 0.0132175
19.09 	 0.0169552
19.1 	 0.0193896
19.11 	 0.0214391
19.12 	 0.0239343
19.13 	 0.0280138
19.14 	 0.0345368
19.15 	 0.0430173
19.16 	 0.0512285
19.17 	 0.0561915
19.18 	 0.0557522
19.19 	 0.0491654
19.2 	 0.0365901
19.21 	 0.0187513
19.22 	 -0.00266032
19.23 	 -0.0246823
19.24 	 -0.0439631
19.25 	 -0.0584511
19.26 	 -0.0681243
19.27 	 -0.0740854
19.28 	 -0.0775267
19.29 	 -0.0797648
19.3 	 -0.0821304
19.31 	 -0.0844988
19.32 	 -0.0841062
19.33 	 -0.07679
19.34 	 -0.0600932
19.35 	 -0.0358697
19.36 	 -0.0100887
19.37 	 0.0104768
19.38 	 0.0216361
19.39 	 0.0226928
19.4 	 0.0164042
19.41 	 0.00884919
19.42 	 0.00691682
19.43 	 0.0138694
19.44 	 0.0268842
19.45 	 0.0387243
19.46 	 0.0431479
19.47 	 0.040355
19.48 	 0.0362013
19.49 	 0.0353955
19.5 	 0.0369063
19.51 	 0.035252
19.52 	 0.0239343
19.53 	 -0.000615989
19.54 	 -0.0347681
19.55 	 -0.0672787
19.56 	 -0.0851542
19.57 	 -0.0815195
19.58 	 -0.0595601
19.59 	 -0.0300515
19.6 	 -0.00496502
19.61 	 0.00764235
19.62 	 0.00564946
19.63 	 -0.00631904
19.64 	 -0.0180012
19.65 	 -0.0189213
19.66 	 -0.00529173
19.67 	 0.0179997
19.68 	 0.0416578
19.69 	 0.0575555
19.7 	 0.0612972
19.71 	 0.0520149
19.72 	 0.0317504
19.73 	 0.00518319
19.74 	 -0.0209932
19.75 	 -0.0391758
19.76 	 -0.0432811
19.77 	 -0.0330373
19.78 	 -0.0158101
19.79 	 -0.0018398
19.8 	 0.00263025
19.81 	 -0.00247996
19.82 	 -0.0132936
19.83 	 -0.0247186
19.84 	 -0.0323782
19.85 	 -0.0336177
19.86 	 -0.0275325
19.87 	 -0.0149565
19.88 	 0.00131669
19.89 	 0.0172519
19.9 	 0.0290669
19.91 	 0.0342137
19.92 	 0.0322461
19.93 	 0.0258082
19.94 	 0.0196257
19.95 	 0.0169923
19.96 	 0.0172423
19.97 	 0.016881
19.98 	 0.012651
19.99 	 0.00350365
20.0 	 -0.00942918
20.01 	 -0.0241394
20.02 	 -0.0390575
20.03 	 -0.0529601
20.04 	 -0.06369
20.05 	 -0.0679183
20.06 	 -0.0627277
20.07 	 -0.0473982
20.08 	 -0.0243561
20.09 	 0.00112944
20.1 	 0.0231605
20.11 	 0.0380469
20.12 	 0.0453102
20.13 	 0.0471997
20.14 	 0.0484124
20.15 	 0.0546193
20.16 	 0.0681234
20.17 	 0.0843364
20.18 	 0.0939268
20.19 	 0.0887865
20.2 	 0.066262
20.21 	 0.0298133
20.22 	 -0.0125124
20.23 	 -0.0506166
20.24 	 -0.0752271
20.25 	 -0.0810385
20.26 	 -0.0698694
20.27 	 -0.0510186
20.28 	 -0.0359966
20.29 	 -0.0309197
20.3 	 -0.0335778
20.31 	 -0.0369432
20.32 	 -0.0345861
20.33 	 -0.0238437
20.34 	 -0.00618554
20.35 	 0.0140499
20.36 	 0.0317217
20.37 	 0.0433484
20.38 	 0.0489923
20.39 	 0.0520672
20.4 	 0.0564976
20.41 	 0.0628655
20.42 	 0.0667502
20.43 	 0.0617567
20.44 	 0.0458521
20.45 	 0.0246554
20.46 	 0.00729667
20.47 	 -0.00040125
20.48 	 0.00154221
20.49 	 0.008873
20.5 	 0.0157706
20.51 	 0.0179025
20.52 	 0.0147855
20.53 	 0.00942276
20.54 	 0.00563332
20.55 	 0.00556824
20.56 	 0.00888609
20.57 	 0.0130738
20.58 	 0.0143221
20.59 	 0.00966033
20.6 	 -0.000105139
20.61 	 -0.00984448
20.62 	 -0.013528
20.63 	 -0.00837077
20.64 	 0.0040574
20.65 	 0.0194917
20.66 	 0.0331132
20.67 	 0.0412249
20.68 	 0.0423508
20.69 	 0.0372208
20.7 	 0.0277409
20.71 	 0.0163136
20.72 	 0.00600285
20.73 	 0.000219461
20.74 	 0.0013736
20.75 	 0.00952433
20.76 	 0.0217552
20.77 	 0.0328712
20.78 	 0.0377379
20.79 	 0.0336776
20.8 	 0.021364
20.81 	 0.00465165
20.82 	 -0.0104951
20.83 	 -0.0180071
20.84 	 -0.0134178
20.85 	 0.00403588
20.86 	 0.0274297
20.87 	 0.0413553
20.88 	 0.031033
20.89 	 -0.00485691
20.9 	 -0.0520193
20.91 	 -0.0908804
20.92 	 -0.107182
20.93 	 -0.0955859
20.94 	 -0.0600985
20.95 	 -0.0137449
20.96 	 0.0259185
20.97 	 0.045517
20.98 	 0.0423515
20.99 	 0.0236219
21.0 	 0.000187228
21.01 	 -0.0192976
21.02 	 -0.0302625
21.03 	 -0.0312671
21.04 	 -0.0227906
21.05 	 -0.00717766
21.06 	 0.0101987
21.07 	 0.0213245
21.08 	 0.0202764
21.09 	 0.00846644
21.1 	 -0.00632773
21.11 	 -0.0164727
21.12 	 -0.0196721
21.13 	 -0.0189761
21.14 	 -0.0192339
21.15 	 -0.0234471
21.16 	 -0.0311048
21.17 	 -0.0384192
21.18 	 -0.0401508
21.19 	 -0.0332826
21.2 	 -0.0204415
21.21 	 -0.00889197
21.22 	 -0.00484192
21.23 	 -0.00853755
21.24 	 -0.0148203
21.25 	 -0.0173861
21.26 	 -0.0119256
21.27 	 0.00282267
21.28 	 0.0240941
21.29 	 0.0449396
21.3 	 0.0571354
21.31 	 0.0558969
21.32 	 0.0426308
21.33 	 0.0236166
21.34 	 0.00579247
21.35 	 -0.00695191
21.36 	 -0.0144073
21.37 	 -0.0183287
21.38 	 -0.0206008
21.39 	 -0.0220026
21.4 	 -0.0217797
21.41 	 -0.0189602
21.42 	 -0.0144264
21.43 	 -0.011023
21.44 	 -0.0115657
21.45 	 -0.0168343
21.46 	 -0.024635
21.47 	 -0.0302005
21.48 	 -0.0281042
21.49 	 -0.0154527
21.5 	 0.00517843
21.51 	 0.0263596
21.52 	 0.0407486
21.53 	 0.0455599
21.54 	 0.0425122
21.55 	 0.0351635
21.56 	 0.026947
21.57 	 0.020382
21.58 	 0.0167679
21.59 	 0.0160322
21.6 	 0.0168143
21.61 	 0.0176051
21.62 	 0.018848
21.63 	 0.0231462
21.64 	 0.0322
21.65 	 0.0443019
21.66 	 0.055047
21.67 	 0.05891
21.68 	 0.0509397
21.69 	 0.0297183
21.7 	 -0.00106385
21.71 	 -0.0346486
21.72 	 -0.0637737
21.73 	 -0.0815224
21.74 	 -0.0833435
21.75 	 -0.0712939
21.76 	 -0.0551757
21.77 	 -0.0467798
21.78 	 -0.0517836
21.79 	 -0.0665605
21.8 	 -0.0816626
21.81 	 -0.0877768
21.82 	 -0.0793027
21.83 	 -0.0547219
21.84 	 -0.0164536
21.85 	 0.0285378
21.86 	 0.0698802
21.87 	 0.0983393
21.88 	 0.110495
21.89 	 0.109305
21.9 	 0.10077
21.91 	 0.0900682
21.92 	 0.0795107
21.93 	 0.0683682
21.94 	 0.0537496
21.95 	 0.0324594
21.96 	 0.00382745
21.97 	 -0.0279746
21.98 	 -0.0542712
21.99 	 -0.0665823
22.0 	 -0.0638375
22.01 	 -0.054088
22.02 	 -0.0470578
22.03 	 -0.0470182
22.04 	 -0.0533991
22.05 	 -0.0632799
22.06 	 -0.0713621
22.07 	 -0.0714632
22.08 	 -0.060072
22.09 	 -0.0380696
22.1 	 -0.010504
22.11 	 0.0146118
22.12 	 0.0298704
22.13 	 0.0330281
22.14 	 0.0280085
22.15 	 0.0214968
22.16 	 0.0189378
22.17 	 0.0225886
22.18 	 0.030949
22.19 	 0.0391723
22.2 	 0.0416417
22.21 	 0.0356006
22.22 	 0.0222324
22.23 	 0.00465177
22.24 	 -0.0141541
22.25 	 -0.0318613
22.26 	 -0.0466444
22.27 	 -0.057365
22.28 	 -0.0645678
22.29 	 -0.0704924
22.3 	 -0.075641
22.31 	 -0.0753152
22.32 	 -0.062432
22.33 	 -0.0344603
22.34 	 0.0037545
22.35 	 0.0433016
22.36 	 0.076064
22.37 	 0.0975425
22.38 	 0.106932
22.39 	 0.104997
22.4 	 0.0920782
22.41 	 0.0691681
22.42 	 0.0409311
22.43 	 0.0161916
22.44 	 0.00427518
22.45 	 0.00970894
22.46 	 0.0291148
22.47 	 0.0528307
22.48 	 0.069806
22.49 	 0.0721558
22.5 	 0.057607
22.51 	 0.0293727
22.52 	 -0.00597314
22.53 	 -0.0403231
22.54 	 -0.0653299
22.55 	 -0.0754149
22.56 	 -0.0710878
22.57 	 -0.0582423
22.58 	 -0.0436152
22.59 	 -0.0308792
22.6 	 -0.0197928
22.61 	 -0.00770485
22.62 	 0.00793872
22.63 	 0.0277038
22.64 	 0.050095
22.65 	 0.0722991
22.66 	 0.0900447
22.67 	 0.0977325
22.68 	 0.0910427
22.69 	 0.0706313
22.7 	 0.0437016
22.71 	 0.0215418
22.72 	 0.0125966
22.73 	 0.015831
22.74 	 0.0222798
22.75 	 0.0233033
22.76 	 0.0154907
22.77 	 -0.00070435
22.78 	 -0.0227928
22.79 	 -0.0461725
22.8 	 -0.0648852
22.81 	 -0.073982
22.82 	 -0.0717166
22.83 	 -0.0603439
22.84 	 -0.0446647
22.85 	 -0.0285718
22.86 	 -0.0130284
22.87 	 0.00186393
22.88 	 0.0140183
22.89 	 0.0202573
22.9 	 0.0195287
22.91 	 0.0141774
22.92 	 0.00832502
22.93 	 0.00537011
22.94 	 0.00679169
22.95 	 0.0128426
22.96 	 0.0232788
22.97 	 0.0365757
22.98 	 0.0493281
22.99 	 0.0577976
23.0 	 0.0604177
23.01 	 0.0589291
23.02 	 0.0570072
23.03 	 0.056952
23.04 	 0.0574022
23.05 	 0.0547128
23.06 	 0.0461646
23.07 	 0.0312616
23.08 	 0.0108747
23.09 	 -0.0134358
23.1 	 -0.0392002
23.11 	 -0.0630658
23.12 	 -0.0816449
23.13 	 -0.0925951
23.14 	 -0.0952181
23.15 	 -0.0902515
23.16 	 -0.0792511
23.17 	 -0.0647519
23.18 	 -0.0506228
23.19 	 -0.0397384
23.2 	 -0.0301676
23.21 	 -0.0159193
23.22 	 0.00737751
23.23 	 0.0387825
23.24 	 0.0731992
23.25 	 0.103904
23.26 	 0.124574
23.27 	 0.13133
23.28 	 0.123888
23.29 	 0.104956
23.3 	 0.078838
23.31 	 0.0502519
23.32 	 0.0234224
23.33 	 0.00152117
23.34 	 -0.0136782
23.35 	 -0.0225418
23.36 	 -0.0278485
23.37 	 -0.0330698
23.38 	 -0.0403366
23.39 	 -0.0502481
23.4 	 -0.0618488
23.41 	 -0.0720575
23.42 	 -0.0771955
23.43 	 -0.0761703
23.44 	 -0.0712995
23.45 	 -0.0658218
23.46 	 -0.0609664
23.47 	 -0.0548536
23.48 	 -0.0435793
23.49 	 -0.0242618
23.5 	 0.00157015
23.51 	 0.0275984
23.52 	 0.0464158
23.53 	 0.0541419
23.54 	 0.0525602
23.55 	 0.0479592
23.56 	 0.0471335
23.57 	 0.0523302
23.58 	 0.0592652
23.59 	 0.0607859
23.6 	 0.0525813
23.61 	 0.0351863
23.62 	 0.0118788
23.63 	 -0.0136186
23.64 	 -0.0376786
23.65 	 -0.0567271
23.66 	 -0.0679756
23.67 	 -0.0708853
23.68 	 -0.0679861
23.69 	 -0.0638797
23.7 	 -0.0632051
23.71 	 -0.0688058
23.72 	 -0.0800522
23.73 	 -0.0921644
23.74 	 -0.0984763
23.75 	 -0.0945313
23.76 	 -0.0801909
23.77 	 -0.0585336
23.78 	 -0.0337362
23.79 	 -0.00974126
23.8 	 0.0105693
23.81 	 0.0264932
23.82 	 0.0402137
23.83 	 0.0553227
23.84 	 0.0736169
23.85 	 0.0932484
23.86 	 0.109705
23.87 	 0.118257
23.88 	 0.116373
23.89 	 0.104924
23.9 	 0.0870069
23.91 	 0.065208
23.92 	 0.039907
23.93 	 0.0100391
23.94 	 -0.024365
23.95 	 -0.0599886
23.96 	 -0.090911
23.97 	 -0.112236
23.98 	 -0.123206
23.99 	 -0.126766
24.0 	 -0.126651
24.01 	 -0.125044
24.02 	 -0.1219
24.03 	 -0.115406
24.04 	 -0.103283
24.05 	 -0.0843677
24.06 	 -0.0593714
24.07 	 -0.0309621
24.08 	 -0.00388983
24.09 	 0.0161997
24.1 	 0.026681
24.11 	 0.0313129
24.12 	 0.0379448
24.13 	 0.0519505
24.14 	 0.0724471
24.15 	 0.0938481
24.16 	 0.108739
24.17 	 0.110002
24.18 	 0.0935769
24.19 	 0.0608037
24.2 	 0.0179112
24.21 	 -0.0268519
24.22 	 -0.0665634
24.23 	 -0.0977385
24.24 	 -0.119855
24.25 	 -0.133259
24.26 	 -0.138093
24.27 	 -0.135014
24.28 	 -0.125914
24.29 	 -0.113125
24.3 	 -0.0978289
24.31 	 -0.0795851
24.32 	 -0.0574542
24.33 	 -0.0313626
24.34 	 -0.00251098
24.35 	 0.0271721
24.36 	 0.0558117
24.37 	 0.0817247
24.38 	 0.102772
24.39 	 0.116051
24.4 	 0.118851
24.41 	 0.110183
24.42 	 0.0914877
24.43 	 0.0657507
24.44 	 0.036086
24.45 	 0.00575842
24.46 	 -0.0207975
24.47 	 -0.0389129
24.48 	 -0.0471323
24.49 	 -0.0493356
24.5 	 -0.0521936
24.51 	 -0.0596984
24.52 	 -0.0698087
24.53 	 -0.0763735
24.54 	 -0.0744331
24.55 	 -0.0636791
24.56 	 -0.0472656
24.57 	 -0.0284768
24.58 	 -0.00913433
24.59 	 0.00971256
24.6 	 0.0268745
24.61 	 0.0411726
24.62 	 0.0521487
24.63 	 0.0604139
24.64 	 0.067257
24.65 	 0.0736035
24.66 	 0.0789437
24.67 	 0.0812114
24.68 	 0.0778413
24.69 	 0.0672892
24.7 	 0.0504095
24.71 	 0.031023
24.72 	 0.014423
24.73 	 0.00391455
24.74 	 -0.00179293
24.75 	 -0.00759271
24.76 	 -0.0178953
24.77 	 -0.0326492
24.78 	 -0.0466881
24.79 	 -0.0531931
24.8 	 -0.048649
24.81 	 -0.0351862
24.82 	 -0.0186078
24.83 	 -0.00445888
24.84 	 0.00443175
24.85 	 0.00798326
24.86 	 0.00775779
24.87 	 0.00596972
24.88 	 0.00476736
24.89 	 0.00555729
24.9 	 0.00857592
24.91 	 0.0129884
24.92 	 0.0173985
24.93 	 0.0206113
24.94 	 0.0224286
24.95 	 0.0236975
24.96 	 0.0251352
24.97 	 0.0261103
24.98 	 0.0249919
24.99 	 0.0206355
25.0 	 0.0131291
25.01 	 0.00310837
25.02 	 -0.00907554
25.03 	 -0.0227545
25.04 	 -0.0353572
25.05 	 -0.0424123
25.06 	 -0.0406172
25.07 	 -0.0313968
25.08 	 -0.020372
25.09 	 -0.0123662
25.1 	 -0.00735991
25.11 	 -0.00156053
25.12 	 0.00854974
25.13 	 0.0235524
25.14 	 0.0411251
25.15 	 0.0573555
25.16 	 0.0681058
25.17 	 0.0703546
25.18 	 0.0633778
25.19 	 0.0488765
25.2 	 0.0295775
25.21 	 0.00733757
25.22 	 -0.0174062
25.23 	 -0.0441087
25.24 	 -0.0692912
25.25 	 -0.0844673
25.26 	 -0.0789629
25.27 	 -0.0488594
25.28 	 -0.00337498
25.29 	 0.0400779
25.3 	 0.066651
25.31 	 0.0698319
25.32 	 0.0511551
25.33 	 0.0182392
25.34 	 -0.0176426
25.35 	 -0.0452439
25.36 	 -0.0576783
25.37 	 -0.0549998
25.38 	 -0.0429236
25.39 	 -0.0287051
25.4 	 -0.0177623
25.41 	 -0.0130827
25.42 	 -0.0161739
25.43 	 -0.0275775
25.44 	 -0.045827
25.45 	 -0.0654942
25.46 	 -0.0775773
25.47 	 -0.0737377
25.48 	 -0.0509414
25.49 	 -0.013194
25.5 	 0.0298515
25.51 	 0.0669689
25.52 	 0.0903481
25.53 	 0.0979397
25.54 	 0.0919785
25.55 	 0.0764551
25.56 	 0.0559035
25.57 	 0.0346538
25.58 	 0.0155183
25.59 	 -0.000887361
25.6 	 -0.0153444
25.61 	 -0.02872
25.62 	 -0.0408245
25.63 	 -0.0497561
25.64 	 -0.0528986
25.65 	 -0.0493738
25.66 	 -0.0411843
25.67 	 -0.0319159
25.68 	 -0.025061
25.69 	 -0.0226282
25.7 	 -0.0232058
25.71 	 -0.0215762
25.72 	 -0.011902
25.73 	 0.0085503
25.74 	 0.0382495
25.75 	 0.0715241
25.76 	 0.0994638
25.77 	 0.113344
25.78 	 0.108888
25.79 	 0.0874173
25.8 	 0.054085
25.81 	 0.0159873
25.82 	 -0.0196445
25.83 	 -0.0475901
25.84 	 -0.0657608
25.85 	 -0.074655
25.86 	 -0.0758807
25.87 	 -0.0708441
25.88 	 -0.0613205
25.89 	 -0.0511613
25.9 	 -0.045073
25.91 	 -0.0445193
25.92 	 -0.0463773
25.93 	 -0.0461348
25.94 	 -0.0411022
25.95 	 -0.0304171
25.96 	 -0.0132433
25.97 	 0.0114776
25.98 	 0.0418789
25.99 	 0.0705986
26.0 	 0.0895599
26.01 	 0.0986296
26.02 	 0.105217
26.03 	 0.113527
26.04 	 0.118407
26.05 	 0.111428
26.06 	 0.0893977
26.07 	 0.0560076
26.08 	 0.018393
26.09 	 -0.0167945
26.1 	 -0.0457947
26.11 	 -0.0678131
26.12 	 -0.0837507
26.13 	 -0.0953912
26.14 	 -0.104667
26.15 	 -0.112047
26.16 	 -0.115427
26.17 	 -0.111321
26.18 	 -0.0976813
26.19 	 -0.0758603
26.2 	 -0.0498416
26.21 	 -0.0230858
26.22 	 0.00421565
26.23 	 0.0342656
26.24 	 0.0676517
26.25 	 0.100879
26.26 	 0.128578
26.27 	 0.147681
26.28 	 0.158715
26.29 	 0.163542
26.3 	 0.163046
26.31 	 0.156929
26.32 	 0.144214
26.33 	 0.123187
26.34 	 0.0921525
26.35 	 0.0520845
26.36 	 0.00925893
26.37 	 -0.0256499
26.38 	 -0.0439265
26.39 	 -0.046616
26.4 	 -0.0444692
26.41 	 -0.0480418
26.42 	 -0.059121
26.43 	 -0.0720914
26.44 	 -0.0803876
26.45 	 -0.0804361
26.46 	 -0.0720927
26.47 	 -0.0575921
26.48 	 -0.0403707
26.49 	 -0.024351
26.5 	 -0.0130508
26.51 	 -0.00791838
26.52 	 -0.00733571
26.53 	 -0.00781319
26.54 	 -0.0061892
26.55 	 -0.000841583
26.56 	 0.00820272
26.57 	 0.0197201
26.58 	 0.0323007
26.59 	 0.0449669
26.6 	 0.0561374
26.61 	 0.0625883
26.62 	 0.0613843
26.63 	 0.053379
26.64 	 0.0435995
26.65 	 0.0375169
26.66 	 0.0369261
26.67 	 0.0389558
26.68 	 0.0386281
26.69 	 0.0324688
26.7 	 0.0200731
26.71 	 0.00359195
26.72 	 -0.0125381
26.73 	 -0.0221442
26.74 	 -0.0207701
26.75 	 -0.00994606
26.76 	 0.00309463
26.77 	 0.0102179
26.78 	 0.00671235
26.79 	 -0.00724176
26.8 	 -0.0267923
26.81 	 -0.0434987
26.82 	 -0.0482957
26.83 	 -0.0373819
26.84 	 -0.0171641
26.85 	 -0.000517887
26.86 	 0.00466664
26.87 	 0.00171375
26.88 	 -0.00125531
26.89 	 -0.00149106
26.9 	 -0.00328799
26.91 	 -0.0107771
26.92 	 -0.0215584
26.93 	 -0.0280119
26.94 	 -0.0233296
26.95 	 -0.00635772
26.96 	 0.0169776
26.97 	 0.0363344
26.98 	 0.0426146
26.99 	 0.0325596
27.0 	 0.0102003
27.01 	 -0.0146683
27.02 	 -0.0321698
27.03 	 -0.0395125
27.04 	 -0.0416957
27.05 	 -0.0444826
27.06 	 -0.0477811
27.07 	 -0.0455123
27.08 	 -0.031483
27.09 	 -0.00634553
27.1 	 0.0213181
27.11 	 0.0407704
27.12 	 0.0448741
27.13 	 0.0323182
27.14 	 0.00878395
27.15 	 -0.0135945
27.16 	 -0.0216461
27.17 	 -0.00919874
27.18 	 0.0186398
27.19 	 0.0481081
27.2 	 0.0640836
27.21 	 0.0576941
27.22 	 0.0310242
27.23 	 -0.00357285
27.24 	 -0.0310282
27.25 	 -0.0434323
27.26 	 -0.0434328
27.27 	 -0.0392677
27.28 	 -0.037702
27.29 	 -0.0400002
27.3 	 -0.0422884
27.31 	 -0.0392624
27.32 	 -0.0277858
27.33 	 -0.00825734
27.34 	 0.0153577
27.35 	 0.0367756
27.36 	 0.0503756
27.37 	 0.0537958
27.38 	 0.0480976
27.39 	 0.0364612
27.4 	 0.0228382
27.41 	 0.0105893
27.42 	 0.00142535
27.43 	 -0.00459572
27.44 	 -0.00837045
27.45 	 -0.0112429
27.46 	 -0.0146961
27.47 	 -0.0197863
27.48 	 -0.026436
27.49 	 -0.0331228
27.5 	 -0.0373599
27.51 	 -0.0368895
27.52 	 -0.0308363
27.53 	 -0.0198708
27.54 	 -0.00543089
27.55 	 0.0107213
27.56 	 0.0260592
27.57 	 0.0375135
27.58 	 0.0434072
27.59 	 0.0451114
27.6 	 0.0461471
27.61 	 0.0494127
27.62 	 0.0548378
27.63 	 0.0591104
27.64 	 0.0576826
27.65 	 0.0475907
27.66 	 0.0290109
27.67 	 0.00462698
27.68 	 -0.0221017
27.69 	 -0.0477254
27.7 	 -0.0684797
27.71 	 -0.0808869
27.72 	 -0.0836881
27.73 	 -0.078655
27.74 	 -0.068963
27.75 	 -0.0570519
27.76 	 -0.0440335
27.77 	 -0.0302131
27.78 	 -0.0155509
27.79 	 -5.37448e-05
27.8 	 0.015752
27.81 	 0.0307601
27.82 	 0.043653
27.83 	 0.0531352
27.84 	 0.0584048
27.85 	 0.0602824
27.86 	 0.0610087
27.87 	 0.0612264
27.88 	 0.0578022
27.89 	 0.0466722
27.9 	 0.027831
27.91 	 0.00617837
27.92 	 -0.0123785
27.93 	 -0.0246535
27.94 	 -0.0305964
27.95 	 -0.0318788
27.96 	 -0.0309576
27.97 	 -0.0305288
27.98 	 -0.0325307
27.99 	 -0.0372931
28.0 	 -0.0435809
28.01 	 -0.0490232
28.02 	 -0.0505996
28.03 	 -0.0459293
28.04 	 -0.0352619
28.05 	 -0.0222268
28.06 	 -0.0119218
28.07 	 -0.007694
28.08 	 -0.00939154
28.09 	 -0.0140657
28.1 	 -0.0177061
28.11 	 -0.0168132
28.12 	 -0.00992727
28.13 	 0.00138594
28.14 	 0.0133373
28.15 	 0.0221265
28.16 	 0.0257491
28.17 	 0.0244921
28.18 	 0.0204033
28.19 	 0.0161349
28.2 	 0.0136264
28.21 	 0.0132922
28.22 	 0.0140968
28.23 	 0.0143015
28.24 	 0.0124156
28.25 	 0.00799728
28.26 	 0.00196643
28.27 	 -0.00383352
28.28 	 -0.00765267
28.29 	 -0.00878558
28.3 	 -0.00778433
28.31 	 -0.00583493
28.32 	 -0.00397702
28.33 	 -0.00287029
28.34 	 -0.00296407
28.35 	 -0.00452339
28.36 	 -0.00749844
28.37 	 -0.0114763
28.38 	 -0.0156665
28.39 	 -0.0190148
28.4 	 -0.0206743
28.41 	 -0.0204791
28.42 	 -0.0188744
28.43 	 -0.0164476
28.44 	 -0.0135683
28.45 	 -0.0103368
28.46 	 -0.00676926
28.47 	 -0.00301329
28.48 	 0.000642527
28.49 	 0.00394352
28.5 	 0.00679352
28.51 	 0.00922111
28.52 	 0.0112473
28.53 	 0.0127729
28.54 	 0.0136431
28.55 	 0.0138966
28.56 	 0.0138877
28.57 	 0.0139998
28.58 	 0.014221
28.59 	 0.0141137
28.6 	 0.0132242
28.61 	 0.0114872
28.62 	 0.00925983
28.63 	 0.00692199
28.64 	 0.00433789
28.65 	 0.00081202
28.66 	 -0.00419599
28.67 	 -0.0103122
28.68 	 -0.0163403
28.69 	 -0.0210563
28.7 	 -0.0238343
28.71 	 -0.0247309
28.72 	 -0.0242751
28.73 	 -0.0231586
28.74 	 -0.0218932
28.75 	 -0.020604
28.76 	 -0.0190764
28.77 	 -0.0169429
28.78 	 -0.0138707
28.79 	 -0.00972681
28.8 	 -0.00467508
28.81 	 0.000885252
28.82 	 0.00649393
28.83 	 0.0117224
28.84 	 0.0161326
28.85 	 0.0192898
28.86 	 0.0209253
28.87 	 0.0210605
28.88 	 0.0199215
28.89 	 0.017758
28.9 	 0.0147804
28.91 	 0.0112224
28.92 	 0.00736291
28.93 	 0.00345346
28.94 	 -0.000345518
28.95 	 -0.00396219
28.96 	 -0.00736832
28.97 	 -0.0105066
28.98 	 -0.0132348
28.99 	 -0.0153557
29.0 	 -0.0167101
29.01 	 -0.0172368
29.02 	 -0.0169586
29.03 	 -0.0159027
29.04 	 -0.0140334
29.05 	 -0.0113079
29.06 	 -0.00783433
29.07 	 -0.00393441
29.08 	 -1.65334e-05
29.09 	 0.00359525
29.1 	 0.00671397
29.11 	 0.00925017
29.12 	 0.0111832
29.13 	 0.0125531
29.14 	 0.0134206
29.15 	 0.0138008
29.16 	 0.0136341
29.17 	 0.0128279
29.18 	 0.0113314
29.19 	 0.00918913
29.2 	 0.00654103
29.21 	 0.00358654
29.22 	 0.000542787
29.23 	 -0.00238871
29.24 	 -0.00504662
29.25 	 -0.00732078
29.26 	 -0.00914308
29.27 	 -0.0104643
29.28 	 -0.0112368
29.29 	 -0.0114198
29.3 	 -0.0109994
29.31 	 -0.0100024
29.32 	 -0.0084907
29.33 	 -0.00654741
29.34 	 -0.00427021
29.35 	 -0.00177417
29.36 	 0.000808978
29.37 	 0.00334099
29.38 	 0.00569051
29.39 	 0.00774261
29.4 	 0.00940393
29.41 	 0.0106052
29.42 	 0.0113021
29.43 	 0.0114753
29.44 	 0.0111299
29.45 	 0.0102947
29.46 	 0.00902094
29.47 	 0.00738086
29.48 	 0.00546435
29.49 	 0.00337454
29.5 	 0.0012219
29.51 	 -0.000882077
29.52 	 -0.00283114
29.53 	 -0.00453003
29.54 	 -0.00589902
29.55 	 -0.00687721
29.56 	 -0.00742467
29.57 	 -0.00752356
29.58 	 -0.0071785
29.59 	 -0.00641589
29.6 	 -0.00528218
29.61 	 -0.00384133
29.62 	 -0.00217142
29.63 	 -0.000360643
29.64 	 0.00149744
29.65 	 0.00330884
29.66 	 0.00498411
29.67 	 0.0064428
29.68 	 0.00761727
29.69 	 0.00845577
29.7 	 0.00892456
29.71 	 0.00900905
29.72 	 0.00871408
29.73 	 0.00361522
29.74 	 -0.00652866
