0.0 	 -3.79217e-17
0.01 	 5.21321e-09
0.02 	 4.74704e-08
0.03 	 2.04529e-07
0.04 	 5.51154e-07
0.05 	 1.02082e-06
0.06 	 1.28783e-06
0.07 	 7.99463e-07
0.08 	 -1.059e-06
0.09 	 -4.79992e-06
0.1 	 -1.0765e-05
0.11 	 -1.9148e-05
0.12 	 -3.00521e-05
0.13 	 -4.35424e-05
0.14 	 -5.96887e-05
0.15 	 -7.861e-05
0.16 	 -0.000100494
0.17 	 -0.000125535
0.18 	 -0.000153778
0.19 	 -0.000185001
0.2 	 -0.000218815
0.21 	 -0.00025506
0.22 	 -0.000294308
0.23 	 -0.000338046
0.24 	 -0.000387986
0.25 	 -0.000444346
0.26 	 -0.000503975
0.27 	 -0.000559967
0.28 	 -0.00060375
0.29 	 -0.000628651
0.3 	 -0.000632622
0.31 	 -0.000618618
0.32 	 -0.000592912
0.33 	 -0.000562388
0.34 	 -0.00053164
0.35 	 -0.000500757
0.36 	 -0.000464917
0.37 	 -0.000416274
0.38 	 -0.000347358
0.39 	 -0.000254335
0.4 	 -0.00013879
0.41 	 -7.64933e-06
0.42 	 0.000128765
0.43 	 0.000260491
0.44 	 0.000382227
0.45 	 0.000495086
0.46 	 0.000603408
0.47 	 0.00070797
0.48 	 0.000800657
0.49 	 0.000865519
0.5 	 0.000886442
0.51 	 0.000856353
0.52 	 0.000782358
0.53 	 0.000685402
0.54 	 0.000596337
0.55 	 0.000550242
0.56 	 0.000579995
0.57 	 0.00070945
0.58 	 0.000946229
0.59 	 0.001276
0.6 	 0.00166344
0.61 	 0.00206361
0.62 	 0.00243968
0.63 	 0.00277631
0.64 	 0.00307949
0.65 	 0.00336241
0.66 	 0.00362622
0.67 	 0.00384924
0.68 	 0.00399237
0.69 	 0.00401639
0.7 	 0.00389893
0.71 	 0.00364128
0.72 	 0.00326472
0.73 	 0.00280295
0.74 	 0.0022966
0.75 	 0.00178998
0.76 	 0.00132731
0.77 	 0.000946333
0.78 	 0.000670844
0.79 	 0.000505891
0.8 	 0.00043893
0.81 	 0.000446812
0.82 	 0.000504267
0.83 	 0.000588431
0.84 	 0.000677544
0.85 	 0.000747354
0.86 	 0.0007706
0.87 	 0.000721579
0.88 	 0.000583178
0.89 	 0.000352182
0.9 	 4.0444e-05
0.91 	 -0.000327551
0.92 	 -0.000718366
0.93 	 -0.00109332
0.94 	 -0.00141414
0.95 	 -0.001653
0.96 	 -0.0018049
0.97 	 -0.00189416
0.98 	 -0.00196788
0.99 	 -0.00207736
1.0 	 -0.00225744
1.01 	 -0.00251394
1.02 	 -0.00282319
1.03 	 -0.00314131
1.04 	 -0.0034177
1.05 	 -0.003607
1.06 	 -0.00367569
1.07 	 -0.00360434
1.08 	 -0.0033882
1.09 	 -0.00303759
1.1 	 -0.00257756
1.11 	 -0.00204578
1.12 	 -0.00148746
1.13 	 -0.000947496
1.14 	 -0.000462036
1.15 	 -5.29902e-05
1.16 	 0.000272851
1.17 	 0.000521278
1.18 	 0.000706305
1.19 	 0.000843103
1.2 	 0.000937957
1.21 	 0.00098072
1.22 	 0.000947483
1.23 	 0.000813646
1.24 	 0.000568128
1.25 	 0.000219279
1.26 	 -0.000209479
1.27 	 -0.000689957
1.28 	 -0.00119936
1.29 	 -0.00172476
1.3 	 -0.00225894
1.31 	 -0.00278991
1.32 	 -0.00329102
1.33 	 -0.00371885
1.34 	 -0.00402258
1.35 	 -0.00416207
1.36 	 -0.00412588
1.37 	 -0.00393842
1.38 	 -0.0036508
1.39 	 -0.00332036
1.4 	 -0.00299003
1.41 	 -0.00267694
1.42 	 -0.00237269
1.43 	 -0.00205318
1.44 	 -0.00169347
1.45 	 -0.00128262
1.46 	 -0.000832427
1.47 	 -0.000375621
1.48 	 4.59897e-05
1.49 	 0.000396688
1.5 	 0.000657421
1.51 	 0.000827881
1.52 	 0.000921739
1.53 	 0.000959717
1.54 	 0.00096472
1.55 	 0.000960056
1.56 	 0.000968163
1.57 	 0.00100697
1.58 	 0.00108465
1.59 	 0.00119692
1.6 	 0.00133013
1.61 	 0.00146845
1.62 	 0.00160038
1.63 	 0.001721
1.64 	 0.00183046
1.65 	 0.0019319
1.66 	 0.00203053
1.67 	 0.00213339
1.68 	 0.00224887
1.69 	 0.00238533
1.7 	 0.00254931
1.71 	 0.0027443
1.72 	 0.00297101
1.73 	 0.00322913
1.74 	 0.00351823
1.75 	 0.00383558
1.76 	 0.00417054
1.77 	 0.00450017
1.78 	 0.00479121
1.79 	 0.00501014
1.8 	 0.00513617
1.81 	 0.00516917
1.82 	 0.0051285
1.83 	 0.00504617
1.84 	 0.00495991
1.85 	 0.00490734
1.86 	 0.00491939
1.87 	 0.00501361
1.88 	 0.0051906
1.89 	 0.00543521
1.9 	 0.00572223
1.91 	 0.00602453
1.92 	 0.00632085
1.93 	 0.00659906
1.94 	 0.00685272
1.95 	 0.00707354
1.96 	 0.00724607
1.97 	 0.00734934
1.98 	 0.00736499
1.99 	 0.00728698
2.0 	 0.00712786
2.01 	 0.00691842
2.02 	 0.0066999
2.03 	 0.00651147
2.04 	 0.00637927
2.05 	 0.0063135
2.06 	 0.00631466
2.07 	 0.00638446
2.08 	 0.00653362
2.09 	 0.00678164
2.1 	 0.00714969
2.11 	 0.00765092
2.12 	 0.0082828
2.13 	 0.00902407
2.14 	 0.00983818
2.15 	 0.0106818
2.16 	 0.0115138
2.17 	 0.0123014
2.18 	 0.0130204
2.19 	 0.0136543
2.2 	 0.0141929
2.21 	 0.0146305
2.22 	 0.0149639
2.23 	 0.0151908
2.24 	 0.015309
2.25 	 0.015315
2.26 	 0.0152032
2.27 	 0.0149671
2.28 	 0.0146057
2.29 	 0.0141301
2.3 	 0.0135673
2.31 	 0.0129565
2.32 	 0.0123409
2.33 	 0.0117597
2.34 	 0.0112416
2.35 	 0.0108029
2.36 	 0.010447
2.37 	 0.0101683
2.38 	 0.00995762
2.39 	 0.00980846
2.4 	 0.00972097
2.41 	 0.00970162
2.42 	 0.00975959
2.43 	 0.00990109
2.44 	 0.0101233
2.45 	 0.0104106
2.46 	 0.0107368
2.47 	 0.0110719
2.48 	 0.0113923
2.49 	 0.0116852
2.5 	 0.0119451
2.51 	 0.0121652
2.52 	 0.0123314
2.53 	 0.012423
2.54 	 0.0124214
2.55 	 0.0123179
2.56 	 0.0121169
2.57 	 0.0118323
2.58 	 0.0114814
2.59 	 0.0110815
2.6 	 0.0106502
2.61 	 0.0102065
2.62 	 0.00976933
2.63 	 0.00935365
2.64 	 0.00896627
2.65 	 0.00860615
2.66 	 0.00827067
2.67 	 0.00796343
2.68 	 0.00769689
2.69 	 0.00748714
2.7 	 0.00734487
2.71 	 0.0072695
2.72 	 0.00725026
2.73 	 0.00727271
2.74 	 0.0073257
2.75 	 0.0074041
2.76 	 0.00750597
2.77 	 0.0076274
2.78 	 0.00775984
2.79 	 0.00789168
2.8 	 0.00801154
2.81 	 0.00810959
2.82 	 0.00817643
2.83 	 0.00820194
2.84 	 0.00817685
2.85 	 0.00809678
2.86 	 0.00796631
2.87 	 0.0077999
2.88 	 0.00761776
2.89 	 0.00743817
2.9 	 0.00727045
2.91 	 0.00711312
2.92 	 0.00695824
2.93 	 0.00679867
2.94 	 0.0066334
2.95 	 0.00646821
2.96 	 0.00631173
2.97 	 0.00616931
2.98 	 0.00603845
2.99 	 0.0059081
3.0 	 0.00576214
3.01 	 0.00558435
3.02 	 0.00536186
3.03 	 0.00508647
3.04 	 0.00475594
3.05 	 0.00437702
3.06 	 0.00396852
3.07 	 0.00356083
3.08 	 0.00319075
3.09 	 0.00289381
3.1 	 0.00269689
3.11 	 0.00261269
3.12 	 0.00263778
3.13 	 0.00275538
3.14 	 0.00294243
3.15 	 0.00317884
3.16 	 0.00345553
3.17 	 0.00377771
3.18 	 0.0041608
3.19 	 0.00462063
3.2 	 0.00516266
3.21 	 0.005776
3.22 	 0.00643409
3.23 	 0.00710061
3.24 	 0.00773654
3.25 	 0.00830529
3.26 	 0.0087751
3.27 	 0.00911958
3.28 	 0.00931747
3.29 	 0.00935213
3.3 	 0.00921187
3.31 	 0.00889172
3.32 	 0.00839532
3.33 	 0.00773504
3.34 	 0.0069304
3.35 	 0.00600726
3.36 	 0.00500001
3.37 	 0.00395604
3.38 	 0.00293825
3.39 	 0.00202042
3.4 	 0.00127355
3.41 	 0.000748279
3.42 	 0.000462236
3.43 	 0.000399606
3.44 	 0.000524355
3.45 	 0.000799253
3.46 	 0.00119842
3.47 	 0.00170672
3.48 	 0.00230938
3.49 	 0.00298098
3.5 	 0.00368161
3.51 	 0.00436316
3.52 	 0.00498146
3.53 	 0.00550576
3.54 	 0.00591991
3.55 	 0.00621688
3.56 	 0.00639242
3.57 	 0.00644262
3.58 	 0.00636589
3.59 	 0.00616776
3.6 	 0.00586562
3.61 	 0.00548976
3.62 	 0.00507845
3.63 	 0.00466892
3.64 	 0.00428948
3.65 	 0.00395592
3.66 	 0.00367206
3.67 	 0.00343253
3.68 	 0.00322685
3.69 	 0.0030441
3.7 	 0.00287813
3.71 	 0.00273244
3.72 	 0.00262188
3.73 	 0.0025688
3.74 	 0.00259526
3.75 	 0.00271618
3.76 	 0.00293703
3.77 	 0.00325589
3.78 	 0.00366688
3.79 	 0.00416171
3.8 	 0.00472792
3.81 	 0.00534483
3.82 	 0.00597989
3.83 	 0.00658887
3.84 	 0.00712288
3.85 	 0.00754072
3.86 	 0.0078201
3.87 	 0.00796135
3.88 	 0.00798289
3.89 	 0.00791281
3.9 	 0.00778171
3.91 	 0.0076185
3.92 	 0.00744826
3.93 	 0.00729038
3.94 	 0.00715726
3.95 	 0.00705469
3.96 	 0.00698442
3.97 	 0.00694762
3.98 	 0.00694689
3.99 	 0.0069852
4.0 	 0.00706242
4.01 	 0.00717223
4.02 	 0.00730278
4.03 	 0.0074412
4.04 	 0.00757865
4.05 	 0.00771185
4.06 	 0.00784094
4.07 	 0.00796614
4.08 	 0.00808531
4.09 	 0.00819263
4.1 	 0.00827841
4.11 	 0.00833038
4.12 	 0.00833665
4.13 	 0.00828896
4.14 	 0.00818415
4.15 	 0.00802234
4.16 	 0.00780341
4.17 	 0.00752442
4.18 	 0.00718069
4.19 	 0.00677079
4.2 	 0.00630277
4.21 	 0.00579802
4.22 	 0.00529056
4.23 	 0.0048209
4.24 	 0.00442633
4.25 	 0.00413249
4.26 	 0.00395101
4.27 	 0.00388325
4.28 	 0.00392532
4.29 	 0.00407027
4.3 	 0.00430657
4.31 	 0.00461582
4.32 	 0.0049727
4.33 	 0.00534791
4.34 	 0.00571173
4.35 	 0.00603535
4.36 	 0.00628985
4.37 	 0.00644653
4.38 	 0.0064818
4.39 	 0.00638526
4.4 	 0.00616499
4.41 	 0.00584543
4.42 	 0.00545748
4.43 	 0.00502572
4.44 	 0.00455901
4.45 	 0.00404907
4.46 	 0.00347782
4.47 	 0.00283025
4.48 	 0.00210732
4.49 	 0.00133377
4.5 	 0.000557008
4.51 	 -0.00016311
4.52 	 -0.000768549
4.53 	 -0.00121483
4.54 	 -0.00147625
4.55 	 -0.00154486
4.56 	 -0.00142652
4.57 	 -0.00113687
4.58 	 -0.000698998
4.59 	 -0.000141828
4.6 	 0.000501614
4.61 	 0.00119649
4.62 	 0.00190825
4.63 	 0.00260363
4.64 	 0.00325117
4.65 	 0.00382218
4.66 	 0.00429281
4.67 	 0.00464618
4.68 	 0.00487332
4.69 	 0.00497223
4.7 	 0.00494516
4.71 	 0.0047956
4.72 	 0.00452671
4.73 	 0.00414216
4.74 	 0.00364914
4.75 	 0.00306157
4.76 	 0.00240112
4.77 	 0.00169561
4.78 	 0.000975765
4.79 	 0.000272675
4.8 	 -0.000383159
4.81 	 -0.00096106
4.82 	 -0.00143021
4.83 	 -0.00176327
4.84 	 -0.00194344
4.85 	 -0.00197041
4.86 	 -0.0018609
4.87 	 -0.0016424
4.88 	 -0.00134326
4.89 	 -0.000984301
4.9 	 -0.000575634
4.91 	 -0.000119772
4.92 	 0.000380705
4.93 	 0.000914779
4.94 	 0.00145853
4.95 	 0.00197709
4.96 	 0.00243159
4.97 	 0.00278763
4.98 	 0.00302215
4.99 	 0.00312663
5.0 	 0.00310536
5.01 	 0.00296975
5.02 	 0.00273265
5.03 	 0.00240731
5.04 	 0.00201148
5.05 	 0.00157196
5.06 	 0.00112495
5.07 	 0.000711078
5.08 	 0.000368089
5.09 	 0.000124121
5.1 	 -6.71103e-06
5.11 	 -2.54948e-05
5.12 	 5.39915e-05
5.13 	 0.000210488
5.14 	 0.000420727
5.15 	 0.000663285
5.16 	 0.000921076
5.17 	 0.00118341
5.18 	 0.00144659
5.19 	 0.00171119
5.2 	 0.00197665
5.21 	 0.00223729
5.22 	 0.00248207
5.23 	 0.00269696
5.24 	 0.00286737
5.25 	 0.00297969
5.26 	 0.00302205
5.27 	 0.0029843
5.28 	 0.00285664
5.29 	 0.0026285
5.3 	 0.00229052
5.31 	 0.001841
5.32 	 0.001293
5.33 	 0.000677448
5.34 	 3.96256e-05
5.35 	 -0.000569549
5.36 	 -0.0011044
5.37 	 -0.00153327
5.38 	 -0.00184205
5.39 	 -0.00203188
5.4 	 -0.00211276
5.41 	 -0.00209563
5.42 	 -0.00198577
5.43 	 -0.00178085
5.44 	 -0.00147573
5.45 	 -0.0010723
5.46 	 -0.00058772
5.47 	 -5.4749e-05
5.48 	 0.000486618
5.49 	 0.00100086
5.5 	 0.00146514
5.51 	 0.00187049
5.52 	 0.00221726
5.53 	 0.00250817
5.54 	 0.00274303
5.55 	 0.00291752
5.56 	 0.00302585
5.57 	 0.00306483
5.58 	 0.00303698
5.59 	 0.00295154
5.6 	 0.00282342
5.61 	 0.00267054
5.62 	 0.00251021
5.63 	 0.00235583
5.64 	 0.00221524
5.65 	 0.00209094
5.66 	 0.00198151
5.67 	 0.00188258
5.68 	 0.0017861
5.69 	 0.00167898
5.7 	 0.00154366
5.71 	 0.00136256
5.72 	 0.00112483
5.73 	 0.000831516
5.74 	 0.000496235
5.75 	 0.000141609
5.76 	 -0.000206056
5.77 	 -0.000521699
5.78 	 -0.000785189
5.79 	 -0.000983697
5.8 	 -0.0011123
5.81 	 -0.00117207
5.82 	 -0.00116628
5.83 	 -0.0010973
5.84 	 -0.000966666
5.85 	 -0.000778257
5.86 	 -0.000542425
5.87 	 -0.000278146
5.88 	 -1.18377e-05
5.89 	 0.000226516
5.9 	 0.000407993
5.91 	 0.000508656
5.92 	 0.000512653
5.93 	 0.00041465
5.94 	 0.000220762
5.95 	 -5.33958e-05
5.96 	 -0.000387648
5.97 	 -0.000763406
5.98 	 -0.00116837
5.99 	 -0.00159799
6.0 	 -0.00205401
6.01 	 -0.00254204
6.02 	 -0.00306962
6.03 	 -0.00364426
6.04 	 -0.00427042
6.05 	 -0.00494623
6.06 	 -0.00566197
6.07 	 -0.00640129
6.08 	 -0.00714428
6.09 	 -0.00786994
6.1 	 -0.00855709
6.11 	 -0.00918404
6.12 	 -0.00972884
6.13 	 -0.0101709
6.14 	 -0.0104942
6.15 	 -0.0106901
6.16 	 -0.0107602
6.17 	 -0.0107166
6.18 	 -0.0105809
6.19 	 -0.0103806
6.2 	 -0.0101448
6.21 	 -0.00989812
6.22 	 -0.00965707
6.23 	 -0.00942873
6.24 	 -0.00921375
6.25 	 -0.00901236
6.26 	 -0.00883091
6.27 	 -0.00868479
6.28 	 -0.00859492
6.29 	 -0.00857903
6.3 	 -0.00864299
6.31 	 -0.0087772
6.32 	 -0.00895965
6.33 	 -0.00916331
6.34 	 -0.00936428
6.35 	 -0.00954803
6.36 	 -0.00971173
6.37 	 -0.00986198
6.38 	 -0.0100084
6.39 	 -0.0101561
6.4 	 -0.0103
6.41 	 -0.0104249
6.42 	 -0.0105112
6.43 	 -0.0105457
6.44 	 -0.0105304
6.45 	 -0.0104845
6.46 	 -0.0104374
6.47 	 -0.0104171
6.48 	 -0.0104427
6.49 	 -0.0105231
6.5 	 -0.0106588
6.51 	 -0.0108458
6.52 	 -0.0110779
6.53 	 -0.0113478
6.54 	 -0.0116468
6.55 	 -0.0119638
6.56 	 -0.0122846
6.57 	 -0.0125911
6.58 	 -0.012861
6.59 	 -0.0130686
6.6 	 -0.0131871
6.61 	 -0.0131934
6.62 	 -0.0130729
6.63 	 -0.012822
6.64 	 -0.0124468
6.65 	 -0.0119581
6.66 	 -0.0113649
6.67 	 -0.0106718
6.68 	 -0.00988109
6.69 	 -0.00900093
6.7 	 -0.00805529
6.71 	 -0.00708953
6.72 	 -0.00616525
6.73 	 -0.00534519
6.74 	 -0.00467642
6.75 	 -0.00418151
6.76 	 -0.003861
6.77 	 -0.00370268
6.78 	 -0.00368988
6.79 	 -0.00380444
6.8 	 -0.00402554
6.81 	 -0.00432769
6.82 	 -0.00467971
6.83 	 -0.00504526
6.84 	 -0.00538515
6.85 	 -0.0056616
6.86 	 -0.0058434
6.87 	 -0.00590913
6.88 	 -0.00584752
6.89 	 -0.00565635
6.9 	 -0.00534219
6.91 	 -0.00492062
6.92 	 -0.00441506
6.93 	 -0.00385331
6.94 	 -0.00326297
6.95 	 -0.00266804
6.96 	 -0.00208798
6.97 	 -0.00153966
6.98 	 -0.00104041
6.99 	 -0.00060921
7.0 	 -0.000264134
7.01 	 -1.75178e-05
7.02 	 0.000127871
7.03 	 0.000179102
7.04 	 0.00015011
7.05 	 5.77281e-05
7.06 	 -8.11503e-05
7.07 	 -0.000250464
7.08 	 -0.000434365
7.09 	 -0.000616433
7.1 	 -0.000780187
7.11 	 -0.000911165
7.12 	 -0.000999237
7.13 	 -0.00103918
7.14 	 -0.00102869
7.15 	 -0.000965617
7.16 	 -0.000847472
7.17 	 -0.000674259
7.18 	 -0.000452147
7.19 	 -0.000193986
7.2 	 8.46215e-05
7.21 	 0.000370679
7.22 	 0.000656043
7.23 	 0.000935215
7.24 	 0.0012015
7.25 	 0.00144509
7.26 	 0.00165441
7.27 	 0.00181963
7.28 	 0.00193565
7.29 	 0.00200241
7.3 	 0.00202271
7.31 	 0.00199943
7.32 	 0.00193459
7.33 	 0.00183031
7.34 	 0.00168982
7.35 	 0.001517
7.36 	 0.00131471
7.37 	 0.00108438
7.38 	 0.00082761
7.39 	 0.000549072
7.4 	 0.000258496
7.41 	 -2.96065e-05
7.42 	 -0.000298809
7.43 	 -0.000535504
7.44 	 -0.000733627
7.45 	 -0.000896546
7.46 	 -0.00103427
7.47 	 -0.00115723
7.48 	 -0.00127062
7.49 	 -0.00137253
7.5 	 -0.00145622
7.51 	 -0.00151431
7.52 	 -0.00154267
7.53 	 -0.00154251
7.54 	 -0.00151992
7.55 	 -0.00148286
7.56 	 -0.00143627
7.57 	 -0.00137689
7.58 	 -0.00129098
7.59 	 -0.00115682
7.6 	 -0.000952208
7.61 	 -0.000663735
7.62 	 -0.000293709
7.63 	 0.000139493
7.64 	 0.000607676
7.65 	 0.00108134
7.66 	 0.0015354
7.67 	 0.00195086
7.68 	 0.00231424
7.69 	 0.00261696
7.7 	 0.00285514
7.71 	 0.00302935
7.72 	 0.00314391
7.73 	 0.00320565
7.74 	 0.00322224
7.75 	 0.00320079
7.76 	 0.00314667
7.77 	 0.00306201
7.78 	 0.0029443
7.79 	 0.00278581
7.8 	 0.00257513
7.81 	 0.00230109
7.82 	 0.00195785
7.83 	 0.00154907
7.84 	 0.00108922
7.85 	 0.000601564
7.86 	 0.000113693
7.87 	 -0.000347811
7.88 	 -0.000762016
7.89 	 -0.0011157
7.9 	 -0.00140204
7.91 	 -0.00161724
7.92 	 -0.00175782
7.93 	 -0.00182063
7.94 	 -0.00180496
7.95 	 -0.00171412
7.96 	 -0.00155525
7.97 	 -0.00133858
7.98 	 -0.00107789
7.99 	 -0.000791935
8.0 	 -0.000504706
8.01 	 -0.00024314
8.02 	 -3.23908e-05
8.03 	 0.000109252
8.04 	 0.000173762
8.05 	 0.000164562
8.06 	 9.5948e-05
8.07 	 -9.4251e-06
8.08 	 -0.000125188
8.09 	 -0.000226763
8.1 	 -0.000295333
8.11 	 -0.000318825
8.12 	 -0.000290461
8.13 	 -0.000206669
8.14 	 -6.59421e-05
8.15 	 0.00013117
8.16 	 0.000382003
8.17 	 0.000682349
8.18 	 0.00102679
8.19 	 0.00140761
8.2 	 0.0018128
8.21 	 0.00222537
8.22 	 0.00262552
8.23 	 0.00299503
8.24 	 0.0033218
8.25 	 0.00360328
8.26 	 0.0038477
8.27 	 0.00407154
8.28 	 0.00429269
8.29 	 0.0045217
8.3 	 0.00475587
8.31 	 0.00497891
8.32 	 0.0051661
8.33 	 0.00529228
8.34 	 0.0053397
8.35 	 0.00530321
8.36 	 0.00519141
8.37 	 0.00502368
8.38 	 0.00482391
8.39 	 0.00461362
8.4 	 0.00440758
8.41 	 0.00421368
8.42 	 0.00403638
8.43 	 0.00388108
8.44 	 0.00375695
8.45 	 0.00367676
8.46 	 0.00365343
8.47 	 0.00369474
8.48 	 0.00379812
8.49 	 0.00394781
8.5 	 0.00411615
8.51 	 0.00426929
8.52 	 0.00437521
8.53 	 0.00441119
8.54 	 0.00436866
8.55 	 0.00425468
8.56 	 0.00408929
8.57 	 0.0038993
8.58 	 0.00371089
8.59 	 0.00354365
8.6 	 0.00340795
8.61 	 0.00330601
8.62 	 0.00323595
8.63 	 0.00319697
8.64 	 0.00319265
8.65 	 0.0032305
8.66 	 0.00331796
8.67 	 0.00345798
8.68 	 0.00364718
8.69 	 0.00387778
8.7 	 0.00414133
8.71 	 0.00443174
8.72 	 0.00474585
8.73 	 0.00508164
8.74 	 0.00543483
8.75 	 0.00579499
8.76 	 0.00614345
8.77 	 0.00645482
8.78 	 0.00670175
8.79 	 0.00686125
8.8 	 0.00691968
8.81 	 0.00687485
8.82 	 0.00673478
8.83 	 0.00651416
8.84 	 0.00623068
8.85 	 0.00590242
8.86 	 0.00554677
8.87 	 0.0051804
8.88 	 0.00481928
8.89 	 0.00447806
8.9 	 0.00416875
8.91 	 0.00389977
8.92 	 0.00367645
8.93 	 0.00350272
8.94 	 0.00338259
8.95 	 0.00332032
8.96 	 0.00331888
8.97 	 0.00337774
8.98 	 0.00349156
8.99 	 0.00365109
9.0 	 0.00384571
9.01 	 0.00406586
9.02 	 0.00430392
9.03 	 0.0045537
9.04 	 0.00480894
9.05 	 0.00506162
9.06 	 0.00530077
9.07 	 0.00551342
9.08 	 0.00568825
9.09 	 0.00581954
9.1 	 0.00590799
9.11 	 0.00595769
9.12 	 0.00597158
9.13 	 0.00594802
9.14 	 0.00588034
9.15 	 0.00575946
9.16 	 0.00557859
9.17 	 0.00533757
9.18 	 0.00504477
9.19 	 0.00471606
9.2 	 0.00437125
9.21 	 0.00402939
9.22 	 0.00370471
9.23 	 0.00340523
9.24 	 0.00313412
9.25 	 0.00289236
9.26 	 0.00268089
9.27 	 0.0025013
9.28 	 0.00235524
9.29 	 0.00224275
9.3 	 0.00216047
9.31 	 0.00210009
9.32 	 0.0020479
9.33 	 0.00198603
9.34 	 0.00189542
9.35 	 0.00175987
9.36 	 0.00156983
9.37 	 0.00132464
9.38 	 0.00103212
9.39 	 0.000706118
9.4 	 0.000363019
9.41 	 1.81083e-05
9.42 	 -0.000317401
9.43 	 -0.000637894
9.44 	 -0.000942854
9.45 	 -0.00123469
9.46 	 -0.00151569
9.47 	 -0.00178506
9.48 	 -0.00203743
9.49 	 -0.00226382
9.5 	 -0.00245463
9.51 	 -0.0026031
9.52 	 -0.00270749
9.53 	 -0.0027714
9.54 	 -0.00280255
9.55 	 -0.00281133
9.56 	 -0.00281004
9.57 	 -0.00281202
9.58 	 -0.00282987
9.59 	 -0.00287251
9.6 	 -0.00294283
9.61 	 -0.00303751
9.62 	 -0.00314953
9.63 	 -0.00327241
9.64 	 -0.00340391
9.65 	 -0.00354686
9.66 	 -0.00370661
9.67 	 -0.0038863
9.68 	 -0.00408293
9.69 	 -0.00428681
9.7 	 -0.0044844
9.71 	 -0.004663
9.72 	 -0.00481479
9.73 	 -0.00493882
9.74 	 -0.00504016
9.75 	 -0.00512663
9.76 	 -0.00520471
9.77 	 -0.0052767
9.78 	 -0.00533988
9.79 	 -0.00538814
9.8 	 -0.00541568
9.81 	 -0.00542111
9.82 	 -0.00540893
9.83 	 -0.00538715
9.84 	 -0.00536332
9.85 	 -0.00534219
9.86 	 -0.00532635
9.87 	 -0.00531833
9.88 	 -0.00532235
9.89 	 -0.00534435
9.9 	 -0.00539056
9.91 	 -0.00546518
9.92 	 -0.00556834
9.93 	 -0.00569511
9.94 	 -0.00583611
9.95 	 -0.00597987
9.96 	 -0.00611575
9.97 	 -0.00623642
9.98 	 -0.00633967
9.99 	 -0.00642947
10.0 	 -0.00651568
10.01 	 -0.00661187
10.02 	 -0.00673147
10.03 	 -0.00688403
10.04 	 -0.00707319
10.05 	 -0.00729658
10.06 	 -0.00754688
10.07 	 -0.00781338
10.08 	 -0.00808436
10.09 	 -0.00834945
10.1 	 -0.00860082
10.11 	 -0.0088323
10.12 	 -0.00903766
10.13 	 -0.00920951
10.14 	 -0.00934
10.15 	 -0.00942325
10.16 	 -0.00945786
10.17 	 -0.00944777
10.18 	 -0.0094006
10.19 	 -0.00932428
10.2 	 -0.00922386
10.21 	 -0.00910003
10.22 	 -0.00894941
10.23 	 -0.00876633
10.24 	 -0.00854481
10.25 	 -0.00827997
10.26 	 -0.00796808
10.27 	 -0.00760613
10.28 	 -0.00719195
10.29 	 -0.00672567
10.3 	 -0.0062127
10.31 	 -0.00566699
10.32 	 -0.00511258
10.33 	 -0.00458126
10.34 	 -0.00410648
10.35 	 -0.00371586
10.36 	 -0.0034258
10.37 	 -0.00324055
10.38 	 -0.00315519
10.39 	 -0.00316014
10.4 	 -0.00324466
10.41 	 -0.00339819
10.42 	 -0.00360984
10.43 	 -0.00386751
10.44 	 -0.00415755
10.45 	 -0.00446521
10.46 	 -0.00477591
10.47 	 -0.00507675
10.48 	 -0.00535729
10.49 	 -0.00560934
10.5 	 -0.00582631
10.51 	 -0.00600287
10.52 	 -0.00613504
10.53 	 -0.00622069
10.54 	 -0.00626018
10.55 	 -0.00625655
10.56 	 -0.00621487
10.57 	 -0.00614124
10.58 	 -0.00604205
10.59 	 -0.00592439
10.6 	 -0.00579702
10.61 	 -0.00567069
10.62 	 -0.00555652
10.63 	 -0.00546271
10.64 	 -0.00539165
10.65 	 -0.00533956
10.66 	 -0.00529892
10.67 	 -0.00526192
10.68 	 -0.00522303
10.69 	 -0.0051798
10.7 	 -0.00513307
10.71 	 -0.00508734
10.72 	 -0.00505105
10.73 	 -0.00503539
10.74 	 -0.00505106
10.75 	 -0.00510443
10.76 	 -0.00519521
10.77 	 -0.00531681
10.78 	 -0.00545911
10.79 	 -0.00561235
10.8 	 -0.00577011
10.81 	 -0.0059298
10.82 	 -0.00609021
10.83 	 -0.00624725
10.84 	 -0.00639024
10.85 	 -0.00650159
10.86 	 -0.00656103
10.87 	 -0.00655235
10.88 	 -0.00646933
10.89 	 -0.00631819
10.9 	 -0.00611618
10.91 	 -0.00588695
10.92 	 -0.00565477
10.93 	 -0.00543951
10.94 	 -0.00525415
10.95 	 -0.00510479
10.96 	 -0.00499295
10.97 	 -0.00491919
10.98 	 -0.0048867
10.99 	 -0.00490301
11.0 	 -0.00497882
11.01 	 -0.00512458
11.02 	 -0.00534665
11.03 	 -0.0056446
11.04 	 -0.00601023
11.05 	 -0.00642853
11.06 	 -0.00687989
11.07 	 -0.00734283
11.08 	 -0.00779602
11.09 	 -0.00821889
11.1 	 -0.00859094
11.11 	 -0.00889155
11.12 	 -0.00910142
11.13 	 -0.00920553
11.14 	 -0.00919603
11.15 	 -0.00907351
11.16 	 -0.00884635
11.17 	 -0.00852884
11.18 	 -0.00813904
11.19 	 -0.00769721
11.2 	 -0.00722473
11.21 	 -0.00674306
11.22 	 -0.00627285
11.23 	 -0.00583315
11.24 	 -0.00544078
11.25 	 -0.00510969
11.26 	 -0.00485026
11.27 	 -0.00466865
11.28 	 -0.00456615
11.29 	 -0.00453893
11.3 	 -0.00457864
11.31 	 -0.00467376
11.32 	 -0.00481136
11.33 	 -0.00497852
11.34 	 -0.00516269
11.35 	 -0.00535079
11.36 	 -0.0055276
11.37 	 -0.00567506
11.38 	 -0.0057738
11.39 	 -0.0058067
11.4 	 -0.00576234
11.41 	 -0.00563652
11.42 	 -0.00543155
11.43 	 -0.00515422
11.44 	 -0.00481404
11.45 	 -0.00442265
11.46 	 -0.00399478
11.47 	 -0.00354893
11.48 	 -0.00310603
11.49 	 -0.00268597
11.5 	 -0.00230419
11.51 	 -0.00197001
11.52 	 -0.00168651
11.53 	 -0.00145139
11.54 	 -0.00125861
11.55 	 -0.00110034
11.56 	 -0.000968535
11.57 	 -0.000855956
11.58 	 -0.000756776
11.59 	 -0.000667186
11.6 	 -0.00058607
11.61 	 -0.000515383
11.62 	 -0.000459423
11.63 	 -0.000422709
11.64 	 -0.000407291
11.65 	 -0.000410854
11.66 	 -0.000426557
11.67 	 -0.000444565
11.68 	 -0.00045434
11.69 	 -0.000446527
11.7 	 -0.000413893
11.71 	 -0.000351636
11.72 	 -0.000257585
11.73 	 -0.000132171
11.74 	 2.26554e-05
11.75 	 0.000205592
11.76 	 0.000417372
11.77 	 0.000659498
11.78 	 0.000930934
11.79 	 0.00122531
11.8 	 0.00153056
11.81 	 0.00183144
11.82 	 0.00211378
11.83 	 0.0023685
11.84 	 0.00259312
11.85 	 0.00279031
11.86 	 0.0029647
11.87 	 0.00312015
11.88 	 0.00325885
11.89 	 0.00338172
11.9 	 0.00348863
11.91 	 0.00357804
11.92 	 0.00364672
11.93 	 0.00369068
11.94 	 0.00370738
11.95 	 0.00369781
11.96 	 0.00366704
11.97 	 0.00362249
11.98 	 0.00357102
11.99 	 0.0035164
12.0 	 0.00345861
12.01 	 0.00339512
12.02 	 0.00332323
12.03 	 0.00324232
12.04 	 0.00315509
12.05 	 0.0030677
12.06 	 0.00298885
12.07 	 0.00292786
12.08 	 0.002892
12.09 	 0.00288398
12.1 	 0.0029008
12.11 	 0.00293504
12.12 	 0.00297792
12.13 	 0.0030224
12.14 	 0.0030644
12.15 	 0.0031016
12.16 	 0.00313119
12.17 	 0.00314853
12.18 	 0.00314766
12.19 	 0.00312314
12.2 	 0.00307187
12.21 	 0.00299422
12.22 	 0.00289383
12.23 	 0.00277613
12.24 	 0.00264587
12.25 	 0.00250515
12.26 	 0.00235313
12.27 	 0.00218785
12.28 	 0.00200924
12.29 	 0.00182131
12.3 	 0.00163255
12.31 	 0.00145488
12.32 	 0.00130211
12.33 	 0.00118875
12.34 	 0.00112861
12.35 	 0.00113357
12.36 	 0.00121247
12.37 	 0.00137048
12.38 	 0.0016084
12.39 	 0.00192159
12.4 	 0.00229891
12.41 	 0.00272284
12.42 	 0.00317113
12.43 	 0.00361933
12.44 	 0.00404343
12.45 	 0.00442229
12.46 	 0.00473983
12.47 	 0.00498694
12.48 	 0.00516236
12.49 	 0.00527114
12.5 	 0.00532109
12.51 	 0.00531896
12.52 	 0.00526868
12.53 	 0.00517246
12.54 	 0.00503409
12.55 	 0.00486246
12.56 	 0.0046727
12.57 	 0.00448386
12.58 	 0.00431447
12.59 	 0.00417845
12.6 	 0.00408302
12.61 	 0.00402903
12.62 	 0.004013
12.63 	 0.00402984
12.64 	 0.00407483
12.65 	 0.00414448
12.66 	 0.00423631
12.67 	 0.00434787
12.68 	 0.00447578
12.69 	 0.00461551
12.7 	 0.00476237
12.71 	 0.00491308
12.72 	 0.00506688
12.73 	 0.00522524
12.74 	 0.00538998
12.75 	 0.00556081
12.76 	 0.00573321
12.77 	 0.00589743
12.78 	 0.00603921
12.79 	 0.00614283
12.8 	 0.00619543
12.81 	 0.0061906
12.82 	 0.00612927
12.83 	 0.00601834
12.84 	 0.00586816
12.85 	 0.00569014
12.86 	 0.00549476
12.87 	 0.00529029
12.88 	 0.00508225
12.89 	 0.00487379
12.9 	 0.00466685
12.91 	 0.0044635
12.92 	 0.00426672
12.93 	 0.00408087
12.94 	 0.00391191
12.95 	 0.00376731
12.96 	 0.00365476
12.97 	 0.0035795
12.98 	 0.00354165
12.99 	 0.00353485
13.0 	 0.00354671
13.01 	 0.00356097
13.02 	 0.00356085
13.03 	 0.00353244
13.04 	 0.00346728
13.05 	 0.00336304
13.06 	 0.00322209
13.07 	 0.00304859
13.08 	 0.00284561
13.09 	 0.00261388
13.1 	 0.00235238
13.11 	 0.00206021
13.12 	 0.00173868
13.13 	 0.00139294
13.14 	 0.00103223
13.15 	 0.000668925
13.16 	 0.000316773
13.17 	 -1.0949e-05
13.18 	 -0.000302987
13.19 	 -0.000551076
13.2 	 -0.000750129
13.21 	 -0.000897603
13.22 	 -0.000992435
13.23 	 -0.0010343
13.24 	 -0.00102375
13.25 	 -0.000963131
13.26 	 -0.000857675
13.27 	 -0.000716048
13.28 	 -0.000550177
13.29 	 -0.00037444
13.3 	 -0.000204531
13.31 	 -5.61834e-05
13.32 	 5.60286e-05
13.33 	 0.000119505
13.34 	 0.00012383
13.35 	 6.05283e-05
13.36 	 -7.71184e-05
13.37 	 -0.000293761
13.38 	 -0.000591075
13.39 	 -0.000966508
13.4 	 -0.00141205
13.41 	 -0.0019134
13.42 	 -0.00245012
13.43 	 -0.00299706
13.44 	 -0.00352684
13.45 	 -0.00401253
13.46 	 -0.00442994
13.47 	 -0.00475947
13.48 	 -0.00498709
13.49 	 -0.00510448
13.5 	 -0.00510871
13.51 	 -0.0050018
13.52 	 -0.00479035
13.53 	 -0.00448503
13.54 	 -0.00409982
13.55 	 -0.00365127
13.56 	 -0.00315765
13.57 	 -0.00263799
13.58 	 -0.0021112
13.59 	 -0.00159523
13.6 	 -0.0011066
13.61 	 -0.000659812
13.62 	 -0.000266578
13.63 	 6.4455e-05
13.64 	 0.000327017
13.65 	 0.000515758
13.66 	 0.000625362
13.67 	 0.000651547
13.68 	 0.000594028
13.69 	 0.000459746
13.7 	 0.000263899
13.71 	 2.76529e-05
13.72 	 -0.000226382
13.73 	 -0.000478515
13.74 	 -0.000714242
13.75 	 -0.00092386
13.76 	 -0.00110034
13.77 	 -0.00123703
13.78 	 -0.00132641
13.79 	 -0.00135988
13.8 	 -0.00132848
13.81 	 -0.00122458
13.82 	 -0.00104455
13.83 	 -0.000791275
13.84 	 -0.000474744
13.85 	 -0.000109918
13.86 	 0.000286814
13.87 	 0.000700339
13.88 	 0.00111745
13.89 	 0.00152578
13.9 	 0.0019123
13.91 	 0.00226307
13.92 	 0.00256484
13.93 	 0.00280798
13.94 	 0.00298855
13.95 	 0.00310775
13.96 	 0.00316939
13.97 	 0.0031775
13.98 	 0.00313577
13.99 	 0.00304844
14.0 	 0.00292127
14.01 	 0.0027616
14.02 	 0.00257806
14.03 	 0.00238013
14.04 	 0.00217781
14.05 	 0.00198133
14.06 	 0.00180127
14.07 	 0.00164882
14.08 	 0.00153545
14.09 	 0.00147142
14.1 	 0.00146356
14.11 	 0.00151355
14.12 	 0.00161755
14.13 	 0.00176705
14.14 	 0.00195018
14.15 	 0.00215283
14.16 	 0.00235959
14.17 	 0.00255514
14.18 	 0.00272624
14.19 	 0.00286351
14.2 	 0.00296222
14.21 	 0.00302165
14.22 	 0.00304331
14.23 	 0.00302926
14.24 	 0.00298122
14.25 	 0.00290106
14.26 	 0.00279161
14.27 	 0.0026573
14.28 	 0.00250415
14.29 	 0.00233922
14.3 	 0.00217
14.31 	 0.00200405
14.32 	 0.00184871
14.33 	 0.00171069
14.34 	 0.00159571
14.35 	 0.00150866
14.36 	 0.00145409
14.37 	 0.00143672
14.38 	 0.00146095
14.39 	 0.00152928
14.4 	 0.00164043
14.41 	 0.00178843
14.42 	 0.00196301
14.43 	 0.00215074
14.44 	 0.00233664
14.45 	 0.00250644
14.46 	 0.00264885
14.47 	 0.00275721
14.48 	 0.00282979
14.49 	 0.00286847
14.5 	 0.00287627
14.51 	 0.00285489
14.52 	 0.00280321
14.53 	 0.00271747
14.54 	 0.00259273
14.55 	 0.00242497
14.56 	 0.00221324
14.57 	 0.00196111
14.58 	 0.00167686
14.59 	 0.00137252
14.6 	 0.00106201
14.61 	 0.000758758
14.62 	 0.000473296
14.63 	 0.000211861
14.64 	 -2.30607e-05
14.65 	 -0.000230587
14.66 	 -0.000408986
14.67 	 -0.000554394
14.68 	 -0.000661694
14.69 	 -0.000727287
14.7 	 -0.000751845
14.71 	 -0.000740848
14.72 	 -0.000702469
14.73 	 -0.000644445
14.74 	 -0.000572105
14.75 	 -0.000488646
14.76 	 -0.000397248
14.77 	 -0.0003037
14.78 	 -0.000217957
14.79 	 -0.000153548
14.8 	 -0.000124871
14.81 	 -0.000143728
14.82 	 -0.00021681
14.83 	 -0.000344999
14.84 	 -0.00052413
14.85 	 -0.000746411
14.86 	 -0.00100185
14.87 	 -0.00127946
14.88 	 -0.00156844
14.89 	 -0.00185931
14.9 	 -0.00214454
14.91 	 -0.00241864
14.92 	 -0.00267773
14.93 	 -0.00291909
14.94 	 -0.00314084
14.95 	 -0.00334164
14.96 	 -0.00352053
14.97 	 -0.00367729
14.98 	 -0.0038124
14.99 	 -0.00392639
15.0 	 -0.0040184
15.01 	 -0.00408572
15.02 	 -0.0041253
15.03 	 -0.00413653
15.04 	 -0.00412349
15.05 	 -0.00409501
15.06 	 -0.00406232
15.07 	 -0.00403513
15.08 	 -0.00401828
15.09 	 -0.00401092
15.1 	 -0.00400879
15.11 	 -0.00400828
15.12 	 -0.00400984
15.13 	 -0.00401862
15.14 	 -0.0040422
15.15 	 -0.00408688
15.16 	 -0.00415458
15.17 	 -0.00424154
15.18 	 -0.00433924
15.19 	 -0.00443682
15.2 	 -0.00452412
15.21 	 -0.00459386
15.22 	 -0.0046425
15.23 	 -0.00466972
15.24 	 -0.00467706
15.25 	 -0.00466638
15.26 	 -0.00463896
15.27 	 -0.00459549
15.28 	 -0.00453666
15.29 	 -0.00446392
15.3 	 -0.00438033
15.31 	 -0.00429159
15.32 	 -0.00420689
15.33 	 -0.00413819
15.34 	 -0.00409703
15.35 	 -0.00408978
15.36 	 -0.00411435
15.37 	 -0.00416061
15.38 	 -0.00421396
15.39 	 -0.00426005
15.4 	 -0.00428829
15.41 	 -0.00429321
15.42 	 -0.00427376
15.43 	 -0.00423153
15.44 	 -0.00416898
15.45 	 -0.00408895
15.46 	 -0.00399555
15.47 	 -0.00389571
15.48 	 -0.00379902
15.49 	 -0.00371526
15.5 	 -0.00365113
15.51 	 -0.00360808
15.52 	 -0.00358241
15.53 	 -0.00356734
15.54 	 -0.00355611
15.55 	 -0.00354435
15.56 	 -0.0035305
15.57 	 -0.00351416
15.58 	 -0.003494
15.59 	 -0.00346669
15.6 	 -0.00342773
15.61 	 -0.00337307
15.62 	 -0.00330074
15.63 	 -0.00321164
15.64 	 -0.00310924
15.65 	 -0.00299824
15.66 	 -0.00288266
15.67 	 -0.00276454
15.68 	 -0.00264355
15.69 	 -0.00251769
15.7 	 -0.00238458
15.71 	 -0.00224233
15.72 	 -0.00208969
15.73 	 -0.00192568
15.74 	 -0.00174967
15.75 	 -0.00156206
15.76 	 -0.00136524
15.77 	 -0.00116429
15.78 	 -0.000966661
15.79 	 -0.000780688
15.8 	 -0.000613557
15.81 	 -0.000469626
15.82 	 -0.000349845
15.83 	 -0.000252161
15.84 	 -0.000172548
15.85 	 -0.000106391
15.86 	 -4.98695e-05
15.87 	 -8.81503e-07
15.88 	 4.06322e-05
15.89 	 7.28328e-05
15.9 	 9.28104e-05
15.91 	 9.84232e-05
15.92 	 9.05335e-05
15.93 	 7.40941e-05
15.94 	 5.71876e-05
15.95 	 4.8685e-05
15.96 	 5.58768e-05
15.97 	 8.3001e-05
15.98 	 0.00013098
15.99 	 0.000198263
16.0 	 0.000282285
16.01 	 0.000380772
16.02 	 0.000492223
16.03 	 0.00061537
16.04 	 0.000748147
16.05 	 0.000887061
16.06 	 0.00102749
16.07 	 0.00116473
16.08 	 0.0012951
16.09 	 0.00141652
16.1 	 0.00152829
16.11 	 0.00163037
16.12 	 0.00172275
16.13 	 0.00180519
16.14 	 0.00187736
16.15 	 0.00193906
16.16 	 0.0019908
16.17 	 0.00203434
16.18 	 0.00207315
16.19 	 0.00211203
16.2 	 0.00215592
16.21 	 0.00220853
16.22 	 0.00227156
16.23 	 0.00234473
16.24 	 0.00242659
16.25 	 0.00251586
16.26 	 0.00261264
16.27 	 0.00271881
16.28 	 0.00283753
16.29 	 0.00297205
16.3 	 0.00312425
16.31 	 0.00329365
16.32 	 0.00347706
16.33 	 0.00366914
16.34 	 0.00386348
16.35 	 0.0040537
16.36 	 0.00423429
16.37 	 0.00440121
16.38 	 0.00455221
16.39 	 0.00468687
16.4 	 0.00480636
16.41 	 0.00491296
16.42 	 0.00501006
16.43 	 0.00510259
16.44 	 0.00519766
16.45 	 0.00530443
16.46 	 0.00543304
16.47 	 0.00559252
16.48 	 0.0057886
16.49 	 0.00602224
16.5 	 0.00628948
16.51 	 0.00658243
16.52 	 0.00689073
16.53 	 0.0072028
16.54 	 0.00750652
16.55 	 0.00778987
16.56 	 0.00804157
16.57 	 0.00825213
16.58 	 0.00841487
16.59 	 0.00852685
16.6 	 0.00858939
16.61 	 0.00860762
16.62 	 0.00858892
16.63 	 0.00854097
16.64 	 0.00847035
16.65 	 0.0083823
16.66 	 0.00828149
16.67 	 0.00817315
16.68 	 0.0080641
16.69 	 0.00796306
16.7 	 0.00788008
16.71 	 0.0078254
16.72 	 0.00780809
16.73 	 0.00783502
16.74 	 0.00791024
16.75 	 0.00803472
16.76 	 0.00820645
16.77 	 0.00842076
16.78 	 0.0086707
16.79 	 0.00894724
16.8 	 0.00923926
16.81 	 0.00953352
16.82 	 0.00981522
16.83 	 0.0100697
16.84 	 0.0102849
16.85 	 0.0104532
16.86 	 0.0105718
16.87 	 0.0106419
16.88 	 0.0106672
16.89 	 0.0106518
16.9 	 0.0105998
16.91 	 0.0105148
16.92 	 0.0103995
16.93 	 0.0102557
16.94 	 0.0100847
16.95 	 0.00988738
16.96 	 0.00966537
16.97 	 0.00942251
16.98 	 0.00916555
16.99 	 0.008904
17.0 	 0.00864979
17.01 	 0.0084166
17.02 	 0.00821769
17.03 	 0.00806283
17.04 	 0.00795608
17.05 	 0.00789617
17.06 	 0.00787871
17.07 	 0.0078984
17.08 	 0.00795042
17.09 	 0.00803064
17.1 	 0.0081351
17.11 	 0.00825924
17.12 	 0.00839727
17.13 	 0.00854209
17.14 	 0.0086859
17.15 	 0.00882097
17.16 	 0.00894015
17.17 	 0.00903698
17.18 	 0.00910547
17.19 	 0.00914025
17.2 	 0.0091373
17.21 	 0.00909508
17.22 	 0.00901517
17.23 	 0.00890199
17.24 	 0.00876159
17.25 	 0.00860033
17.26 	 0.00842402
17.27 	 0.00823769
17.28 	 0.00804598
17.29 	 0.00785336
17.3 	 0.00766415
17.31 	 0.00748193
17.32 	 0.00730904
17.33 	 0.00714638
17.34 	 0.00699377
17.35 	 0.00685075
17.36 	 0.00671742
17.37 	 0.00659507
17.38 	 0.00648618
17.39 	 0.00639334
17.4 	 0.00631777
17.41 	 0.00625845
17.42 	 0.00621246
17.43 	 0.00617615
17.44 	 0.00614597
17.45 	 0.0061186
17.46 	 0.00609043
17.47 	 0.00605691
17.48 	 0.00601259
17.49 	 0.00595194
17.5 	 0.00587072
17.51 	 0.00576724
17.52 	 0.00564335
17.53 	 0.00550497
17.54 	 0.00536122
17.55 	 0.00522216
17.56 	 0.00509604
17.57 	 0.00498769
17.58 	 0.00489849
17.59 	 0.00482712
17.6 	 0.00477045
17.61 	 0.00472439
17.62 	 0.00468462
17.63 	 0.00464733
17.64 	 0.00460961
17.65 	 0.00456917
17.66 	 0.00452381
17.67 	 0.00447097
17.68 	 0.0044076
17.69 	 0.00433048
17.7 	 0.00423705
17.71 	 0.00412659
17.72 	 0.00400117
17.73 	 0.00386575
17.74 	 0.00372667
17.75 	 0.00358909
17.76 	 0.00345472
17.77 	 0.00332141
17.78 	 0.0031845
17.79 	 0.00303953
17.8 	 0.0028849
17.81 	 0.00272355
17.82 	 0.00256273
17.83 	 0.00241198
17.84 	 0.00227998
17.85 	 0.00217188
17.86 	 0.00208814
17.87 	 0.0020251
17.88 	 0.00197635
17.89 	 0.00193445
17.9 	 0.00189258
17.91 	 0.00184583
17.92 	 0.00179153
17.93 	 0.00172865
17.94 	 0.00165671
17.95 	 0.00157497
17.96 	 0.00148203
17.97 	 0.00137594
17.98 	 0.0012545
17.99 	 0.00111544
18.0 	 0.000956805
18.01 	 0.000777433
18.02 	 0.000577744
18.03 	 0.000360184
18.04 	 0.000129047
18.05 	 -0.000110059
18.06 	 -0.000350639
18.07 	 -0.000585508
18.08 	 -0.000807014
18.09 	 -0.00100761
18.1 	 -0.00118074
18.11 	 -0.00132164
18.12 	 -0.00142762
18.13 	 -0.00149795
18.14 	 -0.0015338
18.15 	 -0.00153841
18.16 	 -0.00151751
18.17 	 -0.00147938
18.18 	 -0.00143456
18.19 	 -0.00139485
18.2 	 -0.00137169
18.21 	 -0.00137428
18.22 	 -0.00140775
18.23 	 -0.00147252
18.24 	 -0.0015654
18.25 	 -0.00168208
18.26 	 -0.00181904
18.27 	 -0.00197425
18.28 	 -0.00214674
18.29 	 -0.00233591
18.3 	 -0.00254049
18.31 	 -0.00275771
18.32 	 -0.00298296
18.33 	 -0.00321028
18.34 	 -0.00343354
18.35 	 -0.00364743
18.36 	 -0.00384808
18.37 	 -0.00403283
18.38 	 -0.0041994
18.39 	 -0.00434506
18.4 	 -0.0044666
18.41 	 -0.00456128
18.42 	 -0.00462816
18.43 	 -0.00466887
18.44 	 -0.00468763
18.45 	 -0.00469079
18.46 	 -0.00468597
18.47 	 -0.00468106
18.48 	 -0.00468343
18.49 	 -0.00469944
18.5 	 -0.00473429
18.51 	 -0.00479212
18.52 	 -0.00487601
18.53 	 -0.00498782
18.54 	 -0.00512787
18.55 	 -0.00529451
18.56 	 -0.00548367
18.57 	 -0.00568888
18.58 	 -0.00590197
18.59 	 -0.0061145
18.6 	 -0.00631949
18.61 	 -0.00651263
18.62 	 -0.00669229
18.63 	 -0.00685833
18.64 	 -0.00700996
18.65 	 -0.00714377
18.66 	 -0.00725316
18.67 	 -0.00732988
18.68 	 -0.00736714
18.69 	 -0.00736246
18.7 	 -0.0073187
18.71 	 -0.00724272
18.72 	 -0.0071432
18.73 	 -0.0070286
18.74 	 -0.00690629
18.75 	 -0.00678262
18.76 	 -0.00666364
18.77 	 -0.00655552
18.78 	 -0.00646448
18.79 	 -0.00639624
18.8 	 -0.00635503
18.81 	 -0.00634262
18.82 	 -0.00635779
18.83 	 -0.00639657
18.84 	 -0.00645318
18.85 	 -0.00652131
18.86 	 -0.00659532
18.87 	 -0.00667109
18.88 	 -0.00674627
18.89 	 -0.00681983
18.9 	 -0.00689094
18.91 	 -0.00695765
18.92 	 -0.00701602
18.93 	 -0.00705985
18.94 	 -0.00708134
18.95 	 -0.00707247
18.96 	 -0.00702651
18.97 	 -0.00693921
18.98 	 -0.00680934
18.99 	 -0.00663884
19.0 	 -0.00643272
19.01 	 -0.00619882
19.02 	 -0.00594757
19.03 	 -0.00569166
19.04 	 -0.00544535
19.05 	 -0.00522301
19.06 	 -0.00503703
19.07 	 -0.00489596
19.08 	 -0.00480357
19.09 	 -0.00475887
19.1 	 -0.00475667
19.11 	 -0.00478865
19.12 	 -0.00484476
19.13 	 -0.00491472
19.14 	 -0.00498908
19.15 	 -0.00505903
19.16 	 -0.00511575
19.17 	 -0.00515009
19.18 	 -0.00515332
19.19 	 -0.00511848
19.2 	 -0.00504152
19.21 	 -0.00492211
19.22 	 -0.00476384
19.23 	 -0.00457359
19.24 	 -0.00436011
19.25 	 -0.00413234
19.26 	 -0.00389796
19.27 	 -0.00366299
19.28 	 -0.00343225
19.29 	 -0.00321031
19.3 	 -0.00300212
19.31 	 -0.00281302
19.32 	 -0.0026482
19.33 	 -0.00251183
19.34 	 -0.00240611
19.35 	 -0.00233065
19.36 	 -0.00228256
19.37 	 -0.00225727
19.38 	 -0.00224954
19.39 	 -0.0022543
19.4 	 -0.00226686
19.41 	 -0.00228265
19.42 	 -0.00229686
19.43 	 -0.00230442
19.44 	 -0.00230014
19.45 	 -0.00227872
19.46 	 -0.00223476
19.47 	 -0.00216316
19.48 	 -0.00206013
19.49 	 -0.00192416
19.5 	 -0.00175636
19.51 	 -0.0015602
19.52 	 -0.00134113
19.53 	 -0.00110625
19.54 	 -0.000864101
19.55 	 -0.000624276
19.56 	 -0.000396501
19.57 	 -0.000189392
19.58 	 -9.07052e-06
19.59 	 0.000141987
19.6 	 0.000265286
19.61 	 0.000365264
19.62 	 0.000447136
19.63 	 0.000514935
19.64 	 0.000570903
19.65 	 0.000616232
19.66 	 0.00065227
19.67 	 0.000681352
19.68 	 0.000706944
19.69 	 0.000733193
19.7 	 0.000764055
19.71 	 0.000802241
19.72 	 0.000848341
19.73 	 0.000900603
19.74 	 0.000955566
19.75 	 0.0010094
19.76 	 0.00105941
19.77 	 0.00110498
19.78 	 0.0011476
19.79 	 0.00118988
19.8 	 0.00123392
19.81 	 0.00128006
19.82 	 0.00132661
19.83 	 0.00137078
19.84 	 0.00141005
19.85 	 0.00144355
19.86 	 0.00147256
19.87 	 0.00149983
19.88 	 0.00152822
19.89 	 0.00155946
19.9 	 0.00159388
19.91 	 0.00163086
19.92 	 0.0016697
19.93 	 0.00171027
19.94 	 0.00175331
19.95 	 0.00180028
19.96 	 0.00185298
19.97 	 0.00191325
19.98 	 0.00198288
19.99 	 0.00206354
20.0 	 0.00215662
20.01 	 0.00226284
20.02 	 0.00238186
20.03 	 0.00251223
20.04 	 0.00265158
20.05 	 0.00279675
20.06 	 0.00294368
20.07 	 0.00308721
20.08 	 0.00322111
20.09 	 0.00333866
20.1 	 0.00343389
20.11 	 0.00350284
20.12 	 0.00354432
20.13 	 0.00355978
20.14 	 0.0035523
20.15 	 0.00352527
20.16 	 0.00348151
20.17 	 0.00342301
20.18 	 0.00335132
20.19 	 0.00326791
20.2 	 0.00317461
20.21 	 0.00307375
20.22 	 0.00296804
20.23 	 0.00286025
20.24 	 0.0027529
20.25 	 0.0026479
20.26 	 0.00254653
20.27 	 0.00244962
20.28 	 0.00235803
20.29 	 0.00227316
20.3 	 0.00219735
20.31 	 0.00213385
20.32 	 0.00208645
20.33 	 0.0020587
20.34 	 0.00205281
20.35 	 0.00206879
20.36 	 0.00210406
20.37 	 0.00215354
20.38 	 0.00221031
20.39 	 0.00226687
20.4 	 0.00231668
20.41 	 0.00235496
20.42 	 0.00237882
20.43 	 0.00238675
20.44 	 0.00237834
20.45 	 0.00235395
20.46 	 0.00231424
20.47 	 0.00225997
20.48 	 0.0021921
20.49 	 0.0021121
20.5 	 0.00202205
20.51 	 0.00192443
20.52 	 0.00182158
20.53 	 0.00171507
20.54 	 0.00160521
20.55 	 0.00149147
20.56 	 0.00137372
20.57 	 0.00125351
20.58 	 0.00113464
20.59 	 0.00102286
20.6 	 0.000924611
20.61 	 0.000845335
20.62 	 0.000787843
20.63 	 0.000751708
20.64 	 0.000733879
20.65 	 0.000730244
20.66 	 0.000737411
20.67 	 0.000753972
20.68 	 0.000780867
20.69 	 0.000820817
20.7 	 0.000876964
20.71 	 0.000951079
20.72 	 0.00104212
20.73 	 0.00114602
20.74 	 0.00125672
20.75 	 0.00136777
20.76 	 0.0014735
20.77 	 0.00156946
20.78 	 0.0016522
20.79 	 0.00171888
20.8 	 0.00176689
20.81 	 0.00179364
20.82 	 0.00179669
20.83 	 0.00177433
20.84 	 0.00172638
20.85 	 0.00165487
20.86 	 0.00156395
20.87 	 0.00145879
20.88 	 0.00134407
20.89 	 0.00122266
20.9 	 0.00109539
20.91 	 0.000961888
20.92 	 0.000822112
20.93 	 0.000677565
20.94 	 0.00053173
20.95 	 0.000389611
20.96 	 0.000256531
20.97 	 0.00013654
20.98 	 3.11864e-05
20.99 	 -6.06052e-05
21.0 	 -0.000141532
21.01 	 -0.0002144
21.02 	 -0.000280804
21.03 	 -0.000340563
21.04 	 -0.000392272
21.05 	 -0.00043468
21.06 	 -0.000468016
21.07 	 -0.000494524
21.08 	 -0.000518126
21.09 	 -0.000543603
21.1 	 -0.000575648
21.11 	 -0.000618072
21.12 	 -0.000673413
21.13 	 -0.000743045
21.14 	 -0.000827647
21.15 	 -0.000927597
21.16 	 -0.0010429
21.17 	 -0.00117268
21.18 	 -0.00131467
21.19 	 -0.0014652
21.2 	 -0.00161983
21.21 	 -0.00177416
21.22 	 -0.00192449
21.23 	 -0.00206823
21.24 	 -0.00220432
21.25 	 -0.00233343
21.26 	 -0.00245763
21.27 	 -0.00257919
21.28 	 -0.00269905
21.29 	 -0.0028161
21.3 	 -0.00292754
21.31 	 -0.00302991
21.32 	 -0.00312001
21.33 	 -0.00319524
21.34 	 -0.00325367
21.35 	 -0.00329415
21.36 	 -0.00331675
21.37 	 -0.00332319
21.38 	 -0.00331718
21.39 	 -0.00330449
21.4 	 -0.00329226
21.41 	 -0.00328783
21.42 	 -0.00329725
21.43 	 -0.00332437
21.44 	 -0.00337051
21.45 	 -0.00343492
21.46 	 -0.0035155
21.47 	 -0.00360949
21.48 	 -0.00371368
21.49 	 -0.00382424
21.5 	 -0.00393668
21.51 	 -0.00404636
21.52 	 -0.0041491
21.53 	 -0.00424179
21.54 	 -0.0043228
21.55 	 -0.0043922
21.56 	 -0.00445177
21.57 	 -0.00450461
21.58 	 -0.00455425
21.59 	 -0.0046035
21.6 	 -0.00465374
21.61 	 -0.00470464
21.62 	 -0.00475469
21.63 	 -0.00480215
21.64 	 -0.00484629
21.65 	 -0.00488798
21.66 	 -0.00492956
21.67 	 -0.00497395
21.68 	 -0.00502357
21.69 	 -0.00507972
21.7 	 -0.00514243
21.71 	 -0.0052109
21.72 	 -0.00528387
21.73 	 -0.00535992
21.74 	 -0.00543736
21.75 	 -0.00551407
21.76 	 -0.00558738
21.77 	 -0.00565414
21.78 	 -0.00571071
21.79 	 -0.00575317
21.8 	 -0.00577772
21.81 	 -0.0057814
21.82 	 -0.00576301
21.83 	 -0.00572365
21.84 	 -0.00566649
21.85 	 -0.00559577
21.86 	 -0.00551552
21.87 	 -0.00542863
21.88 	 -0.00533701
21.89 	 -0.0052425
21.9 	 -0.005148
21.91 	 -0.00505814
21.92 	 -0.00497928
21.93 	 -0.00491844
21.94 	 -0.00488164
21.95 	 -0.00487226
21.96 	 -0.00489018
21.97 	 -0.00493183
21.98 	 -0.00499132
21.99 	 -0.00506192
22.0 	 -0.00513743
22.01 	 -0.00521298
22.02 	 -0.00528485
22.03 	 -0.00534984
22.04 	 -0.00540455
22.05 	 -0.00544502
22.06 	 -0.00546712
22.07 	 -0.00546712
22.08 	 -0.00544211
22.09 	 -0.00538993
22.1 	 -0.00530887
22.11 	 -0.00519779
22.12 	 -0.0050568
22.13 	 -0.00488836
22.14 	 -0.00469798
22.15 	 -0.00449411
22.16 	 -0.00428705
22.17 	 -0.00408719
22.18 	 -0.00390314
22.19 	 -0.00374059
22.2 	 -0.00360186
22.21 	 -0.00348649
22.22 	 -0.00339267
22.23 	 -0.00331882
22.24 	 -0.00326433
22.25 	 -0.00322907
22.26 	 -0.00321197
22.27 	 -0.00320971
22.28 	 -0.00321653
22.29 	 -0.00322539
22.3 	 -0.00322965
22.31 	 -0.00322417
22.32 	 -0.00320531
22.33 	 -0.00317007
22.34 	 -0.00311519
22.35 	 -0.00303681
22.36 	 -0.00293104
22.37 	 -0.0027951
22.38 	 -0.00262867
22.39 	 -0.00243458
22.4 	 -0.00221871
22.41 	 -0.00198885
22.42 	 -0.00175308
22.43 	 -0.00151819
22.44 	 -0.0012888
22.45 	 -0.00106752
22.46 	 -0.000855551
22.47 	 -0.000653387
22.48 	 -0.000461195
22.49 	 -0.000278997
22.5 	 -0.000106873
22.51 	 5.46837e-05
22.52 	 0.000204241
22.53 	 0.000339091
22.54 	 0.000455652
22.55 	 0.000550786
22.56 	 0.000623433
22.57 	 0.000675644
22.58 	 0.000712554
22.59 	 0.000741455
22.6 	 0.000770437
22.61 	 0.000807134
22.62 	 0.000858003
22.63 	 0.000928156
22.64 	 0.00102129
22.65 	 0.00113935
22.66 	 0.00128209
22.67 	 0.00144714
22.68 	 0.00163042
22.69 	 0.00182676
22.7 	 0.00203041
22.71 	 0.00223548
22.72 	 0.00243627
22.73 	 0.00262771
22.74 	 0.00280593
22.75 	 0.00296855
22.76 	 0.00311471
22.77 	 0.00324465
22.78 	 0.00335922
22.79 	 0.00345954
22.8 	 0.00354715
22.81 	 0.00362442
22.82 	 0.00369473
22.83 	 0.00376203
22.84 	 0.00383009
22.85 	 0.00390192
22.86 	 0.00397955
22.87 	 0.00406406
22.88 	 0.00415584
22.89 	 0.00425472
22.9 	 0.00436022
22.91 	 0.00447145
22.92 	 0.00458702
22.93 	 0.00470481
22.94 	 0.00482196
22.95 	 0.00493492
22.96 	 0.00503965
22.97 	 0.00513157
22.98 	 0.0052056
22.99 	 0.00525645
23.0 	 0.0052795
23.01 	 0.00527215
23.02 	 0.00523517
23.03 	 0.0051731
23.04 	 0.00509351
23.05 	 0.00500546
23.06 	 0.0049178
23.07 	 0.00483797
23.08 	 0.00477141
23.09 	 0.00472169
23.1 	 0.0046913
23.11 	 0.00468221
23.12 	 0.00469611
23.13 	 0.00473413
23.14 	 0.0047965
23.15 	 0.00488223
23.16 	 0.00498901
23.17 	 0.00511297
23.18 	 0.00524865
23.19 	 0.0053892
23.2 	 0.00552683
23.21 	 0.00565358
23.22 	 0.00576194
23.23 	 0.00584514
23.24 	 0.00589726
23.25 	 0.00591363
23.26 	 0.0058913
23.27 	 0.00582944
23.28 	 0.00572937
23.29 	 0.0055947
23.3 	 0.00543138
23.31 	 0.00524744
23.32 	 0.00505211
23.33 	 0.00485432
23.34 	 0.00466132
23.35 	 0.00447803
23.36 	 0.00430757
23.37 	 0.00415263
23.38 	 0.00401646
23.39 	 0.00390304
23.4 	 0.00381643
23.41 	 0.0037597
23.42 	 0.00373419
23.43 	 0.00373904
23.44 	 0.00377124
23.45 	 0.00382609
23.46 	 0.00389792
23.47 	 0.00398079
23.48 	 0.00406876
23.49 	 0.00415598
23.5 	 0.00423644
23.51 	 0.00430376
23.52 	 0.00435096
23.53 	 0.00437079
23.54 	 0.0043566
23.55 	 0.00430374
23.56 	 0.00421081
23.57 	 0.00408004
23.58 	 0.0039167
23.59 	 0.00372783
23.6 	 0.00352115
23.61 	 0.00330432
23.62 	 0.00308464
23.63 	 0.00286892
23.64 	 0.0026636
23.65 	 0.00247504
23.66 	 0.00230971
23.67 	 0.00217385
23.68 	 0.00207258
23.69 	 0.0020091
23.7 	 0.00198417
23.71 	 0.00199619
23.72 	 0.00204152
23.73 	 0.00211507
23.74 	 0.00221081
23.75 	 0.00232184
23.76 	 0.00243992
23.77 	 0.00255513
23.78 	 0.00265632
23.79 	 0.00273236
23.8 	 0.00277373
23.81 	 0.00277382
23.82 	 0.0027297
23.83 	 0.00264224
23.84 	 0.00251559
23.85 	 0.00235607
23.86 	 0.00217092
23.87 	 0.00196726
23.88 	 0.00175178
23.89 	 0.00153057
23.9 	 0.0013093
23.91 	 0.00109349
23.92 	 0.000888929
23.93 	 0.000701724
23.94 	 0.000537884
23.95 	 0.000402466
23.96 	 0.000298634
23.97 	 0.000227111
23.98 	 0.00018636
23.99 	 0.000173244
24.0 	 0.000183601
24.01 	 0.000212399
24.02 	 0.000253748
24.03 	 0.000301124
24.04 	 0.000347768
24.05 	 0.000387007
24.06 	 0.000412416
24.07 	 0.000418016
24.08 	 0.000398632
24.09 	 0.000350336
24.1 	 0.000270751
24.11 	 0.000159115
24.12 	 1.62161e-05
24.13 	 -0.00015555
24.14 	 -0.000351954
24.15 	 -0.00056684
24.16 	 -0.00079251
24.17 	 -0.00102053
24.18 	 -0.00124254
24.19 	 -0.00145084
24.2 	 -0.00163874
24.21 	 -0.00180098
24.22 	 -0.00193398
24.23 	 -0.00203579
24.24 	 -0.00210597
24.25 	 -0.0021455
24.26 	 -0.00215696
24.27 	 -0.00214477
24.28 	 -0.00211515
24.29 	 -0.00207574
24.3 	 -0.00203484
24.31 	 -0.00200054
24.32 	 -0.00198002
24.33 	 -0.00197895
24.34 	 -0.00200134
24.35 	 -0.00204961
24.36 	 -0.00212477
24.37 	 -0.00222628
24.38 	 -0.00235181
24.39 	 -0.00249725
24.4 	 -0.00265743
24.41 	 -0.00282705
24.42 	 -0.00300158
24.43 	 -0.00317765
24.44 	 -0.00335282
24.45 	 -0.00352499
24.46 	 -0.0036916
24.47 	 -0.00384916
24.48 	 -0.00399308
24.49 	 -0.00411827
24.5 	 -0.00422013
24.51 	 -0.0042956
24.52 	 -0.00434383
24.53 	 -0.00436609
24.54 	 -0.00436543
24.55 	 -0.0043464
24.56 	 -0.00431472
24.57 	 -0.00427645
24.58 	 -0.00423674
24.59 	 -0.00419933
24.6 	 -0.00416701
24.61 	 -0.00414277
24.62 	 -0.00413051
24.63 	 -0.00413478
24.64 	 -0.00415967
24.65 	 -0.0042074
24.66 	 -0.00427745
24.67 	 -0.00436666
24.68 	 -0.00447028
24.69 	 -0.00458348
24.7 	 -0.00470257
24.71 	 -0.00482567
24.72 	 -0.00495228
24.73 	 -0.00508206
24.74 	 -0.00521327
24.75 	 -0.00534183
24.76 	 -0.0054615
24.77 	 -0.00556494
24.78 	 -0.00564544
24.79 	 -0.00569838
24.8 	 -0.00572205
24.81 	 -0.00571733
24.82 	 -0.00568667
24.83 	 -0.00563312
24.84 	 -0.00555986
24.85 	 -0.0054703
24.86 	 -0.00536847
24.87 	 -0.00525915
24.88 	 -0.0051479
24.89 	 -0.00504078
24.9 	 -0.00494391
24.91 	 -0.00486276
24.92 	 -0.0048015
24.93 	 -0.00476264
24.94 	 -0.004747
24.95 	 -0.00475402
24.96 	 -0.0047819
24.97 	 -0.00482768
24.98 	 -0.00488711
24.99 	 -0.00495494
25.0 	 -0.00502564
25.01 	 -0.00509454
25.02 	 -0.00515853
25.03 	 -0.00521617
25.04 	 -0.0052669
25.05 	 -0.00531001
25.06 	 -0.00534386
25.07 	 -0.00536591
25.08 	 -0.0053733
25.09 	 -0.00536345
25.1 	 -0.00533459
25.11 	 -0.00528603
25.12 	 -0.00521822
25.13 	 -0.00513274
25.14 	 -0.00503217
25.15 	 -0.00492004
25.16 	 -0.00480064
25.17 	 -0.0046789
25.18 	 -0.00456032
25.19 	 -0.00445069
25.2 	 -0.00435557
25.21 	 -0.00427929
25.22 	 -0.00422434
25.23 	 -0.00419141
25.24 	 -0.00417977
25.25 	 -0.00418772
25.26 	 -0.00421286
25.27 	 -0.00425204
25.28 	 -0.00430129
25.29 	 -0.00435596
25.3 	 -0.00441113
25.31 	 -0.00446215
25.32 	 -0.00450486
25.33 	 -0.0045354
25.34 	 -0.00454983
25.35 	 -0.00454394
25.36 	 -0.00451331
25.37 	 -0.00445382
25.38 	 -0.00436257
25.39 	 -0.00423879
25.4 	 -0.0040845
25.41 	 -0.00390474
25.42 	 -0.00370731
25.43 	 -0.00350179
25.44 	 -0.00329811
25.45 	 -0.003105
25.46 	 -0.00292911
25.47 	 -0.00277489
25.48 	 -0.00264513
25.49 	 -0.00254159
25.5 	 -0.00246531
25.51 	 -0.00241662
25.52 	 -0.00239477
25.53 	 -0.00239755
25.54 	 -0.0024211
25.55 	 -0.00246014
25.56 	 -0.00250846
25.57 	 -0.0025596
25.58 	 -0.00260739
25.59 	 -0.00264647
25.6 	 -0.00267246
25.61 	 -0.002682
25.62 	 -0.0026725
25.63 	 -0.00264206
25.64 	 -0.00258955
25.65 	 -0.00251487
25.66 	 -0.00241913
25.67 	 -0.00230449
25.68 	 -0.00217387
25.69 	 -0.00203083
25.7 	 -0.00187971
25.71 	 -0.00172572
25.72 	 -0.0015748
25.73 	 -0.0014329
25.74 	 -0.00130522
25.75 	 -0.00119557
25.76 	 -0.00110603
25.77 	 -0.00103694
25.78 	 -0.000987244
25.79 	 -0.000955123
25.8 	 -0.000938528
25.81 	 -0.000935401
25.82 	 -0.000943612
25.83 	 -0.000960786
25.84 	 -0.000984208
25.85 	 -0.00101085
25.86 	 -0.00103746
25.87 	 -0.00106071
25.88 	 -0.00107738
25.89 	 -0.00108452
25.9 	 -0.00107982
25.91 	 -0.00106196
25.92 	 -0.00103071
25.93 	 -0.000986834
25.94 	 -0.000931592
25.95 	 -0.000866404
25.96 	 -0.000792681
25.97 	 -0.000711912
25.98 	 -0.00062589
25.99 	 -0.000536918
26.0 	 -0.000447836
26.01 	 -0.000361846
26.02 	 -0.000282224
26.03 	 -0.000212055
26.04 	 -0.000153993
26.05 	 -0.000110061
26.06 	 -8.14944e-05
26.07 	 -6.86762e-05
26.08 	 -7.11626e-05
26.09 	 -8.77319e-05
26.1 	 -0.000116426
26.11 	 -0.000154616
26.12 	 -0.000199126
26.13 	 -0.000246367
26.14 	 -0.000292481
26.15 	 -0.000333532
26.16 	 -0.000365831
26.17 	 -0.000386344
26.18 	 -0.000393067
26.19 	 -0.000385229
26.2 	 -0.000363286
26.21 	 -0.000328662
26.22 	 -0.000283335
26.23 	 -0.000229397
26.24 	 -0.00016881
26.25 	 -0.000103405
26.26 	 -3.50576e-05
26.27 	 3.4138e-05
26.28 	 0.000101788
26.29 	 0.000165286
26.3 	 0.000222055
26.31 	 0.000269853
26.32 	 0.000307072
26.33 	 0.000332909
26.34 	 0.000347356
26.35 	 0.000351013
26.36 	 0.000344838
26.37 	 0.000329979
26.38 	 0.000307741
26.39 	 0.000279673
26.4 	 0.000247659
26.41 	 0.000213935
26.42 	 0.000180961
26.43 	 0.000151178
26.44 	 0.000126739
26.45 	 0.000109338
26.46 	 0.000100134
26.47 	 9.97595e-05
26.48 	 0.000108341
26.49 	 0.000125548
26.5 	 0.000150641
26.51 	 0.000182526
26.52 	 0.000219798
26.53 	 0.000260771
26.54 	 0.000303536
26.55 	 0.000346043
26.56 	 0.00038622
26.57 	 0.000422104
26.58 	 0.00045197
26.59 	 0.000474427
26.6 	 0.000488486
26.61 	 0.0004936
26.62 	 0.000489663
26.63 	 0.000477011
26.64 	 0.000456394
26.65 	 0.000428929
26.66 	 0.000396028
26.67 	 0.000359316
26.68 	 0.000320549
26.69 	 0.000281538
26.7 	 0.000244066
26.71 	 0.000209803
26.72 	 0.00018021
26.73 	 0.000156469
26.74 	 0.000139406
26.75 	 0.000129447
26.76 	 0.00012661
26.77 	 0.000130531
26.78 	 0.000140531
26.79 	 0.000155678
26.8 	 0.000174835
26.81 	 0.000196701
26.82 	 0.000219853
26.83 	 0.000242808
26.84 	 0.00026409
26.85 	 0.00028231
26.86 	 0.000296248
26.87 	 0.000304928
26.88 	 0.000307668
26.89 	 0.000304116
26.9 	 0.000294242
26.91 	 0.000278325
26.92 	 0.000256927
26.93 	 0.000230858
26.94 	 0.000201136
26.95 	 0.000168944
26.96 	 0.000135572
26.97 	 0.000102358
26.98 	 7.06168e-05
26.99 	 4.15695e-05
27.0 	 1.6281e-05
27.01 	 -4.39695e-06
27.02 	 -1.98646e-05
27.03 	 -2.97975e-05
27.04 	 -3.41529e-05
27.05 	 -3.31614e-05
27.06 	 -2.73078e-05
27.07 	 -1.73007e-05
27.08 	 -4.03416e-06
27.09 	 1.14581e-05
27.1 	 2.80557e-05
27.11 	 4.46088e-05
27.12 	 5.99974e-05
27.13 	 7.31889e-05
27.14 	 8.32906e-05
27.15 	 8.95939e-05
27.16 	 9.16062e-05
27.17 	 8.90714e-05
27.18 	 8.19773e-05
27.19 	 7.05504e-05
27.2 	 5.52398e-05
27.21 	 3.66909e-05
27.22 	 1.57104e-05
27.23 	 -6.77593e-06
27.24 	 -2.97714e-05
27.25 	 -5.22586e-05
27.26 	 -7.32514e-05
27.27 	 -9.18435e-05
27.28 	 -0.000107253
27.29 	 -0.000118859
27.3 	 -0.000126229
27.31 	 -0.000129137
27.32 	 -0.000127569
27.33 	 -0.000121925
27.34 	 -0.000113391
