0.0 	 0.00196453
0.0381970978744 	 0.00406612
0.0763941957488 	 0.00837601
0.114591293623 	 0.00982484
0.152788391498 	 0.0201294
0.190985489372 	 0.00659451
0.229182587246 	 0.00578961
0.267379685121 	 0.00626251
0.305576782995 	 0.00405002
0.34377388087 	 0.00295259
0.381970978744 	 0.00260995
0.420168076618 	 0.00179955
0.458365174493 	 0.0023386
0.496562272367 	 0.00167749
0.534759370242 	 0.00137013
0.572956468116 	 0.0025096
0.61115356599 	 0.000357344
0.649350663865 	 0.000516965
0.687547761739 	 0.00117801
0.725744859614 	 0.00163166
0.763941957488 	 0.000527096
0.802139055362 	 0.00158248
0.840336153237 	 0.00194868
0.878533251111 	 0.0006624
0.916730348986 	 0.000337902
0.95492744686 	 0.00195229
0.993124544734 	 0.00066879
1.03132164261 	 0.00128158
1.06951874048 	 0.000166964
1.10771583836 	 0.000770502
1.14591293623 	 0.000168279
1.18411003411 	 0.000525485
1.22230713198 	 0.00026191
1.26050422986 	 0.00040751
1.29870132773 	 0.000169674
1.3368984256 	 0.000653933
1.37509552348 	 0.00051834
1.41329262135 	 0.000730805
1.45148971923 	 0.000299841
1.4896868171 	 0.000123333
1.52788391498 	 0.000406365
1.56608101285 	 0.000645232
1.60427811072 	 0.000356341
1.6424752086 	 3.63839e-05
1.68067230647 	 0.00012881
1.71886940435 	 0.00011246
1.75706650222 	 0.000203288
1.7952636001 	 0.000259067
1.83346069797 	 0.00041013
1.87165779585 	 0.000255547
1.90985489372 	 0.000454893
1.94805199159 	 0.000205191
1.98624908947 	 0.000326521
2.02444618734 	 0.000330159
2.06264328522 	 0.00047818
2.10084038309 	 0.000541585
2.13903748097 	 0.000378252
2.17723457884 	 0.000184227
2.21543167672 	 0.000307336
2.25362877459 	 0.000288533
2.29182587246 	 0.000434483
2.33002297034 	 0.000281082
2.36822006821 	 0.000285161
2.40641716609 	 0.000338729
2.44461426396 	 0.000193879
2.48281136184 	 0.000129063
2.52100845971 	 0.000221338
2.55920555758 	 0.000352192
2.59740265546 	 0.000232274
2.63559975333 	 5.43567e-05
2.67379685121 	 0.000320256
2.71199394908 	 0.000214538
2.75019104696 	 9.2216e-05
2.78838814483 	 0.000124523
2.82658524271 	 0.000270932
2.86478234058 	 0.000116103
2.90297943845 	 0.000131833
2.94117653633 	 0.000299638
2.9793736342 	 0.000440444
3.01757073208 	 0.000372651
3.05576782995 	 1.43207e-05
3.09396492783 	 0.000234456
3.1321620257 	 0.000198517
3.17035912358 	 0.000107915
3.20855622145 	 0.000272292
3.24675331932 	 0.00047753
3.2849504172 	 0.000560435
3.32314751507 	 0.000506456
3.36134461295 	 0.000474619
3.39954171082 	 0.000760187
3.4377388087 	 0.000761736
3.47593590657 	 0.000367003
3.51413300444 	 0.00072988
3.55233010232 	 0.000990487
3.59052720019 	 0.001004
3.62872429807 	 0.00117776
3.66692139594 	 0.00130931
3.70511849382 	 0.00154594
3.74331559169 	 0.000976557
3.78151268957 	 0.000885344
3.81970978744 	 0.000638709
3.85790688531 	 0.000608066
3.89610398319 	 0.000482469
3.93430108106 	 0.000214488
3.97249817894 	 7.93355e-05
4.01069527681 	 8.44728e-05
4.04889237469 	 9.56173e-05
4.08708947256 	 4.99804e-05
4.12528657043 	 1.72332e-05
4.16348366831 	 8.17839e-05
4.20168076618 	 9.05217e-05
4.23987786406 	 7.74654e-05
4.27807496193 	 8.09265e-05
4.31627205981 	 6.06275e-05
4.35446915768 	 6.78821e-05
4.39266625556 	 8.29984e-05
4.43086335343 	 7.78289e-05
4.4690604513 	 3.83209e-05
4.50725754918 	 2.55092e-05
4.54545464705 	 1.01944e-05
4.58365174493 	 1.76908e-05
4.6218488428 	 3.25552e-05
4.66004594068 	 6.70621e-06
4.69824303855 	 3.32108e-05
4.73644013643 	 5.61887e-05
4.7746372343 	 6.68642e-05
4.81283433217 	 6.35439e-05
4.85103143005 	 5.13583e-05
4.88922852792 	 4.95267e-05
4.9274256258 	 4.58554e-05
4.96562272367 	 4.82184e-05
5.00381982155 	 4.28232e-05
5.04201691942 	 3.73416e-05
5.08021401729 	 3.24639e-05
5.11841111517 	 3.44169e-05
5.15660821304 	 2.94185e-05
5.19480531092 	 4.16485e-05
5.23300240879 	 4.17952e-05
5.27119950667 	 4.14751e-05
5.30939660454 	 3.85379e-05
5.34759370242 	 3.31744e-05
5.38579080029 	 3.23693e-05
5.42398789816 	 2.94949e-05
5.46218499604 	 3.77862e-05
5.50038209391 	 3.26962e-05
5.53857919179 	 3.01542e-05
5.57677628966 	 3.24754e-05
5.61497338754 	 4.114e-05
5.65317048541 	 3.56345e-05
5.69136758329 	 3.31144e-05
5.72956468116 	 3.08631e-05
5.76776177903 	 2.95196e-05
5.80595887691 	 2.89814e-05
5.84415597478 	 3.13898e-05
5.88235307266 	 3.30245e-05
5.92055017053 	 2.72252e-05
5.95874726841 	 1.46147e-05
5.99694436628 	 1.69471e-05
6.03514146415 	 2.13975e-05
6.07333856203 	 1.95971e-05
6.1115356599 	 1.60679e-05
6.14973275778 	 1.59551e-05
6.18792985565 	 1.18035e-05
6.22612695353 	 1.21854e-05
6.2643240514 	 1.28927e-05
6.30252114928 	 1.4296e-05
6.34071824715 	 1.5541e-05
6.37891534502 	 9.84772e-06
6.4171124429 	 1.16308e-05
6.45530954077 	 1.43505e-05
6.49350663865 	 1.43188e-05
6.53170373652 	 1.61137e-05
6.5699008344 	 1.5548e-05
6.60809793227 	 1.72179e-05
6.64629503015 	 1.84578e-05
6.68449212802 	 2.27881e-05
6.72268922589 	 1.74894e-05
6.76088632377 	 1.84762e-05
6.79908342164 	 1.49577e-05
6.83728051952 	 1.45711e-05
6.87547761739 	 1.24806e-05
6.91367471527 	 6.94385e-06
6.95187181314 	 9.59427e-06
6.99006891101 	 8.4019e-06
7.02826600889 	 6.46437e-06
7.06646310676 	 8.23824e-06
7.10466020464 	 8.25592e-06
7.14285730251 	 1.41951e-05
7.18105440039 	 7.59656e-06
7.21925149826 	 6.48341e-06
7.25744859614 	 2.84322e-06
7.29564569401 	 1.85109e-06
7.33384279188 	 6.30547e-06
7.37203988976 	 7.0292e-06
7.41023698763 	 8.43554e-06
7.44843408551 	 7.82636e-06
7.48663118338 	 4.36701e-06
7.52482828126 	 9.08487e-07
7.56302537913 	 4.92526e-06
7.60122247701 	 9.15239e-07
7.63941957488 	 2.19549e-06
7.67761667275 	 1.10289e-06
7.71581377063 	 3.96044e-06
7.7540108685 	 2.04968e-06
7.79220796638 	 6.49384e-06
7.83040506425 	 6.70607e-06
7.86860216213 	 6.42882e-06
7.90679926 	 6.3712e-06
7.94499635787 	 3.45778e-06
7.98319345575 	 1.2981e-06
8.02139055362 	 1.88705e-06
8.0595876515 	 2.66503e-06
8.09778474937 	 5.96214e-06
8.13598184725 	 5.81336e-06
8.17417894512 	 5.85158e-06
8.212376043 	 5.52408e-06
8.25057314087 	 3.77046e-06
8.28877023874 	 3.31024e-06
8.32696733662 	 1.5019e-06
8.36516443449 	 2.21698e-06
8.40336153237 	 4.21319e-06
8.44155863024 	 5.27716e-06
8.47975572812 	 7.04397e-06
8.51795282599 	 7.71609e-06
8.55614992387 	 1.01372e-05
8.59434702174 	 1.28483e-05
8.63254411961 	 1.54075e-05
8.67074121749 	 1.4851e-05
8.70893831536 	 1.52906e-05
8.74713541324 	 1.34448e-05
8.78533251111 	 1.39434e-05
8.82352960899 	 1.18524e-05
8.86172670686 	 1.18938e-05
8.89992380473 	 1.04934e-05
8.93812090261 	 8.36261e-06
8.97631800048 	 7.21386e-06
9.01451509836 	 5.17495e-06
9.05271219623 	 2.68145e-06
9.09090929411 	 1.17603e-06
9.12910639198 	 2.38895e-06
9.16730348986 	 2.50296e-06
9.20550058773 	 4.04749e-06
9.2436976856 	 3.65281e-06
9.28189478348 	 4.18877e-06
9.32009188135 	 5.98761e-06
9.35828897923 	 6.26786e-06
9.3964860771 	 4.71219e-06
9.43468317498 	 5.45658e-06
9.47288027285 	 2.67241e-06
9.51107737073 	 2.06046e-06
9.5492744686 	 3.38974e-06
9.58747156647 	 5.0923e-06
9.62566866435 	 5.78231e-06
9.66386576222 	 4.76923e-06
9.7020628601 	 3.89052e-06
9.74025995797 	 3.4821e-06
9.77845705585 	 1.85565e-06
9.81665415372 	 4.19088e-06
9.85485125159 	 3.15826e-06
9.89304834947 	 5.80085e-06
9.93124544734 	 5.37412e-06
9.96944254522 	 3.80377e-06
10.0076396431 	 2.78048e-06
10.045836741 	 1.80811e-06
10.0840338388 	 2.34876e-06
10.1222309367 	 2.35274e-06
10.1604280346 	 1.64557e-06
10.1986251325 	 1.05265e-06
10.2368222303 	 3.13315e-06
10.2750193282 	 3.34565e-06
10.3132164261 	 1.96322e-06
10.351413524 	 3.89845e-06
10.3896106218 	 4.69451e-06
10.4278077197 	 4.16895e-06
10.4660048176 	 5.75227e-06
10.5042019155 	 4.23187e-06
10.5423990133 	 4.44518e-06
10.5805961112 	 2.59387e-06
10.6187932091 	 1.84431e-06
10.656990307 	 1.11116e-07
10.6951874048 	 2.16213e-06
10.7333845027 	 2.5553e-06
10.7715816006 	 3.4344e-06
10.8097786985 	 3.71068e-06
10.8479757963 	 4.54749e-06
10.8861728942 	 3.21829e-06
10.9243699921 	 5.98494e-06
10.96256709 	 6.4115e-06
11.0007641878 	 6.38027e-06
11.0389612857 	 6.49934e-06
11.0771583836 	 6.07766e-06
11.1153554814 	 7.41067e-06
11.1535525793 	 8.38228e-06
11.1917496772 	 7.03694e-06
11.2299467751 	 7.48762e-06
11.2681438729 	 6.39847e-06
11.3063409708 	 5.0693e-06
11.3445380687 	 4.99788e-06
11.3827351666 	 3.3498e-06
11.4209322644 	 3.8913e-06
11.4591293623 	 4.08733e-06
11.4973264602 	 6.13688e-06
11.5355235581 	 7.0983e-06
11.5737206559 	 6.95607e-06
11.6119177538 	 7.26904e-06
11.6501148517 	 6.56572e-06
11.6883119496 	 7.37784e-06
11.7265090474 	 5.53012e-06
11.7647061453 	 4.14378e-06
11.8029032432 	 3.74583e-06
11.8411003411 	 5.72852e-06
11.8792974389 	 7.90668e-06
11.9174945368 	 8.29362e-06
11.9556916347 	 9.18572e-06
11.9938887326 	 9.60286e-06
12.0320858304 	 8.70399e-06
12.0702829283 	 9.04169e-06
12.1084800262 	 7.44505e-06
12.1466771241 	 6.83406e-06
12.1848742219 	 5.36663e-06
12.2230713198 	 5.58254e-06
12.2612684177 	 4.1514e-06
12.2994655156 	 4.06107e-06
12.3376626134 	 2.9551e-06
12.3758597113 	 2.35108e-06
12.4140568092 	 1.77924e-06
12.4522539071 	 1.49509e-06
12.4904510049 	 1.42767e-06
12.5286481028 	 6.07821e-07
12.5668452007 	 6.98496e-08
12.6050422986 	 5.91631e-07
12.6432393964 	 1.34677e-06
12.6814364943 	 1.97323e-06
12.7196335922 	 2.7661e-06
12.75783069 	 2.53369e-06
12.7960277879 	 2.05868e-06
12.8342248858 	 1.72849e-06
12.8724219837 	 1.43072e-06
12.9106190815 	 8.70824e-07
12.9488161794 	 5.99378e-07
12.9870132773 	 2.54151e-07
13.0252103752 	 9.37064e-07
13.063407473 	 9.55368e-07
13.1016045709 	 1.38932e-06
13.1398016688 	 1.38907e-06
13.1779987667 	 1.25863e-06
13.2161958645 	 1.04791e-06
13.2543929624 	 8.88044e-07
13.2925900603 	 8.51501e-07
13.3307871582 	 9.38925e-07
13.368984256 	 5.02613e-07
13.4071813539 	 8.02463e-07
13.4453784518 	 9.92355e-07
13.4835755497 	 4.62477e-07
13.5217726475 	 1.91347e-07
13.5599697454 	 1.12547e-07
13.5981668433 	 2.28922e-07
13.6363639412 	 1.05069e-07
13.674561039 	 3.36464e-07
13.7127581369 	 3.11075e-07
13.7509552348 	 2.90396e-07
13.7891523327 	 3.74337e-07
13.8273494305 	 3.25229e-07
13.8655465284 	 2.70058e-07
13.9037436263 	 2.25202e-07
13.9419407242 	 1.44547e-07
13.980137822 	 1.1004e-07
14.0183349199 	 8.55213e-08
14.0565320178 	 1.82909e-07
14.0947291157 	 1.79205e-07
14.1329262135 	 2.16914e-07
14.1711233114 	 3.85374e-07
14.2093204093 	 6.14792e-07
14.2475175072 	 6.10303e-07
14.285714605 	 6.30896e-07
14.3239117029 	 5.77428e-07
14.3621088008 	 4.99939e-07
14.4003058986 	 3.66683e-07
14.4385029965 	 3.83136e-07
14.4767000944 	 2.91539e-07
14.5148971923 	 2.1282e-07
14.5530942901 	 9.12647e-08
14.591291388 	 1.51532e-07
14.6294884859 	 1.81375e-07
14.6676855838 	 2.44125e-07
14.7058826816 	 3.83621e-07
14.7440797795 	 2.44919e-07
14.7822768774 	 3.42585e-07
14.8204739753 	 3.85736e-07
14.8586710731 	 4.65083e-07
14.896868171 	 3.53949e-07
14.9350652689 	 4.34364e-07
14.9732623668 	 3.47396e-07
15.0114594646 	 3.1372e-07
15.0496565625 	 2.72282e-07
15.0878536604 	 3.02232e-07
15.1260507583 	 4.00664e-07
15.1642478561 	 4.3351e-07
15.202444954 	 3.56004e-07
15.2406420519 	 3.79768e-07
15.2788391498 	 3.70549e-07
15.3170362476 	 3.23957e-07
15.3552333455 	 2.07369e-07
15.3934304434 	 1.07998e-07
15.4316275413 	 7.22058e-08
15.4698246391 	 1.36949e-07
15.508021737 	 2.30499e-07
15.5462188349 	 2.71344e-07
15.5844159328 	 2.20608e-07
15.6226130306 	 2.96556e-07
15.6608101285 	 2.23283e-07
15.6990072264 	 1.98626e-07
15.7372043243 	 8.60601e-08
15.7754014221 	 5.9945e-08
15.81359852 	 8.40783e-08
15.8517956179 	 1.21364e-07
15.8899927157 	 2.47134e-07
15.9281898136 	 2.78264e-07
15.9663869115 	 1.73717e-07
16.0045840094 	 5.81641e-08
16.0427811072 	 1.51854e-07
16.0809782051 	 1.88176e-07
16.119175303 	 1.25502e-07
16.1573724009 	 2.15947e-07
16.1955694987 	 1.91932e-07
16.2337665966 	 2.28806e-07
16.2719636945 	 2.47785e-07
16.3101607924 	 2.59876e-07
16.3483578902 	 2.10041e-07
16.3865549881 	 1.19841e-07
16.424752086 	 1.14797e-07
16.4629491839 	 1.29188e-07
16.5011462817 	 8.61803e-08
16.5393433796 	 1.02567e-07
16.5775404775 	 4.19109e-08
16.6157375754 	 1.17351e-07
16.6539346732 	 1.1348e-07
16.6921317711 	 1.3581e-07
16.730328869 	 1.75004e-07
16.7685259669 	 1.52446e-07
16.8067230647 	 1.50879e-07
16.8449201626 	 1.51425e-07
16.8831172605 	 9.66831e-08
16.9213143584 	 8.41546e-08
16.9595114562 	 8.05348e-08
16.9977085541 	 9.57187e-08
17.035905652 	 9.10936e-08
17.0741027499 	 1.20213e-07
17.1122998477 	 2.19794e-07
17.1504969456 	 2.53985e-07
17.1886940435 	 3.07907e-07
17.2268911414 	 2.17442e-07
17.2650882392 	 1.86306e-07
17.3032853371 	 9.92744e-08
17.341482435 	 8.87912e-08
17.3796795329 	 1.43906e-07
17.4178766307 	 1.8378e-07
17.4560737286 	 1.7778e-07
17.4942708265 	 1.34854e-07
17.5324679243 	 1.46284e-07
17.5706650222 	 1.20935e-07
17.6088621201 	 9.91177e-08
17.647059218 	 5.78217e-08
17.6852563158 	 8.7399e-08
17.7234534137 	 1.06121e-07
17.7616505116 	 1.75905e-07
17.7998476095 	 1.92852e-07
17.8380447073 	 1.62502e-07
17.8762418052 	 8.65536e-08
17.9144389031 	 3.64239e-08
17.952636001 	 1.85082e-08
17.9908330988 	 6.11208e-08
18.0290301967 	 6.18157e-08
18.0672272946 	 1.18386e-07
18.1054243925 	 1.14384e-07
18.1436214903 	 1.40496e-07
18.1818185882 	 1.33697e-07
18.2200156861 	 9.26384e-08
18.258212784 	 9.56555e-08
18.2964098818 	 1.1786e-07
18.3346069797 	 1.05132e-07
18.3728040776 	 8.55554e-08
18.4110011755 	 9.84645e-08
18.4491982733 	 1.22781e-07
18.4873953712 	 1.08487e-07
18.5255924691 	 9.94416e-08
18.563789567 	 8.31735e-08
18.6019866648 	 7.51171e-08
18.6401837627 	 7.00476e-08
18.6783808606 	 8.60107e-08
18.7165779585 	 6.8421e-08
18.7547750563 	 3.59814e-08
18.7929721542 	 1.35078e-08
18.8311692521 	 4.01981e-08
18.86936635 	 5.32206e-08
18.9075634478 	 6.81532e-08
18.9457605457 	 6.36055e-08
18.9839576436 	 4.72549e-08
19.0221547415 	 2.4979e-08
19.0603518393 	 2.37017e-08
19.0985489372 	 5.96997e-08
19.1367460351 	 2.54725e-08
19.1749431329 	 1.69421e-08
19.2131402308 	 5.21841e-08
19.2513373287 	 4.74789e-08
19.2895344266 	 5.7591e-08
19.3277315244 	 5.18112e-08
19.3659286223 	 6.87446e-08
19.4041257202 	 4.22847e-08
19.4423228181 	 3.32065e-08
19.4805199159 	 5.69146e-08
19.5187170138 	 7.1491e-08
19.5569141117 	 5.98193e-08
19.5951112096 	 3.26078e-08
19.6333083074 	 4.6782e-08
19.6715054053 	 5.46361e-08
19.7097025032 	 5.35925e-08
19.7478996011 	 4.07831e-08
19.7860966989 	 3.42713e-08
19.8242937968 	 5.44971e-08
19.8624908947 	 7.64684e-08
19.9006879926 	 4.98718e-08
19.9388850904 	 3.11238e-08
19.9770821883 	 3.89918e-08
20.0152792862 	 3.82754e-08
20.0534763841 	 4.28498e-08
20.0916734819 	 3.30315e-08
20.1298705798 	 3.25872e-08
20.1680676777 	 2.68139e-08
20.2062647756 	 1.58893e-08
20.2444618734 	 2.22627e-08
20.2826589713 	 4.21877e-08
20.3208560692 	 2.66441e-08
20.3590531671 	 3.03085e-08
20.3972502649 	 3.51326e-08
20.4354473628 	 2.95537e-08
20.4736444607 	 3.62252e-08
20.5118415586 	 2.62283e-08
20.5500386564 	 1.11513e-09
20.5882357543 	 1.87494e-08
20.6264328522 	 3.87958e-08
20.66462995 	 2.62443e-08
20.7028270479 	 1.165e-08
20.7410241458 	 1.42055e-08
20.7792212437 	 4.5756e-08
20.8174183415 	 4.66595e-08
20.8556154394 	 2.73123e-08
20.8938125373 	 1.24633e-08
20.9320096352 	 2.58306e-08
20.970206733 	 4.40465e-08
21.0084038309 	 3.51357e-08
21.0466009288 	 2.65328e-08
21.0847980267 	 1.31312e-08
21.1229951245 	 3.44333e-08
21.1611922224 	 3.77228e-08
21.1993893203 	 2.36618e-08
21.2375864182 	 1.18813e-08
21.275783516 	 1.49813e-08
21.3139806139 	 2.45566e-08
21.3521777118 	 3.01132e-08
21.3903748097 	 2.51433e-08
21.4285719075 	 1.57152e-08
21.4667690054 	 1.94627e-08
21.5049661033 	 2.74319e-08
21.5431632012 	 3.32873e-08
21.581360299 	 2.9892e-08
21.6195573969 	 2.18565e-08
21.6577544948 	 1.55684e-08
21.6959515927 	 2.08268e-08
21.7341486905 	 2.64014e-08
21.7723457884 	 3.34584e-08
21.8105428863 	 2.92244e-08
21.8487399842 	 2.89626e-08
21.886937082 	 1.90951e-08
21.9251341799 	 1.2879e-08
21.9633312778 	 1.89743e-08
22.0015283757 	 2.63059e-08
22.0397254735 	 2.71745e-08
22.0779225714 	 2.74257e-08
22.1161196693 	 1.9784e-08
22.1543167672 	 1.14881e-08
22.192513865 	 1.95449e-08
22.2307109629 	 3.22266e-08
22.2689080608 	 3.55394e-08
22.3071051586 	 2.88544e-08
22.3453022565 	 1.46416e-08
22.3834993544 	 1.47712e-08
22.4216964523 	 2.61726e-08
22.4598935501 	 3.30387e-08
22.498090648 	 3.46039e-08
22.5362877459 	 2.2965e-08
22.5744848438 	 1.38604e-08
22.6126819416 	 2.23766e-08
22.6508790395 	 2.94902e-08
22.6890761374 	 2.63095e-08
22.7272732353 	 1.54268e-08
22.7654703331 	 1.42015e-08
22.803667431 	 1.86417e-08
22.8418645289 	 2.52262e-08
22.8800616268 	 2.71054e-08
22.9182587246 	 2.35813e-08
22.9564558225 	 1.97542e-08
22.9946529204 	 2.14992e-08
23.0328500183 	 2.11003e-08
23.0710471161 	 2.18572e-08
23.109244214 	 2.35389e-08
23.1474413119 	 2.30375e-08
23.1856384098 	 2.10784e-08
23.2238355076 	 2.09418e-08
23.2620326055 	 2.32044e-08
23.3002297034 	 2.23355e-08
23.3384268013 	 2.09753e-08
23.3766238991 	 2.14972e-08
23.414820997 	 2.39191e-08
23.4530180949 	 2.15359e-08
23.4912151928 	 1.86882e-08
23.5294122906 	 1.93618e-08
23.5676093885 	 2.10567e-08
23.6058064864 	 2.02731e-08
23.6440035843 	 1.88274e-08
23.6822006821 	 1.7973e-08
23.72039778 	 2.32659e-08
23.7585948779 	 2.42161e-08
23.7967919758 	 2.16827e-08
23.8349890736 	 2.05284e-08
23.8731861715 	 2.02454e-08
23.9113832694 	 2.05292e-08
23.9495803672 	 2.05551e-08
23.9877774651 	 2.18376e-08
24.025974563 	 2.10509e-08
24.0641716609 	 2.06575e-08
24.1023687587 	 1.96423e-08
24.1405658566 	 2.17789e-08
24.1787629545 	 2.28813e-08
24.2169600524 	 2.08933e-08
24.2551571502 	 1.80629e-08
24.2933542481 	 1.85722e-08
24.331551346 	 2.09984e-08
24.3697484439 	 2.23248e-08
24.4079455417 	 2.15809e-08
24.4461426396 	 1.93762e-08
24.4843397375 	 1.77296e-08
24.5225368354 	 1.99618e-08
24.5607339332 	 2.09813e-08
24.5989310311 	 2.12393e-08
24.637128129 	 2.01742e-08
24.6753252269 	 1.92829e-08
24.7135223247 	 2.07404e-08
24.7517194226 	 2.13549e-08
24.7899165205 	 1.99207e-08
24.8281136184 	 1.92632e-08
24.8663107162 	 1.98265e-08
24.9045078141 	 2.07368e-08
24.942704912 	 2.07776e-08
24.9809020099 	 1.89396e-08
25.0190991077 	 1.83335e-08
25.0572962056 	 1.92606e-08
25.0954933035 	 2.10213e-08
25.1336904014 	 2.14541e-08
25.1718874992 	 2.0687e-08
25.2100845971 	 1.89779e-08
25.248281695 	 1.85291e-08
25.2864787929 	 1.93273e-08
25.3246758907 	 1.96465e-08
25.3628729886 	 1.90088e-08
25.4010700865 	 1.89844e-08
25.4392671843 	 1.86627e-08
25.4774642822 	 2.00123e-08
25.5156613801 	 2.04455e-08
25.553858478 	 2.01023e-08
25.5920555758 	 1.98021e-08
25.6302526737 	 1.90678e-08
25.6684497716 	 1.86153e-08
25.7066468695 	 1.88169e-08
25.7448439673 	 1.96402e-08
25.7830410652 	 1.93125e-08
25.8212381631 	 1.97392e-08
25.859435261 	 1.90919e-08
25.8976323588 	 1.86106e-08
25.9358294567 	 1.93368e-08
25.9740265546 	 1.93729e-08
26.0122236525 	 1.9298e-08
26.0504207503 	 1.89172e-08
26.0886178482 	 1.89202e-08
26.1268149461 	 1.91202e-08
26.165012044 	 1.89187e-08
26.2032091418 	 1.87415e-08
26.2414062397 	 1.92079e-08
26.2796033376 	 1.8602e-08
26.3178004355 	 1.79768e-08
26.3559975333 	 1.86703e-08
26.3941946312 	 1.96029e-08
26.4323917291 	 1.95806e-08
26.470588827 	 1.87881e-08
26.5087859248 	 1.82e-08
26.5469830227 	 1.86234e-08
26.5851801206 	 1.89064e-08
26.6233772185 	 1.88773e-08
26.6615743163 	 1.83805e-08
26.6997714142 	 1.79059e-08
26.7379685121 	 1.7914e-08
26.77616561 	 1.85958e-08
26.8143627078 	 1.92704e-08
26.8525598057 	 1.93249e-08
26.8907569036 	 1.88115e-08
26.9289540015 	 1.81494e-08
26.9671510993 	 1.77874e-08
27.0053481972 	 1.80902e-08
27.0435452951 	 1.826e-08
27.0817423929 	 1.87413e-08
27.1199394908 	 1.86763e-08
27.1581365887 	 1.81286e-08
27.1963336866 	 1.80727e-08
27.2345307844 	 1.80614e-08
27.2727278823 	 1.82969e-08
27.3109249802 	 1.85394e-08
27.3491220781 	 1.82456e-08
27.3873191759 	 1.79579e-08
27.4255162738 	 1.77827e-08
27.4637133717 	 1.79096e-08
27.5019104696 	 1.82576e-08
27.5401075674 	 1.8271e-08
27.5783046653 	 1.83083e-08
27.6165017632 	 1.79304e-08
27.6546988611 	 1.74024e-08
27.6928959589 	 1.78961e-08
27.7310930568 	 1.83419e-08
27.7692901547 	 1.829e-08
27.8074872526 	 1.79238e-08
27.8456843504 	 1.7478e-08
27.8838814483 	 1.74655e-08
27.9220785462 	 1.78835e-08
27.9602756441 	 1.80658e-08
27.9984727419 	 1.80826e-08
28.0366698398 	 1.76969e-08
28.0748669377 	 1.72659e-08
28.1130640356 	 1.76412e-08
28.1512611334 	 1.78988e-08
28.1894582313 	 1.79088e-08
28.2276553292 	 1.77463e-08
28.2658524271 	 1.74007e-08
28.3040495249 	 1.72793e-08
28.3422466228 	 1.75482e-08
28.3804437207 	 1.7681e-08
28.4186408186 	 1.75503e-08
28.4568379164 	 1.76177e-08
28.4950350143 	 1.75265e-08
28.5332321122 	 1.74409e-08
28.57142921 	 1.74975e-08
28.6096263079 	 1.7413e-08
28.6478234058 	 1.7344e-08
28.6860205037 	 1.74146e-08
28.7242176015 	 1.74314e-08
28.7624146994 	 1.73017e-08
28.8006117973 	 1.71357e-08
28.8388088952 	 1.71005e-08
28.877005993 	 1.73682e-08
28.9152030909 	 1.75186e-08
28.9534001888 	 1.73458e-08
28.9915972867 	 1.71603e-08
29.0297943845 	 1.69896e-08
29.0679914824 	 1.70546e-08
29.1061885803 	 1.72396e-08
29.1443856782 	 1.72592e-08
29.182582776 	 1.71311e-08
29.2207798739 	 1.70485e-08
29.2589769718 	 1.70804e-08
29.2971740697 	 1.7132e-08
29.3353711675 	 1.70113e-08
29.3735682654 	 1.69434e-08
29.4117653633 	 1.69551e-08
29.4499624612 	 1.69778e-08
29.488159559 	 1.69479e-08
29.5263566569 	 1.69563e-08
29.5645537548 	 1.70246e-08
29.6027508527 	 1.70151e-08
29.6409479505 	 1.68199e-08
29.6791450484 	 1.67612e-08
29.7173421463 	 1.67583e-08
29.7555392442 	 1.67745e-08
29.793736342 	 1.67789e-08
29.8319334399 	 1.68658e-08
29.8701305378 	 1.68407e-08
29.9083276357 	 1.67778e-08
29.9465247335 	 1.67206e-08
29.9847218314 	 1.67368e-08
30.0229189293 	 1.66726e-08
30.0611160272 	 1.66164e-08
30.099313125 	 1.66293e-08
30.1375102229 	 1.66524e-08
30.1757073208 	 1.66725e-08
30.2139044186 	 1.6653e-08
30.2521015165 	 1.6596e-08
30.2902986144 	 1.65112e-08
30.3284957123 	 1.65218e-08
30.3666928101 	 1.6521e-08
30.404889908 	 1.65348e-08
30.4430870059 	 1.65619e-08
30.4812841038 	 1.64624e-08
30.5194812016 	 1.64078e-08
30.5576782995 	 1.64235e-08
30.5958753974 	 1.64291e-08
30.6340724953 	 1.64089e-08
30.6722695931 	 1.64009e-08
30.710466691 	 1.63439e-08
30.7486637889 	 1.63654e-08
30.7868608868 	 1.63771e-08
30.8250579846 	 1.63445e-08
30.8632550825 	 1.62869e-08
30.9014521804 	 1.62427e-08
30.9396492783 	 1.62726e-08
30.9778463761 	 1.63015e-08
31.016043474 	 1.6233e-08
31.0542405719 	 1.62368e-08
31.0924376698 	 1.62326e-08
31.1306347676 	 1.62451e-08
31.1688318655 	 1.61886e-08
31.2070289634 	 1.61128e-08
31.2452260613 	 1.61074e-08
31.2834231591 	 1.61195e-08
31.321620257 	 1.61264e-08
31.3598173549 	 1.61167e-08
31.3980144528 	 1.60335e-08
31.4362115506 	 1.60186e-08
31.4744086485 	 1.60298e-08
31.5126057464 	 1.60839e-08
31.5508028443 	 1.6078e-08
31.5889999421 	 1.59994e-08
31.62719704 	 1.5952e-08
31.6653941379 	 1.59307e-08
31.7035912358 	 1.59851e-08
31.7417883336 	 1.59709e-08
31.7799854315 	 1.59349e-08
31.8181825294 	 1.58731e-08
31.8563796272 	 1.58507e-08
31.8945767251 	 1.58686e-08
31.932773823 	 1.59014e-08
31.9709709209 	 1.58459e-08
32.0091680187 	 1.57955e-08
32.0473651166 	 1.58008e-08
32.0855622145 	 1.58193e-08
32.1237593124 	 1.58292e-08
32.1619564102 	 1.57978e-08
32.2001535081 	 1.57403e-08
32.238350606 	 1.57056e-08
32.2765477039 	 1.57127e-08
32.3147448017 	 1.57335e-08
32.3529418996 	 1.57222e-08
32.3911389975 	 1.56957e-08
32.4293360954 	 1.56501e-08
32.4675331932 	 1.56148e-08
32.5057302911 	 1.56537e-08
32.543927389 	 1.56612e-08
32.5821244869 	 1.56248e-08
32.6203215847 	 1.55904e-08
32.6585186826 	 1.55602e-08
32.6967157805 	 1.55416e-08
32.7349128784 	 1.55453e-08
32.7731099762 	 1.55579e-08
32.8113070741 	 1.5558e-08
32.849504172 	 1.55185e-08
32.8877012699 	 1.55235e-08
32.9258983677 	 1.54902e-08
32.9640954656 	 1.54455e-08
33.0022925635 	 1.54579e-08
33.0404896614 	 1.54749e-08
33.0786867592 	 1.54184e-08
33.1168838571 	 1.53984e-08
33.155080955 	 1.54241e-08
33.1932780529 	 1.53645e-08
33.2314751507 	 1.53893e-08
33.2696722486 	 1.53699e-08
33.3078693465 	 1.53398e-08
33.3460664443 	 1.53341e-08
33.3842635422 	 1.5335e-08
33.4224606401 	 1.5309e-08
33.460657738 	 1.5327e-08
33.4988548358 	 1.53083e-08
33.5370519337 	 1.52843e-08
33.5752490316 	 1.52371e-08
33.6134461295 	 1.52492e-08
33.6516432273 	 1.52557e-08
33.6898403252 	 1.52038e-08
33.7280374231 	 1.51691e-08
33.766234521 	 1.51893e-08
33.8044316188 	 1.51749e-08
33.8426287167 	 1.51962e-08
33.8808258146 	 1.51838e-08
33.9190229125 	 1.51661e-08
33.9572200103 	 1.51363e-08
33.9954171082 	 1.51113e-08
34.0336142061 	 1.51322e-08
34.071811304 	 1.51038e-08
34.1100084018 	 1.50677e-08
34.1482054997 	 1.50799e-08
34.1864025976 	 1.50448e-08
34.2245996955 	 1.50182e-08
34.2627967933 	 1.50508e-08
34.3009938912 	 1.50242e-08
34.3391909891 	 1.50433e-08
34.377388087 	 1.50094e-08
34.4155851848 	 1.49852e-08
34.4537822827 	 1.4992e-08
34.4919793806 	 1.49544e-08
34.5301764785 	 1.49537e-08
34.5683735763 	 1.49307e-08
34.6065706742 	 1.4918e-08
34.6447677721 	 1.49454e-08
34.68296487 	 1.49028e-08
34.7211619678 	 1.49178e-08
34.7593590657 	 1.48987e-08
34.7975561636 	 1.48674e-08
34.8357532615 	 1.48524e-08
34.8739503593 	 1.48375e-08
34.9121474572 	 1.48393e-08
34.9503445551 	 1.48399e-08
34.9885416529 	 1.48107e-08
35.0267387508 	 1.48046e-08
35.0649358487 	 1.48127e-08
35.1031329466 	 1.47865e-08
35.1413300444 	 1.4781e-08
35.1795271423 	 1.47607e-08
35.2177242402 	 1.47472e-08
35.2559213381 	 1.47393e-08
35.2941184359 	 1.47332e-08
35.3323155338 	 1.47133e-08
35.3705126317 	 1.47018e-08
35.4087097296 	 1.47079e-08
35.4469068274 	 1.47059e-08
35.4851039253 	 1.46677e-08
35.5233010232 	 1.46844e-08
35.5614981211 	 1.46295e-08
35.5996952189 	 1.46321e-08
35.6378923168 	 1.46531e-08
35.6760894147 	 1.46146e-08
35.7142865126 	 1.46275e-08
35.7524836104 	 1.46283e-08
35.7906807083 	 1.45745e-08
35.8288778062 	 1.45961e-08
35.8670749041 	 1.45549e-08
35.9052720019 	 1.45472e-08
35.9434690998 	 1.45678e-08
35.9816661977 	 1.45249e-08
36.0198632956 	 1.45428e-08
36.0580603934 	 1.45285e-08
36.0962574913 	 1.45322e-08
36.1344545892 	 1.44853e-08
36.1726516871 	 1.44976e-08
36.2108487849 	 1.45036e-08
36.2490458828 	 1.44583e-08
36.2872429807 	 1.44614e-08
36.3254400786 	 1.44822e-08
36.3636371764 	 1.44264e-08
36.4018342743 	 1.44251e-08
36.4400313722 	 1.4416e-08
36.4782284701 	 1.43967e-08
36.5164255679 	 1.44001e-08
36.5546226658 	 1.44172e-08
36.5928197637 	 1.4408e-08
36.6310168615 	 1.43777e-08
36.6692139594 	 1.43642e-08
36.7074110573 	 1.43744e-08
36.7456081552 	 1.43545e-08
36.783805253 	 1.4321e-08
36.8220023509 	 1.43302e-08
36.8601994488 	 1.43198e-08
36.8983965467 	 1.4294e-08
36.9365936445 	 1.4301e-08
36.9747907424 	 1.42975e-08
37.0129878403 	 1.42748e-08
37.0511849382 	 1.42842e-08
37.089382036 	 1.42863e-08
37.1275791339 	 1.42657e-08
37.1657762318 	 1.42524e-08
37.2039733297 	 1.42502e-08
37.2421704275 	 1.42333e-08
37.2803675254 	 1.41998e-08
37.3185646233 	 1.42173e-08
37.3567617212 	 1.41926e-08
37.394958819 	 1.42093e-08
37.4331559169 	 1.41756e-08
37.4713530148 	 1.41655e-08
37.5095501127 	 1.41717e-08
37.5477472105 	 1.41835e-08
37.5859443084 	 1.41569e-08
37.6241414063 	 1.41595e-08
37.6623385042 	 1.41099e-08
37.700535602 	 1.41481e-08
37.7387326999 	 1.41134e-08
37.7769297978 	 1.41026e-08
37.8151268957 	 1.40988e-08
37.8533239935 	 1.41169e-08
37.8915210914 	 1.40812e-08
37.9297181893 	 1.40757e-08
37.9679152872 	 1.40527e-08
38.006112385 	 1.40783e-08
38.0443094829 	 1.40419e-08
38.0825065808 	 1.40616e-08
38.1207036786 	 1.40387e-08
38.1589007765 	 1.4023e-08
38.1970978744 	 1.40047e-08
38.2352949723 	 1.40304e-08
38.2734920701 	 1.4007e-08
38.311689168 	 1.40054e-08
38.3498862659 	 1.39704e-08
38.3880833638 	 1.40104e-08
38.4262804616 	 1.39673e-08
38.4644775595 	 1.39502e-08
38.5026746574 	 1.39575e-08
38.5408717553 	 1.39493e-08
38.5790688531 	 1.39634e-08
38.617265951 	 1.39413e-08
38.6554630489 	 1.39151e-08
38.6936601468 	 1.39401e-08
38.7318572446 	 1.38965e-08
38.7700543425 	 1.39003e-08
38.8082514404 	 1.38973e-08
38.8464485383 	 1.38798e-08
38.8846456361 	 1.38984e-08
38.922842734 	 1.38678e-08
38.9610398319 	 1.3877e-08
38.9992369298 	 1.38754e-08
39.0374340276 	 1.38634e-08
39.0756311255 	 1.38486e-08
39.1138282234 	 1.38462e-08
39.1520253213 	 1.38253e-08
39.1902224191 	 1.38047e-08
39.228419517 	 1.3817e-08
39.2666166149 	 1.38121e-08
39.3048137128 	 1.37961e-08
39.3430108106 	 1.38074e-08
39.3812079085 	 1.37908e-08
39.4194050064 	 1.37939e-08
39.4576021043 	 1.37803e-08
39.4957992021 	 1.37555e-08
39.5339963 	 1.37838e-08
39.5721933979 	 1.37483e-08
39.6103904958 	 1.37464e-08
39.6485875936 	 1.37589e-08
39.6867846915 	 1.37111e-08
39.7249817894 	 1.37331e-08
39.7631788872 	 1.37251e-08
39.8013759851 	 1.37225e-08
39.839573083 	 1.37217e-08
39.8777701809 	 1.36998e-08
39.9159672787 	 1.36982e-08
39.9541643766 	 1.36672e-08
39.9923614745 	 1.36613e-08
40.0305585724 	 1.36964e-08
40.0687556702 	 1.36638e-08
40.1069527681 	 1.36936e-08
40.145149866 	 1.36703e-08
40.1833469639 	 1.36431e-08
40.2215440617 	 1.36444e-08
40.2597411596 	 1.36303e-08
40.2979382575 	 1.3604e-08
40.3361353554 	 1.36457e-08
40.3743324532 	 1.36342e-08
40.4125295511 	 1.36187e-08
40.450726649 	 1.36204e-08
40.4889237469 	 1.35861e-08
40.5271208447 	 1.3571e-08
40.5653179426 	 1.35777e-08
40.6035150405 	 1.35682e-08
40.6417121384 	 1.36253e-08
40.6799092362 	 1.35684e-08
40.7181063341 	 1.35745e-08
40.756303432 	 1.35751e-08
40.7945005299 	 1.35251e-08
40.8326976277 	 1.35476e-08
40.8708947256 	 1.35705e-08
40.9090918235 	 1.35131e-08
40.9472889214 	 1.35381e-08
40.9854860192 	 1.35155e-08
41.0236831171 	 1.353e-08
41.061880215 	 1.34907e-08
41.1000773129 	 1.34954e-08
41.1382744107 	 1.35187e-08
41.1764715086 	 1.35063e-08
41.2146686065 	 1.35045e-08
41.2528657043 	 1.34876e-08
41.2910628022 	 1.34692e-08
41.3292599001 	 1.34863e-08
41.367456998 	 1.34527e-08
41.4056540958 	 1.34738e-08
41.4438511937 	 1.34741e-08
41.4820482916 	 1.3428e-08
41.5202453895 	 1.34714e-08
41.5584424873 	 1.34306e-08
41.5966395852 	 1.34061e-08
41.6348366831 	 1.34442e-08
41.673033781 	 1.34274e-08
41.7112308788 	 1.34306e-08
41.7494279767 	 1.34102e-08
41.7876250746 	 1.34224e-08
41.8258221725 	 1.34232e-08
41.8640192703 	 1.33895e-08
41.9022163682 	 1.34047e-08
41.9404134661 	 1.33896e-08
41.978610564 	 1.33711e-08
42.0168076618 	 1.33859e-08
42.0550047597 	 1.33766e-08
42.0932018576 	 1.33731e-08
42.1313989555 	 1.3349e-08
42.1695960533 	 1.33843e-08
42.2077931512 	 1.33398e-08
42.2459902491 	 1.33466e-08
42.284187347 	 1.33478e-08
42.3223844448 	 1.33444e-08
42.3605815427 	 1.33382e-08
42.3987786406 	 1.3349e-08
42.4369757385 	 1.33249e-08
42.4751728363 	 1.33553e-08
42.5133699342 	 1.33057e-08
42.5515670321 	 1.33136e-08
42.58976413 	 1.32844e-08
42.6279612278 	 1.33002e-08
42.6661583257 	 1.32868e-08
42.7043554236 	 1.32872e-08
42.7425525215 	 1.33012e-08
42.7807496193 	 1.3314e-08
42.8189467172 	 1.32859e-08
42.8571438151 	 1.3282e-08
42.8953409129 	 1.32494e-08
42.9335380108 	 1.32753e-08
42.9717351087 	 1.3274e-08
43.0099322066 	 1.32606e-08
43.0481293044 	 1.32918e-08
43.0863264023 	 1.32627e-08
43.1245235002 	 1.32235e-08
43.1627205981 	 1.32234e-08
43.2009176959 	 1.32124e-08
43.2391147938 	 1.32288e-08
43.2773118917 	 1.32128e-08
43.3155089896 	 1.32594e-08
43.3537060874 	 1.32328e-08
43.3919031853 	 1.32387e-08
43.4301002832 	 1.32279e-08
43.4682973811 	 1.32058e-08
43.5064944789 	 1.32094e-08
43.5446915768 	 1.32038e-08
43.5828886747 	 1.31984e-08
43.6210857726 	 1.3203e-08
43.6592828704 	 1.31613e-08
43.6974799683 	 1.31653e-08
43.7356770662 	 1.31894e-08
43.7738741641 	 1.3195e-08
43.8120712619 	 1.31731e-08
43.8502683598 	 1.31679e-08
43.8884654577 	 1.31979e-08
43.9266625556 	 1.31637e-08
43.9648596534 	 1.3165e-08
44.0030567513 	 1.31517e-08
44.0412538492 	 1.31582e-08
44.0794509471 	 1.31501e-08
44.1176480449 	 1.31385e-08
44.1558451428 	 1.31414e-08
44.1940422407 	 1.3139e-08
44.2322393386 	 1.31336e-08
44.2704364364 	 1.31291e-08
44.3086335343 	 1.31254e-08
44.3468306322 	 1.31423e-08
44.3850277301 	 1.31259e-08
44.4232248279 	 1.31292e-08
44.4614219258 	 1.31252e-08
44.4996190237 	 1.30948e-08
44.5378161215 	 1.31038e-08
44.5760132194 	 1.30962e-08
44.6142103173 	 1.31086e-08
44.6524074152 	 1.31108e-08
44.690604513 	 1.30768e-08
44.7288016109 	 1.31236e-08
44.7669987088 	 1.31024e-08
44.8051958067 	 1.30563e-08
44.8433929045 	 1.30812e-08
44.8815900024 	 1.30774e-08
44.9197871003 	 1.30805e-08
44.9579841982 	 1.30806e-08
44.996181296 	 1.30784e-08
45.0343783939 	 1.30997e-08
45.0725754918 	 1.30638e-08
45.1107725897 	 1.30266e-08
45.1489696875 	 1.30628e-08
45.1871667854 	 1.30329e-08
45.2253638833 	 1.30631e-08
45.2635609812 	 1.30549e-08
45.301758079 	 1.30642e-08
45.3399551769 	 1.30501e-08
45.3781522748 	 1.30676e-08
45.4163493727 	 1.30156e-08
45.4545464705 	 1.30469e-08
45.4927435684 	 1.30183e-08
45.5309406663 	 1.30473e-08
45.5691377642 	 1.30107e-08
45.607334862 	 1.30399e-08
45.6455319599 	 1.30133e-08
45.6837290578 	 1.30174e-08
45.7219261557 	 1.30163e-08
45.7601232535 	 1.30368e-08
45.7983203514 	 1.30064e-08
45.8365174493 	 1.30332e-08
45.8747145472 	 1.30099e-08
45.912911645 	 1.30024e-08
45.9511087429 	 1.29886e-08
45.9893058408 	 1.29901e-08
46.0275029386 	 1.29878e-08
46.0657000365 	 1.29957e-08
46.1038971344 	 1.30296e-08
46.1420942323 	 1.30149e-08
46.1802913301 	 1.29815e-08
46.218488428 	 1.29725e-08
46.2566855259 	 1.29891e-08
46.2948826238 	 1.29567e-08
46.3330797216 	 1.29846e-08
46.3712768195 	 1.2981e-08
46.4094739174 	 1.2996e-08
46.4476710153 	 1.29742e-08
46.4858681131 	 1.29938e-08
46.524065211 	 1.29573e-08
46.5622623089 	 1.29505e-08
46.6004594068 	 1.29614e-08
46.6386565046 	 1.29699e-08
46.6768536025 	 1.29581e-08
46.7150507004 	 1.29633e-08
46.7532477983 	 1.29567e-08
46.7914448961 	 1.297e-08
46.829641994 	 1.29568e-08
46.8678390919 	 1.2966e-08
46.9060361898 	 1.29755e-08
46.9442332876 	 1.29421e-08
46.9824303855 	 1.29216e-08
47.0206274834 	 1.29294e-08
47.0588245813 	 1.2938e-08
47.0970216791 	 1.29287e-08
47.135218777 	 1.29502e-08
47.1734158749 	 1.29441e-08
47.2116129728 	 1.29549e-08
47.2498100706 	 1.2926e-08
47.2880071685 	 1.2947e-08
47.3262042664 	 1.29437e-08
47.3644013643 	 1.29218e-08
47.4025984621 	 1.29083e-08
47.44079556 	 1.29427e-08
47.4789926579 	 1.29367e-08
47.5171897558 	 1.29121e-08
47.5553868536 	 1.29338e-08
47.5935839515 	 1.29458e-08
47.6317810494 	 1.28986e-08
47.6699781472 	 1.29225e-08
47.7081752451 	 1.29002e-08
47.746372343 	 1.29062e-08
47.7845694409 	 1.28884e-08
47.8227665387 	 1.29256e-08
47.8609636366 	 1.29279e-08
47.8991607345 	 1.29297e-08
47.9373578324 	 1.29237e-08
47.9755549302 	 1.29051e-08
48.0137520281 	 1.29063e-08
48.051949126 	 1.29081e-08
48.0901462239 	 1.28906e-08
48.1283433217 	 1.29148e-08
48.1665404196 	 1.28962e-08
48.2047375175 	 1.28956e-08
48.2429346154 	 1.28862e-08
48.2811317132 	 1.29007e-08
48.3193288111 	 1.29146e-08
48.357525909 	 1.28833e-08
48.3957230069 	 1.29259e-08
48.4339201047 	 1.28986e-08
48.4721172026 	 1.2872e-08
48.5103143005 	 1.28972e-08
48.5485113984 	 1.29039e-08
48.5867084962 	 1.28849e-08
48.6249055941 	 1.28878e-08
48.663102692 	 1.29021e-08
48.7012997899 	 1.29178e-08
48.7394968877 	 1.28492e-08
48.7776939856 	 1.28846e-08
48.8158910835 	 1.28768e-08
48.8540881814 	 1.28829e-08
48.8922852792 	 1.28934e-08
48.9304823771 	 1.29064e-08
48.968679475 	 1.28922e-08
49.0068765729 	 1.28698e-08
49.0450736707 	 1.28962e-08
49.0832707686 	 1.29032e-08
49.1214678665 	 1.28617e-08
49.1596649644 	 1.28818e-08
49.1978620622 	 1.28763e-08
49.2360591601 	 1.28743e-08
49.274256258 	 1.2866e-08
49.3124533558 	 1.28799e-08
49.3506504537 	 1.2893e-08
49.3888475516 	 1.28809e-08
49.4270446495 	 1.28981e-08
49.4652417473 	 1.2891e-08
49.5034388452 	 1.28407e-08
49.5416359431 	 1.28985e-08
49.579833041 	 1.28618e-08
49.6180301388 	 1.28674e-08
49.6562272367 	 1.28987e-08
49.6944243346 	 1.28674e-08
49.7326214325 	 1.28851e-08
49.7708185303 	 1.28744e-08
49.8090156282 	 1.28692e-08
49.8472127261 	 1.28862e-08
49.885409824 	 1.2869e-08
49.9236069218 	 1.28955e-08
49.9618040197 	 1.28832e-08
50.0000011176 	 1.28605e-08
