0.0 	 0.0
0.01 	 -1.97229e-06
0.02 	 -1.22506e-05
0.03 	 -3.13756e-05
0.04 	 -3.7135e-05
0.05 	 2.14398e-06
0.06 	 8.92949e-05
0.07 	 0.00019247
0.08 	 0.000277797
0.09 	 0.000331669
0.1 	 0.000357599
0.11 	 0.000365904
0.12 	 0.000366088
0.13 	 0.000364623
0.14 	 0.00036604
0.15 	 0.00037098
0.16 	 0.000373292
0.17 	 0.000362926
0.18 	 0.00033274
0.19 	 0.000282614
0.2 	 0.000219023
0.21 	 0.000152047
0.22 	 9.15851e-05
0.23 	 4.40234e-05
0.24 	 1.07913e-05
0.25 	 -1.07119e-05
0.26 	 -2.49154e-05
0.27 	 -3.58261e-05
0.28 	 -4.51337e-05
0.29 	 -5.13091e-05
0.3 	 -5.06371e-05
0.31 	 -3.97996e-05
0.32 	 -1.79796e-05
0.33 	 1.30582e-05
0.34 	 5.02144e-05
0.35 	 8.989e-05
0.36 	 0.00012823
0.37 	 0.000162169
0.38 	 0.000191268
0.39 	 0.000217327
0.4 	 0.00023975
0.41 	 0.000250901
0.42 	 0.000238477
0.43 	 0.000195032
0.44 	 0.000126375
0.45 	 5.03576e-05
0.46 	 -1.47492e-05
0.47 	 -6.26509e-05
0.48 	 -0.000100132
0.49 	 -0.000136737
0.5 	 -0.000175156
0.51 	 -0.000210752
0.52 	 -0.000236683
0.53 	 -0.000247394
0.54 	 -0.000238669
0.55 	 -0.00020718
0.56 	 -0.000151733
0.57 	 -7.47786e-05
0.58 	 1.85114e-05
0.59 	 0.000123487
0.6 	 0.000238347
0.61 	 0.000364217
0.62 	 0.000505443
0.63 	 0.000668262
0.64 	 0.000849
0.65 	 0.00101689
0.66 	 0.00112007
0.67 	 0.00112607
0.68 	 0.00105442
0.69 	 0.000949834
0.7 	 0.000812935
0.71 	 0.000572612
0.72 	 0.000143051
0.73 	 -0.000508706
0.74 	 -0.00136863
0.75 	 -0.00239032
0.76 	 -0.00341608
0.77 	 -0.00413025
0.78 	 -0.00426059
0.79 	 -0.00388143
0.8 	 -0.00339984
0.81 	 -0.00317327
0.82 	 -0.00320344
0.83 	 -0.00323479
0.84 	 -0.00307771
0.85 	 -0.00277121
0.86 	 -0.00246815
0.87 	 -0.00228428
0.88 	 -0.00233392
0.89 	 -0.00272488
0.9 	 -0.00314484
0.91 	 -0.00252344
0.92 	 0.00015935
0.93 	 0.00433804
0.94 	 0.00769402
0.95 	 0.00789747
0.96 	 0.00421217
0.97 	 -0.00208189
0.98 	 -0.00748564
0.99 	 -0.00715222
1.0 	 0.00123544
1.01 	 0.013576
1.02 	 0.0214048
1.03 	 0.0191774
1.04 	 0.00896063
1.05 	 -0.00209991
1.06 	 -0.00793496
1.07 	 -0.00716759
1.08 	 -0.00234184
1.09 	 0.0026453
1.1 	 0.00447592
1.11 	 0.00151315
1.12 	 -0.00573923
1.13 	 -0.0150404
1.14 	 -0.0232055
1.15 	 -0.0266947
1.16 	 -0.0228717
1.17 	 -0.0124611
1.18 	 -0.000147939
1.19 	 0.00934376
1.2 	 0.0151271
1.21 	 0.0181873
1.22 	 0.0174374
1.23 	 0.0110845
1.24 	 0.00120952
1.25 	 -0.00602603
1.26 	 -0.00581405
1.27 	 0.000668021
1.28 	 0.00830046
1.29 	 0.0136409
1.3 	 0.0158022
1.31 	 0.0129788
1.32 	 0.00325067
1.33 	 -0.0100291
1.34 	 -0.018197
1.35 	 -0.0156952
1.36 	 -0.00646711
1.37 	 0.000849703
1.38 	 0.00235111
1.39 	 8.36913e-05
1.4 	 -0.00358995
1.41 	 -0.00738277
1.42 	 -0.00846835
1.43 	 -0.00390168
1.44 	 0.00537963
1.45 	 0.0140886
1.46 	 0.0156716
1.47 	 0.0071083
1.48 	 -0.00688002
1.49 	 -0.0160738
1.5 	 -0.0141779
1.51 	 -0.00507171
1.52 	 0.00223657
1.53 	 0.00353339
1.54 	 0.00218223
1.55 	 0.00298236
1.56 	 0.00611169
1.57 	 0.00793156
1.58 	 0.00528292
1.59 	 -0.00282096
1.6 	 -0.0146851
1.61 	 -0.0233915
1.62 	 -0.0186613
1.63 	 0.00118556
1.64 	 0.0206654
1.65 	 0.0200294
1.66 	 -0.000846763
1.67 	 -0.0200888
1.68 	 -0.0204355
1.69 	 -0.00954785
1.7 	 -0.00454167
1.71 	 -0.00467113
1.72 	 0.00495896
1.73 	 0.0250865
1.74 	 0.0343274
1.75 	 0.0146563
1.76 	 -0.0235344
1.77 	 -0.0481571
1.78 	 -0.0377979
1.79 	 -0.00433821
1.8 	 0.0217783
1.81 	 0.0262979
1.82 	 0.0209265
1.83 	 0.0190031
1.84 	 0.0156306
1.85 	 -0.00206141
1.86 	 -0.0336513
1.87 	 -0.0610171
1.88 	 -0.0627127
1.89 	 -0.0294506
1.9 	 0.032638
1.91 	 0.106443
1.92 	 0.166235
1.93 	 0.182134
1.94 	 0.135553
1.95 	 0.0383415
1.96 	 -0.0648671
1.97 	 -0.122963
1.98 	 -0.116374
1.99 	 -0.0696502
2.0 	 -0.025363
2.01 	 -0.010024
2.02 	 -0.0247448
2.03 	 -0.0569602
2.04 	 -0.0912408
2.05 	 -0.111742
2.06 	 -0.10369
2.07 	 -0.0583742
2.08 	 0.0215712
2.09 	 0.118169
2.1 	 0.193428
2.11 	 0.192867
2.12 	 0.08028
2.13 	 -0.101198
2.14 	 -0.214261
2.15 	 -0.126824
2.16 	 0.144927
2.17 	 0.419776
2.18 	 0.50267
2.19 	 0.341884
2.2 	 0.0429313
2.21 	 -0.230027
2.22 	 -0.355095
2.23 	 -0.303626
2.24 	 -0.139561
2.25 	 0.0260056
2.26 	 0.102951
2.27 	 0.0701127
2.28 	 -0.0297293
2.29 	 -0.134862
2.3 	 -0.203374
2.31 	 -0.220847
2.32 	 -0.192056
2.33 	 -0.133481
2.34 	 -0.0638594
2.35 	 0.0058048
2.36 	 0.0687775
2.37 	 0.109284
2.38 	 0.105989
2.39 	 0.0582223
2.4 	 0.00114655
2.41 	 -0.0180072
2.42 	 0.0183732
2.43 	 0.0861167
2.44 	 0.14904
2.45 	 0.188863
2.46 	 0.19991
2.47 	 0.172439
2.48 	 0.100695
2.49 	 0.00166644
2.5 	 -0.0877919
2.51 	 -0.132841
2.52 	 -0.12035
2.53 	 -0.0666929
2.54 	 -0.0102822
2.55 	 0.0104703
2.56 	 -0.0189659
2.57 	 -0.0800499
2.58 	 -0.133081
2.59 	 -0.142926
2.6 	 -0.101262
2.61 	 -0.029996
2.62 	 0.0343484
2.63 	 0.0619739
2.64 	 0.0429852
2.65 	 -0.0117783
2.66 	 -0.0766206
2.67 	 -0.118898
2.68 	 -0.111583
2.69 	 -0.050013
2.7 	 0.0397149
2.71 	 0.113989
2.72 	 0.141428
2.73 	 0.12376
2.74 	 0.0876421
2.75 	 0.0583239
2.76 	 0.0441499
2.77 	 0.0416425
2.78 	 0.0454395
2.79 	 0.0499815
2.8 	 0.0471166
2.81 	 0.0282286
2.82 	 -0.00890801
2.83 	 -0.0555785
2.84 	 -0.0959003
2.85 	 -0.116625
2.86 	 -0.114235
2.87 	 -0.0946368
2.88 	 -0.0686752
2.89 	 -0.0473129
2.9 	 -0.0372883
2.91 	 -0.0387518
2.92 	 -0.0463491
2.93 	 -0.0513495
2.94 	 -0.0430468
2.95 	 -0.0130907
2.96 	 0.0363499
2.97 	 0.0893408
2.98 	 0.124922
2.99 	 0.130776
3.0 	 0.109049
3.01 	 0.0721953
3.02 	 0.0366795
3.03 	 0.0182534
3.04 	 0.0253201
3.05 	 0.0512745
3.06 	 0.0750855
3.07 	 0.074724
3.08 	 0.0431749
3.09 	 -0.00800534
3.1 	 -0.0594231
3.11 	 -0.0962514
3.12 	 -0.111956
3.13 	 -0.106129
3.14 	 -0.0838842
3.15 	 -0.0564921
3.16 	 -0.0375852
3.17 	 -0.03489
3.18 	 -0.0447951
3.19 	 -0.0550954
3.2 	 -0.0532737
3.21 	 -0.0335739
3.22 	 0.00102189
3.23 	 0.0409573
3.24 	 0.0741261
3.25 	 0.0907635
3.26 	 0.0880216
3.27 	 0.0717595
3.28 	 0.0536549
3.29 	 0.0445007
3.3 	 0.0476471
3.31 	 0.0572456
3.32 	 0.0626743
3.33 	 0.0559747
3.34 	 0.0371934
3.35 	 0.0137862
3.36 	 -0.0058361
3.37 	 -0.0190326
3.38 	 -0.0292602
3.39 	 -0.040581
3.4 	 -0.053478
3.41 	 -0.0655565
3.42 	 -0.0740504
3.43 	 -0.0771116
3.44 	 -0.0739989
3.45 	 -0.0647504
3.46 	 -0.0498814
3.47 	 -0.0310426
3.48 	 -0.0120402
3.49 	 0.00191468
3.5 	 0.0073473
3.51 	 0.00606562
3.52 	 0.00572187
3.53 	 0.0147349
3.54 	 0.0341415
3.55 	 0.0547764
3.56 	 0.0643927
3.57 	 0.0580668
3.58 	 0.0415613
3.59 	 0.025459
3.6 	 0.0168679
3.61 	 0.0163603
3.62 	 0.0210038
3.63 	 0.0276684
3.64 	 0.0326682
3.65 	 0.0310392
3.66 	 0.0193543
3.67 	 -0.000680493
3.68 	 -0.0227588
3.69 	 -0.0401796
3.7 	 -0.049475
3.71 	 -0.0512384
3.72 	 -0.0489019
3.73 	 -0.0465731
3.74 	 -0.0465047
3.75 	 -0.0473719
3.76 	 -0.0451593
3.77 	 -0.0367353
3.78 	 -0.0229771
3.79 	 -0.00802137
3.8 	 0.00451701
3.81 	 0.0139187
3.82 	 0.0211861
3.83 	 0.0270083
3.84 	 0.0317523
3.85 	 0.0363859
3.86 	 0.0417935
3.87 	 0.046946
3.88 	 0.0486773
3.89 	 0.0439947
3.9 	 0.0328108
3.91 	 0.0186185
3.92 	 0.00660851
3.93 	 0.000565467
3.94 	 0.000352405
3.95 	 0.00141784
3.96 	 -0.00277295
3.97 	 -0.0159384
3.98 	 -0.0351267
3.99 	 -0.0519057
4.0 	 -0.0583528
4.01 	 -0.0523547
4.02 	 -0.0378417
4.03 	 -0.0213315
4.04 	 -0.00843114
4.05 	 -0.00187927
4.06 	 -0.00128507
4.07 	 -0.00425678
4.08 	 -0.00753473
4.09 	 -0.00724142
4.1 	 0.000316662
4.11 	 0.0160101
4.12 	 0.0355484
4.13 	 0.0510051
4.14 	 0.0560768
4.15 	 0.0503922
4.16 	 0.0388499
4.17 	 0.0272326
4.18 	 0.0186179
4.19 	 0.0129613
4.2 	 0.00857292
4.21 	 0.00370122
4.22 	 -0.00218447
4.23 	 -0.0080564
4.24 	 -0.0129672
4.25 	 -0.0181899
4.26 	 -0.0264238
4.27 	 -0.0378439
4.28 	 -0.047506
4.29 	 -0.0481972
4.3 	 -0.037048
4.31 	 -0.0191971
4.32 	 -0.00392852
4.33 	 0.0029425
4.34 	 0.0023632
4.35 	 -0.00111186
4.36 	 -0.00350597
4.37 	 -0.0023684
4.38 	 0.00388674
4.39 	 0.0154936
4.4 	 0.0301573
4.41 	 0.043141
4.42 	 0.0493531
4.43 	 0.0463044
4.44 	 0.0355067
4.45 	 0.0210525
4.46 	 0.00729536
4.47 	 -0.00210764
4.48 	 -0.00483697
4.49 	 -0.00177466
4.5 	 0.00217241
4.51 	 0.00108428
4.52 	 -0.00729996
4.53 	 -0.0200384
4.54 	 -0.0317322
4.55 	 -0.0383715
4.56 	 -0.0389373
4.57 	 -0.0343879
4.58 	 -0.0261168
4.59 	 -0.015507
4.6 	 -0.00415449
4.61 	 0.00616859
4.62 	 0.0138639
4.63 	 0.0181115
4.64 	 0.0195285
4.65 	 0.0196661
4.66 	 0.0190959
4.67 	 0.0169731
4.68 	 0.0139912
4.69 	 0.0143351
4.7 	 0.0214165
4.71 	 0.0316445
4.72 	 0.0356455
4.73 	 0.0268818
4.74 	 0.00780954
4.75 	 -0.0122096
4.76 	 -0.0236691
4.77 	 -0.0225933
4.78 	 -0.0123277
4.79 	 -0.00103216
4.8 	 0.0035232
4.81 	 -0.00165048
4.82 	 -0.0139767
4.83 	 -0.0277346
4.84 	 -0.0373357
4.85 	 -0.0396993
4.86 	 -0.0349847
4.87 	 -0.0256897
4.88 	 -0.0150453
4.89 	 -0.00577196
4.9 	 0.000621665
4.91 	 0.00416917
4.92 	 0.00614316
4.93 	 0.00807862
4.94 	 0.0108483
4.95 	 0.0144074
4.96 	 0.0180745
4.97 	 0.0209792
4.98 	 0.0224329
4.99 	 0.0220564
5.0 	 0.0197838
5.01 	 0.0159686
5.02 	 0.0114333
5.03 	 0.00715573
5.04 	 0.0037767
5.05 	 0.00141178
5.06 	 -0.000164619
5.07 	 -0.00138601
5.08 	 -0.00295731
5.09 	 -0.0056743
5.1 	 -0.0098224
5.11 	 -0.0147268
5.12 	 -0.0189631
5.13 	 -0.0210861
5.14 	 -0.0203993
5.15 	 -0.0172561
5.16 	 -0.0127158
5.17 	 -0.00808425
5.18 	 -0.00476214
5.19 	 -0.0038226
5.2 	 -0.00497839
5.21 	 -0.00616877
5.22 	 -0.00485531
5.23 	 1.95979e-05
5.24 	 0.00708012
5.25 	 0.0130028
5.26 	 0.0144182
5.27 	 0.0105476
5.28 	 0.0040611
5.29 	 -0.00136681
5.3 	 -0.00415474
5.31 	 -0.00502488
5.32 	 -0.00489045
5.33 	 -0.00375272
5.34 	 -0.00171901
5.35 	 6.7813e-05
5.36 	 0.000375868
5.37 	 -0.000625897
5.38 	 -0.00160439
5.39 	 -0.00182772
5.4 	 -0.00218337
5.41 	 -0.0041253
5.42 	 -0.00767554
5.43 	 -0.0108103
5.44 	 -0.0111634
5.45 	 -0.00817783
5.46 	 -0.00314354
5.47 	 0.0025476
5.48 	 0.00805266
5.49 	 0.0117314
5.5 	 0.0107809
5.51 	 0.00405575
5.52 	 -0.00505168
5.53 	 -0.0103399
5.54 	 -0.00802315
5.55 	 0.000406209
5.56 	 0.0101981
5.57 	 0.0170366
5.58 	 0.018955
5.59 	 0.0162809
5.6 	 0.0108235
5.61 	 0.00493421
5.62 	 0.000601544
5.63 	 -0.00128091
5.64 	 -0.00118228
5.65 	 -0.000440518
5.66 	 -0.000248104
5.67 	 -0.000922507
5.68 	 -0.00193952
5.69 	 -0.00247113
5.7 	 -0.00204662
5.71 	 -0.00103588
5.72 	 -0.000487289
5.73 	 -0.00124071
5.74 	 -0.00306487
5.75 	 -0.00461874
5.76 	 -0.00431042
5.77 	 -0.00144977
5.78 	 0.00314199
5.79 	 0.00753576
5.8 	 0.00985374
5.81 	 0.00938569
5.82 	 0.00686919
5.83 	 0.00378975
5.84 	 0.00132982
5.85 	 -0.000267143
5.86 	 -0.00151156
5.87 	 -0.0027273
5.88 	 -0.00322433
5.89 	 -0.0018551
5.9 	 0.00128121
5.91 	 0.00422444
5.92 	 0.00487289
5.93 	 0.00309267
5.94 	 0.000661131
5.95 	 -0.000667958
5.96 	 -0.000609045
5.97 	 -4.38164e-05
5.98 	 8.93647e-05
5.99 	 -0.000680792
6.0 	 -0.00245607
6.01 	 -0.00482013
6.02 	 -0.00650847
6.03 	 -0.00595374
6.04 	 -0.00275244
6.05 	 0.00156509
6.06 	 0.0046523
6.07 	 0.00529482
6.08 	 0.00409698
6.09 	 0.00240786
6.1 	 0.000974969
6.11 	 -0.000330636
6.12 	 -0.00190838
6.13 	 -0.00381032
6.14 	 -0.00556664
6.15 	 -0.00650637
6.16 	 -0.00633601
6.17 	 -0.00540014
6.18 	 -0.00427432
6.19 	 -0.00311968
6.2 	 -0.0015555
6.21 	 0.000748729
6.22 	 0.00342585
6.23 	 0.00556326
6.24 	 0.0065593
6.25 	 0.00662483
6.26 	 0.00635234
6.27 	 0.00600125
6.28 	 0.00532957
6.29 	 0.00394725
6.3 	 0.0016842
6.31 	 -0.00124282
6.32 	 -0.00424114
6.33 	 -0.00660704
6.34 	 -0.00796539
6.35 	 -0.00845136
6.36 	 -0.00840839
6.37 	 -0.00800233
6.38 	 -0.00723311
6.39 	 -0.00621927
6.4 	 -0.00524454
6.41 	 -0.00445085
6.42 	 -0.00361527
6.43 	 -0.00234335
6.44 	 -0.0004814
6.45 	 0.00167538
6.46 	 0.00356872
6.47 	 0.00475975
6.48 	 0.00511523
6.49 	 0.00463915
6.5 	 0.00326032
6.51 	 0.00100574
6.52 	 -0.00154182
6.53 	 -0.00320237
6.54 	 -0.00291846
6.55 	 -0.000582287
6.56 	 0.00278024
6.57 	 0.0054741
6.58 	 0.00602415
6.59 	 0.00417127
6.6 	 0.00111558
6.61 	 -0.00147226
6.62 	 -0.00272753
6.63 	 -0.00290512
6.64 	 -0.00271302
6.65 	 -0.00259681
6.66 	 -0.00265123
6.67 	 -0.0029639
6.68 	 -0.00369047
6.69 	 -0.00464645
6.7 	 -0.00508384
6.71 	 -0.00423711
6.72 	 -0.00213084
6.73 	 0.00035375
6.74 	 0.00226675
6.75 	 0.00335536
6.76 	 0.00410715
6.77 	 0.00522631
6.78 	 0.00711308
6.79 	 0.00963908
6.8 	 0.0121598
6.81 	 0.0137532
6.82 	 0.0137037
6.83 	 0.0119252
6.84 	 0.00895363
6.85 	 0.00560423
6.86 	 0.00260682
6.87 	 0.000335262
6.88 	 -0.00130062
6.89 	 -0.00270292
6.9 	 -0.004267
6.91 	 -0.00613852
6.92 	 -0.00817312
6.93 	 -0.0100558
6.94 	 -0.0114512
6.95 	 -0.0120509
6.96 	 -0.0115406
6.97 	 -0.00969801
6.98 	 -0.00667425
6.99 	 -0.00310297
7.0 	 0.000228408
7.01 	 0.00282555
7.02 	 0.00459552
7.03 	 0.00566727
7.04 	 0.00622965
7.05 	 0.00644053
7.06 	 0.00633772
7.07 	 0.00583328
7.08 	 0.00483882
7.09 	 0.00334486
7.1 	 0.00136472
7.11 	 -0.00101078
7.12 	 -0.00334876
7.13 	 -0.00486781
7.14 	 -0.00503564
7.15 	 -0.00419533
7.16 	 -0.00336844
7.17 	 -0.00335592
7.18 	 -0.00410736
7.19 	 -0.00493097
7.2 	 -0.00520632
7.21 	 -0.00495933
7.22 	 -0.00491294
7.23 	 -0.0059079
7.24 	 -0.00795281
7.25 	 -0.00972642
7.26 	 -0.00931304
7.27 	 -0.00575767
7.28 	 -2.26218e-05
7.29 	 0.00552964
7.3 	 0.00868784
7.31 	 0.00878277
7.32 	 0.00692777
7.33 	 0.00508751
7.34 	 0.00482879
7.35 	 0.00655321
7.36 	 0.00941048
7.37 	 0.0117653
7.38 	 0.0120473
7.39 	 0.00966133
7.4 	 0.00541119
7.41 	 0.00103871
7.42 	 -0.00184442
7.43 	 -0.00259346
7.44 	 -0.00164446
7.45 	 -0.000138099
7.46 	 0.000629125
7.47 	 -0.000179973
7.48 	 -0.00255467
7.49 	 -0.00577695
7.5 	 -0.00885619
7.51 	 -0.0108351
7.52 	 -0.0110092
7.53 	 -0.0092466
7.54 	 -0.00616514
7.55 	 -0.00283702
7.56 	 -0.000180229
7.57 	 0.00146653
7.58 	 0.0022703
7.59 	 0.00245347
7.6 	 0.00196269
7.61 	 0.000716898
7.62 	 -0.000783862
7.63 	 -0.00139931
7.64 	 -0.000245287
7.65 	 0.00241225
7.66 	 0.00536143
7.67 	 0.0073935
7.68 	 0.00789777
7.69 	 0.0068691
7.7 	 0.00479155
7.71 	 0.00249535
7.72 	 0.00078031
7.73 	 -6.26066e-05
7.74 	 -0.000417373
7.75 	 -0.0009909
7.76 	 -0.00219061
7.77 	 -0.00377973
7.78 	 -0.00513624
7.79 	 -0.00578464
7.8 	 -0.00560247
7.81 	 -0.00464293
7.82 	 -0.00301763
7.83 	 -0.000995527
7.84 	 0.000998319
7.85 	 0.00264836
7.86 	 0.0039835
7.87 	 0.00525016
7.88 	 0.00650608
7.89 	 0.0073943
7.9 	 0.00745317
7.91 	 0.00669769
7.92 	 0.00575407
7.93 	 0.00529071
7.94 	 0.00538506
7.95 	 0.00554441
7.96 	 0.00526702
7.97 	 0.00446934
7.98 	 0.00341451
7.99 	 0.00237532
8.0 	 0.00145507
8.01 	 0.000681477
8.02 	 0.000117412
8.03 	 -0.000213061
8.04 	 -0.000432308
8.05 	 -0.000736255
8.06 	 -0.00122753
8.07 	 -0.00188044
8.08 	 -0.00262667
8.09 	 -0.00333671
8.1 	 -0.00366696
8.11 	 -0.00309791
8.12 	 -0.00137158
8.13 	 0.00106259
8.14 	 0.00321298
8.15 	 0.00429495
8.16 	 0.00428206
8.17 	 0.00369002
8.18 	 0.00295163
8.19 	 0.00211629
8.2 	 0.0010665
8.21 	 -0.000144977
8.22 	 -0.001255
8.23 	 -0.00208241
8.24 	 -0.00280253
8.25 	 -0.00385182
8.26 	 -0.00555514
8.27 	 -0.00786685
8.28 	 -0.0103439
8.29 	 -0.0121904
8.3 	 -0.0124355
8.31 	 -0.0104484
8.32 	 -0.00655923
8.33 	 -0.0021438
8.34 	 0.00116149
8.35 	 0.00256964
8.36 	 0.00255104
8.37 	 0.00217177
8.38 	 0.00212291
8.39 	 0.0024156
8.4 	 0.00286116
8.41 	 0.00359305
8.42 	 0.00491998
8.43 	 0.0066894
8.44 	 0.00805758
8.45 	 0.00812848
8.46 	 0.00679473
8.47 	 0.00476773
8.48 	 0.00277452
8.49 	 0.000948352
8.5 	 -0.000936183
8.51 	 -0.00295318
8.52 	 -0.00500865
8.53 	 -0.00710453
8.54 	 -0.00923945
8.55 	 -0.0110524
8.56 	 -0.0118697
8.57 	 -0.0112717
8.58 	 -0.00956238
8.59 	 -0.00759935
8.6 	 -0.00612747
8.61 	 -0.00528296
8.62 	 -0.00473557
8.63 	 -0.00416247
8.64 	 -0.00338553
8.65 	 -0.00211471
8.66 	 8.78258e-05
8.67 	 0.00333081
8.68 	 0.00694638
8.69 	 0.00974164
8.7 	 0.0108411
8.71 	 0.0102956
8.72 	 0.0088706
8.73 	 0.007331
8.74 	 0.00597832
8.75 	 0.0047328
8.76 	 0.00342714
8.77 	 0.00194709
8.78 	 0.000244816
8.79 	 -0.00159972
8.8 	 -0.00334293
8.81 	 -0.00473961
8.82 	 -0.00576315
8.83 	 -0.00657475
8.84 	 -0.0072694
8.85 	 -0.00772848
8.86 	 -0.0077142
8.87 	 -0.00704369
8.88 	 -0.0057016
8.89 	 -0.00387941
8.9 	 -0.00192437
8.91 	 -0.000182229
8.92 	 0.0011734
8.93 	 0.00219325
8.94 	 0.0030708
8.95 	 0.00400997
8.96 	 0.005114
8.97 	 0.00632887
8.98 	 0.00743253
8.99 	 0.00806029
9.0 	 0.00782207
9.01 	 0.0065151
9.02 	 0.00426996
9.03 	 0.00151611
9.04 	 -0.00116035
9.05 	 -0.00321783
9.06 	 -0.00440697
9.07 	 -0.00488377
9.08 	 -0.00502855
9.09 	 -0.00514942
9.1 	 -0.00535509
9.11 	 -0.00559876
9.12 	 -0.0057328
9.13 	 -0.00555384
9.14 	 -0.00489391
9.15 	 -0.00372195
9.16 	 -0.00220578
9.17 	 -0.000732778
9.18 	 0.000177749
9.19 	 0.000171858
9.2 	 -0.000564013
9.21 	 -0.00126966
9.22 	 -0.00113819
9.23 	 3.92518e-05
9.24 	 0.00179399
9.25 	 0.00351317
9.26 	 0.00493239
9.27 	 0.00605848
9.28 	 0.00675334
9.29 	 0.00664588
9.3 	 0.00555185
9.31 	 0.00381544
9.32 	 0.00206229
9.33 	 0.000629964
9.34 	 -0.000673021
9.35 	 -0.00221029
9.36 	 -0.00394752
9.37 	 -0.00533521
9.38 	 -0.00581401
9.39 	 -0.00532736
9.4 	 -0.00423912
9.41 	 -0.00288698
9.42 	 -0.00142151
9.43 	 -1.48126e-05
9.44 	 0.00105735
9.45 	 0.00165636
9.46 	 0.00195518
9.47 	 0.0022461
9.48 	 0.00261206
9.49 	 0.00284888
9.5 	 0.00269048
9.51 	 0.0020679
9.52 	 0.00118244
9.53 	 0.000411607
9.54 	 0.000142744
9.55 	 0.00058832
9.56 	 0.00165179
9.57 	 0.00292829
9.58 	 0.00389351
9.59 	 0.00423146
9.6 	 0.00406127
9.61 	 0.00381133
9.62 	 0.0038225
9.63 	 0.00405878
9.64 	 0.00417444
9.65 	 0.00380581
9.66 	 0.00282202
9.67 	 0.0014728
9.68 	 0.000400261
9.69 	 0.000275774
9.7 	 0.0011266
9.71 	 0.00209165
9.72 	 0.00207812
9.73 	 0.000656959
9.74 	 -0.00169025
9.75 	 -0.00392528
9.76 	 -0.00490686
9.77 	 -0.00384784
9.78 	 -0.000817707
9.79 	 0.00303111
9.8 	 0.00595271
9.81 	 0.00669331
9.82 	 0.00527442
9.83 	 0.00270001
9.84 	 2.36856e-05
9.85 	 -0.00211897
9.86 	 -0.00330208
9.87 	 -0.00321296
9.88 	 -0.00200347
9.89 	 -0.000454165
9.9 	 0.000508392
9.91 	 0.000468091
9.92 	 -0.000312766
9.93 	 -0.00122025
9.94 	 -0.00166693
9.95 	 -0.00125256
9.96 	 0.000174598
9.97 	 0.00230708
9.98 	 0.00416649
9.99 	 0.00449892
10.0 	 0.00280793
10.01 	 -0.00010694
10.02 	 -0.00291973
10.03 	 -0.00495093
10.04 	 -0.00634637
10.05 	 -0.00733134
10.06 	 -0.00775321
10.07 	 -0.00744252
10.08 	 -0.00667283
10.09 	 -0.00597118
10.1 	 -0.00551922
10.11 	 -0.00489745
10.12 	 -0.0034784
10.13 	 -0.00112372
10.14 	 0.00146895
10.15 	 0.00324755
10.16 	 0.00380747
10.17 	 0.00384952
10.18 	 0.00449032
10.19 	 0.00615779
10.2 	 0.00824357
10.21 	 0.00973722
10.22 	 0.0100713
10.23 	 0.00938702
10.24 	 0.00813818
10.25 	 0.00659073
10.26 	 0.00473616
10.27 	 0.00255699
10.28 	 0.000195925
10.29 	 -0.00218608
10.3 	 -0.00459982
10.31 	 -0.00711467
10.32 	 -0.00953782
10.33 	 -0.0113587
10.34 	 -0.0121162
10.35 	 -0.0117582
10.36 	 -0.0106056
10.37 	 -0.00905214
10.38 	 -0.00733329
10.39 	 -0.00548734
10.4 	 -0.00344385
10.41 	 -0.00113176
10.42 	 0.00145134
10.43 	 0.00419164
10.44 	 0.00683567
10.45 	 0.00905682
10.46 	 0.0106013
10.47 	 0.011382
10.48 	 0.0114449
10.49 	 0.0108829
10.5 	 0.00978948
10.51 	 0.00825216
10.52 	 0.00634194
10.53 	 0.00409394
10.54 	 0.00151997
10.55 	 -0.00132266
10.56 	 -0.00426225
10.57 	 -0.0070406
10.58 	 -0.00943224
10.59 	 -0.0113133
10.6 	 -0.0125986
10.61 	 -0.013165
10.62 	 -0.0128902
10.63 	 -0.0117491
10.64 	 -0.00986781
10.65 	 -0.00753705
10.66 	 -0.00516503
10.67 	 -0.00310487
10.68 	 -0.00147418
10.69 	 -0.000149812
10.7 	 0.00111175
10.71 	 0.00256241
10.72 	 0.00433017
10.73 	 0.00627696
10.74 	 0.0080288
10.75 	 0.00921803
10.76 	 0.00969361
10.77 	 0.00950102
10.78 	 0.00873797
10.79 	 0.00750428
10.8 	 0.00596006
10.81 	 0.00432619
10.82 	 0.00276773
10.83 	 0.0012962
10.84 	 -0.000186195
10.85 	 -0.00175039
10.86 	 -0.00335261
10.87 	 -0.0048562
10.88 	 -0.00610015
10.89 	 -0.00693384
10.9 	 -0.00722743
10.91 	 -0.00691122
10.92 	 -0.00602778
10.93 	 -0.00472455
10.94 	 -0.00317446
10.95 	 -0.00149558
10.96 	 0.000269132
10.97 	 0.00212597
10.98 	 0.00409704
10.99 	 0.00616008
11.0 	 0.00813944
11.01 	 0.00966391
11.02 	 0.0103366
11.03 	 0.0100024
11.04 	 0.00881899
11.05 	 0.0070725
11.06 	 0.00501087
11.07 	 0.0028874
11.08 	 0.00103993
11.09 	 -0.000234335
11.1 	 -0.000878191
11.11 	 -0.00108237
11.12 	 -0.00118274
11.13 	 -0.00162225
11.14 	 -0.00282792
11.15 	 -0.00489155
11.16 	 -0.00734305
11.17 	 -0.00931099
11.18 	 -0.0100071
11.19 	 -0.00921177
11.2 	 -0.00738412
11.21 	 -0.00528041
11.22 	 -0.00344076
11.23 	 -0.00199907
11.24 	 -0.000844899
11.25 	 0.000175868
11.26 	 0.00121234
11.27 	 0.00241597
11.28 	 0.00386343
11.29 	 0.00544004
11.3 	 0.00683825
11.31 	 0.00771327
11.32 	 0.00787044
11.33 	 0.00734079
11.34 	 0.00631924
11.35 	 0.00504639
11.36 	 0.00371641
11.37 	 0.00243539
11.38 	 0.00121899
11.39 	 2.04388e-05
11.4 	 -0.00121843
11.41 	 -0.00251259
11.42 	 -0.00380272
11.43 	 -0.0049628
11.44 	 -0.00583855
11.45 	 -0.00629474
11.46 	 -0.00626237
11.47 	 -0.00578817
11.48 	 -0.00505152
11.49 	 -0.00429184
11.5 	 -0.00368202
11.51 	 -0.00326418
11.52 	 -0.00295719
11.53 	 -0.00255358
11.54 	 -0.00175801
11.55 	 -0.000375846
11.56 	 0.00148942
11.57 	 0.00349671
11.58 	 0.00533943
11.59 	 0.0068807
11.6 	 0.00800969
11.61 	 0.0085101
11.62 	 0.00821322
11.63 	 0.00723387
11.64 	 0.00591689
11.65 	 0.00453778
11.66 	 0.00313296
11.67 	 0.0016093
11.68 	 -8.24353e-05
11.69 	 -0.00191338
11.7 	 -0.00383237
11.71 	 -0.00577533
11.72 	 -0.00762152
11.73 	 -0.00919068
11.74 	 -0.0103177
11.75 	 -0.010935
11.76 	 -0.0110785
11.77 	 -0.010817
11.78 	 -0.0101903
11.79 	 -0.00921619
11.8 	 -0.00793801
11.81 	 -0.00643933
11.82 	 -0.00481669
11.83 	 -0.00314649
11.84 	 -0.00146258
11.85 	 0.000244162
11.86 	 0.00197855
11.87 	 0.0036719
11.88 	 0.00517398
11.89 	 0.0063307
11.9 	 0.00707054
11.91 	 0.00742266
11.92 	 0.00747003
11.93 	 0.00729909
11.94 	 0.00698082
11.95 	 0.00654336
11.96 	 0.00591292
11.97 	 0.00491914
11.98 	 0.00344177
11.99 	 0.00156591
12.0 	 -0.000446423
12.01 	 -0.00233802
12.02 	 -0.00399049
12.03 	 -0.00539856
12.04 	 -0.00655638
12.05 	 -0.00739854
12.06 	 -0.00785385
12.07 	 -0.00792462
12.08 	 -0.00768009
12.09 	 -0.00717907
12.1 	 -0.00642113
12.11 	 -0.00536574
12.12 	 -0.00398376
12.13 	 -0.00230483
12.14 	 -0.000441214
12.15 	 0.00143179
12.16 	 0.00314784
12.17 	 0.00464459
12.18 	 0.00600088
12.19 	 0.00735549
12.2 	 0.00877138
12.21 	 0.0101615
12.22 	 0.0112957
12.23 	 0.0118713
12.24 	 0.0116657
12.25 	 0.0106941
12.26 	 0.00920356
12.27 	 0.00749143
12.28 	 0.00573585
12.29 	 0.00398043
12.3 	 0.00222936
12.31 	 0.000521766
12.32 	 -0.00107828
12.33 	 -0.00252548
12.34 	 -0.00379726
12.35 	 -0.00485911
12.36 	 -0.00564059
12.37 	 -0.00605221
12.38 	 -0.00604329
12.39 	 -0.00565827
12.4 	 -0.00498212
12.41 	 -0.00394481
12.42 	 -0.00226042
12.43 	 0.000204859
12.44 	 0.00297948
12.45 	 0.00516525
12.46 	 0.00618563
12.47 	 0.0061899
12.48 	 0.00567432
12.49 	 0.00494706
12.5 	 0.0041213
12.51 	 0.00342495
12.52 	 0.00319412
12.53 	 0.00351003
12.54 	 0.00399306
12.55 	 0.00400654
12.56 	 0.0030593
12.57 	 0.00111544
12.58 	 -0.0013883
12.59 	 -0.00385171
12.6 	 -0.00588071
12.61 	 -0.00736905
12.62 	 -0.00830472
12.63 	 -0.00864866
12.64 	 -0.00844709
12.65 	 -0.00793135
12.66 	 -0.00736252
12.67 	 -0.00676793
12.68 	 -0.00591727
12.69 	 -0.00462613
12.7 	 -0.00306192
12.71 	 -0.00168817
12.72 	 -0.000892277
12.73 	 -0.000651241
12.74 	 -0.000498841
12.75 	 0.000173566
12.76 	 0.00167706
12.77 	 0.00377727
12.78 	 0.00580432
12.79 	 0.00701292
12.8 	 0.00699043
12.81 	 0.0058694
12.82 	 0.00415821
12.83 	 0.00233236
12.84 	 0.00058335
12.85 	 -0.00106967
12.86 	 -0.00252014
12.87 	 -0.00354159
12.88 	 -0.0040266
12.89 	 -0.00411542
12.9 	 -0.0039986
12.91 	 -0.00373734
12.92 	 -0.00341823
12.93 	 -0.00334042
12.94 	 -0.0038334
12.95 	 -0.00489136
12.96 	 -0.00605671
12.97 	 -0.00665549
12.98 	 -0.00621602
12.99 	 -0.00479624
13.0 	 -0.00292779
13.01 	 -0.00119839
13.02 	 0.000128667
13.03 	 0.00114902
13.04 	 0.00207906
13.05 	 0.00301849
13.06 	 0.00391585
13.07 	 0.00470408
13.08 	 0.00538694
13.09 	 0.00596194
13.1 	 0.00632089
13.11 	 0.00629256
13.12 	 0.00578488
13.13 	 0.0048656
13.14 	 0.00371158
13.15 	 0.00249753
13.16 	 0.00132717
13.17 	 0.000236873
13.18 	 -0.000769046
13.19 	 -0.00169336
13.2 	 -0.0025344
13.21 	 -0.00327503
13.22 	 -0.00387262
13.23 	 -0.00426272
13.24 	 -0.0043806
13.25 	 -0.00418914
13.26 	 -0.00369685
13.27 	 -0.00295815
13.28 	 -0.00205767
13.29 	 -0.00108026
13.3 	 -7.44521e-05
13.31 	 0.000961656
13.32 	 0.00204732
13.33 	 0.00316592
13.34 	 0.00424948
13.35 	 0.00521278
13.36 	 0.00599254
13.37 	 0.00655626
13.38 	 0.00689003
13.39 	 0.00699194
13.4 	 0.00688004
13.41 	 0.00659877
13.42 	 0.00619846
13.43 	 0.00568953
13.44 	 0.00502312
13.45 	 0.00414438
13.46 	 0.00307327
13.47 	 0.00191847
13.48 	 0.000810568
13.49 	 -0.000166005
13.5 	 -0.000982547
13.51 	 -0.00163611
13.52 	 -0.00212439
13.53 	 -0.00243752
13.54 	 -0.00255643
13.55 	 -0.00245807
13.56 	 -0.00213164
13.57 	 -0.00159123
13.58 	 -0.000866595
13.59 	 2.03074e-05
13.6 	 0.0010507
13.61 	 0.00214499
13.62 	 0.0031039
13.63 	 0.00367712
13.64 	 0.00373817
13.65 	 0.00336784
13.66 	 0.00274203
13.67 	 0.00195778
13.68 	 0.000976527
13.69 	 -0.000281627
13.7 	 -0.00179024
13.71 	 -0.00336277
13.72 	 -0.00476972
13.73 	 -0.00591073
13.74 	 -0.00684457
13.75 	 -0.00765883
13.76 	 -0.00834415
13.77 	 -0.00878693
13.78 	 -0.00885007
13.79 	 -0.00846034
13.8 	 -0.00764209
13.81 	 -0.0064845
13.82 	 -0.00508661
13.83 	 -0.00353156
13.84 	 -0.00189168
13.85 	 -0.000234194
13.86 	 0.00138044
13.87 	 0.00289311
13.88 	 0.00423478
13.89 	 0.00533032
13.9 	 0.0061204
13.91 	 0.00657624
13.92 	 0.00669266
13.93 	 0.00647522
13.94 	 0.00593984
13.95 	 0.00512291
13.96 	 0.00408811
13.97 	 0.00291577
13.98 	 0.00166911
13.99 	 0.000363681
14.0 	 -0.00101277
14.01 	 -0.00243496
14.02 	 -0.00380521
14.03 	 -0.00499705
14.04 	 -0.0059274
14.05 	 -0.00657428
14.06 	 -0.00692544
14.07 	 -0.00693131
14.08 	 -0.00653498
14.09 	 -0.00574697
14.1 	 -0.00466407
14.11 	 -0.00340554
14.12 	 -0.00204565
14.13 	 -0.000609263
14.14 	 0.00088703
14.15 	 0.00239503
14.16 	 0.00381757
14.17 	 0.0050231
14.18 	 0.00589479
14.19 	 0.00638013
14.2 	 0.00649305
14.21 	 0.00627236
14.22 	 0.00574731
14.23 	 0.00493888
14.24 	 0.00387803
14.25 	 0.00261139
14.26 	 0.00119171
14.27 	 -0.000324942
14.28 	 -0.00186402
14.29 	 -0.00332351
14.3 	 -0.00459643
14.31 	 -0.00560752
14.32 	 -0.00632492
14.33 	 -0.00674123
14.34 	 -0.0068531
14.35 	 -0.00665943
14.36 	 -0.00617052
14.37 	 -0.00541235
14.38 	 -0.0044228
14.39 	 -0.00324916
14.4 	 -0.00195573
14.41 	 -0.000632636
14.42 	 0.000628471
14.43 	 0.00180319
14.44 	 0.0029767
14.45 	 0.00427567
14.46 	 0.00572162
14.47 	 0.00712561
14.48 	 0.00812445
14.49 	 0.00837821
14.5 	 0.0078021
14.51 	 0.00661088
14.52 	 0.0051256
14.53 	 0.003552
14.54 	 0.0019229
14.55 	 0.000183045
14.56 	 -0.00169371
14.57 	 -0.00362253
14.58 	 -0.00541126
14.59 	 -0.00686344
14.6 	 -0.00788516
14.61 	 -0.00847918
14.62 	 -0.00865179
14.63 	 -0.00836102
14.64 	 -0.00756255
14.65 	 -0.00628233
14.66 	 -0.00462361
14.67 	 -0.00270352
14.68 	 -0.000597228
14.69 	 0.00164207
14.7 	 0.00391057
14.71 	 0.00602692
14.72 	 0.00780495
14.73 	 0.00915026
14.74 	 0.010069
14.75 	 0.0105925
14.76 	 0.0107195
14.77 	 0.0104302
14.78 	 0.00972408
14.79 	 0.00861663
14.8 	 0.00711157
14.81 	 0.00521627
14.82 	 0.00300105
14.83 	 0.00062249
14.84 	 -0.00172961
14.85 	 -0.00390526
14.86 	 -0.00581902
14.87 	 -0.00742575
14.88 	 -0.00869129
14.89 	 -0.00958658
14.9 	 -0.0101008
14.91 	 -0.0102552
14.92 	 -0.0100844
14.93 	 -0.00955693
14.94 	 -0.00850313
14.95 	 -0.00669357
14.96 	 -0.00408073
14.97 	 -0.000983254
14.98 	 0.00201314
14.99 	 0.00439934
15.0 	 0.00602934
15.01 	 0.00708952
15.02 	 0.00782295
15.03 	 0.00830599
15.04 	 0.00844068
15.05 	 0.00809558
15.06 	 0.00726265
15.07 	 0.00610998
15.08 	 0.004868
15.09 	 0.00366546
15.1 	 0.00250625
15.11 	 0.0013618
15.12 	 0.000205327
15.13 	 -0.00100983
15.14 	 -0.00229797
15.15 	 -0.00355258
15.16 	 -0.00456977
15.17 	 -0.00517969
15.18 	 -0.00534505
15.19 	 -0.00514849
15.2 	 -0.00471306
15.21 	 -0.00413676
15.22 	 -0.00347683
15.23 	 -0.00276295
15.24 	 -0.00200742
15.25 	 -0.00121135
15.26 	 -0.000382522
15.27 	 0.000437061
15.28 	 0.00115954
15.29 	 0.00168834
15.3 	 0.00199709
15.31 	 0.00216746
15.32 	 0.00231428
15.33 	 0.00246876
15.34 	 0.00256036
15.35 	 0.00251004
15.36 	 0.00231736
15.37 	 0.00206315
15.38 	 0.00183953
15.39 	 0.00164765
15.4 	 0.00134372
15.41 	 0.000730434
15.42 	 -0.000261512
15.43 	 -0.00152378
15.44 	 -0.00291835
15.45 	 -0.00435027
15.46 	 -0.0055622
15.47 	 -0.005999
15.48 	 -0.00521766
15.49 	 -0.00351058
15.5 	 -0.00184262
15.51 	 -0.00100635
15.52 	 -0.000975223
15.53 	 -0.00114234
15.54 	 -0.000995846
15.55 	 -0.000429867
15.56 	 0.000447056
15.57 	 0.00154607
15.58 	 0.00276625
15.59 	 0.00387663
15.6 	 0.00459142
15.61 	 0.0047811
15.62 	 0.00454577
15.63 	 0.0040747
15.64 	 0.00349122
15.65 	 0.00284042
15.66 	 0.00214536
15.67 	 0.00141125
15.68 	 0.000599365
15.69 	 -0.000349698
15.7 	 -0.00145111
15.71 	 -0.002641
15.72 	 -0.00380717
15.73 	 -0.00484744
15.74 	 -0.00568431
15.75 	 -0.00622233
15.76 	 -0.00633502
15.77 	 -0.0059474
15.78 	 -0.00512543
15.79 	 -0.00404021
15.8 	 -0.00283545
15.81 	 -0.00155244
15.82 	 -0.000178979
15.83 	 0.00126638
15.84 	 0.00271993
15.85 	 0.0041199
15.86 	 0.00543194
15.87 	 0.0066177
15.88 	 0.00759159
15.89 	 0.00822708
15.9 	 0.00842176
15.91 	 0.00816409
15.92 	 0.00753522
15.93 	 0.00664794
15.94 	 0.00558788
15.95 	 0.00440228
15.96 	 0.00312269
15.97 	 0.00178614
15.98 	 0.000439708
15.99 	 -0.00086247
16.0 	 -0.00205858
16.01 	 -0.00307753
16.02 	 -0.0038463
16.03 	 -0.00430699
16.04 	 -0.00443273
16.05 	 -0.00423143
16.06 	 -0.00373591
16.07 	 -0.00298617
16.08 	 -0.00201921
16.09 	 -0.000886187
16.1 	 0.000314332
16.11 	 0.00144238
16.12 	 0.00238326
16.13 	 0.00310586
16.14 	 0.00364307
16.15 	 0.00402436
16.16 	 0.00422834
16.17 	 0.00417147
16.18 	 0.00372919
16.19 	 0.00280147
16.2 	 0.00138304
16.21 	 -0.000461145
16.22 	 -0.00269634
16.23 	 -0.00524332
16.24 	 -0.00763293
16.25 	 -0.00893774
16.26 	 -0.00851153
16.27 	 -0.00683272
16.28 	 -0.0052018
16.29 	 -0.00449466
16.3 	 -0.00447459
16.31 	 -0.00431301
16.32 	 -0.00346293
16.33 	 -0.00194181
16.34 	 -3.73777e-05
16.35 	 0.0019944
16.36 	 0.00394049
16.37 	 0.0055366
16.38 	 0.00652177
16.39 	 0.00680228
16.4 	 0.00651297
16.41 	 0.00590293
16.42 	 0.00516904
16.43 	 0.00437925
16.44 	 0.00350868
16.45 	 0.00251241
16.46 	 0.0013634
16.47 	 5.86028e-05
16.48 	 -0.00136563
16.49 	 -0.00280838
16.5 	 -0.00410961
16.51 	 -0.00510041
16.52 	 -0.0056621
16.53 	 -0.00575878
16.54 	 -0.00545161
16.55 	 -0.00490149
16.56 	 -0.0043168
16.57 	 -0.00383477
16.58 	 -0.00343779
16.59 	 -0.00300362
16.6 	 -0.00243743
16.61 	 -0.00175214
16.62 	 -0.00104698
16.63 	 -0.000442422
16.64 	 -4.06807e-05
16.65 	 7.45325e-05
16.66 	 -0.000163458
16.67 	 -0.000760164
16.68 	 -0.00158434
16.69 	 -0.00237193
16.7 	 -0.00288219
16.71 	 -0.00307597
16.72 	 -0.003114
16.73 	 -0.00318178
16.74 	 -0.00333961
16.75 	 -0.00352083
16.76 	 -0.00361769
16.77 	 -0.0035393
16.78 	 -0.00321644
16.79 	 -0.00262074
16.8 	 -0.00182676
16.81 	 -0.0010264
16.82 	 -0.00042084
16.83 	 -8.38241e-05
16.84 	 3.84954e-05
16.85 	 -3.37617e-05
16.86 	 -0.000398359
16.87 	 -0.000946933
16.88 	 -0.000922018
16.89 	 0.000647683
16.9 	 0.00365124
16.91 	 0.00651597
16.92 	 0.00763892
16.93 	 0.00689085
16.94 	 0.00539512
16.95 	 0.00419902
16.96 	 0.00352806
16.97 	 0.00311723
16.98 	 0.00280736
16.99 	 0.00262167
17.0 	 0.00244732
17.01 	 0.00194698
17.02 	 0.000874084
17.03 	 -0.00063348
17.04 	 -0.00212728
17.05 	 -0.00316295
17.06 	 -0.0035388
17.07 	 -0.00332153
17.08 	 -0.00273204
17.09 	 -0.00201067
17.1 	 -0.00132386
17.11 	 -0.000724561
17.12 	 -0.000162031
17.13 	 0.000468175
17.14 	 0.00125421
17.15 	 0.00221225
17.16 	 0.00327357
17.17 	 0.00431179
17.18 	 0.00518603
17.19 	 0.00578252
17.2 	 0.00604701
17.21 	 0.00599797
17.22 	 0.00571216
17.23 	 0.00528418
17.24 	 0.00477572
17.25 	 0.00418534
17.26 	 0.00346758
17.27 	 0.0025885
17.28 	 0.00156618
17.29 	 0.00046571
17.3 	 -0.000630075
17.31 	 -0.00164067
17.32 	 -0.00249572
17.33 	 -0.00314783
17.34 	 -0.00359071
17.35 	 -0.00385817
17.36 	 -0.00399283
17.37 	 -0.00401262
17.38 	 -0.00390794
17.39 	 -0.00366513
17.4 	 -0.00328781
17.41 	 -0.00280528
17.42 	 -0.00227582
17.43 	 -0.0017719
17.44 	 -0.00131986
17.45 	 -0.000838402
17.46 	 -0.000185007
17.47 	 0.000696785
17.48 	 0.00169956
17.49 	 0.00264382
17.5 	 0.00342801
17.51 	 0.00407756
17.52 	 0.00466084
17.53 	 0.00516338
17.54 	 0.00545413
17.55 	 0.00539669
17.56 	 0.00498605
17.57 	 0.00434771
17.58 	 0.00361181
17.59 	 0.002822
17.6 	 0.00196081
17.61 	 0.00101938
17.62 	 1.75504e-05
17.63 	 -0.0010223
17.64 	 -0.00208339
17.65 	 -0.00312751
17.66 	 -0.00407983
17.67 	 -0.00485644
17.68 	 -0.0054063
17.69 	 -0.00572606
17.7 	 -0.0058431
17.71 	 -0.00579196
17.72 	 -0.00560341
17.73 	 -0.00530353
17.74 	 -0.00491388
17.75 	 -0.00445259
17.76 	 -0.00394762
17.77 	 -0.00347125
17.78 	 -0.00314911
17.79 	 -0.00303548
17.8 	 -0.00289014
17.81 	 -0.00216222
17.82 	 -0.000371065
17.83 	 0.0024192
17.84 	 0.00550557
17.85 	 0.00795382
17.86 	 0.00920254
17.87 	 0.00937511
17.88 	 0.00904279
17.89 	 0.00871686
17.9 	 0.00856718
17.91 	 0.00850044
17.92 	 0.00834437
17.93 	 0.0079234
17.94 	 0.00706041
17.95 	 0.00563268
17.96 	 0.00368606
17.97 	 0.00147831
17.98 	 -0.000628463
17.99 	 -0.00234503
18.0 	 -0.00356083
18.01 	 -0.00432861
18.02 	 -0.00478471
18.03 	 -0.00507118
18.04 	 -0.00527709
18.05 	 -0.00540056
18.06 	 -0.00535325
18.07 	 -0.00501738
18.08 	 -0.00432183
18.09 	 -0.00328889
18.1 	 -0.00203195
18.11 	 -0.000716145
18.12 	 0.000497079
18.13 	 0.00150008
18.14 	 0.00225971
18.15 	 0.00279693
18.16 	 0.00314478
18.17 	 0.00331859
18.18 	 0.00331068
18.19 	 0.00309818
18.2 	 0.0026536
18.21 	 0.00195828
18.22 	 0.00101915
18.23 	 -0.000119358
18.24 	 -0.00137846
18.25 	 -0.00266632
18.26 	 -0.00391244
18.27 	 -0.00509372
18.28 	 -0.00619831
18.29 	 -0.00710675
18.3 	 -0.00752614
18.31 	 -0.00716797
18.32 	 -0.0060778
18.33 	 -0.00471811
18.34 	 -0.00361667
18.35 	 -0.00293814
18.36 	 -0.0024457
18.37 	 -0.00183146
18.38 	 -0.001002
18.39 	 -7.2288e-05
18.4 	 0.000795718
18.41 	 0.00147893
18.42 	 0.00187833
18.43 	 0.00192886
18.44 	 0.00166005
18.45 	 0.00119844
18.46 	 0.000676647
18.47 	 0.000154726
18.48 	 -0.000369968
18.49 	 -0.000911493
18.5 	 -0.00146953
18.51 	 -0.00202941
18.52 	 -0.00255986
18.53 	 -0.00300244
18.54 	 -0.00326988
18.55 	 -0.00329064
18.56 	 -0.00311477
18.57 	 -0.00296435
18.58 	 -0.00305439
18.59 	 -0.00329753
18.6 	 -0.00329341
18.61 	 -0.0027023
18.62 	 -0.00156384
18.63 	 -0.000192892
18.64 	 0.00115554
18.65 	 0.00242562
18.66 	 0.00360084
18.67 	 0.00453678
18.68 	 0.00504945
18.69 	 0.00513203
18.7 	 0.0049811
18.71 	 0.00478973
18.72 	 0.00457493
18.73 	 0.00422242
18.74 	 0.00363653
18.75 	 0.00279459
18.76 	 0.00168969
18.77 	 0.000304331
18.78 	 -0.00131155
18.79 	 -0.00294899
18.8 	 -0.00427623
18.81 	 -0.00502496
18.82 	 -0.00516432
18.83 	 -0.00487974
18.84 	 -0.00438641
18.85 	 -0.00377756
18.86 	 -0.00302037
18.87 	 -0.00203682
18.88 	 -0.000775063
18.89 	 0.00074654
18.9 	 0.00241814
18.91 	 0.004067
18.92 	 0.00553398
18.93 	 0.00672946
18.94 	 0.00762238
18.95 	 0.00820034
18.96 	 0.00845582
18.97 	 0.00839837
18.98 	 0.00805814
18.99 	 0.00746772
19.0 	 0.00664433
19.01 	 0.00559699
19.02 	 0.00435309
19.03 	 0.00297878
19.04 	 0.00157427
19.05 	 0.000238312
19.06 	 -0.000981329
19.07 	 -0.0021005
19.08 	 -0.00314389
19.09 	 -0.00407832
19.1 	 -0.0048163
19.11 	 -0.00528297
19.12 	 -0.00546472
19.13 	 -0.00539662
19.14 	 -0.00512432
19.15 	 -0.00469135
19.16 	 -0.00414842
19.17 	 -0.0035404
19.18 	 -0.0028674
19.19 	 -0.00208474
19.2 	 -0.00117142
19.21 	 -0.000190992
19.22 	 0.000732801
19.23 	 0.00149346
19.24 	 0.00204563
19.25 	 0.00238948
19.26 	 0.00253792
19.27 	 0.00250455
19.28 	 0.0023052
19.29 	 0.00195109
19.3 	 0.00144027
19.31 	 0.000768116
19.32 	 -4.97815e-05
19.33 	 -0.000969403
19.34 	 -0.00193132
19.35 	 -0.00287693
19.36 	 -0.00375459
19.37 	 -0.0045197
19.38 	 -0.00513845
19.39 	 -0.00559899
19.4 	 -0.00592065
19.41 	 -0.00612681
19.42 	 -0.00616487
19.43 	 -0.00586348
19.44 	 -0.00504891
19.45 	 -0.0037375
19.46 	 -0.00215987
19.47 	 -0.000570828
19.48 	 0.00092669
19.49 	 0.00237904
19.5 	 0.00387114
19.51 	 0.0054126
19.52 	 0.00684263
19.53 	 0.00782491
19.54 	 0.00801985
19.55 	 0.00729681
19.56 	 0.00575537
19.57 	 0.00365263
19.58 	 0.00148953
19.59 	 5.53746e-05
19.6 	 -3.01947e-05
19.61 	 0.0009312
19.62 	 0.00160912
19.63 	 0.000632411
19.64 	 -0.00216464
19.65 	 -0.00551815
19.66 	 -0.00777721
19.67 	 -0.00813826
19.68 	 -0.00691371
19.69 	 -0.00485892
19.7 	 -0.0025425
19.71 	 -0.000366004
19.72 	 0.00119419
19.73 	 0.00175175
19.74 	 0.00141964
19.75 	 0.000809637
19.76 	 0.000508287
19.77 	 0.00065664
19.78 	 0.00112933
19.79 	 0.00196941
19.8 	 0.00336347
19.81 	 0.00512523
19.82 	 0.00646346
19.83 	 0.00653116
19.84 	 0.00520362
19.85 	 0.00317535
19.86 	 0.00131063
19.87 	 3.89203e-05
19.88 	 -0.000661059
19.89 	 -0.000961575
19.9 	 -0.0010453
19.91 	 -0.00113892
19.92 	 -0.00145847
19.93 	 -0.00203219
19.94 	 -0.00264471
19.95 	 -0.00304198
19.96 	 -0.00318292
19.97 	 -0.00322796
19.98 	 -0.00328676
19.99 	 -0.00325311
20.0 	 -0.00292664
20.01 	 -0.0022588
20.02 	 -0.00142408
20.03 	 -0.00064953
20.04 	 -2.14961e-05
20.05 	 0.000526139
20.06 	 0.0010837
20.07 	 0.001669
20.08 	 0.00223783
20.09 	 0.00274107
20.1 	 0.00314981
20.11 	 0.003441
20.12 	 0.00358515
20.13 	 0.00355862
20.14 	 0.00336444
20.15 	 0.00303711
20.16 	 0.00262751
20.17 	 0.00218157
20.18 	 0.00172771
20.19 	 0.0012779
20.2 	 0.000835995
20.21 	 0.000405581
20.22 	 -4.6121e-06
20.23 	 -0.000376124
20.24 	 -0.000677357
20.25 	 -0.000864049
20.26 	 -0.000896009
20.27 	 -0.000783742
20.28 	 -0.000628899
20.29 	 -0.000581114
20.3 	 -0.000721273
20.31 	 -0.00100231
20.32 	 -0.00131442
20.33 	 -0.00157036
20.34 	 -0.00170901
20.35 	 -0.00167133
20.36 	 -0.00143588
20.37 	 -0.00107029
20.38 	 -0.000704481
20.39 	 -0.000438151
20.4 	 -0.000279941
20.41 	 -0.000168355
20.42 	 -3.46233e-05
20.43 	 0.000154781
20.44 	 0.00039491
20.45 	 0.00065757
20.46 	 0.000906323
20.47 	 0.00110828
20.48 	 0.00124122
20.49 	 0.00129565
20.5 	 0.00127689
20.51 	 0.0012051
20.52 	 0.00110213
20.53 	 0.000971439
20.54 	 0.000796462
20.55 	 0.000563283
20.56 	 0.000280014
20.57 	 -2.84424e-05
20.58 	 -0.000337984
20.59 	 -0.000632547
20.6 	 -0.000898007
20.61 	 -0.00111711
20.62 	 -0.00127475
20.63 	 -0.00136649
20.64 	 -0.00139839
20.65 	 -0.00137851
20.66 	 -0.00131016
20.67 	 -0.00119276
20.68 	 -0.00102683
20.69 	 -0.000817886
20.7 	 -0.000577631
20.71 	 -0.000322164
20.72 	 -6.82603e-05
20.73 	 0.000169896
20.74 	 0.000381294
20.75 	 0.000557029
20.76 	 0.000690282
20.77 	 0.000777645
20.78 	 0.00081921
20.79 	 0.000816221
20.8 	 0.000768794
20.81 	 0.000676745
20.82 	 0.000542613
20.83 	 0.000373483
20.84 	 0.000180021
20.85 	 -2.57206e-05
20.86 	 -0.000231694
20.87 	 -0.000426252
20.88 	 -0.000598704
20.89 	 -0.000740378
20.9 	 -0.000845316
20.91 	 -0.000909982
20.92 	 -0.000932459
20.93 	 -0.000912005
20.94 	 -0.000849262
20.95 	 -0.000746764
20.96 	 -0.000609273
20.97 	 -0.000443744
20.98 	 -0.000258954
20.99 	 -6.48626e-05
21.0 	 0.000128179
21.01 	 0.000310229
21.02 	 0.000472408
21.03 	 0.000607323
21.04 	 0.000709257
21.05 	 0.000774205
21.06 	 0.000799845
21.07 	 0.000785555
21.08 	 0.00073248
21.09 	 0.000643623
21.1 	 0.000523833
21.11 	 0.000379626
21.12 	 0.000218819
21.13 	 5.00275e-05
21.14 	 -0.000117897
21.15 	 -0.000276413
21.16 	 -0.000417758
21.17 	 -0.000535296
21.18 	 -0.000609729
21.19 	 -0.000623478
