0.0 	 0.0
0.005 	 3.37174e-06
0.01 	 2.86811e-05
0.015 	 0.000118637
0.02 	 0.000318634
0.025 	 0.000625329
0.03 	 0.00095353
0.035 	 0.0011623
0.04 	 0.00112069
0.045 	 0.000759462
0.05 	 8.08726e-05
0.055 	 -0.000861321
0.06 	 -0.00198831
0.065 	 -0.0032181
0.07 	 -0.00448157
0.075 	 -0.0057312
0.08 	 -0.00694042
0.085 	 -0.00809573
0.09 	 -0.00918829
0.095 	 -0.0102108
0.1 	 -0.0111606
0.105 	 -0.0120442
0.11 	 -0.0128805
0.115 	 -0.0136984
0.12 	 -0.0145304
0.125 	 -0.0154064
0.13 	 -0.0163495
0.135 	 -0.0173749
0.14 	 -0.0184873
0.145 	 -0.0196729
0.15 	 -0.0208875
0.155 	 -0.0220476
0.16 	 -0.0230364
0.165 	 -0.0237264
0.17 	 -0.0240109
0.175 	 -0.0238273
0.18 	 -0.0231627
0.185 	 -0.0220414
0.19 	 -0.0205023
0.195 	 -0.018577
0.2 	 -0.0162782
0.205 	 -0.0136013
0.21 	 -0.0105378
0.215 	 -0.00709392
0.22 	 -0.00330919
0.225 	 0.000728045
0.23 	 0.00487247
0.235 	 0.00892713
0.24 	 0.0126683
0.245 	 0.0158889
0.25 	 0.0184483
0.255 	 0.0203091
0.26 	 0.0215439
0.265 	 0.0223057
0.27 	 0.0227742
0.275 	 0.0231018
0.28 	 0.0233818
0.285 	 0.0236481
0.29 	 0.023901
0.295 	 0.0241417
0.3 	 0.0243973
0.305 	 0.024723
0.31 	 0.0251814
0.315 	 0.0258079
0.32 	 0.0265787
0.325 	 0.0273991
0.33 	 0.0281217
0.335 	 0.0285907
0.34 	 0.028696
0.345 	 0.0284169
0.35 	 0.0278363
0.355 	 0.0271214
0.36 	 0.0264717
0.365 	 0.0260546
0.37 	 0.0259483
0.375 	 0.0261131
0.38 	 0.0263948
0.385 	 0.0265519
0.39 	 0.0262929
0.395 	 0.02532
0.4 	 0.0233803
0.405 	 0.0203221
0.41 	 0.0161402
0.415 	 0.0109908
0.42 	 0.00516436
0.425 	 -0.000973836
0.43 	 -0.00705136
0.435 	 -0.0127446
0.44 	 -0.017812
0.445 	 -0.0221055
0.45 	 -0.0255659
0.455 	 -0.0282108
0.46 	 -0.0301201
0.465 	 -0.0314247
0.47 	 -0.0322966
0.475 	 -0.0329357
0.48 	 -0.0335455
0.485 	 -0.0342937
0.49 	 -0.0352621
0.495 	 -0.0364005
0.5 	 -0.0375087
0.505 	 -0.0382576
0.51 	 -0.0382451
0.515 	 -0.0370686
0.52 	 -0.0343919
0.525 	 -0.0299942
0.53 	 -0.0237955
0.535 	 -0.0158609
0.54 	 -0.00639508
0.545 	 0.00426167
0.55 	 0.0156365
0.555 	 0.0271423
0.56 	 0.0381305
0.565 	 0.0479755
0.57 	 0.056168
0.575 	 0.062384
0.58 	 0.0665129
0.585 	 0.0686412
0.59 	 0.0690064
0.595 	 0.0679351
0.6 	 0.065781
0.605 	 0.0628739
0.61 	 0.059486
0.615 	 0.0558173
0.62 	 0.0519944
0.625 	 0.0480749
0.63 	 0.0440536
0.635 	 0.0398667
0.64 	 0.0353989
0.645 	 0.0304929
0.65 	 0.0249657
0.655 	 0.0186306
0.66 	 0.0113205
0.665 	 0.00290626
0.67 	 -0.00669518
0.675 	 -0.0175174
0.68 	 -0.0295325
0.685 	 -0.0426177
0.69 	 -0.0565055
0.695 	 -0.0707449
0.7 	 -0.0847087
0.705 	 -0.0976646
0.71 	 -0.10889
0.715 	 -0.117787
0.72 	 -0.12397
0.725 	 -0.127296
0.73 	 -0.12785
0.735 	 -0.125892
0.74 	 -0.121783
0.745 	 -0.115913
0.75 	 -0.108643
0.755 	 -0.100272
0.76 	 -0.0910293
0.765 	 -0.081073
0.77 	 -0.0704993
0.775 	 -0.0593437
0.78 	 -0.0475842
0.785 	 -0.0351515
0.79 	 -0.0219559
0.795 	 -0.00793301
0.8 	 0.00690329
0.805 	 0.0224221
0.81 	 0.038366
0.815 	 0.0543732
0.82 	 0.0700191
0.825 	 0.0848616
0.83 	 0.0984804
0.835 	 0.110507
0.84 	 0.12065
0.845 	 0.128706
0.85 	 0.134576
0.855 	 0.138266
0.86 	 0.139872
0.865 	 0.139567
0.87 	 0.137572
0.875 	 0.134132
0.88 	 0.129492
0.885 	 0.12388
0.89 	 0.117484
0.895 	 0.110435
0.9 	 0.102772
0.905 	 0.094426
0.91 	 0.085218
0.915 	 0.0748951
0.92 	 0.0631994
0.925 	 0.0499542
0.93 	 0.0351397
0.935 	 0.0189351
0.94 	 0.00171268
0.945 	 -0.0160144
0.95 	 -0.0336737
0.955 	 -0.0507238
0.96 	 -0.0667292
0.965 	 -0.0814057
0.97 	 -0.0946284
0.975 	 -0.106408
0.98 	 -0.116851
0.985 	 -0.126111
0.99 	 -0.134341
0.995 	 -0.141645
1.0 	 -0.148043
1.005 	 -0.153452
1.01 	 -0.157697
1.015 	 -0.160546
1.02 	 -0.161752
1.025 	 -0.161096
1.03 	 -0.158419
1.035 	 -0.153649
1.04 	 -0.146816
1.045 	 -0.138049
1.05 	 -0.12755
1.055 	 -0.11555
1.06 	 -0.102254
1.065 	 -0.0877968
1.07 	 -0.0722302
1.075 	 -0.0555447
1.08 	 -0.0377147
1.085 	 -0.0187523
1.09 	 0.001246
1.095 	 0.0220691
1.1 	 0.0433901
1.105 	 0.0648002
1.11 	 0.0858664
1.115 	 0.10619
1.12 	 0.12544
1.125 	 0.143348
1.13 	 0.159679
1.135 	 0.17419
1.14 	 0.186623
1.145 	 0.196714
1.15 	 0.204231
1.155 	 0.209008
1.16 	 0.210963
1.165 	 0.210104
1.17 	 0.206508
1.175 	 0.200304
1.18 	 0.191642
1.185 	 0.180663
1.19 	 0.167474
1.195 	 0.152131
1.2 	 0.134644
1.205 	 0.115013
1.21 	 0.0932718
1.215 	 0.0695467
1.22 	 0.0440828
1.225 	 0.017252
1.23 	 -0.0104632
1.235 	 -0.0384983
1.24 	 -0.0662428
1.245 	 -0.093086
1.25 	 -0.118464
1.255 	 -0.1419
1.26 	 -0.163019
1.265 	 -0.181551
1.27 	 -0.197312
1.275 	 -0.210185
1.28 	 -0.220105
1.285 	 -0.22704
1.29 	 -0.230987
1.295 	 -0.231968
1.3 	 -0.230036
1.305 	 -0.225292
1.31 	 -0.217886
1.315 	 -0.20802
1.32 	 -0.195927
1.325 	 -0.181842
1.33 	 -0.165968
1.335 	 -0.148456
1.34 	 -0.129399
1.345 	 -0.108847
1.35 	 -0.0868407
1.355 	 -0.0634616
1.36 	 -0.0388666
1.365 	 -0.0133093
1.37 	 0.0128662
1.375 	 0.0392551
1.38 	 0.0654339
1.385 	 0.0909948
1.39 	 0.115557
1.395 	 0.138745
1.4 	 0.160152
1.405 	 0.179305
1.41 	 0.195677
1.415 	 0.208731
1.42 	 0.218
1.425 	 0.223172
1.43 	 0.224142
1.435 	 0.221034
1.44 	 0.214167
1.445 	 0.203985
1.45 	 0.190995
1.455 	 0.175724
1.46 	 0.158702
1.465 	 0.140458
1.47 	 0.121499
1.475 	 0.102278
1.48 	 0.0831582
1.485 	 0.0643886
1.49 	 0.0460965
1.495 	 0.0283101
1.5 	 0.0110036
1.505 	 -0.0058387
1.51 	 -0.0221624
1.515 	 -0.0378108
1.52 	 -0.0525391
1.525 	 -0.0660756
1.53 	 -0.0782032
1.535 	 -0.0888222
1.54 	 -0.0979611
1.545 	 -0.105734
1.55 	 -0.112269
1.555 	 -0.117643
1.56 	 -0.121837
1.565 	 -0.12473
1.57 	 -0.126125
1.575 	 -0.125798
1.58 	 -0.123558
1.585 	 -0.119307
1.59 	 -0.113084
1.595 	 -0.105092
1.6 	 -0.0956902
1.605 	 -0.085353
1.61 	 -0.0745981
1.615 	 -0.063898
1.62 	 -0.0536006
1.625 	 -0.0438829
1.63 	 -0.0347533
1.635 	 -0.0260992
1.64 	 -0.0177566
1.645 	 -0.00957048
1.65 	 -0.00142693
1.655 	 0.00674216
1.66 	 0.0149664
1.665 	 0.0232419
1.67 	 0.0315307
1.675 	 0.0397647
1.68 	 0.0478605
1.685 	 0.0557464
1.69 	 0.0633859
1.695 	 0.0707806
1.7 	 0.0779427
1.705 	 0.0848464
1.71 	 0.0913857
1.715 	 0.0973607
1.72 	 0.1025
1.725 	 0.106498
1.73 	 0.109057
1.735 	 0.109907
1.74 	 0.108835
1.745 	 0.105704
1.75 	 0.100481
1.755 	 0.0932649
1.76 	 0.0842868
1.765 	 0.0739024
1.77 	 0.0625505
1.775 	 0.0506964
1.78 	 0.0387715
1.785 	 0.0271217
1.79 	 0.0159736
1.795 	 0.00542238
1.8 	 -0.00455602
1.805 	 -0.0140715
1.81 	 -0.0232744
1.815 	 -0.0323104
1.82 	 -0.0412875
1.825 	 -0.0502585
1.83 	 -0.0592171
1.835 	 -0.0681033
1.84 	 -0.0768131
1.845 	 -0.085208
1.85 	 -0.0931204
1.855 	 -0.100354
1.86 	 -0.106686
1.865 	 -0.11187
1.87 	 -0.115656
1.875 	 -0.117827
1.88 	 -0.118228
1.885 	 -0.116803
1.89 	 -0.113598
1.895 	 -0.108756
1.9 	 -0.102495
1.905 	 -0.0950699
1.91 	 -0.0867364
1.915 	 -0.0777238
1.92 	 -0.0682151
1.925 	 -0.0583428
1.93 	 -0.0481943
1.935 	 -0.0378226
1.94 	 -0.0272586
1.945 	 -0.0165231
1.95 	 -0.00564
1.955 	 0.00535212
1.96 	 0.0163899
1.965 	 0.0273799
1.97 	 0.0381976
1.975 	 0.0486857
1.98 	 0.0586514
1.985 	 0.0678629
1.99 	 0.0760549
1.995 	 0.0829474
2.0 	 0.0882798
2.005 	 0.0918497
2.01 	 0.0935453
2.015 	 0.0933598
2.02 	 0.091381
2.025 	 0.087762
2.03 	 0.0826821
2.035 	 0.0763179
2.04 	 0.0688329
2.045 	 0.0603923
2.05 	 0.0511864
2.055 	 0.041448
2.06 	 0.0314482
2.065 	 0.0214783
2.07 	 0.0118321
2.075 	 0.00280111
2.08 	 -0.00531935
2.085 	 -0.0122304
2.09 	 -0.0176548
2.095 	 -0.0214002
2.1 	 -0.0234482
2.105 	 -0.024035
2.11 	 -0.0236667
2.115 	 -0.0230391
2.12 	 -0.0228749
2.125 	 -0.0237402
2.13 	 -0.025909
2.135 	 -0.0293212
2.14 	 -0.0336344
2.145 	 -0.0383372
2.15 	 -0.0428752
2.155 	 -0.0467515
2.16 	 -0.0495849
2.165 	 -0.0511275
2.17 	 -0.0512558
2.175 	 -0.0499502
2.18 	 -0.0472725
2.185 	 -0.0433467
2.19 	 -0.0383445
2.195 	 -0.0324753
2.2 	 -0.0259766
2.205 	 -0.0191014
2.21 	 -0.0121039
2.215 	 -0.00522555
2.22 	 0.00131594
2.225 	 0.00733786
2.23 	 0.0127102
2.235 	 0.0173843
2.24 	 0.0214301
2.245 	 0.0250671
2.25 	 0.0286643
2.255 	 0.03269
2.26 	 0.0376158
2.265 	 0.0438068
2.27 	 0.0514352
2.275 	 0.060439
2.28 	 0.0705187
2.285 	 0.0811595
2.29 	 0.0916775
2.295 	 0.101297
2.3 	 0.109252
2.305 	 0.114893
2.31 	 0.11776
2.315 	 0.117613
2.32 	 0.114412
2.325 	 0.108266
2.33 	 0.0993594
2.335 	 0.0878815
2.34 	 0.073993
2.345 	 0.0578532
2.35 	 0.0396943
2.355 	 0.0198926
2.36 	 -0.00101836
2.365 	 -0.0224096
2.37 	 -0.0436618
2.375 	 -0.064263
2.38 	 -0.0838617
2.385 	 -0.102268
2.39 	 -0.119402
2.395 	 -0.135205
2.4 	 -0.149544
2.405 	 -0.162145
2.41 	 -0.172595
2.415 	 -0.1804
2.42 	 -0.185076
2.425 	 -0.186219
2.43 	 -0.183553
2.435 	 -0.176931
2.44 	 -0.166338
2.445 	 -0.151885
2.45 	 -0.133827
2.455 	 -0.112577
2.46 	 -0.0887204
2.465 	 -0.0629867
2.47 	 -0.0362176
2.475 	 -0.00930878
2.48 	 0.0168569
2.485 	 0.0414818
2.49 	 0.0639194
2.495 	 0.0837228
2.5 	 0.100674
2.505 	 0.114786
2.51 	 0.126266
2.515 	 0.135447
2.52 	 0.142689
2.525 	 0.148293
2.53 	 0.152441
2.535 	 0.155171
2.54 	 0.156391
2.545 	 0.155898
2.55 	 0.153426
2.555 	 0.148709
2.56 	 0.141562
2.565 	 0.131973
2.57 	 0.120154
2.575 	 0.106543
2.58 	 0.0917457
2.585 	 0.0764302
2.59 	 0.0612035
2.595 	 0.0464922
2.6 	 0.0324649
2.605 	 0.0190265
2.61 	 0.00588579
2.615 	 -0.00733375
2.62 	 -0.0209841
2.625 	 -0.035313
2.63 	 -0.0504189
2.635 	 -0.0662279
2.64 	 -0.082486
2.645 	 -0.0987691
2.65 	 -0.11452
2.655 	 -0.129111
2.66 	 -0.141928
2.665 	 -0.152438
2.67 	 -0.160245
2.675 	 -0.165121
2.68 	 -0.167005
2.685 	 -0.165982
2.69 	 -0.162243
2.695 	 -0.156032
2.7 	 -0.147598
2.705 	 -0.137172
2.71 	 -0.124966
2.715 	 -0.111195
2.72 	 -0.0960976
2.725 	 -0.0799418
2.73 	 -0.0630023
2.735 	 -0.0455277
2.74 	 -0.0277133
2.745 	 -0.00968884
2.75 	 0.0084696
2.755 	 0.026711
2.76 	 0.0449693
2.765 	 0.063126
2.77 	 0.0809874
2.775 	 0.0982863
2.78 	 0.114704
2.785 	 0.129905
2.79 	 0.14356
2.795 	 0.155369
2.8 	 0.165063
2.805 	 0.172413
2.81 	 0.177236
2.815 	 0.17941
2.82 	 0.178873
2.825 	 0.175634
2.83 	 0.169763
2.835 	 0.16139
2.84 	 0.150692
2.845 	 0.1379
2.85 	 0.123287
2.855 	 0.10717
2.86 	 0.0898854
2.865 	 0.0717702
2.87 	 0.0531334
2.875 	 0.0342401
2.88 	 0.0153033
2.885 	 -0.00351547
2.89 	 -0.0220974
2.895 	 -0.0403519
2.9 	 -0.0581979
2.905 	 -0.0755418
2.91 	 -0.092257
2.915 	 -0.108166
2.92 	 -0.123033
2.925 	 -0.136566
2.93 	 -0.148444
2.935 	 -0.158358
2.94 	 -0.166068
2.945 	 -0.171434
2.95 	 -0.174431
2.955 	 -0.175125
2.96 	 -0.173629
2.965 	 -0.170061
2.97 	 -0.164523
2.975 	 -0.157101
2.98 	 -0.147886
2.985 	 -0.137004
2.99 	 -0.124635
2.995 	 -0.111026
3.0 	 -0.0964705
3.005 	 -0.0812735
3.01 	 -0.0657032
3.015 	 -0.0499495
3.02 	 -0.0341064
3.025 	 -0.0181859
3.03 	 -0.00215939
3.035 	 0.0139883
3.04 	 0.0302106
3.045 	 0.0463677
3.05 	 0.0622172
3.055 	 0.0774281
3.06 	 0.091612
3.065 	 0.104366
3.07 	 0.11532
3.075 	 0.124198
3.08 	 0.130867
3.085 	 0.135379
3.09 	 0.137976
3.095 	 0.139037
3.1 	 0.138988
3.105 	 0.138194
3.11 	 0.136875
3.115 	 0.135085
3.12 	 0.132739
3.125 	 0.129679
3.13 	 0.125736
3.135 	 0.120762
3.14 	 0.114624
3.145 	 0.107179
3.15 	 0.0982638
3.155 	 0.0877064
3.16 	 0.0753691
3.165 	 0.0611981
3.17 	 0.0452691
3.175 	 0.0278135
3.18 	 0.00921993
3.185 	 -0.0099965
3.19 	 -0.0292534
3.195 	 -0.0479736
3.2 	 -0.0656512
3.205 	 -0.0818958
3.21 	 -0.0964508
3.215 	 -0.109187
3.22 	 -0.120076
3.225 	 -0.129142
3.23 	 -0.136416
3.235 	 -0.141899
3.24 	 -0.145548
3.245 	 -0.147297
3.25 	 -0.147087
3.255 	 -0.14489
3.26 	 -0.140732
3.265 	 -0.134686
3.27 	 -0.126865
3.275 	 -0.117405
3.28 	 -0.106453
3.285 	 -0.0941643
3.29 	 -0.0806972
3.295 	 -0.0662172
3.3 	 -0.0508989
3.305 	 -0.0349279
3.31 	 -0.0184981
3.315 	 -0.00180589
3.32 	 0.0149554
3.325 	 0.0315972
3.33 	 0.0479287
3.335 	 0.0637435
3.34 	 0.0788027
3.345 	 0.0928275
3.35 	 0.105511
3.355 	 0.11655
3.36 	 0.125693
3.365 	 0.132775
3.37 	 0.137736
3.375 	 0.140613
3.38 	 0.14151
3.385 	 0.140574
3.39 	 0.137957
3.395 	 0.133812
3.4 	 0.128279
3.405 	 0.121493
3.41 	 0.113601
3.415 	 0.104762
3.42 	 0.0951534
3.425 	 0.0849432
3.43 	 0.0742688
3.435 	 0.0632119
3.44 	 0.051796
3.445 	 0.0400094
3.45 	 0.0278465
3.455 	 0.0153481
3.46 	 0.00261917
3.465 	 -0.0101846
3.47 	 -0.0228966
3.475 	 -0.0353864
3.48 	 -0.047589
3.485 	 -0.059501
3.49 	 -0.0711423
3.495 	 -0.0824977
3.5 	 -0.0934643
3.505 	 -0.103828
3.51 	 -0.113286
3.515 	 -0.121496
3.52 	 -0.128149
3.525 	 -0.133019
3.53 	 -0.135988
3.535 	 -0.137052
3.54 	 -0.136299
3.545 	 -0.133884
3.55 	 -0.129993
3.555 	 -0.124803
3.56 	 -0.118446
3.565 	 -0.110984
3.57 	 -0.102408
3.575 	 -0.0926597
3.58 	 -0.0816683
3.585 	 -0.0693979
3.59 	 -0.0558878
3.595 	 -0.0412818
3.6 	 -0.025832
3.605 	 -0.00987539
3.61 	 0.00621109
3.615 	 0.0220583
3.62 	 0.0373417
3.625 	 0.0517982
3.63 	 0.0652274
3.635 	 0.0774816
3.64 	 0.0884532
3.645 	 0.0980639
3.65 	 0.106259
3.655 	 0.113003
3.66 	 0.118281
3.665 	 0.122097
3.67 	 0.124469
3.675 	 0.125423
3.68 	 0.124994
3.685 	 0.123216
3.69 	 0.120121
3.695 	 0.115734
3.7 	 0.110075
3.705 	 0.103151
3.71 	 0.0949582
3.715 	 0.0854904
3.72 	 0.0747443
3.725 	 0.0627361
3.73 	 0.0495268
3.735 	 0.0352584
3.74 	 0.0201925
3.745 	 0.0047356
3.75 	 -0.0105714
3.755 	 -0.0251061
3.76 	 -0.0382547
3.765 	 -0.0495182
3.77 	 -0.0586116
3.775 	 -0.0655227
3.78 	 -0.0705083
3.785 	 -0.0740201
3.79 	 -0.0765879
3.795 	 -0.0786984
3.8 	 -0.0807079
3.805 	 -0.0828021
3.81 	 -0.0850026
3.815 	 -0.0872029
3.82 	 -0.0892168
3.825 	 -0.090826
3.83 	 -0.0918173
3.835 	 -0.0920061
3.84 	 -0.0912479
3.845 	 -0.0894367
3.85 	 -0.0864991
3.855 	 -0.0823898
3.86 	 -0.0771011
3.865 	 -0.0706839
3.87 	 -0.0632656
3.875 	 -0.0550467
3.88 	 -0.0462655
3.885 	 -0.0371377
3.89 	 -0.0277968
3.895 	 -0.0182613
3.9 	 -0.00844226
3.905 	 0.00181172
3.91 	 0.0126477
3.915 	 0.0241412
3.92 	 0.0362454
3.925 	 0.0487613
3.93 	 0.0613283
3.935 	 0.0734335
3.94 	 0.084453
3.945 	 0.0937338
3.95 	 0.10071
3.955 	 0.105022
3.96 	 0.106597
3.965 	 0.105656
3.97 	 0.102654
3.975 	 0.0981716
3.98 	 0.0927913
3.985 	 0.0869972
3.99 	 0.0811084
3.995 	 0.0752576
4.0 	 0.0694111
4.005 	 0.0634177
4.01 	 0.0570663
4.015 	 0.050135
4.02 	 0.0424263
4.025 	 0.0337902
4.03 	 0.0241443
4.035 	 0.0134913
4.04 	 0.00193293
4.045 	 -0.0103271
4.05 	 -0.0229943
4.055 	 -0.0357087
4.06 	 -0.0480787
4.065 	 -0.0597176
4.07 	 -0.0702794
4.075 	 -0.0794879
4.08 	 -0.0871572
4.085 	 -0.0932005
4.09 	 -0.0976261
4.095 	 -0.10052
4.1 	 -0.102022
4.105 	 -0.102297
4.11 	 -0.101516
4.115 	 -0.0998454
4.12 	 -0.0974453
4.125 	 -0.0944694
4.13 	 -0.0910655
4.135 	 -0.0873671
4.14 	 -0.0834719
4.145 	 -0.0794106
4.15 	 -0.0751138
4.155 	 -0.0703968
4.16 	 -0.0649814
4.165 	 -0.0585545
4.17 	 -0.0508443
4.175 	 -0.0416855
4.18 	 -0.0310534
4.185 	 -0.0190608
4.19 	 -0.00592689
4.195 	 0.00807007
4.2 	 0.0226404
4.205 	 0.0375176
4.21 	 0.0524692
4.215 	 0.0672766
4.22 	 0.0816933
4.225 	 0.095402
4.23 	 0.108004
4.235 	 0.119057
4.24 	 0.12815
4.245 	 0.134989
4.25 	 0.139444
4.255 	 0.141554
4.26 	 0.141496
4.265 	 0.139517
4.27 	 0.135882
4.275 	 0.130831
4.28 	 0.124568
4.285 	 0.117265
4.29 	 0.109082
4.295 	 0.100163
4.3 	 0.0906247
4.305 	 0.0805348
4.31 	 0.0698956
4.315 	 0.0586466
4.32 	 0.0466911
4.325 	 0.0339385
4.33 	 0.0203518
4.335 	 0.00598806
4.34 	 -0.00897838
4.345 	 -0.0242561
4.35 	 -0.0394607
4.355 	 -0.0541575
4.36 	 -0.0679115
4.365 	 -0.0803369
4.37 	 -0.0911407
4.375 	 -0.100155
4.38 	 -0.107351
4.385 	 -0.112828
4.39 	 -0.116778
4.395 	 -0.119434
4.4 	 -0.121016
4.405 	 -0.121687
4.41 	 -0.121523
4.415 	 -0.120515
4.42 	 -0.118591
4.425 	 -0.115649
4.43 	 -0.111586
4.435 	 -0.10632
4.44 	 -0.0997972
4.445 	 -0.0919979
4.45 	 -0.0829408
4.455 	 -0.0726887
4.46 	 -0.0613547
4.465 	 -0.0491043
4.47 	 -0.0361514
4.475 	 -0.0227471
4.48 	 -0.00916358
4.485 	 0.00432514
4.49 	 0.0174614
4.495 	 0.0300195
4.5 	 0.0418168
4.505 	 0.0527193
4.51 	 0.0626409
4.515 	 0.0715377
4.52 	 0.0793972
4.525 	 0.0862266
4.53 	 0.0920416
4.535 	 0.096858
4.54 	 0.100687
4.545 	 0.103533
4.55 	 0.105392
4.555 	 0.106252
4.56 	 0.10609
4.565 	 0.104868
4.57 	 0.102538
4.575 	 0.0990421
4.58 	 0.0943354
4.585 	 0.0883991
4.59 	 0.081258
4.595 	 0.0729886
4.6 	 0.0637191
4.605 	 0.0536215
4.61 	 0.0428992
4.615 	 0.0317722
4.62 	 0.0204632
4.625 	 0.00918418
4.63 	 -0.00187316
4.635 	 -0.012546
4.64 	 -0.0227052
4.645 	 -0.0322557
4.65 	 -0.0411309
4.655 	 -0.0492823
4.66 	 -0.0566686
4.665 	 -0.0632483
4.67 	 -0.0689804
4.675 	 -0.0738323
4.68 	 -0.0777912
4.685 	 -0.0808721
4.69 	 -0.0831172
4.695 	 -0.0845853
4.7 	 -0.0853359
4.705 	 -0.0854105
4.71 	 -0.0848175
4.715 	 -0.0835245
4.72 	 -0.081464
4.725 	 -0.0785532
4.73 	 -0.0747221
4.735 	 -0.0699376
4.74 	 -0.0642162
4.745 	 -0.0576227
4.75 	 -0.0502598
4.755 	 -0.0422548
4.76 	 -0.0337469
4.765 	 -0.0248758
4.77 	 -0.0157707
4.775 	 -0.00654302
4.78 	 0.00271404
4.785 	 0.0119168
4.79 	 0.0209745
4.795 	 0.0297734
4.8 	 0.0381705
4.805 	 0.0460011
4.81 	 0.053099
4.815 	 0.059319
4.82 	 0.0645535
4.825 	 0.068739
4.83 	 0.0718523
4.835 	 0.0738981
4.84 	 0.0748932
4.845 	 0.074851
4.85 	 0.073771
4.855 	 0.071636
4.86 	 0.068419
4.865 	 0.0641011
4.87 	 0.0586982
4.875 	 0.0522902
4.88 	 0.0450407
4.885 	 0.0371949
4.89 	 0.0290536
4.895 	 0.0209306
4.9 	 0.0131088
4.905 	 0.00580498
4.91 	 -0.000850115
4.915 	 -0.0068117
4.92 	 -0.0121026
4.925 	 -0.0167822
4.93 	 -0.0209164
4.935 	 -0.0245614
4.94 	 -0.0277644
4.945 	 -0.0305739
4.95 	 -0.0330446
4.955 	 -0.035231
4.96 	 -0.0371756
4.965 	 -0.0389031
4.97 	 -0.04043
4.975 	 -0.0417848
4.98 	 -0.0430278
4.985 	 -0.0442555
4.99 	 -0.0455816
4.995 	 -0.0470925
5.0 	 -0.0487914
5.005 	 -0.0505516
5.01 	 -0.0521094
5.015 	 -0.0531067
5.02 	 -0.0531689
5.025 	 -0.0519889
5.03 	 -0.0493891
5.035 	 -0.045348
5.04 	 -0.0399914
5.045 	 -0.0335561
5.05 	 -0.026338
5.055 	 -0.0186407
5.06 	 -0.0107378
5.065 	 -0.00285597
5.07 	 0.00482573
5.075 	 0.0121688
5.08 	 0.0190722
5.085 	 0.0254748
5.09 	 0.0313582
5.095 	 0.0367384
5.1 	 0.0416426
5.105 	 0.046076
5.11 	 0.049993
5.115 	 0.0532891
5.12 	 0.0558194
5.125 	 0.0574367
5.13 	 0.0580363
5.135 	 0.0575898
5.14 	 0.0561528
5.145 	 0.0538458
5.15 	 0.0508175
5.155 	 0.0472062
5.16 	 0.0431124
5.165 	 0.0385902
5.17 	 0.0336558
5.175 	 0.028311
5.18 	 0.0225732
5.185 	 0.0165058
5.19 	 0.0102357
5.195 	 0.00395102
5.2 	 -0.00212126
5.205 	 -0.0077484
5.21 	 -0.0127238
5.215 	 -0.0168905
5.22 	 -0.0201538
5.225 	 -0.0224846
5.23 	 -0.02391
5.235 	 -0.0244933
5.24 	 -0.0243052
5.245 	 -0.0233983
5.25 	 -0.0217956
5.255 	 -0.0195014
5.26 	 -0.0165326
5.265 	 -0.0129569
5.27 	 -0.0089159
5.275 	 -0.00461814
5.28 	 -0.000303593
5.285 	 0.00380324
5.29 	 0.00753213
5.295 	 0.0107863
5.3 	 0.0135408
5.305 	 0.0158261
5.31 	 0.0177015
5.315 	 0.0192291
5.32 	 0.0204508
5.325 	 0.0213749
5.33 	 0.0219723
5.335 	 0.0221796
5.34 	 0.021909
5.345 	 0.0210653
5.35 	 0.0195683
5.355 	 0.0173784
5.36 	 0.0145159
5.365 	 0.0110635
5.37 	 0.00715177
5.375 	 0.00293083
5.38 	 -0.00145769
5.385 	 -0.00590082
5.39 	 -0.0103227
5.395 	 -0.0146815
5.4 	 -0.0189587
5.405 	 -0.023143
5.41 	 -0.0272136
5.415 	 -0.0311297
5.42 	 -0.0348279
5.425 	 -0.0382293
5.43 	 -0.0412516
5.435 	 -0.0438189
5.44 	 -0.0458678
5.445 	 -0.0473501
5.45 	 -0.0482322
5.455 	 -0.048494
5.46 	 -0.0481247
5.465 	 -0.0471164
5.47 	 -0.0454557
5.475 	 -0.0431164
5.48 	 -0.0400555
5.485 	 -0.0362155
5.49 	 -0.0315378
5.495 	 -0.0259891
5.5 	 -0.0196003
5.505 	 -0.0125064
5.51 	 -0.00496547
5.515 	 0.00265836
5.52 	 0.00994656
5.525 	 0.0164956
5.53 	 0.0219844
5.535 	 0.0262251
5.54 	 0.0291904
5.545 	 0.0310078
5.55 	 0.0319205
5.555 	 0.0322267
5.56 	 0.0322152
5.565 	 0.0321182
5.57 	 0.0320862
5.575 	 0.0321843
5.58 	 0.0323999
5.585 	 0.0326582
5.59 	 0.0328396
5.595 	 0.0327986
5.6 	 0.0323818
5.605 	 0.0314466
5.61 	 0.0298778
5.615 	 0.0276022
5.62 	 0.0246006
5.625 	 0.0209129
5.63 	 0.0166373
5.635 	 0.0119205
5.64 	 0.00694239
5.645 	 0.00189559
5.65 	 -0.00303551
5.655 	 -0.00769285
5.66 	 -0.0119569
5.665 	 -0.0157519
5.67 	 -0.0190449
5.675 	 -0.0218401
5.68 	 -0.0241717
5.685 	 -0.0260948
5.69 	 -0.0276786
5.695 	 -0.0289982
5.7 	 -0.0301281
5.705 	 -0.0311329
5.71 	 -0.0320547
5.715 	 -0.0328968
5.72 	 -0.0336082
5.725 	 -0.0340751
5.73 	 -0.0341286
5.735 	 -0.0335658
5.74 	 -0.0321824
5.745 	 -0.0298059
5.75 	 -0.0263268
5.755 	 -0.0217235
5.76 	 -0.0160768
5.765 	 -0.00957457
5.77 	 -0.00250519
5.775 	 0.00475826
5.78 	 0.0117876
5.785 	 0.0181448
5.79 	 0.0234398
5.795 	 0.0273907
5.8 	 0.0298737
5.805 	 0.0309462
5.81 	 0.0308344
5.815 	 0.0298833
5.82 	 0.0284852
5.825 	 0.0270071
5.83 	 0.0257355
5.835 	 0.0248461
5.84 	 0.0243975
5.845 	 0.0243429
5.85 	 0.0245536
5.855 	 0.0248494
5.86 	 0.0250287
5.865 	 0.024893
5.87 	 0.0242648
5.875 	 0.0229971
5.88 	 0.0209799
5.885 	 0.0181454
5.89 	 0.0144732
5.895 	 0.0099948
5.9 	 0.00479913
5.905 	 -0.000958907
5.91 	 -0.00704874
5.915 	 -0.0131611
5.92 	 -0.0189246
5.925 	 -0.0239497
5.93 	 -0.027892
5.935 	 -0.0305172
5.94 	 -0.0317445
5.945 	 -0.0316555
5.95 	 -0.0304645
5.955 	 -0.0284637
5.96 	 -0.025959
5.965 	 -0.0232147
5.97 	 -0.0204176
5.975 	 -0.0176632
5.98 	 -0.0149615
5.985 	 -0.0122563
5.99 	 -0.00945171
5.995 	 -0.00643979
6.0 	 -0.00312817
6.005 	 0.000533952
6.01 	 0.0045353
6.015 	 0.00879469
6.02 	 0.0131703
6.025 	 0.017483
6.03 	 0.021544
6.035 	 0.0251781
6.04 	 0.0282387
6.045 	 0.0306168
6.05 	 0.032246
6.055 	 0.033105
6.06 	 0.0332142
6.065 	 0.0326287
6.07 	 0.0314273
6.075 	 0.0297034
6.08 	 0.027557
6.085 	 0.0250886
6.09 	 0.0223904
6.095 	 0.019537
6.1 	 0.0165764
6.105 	 0.0135255
6.11 	 0.0103723
6.115 	 0.00708713
6.12 	 0.00363988
6.125 	 2.1138e-05
6.13 	 -0.00374108
6.135 	 -0.00757493
6.14 	 -0.0113721
6.145 	 -0.0150064
6.15 	 -0.0183573
6.155 	 -0.0213295
6.16 	 -0.0238635
6.165 	 -0.0259337
6.17 	 -0.0275383
6.175 	 -0.0286885
6.18 	 -0.029401
6.185 	 -0.0296986
6.19 	 -0.0296129
6.195 	 -0.0291861
6.2 	 -0.0284688
6.205 	 -0.0275141
6.21 	 -0.0263711
6.215 	 -0.0250821
6.22 	 -0.0236824
6.225 	 -0.0222037
6.23 	 -0.020678
6.235 	 -0.0191371
6.24 	 -0.0176059
6.245 	 -0.0160902
6.25 	 -0.014566
6.255 	 -0.0129777
6.26 	 -0.0112515
6.265 	 -0.00931753
6.27 	 -0.0071308
6.275 	 -0.00467925
6.28 	 -0.00197559
6.285 	 0.000962306
6.29 	 0.00413215
6.295 	 0.00755826
6.3 	 0.0112857
6.305 	 0.0153556
6.31 	 0.0197654
6.315 	 0.0244281
6.32 	 0.0291498
6.325 	 0.0336414
6.33 	 0.037567
6.335 	 0.0406142
6.34 	 0.0425652
6.345 	 0.0433468
6.35 	 0.0430473
6.355 	 0.0418942
6.36 	 0.0402023
6.365 	 0.0383076
6.37 	 0.0365024
6.375 	 0.0349828
6.38 	 0.0338151
6.385 	 0.0329295
6.39 	 0.0321417
6.395 	 0.031196
6.4 	 0.0298164
6.405 	 0.0277501
6.41 	 0.0248022
6.415 	 0.0208622
6.42 	 0.0159234
6.425 	 0.0100936
6.43 	 0.00358743
6.435 	 -0.00329957
6.44 	 -0.0102337
6.445 	 -0.0168921
6.45 	 -0.0230071
6.455 	 -0.028399
6.46 	 -0.0329894
6.465 	 -0.0367961
6.47 	 -0.0399135
6.475 	 -0.0424854
6.48 	 -0.0446759
6.485 	 -0.0466423
6.49 	 -0.0485119
6.495 	 -0.0503653
6.5 	 -0.0522278
6.505 	 -0.0540643
6.51 	 -0.0557768
6.515 	 -0.0572031
6.52 	 -0.0581258
6.525 	 -0.0582966
6.53 	 -0.0574731
6.535 	 -0.0554612
6.54 	 -0.0521512
6.545 	 -0.0475402
6.55 	 -0.0417356
6.555 	 -0.0349386
6.56 	 -0.0274102
6.565 	 -0.0194279
6.57 	 -0.0112463
6.575 	 -0.0030698
6.58 	 0.00495641
6.585 	 0.0127371
6.59 	 0.0202035
6.595 	 0.0272862
6.6 	 0.033897
6.605 	 0.0399274
6.61 	 0.0452626
6.615 	 0.0498021
6.62 	 0.0534787
6.625 	 0.0562694
6.63 	 0.0581972
6.635 	 0.0593221
6.64 	 0.059723
6.645 	 0.0594763
6.65 	 0.0586396
6.655 	 0.0572448
6.66 	 0.055302
6.665 	 0.0528073
6.67 	 0.0497508
6.675 	 0.0461221
6.68 	 0.0419125
6.685 	 0.0371172
6.69 	 0.0317391
6.695 	 0.0257941
6.7 	 0.019315
6.705 	 0.0123532
6.71 	 0.00497842
6.715 	 -0.00272235
6.72 	 -0.0106435
6.725 	 -0.0186563
6.73 	 -0.0266038
6.735 	 -0.0343012
6.74 	 -0.041546
6.745 	 -0.0481394
6.75 	 -0.0539102
6.755 	 -0.0587354
6.76 	 -0.0625492
6.765 	 -0.0653405
6.77 	 -0.0671399
6.775 	 -0.0679996
6.78 	 -0.0679717
6.785 	 -0.0670912
6.79 	 -0.0653682
6.795 	 -0.0627902
6.8 	 -0.0593356
6.805 	 -0.054993
6.81 	 -0.0497842
6.815 	 -0.043781
6.82 	 -0.0371102
6.825 	 -0.0299427
6.83 	 -0.0224699
6.835 	 -0.0148782
6.84 	 -0.00732497
6.845 	 7.58192e-05
6.85 	 0.00726025
6.855 	 0.0142101
6.86 	 0.0209392
6.865 	 0.0274716
6.87 	 0.033815
6.875 	 0.0399322
6.88 	 0.045719
6.885 	 0.0509966
6.89 	 0.0555246
6.895 	 0.0590351
6.9 	 0.0612797
6.905 	 0.062082
6.91 	 0.0613827
6.915 	 0.0592632
6.92 	 0.0559367
6.925 	 0.0517054
6.93 	 0.0469001
6.935 	 0.0418207
6.94 	 0.0366956
6.945 	 0.0316663
6.95 	 0.0267943
6.955 	 0.0220824
6.96 	 0.0175021
6.965 	 0.0130152
6.97 	 0.00858734
6.975 	 0.00419078
6.98 	 -0.000197792
6.985 	 -0.00459892
6.99 	 -0.00902577
6.995 	 -0.0134728
7.0 	 -0.0179028
7.005 	 -0.0222394
7.01 	 -0.026372
7.015 	 -0.0301704
7.02 	 -0.0335082
7.025 	 -0.0362837
7.03 	 -0.0384365
7.035 	 -0.0399526
7.04 	 -0.0408601
7.045 	 -0.0412124
7.05 	 -0.0410624
7.055 	 -0.0404367
7.06 	 -0.0393185
7.065 	 -0.037649
7.07 	 -0.0353476
7.075 	 -0.0323413
7.08 	 -0.028596
7.085 	 -0.024137
7.09 	 -0.019055
7.095 	 -0.0134939
7.1 	 -0.00762691
7.105 	 -0.00162773
7.11 	 0.00435197
7.115 	 0.0101953
7.12 	 0.0158236
7.125 	 0.0211931
7.13 	 0.0262886
7.135 	 0.0311136
7.14 	 0.0356779
7.145 	 0.0399818
7.15 	 0.0439978
7.155 	 0.0476566
7.16 	 0.0508438
7.165 	 0.0534107
7.17 	 0.0551957
7.175 	 0.056051
7.18 	 0.0558694
7.185 	 0.0546061
7.19 	 0.0522908
7.195 	 0.0490251
7.2 	 0.0449634
7.205 	 0.0402864
7.21 	 0.0351735
7.215 	 0.0297835
7.22 	 0.0242456
7.225 	 0.0186567
7.23 	 0.0130839
7.235 	 0.00756797
7.24 	 0.00212716
7.245 	 -0.00323904
7.25 	 -0.00854416
7.255 	 -0.0138052
7.26 	 -0.0190279
7.265 	 -0.0241892
7.27 	 -0.0292209
7.275 	 -0.0340018
7.28 	 -0.0383624
7.285 	 -0.0421002
7.29 	 -0.0450064
7.295 	 -0.0468998
7.3 	 -0.0476652
7.305 	 -0.0472896
7.31 	 -0.0458808
7.315 	 -0.0436589
7.32 	 -0.0409178
7.325 	 -0.037969
7.33 	 -0.0350817
7.335 	 -0.0324338
7.34 	 -0.0300845
7.345 	 -0.0279761
7.35 	 -0.0259635
7.355 	 -0.0238576
7.36 	 -0.0214663
7.365 	 -0.0186217
7.37 	 -0.0151907
7.375 	 -0.0110791
7.38 	 -0.00623467
7.385 	 -0.000655482
7.39 	 0.00559538
7.395 	 0.0123735
7.4 	 0.0194452
7.405 	 0.0264996
7.41 	 0.0331849
7.415 	 0.0391593
7.42 	 0.0441421
7.425 	 0.0479482
7.43 	 0.0505002
7.435 	 0.0518184
7.44 	 0.0519969
7.445 	 0.0511719
7.45 	 0.0494922
7.455 	 0.0470935
7.46 	 0.0440798
7.465 	 0.0405137
7.47 	 0.0364165
7.475 	 0.0317807
7.48 	 0.0265924
7.485 	 0.0208576
7.49 	 0.0146195
7.495 	 0.00795895
7.5 	 0.000977619
7.505 	 -0.00622291
7.51 	 -0.013552
7.515 	 -0.0209213
7.52 	 -0.0282196
7.525 	 -0.0352845
7.53 	 -0.0418872
7.535 	 -0.0477438
7.54 	 -0.0525508
7.545 	 -0.0560348
7.55 	 -0.0580021
7.555 	 -0.0583719
7.56 	 -0.0571904
7.565 	 -0.0546269
7.57 	 -0.0509591
7.575 	 -0.0465442
7.58 	 -0.0417758
7.585 	 -0.0370312
7.59 	 -0.032625
7.595 	 -0.0287835
7.6 	 -0.0256418
7.605 	 -0.0232588
7.61 	 -0.0216351
7.615 	 -0.0207223
7.62 	 -0.0204173
7.625 	 -0.0205448
7.63 	 -0.0208468
7.635 	 -0.0209987
7.64 	 -0.0206579
7.645 	 -0.0195318
7.65 	 -0.0174395
7.655 	 -0.0143487
7.66 	 -0.0103791
7.665 	 -0.00577389
7.67 	 -0.000850133
7.675 	 0.00405982
7.68 	 0.00866238
7.685 	 0.0127414
7.69 	 0.0161766
7.695 	 0.0189424
7.7 	 0.0210923
7.705 	 0.0227377
7.71 	 0.0240271
7.715 	 0.0251304
7.72 	 0.026226
7.725 	 0.0274827
7.73 	 0.0290333
7.735 	 0.0309391
7.74 	 0.0331572
7.745 	 0.0355247
7.75 	 0.0377726
7.755 	 0.0395697
7.76 	 0.040586
7.765 	 0.0405639
7.77 	 0.039381
7.775 	 0.0370898
7.78 	 0.033918
7.785 	 0.0302252
7.79 	 0.0264222
7.795 	 0.0228742
7.8 	 0.0198164
7.805 	 0.0173067
7.81 	 0.0152304
7.815 	 0.0133474
7.82 	 0.0113618
7.825 	 0.0089907
7.83 	 0.00601788
7.835 	 0.00232942
7.84 	 -0.00207192
7.845 	 -0.0070747
7.85 	 -0.0124857
7.855 	 -0.0180657
7.86 	 -0.0235619
7.865 	 -0.0287314
7.87 	 -0.033356
7.875 	 -0.0372539
7.88 	 -0.0402894
7.885 	 -0.0423813
7.89 	 -0.0435072
7.895 	 -0.0437021
7.9 	 -0.0430527
7.905 	 -0.0416861
7.91 	 -0.0397523
7.915 	 -0.0374033
7.92 	 -0.0347678
7.925 	 -0.0319295
7.93 	 -0.0289125
7.935 	 -0.0256803
7.94 	 -0.02215
7.945 	 -0.0182196
7.95 	 -0.0138003
7.955 	 -0.00884665
7.96 	 -0.00337373
7.965 	 0.00254161
7.97 	 0.00877348
7.975 	 0.0151666
7.98 	 0.0215558
7.985 	 0.0277822
7.99 	 0.0337047
7.995 	 0.0392075
8.0 	 0.0442041
8.005 	 0.0486353
8.01 	 0.0524626
8.015 	 0.0556575
8.02 	 0.0581895
8.025 	 0.0600198
8.03 	 0.0611025
8.035 	 0.061394
8.04 	 0.0608636
8.045 	 0.0595028
8.05 	 0.0573279
8.055 	 0.0543761
8.06 	 0.0506974
8.065 	 0.0463447
8.07 	 0.0413656
8.075 	 0.0358016
8.08 	 0.0296936
8.085 	 0.0230946
8.09 	 0.0160822
8.095 	 0.00876513
8.1 	 0.00127972
8.105 	 -0.00622409
8.11 	 -0.0136001
8.115 	 -0.020721
8.12 	 -0.027486
8.125 	 -0.033822
8.13 	 -0.0396775
8.135 	 -0.0450132
8.14 	 -0.049791
8.145 	 -0.0539667
8.15 	 -0.0574883
8.155 	 -0.060301
8.16 	 -0.0623542
8.165 	 -0.0636069
8.17 	 -0.0640298
8.175 	 -0.0636059
8.18 	 -0.062331
8.185 	 -0.0602136
8.19 	 -0.0572715
8.195 	 -0.0535281
8.2 	 -0.0490098
8.205 	 -0.043747
8.21 	 -0.0377797
8.215 	 -0.0311674
8.22 	 -0.0240012
8.225 	 -0.0164134
8.23 	 -0.00857662
8.235 	 -0.000691503
8.24 	 0.00703415
8.245 	 0.0144075
8.25 	 0.0212676
8.255 	 0.0274953
8.26 	 0.0330169
8.265 	 0.037803
8.27 	 0.0418619
8.275 	 0.0452282
8.28 	 0.0479477
8.285 	 0.0500635
8.29 	 0.0516072
8.295 	 0.0525977
8.3 	 0.0530458
8.305 	 0.0529601
8.31 	 0.0523499
8.315 	 0.051225
8.32 	 0.0495928
8.325 	 0.047458
8.33 	 0.0448244
8.335 	 0.0417019
8.34 	 0.0381142
8.345 	 0.034105
8.35 	 0.0297383
8.355 	 0.0250905
8.36 	 0.0202367
8.365 	 0.0152368
8.37 	 0.0101288
8.375 	 0.00493175
8.38 	 -0.000343861
8.385 	 -0.00568383
8.39 	 -0.0110605
8.395 	 -0.0164267
8.4 	 -0.0217126
8.405 	 -0.0268257
8.41 	 -0.0316539
8.415 	 -0.0360753
8.42 	 -0.0399735
8.425 	 -0.0432549
8.43 	 -0.0458644
8.435 	 -0.0477906
8.44 	 -0.0490613
8.445 	 -0.0497323
8.45 	 -0.0498731
8.455 	 -0.0495566
8.46 	 -0.0488512
8.465 	 -0.0478173
8.47 	 -0.0465036
8.475 	 -0.0449416
8.48 	 -0.0431388
8.485 	 -0.0410739
8.49 	 -0.0386976
8.495 	 -0.0359432
8.5 	 -0.0327429
8.505 	 -0.0290471
8.51 	 -0.0248386
8.515 	 -0.0201418
8.52 	 -0.0150255
8.525 	 -0.00959947
8.53 	 -0.00400594
8.535 	 0.0015942
8.54 	 0.00703748
8.545 	 0.0121753
8.55 	 0.0168905
8.555 	 0.0211105
8.56 	 0.0248133
8.565 	 0.0280238
8.57 	 0.0308017
8.575 	 0.0332239
8.58 	 0.0353673
8.585 	 0.0372938
8.59 	 0.0390393
8.595 	 0.0406063
8.6 	 0.04196
8.605 	 0.0430322
8.61 	 0.0437324
8.615 	 0.0439635
8.62 	 0.0436397
8.625 	 0.0426984
8.63 	 0.0411073
8.635 	 0.0388647
8.64 	 0.0359957
8.645 	 0.0325478
8.65 	 0.0285856
8.655 	 0.024189
8.66 	 0.0194499
8.665 	 0.0144704
8.67 	 0.00935875
8.675 	 0.00422474
8.68 	 -0.000827147
8.685 	 -0.00570475
8.69 	 -0.0103342
8.695 	 -0.014663
8.7 	 -0.0186587
8.705 	 -0.0223047
8.71 	 -0.0255948
8.715 	 -0.0285275
8.72 	 -0.0311026
8.725 	 -0.0333193
8.73 	 -0.0351756
8.735 	 -0.0366667
8.74 	 -0.0377844
8.745 	 -0.038516
8.75 	 -0.038844
8.755 	 -0.0387471
8.76 	 -0.0382022
8.765 	 -0.0371868
8.77 	 -0.035682
8.775 	 -0.0336767
8.78 	 -0.0311728
8.785 	 -0.0281892
8.79 	 -0.024764
8.795 	 -0.0209541
8.8 	 -0.0168323
8.805 	 -0.0124825
8.81 	 -0.00799392
8.815 	 -0.00345566
8.82 	 0.00104905
8.825 	 0.00544651
8.83 	 0.00967481
8.835 	 0.0136842
8.84 	 0.0174362
8.845 	 0.0209017
8.85 	 0.0240589
8.855 	 0.0268908
8.86 	 0.0293828
8.865 	 0.0315214
8.87 	 0.0332922
8.875 	 0.0346797
8.88 	 0.0356673
8.885 	 0.0362378
8.89 	 0.0363753
8.895 	 0.0360665
8.9 	 0.0353033
8.905 	 0.0340847
8.91 	 0.0324184
8.915 	 0.0303218
8.92 	 0.0278227
8.925 	 0.0249588
8.93 	 0.021776
8.935 	 0.0183271
8.94 	 0.0146689
8.945 	 0.0108605
8.95 	 0.00696052
8.955 	 0.00302581
8.96 	 -0.000890035
8.965 	 -0.0047374
8.97 	 -0.008471
8.975 	 -0.0120497
8.98 	 -0.0154365
8.985 	 -0.0185975
8.99 	 -0.0215019
8.995 	 -0.0241211
9.0 	 -0.0264287
9.005 	 -0.0284002
9.01 	 -0.0300132
9.015 	 -0.0312477
9.02 	 -0.0320872
9.025 	 -0.0325188
9.03 	 -0.0325347
9.035 	 -0.0321327
9.04 	 -0.0313166
9.045 	 -0.030116
9.05 	 -0.0286156
