0.0 	 1.02487e-07
0.0472143542187 	 5.61264e-07
0.0944287084374 	 6.09706e-06
0.141643062656 	 2.20608e-06
0.188857416875 	 8.47494e-06
0.236071771093 	 2.55867e-05
0.283286125312 	 2.60388e-05
0.330500479531 	 0.000139161
0.377714833749 	 0.000264452
0.424929187968 	 0.000152803
0.472143542187 	 0.000157994
0.519357896406 	 0.000456352
0.566572250624 	 0.000124633
0.613786604843 	 0.000153092
0.661000959062 	 0.00034082
0.70821531328 	 0.000447428
0.755429667499 	 0.000631871
0.802644021718 	 0.000601982
0.849858375936 	 0.000494773
0.897072730155 	 0.000690795
0.944287084374 	 0.000224683
0.991501438592 	 0.000448649
1.03871579281 	 0.000290736
1.08593014703 	 0.000729716
1.13314450125 	 0.000374566
1.18035885547 	 0.000347723
1.22757320969 	 9.39718e-05
1.2747875639 	 5.58063e-05
1.32200191812 	 0.000413397
1.36921627234 	 0.000215586
1.41643062656 	 0.000231641
1.46364498078 	 0.000366948
1.510859335 	 0.000107764
1.55807368922 	 0.000339852
1.60528804344 	 9.03289e-05
1.65250239765 	 0.000740829
1.69971675187 	 0.000443432
1.74693110609 	 0.000262151
1.79414546031 	 0.000330103
1.84135981453 	 0.000290035
1.88857416875 	 0.00058952
1.93578852297 	 0.000771493
1.98300287718 	 0.000340019
2.0302172314 	 0.000597175
2.07743158562 	 0.000626719
2.12464593984 	 0.000192136
2.17186029406 	 8.06622e-05
2.21907464828 	 0.000507197
2.2662890025 	 0.000492858
2.31350335672 	 0.000649045
2.36071771093 	 0.00106334
2.40793206515 	 0.00065868
2.45514641937 	 0.00119821
2.50236077359 	 0.000785678
2.54957512781 	 0.00129734
2.59678948203 	 0.00131128
2.64400383625 	 0.00158324
2.69121819047 	 0.00134754
2.73843254468 	 0.00193547
2.7856468989 	 0.00173612
2.83286125312 	 0.00153588
2.88007560734 	 0.00136293
2.92728996156 	 0.00113073
2.97450431578 	 0.00138632
3.02171867 	 0.00122465
3.06893302421 	 0.00181931
3.11614737843 	 0.00191072
3.16336173265 	 0.00337717
3.21057608687 	 0.00297164
3.25779044109 	 0.00416309
3.30500479531 	 0.00381111
3.35221914953 	 0.00619893
3.39943350375 	 0.00797935
3.44664785796 	 0.00963538
3.49386221218 	 0.0142464
3.5410765664 	 0.00959449
3.58829092062 	 0.014622
3.63550527484 	 0.0119495
3.68271962906 	 0.00937141
3.72993398328 	 0.00644861
3.77714833749 	 0.00285696
3.82436269171 	 0.00329214
3.87157704593 	 0.00348337
3.91879140015 	 0.0017287
3.96600575437 	 0.00233418
4.01322010859 	 0.00252596
4.06043446281 	 0.00172544
4.10764881703 	 0.00183856
4.15486317124 	 0.00148069
4.20207752546 	 0.00108824
4.24929187968 	 0.000990894
4.2965062339 	 0.00184763
4.34372058812 	 0.00208451
4.39093494234 	 0.00187908
4.43814929656 	 0.00288444
4.48536365078 	 0.00250342
4.53257800499 	 0.0025741
4.57979235921 	 0.00268261
4.62700671343 	 0.00235042
4.67422106765 	 0.00236453
4.72143542187 	 0.00221111
4.76864977609 	 0.001661
4.81586413031 	 0.00146049
4.86307848452 	 0.00155921
4.91029283874 	 0.00133799
4.95750719296 	 0.00139718
5.00472154718 	 0.000941294
5.0519359014 	 0.000505002
5.09915025562 	 0.000483485
5.14636460984 	 0.00077393
5.19357896406 	 0.000818406
5.24079331827 	 0.000513489
5.28800767249 	 0.00044091
5.33522202671 	 0.000512403
5.38243638093 	 0.000367979
5.42965073515 	 0.000275458
5.47686508937 	 0.000407915
5.52407944359 	 0.000747973
5.5712937978 	 0.000876712
5.61850815202 	 0.000732369
5.66572250624 	 0.00101598
5.71293686046 	 0.00159128
5.76015121468 	 0.00135242
5.8073655689 	 0.00124726
5.85457992312 	 0.00124092
5.90179427734 	 0.0012227
5.94900863155 	 0.00128451
5.99622298577 	 0.00123978
6.04343733999 	 0.000913631
6.09065169421 	 0.00103154
6.13786604843 	 0.000686169
6.18508040265 	 0.000539534
6.23229475687 	 0.000860041
6.27950911109 	 0.00116964
6.3267234653 	 0.000992568
6.37393781952 	 0.000911639
6.42115217374 	 0.00105951
6.46836652796 	 0.000878254
6.51558088218 	 0.000840373
6.5627952364 	 0.00095942
6.61000959062 	 0.000769315
6.65722394483 	 0.000701269
6.70443829905 	 0.000668488
6.75165265327 	 0.000651545
6.79886700749 	 0.000977115
6.84608136171 	 0.00111418
6.89329571593 	 0.00124904
6.94051007015 	 0.00126629
6.98772442437 	 0.00126315
7.03493877858 	 0.0013053
7.0821531328 	 0.00112165
7.12936748702 	 0.000907439
7.17658184124 	 0.00123708
7.22379619546 	 0.00127313
7.27101054968 	 0.00121756
7.3182249039 	 0.00124398
7.36543925811 	 0.00127294
7.41265361233 	 0.00138825
7.45986796655 	 0.00157196
7.50708232077 	 0.00144508
7.55429667499 	 0.00146343
7.60151102921 	 0.00166384
7.64872538343 	 0.0016428
7.69593973765 	 0.00137596
7.74315409186 	 0.00134879
7.79036844608 	 0.00113682
7.8375828003 	 0.00102913
7.88479715452 	 0.000898991
7.93201150874 	 0.00110508
7.97922586296 	 0.00120236
8.02644021718 	 0.00106009
8.0736545714 	 0.000905851
8.12086892561 	 0.00103763
8.16808327983 	 0.00120744
8.21529763405 	 0.00109117
8.26251198827 	 0.00115323
8.30972634249 	 0.000960056
8.35694069671 	 0.00141333
8.40415505093 	 0.00155563
8.45136940514 	 0.00168006
8.49858375936 	 0.00175122
8.54579811358 	 0.00182567
8.5930124678 	 0.0016747
8.64022682202 	 0.00165714
8.68744117624 	 0.00180721
8.73465553046 	 0.00197541
8.78186988468 	 0.00183229
8.82908423889 	 0.00172909
8.87629859311 	 0.00158245
8.92351294733 	 0.00160022
8.97072730155 	 0.00156913
9.01794165577 	 0.00207444
9.06515600999 	 0.0021952
9.11237036421 	 0.00176597
9.15958471842 	 0.00154598
9.20679907264 	 0.00141485
9.25401342686 	 0.00150131
9.30122778108 	 0.00180255
9.3484421353 	 0.00190479
9.39565648952 	 0.00184385
9.44287084374 	 0.00165517
9.49008519796 	 0.0013071
9.53729955217 	 0.00130788
9.58451390639 	 0.00144588
9.63172826061 	 0.00155615
9.67894261483 	 0.00169129
9.72615696905 	 0.00151528
9.77337132327 	 0.00149044
9.82058567749 	 0.00160883
9.86780003171 	 0.00144242
9.91501438592 	 0.00166863
9.96222874014 	 0.00193756
10.0094430944 	 0.00183932
10.0566574486 	 0.0019255
10.1038718028 	 0.00219144
10.151086157 	 0.00288243
10.1983005112 	 0.00348825
10.2455148655 	 0.00381156
10.2927292197 	 0.00378851
10.3399435739 	 0.00356942
10.3871579281 	 0.00331507
10.4343722823 	 0.00253323
10.4815866365 	 0.00196963
10.5288009908 	 0.00282861
10.576015345 	 0.00373669
10.6232296992 	 0.00463565
10.6704440534 	 0.00521746
10.7176584076 	 0.00626538
10.7648727619 	 0.00636541
10.8120871161 	 0.00625654
10.8593014703 	 0.00671742
10.9065158245 	 0.00738583
10.9537301787 	 0.00829958
11.000944533 	 0.00953637
11.0481588872 	 0.010356
11.0953732414 	 0.0110288
11.1425875956 	 0.0118548
11.1898019498 	 0.012196
11.237016304 	 0.0116288
11.2842306583 	 0.0114218
11.3314450125 	 0.0108576
11.3786593667 	 0.0104067
11.4258737209 	 0.0100071
11.4730880751 	 0.00900113
11.5203024294 	 0.00822296
11.5675167836 	 0.00756701
11.6147311378 	 0.00645375
11.661945492 	 0.00578118
11.7091598462 	 0.00536851
11.7563742005 	 0.00473067
11.8035885547 	 0.00418515
11.8508029089 	 0.00358699
11.8980172631 	 0.00290615
11.9452316173 	 0.00219114
11.9924459715 	 0.00186661
12.0396603258 	 0.00246779
12.08687468 	 0.0030451
12.1340890342 	 0.00333012
12.1813033884 	 0.00351139
12.2285177426 	 0.00348078
12.2757320969 	 0.00384883
12.3229464511 	 0.00396322
12.3701608053 	 0.00362369
12.4173751595 	 0.00333166
12.4645895137 	 0.00320842
12.511803868 	 0.00284649
12.5590182222 	 0.00273273
12.6062325764 	 0.00255143
12.6534469306 	 0.00247013
12.7006612848 	 0.0026247
12.747875639 	 0.00259448
12.7950899933 	 0.00266058
12.8423043475 	 0.00326373
12.8895187017 	 0.00364199
12.9367330559 	 0.00390387
12.9839474101 	 0.00385731
13.0311617644 	 0.00366421
13.0783761186 	 0.00343818
13.1255904728 	 0.00314972
13.172804827 	 0.00294907
13.2200191812 	 0.00313278
13.2672335355 	 0.00335001
13.3144478897 	 0.0034247
13.3616622439 	 0.00331275
13.4088765981 	 0.00321627
13.4560909523 	 0.00304191
13.5033053065 	 0.00290533
13.5505196608 	 0.00274346
13.597734015 	 0.00273807
13.6449483692 	 0.00278147
13.6921627234 	 0.00272516
13.7393770776 	 0.00247342
13.7865914319 	 0.0024284
13.8338057861 	 0.00244014
13.8810201403 	 0.002225
13.9282344945 	 0.00201004
13.9754488487 	 0.00177642
14.0226632029 	 0.00161263
14.0698775572 	 0.00165892
14.1170919114 	 0.00154355
14.1643062656 	 0.0014156
14.2115206198 	 0.00128443
14.258734974 	 0.00114762
14.3059493283 	 0.00104909
14.3531636825 	 0.00104574
14.4003780367 	 0.00113962
14.4475923909 	 0.00133233
14.4948067451 	 0.00141517
14.5420210994 	 0.00144987
14.5892354536 	 0.00147395
14.6364498078 	 0.0015514
14.683664162 	 0.0015369
14.7308785162 	 0.00157543
14.7780928704 	 0.00154512
14.8253072247 	 0.00163804
14.8725215789 	 0.00175737
14.9197359331 	 0.00183824
14.9669502873 	 0.00190175
15.0141646415 	 0.00187829
15.0613789958 	 0.00178425
15.10859335 	 0.00169298
15.1558077042 	 0.00162903
15.2030220584 	 0.00168551
15.2502364126 	 0.00179356
15.2974507669 	 0.00183439
15.3446651211 	 0.0017678
15.3918794753 	 0.00170273
15.4390938295 	 0.00166022
15.4863081837 	 0.00162308
15.5335225379 	 0.00153519
15.5807368922 	 0.00149514
15.6279512464 	 0.00157992
15.6751656006 	 0.00161231
15.7223799548 	 0.00162632
15.769594309 	 0.00170231
15.8168086633 	 0.00167831
15.8640230175 	 0.00159538
15.9112373717 	 0.00157923
15.9584517259 	 0.00159388
16.0056660801 	 0.00155102
16.0528804344 	 0.00152673
16.1000947886 	 0.00146663
16.1473091428 	 0.00133325
16.194523497 	 0.0013274
16.2417378512 	 0.00136984
16.2889522054 	 0.00138941
16.3361665597 	 0.00134
16.3833809139 	 0.00129975
16.4305952681 	 0.00133148
16.4778096223 	 0.00125021
16.5250239765 	 0.00120634
16.5722383308 	 0.00121104
16.619452685 	 0.00117645
16.6666670392 	 0.00112277
16.7138813934 	 0.00112918
16.7610957476 	 0.0011842
16.8083101019 	 0.00122083
16.8555244561 	 0.00119115
16.9027388103 	 0.00106109
16.9499531645 	 0.000883807
16.9971675187 	 0.000714483
17.0443818729 	 0.000600759
17.0915962272 	 0.00052419
17.1388105814 	 0.000495383
17.1860249356 	 0.000582683
17.2332392898 	 0.000584396
17.280453644 	 0.000592065
17.3276679983 	 0.000564775
17.3748823525 	 0.000457417
17.4220967067 	 0.000363096
17.4693110609 	 0.000327019
17.5165254151 	 0.000229546
17.5637397694 	 0.000187615
17.6109541236 	 0.000150638
17.6581684778 	 0.000123736
17.705382832 	 9.15926e-05
17.7525971862 	 0.000115805
17.7998115404 	 5.95393e-05
17.8470258947 	 9.25119e-05
17.8942402489 	 0.000144044
17.9414546031 	 0.000304268
17.9886689573 	 0.000382759
18.0358833115 	 0.000467724
18.0830976658 	 0.000497146
18.13031202 	 0.000539815
18.1775263742 	 0.000613851
18.2247407284 	 0.00068741
18.2719550826 	 0.000710805
18.3191694368 	 0.000752853
18.3663837911 	 0.000742251
18.4135981453 	 0.000801338
18.4608124995 	 0.000816401
18.5080268537 	 0.000795136
18.5552412079 	 0.000806617
18.6024555622 	 0.000836861
18.6496699164 	 0.000843882
18.6968842706 	 0.000913077
18.7440986248 	 0.000916851
18.791312979 	 0.000958741
18.8385273333 	 0.000959953
18.8857416875 	 0.000907461
18.9329560417 	 0.000849916
18.9801703959 	 0.000769812
19.0273847501 	 0.000697178
19.0745991043 	 0.000681553
19.1218134586 	 0.000629272
19.1690278128 	 0.000632402
19.216242167 	 0.000580521
19.2634565212 	 0.000446995
19.3106708754 	 0.000338789
19.3578852297 	 0.000244126
19.4050995839 	 0.000230244
19.4523139381 	 0.000264485
19.4995282923 	 0.000264264
19.5467426465 	 0.000226324
19.5939570008 	 0.00015379
19.641171355 	 8.62376e-05
19.6883857092 	 9.06917e-05
19.7356000634 	 8.88504e-05
19.7828144176 	 0.000106018
19.8300287718 	 0.000100227
19.8772431261 	 6.01475e-05
19.9244574803 	 9.93374e-05
19.9716718345 	 0.000163097
20.0188861887 	 0.000186791
20.0661005429 	 0.000272865
20.1133148972 	 0.000315585
20.1605292514 	 0.000322477
20.2077436056 	 0.000301093
20.2549579598 	 0.000317633
20.302172314 	 0.000320571
20.3493866683 	 0.000323477
20.3966010225 	 0.000361908
20.4438153767 	 0.000449966
20.4910297309 	 0.000467309
20.5382440851 	 0.000462991
20.5854584393 	 0.000471497
20.6326727936 	 0.000449055
20.6798871478 	 0.000415293
20.727101502 	 0.000409195
20.7743158562 	 0.000403578
20.8215302104 	 0.000406994
20.8687445647 	 0.000414594
20.9159589189 	 0.000414614
20.9631732731 	 0.000421736
21.0103876273 	 0.000432177
21.0576019815 	 0.000440089
21.1048163358 	 0.000425775
21.15203069 	 0.000372592
21.1992450442 	 0.000330178
21.2464593984 	 0.000312447
21.2936737526 	 0.000302617
21.3408881068 	 0.000315561
21.3881024611 	 0.000314343
21.4353168153 	 0.000290327
21.4825311695 	 0.000315725
21.5297455237 	 0.000306749
21.5769598779 	 0.00029754
21.6241742322 	 0.000295011
21.6713885864 	 0.000256432
21.7186029406 	 0.000249754
21.7658172948 	 0.000249342
21.813031649 	 0.000260866
21.8602460033 	 0.000286124
21.9074603575 	 0.000292169
21.9546747117 	 0.000255908
22.0018890659 	 0.000250869
22.0491034201 	 0.000240064
22.0963177743 	 0.000239191
22.1435321286 	 0.000270488
22.1907464828 	 0.000280911
22.237960837 	 0.000285965
22.2851751912 	 0.000297252
22.3323895454 	 0.000286707
22.3796038997 	 0.000285958
22.4268182539 	 0.000287286
22.4740326081 	 0.000267678
22.5212469623 	 0.000236466
22.5684613165 	 0.000208263
22.6156756707 	 0.000204395
22.662890025 	 0.000211497
22.7101043792 	 0.000206698
22.7573187334 	 0.000215427
22.8045330876 	 0.000221004
22.8517474418 	 0.00021655
22.8989617961 	 0.000214726
22.9461761503 	 0.000207635
22.9933905045 	 0.00020988
23.0406048587 	 0.000214173
23.0878192129 	 0.000226439
23.1350335672 	 0.000234274
23.1822479214 	 0.000244469
23.2294622756 	 0.000248273
23.2766766298 	 0.000254913
23.323890984 	 0.000250211
23.3711053382 	 0.000250537
23.4183196925 	 0.000259594
23.4655340467 	 0.000256506
23.5127484009 	 0.000243439
23.5599627551 	 0.000230168
23.6071771093 	 0.00020615
23.6543914636 	 0.000185016
23.7016058178 	 0.000162567
23.748820172 	 0.000140684
23.7960345262 	 0.000116859
23.8432488804 	 0.000109082
23.8904632347 	 0.000104329
23.9376775889 	 9.84792e-05
23.9848919431 	 9.52197e-05
24.0321062973 	 9.07369e-05
24.0793206515 	 8.27363e-05
24.1265350057 	 7.35322e-05
24.17374936 	 6.98673e-05
24.2209637142 	 6.94982e-05
24.2681780684 	 7.85164e-05
24.3153924226 	 8.14595e-05
24.3626067768 	 8.19769e-05
24.4098211311 	 8.01738e-05
24.4570354853 	 7.52323e-05
24.5042498395 	 6.93058e-05
24.5514641937 	 6.64621e-05
24.5986785479 	 5.79529e-05
24.6458929022 	 5.79526e-05
24.6931072564 	 5.37243e-05
24.7403216106 	 4.81573e-05
24.7875359648 	 4.82258e-05
24.834750319 	 4.76084e-05
24.8819646732 	 4.00449e-05
24.9291790275 	 3.73355e-05
24.9763933817 	 2.83861e-05
25.0236077359 	 2.42568e-05
25.0708220901 	 2.51919e-05
25.1180364443 	 2.82988e-05
25.1652507986 	 2.66429e-05
25.2124651528 	 2.33308e-05
25.259679507 	 1.67601e-05
25.3068938612 	 1.65097e-05
25.3541082154 	 1.39184e-05
25.4013225697 	 1.78007e-05
25.4485369239 	 2.16132e-05
25.4957512781 	 2.02825e-05
25.5429656323 	 1.90988e-05
25.5901799865 	 1.69184e-05
25.6373943407 	 1.35729e-05
25.684608695 	 1.35489e-05
25.7318230492 	 1.20467e-05
25.7790374034 	 1.27512e-05
25.8262517576 	 1.3976e-05
25.8734661118 	 1.52229e-05
25.9206804661 	 1.53738e-05
25.9678948203 	 1.54136e-05
26.0151091745 	 1.58866e-05
26.0623235287 	 1.77691e-05
26.1095378829 	 1.80955e-05
26.1567522372 	 1.72668e-05
26.2039665914 	 1.61498e-05
26.2511809456 	 1.55132e-05
26.2983952998 	 1.61977e-05
26.345609654 	 1.64836e-05
26.3928240082 	 1.55684e-05
26.4400383625 	 1.633e-05
26.4872527167 	 1.79991e-05
26.5344670709 	 1.69748e-05
26.5816814251 	 1.67372e-05
26.6288957793 	 1.80443e-05
26.6761101336 	 2.03981e-05
26.7233244878 	 2.24701e-05
26.770538842 	 2.39563e-05
26.8177531962 	 2.45218e-05
26.8649675504 	 2.27771e-05
26.9121819047 	 2.19633e-05
26.9593962589 	 2.47568e-05
27.0066106131 	 2.74504e-05
27.0538249673 	 3.08836e-05
27.1010393215 	 3.33647e-05
27.1482536757 	 3.26197e-05
27.19546803 	 3.26068e-05
27.2426823842 	 3.23577e-05
27.2898967384 	 2.91103e-05
27.3371110926 	 2.98381e-05
27.3843254468 	 3.09018e-05
27.4315398011 	 3.1873e-05
27.4787541553 	 3.14611e-05
27.5259685095 	 3.03618e-05
27.5731828637 	 2.76835e-05
27.6203972179 	 2.23543e-05
27.6676115721 	 1.69095e-05
27.7148259264 	 1.44949e-05
27.7620402806 	 1.39711e-05
27.8092546348 	 1.3295e-05
27.856468989 	 1.14322e-05
27.9036833432 	 8.27386e-06
27.9508976975 	 4.78117e-06
27.9981120517 	 4.27294e-06
28.0453264059 	 5.4509e-06
28.0925407601 	 8.33961e-06
28.1397551143 	 7.02963e-06
28.1869694686 	 6.33801e-06
28.2341838228 	 8.16918e-06
28.281398177 	 7.14324e-06
28.3286125312 	 6.79514e-06
28.3758268854 	 7.6673e-06
28.4230412396 	 6.56091e-06
28.4702555939 	 6.32584e-06
28.5174699481 	 7.4958e-06
28.5646843023 	 9.02975e-06
28.6118986565 	 1.1743e-05
28.6591130107 	 1.50124e-05
28.706327365 	 1.6143e-05
28.7535417192 	 1.7036e-05
28.8007560734 	 1.77044e-05
28.8479704276 	 1.61896e-05
28.8951847818 	 1.49264e-05
28.9423991361 	 1.47021e-05
28.9896134903 	 1.54609e-05
29.0368278445 	 1.57097e-05
29.0840421987 	 1.56893e-05
29.1312565529 	 1.53021e-05
29.1784709071 	 1.4667e-05
29.2256852614 	 1.47315e-05
29.2728996156 	 1.48402e-05
29.3201139698 	 1.52936e-05
29.367328324 	 1.51419e-05
29.4145426782 	 1.5962e-05
29.4617570325 	 1.67385e-05
29.5089713867 	 1.60964e-05
29.5561857409 	 1.61858e-05
29.6034000951 	 1.71838e-05
29.6506144493 	 1.77059e-05
29.6978288036 	 1.82834e-05
29.7450431578 	 1.86735e-05
29.792257512 	 1.79628e-05
29.8394718662 	 1.73518e-05
29.8866862204 	 1.71864e-05
29.9339005746 	 1.64501e-05
29.9811149289 	 1.50042e-05
30.0283292831 	 1.46939e-05
30.0755436373 	 1.38949e-05
30.1227579915 	 1.39194e-05
30.1699723457 	 1.37863e-05
30.2171867 	 1.43115e-05
30.2644010542 	 1.3235e-05
30.3116154084 	 1.31826e-05
30.3588297626 	 1.2846e-05
30.4060441168 	 1.16667e-05
30.4532584711 	 1.00971e-05
30.5004728253 	 8.90738e-06
30.5476871795 	 6.64009e-06
30.5949015337 	 5.00963e-06
30.6421158879 	 3.06766e-06
30.6893302421 	 1.72329e-06
30.7365445964 	 6.84542e-07
30.7837589506 	 1.32007e-06
30.8309733048 	 3.20256e-06
30.878187659 	 4.42073e-06
30.9254020132 	 5.29888e-06
30.9726163675 	 5.17723e-06
31.0198307217 	 5.25367e-06
31.0670450759 	 6.00499e-06
31.1142594301 	 6.95156e-06
31.1614737843 	 6.87304e-06
31.2086881386 	 6.79939e-06
31.2559024928 	 6.3761e-06
31.303116847 	 5.37082e-06
31.3503312012 	 5.03291e-06
31.3975455554 	 5.05194e-06
31.4447599096 	 4.29439e-06
31.4919742639 	 4.12071e-06
31.5391886181 	 3.44792e-06
31.5864029723 	 2.94496e-06
31.6336173265 	 2.0818e-06
31.6808316807 	 1.09365e-06
31.728046035 	 1.43851e-06
31.7752603892 	 1.39765e-06
31.8224747434 	 9.71856e-07
31.8696890976 	 7.23933e-07
31.9169034518 	 1.17859e-06
31.964117806 	 1.13585e-06
32.0113321603 	 1.34114e-06
32.0585465145 	 1.72208e-06
32.1057608687 	 2.18095e-06
32.1529752229 	 2.63004e-06
32.2001895771 	 2.95782e-06
32.2474039314 	 3.34575e-06
32.2946182856 	 3.65043e-06
32.3418326398 	 4.22467e-06
32.389046994 	 4.74781e-06
32.4362613482 	 4.96068e-06
32.4834757025 	 5.67312e-06
32.5306900567 	 6.41649e-06
32.5779044109 	 7.04996e-06
32.6251187651 	 7.47139e-06
32.6723331193 	 7.38691e-06
32.7195474735 	 6.88234e-06
32.7667618278 	 6.0754e-06
32.813976182 	 5.49875e-06
32.8611905362 	 5.17862e-06
32.9084048904 	 5.02655e-06
32.9556192446 	 4.81084e-06
33.0028335989 	 4.64318e-06
33.0500479531 	 4.19799e-06
33.0972623073 	 3.56078e-06
33.1444766615 	 3.19063e-06
33.1916910157 	 2.53468e-06
33.23890537 	 2.17993e-06
33.2861197242 	 2.26809e-06
33.3333340784 	 2.39951e-06
33.3805484326 	 2.71611e-06
33.4277627868 	 3.04673e-06
33.474977141 	 2.91452e-06
33.5221914953 	 2.92753e-06
33.5694058495 	 3.11033e-06
33.6166202037 	 3.01746e-06
33.6638345579 	 2.56304e-06
33.7110489121 	 2.47047e-06
33.7582632664 	 2.42373e-06
33.8054776206 	 2.50353e-06
33.8526919748 	 2.43301e-06
33.899906329 	 2.44706e-06
33.9471206832 	 2.19425e-06
33.9943350375 	 1.95078e-06
34.0415493917 	 1.65587e-06
34.0887637459 	 1.3194e-06
34.1359781001 	 1.00011e-06
34.1831924543 	 7.6974e-07
34.2304068085 	 6.96526e-07
34.2776211628 	 8.02641e-07
34.324835517 	 8.25998e-07
34.3720498712 	 6.54792e-07
34.4192642254 	 4.39633e-07
34.4664785796 	 2.07467e-07
34.5136929339 	 2.35681e-07
34.5609072881 	 2.07895e-07
34.6081216423 	 4.76607e-07
34.6553359965 	 6.69599e-07
34.7025503507 	 9.61116e-07
34.749764705 	 1.08625e-06
34.7969790592 	 1.07549e-06
34.8441934134 	 7.03053e-07
34.8914077676 	 5.55795e-07
34.9386221218 	 4.64058e-07
34.985836476 	 5.71497e-07
35.0330508303 	 7.83612e-07
35.0802651845 	 1.06246e-06
35.1274795387 	 1.13304e-06
35.1746938929 	 1.13624e-06
35.2219082471 	 1.02108e-06
35.2691226014 	 9.03598e-07
35.3163369556 	 7.81682e-07
35.3635513098 	 6.88972e-07
35.410765664 	 6.21454e-07
35.4579800182 	 6.43987e-07
35.5051943725 	 7.043e-07
35.5524087267 	 8.79135e-07
35.5996230809 	 9.34446e-07
35.6468374351 	 9.11268e-07
35.6940517893 	 8.23684e-07
35.7412661435 	 6.63277e-07
35.7884804978 	 4.52847e-07
35.835694852 	 3.8461e-07
35.8829092062 	 4.80714e-07
35.9301235604 	 5.70204e-07
35.9773379146 	 6.61144e-07
36.0245522689 	 6.85175e-07
36.0717666231 	 6.01908e-07
36.1189809773 	 5.02894e-07
36.1661953315 	 4.44238e-07
36.2134096857 	 3.69581e-07
36.2606240399 	 2.32411e-07
36.3078383942 	 1.26628e-07
36.3550527484 	 1.41591e-07
36.4022671026 	 2.24934e-07
36.4494814568 	 3.20649e-07
36.496695811 	 4.90832e-07
36.5439101653 	 5.67911e-07
36.5911245195 	 5.76263e-07
36.6383388737 	 5.22483e-07
36.6855532279 	 3.88957e-07
36.7327675821 	 2.37531e-07
36.7799819364 	 5.70621e-08
36.8271962906 	 5.54921e-08
36.8744106448 	 1.60315e-07
36.921624999 	 2.7854e-07
36.9688393532 	 3.83049e-07
37.0160537074 	 4.24289e-07
37.0632680617 	 3.8297e-07
37.1104824159 	 3.29737e-07
37.1576967701 	 2.30488e-07
37.2049111243 	 1.65694e-07
37.2521254785 	 1.08453e-07
37.2993398328 	 1.15657e-07
37.346554187 	 1.98768e-07
37.3937685412 	 2.52755e-07
37.4409828954 	 2.7726e-07
37.4881972496 	 2.92781e-07
37.5354116039 	 2.78144e-07
37.5826259581 	 2.31994e-07
37.6298403123 	 1.82031e-07
37.6770546665 	 1.47345e-07
37.7242690207 	 1.53357e-07
37.7714833749 	 1.82826e-07
37.8186977292 	 2.12389e-07
37.8659120834 	 2.43527e-07
37.9131264376 	 2.68161e-07
37.9603407918 	 2.58172e-07
38.007555146 	 2.43822e-07
38.0547695003 	 2.30619e-07
38.1019838545 	 2.03561e-07
38.1491982087 	 1.73022e-07
38.1964125629 	 1.63391e-07
38.2436269171 	 1.88809e-07
38.2908412714 	 2.18508e-07
38.3380556256 	 2.39346e-07
38.3852699798 	 2.42034e-07
38.432484334 	 2.33296e-07
38.4796986882 	 2.16914e-07
38.5269130424 	 1.92198e-07
38.5741273967 	 1.75544e-07
38.6213417509 	 1.71648e-07
38.6685561051 	 1.86179e-07
38.7157704593 	 2.13681e-07
38.7629848135 	 2.3757e-07
38.8101991678 	 2.49539e-07
38.857413522 	 2.53808e-07
38.9046278762 	 2.40124e-07
38.9518422304 	 2.15661e-07
38.9990565846 	 1.91758e-07
39.0462709389 	 1.79567e-07
39.0934852931 	 1.72501e-07
39.1406996473 	 1.74862e-07
39.1879140015 	 1.91788e-07
39.2351283557 	 2.16535e-07
39.2823427099 	 2.3717e-07
39.3295570642 	 2.41353e-07
39.3767714184 	 2.31353e-07
39.4239857726 	 2.18367e-07
39.4712001268 	 1.99826e-07
39.518414481 	 1.87203e-07
39.5656288353 	 1.88803e-07
39.6128431895 	 2.00179e-07
39.6600575437 	 2.15155e-07
39.7072718979 	 2.23955e-07
39.7544862521 	 2.25997e-07
39.8017006064 	 2.19795e-07
39.8489149606 	 2.05488e-07
39.8961293148 	 1.89483e-07
39.943343669 	 1.79879e-07
39.9905580232 	 1.81963e-07
40.0377723774 	 1.90773e-07
40.0849867317 	 2.02388e-07
40.1322010859 	 2.1971e-07
40.1794154401 	 2.32049e-07
40.2266297943 	 2.37336e-07
40.2738441485 	 2.35163e-07
40.3210585028 	 2.2483e-07
40.368272857 	 2.09192e-07
40.4154872112 	 1.89477e-07
40.4627015654 	 1.70333e-07
40.5099159196 	 1.72526e-07
40.5571302739 	 1.87341e-07
40.6043446281 	 2.06815e-07
40.6515589823 	 2.2129e-07
40.6987733365 	 2.29174e-07
40.7459876907 	 2.27294e-07
40.7932020449 	 2.19897e-07
40.8404163992 	 2.06664e-07
40.8876307534 	 1.91015e-07
40.9348451076 	 1.84224e-07
40.9820594618 	 1.87371e-07
41.029273816 	 1.99895e-07
41.0764881703 	 2.12515e-07
41.1237025245 	 2.19571e-07
41.1709168787 	 2.1921e-07
41.2181312329 	 2.14251e-07
41.2653455871 	 2.03853e-07
41.3125599413 	 1.96497e-07
41.3597742956 	 1.92454e-07
41.4069886498 	 1.93004e-07
41.454203004 	 1.9742e-07
41.5014173582 	 2.05342e-07
41.5486317124 	 2.11158e-07
41.5958460667 	 2.1229e-07
41.6430604209 	 2.0708e-07
41.6902747751 	 2.00594e-07
41.7374891293 	 1.97411e-07
41.7847034835 	 1.98355e-07
41.8319178378 	 2.02437e-07
41.879132192 	 2.06135e-07
41.9263465462 	 2.07478e-07
41.9735609004 	 2.07655e-07
42.0207752546 	 2.05948e-07
42.0679896088 	 2.01511e-07
42.1152039631 	 1.97078e-07
42.1624183173 	 1.95565e-07
42.2096326715 	 1.98494e-07
42.2568470257 	 2.02009e-07
42.3040613799 	 2.05075e-07
42.3512757342 	 2.04951e-07
42.3984900884 	 2.03055e-07
42.4457044426 	 2.0185e-07
42.4929187968 	 2.02136e-07
42.540133151 	 2.03095e-07
42.5873475053 	 2.03993e-07
42.6345618595 	 2.03457e-07
42.6817762137 	 2.01852e-07
42.7289905679 	 1.98824e-07
42.7762049221 	 1.96902e-07
42.8234192763 	 1.98126e-07
42.8706336306 	 2.00601e-07
42.9178479848 	 2.02567e-07
42.965062339 	 2.03336e-07
43.0122766932 	 2.03631e-07
43.0594910474 	 2.02696e-07
43.1067054017 	 2.01712e-07
43.1539197559 	 2.00413e-07
43.2011341101 	 1.99213e-07
43.2483484643 	 1.98813e-07
43.2955628185 	 1.99032e-07
43.3427771728 	 2.00263e-07
43.389991527 	 2.01674e-07
43.4372058812 	 2.02036e-07
43.4844202354 	 2.01329e-07
43.5316345896 	 2.00391e-07
43.5788489438 	 1.99645e-07
43.6260632981 	 1.99697e-07
43.6732776523 	 1.99853e-07
43.7204920065 	 1.9999e-07
43.7677063607 	 2.00179e-07
43.8149207149 	 2.0004e-07
43.8621350692 	 1.99824e-07
43.9093494234 	 1.99807e-07
43.9565637776 	 1.99889e-07
44.0037781318 	 1.99924e-07
44.050992486 	 1.99957e-07
44.0982068403 	 1.99903e-07
44.1454211945 	 1.996e-07
44.1926355487 	 1.99214e-07
44.2398499029 	 1.99052e-07
44.2870642571 	 1.99249e-07
44.3342786113 	 1.99509e-07
44.3814929656 	 1.9959e-07
44.4287073198 	 1.9957e-07
44.475921674 	 1.99342e-07
44.5231360282 	 1.98958e-07
44.5703503824 	 1.98673e-07
44.6175647367 	 1.98798e-07
44.6647790909 	 1.99164e-07
44.7119934451 	 1.9945e-07
44.7592077993 	 1.99455e-07
44.8064221535 	 1.99149e-07
44.8536365078 	 1.98709e-07
44.900850862 	 1.98384e-07
44.9480652162 	 1.98284e-07
44.9952795704 	 1.98404e-07
45.0424939246 	 1.9856e-07
45.0897082788 	 1.98707e-07
45.1369226331 	 1.98875e-07
45.1841369873 	 1.98912e-07
45.2313513415 	 1.9875e-07
45.2785656957 	 1.98479e-07
45.3257800499 	 1.98246e-07
45.3729944042 	 1.98117e-07
45.4202087584 	 1.98091e-07
45.4674231126 	 1.98135e-07
45.5146374668 	 1.98196e-07
45.561851821 	 1.98256e-07
45.6090661752 	 1.98261e-07
45.6562805295 	 1.98195e-07
45.7034948837 	 1.98093e-07
45.7507092379 	 1.98017e-07
45.7979235921 	 1.97961e-07
45.8451379463 	 1.97913e-07
45.8923523006 	 1.97872e-07
45.9395666548 	 1.97841e-07
45.986781009 	 1.97809e-07
46.0339953632 	 1.97783e-07
46.0812097174 	 1.97779e-07
46.1284240717 	 1.97748e-07
46.1756384259 	 1.97705e-07
46.2228527801 	 1.97652e-07
46.2700671343 	 1.97581e-07
46.3172814885 	 1.97514e-07
46.3644958427 	 1.97481e-07
46.411710197 	 1.97491e-07
46.4589245512 	 1.97515e-07
46.5061389054 	 1.97523e-07
46.5533532596 	 1.97476e-07
46.6005676138 	 1.97403e-07
46.6477819681 	 1.97316e-07
46.6949963223 	 1.97262e-07
46.7422106765 	 1.97222e-07
46.7894250307 	 1.97219e-07
46.8366393849 	 1.97225e-07
46.8838537392 	 1.97222e-07
46.9310680934 	 1.97199e-07
46.9782824476 	 1.97156e-07
47.0254968018 	 1.97125e-07
47.072711156 	 1.97097e-07
47.1199255102 	 1.9705e-07
47.1671398645 	 1.97019e-07
47.2143542187 	 1.9697e-07
47.2615685729 	 1.96946e-07
47.3087829271 	 1.96931e-07
47.3559972813 	 1.96919e-07
47.4032116356 	 1.96907e-07
47.4504259898 	 1.96901e-07
47.497640344 	 1.96888e-07
47.5448546982 	 1.96869e-07
47.5920690524 	 1.96827e-07
47.6392834067 	 1.96786e-07
47.6864977609 	 1.96748e-07
47.7337121151 	 1.96693e-07
47.7809264693 	 1.96649e-07
47.8281408235 	 1.96669e-07
47.8753551777 	 1.96725e-07
47.922569532 	 1.9673e-07
47.9697838862 	 1.96679e-07
48.0169982404 	 1.96633e-07
48.0642125946 	 1.96594e-07
48.1114269488 	 1.96583e-07
48.1586413031 	 1.96541e-07
48.2058556573 	 1.96508e-07
48.2530700115 	 1.96481e-07
48.3002843657 	 1.96496e-07
48.3474987199 	 1.96525e-07
48.3947130742 	 1.96535e-07
48.4419274284 	 1.96524e-07
48.4891417826 	 1.96505e-07
48.5363561368 	 1.96458e-07
48.583570491 	 1.9641e-07
48.6307848452 	 1.96378e-07
48.6779991995 	 1.96362e-07
48.7252135537 	 1.96353e-07
48.7724279079 	 1.96363e-07
48.8196422621 	 1.96384e-07
48.8668566163 	 1.96396e-07
48.9140709706 	 1.964e-07
48.9612853248 	 1.96379e-07
49.008499679 	 1.96343e-07
49.0557140332 	 1.96312e-07
49.1029283874 	 1.96255e-07
49.1501427417 	 1.96203e-07
49.1973570959 	 1.96214e-07
49.2445714501 	 1.96264e-07
49.2917858043 	 1.96339e-07
49.3390001585 	 1.96378e-07
49.3862145127 	 1.96353e-07
49.433428867 	 1.963e-07
49.4806432212 	 1.96248e-07
49.5278575754 	 1.9619e-07
49.5750719296 	 1.96157e-07
49.6222862838 	 1.96163e-07
49.6695006381 	 1.96199e-07
49.7167149923 	 1.9625e-07
49.7639293465 	 1.96288e-07
49.8111437007 	 1.96311e-07
49.8583580549 	 1.96297e-07
49.9055724091 	 1.96257e-07
49.9527867634 	 1.9621e-07
50.0000011176 	 1.96148e-07
