0.0 	 0.0
0.005 	 2.57129e-06
0.01 	 2.57419e-05
0.015 	 0.000121371
0.02 	 0.000359006
0.025 	 0.000747297
0.03 	 0.00115688
0.035 	 0.00134809
0.04 	 0.00110182
0.045 	 0.000343039
0.05 	 -0.00082278
0.055 	 -0.00214757
0.06 	 -0.0033097
0.065 	 -0.00399563
0.07 	 -0.00398095
0.075 	 -0.00318026
0.08 	 -0.00164743
0.085 	 0.000442194
0.09 	 0.00276502
0.095 	 0.0047427
0.1 	 0.00539142
0.105 	 0.00323601
0.11 	 -0.00356861
0.115 	 -0.016809
0.12 	 -0.0375015
0.125 	 -0.0650839
0.13 	 -0.0968368
0.135 	 -0.1279
0.14 	 -0.152084
0.145 	 -0.163331
0.15 	 -0.1573
0.155 	 -0.132495
0.16 	 -0.0905579
0.165 	 -0.035729
0.17 	 0.0262935
0.175 	 0.0897484
0.18 	 0.150098
0.185 	 0.204876
0.19 	 0.253855
0.195 	 0.298394
0.2 	 0.34003
0.205 	 0.378674
0.21 	 0.411172
0.215 	 0.431161
0.22 	 0.430704
0.225 	 0.403268
0.23 	 0.346653
0.235 	 0.264393
0.24 	 0.164936
0.245 	 0.0591168
0.25 	 -0.0428602
0.255 	 -0.133727
0.26 	 -0.210116
0.265 	 -0.272197
0.27 	 -0.322389
0.275 	 -0.363773
0.28 	 -0.398719
0.285 	 -0.428067
0.29 	 -0.450956
0.295 	 -0.465187
0.3 	 -0.467961
0.305 	 -0.456786
0.31 	 -0.430351
0.315 	 -0.389124
0.32 	 -0.335474
0.325 	 -0.273287
0.33 	 -0.207236
0.335 	 -0.141925
0.34 	 -0.0811101
0.345 	 -0.0271451
0.35 	 0.0190808
0.355 	 0.0576026
0.36 	 0.0883898
0.365 	 0.110384
0.37 	 0.121111
0.375 	 0.117188
0.38 	 0.0956564
0.385 	 0.0556525
0.39 	 -0.000292323
0.395 	 -0.0659866
0.4 	 -0.132689
0.405 	 -0.191365
0.41 	 -0.235307
0.415 	 -0.262042
0.42 	 -0.273757
0.425 	 -0.276109
0.43 	 -0.275955
0.435 	 -0.278862
0.44 	 -0.287159
0.445 	 -0.299154
0.45 	 -0.309744
0.455 	 -0.312275
0.46 	 -0.300943
0.465 	 -0.272816
0.47 	 -0.228695
0.475 	 -0.172543
0.48 	 -0.109913
0.485 	 -0.0461637
0.49 	 0.0147864
0.495 	 0.0709169
0.5 	 0.121936
0.505 	 0.168821
0.51 	 0.213312
0.515 	 0.257448
0.52 	 0.303153
0.525 	 0.351841
0.53 	 0.404011
0.535 	 0.45892
0.54 	 0.514483
0.545 	 0.567529
0.55 	 0.614322
0.555 	 0.65113
0.56 	 0.674714
0.565 	 0.682721
0.57 	 0.674025
0.575 	 0.649019
0.58 	 0.609799
0.585 	 0.560171
0.59 	 0.505367
0.595 	 0.451341
0.6 	 0.403625
0.605 	 0.366028
0.61 	 0.339655
0.615 	 0.322703
0.62 	 0.311097
0.625 	 0.299648
0.63 	 0.283268
0.635 	 0.257904
0.64 	 0.221038
0.645 	 0.171825
0.65 	 0.110932
0.655 	 0.0401728
0.66 	 -0.0379255
0.665 	 -0.120508
0.67 	 -0.204615
0.675 	 -0.287265
0.68 	 -0.365495
0.685 	 -0.436489
0.69 	 -0.497848
0.695 	 -0.547962
0.7 	 -0.586348
0.705 	 -0.613833
0.71 	 -0.632481
0.715 	 -0.645185
0.72 	 -0.654945
0.725 	 -0.664007
0.73 	 -0.673135
0.735 	 -0.681294
0.74 	 -0.68581
0.745 	 -0.682879
0.75 	 -0.668323
0.755 	 -0.638556
0.76 	 -0.591659
0.765 	 -0.528251
0.77 	 -0.451675
0.775 	 -0.367236
0.78 	 -0.28065
0.785 	 -0.196308
0.79 	 -0.116054
0.795 	 -0.038961
0.8 	 0.037848
0.805 	 0.117695
0.81 	 0.20273
0.815 	 0.292798
0.82 	 0.385175
0.825 	 0.475177
0.83 	 0.557284
0.835 	 0.626267
0.84 	 0.677953
0.845 	 0.709596
0.85 	 0.720066
0.855 	 0.71003
0.86 	 0.682167
0.865 	 0.641201
0.87 	 0.593441
0.875 	 0.545675
0.88 	 0.50359
0.885 	 0.470348
0.89 	 0.446014
0.895 	 0.428245
0.9 	 0.413879
0.905 	 0.400564
0.91 	 0.387475
0.915 	 0.374849
0.92 	 0.362854
0.925 	 0.350635
0.93 	 0.33607
0.935 	 0.31616
0.94 	 0.287721
0.945 	 0.248122
0.95 	 0.19596
0.955 	 0.131585
0.96 	 0.0573091
0.965 	 -0.0228006
0.97 	 -0.103576
0.975 	 -0.179732
0.98 	 -0.246913
0.985 	 -0.302447
0.99 	 -0.345515
0.995 	 -0.376687
1.0 	 -0.397032
1.005 	 -0.407223
1.01 	 -0.40706
1.015 	 -0.395634
1.02 	 -0.372016
1.025 	 -0.336134
1.03 	 -0.289395
1.035 	 -0.234717
1.04 	 -0.175875
1.045 	 -0.116381
1.05 	 -0.058341
1.055 	 -0.00176315
1.06 	 0.0553326
1.065 	 0.115957
1.07 	 0.182604
1.075 	 0.255689
1.08 	 0.332699
1.085 	 0.408525
1.09 	 0.476863
1.095 	 0.53206
1.1 	 0.570624
1.105 	 0.591914
1.11 	 0.597858
1.115 	 0.591864
1.12 	 0.577259
1.125 	 0.555785
1.13 	 0.526771
1.135 	 0.487433
1.14 	 0.434197
1.145 	 0.364418
1.15 	 0.277733
1.155 	 0.176668
1.16 	 0.0665852
1.165 	 -0.0448679
1.17 	 -0.148874
1.175 	 -0.237208
1.18 	 -0.304345
1.185 	 -0.349098
1.19 	 -0.374944
1.195 	 -0.388831
1.2 	 -0.399029
1.205 	 -0.412936
1.21 	 -0.435512
1.215 	 -0.468531
1.22 	 -0.510596
1.225 	 -0.557778
1.23 	 -0.60466
1.235 	 -0.64554
1.24 	 -0.675497
1.245 	 -0.691193
1.25 	 -0.691375
1.255 	 -0.677061
1.26 	 -0.651323
1.265 	 -0.618636
1.27 	 -0.583939
1.275 	 -0.551646
1.28 	 -0.524817
1.285 	 -0.504495
1.29 	 -0.489266
1.295 	 -0.475173
1.3 	 -0.456208
1.305 	 -0.425367
1.31 	 -0.375978
1.315 	 -0.303076
1.32 	 -0.20472
1.325 	 -0.0832179
1.33 	 0.0541882
1.335 	 0.195819
1.34 	 0.327628
1.345 	 0.436408
1.35 	 0.513032
1.355 	 0.554581
1.36 	 0.564683
1.365 	 0.552166
1.37 	 0.528622
1.375 	 0.50566
1.38 	 0.492417
1.385 	 0.493728
1.39 	 0.509337
1.395 	 0.534419
1.4 	 0.561271
1.405 	 0.581517
1.41 	 0.588041
1.415 	 0.576218
1.42 	 0.544368
1.425 	 0.493574
1.43 	 0.427041
1.435 	 0.349233
1.44 	 0.26511
1.445 	 0.179556
1.45 	 0.0969283
1.455 	 0.0206047
1.46 	 -0.0474332
1.465 	 -0.106853
1.47 	 -0.158964
1.475 	 -0.206435
1.48 	 -0.252725
1.485 	 -0.301274
1.49 	 -0.354597
1.495 	 -0.413558
1.5 	 -0.477063
1.505 	 -0.542271
1.51 	 -0.605236
1.515 	 -0.661784
1.52 	 -0.70836
1.525 	 -0.742625
1.53 	 -0.76365
1.535 	 -0.771744
1.54 	 -0.768098
1.545 	 -0.754454
1.55 	 -0.732897
1.555 	 -0.705663
1.56 	 -0.674846
1.565 	 -0.642002
1.57 	 -0.607824
1.575 	 -0.572114
1.58 	 -0.534128
1.585 	 -0.493118
1.59 	 -0.448815
1.595 	 -0.401617
1.6 	 -0.352418
1.605 	 -0.302192
1.61 	 -0.25152
1.615 	 -0.200297
1.62 	 -0.147766
1.625 	 -0.0928652
1.63 	 -0.0347563
1.635 	 0.0267514
1.64 	 0.0910694
1.645 	 0.157055
1.65 	 0.223462
1.655 	 0.289368
1.66 	 0.354337
1.665 	 0.418199
1.67 	 0.480523
1.675 	 0.540012
1.68 	 0.594192
1.685 	 0.639663
1.69 	 0.672876
1.695 	 0.691075
1.7 	 0.692957
1.705 	 0.678802
1.71 	 0.650129
1.715 	 0.609082
1.72 	 0.557796
1.725 	 0.497919
1.73 	 0.430416
1.735 	 0.355722
1.74 	 0.274184
1.745 	 0.186624
1.75 	 0.0947534
1.755 	 0.00123154
1.76 	 -0.0906311
1.765 	 -0.177355
1.77 	 -0.255729
1.775 	 -0.32305
1.78 	 -0.377136
1.785 	 -0.416213
1.79 	 -0.438929
1.795 	 -0.444717
1.8 	 -0.434541
1.805 	 -0.411696
1.81 	 -0.382051
1.815 	 -0.353257
1.82 	 -0.332859
1.825 	 -0.325909
1.83 	 -0.333053
1.835 	 -0.350017
1.84 	 -0.368814
1.845 	 -0.380243
1.85 	 -0.37676
1.855 	 -0.354679
1.86 	 -0.314965
1.865 	 -0.26244
1.87 	 -0.20379
1.875 	 -0.145254
1.88 	 -0.0909041
1.885 	 -0.0421238
1.89 	 0.00181208
1.895 	 0.0426251
1.9 	 0.0820652
1.905 	 0.121423
1.91 	 0.161435
1.915 	 0.202306
1.92 	 0.24364
1.925 	 0.284335
1.93 	 0.322581
1.935 	 0.356076
1.94 	 0.382434
1.945 	 0.399713
1.95 	 0.406974
1.955 	 0.40467
1.96 	 0.394612
1.965 	 0.379414
1.97 	 0.361559
1.975 	 0.342516
1.98 	 0.322246
1.985 	 0.299244
1.99 	 0.27099
1.995 	 0.234621
2.0 	 0.187667
2.005 	 0.128759
2.01 	 0.0581526
2.015 	 -0.0220966
2.02 	 -0.108421
2.025 	 -0.196319
2.03 	 -0.280937
2.035 	 -0.357439
2.04 	 -0.421269
2.045 	 -0.46853
2.05 	 -0.496626
2.055 	 -0.50497
2.06 	 -0.495329
2.065 	 -0.471525
2.07 	 -0.438509
2.075 	 -0.401168
2.08 	 -0.363299
2.085 	 -0.32701
2.09 	 -0.29265
2.095 	 -0.259237
2.1 	 -0.225215
2.105 	 -0.189262
2.11 	 -0.150855
2.115 	 -0.110413
2.12 	 -0.0690715
2.125 	 -0.0281985
2.13 	 0.0111877
2.135 	 0.0489408
2.14 	 0.0860332
2.145 	 0.124359
2.15 	 0.166119
2.155 	 0.213005
2.16 	 0.265446
2.165 	 0.322098
2.17 	 0.379743
2.175 	 0.4337
2.18 	 0.478776
2.185 	 0.510546
2.19 	 0.526599
2.195 	 0.527349
2.2 	 0.516051
2.205 	 0.497917
2.21 	 0.478564
2.215 	 0.462376
2.22 	 0.451392
2.225 	 0.445104
2.23 	 0.4411
2.235 	 0.436173
2.24 	 0.427415
2.245 	 0.412989
2.25 	 0.392433
2.255 	 0.366513
2.26 	 0.336789
2.265 	 0.30509
2.27 	 0.273091
2.275 	 0.242033
2.28 	 0.212583
2.285 	 0.184825
2.29 	 0.158422
2.295 	 0.132867
2.3 	 0.107655
2.305 	 0.0822699
2.31 	 0.0560546
2.315 	 0.0281116
2.32 	 -0.00265235
2.325 	 -0.0373398
2.33 	 -0.0767892
2.335 	 -0.121286
2.34 	 -0.170323
2.345 	 -0.22245
2.35 	 -0.275238
2.355 	 -0.3254
2.36 	 -0.36913
2.365 	 -0.402613
2.37 	 -0.422602
2.375 	 -0.426929
2.38 	 -0.414852
2.385 	 -0.387131
2.39 	 -0.345794
2.395 	 -0.293663
2.4 	 -0.233829
2.405 	 -0.169287
2.41 	 -0.102833
2.415 	 -0.0372137
2.42 	 0.0245835
2.425 	 0.0791655
2.43 	 0.122951
2.435 	 0.152814
2.44 	 0.166932
2.445 	 0.165554
2.45 	 0.151452
2.455 	 0.129869
2.46 	 0.107836
2.465 	 0.092881
2.47 	 0.0914557
2.475 	 0.107499
2.48 	 0.14149
2.485 	 0.190233
2.49 	 0.247495
2.495 	 0.305335
2.5 	 0.35569
2.505 	 0.391716
2.51 	 0.408654
2.515 	 0.404311
2.52 	 0.379353
2.525 	 0.337398
2.53 	 0.284732
2.535 	 0.229418
2.54 	 0.179809
2.545 	 0.142752
2.55 	 0.12198
2.555 	 0.117139
2.56 	 0.123782
2.565 	 0.134373
2.57 	 0.14012
2.575 	 0.133185
2.58 	 0.108679
2.585 	 0.0658382
2.59 	 0.00803233
2.595 	 -0.0583792
2.6 	 -0.125969
2.605 	 -0.188285
2.61 	 -0.241315
2.615 	 -0.283909
2.62 	 -0.317104
2.625 	 -0.342771
2.63 	 -0.36222
2.635 	 -0.375377
2.64 	 -0.380758
2.645 	 -0.376114
2.65 	 -0.359391
2.655 	 -0.329653
2.66 	 -0.287717
2.665 	 -0.236331
2.67 	 -0.179873
2.675 	 -0.123665
2.68 	 -0.0731252
2.685 	 -0.0328694
2.69 	 -0.00585932
2.695 	 0.0072228
2.7 	 0.00814452
2.705 	 0.000710919
2.71 	 -0.0101495
2.715 	 -0.0195603
2.72 	 -0.0238106
2.725 	 -0.0210745
2.73 	 -0.0115246
2.735 	 0.00311432
2.74 	 0.0202878
2.745 	 0.0372721
2.75 	 0.0515668
2.755 	 0.0610175
2.76 	 0.0638353
2.765 	 0.0587325
2.77 	 0.0452989
2.775 	 0.0245317
2.78 	 -0.000773708
2.785 	 -0.0261356
2.79 	 -0.0462126
2.795 	 -0.0562069
2.8 	 -0.0533502
2.805 	 -0.0378612
2.81 	 -0.0129922
2.815 	 0.0158033
2.82 	 0.0422088
2.825 	 0.0604242
2.83 	 0.066234
2.835 	 0.0576081
2.84 	 0.0348304
2.845 	 0.000217062
2.85 	 -0.0424934
2.855 	 -0.0889499
2.86 	 -0.134976
2.865 	 -0.177106
2.87 	 -0.212792
2.875 	 -0.240368
2.88 	 -0.258957
2.885 	 -0.268373
2.89 	 -0.269035
2.895 	 -0.261833
2.9 	 -0.247974
2.905 	 -0.228842
2.91 	 -0.205887
2.915 	 -0.180537
2.92 	 -0.154112
2.925 	 -0.127757
2.93 	 -0.102417
2.935 	 -0.0788045
2.94 	 -0.057345
2.945 	 -0.0380573
2.95 	 -0.020451
2.955 	 -0.00353955
2.96 	 0.013965
2.965 	 0.0332939
2.97 	 0.0551963
2.975 	 0.0795901
2.98 	 0.105418
2.985 	 0.130745
2.99 	 0.153013
2.995 	 0.16934
3.0 	 0.176822
3.005 	 0.172915
3.01 	 0.155936
3.015 	 0.125671
3.02 	 0.0839061
3.025 	 0.0347064
3.03 	 -0.0157906
3.035 	 -0.0601974
3.04 	 -0.091323
3.045 	 -0.103935
3.05 	 -0.0962552
3.055 	 -0.0706149
3.06 	 -0.0329912
3.065 	 0.00842731
3.07 	 0.0452103
3.075 	 0.0706404
3.08 	 0.0811459
3.085 	 0.0768429
3.09 	 0.0610776
3.095 	 0.0391831
3.1 	 0.0169051
3.105 	 -0.00102283
3.11 	 -0.0118114
3.115 	 -0.0149207
3.12 	 -0.0117921
3.125 	 -0.00517556
3.13 	 0.00177042
3.135 	 0.00642165
3.14 	 0.0074224
3.145 	 0.00493564
3.15 	 0.00030999
3.155 	 -0.00464534
3.16 	 -0.00844469
3.165 	 -0.0105339
3.17 	 -0.0116273
3.175 	 -0.0136813
3.18 	 -0.0193539
3.185 	 -0.0309118
3.19 	 -0.0488578
3.195 	 -0.0708739
3.2 	 -0.0917137
3.205 	 -0.104336
3.21 	 -0.102022
3.215 	 -0.080736
3.22 	 -0.0408106
3.225 	 0.0127751
3.23 	 0.0716712
3.235 	 0.126481
3.24 	 0.169248
3.245 	 0.195275
3.25 	 0.203813
3.255 	 0.197553
3.26 	 0.181323
3.265 	 0.160621
3.27 	 0.140539
3.275 	 0.125241
3.28 	 0.117798
3.285 	 0.12013
3.29 	 0.132944
3.295 	 0.155753
3.3 	 0.186967
3.305 	 0.223976
3.31 	 0.263175
3.315 	 0.300059
3.32 	 0.329589
3.325 	 0.346922
3.33 	 0.348362
3.335 	 0.332196
3.34 	 0.299114
3.345 	 0.252031
3.35 	 0.195383
3.355 	 0.134111
3.36 	 0.0726674
3.365 	 0.0143119
3.37 	 -0.0391038
3.375 	 -0.0868266
3.38 	 -0.128555
3.385 	 -0.16382
3.39 	 -0.191763
3.395 	 -0.2114
3.4 	 -0.222152
3.405 	 -0.224308
3.41 	 -0.219154
3.415 	 -0.208716
3.42 	 -0.195257
3.425 	 -0.180799
3.43 	 -0.166903
3.435 	 -0.154758
3.44 	 -0.145364
3.445 	 -0.139617
3.45 	 -0.138292
3.455 	 -0.141978
3.46 	 -0.151032
3.465 	 -0.165462
3.47 	 -0.184721
3.475 	 -0.207462
3.48 	 -0.23142
3.485 	 -0.253562
3.49 	 -0.270533
3.495 	 -0.279246
3.5 	 -0.277448
3.505 	 -0.264158
3.51 	 -0.239963
3.515 	 -0.207118
3.52 	 -0.169346
3.525 	 -0.131328
3.53 	 -0.0979473
3.535 	 -0.0734599
3.54 	 -0.0606805
3.545 	 -0.0603244
3.55 	 -0.0707022
3.555 	 -0.087966
3.56 	 -0.106905
3.565 	 -0.122042
3.57 	 -0.128716
3.575 	 -0.123923
3.58 	 -0.106785
3.585 	 -0.0785578
3.59 	 -0.0422048
3.595 	 -0.00174923
3.6 	 0.0383617
3.605 	 0.0737675
3.61 	 0.100668
3.615 	 0.116363
3.62 	 0.119842
3.625 	 0.112248
3.63 	 0.0970313
3.635 	 0.0796297
3.64 	 0.0666157
3.645 	 0.0643845
3.65 	 0.0776385
3.655 	 0.108103
3.66 	 0.153951
3.665 	 0.210182
3.67 	 0.269832
3.675 	 0.325564
3.68 	 0.371163
3.685 	 0.402555
3.69 	 0.418135
3.695 	 0.418456
3.7 	 0.405508
3.705 	 0.381951
3.71 	 0.350556
3.715 	 0.313937
3.72 	 0.274452
3.725 	 0.234185
3.73 	 0.194904
3.735 	 0.158019
3.74 	 0.124588
3.745 	 0.0953768
3.75 	 0.0709131
3.755 	 0.0514394
3.76 	 0.0367326
3.765 	 0.0258626
3.77 	 0.0170461
3.775 	 0.00773797
3.78 	 -0.00500438
3.785 	 -0.0239974
3.79 	 -0.0514178
3.795 	 -0.0883941
3.8 	 -0.134688
3.805 	 -0.188447
3.81 	 -0.246088
3.815 	 -0.302453
3.82 	 -0.351308
3.825 	 -0.386209
3.83 	 -0.401695
3.835 	 -0.394659
3.84 	 -0.365549
3.845 	 -0.318837
3.85 	 -0.262312
3.855 	 -0.205255
3.86 	 -0.156082
3.865 	 -0.120303
3.87 	 -0.0994207
3.875 	 -0.0910161
3.88 	 -0.0899152
3.885 	 -0.0900062
3.89 	 -0.0860999
3.895 	 -0.0751997
3.9 	 -0.0567925
3.905 	 -0.0322384
3.91 	 -0.00375565
3.915 	 0.0264165
3.92 	 0.0563666
3.925 	 0.0844333
3.93 	 0.108961
3.935 	 0.128128
3.94 	 0.139988
3.945 	 0.142779
3.95 	 0.13546
3.955 	 0.118269
3.96 	 0.0930179
3.965 	 0.0629584
3.97 	 0.0322043
3.975 	 0.0048612
3.98 	 -0.0159514
3.985 	 -0.0289348
3.99 	 -0.0350125
3.995 	 -0.0370991
4.0 	 -0.0392697
4.005 	 -0.0455937
4.01 	 -0.0589987
4.015 	 -0.0805098
4.02 	 -0.109083
4.025 	 -0.142041
4.03 	 -0.175889
4.035 	 -0.207212
4.04 	 -0.233426
4.045 	 -0.253264
4.05 	 -0.266915
4.055 	 -0.275788
4.06 	 -0.281905
4.065 	 -0.287071
4.07 	 -0.292019
4.075 	 -0.295834
4.08 	 -0.296012
4.085 	 -0.28927
4.09 	 -0.272851
4.095 	 -0.245698
4.1 	 -0.2089
4.105 	 -0.16524
4.11 	 -0.118167
4.115 	 -0.0707462
4.12 	 -0.0249722
4.125 	 0.0183884
4.13 	 0.0595223
4.135 	 0.0990676
4.14 	 0.137633
4.145 	 0.175516
4.15 	 0.212674
4.155 	 0.248834
4.16 	 0.283605
4.165 	 0.316504
4.17 	 0.346954
4.175 	 0.374338
4.18 	 0.39816
4.185 	 0.418222
4.19 	 0.434694
4.195 	 0.44797
4.2 	 0.458347
4.205 	 0.465686
4.21 	 0.469239
4.215 	 0.467777
4.22 	 0.459975
4.225 	 0.44487
4.23 	 0.422175
4.235 	 0.392326
4.24 	 0.35625
4.245 	 0.314981
4.25 	 0.269272
4.255 	 0.219398
4.26 	 0.165258
4.265 	 0.106773
4.27 	 0.0444204
4.275 	 -0.020386
4.28 	 -0.085311
4.285 	 -0.147521
4.29 	 -0.20429
4.295 	 -0.253477
4.3 	 -0.293726
4.305 	 -0.324401
4.31 	 -0.345442
4.315 	 -0.357225
4.32 	 -0.360514
4.325 	 -0.356446
4.33 	 -0.346486
4.335 	 -0.332273
4.34 	 -0.315359
4.345 	 -0.296926
4.35 	 -0.277598
4.355 	 -0.257455
4.36 	 -0.23622
4.365 	 -0.213547
4.37 	 -0.189288
4.375 	 -0.163654
4.38 	 -0.137217
4.385 	 -0.110745
4.39 	 -0.0849025
4.395 	 -0.0599178
4.4 	 -0.0354128
4.405 	 -0.0105197
4.41 	 0.0157477
4.415 	 0.0440958
4.42 	 0.0747714
4.425 	 0.107684
4.43 	 0.142693
4.435 	 0.179799
4.44 	 0.219054
4.445 	 0.260201
4.45 	 0.302312
4.455 	 0.343709
4.46 	 0.382229
4.465 	 0.415671
4.47 	 0.442161
4.475 	 0.46033
4.48 	 0.46933
4.485 	 0.468697
4.49 	 0.458132
4.495 	 0.437285
4.5 	 0.405772
4.505 	 0.363533
4.51 	 0.311447
4.515 	 0.251855
4.52 	 0.188619
4.525 	 0.126651
4.53 	 0.0711184
4.535 	 0.0266269
4.54 	 -0.00348226
4.545 	 -0.017672
4.55 	 -0.0165237
4.555 	 -0.00273877
4.56 	 0.0192026
4.565 	 0.0436662
4.57 	 0.0646805
4.575 	 0.0768429
4.58 	 0.0761944
4.585 	 0.0608772
4.59 	 0.0313513
4.595 	 -0.00996845
4.6 	 -0.0595431
4.605 	 -0.113639
4.61 	 -0.168925
4.615 	 -0.222504
4.62 	 -0.27152
4.625 	 -0.312754
4.63 	 -0.342658
4.635 	 -0.358034
4.64 	 -0.357096
4.645 	 -0.340398
4.65 	 -0.31113
4.655 	 -0.274606
4.66 	 -0.237122
4.665 	 -0.204585
4.67 	 -0.181296
4.675 	 -0.169204
4.68 	 -0.167781
4.685 	 -0.174506
4.69 	 -0.185699
4.695 	 -0.197348
4.7 	 -0.205669
4.705 	 -0.207372
4.71 	 -0.199818
4.715 	 -0.18126
4.72 	 -0.151175
4.725 	 -0.110553
4.73 	 -0.0619055
4.735 	 -0.00896732
4.74 	 0.0438002
4.745 	 0.0916924
4.75 	 0.130162
4.755 	 0.155225
4.76 	 0.164017
4.765 	 0.155519
4.77 	 0.131242
4.775 	 0.0954947
4.78 	 0.0549232
4.785 	 0.0172848
4.79 	 -0.0102713
4.795 	 -0.0229384
4.8 	 -0.0194681
4.805 	 -0.00246232
4.81 	 0.0223285
4.815 	 0.0473955
4.82 	 0.0651016
4.825 	 0.0692251
4.83 	 0.0562074
4.835 	 0.0258571
4.84 	 -0.0187525
4.845 	 -0.0721979
4.85 	 -0.128034
4.855 	 -0.17999
4.86 	 -0.222725
4.865 	 -0.252145
4.87 	 -0.265455
4.875 	 -0.26105
4.88 	 -0.238419
4.885 	 -0.198245
4.89 	 -0.142823
4.895 	 -0.0765235
4.9 	 -0.00579609
4.905 	 0.0616899
4.91 	 0.118628
4.915 	 0.159755
4.92 	 0.182936
4.925 	 0.189263
4.93 	 0.182188
4.935 	 0.166038
4.94 	 0.144452
4.945 	 0.119348
4.95 	 0.0908707
4.955 	 0.0583184
4.96 	 0.0215462
4.965 	 -0.0179115
4.97 	 -0.0565937
4.975 	 -0.089853
4.98 	 -0.113185
4.985 	 -0.123534
4.99 	 -0.120113
4.995 	 -0.104569
5.0 	 -0.080498
5.005 	 -0.0524343
5.01 	 -0.0245723
5.015 	 0.00034767
5.02 	 0.0215493
5.025 	 0.0399364
5.03 	 0.0571962
5.035 	 0.0747301
5.04 	 0.0928536
5.045 	 0.110482
5.05 	 0.125282
5.055 	 0.134195
5.06 	 0.134247
5.065 	 0.123447
5.07 	 0.101429
5.075 	 0.0695408
5.08 	 0.0304119
5.085 	 -0.0126889
5.09 	 -0.0564641
5.095 	 -0.0980711
5.1 	 -0.135437
5.105 	 -0.16732
5.11 	 -0.193102
5.115 	 -0.21246
5.12 	 -0.225144
5.125 	 -0.230999
5.13 	 -0.230163
5.135 	 -0.223311
5.14 	 -0.211725
5.145 	 -0.197132
5.15 	 -0.181328
5.155 	 -0.16579
5.16 	 -0.151437
5.165 	 -0.138598
5.17 	 -0.127131
5.175 	 -0.116593
5.18 	 -0.106459
5.185 	 -0.096319
5.19 	 -0.0859891
5.195 	 -0.0754623
5.2 	 -0.0646953
5.205 	 -0.0533756
5.21 	 -0.0408359
5.215 	 -0.0262053
5.22 	 -0.00872811
5.225 	 0.0119123
5.23 	 0.0354115
5.235 	 0.0608687
5.24 	 0.0870092
5.245 	 0.112544
5.25 	 0.136554
5.255 	 0.15873
5.26 	 0.179324
5.265 	 0.198769
5.27 	 0.217114
5.275 	 0.233549
5.28 	 0.246311
5.285 	 0.253062
5.29 	 0.251633
5.295 	 0.240895
5.3 	 0.221429
5.305 	 0.195695
5.31 	 0.167542
5.315 	 0.14118
5.32 	 0.11997
5.325 	 0.105485
5.33 	 0.0971862
5.335 	 0.0927873
5.34 	 0.0890715
5.345 	 0.0827774
5.35 	 0.0712284
5.355 	 0.05263
5.36 	 0.0261556
5.365 	 -0.00803633
5.37 	 -0.0488277
5.375 	 -0.094258
5.38 	 -0.141735
5.385 	 -0.188266
5.39 	 -0.230649
5.395 	 -0.265692
5.4 	 -0.290578
5.405 	 -0.303438
5.41 	 -0.303979
5.415 	 -0.2939
5.42 	 -0.276841
5.425 	 -0.257818
5.43 	 -0.242262
5.435 	 -0.234898
5.44 	 -0.23866
5.445 	 -0.253924
5.45 	 -0.278281
5.455 	 -0.307037
5.46 	 -0.334304
5.465 	 -0.354343
5.47 	 -0.362714
5.475 	 -0.356928
5.48 	 -0.336522
5.485 	 -0.302665
5.49 	 -0.25756
5.495 	 -0.20389
5.5 	 -0.144452
5.505 	 -0.0819672
5.51 	 -0.0189781
5.515 	 0.0422455
5.52 	 0.099819
5.525 	 0.152333
5.53 	 0.19889
5.535 	 0.239099
5.54 	 0.273047
5.545 	 0.301253
5.55 	 0.32457
5.555 	 0.343983
5.56 	 0.360336
5.565 	 0.374065
5.57 	 0.385031
5.575 	 0.392565
5.58 	 0.39572
5.585 	 0.393678
5.59 	 0.386095
5.595 	 0.373219
5.6 	 0.35577
5.605 	 0.334697
5.61 	 0.310971
5.615 	 0.285454
5.62 	 0.258785
5.625 	 0.231249
5.63 	 0.202649
5.635 	 0.172309
5.64 	 0.139323
5.645 	 0.103078
5.65 	 0.0638967
5.655 	 0.0234836
5.66 	 -0.015101
5.665 	 -0.0480156
5.67 	 -0.0715485
5.675 	 -0.0830246
5.68 	 -0.0814481
5.685 	 -0.0677825
5.69 	 -0.044876
5.695 	 -0.0170684
5.7 	 0.0104645
5.705 	 0.0325283
5.71 	 0.0447557
5.715 	 0.0443334
5.72 	 0.0304599
5.725 	 0.00442179
5.73 	 -0.030722
5.735 	 -0.0707334
5.74 	 -0.11089
5.745 	 -0.146627
5.75 	 -0.174028
5.755 	 -0.190152
5.76 	 -0.193233
5.765 	 -0.182778
5.77 	 -0.159601
5.775 	 -0.125727
5.78 	 -0.0841122
5.785 	 -0.0381865
5.79 	 0.00869063
5.795 	 0.0536337
5.8 	 0.0943567
5.805 	 0.129039
5.81 	 0.156109
5.815 	 0.174145
5.82 	 0.181972
5.825 	 0.178951
5.83 	 0.165388
5.835 	 0.142974
5.84 	 0.115078
5.845 	 0.0866012
5.85 	 0.0632791
5.855 	 0.05052
5.86 	 0.0521196
5.865 	 0.0691836
5.87 	 0.0995561
5.875 	 0.137998
5.88 	 0.177186
5.885 	 0.209266
5.89 	 0.227445
5.895 	 0.227162
5.9 	 0.206698
5.905 	 0.167227
5.91 	 0.112415
5.915 	 0.0476538
5.92 	 -0.0208498
5.925 	 -0.086971
5.93 	 -0.145449
5.935 	 -0.19257
5.94 	 -0.226701
5.945 	 -0.24854
5.95 	 -0.260888
5.955 	 -0.267887
5.96 	 -0.273835
5.965 	 -0.281901
5.97 	 -0.293223
5.975 	 -0.306703
5.98 	 -0.319504
5.985 	 -0.327893
5.99 	 -0.328078
5.995 	 -0.316889
6.0 	 -0.292315
6.005 	 -0.253881
6.01 	 -0.202809
6.015 	 -0.141921
6.02 	 -0.0753464
6.025 	 -0.00809775
6.03 	 0.0544616
6.035 	 0.107279
6.04 	 0.14634
6.045 	 0.169322
6.05 	 0.175993
6.055 	 0.168258
6.06 	 0.149777
6.065 	 0.125219
6.07 	 0.0993036
6.075 	 0.0759252
6.08 	 0.0576326
6.085 	 0.0455763
6.09 	 0.0398472
6.095 	 0.0399975
6.1 	 0.0454926
6.105 	 0.0558977
6.11 	 0.0707311
6.115 	 0.0890761
6.12 	 0.10918
6.125 	 0.12833
6.13 	 0.143198
6.135 	 0.150606
6.14 	 0.1484
6.145 	 0.136043
6.15 	 0.114709
6.155 	 0.0869158
6.16 	 0.0558806
6.165 	 0.024807
6.17 	 -0.00371313
6.175 	 -0.0280772
6.18 	 -0.0477705
6.185 	 -0.063196
6.19 	 -0.0753063
6.195 	 -0.0851617
6.2 	 -0.0935588
6.205 	 -0.100843
6.21 	 -0.106935
6.215 	 -0.11151
6.22 	 -0.114262
6.225 	 -0.115184
6.23 	 -0.114789
6.235 	 -0.114148
6.24 	 -0.11469
6.245 	 -0.117764
6.25 	 -0.124116
6.255 	 -0.133495
6.26 	 -0.14453
6.265 	 -0.154972
6.27 	 -0.162188
6.275 	 -0.16373
6.28 	 -0.157805
6.285 	 -0.143592
6.29 	 -0.121431
6.295 	 -0.0928449
6.3 	 -0.0603536
6.305 	 -0.0270432
6.31 	 0.00397348
6.315 	 0.0300446
6.32 	 0.0493121
6.325 	 0.0608952
6.33 	 0.0649616
6.335 	 0.0626759
6.34 	 0.0559894
6.345 	 0.0472903
6.35 	 0.0390208
6.355 	 0.0333714
6.36 	 0.0320815
6.365 	 0.0362957
6.37 	 0.0464218
6.375 	 0.0620104
6.38 	 0.0817212
6.385 	 0.103437
6.39 	 0.12453
6.395 	 0.142271
6.4 	 0.154325
6.405 	 0.159275
6.41 	 0.157045
6.415 	 0.149062
6.42 	 0.138089
6.425 	 0.127704
6.43 	 0.121472
6.435 	 0.121924
6.44 	 0.129669
6.445 	 0.143054
6.45 	 0.158644
6.455 	 0.172333
6.46 	 0.180553
6.465 	 0.181064
6.47 	 0.173138
6.475 	 0.157197
6.48 	 0.134174
6.485 	 0.104862
6.49 	 0.0695477
6.495 	 0.0281037
6.5 	 -0.0194579
6.505 	 -0.0722535
6.51 	 -0.128029
6.515 	 -0.183233
6.52 	 -0.233679
6.525 	 -0.275456
6.53 	 -0.305686
6.535 	 -0.322861
6.54 	 -0.326797
6.545 	 -0.318357
6.55 	 -0.299121
6.555 	 -0.271111
6.56 	 -0.236591
6.565 	 -0.197947
6.57 	 -0.157586
6.575 	 -0.117794
6.58 	 -0.0805062
6.585 	 -0.0470291
6.59 	 -0.0178533
6.595 	 0.00733571
6.6 	 0.0294414
6.605 	 0.0496458
6.61 	 0.0691234
6.615 	 0.0888425
6.62 	 0.109456
6.625 	 0.131255
6.63 	 0.154146
6.635 	 0.177613
6.64 	 0.200675
6.645 	 0.221889
6.65 	 0.239472
6.655 	 0.25159
6.66 	 0.256757
6.665 	 0.254259
6.67 	 0.244469
6.675 	 0.228924
6.68 	 0.210077
6.685 	 0.190716
6.69 	 0.173225
6.695 	 0.158936
6.7 	 0.147821
6.705 	 0.138649
6.71 	 0.12948
6.715 	 0.118291
6.72 	 0.103526
6.725 	 0.0844481
6.73 	 0.0612278
6.735 	 0.0347924
6.74 	 0.00650371
6.745 	 -0.0221746
6.75 	 -0.0499056
6.755 	 -0.075589
6.76 	 -0.0984067
6.765 	 -0.117847
6.77 	 -0.133703
6.775 	 -0.146038
6.78 	 -0.155142
6.785 	 -0.161471
6.79 	 -0.165567
6.795 	 -0.167931
6.8 	 -0.168898
6.805 	 -0.168557
6.81 	 -0.166759
6.815 	 -0.163164
6.82 	 -0.157284
6.825 	 -0.148523
6.83 	 -0.136261
6.835 	 -0.120015
6.84 	 -0.099655
6.845 	 -0.0755519
6.85 	 -0.0485777
6.855 	 -0.0199153
6.86 	 0.00923339
6.865 	 0.0379169
6.87 	 0.0655754
6.875 	 0.0919946
6.88 	 0.117075
6.885 	 0.140498
6.89 	 0.161429
6.895 	 0.178439
6.9 	 0.189722
6.905 	 0.19362
6.91 	 0.189334
6.915 	 0.177558
6.92 	 0.1607
6.925 	 0.142435
6.93 	 0.126614
6.935 	 0.115929
6.94 	 0.110905
6.945 	 0.109638
6.95 	 0.108369
6.955 	 0.102598
6.96 	 0.0883312
6.965 	 0.0631065
6.97 	 0.0266167
6.975 	 -0.0191359
6.98 	 -0.0701545
6.985 	 -0.121183
6.99 	 -0.166697
6.995 	 -0.201898
7.0 	 -0.223476
7.005 	 -0.230052
7.01 	 -0.222305
7.015 	 -0.202821
7.02 	 -0.175623
7.025 	 -0.145436
7.03 	 -0.116826
7.035 	 -0.0934641
7.04 	 -0.0776952
7.045 	 -0.0704409
7.05 	 -0.0713723
7.055 	 -0.079219
7.06 	 -0.0921212
7.065 	 -0.107982
7.07 	 -0.124806
7.075 	 -0.141001
7.08 	 -0.155546
7.085 	 -0.167946
7.09 	 -0.177913
7.095 	 -0.184918
7.1 	 -0.18787
7.105 	 -0.185147
7.11 	 -0.174982
7.115 	 -0.156049
7.12 	 -0.128063
7.125 	 -0.0922488
7.13 	 -0.0514835
7.135 	 -0.00995337
7.14 	 0.0276553
7.145 	 0.0571277
7.15 	 0.0754933
7.155 	 0.081443
7.16 	 0.0754384
7.165 	 0.0595842
7.17 	 0.0372425
7.175 	 0.012385
7.18 	 -0.0111816
7.185 	 -0.0304738
7.19 	 -0.0436912
7.195 	 -0.0502447
7.2 	 -0.0505227
7.205 	 -0.0455007
7.21 	 -0.0362901
7.215 	 -0.0237055
7.22 	 -0.00792572
7.225 	 0.0116454
7.23 	 0.0361714
7.235 	 0.0667458
7.24 	 0.103445
7.245 	 0.144427
7.25 	 0.185547
7.255 	 0.22085
7.26 	 0.244006
7.265 	 0.250219
7.27 	 0.237804
7.275 	 0.208701
7.28 	 0.167755
7.285 	 0.121212
7.29 	 0.0750799
7.295 	 0.0339039
7.3 	 0.000199857
7.305 	 -0.0254099
7.31 	 -0.043554
7.315 	 -0.0553029
7.32 	 -0.0615571
7.325 	 -0.0628206
7.33 	 -0.0593081
7.335 	 -0.0511985
7.34 	 -0.0388894
7.345 	 -0.0232148
7.35 	 -0.00559852
7.355 	 0.0119589
7.36 	 0.02718
7.365 	 0.0380581
7.37 	 0.0434131
7.375 	 0.0431814
7.38 	 0.0383363
7.385 	 0.0305432
7.39 	 0.0217334
7.395 	 0.0137387
7.4 	 0.00806235
7.405 	 0.00580874
7.41 	 0.00774789
7.415 	 0.0144274
7.42 	 0.0261994
7.425 	 0.0430605
7.43 	 0.064333
7.435 	 0.0883673
7.44 	 0.112483
7.445 	 0.133219
7.45 	 0.146781
7.455 	 0.149556
7.46 	 0.13868
7.465 	 0.11271
7.47 	 0.0722892
7.475 	 0.0205041
7.48 	 -0.0374208
7.485 	 -0.0951198
7.49 	 -0.146416
7.495 	 -0.186445
7.5 	 -0.212218
7.505 	 -0.222653
7.51 	 -0.218295
7.515 	 -0.200991
7.52 	 -0.173614
7.525 	 -0.139843
7.53 	 -0.103907
7.535 	 -0.0702299
7.54 	 -0.0429846
7.545 	 -0.0256242
7.55 	 -0.0204815
7.555 	 -0.0284908
7.56 	 -0.0490752
7.565 	 -0.0802099
7.57 	 -0.118636
7.575 	 -0.160185
7.58 	 -0.200195
7.585 	 -0.234049
7.59 	 -0.257807
7.595 	 -0.268837
7.6 	 -0.26627
7.605 	 -0.251146
7.61 	 -0.226182
7.615 	 -0.195144
7.62 	 -0.161986
7.625 	 -0.130014
7.63 	 -0.101432
7.635 	 -0.0774228
7.64 	 -0.0586264
7.645 	 -0.04565
7.65 	 -0.0392566
7.655 	 -0.0401015
7.66 	 -0.0481359
7.665 	 -0.0619734
7.67 	 -0.0785961
7.675 	 -0.0936682
7.68 	 -0.102416
7.685 	 -0.100689
7.69 	 -0.0857032
7.695 	 -0.0562343
7.7 	 -0.0123789
7.705 	 0.0446681
7.71 	 0.112467
7.715 	 0.186863
7.72 	 0.261702
7.725 	 0.329301
7.73 	 0.381761
7.735 	 0.412651
7.74 	 0.418438
7.745 	 0.399229
7.75 	 0.358693
7.755 	 0.303178
7.76 	 0.240282
7.765 	 0.177288
7.77 	 0.11994
7.775 	 0.07184
7.78 	 0.0344309
7.785 	 0.00737878
7.79 	 -0.0108745
7.795 	 -0.0225191
7.8 	 -0.0298478
7.805 	 -0.0348803
7.81 	 -0.0391862
7.815 	 -0.0438701
7.82 	 -0.0496329
7.825 	 -0.0568418
7.83 	 -0.0655653
7.835 	 -0.0755349
7.84 	 -0.0860346
7.845 	 -0.0958181
7.85 	 -0.103206
7.855 	 -0.106416
7.86 	 -0.10401
7.865 	 -0.0952554
7.87 	 -0.0802842
7.875 	 -0.0600566
7.88 	 -0.0361713
7.885 	 -0.0105618
7.89 	 0.0148793
7.895 	 0.038665
7.9 	 0.0599568
7.905 	 0.0786107
7.91 	 0.0950149
7.915 	 0.109776
7.92 	 0.123345
7.925 	 0.135717
7.93 	 0.146322
7.935 	 0.154151
7.94 	 0.158057
7.945 	 0.157059
7.95 	 0.150523
7.955 	 0.138183
7.96 	 0.120073
7.965 	 0.0965179
7.97 	 0.0682867
7.975 	 0.0368533
7.98 	 0.00461701
7.985 	 -0.0251057
7.99 	 -0.048424
7.995 	 -0.0615372
8.0 	 -0.0615513
8.005 	 -0.0471554
8.01 	 -0.0189041
8.015 	 0.0209449
8.02 	 0.0688768
8.025 	 0.120669
8.03 	 0.171968
8.035 	 0.218853
8.04 	 0.258311
8.045 	 0.288478
8.05 	 0.308625
8.055 	 0.318955
8.06 	 0.320349
8.065 	 0.314143
8.07 	 0.301962
8.075 	 0.285543
8.08 	 0.266533
8.085 	 0.246252
8.09 	 0.225484
8.095 	 0.204366
8.1 	 0.182407
8.105 	 0.158658
8.11 	 0.131929
8.115 	 0.101036
8.12 	 0.0650311
8.125 	 0.0234755
8.13 	 -0.0233156
8.135 	 -0.0741737
8.14 	 -0.127201
8.145 	 -0.180043
8.15 	 -0.23016
8.155 	 -0.275043
8.16 	 -0.312398
8.165 	 -0.340329
8.17 	 -0.357456
8.175 	 -0.362917
8.18 	 -0.356324
8.185 	 -0.337814
8.19 	 -0.308259
8.195 	 -0.269551
8.2 	 -0.224769
8.205 	 -0.178009
8.21 	 -0.13378
8.215 	 -0.096061
8.22 	 -0.0673465
8.225 	 -0.0480759
8.23 	 -0.0366888
8.235 	 -0.0302425
8.24 	 -0.0253252
8.245 	 -0.0189615
8.25 	 -0.00929114
8.255 	 0.00407477
8.26 	 0.0200005
8.265 	 0.0360101
8.27 	 0.0486964
8.275 	 0.0544262
8.28 	 0.0503634
8.285 	 0.0355976
8.29 	 0.0119238
8.295 	 -0.0161767
8.3 	 -0.0424827
8.305 	 -0.0605935
8.31 	 -0.0655332
8.315 	 -0.0548834
8.32 	 -0.0291929
8.325 	 0.00832251
8.33 	 0.0525979
8.335 	 0.0977539
8.34 	 0.138048
8.345 	 0.168593
8.35 	 0.185893
8.355 	 0.188275
8.36 	 0.176145
8.365 	 0.151909
8.37 	 0.119458
8.375 	 0.0833368
8.38 	 0.0478605
8.385 	 0.0164158
8.39 	 -0.00890929
8.395 	 -0.0273656
8.4 	 -0.0393561
8.405 	 -0.0461626
8.41 	 -0.0496734
8.415 	 -0.0521192
8.42 	 -0.05579
8.425 	 -0.0627239
8.43 	 -0.0743868
8.435 	 -0.091367
8.44 	 -0.113135
8.445 	 -0.137946
8.45 	 -0.162959
8.455 	 -0.184613
8.46 	 -0.199241
8.465 	 -0.203788
8.47 	 -0.196438
8.475 	 -0.176907
8.48 	 -0.146295
8.485 	 -0.10667
8.49 	 -0.0606335
8.495 	 -0.0110563
8.5 	 0.0390373
8.505 	 0.0865472
8.51 	 0.128413
8.515 	 0.161804
8.52 	 0.184414
8.525 	 0.194874
8.53 	 0.193223
8.535 	 0.181226
8.54 	 0.162321
8.545 	 0.141065
8.55 	 0.122202
8.555 	 0.109619
8.56 	 0.105515
8.565 	 0.109989
8.57 	 0.121148
8.575 	 0.135673
8.58 	 0.14962
8.585 	 0.159209
8.59 	 0.161387
8.595 	 0.154145
8.6 	 0.136649
8.605 	 0.109248
8.61 	 0.0734002
8.615 	 0.031444
8.62 	 -0.0137946
8.625 	 -0.0595051
8.63 	 -0.103351
8.635 	 -0.143726
8.64 	 -0.179771
8.645 	 -0.211217
8.65 	 -0.23821
8.655 	 -0.261179
8.66 	 -0.280767
8.665 	 -0.297761
8.67 	 -0.313009
8.675 	 -0.327309
8.68 	 -0.341259
8.685 	 -0.355041
8.69 	 -0.368185
8.695 	 -0.379433
8.7 	 -0.386857
8.705 	 -0.388227
8.71 	 -0.381489
8.715 	 -0.365178
8.72 	 -0.338623
8.725 	 -0.301999
8.73 	 -0.25629
8.735 	 -0.203266
8.74 	 -0.145421
8.745 	 -0.0857922
8.75 	 -0.0275925
8.755 	 0.0262712
8.76 	 0.0736463
8.765 	 0.113434
8.77 	 0.145683
8.775 	 0.171456
8.78 	 0.192511
8.785 	 0.210852
8.79 	 0.228284
8.795 	 0.246067
8.8 	 0.264742
8.805 	 0.284143
8.81 	 0.303543
8.815 	 0.321854
8.82 	 0.337795
8.825 	 0.349985
8.83 	 0.356983
8.835 	 0.357356
8.84 	 0.349819
8.845 	 0.333493
8.85 	 0.308217
8.855 	 0.274825
8.86 	 0.235209
8.865 	 0.192112
8.87 	 0.148635
8.875 	 0.107623
8.88 	 0.0710943
8.885 	 0.0399098
8.89 	 0.0137632
8.895 	 -0.00853941
8.9 	 -0.0286446
8.905 	 -0.0482174
8.91 	 -0.0686164
8.915 	 -0.090716
8.92 	 -0.11486
8.925 	 -0.140913
8.93 	 -0.168355
8.935 	 -0.196375
8.94 	 -0.223929
8.945 	 -0.249775
8.95 	 -0.272525
8.955 	 -0.290741
8.96 	 -0.303097
8.965 	 -0.308554
8.97 	 -0.306521
8.975 	 -0.296966
8.98 	 -0.280458
8.985 	 -0.258099
8.99 	 -0.23137
8.995 	 -0.201906
9.0 	 -0.171258
9.005 	 -0.140699
9.01 	 -0.111098
9.015 	 -0.0828879
9.02 	 -0.0561
9.025 	 -0.0304666
9.03 	 -0.00554381
9.035 	 0.0191669
9.04 	 0.0441185
9.045 	 0.0696432
9.05 	 0.0958964
9.055 	 0.12282
9.06 	 0.150124
9.065 	 0.177292
9.07 	 0.203608
9.075 	 0.228208
9.08 	 0.250156
9.085 	 0.268532
9.09 	 0.282528
9.095 	 0.291534
9.1 	 0.295205
9.105 	 0.29349
9.11 	 0.286625
9.115 	 0.275099
9.12 	 0.259584
9.125 	 0.240855
9.13 	 0.219704
9.135 	 0.196862
9.14 	 0.172943
9.145 	 0.148403
9.15 	 0.12353
9.155 	 0.0984565
9.16 	 0.0731922
9.165 	 0.0476689
9.17 	 0.0217954
9.175 	 -0.00449038
9.18 	 -0.0311751
9.185 	 -0.0581366
9.19 	 -0.0851251
9.195 	 -0.111763
9.2 	 -0.137563
9.205 	 -0.161955
9.21 	 -0.184339
9.215 	 -0.204124
9.22 	 -0.220783
9.225 	 -0.233891
9.23 	 -0.243158
9.235 	 -0.248424
9.24 	 -0.249586
