0.0 	 0.000108285
0.0735294134082 	 0.000229308
0.147058826816 	 0.000273764
0.220588240225 	 0.000441835
0.294117653633 	 0.000708465
0.367647067041 	 0.00148151
0.441176480449 	 0.00105732
0.514705893858 	 0.00078283
0.588235307266 	 0.00218472
0.661764720674 	 0.00381018
0.735294134082 	 0.00174067
0.80882354749 	 0.00259081
0.882352960899 	 0.00214535
0.955882374307 	 0.00170934
1.02941178772 	 0.00537445
1.10294120112 	 0.00133277
1.17647061453 	 0.000309919
1.25000002794 	 0.00906291
1.32352944135 	 0.00726437
1.39705885476 	 0.00116134
1.47058826816 	 0.0080411
1.54411768157 	 0.0103638
1.61764709498 	 0.00403042
1.69117650839 	 0.00857172
1.7647059218 	 0.0125944
1.83823533521 	 0.0085044
1.91176474861 	 0.00480268
1.98529416202 	 0.0102953
2.05882357543 	 0.00227385
2.13235298884 	 0.00696026
2.20588240225 	 0.00759735
2.27941181565 	 0.00951517
2.35294122906 	 0.00137067
2.42647064247 	 0.00740631
2.50000005588 	 0.00301265
2.57352946929 	 0.00532506
2.6470588827 	 0.00145874
2.7205882961 	 0.0149581
2.79411770951 	 0.0181259
2.86764712292 	 0.0302403
2.94117653633 	 0.0430249
3.01470594974 	 0.0512224
3.08823536315 	 0.0292499
3.16176477655 	 0.0357464
3.23529418996 	 0.0538811
3.30882360337 	 0.0531325
3.38235301678 	 0.0228224
3.45588243019 	 0.0504354
3.52941184359 	 0.121544
3.602941257 	 0.23181
3.67647067041 	 0.102778
3.75000008382 	 0.183329
3.82352949723 	 0.129184
3.89705891064 	 0.0950265
3.97058832404 	 0.108285
4.04411773745 	 0.0965103
4.11764715086 	 0.0881257
4.19117656427 	 0.0520403
4.26470597768 	 0.0208602
4.33823539108 	 0.00822072
4.41176480449 	 0.00449807
4.4852942179 	 0.00253164
4.55882363131 	 0.00832724
4.63235304472 	 0.00708858
4.70588245813 	 0.0149772
4.77941187153 	 0.0114794
4.85294128494 	 0.0191031
4.92647069835 	 0.0224886
5.00000011176 	 0.0195037
5.07352952517 	 0.0220714
5.14705893858 	 0.0159272
5.22058835198 	 0.0193292
5.29411776539 	 0.0174629
5.3676471788 	 0.0138803
5.44117659221 	 0.0117875
5.51470600562 	 0.0107339
5.58823541902 	 0.0162216
5.66176483243 	 0.0158412
5.73529424584 	 0.018767
5.80882365925 	 0.0174263
5.88235307266 	 0.0155513
5.95588248607 	 0.0148725
6.02941189947 	 0.0122033
6.10294131288 	 0.0129804
6.17647072629 	 0.00728878
6.2500001397 	 0.0060513
6.32352955311 	 0.00534145
6.39705896651 	 0.00788095
6.47058837992 	 0.00514474
6.54411779333 	 0.0100953
6.61764720674 	 0.0116335
6.69117662015 	 0.0139566
6.76470603356 	 0.0153585
6.83823544696 	 0.0175692
6.91176486037 	 0.0140187
6.98529427378 	 0.00955998
7.05882368719 	 0.0166757
7.1323531006 	 0.0172265
7.20588251401 	 0.0156473
7.27941192741 	 0.0138522
7.35294134082 	 0.017654
7.42647075423 	 0.0147873
7.50000016764 	 0.0140246
7.57352958105 	 0.0124254
7.64705899445 	 0.0110155
7.72058840786 	 0.00600587
7.79411782127 	 0.01096
7.86764723468 	 0.00964384
7.94117664809 	 0.0120309
8.0147060615 	 0.00983881
8.0882354749 	 0.00848188
8.16176488831 	 0.00738009
8.23529430172 	 0.00603611
8.30882371513 	 0.00398125
8.38235312854 	 0.0067307
8.45588254194 	 0.00316968
8.52941195535 	 0.00545323
8.60294136876 	 0.00582206
8.67647078217 	 0.00362354
8.75000019558 	 0.00877098
8.82352960899 	 0.00479975
8.89705902239 	 0.00498973
8.9705884358 	 0.0018093
9.04411784921 	 0.00280635
9.11764726262 	 0.00387875
9.19117667603 	 0.00282843
9.26470608944 	 0.000550084
9.33823550284 	 0.00199253
9.41176491625 	 0.00273902
9.48529432966 	 0.00382056
9.55882374307 	 0.00817253
9.63235315648 	 0.00413198
9.70588256988 	 0.0116198
9.77941198329 	 0.0112977
9.8529413967 	 0.0113681
9.92647081011 	 0.0134203
10.0000002235 	 0.0138421
10.0735296369 	 0.0156018
10.1470590503 	 0.0113339
10.2205884637 	 0.0153912
10.2941178772 	 0.00862604
10.3676472906 	 0.00468736
10.441176704 	 0.00284837
10.5147061174 	 0.0136903
10.5882355308 	 0.0194784
10.6617649442 	 0.0147477
10.7352943576 	 0.0179363
10.808823771 	 0.0256592
10.8823531844 	 0.0259627
10.9558825978 	 0.0306536
11.0294120112 	 0.0239115
11.1029414246 	 0.0221885
11.176470838 	 0.0299374
11.2500002515 	 0.024466
11.3235296649 	 0.0192322
11.3970590783 	 0.0085229
11.4705884917 	 0.0158548
11.5441179051 	 0.0243761
11.6176473185 	 0.00892934
11.6911767319 	 0.0217477
11.7647061453 	 0.0128761
11.8382355587 	 0.0280118
11.9117649721 	 0.0226099
11.9852943855 	 0.0289672
12.0588237989 	 0.0317721
12.1323532124 	 0.0150988
12.2058826258 	 0.00287248
12.2794120392 	 0.0191854
12.3529414526 	 0.0163723
12.426470866 	 0.0202483
12.5000002794 	 0.0297195
12.5735296928 	 0.0310961
12.6470591062 	 0.0334592
12.7205885196 	 0.033299
12.794117933 	 0.0275798
12.8676473464 	 0.0278406
12.9411767598 	 0.0258598
13.0147061733 	 0.0191264
13.0882355867 	 0.0206669
13.1617650001 	 0.017175
13.2352944135 	 0.0126983
13.3088238269 	 0.0115909
13.3823532403 	 0.0164541
13.4558826537 	 0.01482
13.5294120671 	 0.0111664
13.6029414805 	 0.0136861
13.6764708939 	 0.00848207
13.7500003073 	 0.013158
13.8235297207 	 0.0100293
13.8970591342 	 0.00702139
13.9705885476 	 0.00484474
14.044117961 	 0.00694143
14.1176473744 	 0.0048432
14.1911767878 	 0.002355
14.2647062012 	 0.00373672
14.3382356146 	 0.00955074
14.411765028 	 0.00887971
14.4852944414 	 0.0112691
14.5588238548 	 0.0116581
14.6323532682 	 0.0151527
14.7058826816 	 0.0112585
14.7794120951 	 0.00743893
14.8529415085 	 0.00854825
14.9264709219 	 0.00624057
15.0000003353 	 0.00590206
15.0735297487 	 0.00158294
15.1470591621 	 0.00231181
15.2205885755 	 0.00243949
15.2941179889 	 0.00205278
15.3676474023 	 0.00121311
15.4411768157 	 0.00122831
15.5147062291 	 0.00255779
15.5882356425 	 0.00498985
15.661765056 	 0.00595286
15.7352944694 	 0.00463019
15.8088238828 	 0.00220193
15.8823532962 	 0.00241686
15.9558827096 	 0.00195147
16.029412123 	 0.000417853
16.1029415364 	 0.000542408
16.1764709498 	 0.00138668
16.2500003632 	 0.00408656
16.3235297766 	 0.00390688
16.39705919 	 0.00225977
16.4705886034 	 0.00385006
16.5441180168 	 0.00371396
16.6176474303 	 0.00367079
16.6911768437 	 0.00526896
16.7647062571 	 0.00315491
16.8382356705 	 0.00313609
16.9117650839 	 0.00296583
16.9852944973 	 0.00314786
17.0588239107 	 0.000892899
17.1323533241 	 0.0028984
17.2058827375 	 0.00185385
17.2794121509 	 0.00584026
17.3529415643 	 0.00620637
17.4264709777 	 0.00529576
17.5000003912 	 0.00319328
17.5735298046 	 0.00192659
17.647059218 	 0.00227351
17.7205886314 	 0.00160379
17.7941180448 	 0.00236107
17.8676474582 	 0.00243854
17.9411768716 	 0.00032724
18.014706285 	 0.000522844
18.0882356984 	 0.00198422
18.1617651118 	 0.0025801
18.2352945252 	 0.000810246
18.3088239386 	 0.00193876
18.3823533521 	 0.00214385
18.4558827655 	 0.000499356
18.5294121789 	 0.000871127
18.6029415923 	 0.00109127
18.6764710057 	 0.000504593
18.7500004191 	 0.00321102
18.8235298325 	 0.00163723
18.8970592459 	 0.0014424
18.9705886593 	 0.00274342
19.0441180727 	 0.00134881
19.1176474861 	 0.00175655
19.1911768995 	 0.00141983
19.264706313 	 0.00204845
19.3382357264 	 0.0021537
19.4117651398 	 0.00366847
19.4852945532 	 0.00314754
19.5588239666 	 0.00182824
19.63235338 	 0.000821547
19.7058827934 	 0.00158976
19.7794122068 	 0.00151358
19.8529416202 	 0.00163675
19.9264710336 	 0.00113269
20.000000447 	 0.00102951
20.0735298604 	 0.00152275
20.1470592739 	 0.00251212
20.2205886873 	 0.00137746
20.2941181007 	 0.00353853
20.3676475141 	 0.00402692
20.4411769275 	 0.00505018
20.5147063409 	 0.00424116
20.5882357543 	 0.00343277
20.6617651677 	 0.00362202
20.7352945811 	 0.00259164
20.8088239945 	 0.00301395
20.8823534079 	 0.0036511
20.9558828213 	 0.00361372
21.0294122347 	 0.00418641
21.1029416482 	 0.00385929
21.1764710616 	 0.0027407
21.250000475 	 0.00207572
21.3235298884 	 0.00220853
21.3970593018 	 0.00101382
21.4705887152 	 0.000567198
21.5441181286 	 0.000713992
21.617647542 	 0.00145587
21.6911769554 	 0.00152412
21.7647063688 	 0.000772258
21.8382357822 	 0.000792135
21.9117651956 	 0.000151798
21.9852946091 	 0.00101414
22.0588240225 	 0.000588195
22.1323534359 	 0.00057347
22.2058828493 	 0.00204413
22.2794122627 	 0.00179401
22.3529416761 	 0.00168705
22.4264710895 	 0.0012533
22.5000005029 	 0.00102769
22.5735299163 	 0.000923241
22.6470593297 	 0.000564898
22.7205887431 	 0.00125317
22.7941181565 	 0.000138979
22.86764757 	 0.000980136
22.9411769834 	 0.00102061
23.0147063968 	 0.00202151
23.0882358102 	 0.00214687
23.1617652236 	 0.00139944
23.235294637 	 0.00258336
23.3088240504 	 0.00193359
23.3823534638 	 0.00155571
23.4558828772 	 0.00166169
23.5294122906 	 0.00166027
23.602941704 	 0.00148126
23.6764711174 	 0.00137851
23.7500005309 	 0.000651174
23.8235299443 	 0.000200703
23.8970593577 	 0.00054429
23.9705887711 	 0.000566385
24.0441181845 	 0.000675566
24.1176475979 	 0.000515319
24.1911770113 	 0.000172677
24.2647064247 	 0.000679487
24.3382358381 	 0.000450425
24.4117652515 	 0.000912042
24.4852946649 	 0.000928428
24.5588240783 	 0.00099597
24.6323534918 	 0.00144822
24.7058829052 	 0.000903572
24.7794123186 	 0.00115758
24.852941732 	 0.00101506
24.9264711454 	 0.000968105
25.0000005588 	 0.00108701
25.0735299722 	 0.0012382
25.1470593856 	 0.00126072
25.220588799 	 0.00156463
25.2941182124 	 0.00140883
25.3676476258 	 0.00102159
25.4411770392 	 0.00122987
25.5147064527 	 0.00127601
25.5882358661 	 0.00102168
25.6617652795 	 0.00109358
25.7352946929 	 0.000905164
25.8088241063 	 0.00102675
25.8823535197 	 0.00117745
25.9558829331 	 0.00104047
26.0294123465 	 0.00082527
26.1029417599 	 0.000530859
26.1764711733 	 0.000295653
26.2500005867 	 0.000444838
26.3235300001 	 0.000608739
26.3970594135 	 0.000619272
26.470588827 	 0.000483288
26.5441182404 	 0.000563634
26.6176476538 	 0.000484488
26.6911770672 	 0.000548295
26.7647064806 	 0.000396281
26.838235894 	 0.000617781
26.9117653074 	 0.000426749
26.9852947208 	 0.000572631
27.0588241342 	 0.000720847
27.1323535476 	 0.000537798
27.205882961 	 0.000769487
27.2794123744 	 0.000552811
27.3529417879 	 0.000475398
27.4264712013 	 0.00043687
27.5000006147 	 0.000528583
27.5735300281 	 0.00050485
27.6470594415 	 0.000658672
27.7205888549 	 0.000688402
27.7941182683 	 0.000542429
27.8676476817 	 0.000684314
27.9411770951 	 0.000534638
28.0147065085 	 0.000436581
28.0882359219 	 0.00037349
28.1617653353 	 0.000337273
28.2352947488 	 0.000275409
28.3088241622 	 0.000286265
28.3823535756 	 0.000395863
28.455882989 	 0.000300583
28.5294124024 	 0.00035417
28.6029418158 	 0.000264051
28.6764712292 	 0.000228736
28.7500006426 	 0.000239513
28.823530056 	 0.000189515
28.8970594694 	 0.000170711
28.9705888828 	 0.000237713
29.0441182962 	 0.00017529
29.1176477097 	 0.000229299
29.1911771231 	 0.000261112
29.2647065365 	 0.000279178
29.3382359499 	 0.000283978
29.4117653633 	 0.000311401
29.4852947767 	 0.000295769
29.5588241901 	 0.000262462
29.6323536035 	 0.000192522
29.7058830169 	 0.000179007
29.7794124303 	 0.000109168
29.8529418437 	 0.00015473
29.9264712571 	 0.000131225
30.0000006706 	 0.00015765
30.073530084 	 0.000202691
30.1470594974 	 0.000276965
30.2205889108 	 0.000182664
30.2941183242 	 0.00012849
30.3676477376 	 7.16426e-05
30.441177151 	 7.00955e-05
30.5147065644 	 0.000109173
30.5882359778 	 0.000123088
30.6617653912 	 0.000178153
30.7352948046 	 0.000155799
30.808824218 	 0.000137409
30.8823536315 	 0.000139036
30.9558830449 	 0.000121432
31.0294124583 	 0.000123774
31.1029418717 	 0.000123881
31.1764712851 	 0.000116592
31.2500006985 	 0.000134617
31.3235301119 	 4.08262e-05
31.3970595253 	 9.89793e-05
31.4705889387 	 2.08684e-05
31.5441183521 	 2.36231e-05
31.6176477655 	 8.0059e-05
31.6911771789 	 8.61547e-05
31.7647065923 	 0.000150649
31.8382360058 	 0.000183259
31.9117654192 	 0.000123145
31.9852948326 	 0.000140725
32.058824246 	 0.000119972
32.1323536594 	 6.44223e-05
32.2058830728 	 4.40209e-05
32.2794124862 	 6.95855e-05
32.3529418996 	 9.3794e-05
32.426471313 	 0.000147802
32.5000007264 	 0.000236216
32.5735301398 	 0.000274151
32.6470595532 	 0.000285851
32.7205889667 	 0.000277829
32.7941183801 	 0.000284851
32.8676477935 	 0.000228872
32.9411772069 	 0.000216779
33.0147066203 	 0.000170965
33.0882360337 	 0.000132493
33.1617654471 	 0.000122851
33.2352948605 	 0.000136712
33.3088242739 	 0.000143999
33.3823536873 	 0.000182963
33.4558831007 	 0.000167819
33.5294125141 	 0.000177731
33.6029419276 	 0.000113462
33.676471341 	 8.5182e-05
33.7500007544 	 5.44116e-05
33.8235301678 	 6.74632e-05
33.8970595812 	 9.71137e-05
33.9705889946 	 8.92358e-05
34.044118408 	 7.53938e-05
34.1176478214 	 5.39753e-05
34.1911772348 	 9.36166e-05
34.2647066482 	 0.000100599
34.3382360616 	 0.000132859
34.411765475 	 0.000124295
34.4852948885 	 0.000128322
34.5588243019 	 8.94788e-05
34.6323537153 	 8.51772e-05
34.7058831287 	 3.69184e-05
34.7794125421 	 5.50572e-05
34.8529419555 	 6.43816e-05
34.9264713689 	 7.73232e-05
35.0000007823 	 0.000106257
35.0735301957 	 0.000109403
35.1470596091 	 0.000134125
35.2205890225 	 0.000132308
35.2941184359 	 9.00799e-05
35.3676478494 	 9.91531e-05
35.4411772628 	 7.41831e-05
35.5147066762 	 5.78142e-05
35.5882360896 	 6.80468e-05
35.661765503 	 8.44109e-05
35.7352949164 	 9.13297e-05
35.8088243298 	 0.000126976
35.8823537432 	 0.00012346
35.9558831566 	 0.000122783
36.02941257 	 0.000105397
36.1029419834 	 6.15802e-05
36.1764713968 	 5.29054e-05
36.2500008103 	 4.63673e-05
36.3235302237 	 3.14042e-05
36.3970596371 	 4.11712e-05
36.4705890505 	 5.27016e-05
36.5441184639 	 2.26293e-05
36.6176478773 	 2.97491e-05
36.6911772907 	 2.69409e-05
36.7647067041 	 6.5283e-05
36.8382361175 	 4.00767e-05
36.9117655309 	 6.27628e-05
36.9852949443 	 5.23318e-05
37.0588243577 	 4.36017e-05
37.1323537711 	 3.80731e-05
37.2058831846 	 4.20367e-05
37.279412598 	 4.22153e-05
37.3529420114 	 2.62703e-05
37.4264714248 	 3.186e-05
37.5000008382 	 3.76547e-05
37.5735302516 	 4.1316e-05
37.647059665 	 5.8859e-05
37.7205890784 	 3.89482e-05
37.7941184918 	 3.28849e-05
37.8676479052 	 1.54889e-05
37.9411773186 	 8.96767e-06
38.014706732 	 2.21335e-05
38.0882361455 	 3.44691e-05
38.1617655589 	 5.60763e-05
38.2352949723 	 8.7032e-05
38.3088243857 	 7.43907e-05
38.3823537991 	 0.000116856
38.4558832125 	 9.69288e-05
38.5294126259 	 8.94222e-05
38.6029420393 	 7.93713e-05
38.6764714527 	 3.93457e-05
38.7500008661 	 1.81768e-05
38.8235302795 	 2.58305e-05
38.8970596929 	 2.88835e-05
38.9705891064 	 6.0507e-05
39.0441185198 	 8.19148e-05
39.1176479332 	 7.57306e-05
39.1911773466 	 6.01524e-05
39.26470676 	 5.63408e-05
39.3382361734 	 3.17066e-05
39.4117655868 	 1.5264e-05
39.4852950002 	 2.64491e-05
39.5588244136 	 3.81799e-05
39.632353827 	 3.32822e-05
39.7058832404 	 3.93751e-05
39.7794126538 	 5.28079e-05
39.8529420673 	 4.93002e-05
39.9264714807 	 4.83323e-05
40.0000008941 	 5.00777e-05
40.0735303075 	 5.32081e-05
40.1470597209 	 4.7421e-05
40.2205891343 	 2.97281e-05
40.2941185477 	 1.50235e-05
40.3676479611 	 9.56954e-06
40.4411773745 	 2.13996e-05
40.5147067879 	 1.85882e-05
40.5882362013 	 3.27845e-05
40.6617656147 	 3.90504e-05
40.7352950282 	 3.75756e-05
40.8088244416 	 4.38365e-05
40.882353855 	 4.57222e-05
40.9558832684 	 3.24868e-05
41.0294126818 	 3.20069e-05
41.1029420952 	 3.25794e-05
41.1764715086 	 2.67752e-05
41.250000922 	 2.20321e-05
41.3235303354 	 9.80934e-06
41.3970597488 	 2.35112e-05
41.4705891622 	 4.15219e-05
41.5441185756 	 4.68726e-05
41.6176479891 	 6.22645e-05
41.6911774025 	 5.9038e-05
41.7647068159 	 5.89944e-05
41.8382362293 	 4.10714e-05
41.9117656427 	 2.52112e-05
41.9852950561 	 8.75419e-06
42.0588244695 	 1.5406e-05
42.1323538829 	 2.25149e-05
42.2058832963 	 3.34108e-05
42.2794127097 	 4.93385e-05
42.3529421231 	 4.31378e-05
42.4264715365 	 4.49449e-05
42.5000009499 	 5.98942e-05
42.5735303634 	 5.21173e-05
42.6470597768 	 3.59053e-05
42.7205891902 	 3.08083e-05
42.7941186036 	 1.78347e-05
42.867648017 	 5.15768e-06
42.9411774304 	 1.28078e-05
43.0147068438 	 2.56137e-05
43.0882362572 	 3.38017e-05
43.1617656706 	 3.58301e-05
43.235295084 	 3.8891e-05
43.3088244974 	 4.07546e-05
43.3823539108 	 2.7916e-05
43.4558833243 	 2.46696e-05
43.5294127377 	 2.27035e-05
43.6029421511 	 2.15076e-05
43.6764715645 	 2.00006e-05
43.7500009779 	 1.64148e-05
43.8235303913 	 2.48641e-05
43.8970598047 	 2.17758e-05
43.9705892181 	 3.12226e-05
44.0441186315 	 2.42292e-05
44.1176480449 	 2.95814e-05
44.1911774583 	 3.27034e-05
44.2647068717 	 2.87688e-05
44.3382362852 	 2.90632e-05
44.4117656986 	 2.81103e-05
44.485295112 	 3.00832e-05
44.5588245254 	 2.92862e-05
44.6323539388 	 2.45688e-05
44.7058833522 	 2.42375e-05
44.7794127656 	 2.96204e-05
44.852942179 	 3.00206e-05
44.9264715924 	 3.00831e-05
45.0000010058 	 2.49402e-05
45.0735304192 	 1.9149e-05
45.1470598326 	 1.98299e-05
45.2205892461 	 1.78313e-05
45.2941186595 	 1.99596e-05
45.3676480729 	 2.44025e-05
45.4411774863 	 2.76063e-05
45.5147068997 	 2.95962e-05
45.5882363131 	 2.70644e-05
45.6617657265 	 3.361e-05
45.7352951399 	 2.56647e-05
45.8088245533 	 2.56078e-05
45.8823539667 	 2.39864e-05
45.9558833801 	 2.25486e-05
46.0294127935 	 2.3066e-05
46.102942207 	 2.4382e-05
46.1764716204 	 2.81436e-05
46.2500010338 	 2.81488e-05
46.3235304472 	 2.92104e-05
46.3970598606 	 2.79697e-05
46.470589274 	 2.84018e-05
46.5441186874 	 2.85117e-05
46.6176481008 	 2.58997e-05
46.6911775142 	 2.38369e-05
46.7647069276 	 2.10028e-05
46.838236341 	 1.78843e-05
46.9117657544 	 2.00744e-05
46.9852951679 	 2.20299e-05
47.0588245813 	 2.68276e-05
47.1323539947 	 2.5838e-05
47.2058834081 	 2.75184e-05
47.2794128215 	 2.44738e-05
47.3529422349 	 2.50135e-05
47.4264716483 	 2.53444e-05
47.5000010617 	 2.77759e-05
47.5735304751 	 2.76982e-05
47.6470598885 	 2.42662e-05
47.7205893019 	 2.50044e-05
47.7941187153 	 2.29764e-05
47.8676481287 	 2.2787e-05
47.9411775422 	 2.29106e-05
48.0147069556 	 2.39812e-05
48.088236369 	 2.42318e-05
48.1617657824 	 2.48635e-05
48.2352951958 	 2.46843e-05
48.3088246092 	 2.29803e-05
48.3823540226 	 2.28021e-05
48.455883436 	 2.29398e-05
48.5294128494 	 2.40647e-05
48.6029422628 	 2.52861e-05
48.6764716762 	 2.53824e-05
48.7500010896 	 2.70178e-05
48.8235305031 	 2.65603e-05
48.8970599165 	 2.49399e-05
48.9705893299 	 2.35129e-05
49.0441187433 	 2.1485e-05
49.1176481567 	 2.10538e-05
49.1911775701 	 2.04463e-05
49.2647069835 	 2.12166e-05
49.3382363969 	 2.40237e-05
49.4117658103 	 2.41437e-05
49.4852952237 	 2.62761e-05
49.5588246371 	 2.7042e-05
49.6323540505 	 2.74977e-05
49.705883464 	 2.59795e-05
49.7794128774 	 2.57112e-05
49.8529422908 	 2.38377e-05
49.9264717042 	 2.13076e-05
50.0000011176 	 2.01478e-05
50.073530531 	 2.06868e-05
50.1470599444 	 2.13695e-05
50.2205893578 	 2.32009e-05
50.2941187712 	 2.46656e-05
50.3676481846 	 2.51012e-05
50.441177598 	 2.45509e-05
50.5147070114 	 2.51657e-05
50.5882364249 	 2.45613e-05
50.6617658383 	 2.38476e-05
50.7352952517 	 2.34383e-05
50.8088246651 	 2.23929e-05
50.8823540785 	 2.21657e-05
50.9558834919 	 2.16204e-05
51.0294129053 	 2.19695e-05
51.1029423187 	 2.22997e-05
51.1764717321 	 2.33152e-05
51.2500011455 	 2.47517e-05
51.3235305589 	 2.48254e-05
51.3970599723 	 2.36795e-05
51.4705893858 	 2.3335e-05
51.5441187992 	 2.22983e-05
51.6176482126 	 2.23825e-05
51.691177626 	 2.19608e-05
51.7647070394 	 2.24904e-05
51.8382364528 	 2.24594e-05
51.9117658662 	 2.23053e-05
51.9852952796 	 2.22379e-05
52.058824693 	 2.28364e-05
52.1323541064 	 2.31842e-05
52.2058835198 	 2.41447e-05
52.2794129332 	 2.31727e-05
52.3529423467 	 2.34014e-05
52.4264717601 	 2.22161e-05
52.5000011735 	 2.24471e-05
52.5735305869 	 2.26919e-05
52.6470600003 	 2.20508e-05
52.7205894137 	 2.17547e-05
52.7941188271 	 2.21707e-05
52.8676482405 	 2.26052e-05
52.9411776539 	 2.33099e-05
53.0147070673 	 2.33071e-05
53.0882364807 	 2.32251e-05
53.1617658941 	 2.23764e-05
53.2352953075 	 2.17407e-05
53.308824721 	 2.18572e-05
53.3823541344 	 2.15731e-05
53.4558835478 	 2.14793e-05
53.5294129612 	 2.22074e-05
53.6029423746 	 2.24499e-05
53.676471788 	 2.3159e-05
53.7500012014 	 2.30616e-05
53.8235306148 	 2.33618e-05
53.8970600282 	 2.26273e-05
53.9705894416 	 2.21685e-05
54.044118855 	 2.15896e-05
54.1176482684 	 2.11475e-05
54.1911776819 	 2.11854e-05
54.2647070953 	 2.14626e-05
54.3382365087 	 2.15993e-05
54.4117659221 	 2.20615e-05
54.4852953355 	 2.2216e-05
54.5588247489 	 2.23957e-05
54.6323541623 	 2.2632e-05
54.7058835757 	 2.25472e-05
54.7794129891 	 2.257e-05
54.8529424025 	 2.2289e-05
54.9264718159 	 2.20467e-05
55.0000012293 	 2.13172e-05
55.0735306428 	 2.11346e-05
55.1470600562 	 2.11762e-05
55.2205894696 	 2.14371e-05
55.294118883 	 2.14234e-05
55.3676482964 	 2.17339e-05
55.4411777098 	 2.20285e-05
55.5147071232 	 2.22427e-05
55.5882365366 	 2.21121e-05
55.66176595 	 2.2081e-05
55.7352953634 	 2.18198e-05
55.8088247768 	 2.15801e-05
55.8823541902 	 2.14092e-05
55.9558836037 	 2.12247e-05
56.0294130171 	 2.11855e-05
56.1029424305 	 2.12682e-05
56.1764718439 	 2.15055e-05
56.2500012573 	 2.16538e-05
56.3235306707 	 2.17471e-05
56.3970600841 	 2.15562e-05
56.4705894975 	 2.12262e-05
56.5441189109 	 2.1279e-05
56.6176483243 	 2.14491e-05
56.6911777377 	 2.1559e-05
56.7647071511 	 2.1459e-05
56.8382365646 	 2.13096e-05
56.911765978 	 2.12056e-05
56.9852953914 	 2.11582e-05
57.0588248048 	 2.10927e-05
57.1323542182 	 2.11435e-05
57.2058836316 	 2.12232e-05
57.279413045 	 2.12218e-05
57.3529424584 	 2.12239e-05
57.4264718718 	 2.12526e-05
57.5000012852 	 2.12654e-05
57.5735306986 	 2.11478e-05
57.647060112 	 2.11263e-05
57.7205895254 	 2.107e-05
57.7941189389 	 2.10136e-05
57.8676483523 	 2.09247e-05
57.9411777657 	 2.09319e-05
58.0147071791 	 2.09883e-05
58.0882365925 	 2.10445e-05
58.1617660059 	 2.09484e-05
58.2352954193 	 2.09867e-05
58.3088248327 	 2.0902e-05
58.3823542461 	 2.08834e-05
58.4558836595 	 2.08446e-05
58.5294130729 	 2.0895e-05
58.6029424863 	 2.10161e-05
58.6764718998 	 2.10376e-05
58.7500013132 	 2.09665e-05
58.8235307266 	 2.08791e-05
58.89706014 	 2.08017e-05
58.9705895534 	 2.06895e-05
59.0441189668 	 2.05563e-05
59.1176483802 	 2.056e-05
59.1911777936 	 2.05871e-05
59.264707207 	 2.06763e-05
59.3382366204 	 2.07544e-05
59.4117660338 	 2.0766e-05
59.4852954472 	 2.06741e-05
59.5588248607 	 2.06594e-05
59.6323542741 	 2.06068e-05
59.7058836875 	 2.06254e-05
59.7794131009 	 2.05112e-05
59.8529425143 	 2.0466e-05
59.9264719277 	 2.04853e-05
60.0000013411 	 2.04581e-05
60.0735307545 	 2.04959e-05
60.1470601679 	 2.05684e-05
60.2205895813 	 2.05091e-05
60.2941189947 	 2.04863e-05
60.3676484081 	 2.04843e-05
60.4411778216 	 2.04609e-05
60.514707235 	 2.04067e-05
60.5882366484 	 2.03633e-05
60.6617660618 	 2.03728e-05
60.7352954752 	 2.03347e-05
60.8088248886 	 2.0316e-05
60.882354302 	 2.02544e-05
60.9558837154 	 2.02526e-05
61.0294131288 	 2.02634e-05
61.1029425422 	 2.02718e-05
61.1764719556 	 2.0336e-05
61.250001369 	 2.02544e-05
61.3235307825 	 2.02211e-05
61.3970601959 	 2.01739e-05
61.4705896093 	 2.01511e-05
61.5441190227 	 2.01059e-05
61.6176484361 	 2.01101e-05
61.6911778495 	 2.0086e-05
61.7647072629 	 2.00895e-05
61.8382366763 	 2.01135e-05
61.9117660897 	 2.01501e-05
61.9852955031 	 2.01303e-05
62.0588249165 	 2.01017e-05
62.1323543299 	 2.00491e-05
62.2058837434 	 2.0007e-05
62.2794131568 	 1.99826e-05
62.3529425702 	 1.99684e-05
62.4264719836 	 1.99498e-05
62.500001397 	 1.99343e-05
62.5735308104 	 1.99189e-05
62.6470602238 	 1.99164e-05
62.7205896372 	 1.99283e-05
62.7941190506 	 1.99336e-05
62.867648464 	 1.9916e-05
62.9411778774 	 1.98881e-05
63.0147072908 	 1.9856e-05
63.0882367042 	 1.97998e-05
63.1617661177 	 1.97817e-05
63.2352955311 	 1.97759e-05
63.3088249445 	 1.9758e-05
63.3823543579 	 1.97643e-05
63.4558837713 	 1.97703e-05
63.5294131847 	 1.97743e-05
63.6029425981 	 1.97616e-05
63.6764720115 	 1.97328e-05
63.7500014249 	 1.97245e-05
63.8235308383 	 1.97083e-05
63.8970602517 	 1.96923e-05
63.9705896651 	 1.96417e-05
64.0441190786 	 1.96206e-05
64.117648492 	 1.96047e-05
64.1911779054 	 1.9607e-05
64.2647073188 	 1.95859e-05
64.3382367322 	 1.95787e-05
64.4117661456 	 1.95719e-05
64.485295559 	 1.95565e-05
64.5588249724 	 1.95429e-05
64.6323543858 	 1.95299e-05
64.7058837992 	 1.95151e-05
64.7794132126 	 1.94993e-05
64.852942626 	 1.94783e-05
64.9264720395 	 1.94637e-05
65.0000014529 	 1.94659e-05
65.0735308663 	 1.94446e-05
65.1470602797 	 1.94295e-05
65.2205896931 	 1.94323e-05
65.2941191065 	 1.94085e-05
65.3676485199 	 1.93963e-05
65.4411779333 	 1.9366e-05
65.5147073467 	 1.93458e-05
65.5882367601 	 1.93333e-05
65.6617661735 	 1.93331e-05
65.7352955869 	 1.93183e-05
65.8088250004 	 1.9313e-05
65.8823544138 	 1.92997e-05
65.9558838272 	 1.92905e-05
66.0294132406 	 1.92685e-05
66.102942654 	 1.925e-05
66.1764720674 	 1.92365e-05
66.2500014808 	 1.92189e-05
66.3235308942 	 1.92014e-05
66.3970603076 	 1.91942e-05
66.470589721 	 1.91923e-05
66.5441191344 	 1.9184e-05
66.6176485478 	 1.91693e-05
66.6911779613 	 1.9163e-05
66.7647073747 	 1.9147e-05
66.8382367881 	 1.91315e-05
66.9117662015 	 1.91144e-05
66.9852956149 	 1.90982e-05
67.0588250283 	 1.90856e-05
67.1323544417 	 1.90679e-05
67.2058838551 	 1.9056e-05
67.2794132685 	 1.90399e-05
67.3529426819 	 1.90256e-05
67.4264720953 	 1.90144e-05
67.5000015087 	 1.90083e-05
67.5735309222 	 1.90035e-05
67.6470603356 	 1.89922e-05
67.720589749 	 1.89847e-05
67.7941191624 	 1.8968e-05
67.8676485758 	 1.89539e-05
67.9411779892 	 1.89342e-05
68.0147074026 	 1.89237e-05
68.088236816 	 1.89038e-05
68.1617662294 	 1.88923e-05
68.2352956428 	 1.888e-05
68.3088250562 	 1.88786e-05
68.3823544696 	 1.88736e-05
68.455883883 	 1.88605e-05
68.5294132965 	 1.88477e-05
68.6029427099 	 1.88333e-05
68.6764721233 	 1.8816e-05
68.7500015367 	 1.8805e-05
68.8235309501 	 1.87881e-05
68.8970603635 	 1.87752e-05
68.9705897769 	 1.87678e-05
69.0441191903 	 1.87597e-05
69.1176486037 	 1.87481e-05
69.1911780171 	 1.87388e-05
69.2647074305 	 1.87295e-05
69.3382368439 	 1.8717e-05
69.4117662574 	 1.87028e-05
69.4852956708 	 1.86889e-05
69.5588250842 	 1.86757e-05
69.6323544976 	 1.86648e-05
69.705883911 	 1.86547e-05
69.7794133244 	 1.86461e-05
69.8529427378 	 1.86362e-05
69.9264721512 	 1.8625e-05
70.0000015646 	 1.86159e-05
70.073530978 	 1.86057e-05
70.1470603914 	 1.85946e-05
70.2205898048 	 1.85826e-05
70.2941192183 	 1.85693e-05
70.3676486317 	 1.85544e-05
70.4411780451 	 1.8543e-05
70.5147074585 	 1.85317e-05
70.5882368719 	 1.85209e-05
70.6617662853 	 1.85144e-05
70.7352956987 	 1.85058e-05
70.8088251121 	 1.84971e-05
70.8823545255 	 1.84855e-05
70.9558839389 	 1.84747e-05
71.0294133523 	 1.84631e-05
71.1029427657 	 1.8449e-05
71.1764721792 	 1.84384e-05
71.2500015926 	 1.84265e-05
71.323531006 	 1.84174e-05
71.3970604194 	 1.84079e-05
71.4705898328 	 1.83989e-05
71.5441192462 	 1.83897e-05
71.6176486596 	 1.83802e-05
71.691178073 	 1.83703e-05
71.7647074864 	 1.83606e-05
71.8382368998 	 1.83488e-05
71.9117663132 	 1.83379e-05
71.9852957266 	 1.83272e-05
72.0588251401 	 1.83175e-05
72.1323545535 	 1.83069e-05
72.2058839669 	 1.82975e-05
72.2794133803 	 1.82885e-05
72.3529427937 	 1.82782e-05
72.4264722071 	 1.82685e-05
72.5000016205 	 1.82596e-05
72.5735310339 	 1.82498e-05
72.6470604473 	 1.82404e-05
72.7205898607 	 1.82297e-05
72.7941192741 	 1.82197e-05
72.8676486875 	 1.82095e-05
72.941178101 	 1.81999e-05
73.0147075144 	 1.81908e-05
73.0882369278 	 1.81812e-05
73.1617663412 	 1.8172e-05
73.2352957546 	 1.81619e-05
73.308825168 	 1.81528e-05
73.3823545814 	 1.81434e-05
73.4558839948 	 1.81339e-05
73.5294134082 	 1.81248e-05
73.6029428216 	 1.81155e-05
73.676472235 	 1.81055e-05
73.7500016484 	 1.80966e-05
73.8235310618 	 1.80871e-05
73.8970604753 	 1.80783e-05
73.9705898887 	 1.80691e-05
74.0441193021 	 1.80608e-05
74.1176487155 	 1.80517e-05
74.1911781289 	 1.8043e-05
74.2647075423 	 1.80339e-05
74.3382369557 	 1.80247e-05
74.4117663691 	 1.80153e-05
74.4852957825 	 1.80062e-05
74.5588251959 	 1.79972e-05
74.6323546093 	 1.79885e-05
74.7058840227 	 1.79799e-05
74.7794134362 	 1.79711e-05
74.8529428496 	 1.79627e-05
74.926472263 	 1.79539e-05
75.0000016764 	 1.79452e-05
75.0735310898 	 1.79366e-05
75.1470605032 	 1.79278e-05
75.2205899166 	 1.79194e-05
75.29411933 	 1.79105e-05
75.3676487434 	 1.7902e-05
75.4411781568 	 1.78934e-05
75.5147075702 	 1.78853e-05
75.5882369836 	 1.78769e-05
75.6617663971 	 1.78684e-05
75.7352958105 	 1.78597e-05
75.8088252239 	 1.78515e-05
75.8823546373 	 1.78438e-05
75.9558840507 	 1.78361e-05
76.0294134641 	 1.78278e-05
76.1029428775 	 1.78194e-05
76.1764722909 	 1.78106e-05
76.2500017043 	 1.78024e-05
76.3235311177 	 1.77943e-05
76.3970605311 	 1.77863e-05
76.4705899445 	 1.77782e-05
76.544119358 	 1.777e-05
76.6176487714 	 1.77622e-05
76.6911781848 	 1.77547e-05
76.7647075982 	 1.77471e-05
76.8382370116 	 1.77392e-05
76.911766425 	 1.7731e-05
76.9852958384 	 1.77227e-05
77.0588252518 	 1.7715e-05
77.1323546652 	 1.77073e-05
77.2058840786 	 1.76998e-05
77.279413492 	 1.76922e-05
77.3529429054 	 1.76845e-05
77.4264723189 	 1.76768e-05
77.5000017323 	 1.76691e-05
77.5735311457 	 1.76618e-05
77.6470605591 	 1.76541e-05
77.7205899725 	 1.76464e-05
77.7941193859 	 1.76388e-05
77.8676487993 	 1.76314e-05
77.9411782127 	 1.76239e-05
78.0147076261 	 1.76169e-05
78.0882370395 	 1.76097e-05
78.1617664529 	 1.76025e-05
78.2352958663 	 1.75949e-05
78.3088252798 	 1.75874e-05
78.3823546932 	 1.75801e-05
78.4558841066 	 1.75728e-05
78.52941352 	 1.75659e-05
78.6029429334 	 1.75588e-05
78.6764723468 	 1.75516e-05
78.7500017602 	 1.75446e-05
78.8235311736 	 1.75372e-05
78.897060587 	 1.75303e-05
78.9705900004 	 1.75234e-05
79.0441194138 	 1.75164e-05
79.1176488272 	 1.75093e-05
79.1911782406 	 1.75022e-05
79.2647076541 	 1.74953e-05
79.3382370675 	 1.74887e-05
79.4117664809 	 1.74821e-05
79.4852958943 	 1.74754e-05
79.5588253077 	 1.74685e-05
79.6323547211 	 1.74615e-05
79.7058841345 	 1.74547e-05
79.7794135479 	 1.74479e-05
79.8529429613 	 1.74415e-05
79.9264723747 	 1.74345e-05
80.0000017881 	 1.74279e-05
80.0735312015 	 1.74218e-05
80.147060615 	 1.74151e-05
80.2205900284 	 1.74085e-05
80.2941194418 	 1.7402e-05
80.3676488552 	 1.73957e-05
80.4411782686 	 1.73892e-05
80.514707682 	 1.73829e-05
80.5882370954 	 1.73762e-05
80.6617665088 	 1.73699e-05
80.7352959222 	 1.73635e-05
80.8088253356 	 1.73574e-05
80.882354749 	 1.73514e-05
80.9558841624 	 1.73448e-05
81.0294135759 	 1.73385e-05
81.1029429893 	 1.73322e-05
81.1764724027 	 1.73262e-05
81.2500018161 	 1.73203e-05
81.3235312295 	 1.73142e-05
81.3970606429 	 1.73081e-05
81.4705900563 	 1.73018e-05
81.5441194697 	 1.72958e-05
81.6176488831 	 1.72896e-05
81.6911782965 	 1.72838e-05
81.7647077099 	 1.72779e-05
81.8382371233 	 1.72721e-05
81.9117665368 	 1.72662e-05
81.9852959502 	 1.72604e-05
82.0588253636 	 1.72547e-05
82.132354777 	 1.72488e-05
82.2058841904 	 1.72431e-05
82.2794136038 	 1.72372e-05
82.3529430172 	 1.72313e-05
82.4264724306 	 1.72256e-05
82.500001844 	 1.722e-05
82.5735312574 	 1.72145e-05
82.6470606708 	 1.72088e-05
82.7205900842 	 1.72032e-05
82.7941194977 	 1.71976e-05
82.8676489111 	 1.71921e-05
82.9411783245 	 1.71863e-05
83.0147077379 	 1.71809e-05
83.0882371513 	 1.71754e-05
83.1617665647 	 1.71702e-05
83.2352959781 	 1.7165e-05
83.3088253915 	 1.71599e-05
83.3823548049 	 1.71544e-05
83.4558842183 	 1.71489e-05
83.5294136317 	 1.71432e-05
83.6029430451 	 1.71378e-05
83.6764724586 	 1.71327e-05
83.750001872 	 1.71276e-05
83.8235312854 	 1.71224e-05
83.8970606988 	 1.71175e-05
83.9705901122 	 1.71125e-05
84.0441195256 	 1.71072e-05
84.117648939 	 1.7102e-05
84.1911783524 	 1.70968e-05
84.2647077658 	 1.70919e-05
84.3382371792 	 1.70868e-05
84.4117665926 	 1.70819e-05
84.485296006 	 1.70769e-05
84.5588254194 	 1.7072e-05
84.6323548329 	 1.70672e-05
84.7058842463 	 1.70621e-05
84.7794136597 	 1.70574e-05
84.8529430731 	 1.70526e-05
84.9264724865 	 1.70476e-05
85.0000018999 	 1.70427e-05
85.0735313133 	 1.70382e-05
85.1470607267 	 1.70334e-05
85.2205901401 	 1.70287e-05
85.2941195535 	 1.7024e-05
85.3676489669 	 1.70194e-05
85.4411783803 	 1.70148e-05
85.5147077938 	 1.70103e-05
85.5882372072 	 1.70055e-05
85.6617666206 	 1.70012e-05
85.735296034 	 1.69964e-05
85.8088254474 	 1.69918e-05
85.8823548608 	 1.69876e-05
85.9558842742 	 1.69833e-05
86.0294136876 	 1.69786e-05
86.102943101 	 1.69741e-05
86.1764725144 	 1.69697e-05
86.2500019278 	 1.69656e-05
86.3235313412 	 1.69611e-05
86.3970607547 	 1.69567e-05
86.4705901681 	 1.69524e-05
86.5441195815 	 1.69483e-05
86.6176489949 	 1.6944e-05
86.6911784083 	 1.69401e-05
86.7647078217 	 1.69357e-05
86.8382372351 	 1.69318e-05
86.9117666485 	 1.69274e-05
86.9852960619 	 1.69232e-05
87.0588254753 	 1.69195e-05
87.1323548887 	 1.69151e-05
87.2058843021 	 1.6911e-05
87.2794137156 	 1.69071e-05
87.352943129 	 1.69031e-05
87.4264725424 	 1.68992e-05
87.5000019558 	 1.68953e-05
87.5735313692 	 1.68915e-05
87.6470607826 	 1.68877e-05
87.720590196 	 1.68838e-05
87.7941196094 	 1.68799e-05
87.8676490228 	 1.68759e-05
87.9411784362 	 1.68718e-05
88.0147078496 	 1.68681e-05
88.088237263 	 1.68643e-05
88.1617666765 	 1.6861e-05
88.2352960899 	 1.68575e-05
88.3088255033 	 1.68541e-05
88.3823549167 	 1.68501e-05
88.4558843301 	 1.68464e-05
88.5294137435 	 1.68428e-05
88.6029431569 	 1.68389e-05
88.6764725703 	 1.68353e-05
88.7500019837 	 1.68321e-05
88.8235313971 	 1.68284e-05
88.8970608105 	 1.68252e-05
88.9705902239 	 1.68218e-05
89.0441196374 	 1.68184e-05
89.1176490508 	 1.6815e-05
89.1911784642 	 1.68118e-05
89.2647078776 	 1.68084e-05
89.338237291 	 1.68048e-05
89.4117667044 	 1.68013e-05
89.4852961178 	 1.67983e-05
89.5588255312 	 1.67949e-05
89.6323549446 	 1.67916e-05
89.705884358 	 1.67886e-05
89.7794137714 	 1.67853e-05
89.8529431848 	 1.6782e-05
89.9264725982 	 1.67792e-05
90.0000020117 	 1.67763e-05
90.0735314251 	 1.67733e-05
90.1470608385 	 1.67697e-05
90.2205902519 	 1.67664e-05
90.2941196653 	 1.67633e-05
90.3676490787 	 1.67604e-05
90.4411784921 	 1.67577e-05
90.5147079055 	 1.67549e-05
90.5882373189 	 1.6752e-05
90.6617667323 	 1.67491e-05
90.7352961457 	 1.67463e-05
90.8088255591 	 1.67434e-05
90.8823549726 	 1.67404e-05
90.955884386 	 1.67377e-05
91.0294137994 	 1.67347e-05
91.1029432128 	 1.67318e-05
91.1764726262 	 1.67292e-05
91.2500020396 	 1.67266e-05
91.323531453 	 1.67236e-05
91.3970608664 	 1.67213e-05
91.4705902798 	 1.67186e-05
91.5441196932 	 1.67159e-05
91.6176491066 	 1.67132e-05
91.69117852 	 1.67105e-05
91.7647079335 	 1.67081e-05
91.8382373469 	 1.67056e-05
91.9117667603 	 1.67031e-05
91.9852961737 	 1.67009e-05
92.0588255871 	 1.66985e-05
92.1323550005 	 1.66959e-05
92.2058844139 	 1.66933e-05
92.2794138273 	 1.66908e-05
92.3529432407 	 1.66886e-05
92.4264726541 	 1.66861e-05
92.5000020675 	 1.66841e-05
92.5735314809 	 1.6682e-05
92.6470608944 	 1.66794e-05
92.7205903078 	 1.66771e-05
92.7941197212 	 1.66749e-05
92.8676491346 	 1.66728e-05
92.941178548 	 1.66702e-05
93.0147079614 	 1.66678e-05
93.0882373748 	 1.66656e-05
93.1617667882 	 1.66637e-05
93.2352962016 	 1.66618e-05
93.308825615 	 1.66602e-05
93.3823550284 	 1.66584e-05
93.4558844418 	 1.66563e-05
93.5294138553 	 1.6654e-05
93.6029432687 	 1.66517e-05
93.6764726821 	 1.66495e-05
93.7500020955 	 1.66476e-05
93.8235315089 	 1.66456e-05
93.8970609223 	 1.66443e-05
93.9705903357 	 1.66426e-05
94.0441197491 	 1.66409e-05
94.1176491625 	 1.66389e-05
94.1911785759 	 1.66368e-05
94.2647079893 	 1.66348e-05
94.3382374027 	 1.6633e-05
94.4117668161 	 1.66312e-05
94.4852962296 	 1.66293e-05
94.558825643 	 1.66281e-05
94.6323550564 	 1.66267e-05
94.7058844698 	 1.66251e-05
94.7794138832 	 1.66232e-05
94.8529432966 	 1.66215e-05
94.92647271 	 1.662e-05
95.0000021234 	 1.66186e-05
95.0735315368 	 1.6617e-05
95.1470609502 	 1.66155e-05
95.2205903636 	 1.66138e-05
95.294119777 	 1.66122e-05
95.3676491905 	 1.66111e-05
95.4411786039 	 1.66099e-05
95.5147080173 	 1.66087e-05
95.5882374307 	 1.66069e-05
95.6617668441 	 1.66052e-05
95.7352962575 	 1.66041e-05
95.8088256709 	 1.66026e-05
95.8823550843 	 1.66015e-05
95.9558844977 	 1.66004e-05
96.0294139111 	 1.65992e-05
96.1029433245 	 1.65979e-05
96.1764727379 	 1.6597e-05
96.2500021514 	 1.65959e-05
96.3235315648 	 1.65943e-05
96.3970609782 	 1.65935e-05
96.4705903916 	 1.65924e-05
96.544119805 	 1.65911e-05
96.6176492184 	 1.65899e-05
96.6911786318 	 1.65889e-05
96.7647080452 	 1.65877e-05
96.8382374586 	 1.65867e-05
96.911766872 	 1.65862e-05
96.9852962854 	 1.65853e-05
97.0588256988 	 1.65843e-05
97.1323551123 	 1.65831e-05
97.2058845257 	 1.65824e-05
97.2794139391 	 1.65816e-05
97.3529433525 	 1.65807e-05
97.4264727659 	 1.658e-05
97.5000021793 	 1.6579e-05
97.5735315927 	 1.65781e-05
97.6470610061 	 1.65777e-05
97.7205904195 	 1.6577e-05
97.7941198329 	 1.65764e-05
97.8676492463 	 1.65756e-05
97.9411786597 	 1.65749e-05
98.0147080732 	 1.65742e-05
98.0882374866 	 1.65736e-05
98.1617669 	 1.65729e-05
98.2352963134 	 1.65725e-05
98.3088257268 	 1.65717e-05
98.3823551402 	 1.65715e-05
98.4558845536 	 1.6571e-05
98.529413967 	 1.65704e-05
98.6029433804 	 1.65695e-05
98.6764727938 	 1.65692e-05
98.7500022072 	 1.65691e-05
98.8235316206 	 1.6569e-05
98.8970610341 	 1.65688e-05
98.9705904475 	 1.65682e-05
99.0441198609 	 1.65677e-05
99.1176492743 	 1.65673e-05
99.1911786877 	 1.6567e-05
99.2647081011 	 1.65669e-05
99.3382375145 	 1.65665e-05
99.4117669279 	 1.65665e-05
99.4852963413 	 1.65665e-05
99.5588257547 	 1.65663e-05
99.6323551681 	 1.65659e-05
99.7058845815 	 1.65658e-05
99.7794139949 	 1.65658e-05
99.8529434084 	 1.65657e-05
99.9264728218 	 1.65654e-05
100.000002235 	 1.65653e-05
