0.0 	 4.19435e-05
0.0381970978744 	 0.000314592
0.0763941957488 	 0.00198546
0.114591293623 	 0.00509271
0.152788391498 	 0.0184259
0.190985489372 	 0.00955303
0.229182587246 	 0.0119154
0.267379685121 	 0.0176342
0.305576782995 	 0.0149745
0.34377388087 	 0.0137767
0.381970978744 	 0.0149211
0.420168076618 	 0.0125788
0.458365174493 	 0.0193722
0.496562272367 	 0.0163757
0.534759370242 	 0.0154371
0.572956468116 	 0.0325215
0.61115356599 	 0.00530378
0.649350663865 	 0.0085332
0.687547761739 	 0.021862
0.725744859614 	 0.0338245
0.763941957488 	 0.0121438
0.802139055362 	 0.040052
0.840336153237 	 0.0541717
0.878533251111 	 0.0202212
0.916730348986 	 0.0111356
0.95492744686 	 0.070156
0.993124544734 	 0.0260668
1.03132164261 	 0.0537771
1.06951874048 	 0.00745435
1.10771583836 	 0.0373362
1.14591293623 	 0.00868304
1.18411003411 	 0.0290574
1.22230713198 	 0.0153563
1.26050422986 	 0.0255121
1.29870132773 	 0.0113512
1.3368984256 	 0.0460463
1.37509552348 	 0.0385749
1.41329262135 	 0.0575345
1.45148971923 	 0.0249764
1.4896868171 	 0.0108589
1.52788391498 	 0.0374301
1.56608101285 	 0.0624333
1.60427811072 	 0.0361059
1.6424752086 	 0.00382995
1.68067230647 	 0.0143952
1.71886940435 	 0.013149
1.75706650222 	 0.0246971
1.7952636001 	 0.0329481
1.83346069797 	 0.0544378
1.87165779585 	 0.0353363
1.90985489372 	 0.0654007
1.94805199159 	 0.0307259
1.98624908947 	 0.0507838
2.02444618734 	 0.0533823
2.06264328522 	 0.0802815
2.10084038309 	 0.0942443
2.13903748097 	 0.0683031
2.17723457884 	 0.0344839
2.21543167672 	 0.0595245
2.25362877459 	 0.0578417
2.29182587246 	 0.0899858
2.33002297034 	 0.0601592
2.36822006821 	 0.0630832
2.40641716609 	 0.0772762
2.44461426396 	 0.045623
2.48281136184 	 0.0313908
2.52100845971 	 0.0553719
2.55920555758 	 0.0908585
2.59740265546 	 0.0617628
2.63559975333 	 0.0148468
2.67379685121 	 0.0901387
2.71199394908 	 0.0619992
2.75019104696 	 0.0274049
2.78838814483 	 0.0380049
2.82658524271 	 0.08475
2.86478234058 	 0.0372279
2.90297943845 	 0.0435494
2.94117653633 	 0.101016
2.9793736342 	 0.152253
3.01757073208 	 0.132033
3.05576782995 	 0.00538595
3.09396492783 	 0.0868045
3.1321620257 	 0.0746149
3.17035912358 	 0.0415059
3.20855622145 	 0.106327
3.24675331932 	 0.188219
3.2849504172 	 0.222639
3.32314751507 	 0.202615
3.36134461295 	 0.189357
3.39954171082 	 0.297929
3.4377388087 	 0.289575
3.47593590657 	 0.132446
3.51413300444 	 0.247467
3.55233010232 	 0.314369
3.59052720019 	 0.309097
3.62872429807 	 0.375717
3.66692139594 	 0.458419
3.70511849382 	 0.602529
3.74331559169 	 0.418166
3.78151268957 	 0.408667
3.81970978744 	 0.313186
3.85790688531 	 0.313166
3.89610398319 	 0.25907
3.93430108106 	 0.119874
3.97249817894 	 0.0462066
4.01069527681 	 0.0503717
4.04889237469 	 0.0579968
4.08708947256 	 0.0316298
4.12528657043 	 0.0115528
4.16348366831 	 0.0544388
4.20168076618 	 0.0607317
4.23987786406 	 0.0529283
4.27807496193 	 0.0567891
4.31627205981 	 0.0436095
4.35446915768 	 0.0501008
4.39266625556 	 0.0624754
4.43086335343 	 0.0594284
4.4690604513 	 0.0294539
4.50725754918 	 0.0197822
4.54545464705 	 0.00795243
4.58365174493 	 0.0146889
4.6218488428 	 0.0274149
4.66004594068 	 0.00552203
4.69824303855 	 0.0287164
4.73644013643 	 0.049067
4.7746372343 	 0.0596078
4.81283433217 	 0.0580111
4.85103143005 	 0.0477683
4.88922852792 	 0.0464604
4.9274256258 	 0.043463
4.96562272367 	 0.0466895
5.00381982155 	 0.0424522
5.04201691942 	 0.0377326
5.08021401729 	 0.0331999
5.11841111517 	 0.0354797
5.15660821304 	 0.0305884
5.19480531092 	 0.0440874
5.23300240879 	 0.0452508
5.27119950667 	 0.0458279
5.30939660454 	 0.0430776
5.34759370242 	 0.0373661
5.38579080029 	 0.0368301
5.42398789816 	 0.0341679
5.46218499604 	 0.0447758
5.50038209391 	 0.0394367
5.53857919179 	 0.0366604
5.57677628966 	 0.0397471
5.61497338754 	 0.0511501
5.65317048541 	 0.0452357
5.69136758329 	 0.0428002
5.72956468116 	 0.0403038
5.76776177903 	 0.0387425
5.80595887691 	 0.0384696
5.84415597478 	 0.0425434
5.88235307266 	 0.0456058
5.92055017053 	 0.0379875
5.95874726841 	 0.0204406
5.99694436628 	 0.0240665
6.03514146415 	 0.0306585
6.07333856203 	 0.0285435
6.1115356599 	 0.0239514
6.14973275778 	 0.0242343
6.18792985565 	 0.0180612
6.22612695353 	 0.0185575
6.2643240514 	 0.0198422
6.30252114928 	 0.0225607
6.34071824715 	 0.0250768
6.37891534502 	 0.0161376
6.4171124429 	 0.0190437
6.45530954077 	 0.0235491
6.49350663865 	 0.0237553
6.53170373652 	 0.0273254
6.5699008344 	 0.0269077
6.60809793227 	 0.0301071
6.64629503015 	 0.0324122
6.68449212802 	 0.0402143
6.72268922589 	 0.0312006
6.76088632377 	 0.0336574
6.79908342164 	 0.0277273
6.83728051952 	 0.0270691
6.87547761739 	 0.0231795
6.91367471527 	 0.0129833
6.95187181314 	 0.0183687
6.99006891101 	 0.0165552
7.02826600889 	 0.0129365
7.06646310676 	 0.0163682
7.10466020464 	 0.0163828
7.14285730251 	 0.0284677
7.18105440039 	 0.015452
7.21925149826 	 0.0135763
7.25744859614 	 0.00618461
7.29564569401 	 0.00384712
7.33384279188 	 0.0136078
7.37203988976 	 0.0153701
7.41023698763 	 0.0184385
7.44843408551 	 0.0169736
7.48663118338 	 0.00942861
7.52482828126 	 0.00212798
7.56302537913 	 0.0110088
7.60122247701 	 0.00189032
7.63941957488 	 0.00527297
7.67761667275 	 0.00258614
7.71581377063 	 0.00937493
7.7540108685 	 0.00509954
7.79220796638 	 0.0157252
7.83040506425 	 0.0160493
7.86860216213 	 0.0153975
7.90679926 	 0.0156483
7.94499635787 	 0.0088026
7.98319345575 	 0.00310172
8.02139055362 	 0.00468239
8.0595876515 	 0.00700789
8.09778474937 	 0.0154346
8.13598184725 	 0.0148407
8.17417894512 	 0.0150169
8.212376043 	 0.0144893
8.25057314087 	 0.0102354
8.28877023874 	 0.00906498
8.32696733662 	 0.00390311
8.36516443449 	 0.00582755
8.40336153237 	 0.0112792
8.44155863024 	 0.0146201
8.47975572812 	 0.0197873
8.51795282599 	 0.021747
8.55614992387 	 0.0284987
8.59434702174 	 0.0361969
8.63254411961 	 0.0438709
8.67074121749 	 0.0428642
8.70893831536 	 0.0445063
8.74713541324 	 0.0392273
8.78533251111 	 0.0406989
8.82352960899 	 0.0347338
8.86172670686 	 0.0352651
8.89992380473 	 0.0315362
8.93812090261 	 0.0253228
8.97631800048 	 0.0217536
9.01451509836 	 0.0154784
9.05271219623 	 0.00799688
9.09090929411 	 0.00346565
9.12910639198 	 0.00759842
9.16730348986 	 0.00765487
9.20550058773 	 0.0123483
9.2436976856 	 0.0113161
9.28189478348 	 0.0132172
9.32009188135 	 0.0190497
9.35828897923 	 0.0199182
9.3964860771 	 0.0148364
9.43468317498 	 0.0170796
9.47288027285 	 0.00853147
9.51107737073 	 0.00676509
9.5492744686 	 0.0107711
9.58747156647 	 0.0160632
9.62566866435 	 0.0184806
9.66386576222 	 0.0154675
9.7020628601 	 0.012668
9.74025995797 	 0.0111016
9.77845705585 	 0.00573426
9.81665415372 	 0.0134304
9.85485125159 	 0.0103322
9.89304834947 	 0.0187094
9.93124544734 	 0.0170449
9.96944254522 	 0.0119171
10.0076396431 	 0.0087771
10.045836741 	 0.0058193
10.0840338388 	 0.00759979
10.1222309367 	 0.00730631
10.1604280346 	 0.00506518
10.1986251325 	 0.00320509
10.2368222303 	 0.00954425
10.2750193282 	 0.0103039
10.3132164261 	 0.00616562
10.351413524 	 0.0120945
10.3896106218 	 0.0144452
10.4278077197 	 0.0125961
10.4660048176 	 0.0171301
10.5042019155 	 0.0125435
10.5423990133 	 0.0133121
10.5805961112 	 0.00782288
10.6187932091 	 0.0053263
10.656990307 	 0.000489275
10.6951874048 	 0.00634981
10.7333845027 	 0.00755628
10.7715816006 	 0.00991953
10.8097786985 	 0.0105528
10.8479757963 	 0.0129527
10.8861728942 	 0.00921143
10.9243699921 	 0.017318
10.96256709 	 0.018553
11.0007641878 	 0.0183459
11.0389612857 	 0.0186401
11.0771583836 	 0.01753
11.1153554814 	 0.0216469
11.1535525793 	 0.0248116
11.1917496772 	 0.0209975
11.2299467751 	 0.0223878
11.2681438729 	 0.0192003
11.3063409708 	 0.0153809
11.3445380687 	 0.0154777
11.3827351666 	 0.0106397
11.4209322644 	 0.0125371
11.4591293623 	 0.01326
11.4973264602 	 0.0199887
11.5355235581 	 0.0234338
11.5737206559 	 0.0234735
11.6119177538 	 0.0250711
11.6501148517 	 0.0230769
11.6883119496 	 0.0262017
11.7265090474 	 0.0197877
11.7647061453 	 0.0150315
11.8029032432 	 0.0139703
11.8411003411 	 0.0218762
11.8792974389 	 0.0304818
11.9174945368 	 0.0322784
11.9556916347 	 0.0363086
11.9938887326 	 0.0387462
12.0320858304 	 0.0358572
12.0702829283 	 0.0378133
12.1084800262 	 0.0314027
12.1466771241 	 0.0291159
12.1848742219 	 0.0232498
12.2230713198 	 0.0247762
12.2612684177 	 0.0188172
12.2994655156 	 0.0185588
12.3376626134 	 0.0135022
12.3758597113 	 0.0107735
12.4140568092 	 0.00825852
12.4522539071 	 0.00705937
12.4904510049 	 0.00707796
12.5286481028 	 0.00315085
12.5668452007 	 0.000139812
12.6050422986 	 0.00274679
12.6432393964 	 0.00681958
12.6814364943 	 0.0103422
12.7196335922 	 0.014638
12.75783069 	 0.0133843
12.7960277879 	 0.0107961
12.8342248858 	 0.00907035
12.8724219837 	 0.00763553
12.9106190815 	 0.00491605
12.9488161794 	 0.00357643
12.9870132773 	 0.00164514
13.0252103752 	 0.00520156
13.063407473 	 0.00521939
13.1016045709 	 0.00792909
13.1398016688 	 0.00826622
13.1779987667 	 0.00765955
13.2161958645 	 0.00632069
13.2543929624 	 0.00525309
13.2925900603 	 0.00492258
13.3307871582 	 0.00546853
13.368984256 	 0.00286858
13.4071813539 	 0.0048595
13.4453784518 	 0.00632548
13.4835755497 	 0.0031788
13.5217726475 	 0.00141988
13.5599697454 	 0.000978207
13.5981668433 	 0.00173688
13.6363639412 	 0.000950618
13.674561039 	 0.00236609
13.7127581369 	 0.00203497
13.7509552348 	 0.00178828
13.7891523327 	 0.00226746
13.8273494305 	 0.00192303
13.8655465284 	 0.00166991
13.9037436263 	 0.00150252
13.9419407242 	 0.00104183
13.980137822 	 0.00103757
14.0183349199 	 0.000767109
14.0565320178 	 0.00122312
14.0947291157 	 0.00139394
14.1329262135 	 0.00180191
14.1711233114 	 0.00279153
14.2093204093 	 0.00420905
14.2475175072 	 0.00417996
14.285714605 	 0.00455435
14.3239117029 	 0.00446571
14.3621088008 	 0.00391119
14.4003058986 	 0.00267981
14.4385029965 	 0.00258545
14.4767000944 	 0.00206539
14.5148971923 	 0.00182882
14.5530942901 	 0.00091376
14.591291388 	 0.00138548
14.6294884859 	 0.00144123
14.6676855838 	 0.00174742
14.7058826816 	 0.00271999
14.7440797795 	 0.00164737
14.7822768774 	 0.00244523
14.8204739753 	 0.00295296
14.8586710731 	 0.00386557
14.896868171 	 0.00308797
14.9350652689 	 0.00351543
14.9732623668 	 0.00250831
15.0114594646 	 0.00243592
15.0496565625 	 0.00247937
15.0878536604 	 0.00250798
15.1260507583 	 0.00302529
15.1642478561 	 0.0033686
15.202444954 	 0.00302353
15.2406420519 	 0.00342487
15.2788391498 	 0.00321126
15.3170362476 	 0.00251122
15.3552333455 	 0.00144759
15.3934304434 	 0.000762683
15.4316275413 	 0.000774826
15.4698246391 	 0.00103635
15.508021737 	 0.00167
15.5462188349 	 0.00207018
15.5844159328 	 0.00182103
15.6226130306 	 0.00270072
15.6608101285 	 0.00219229
15.6990072264 	 0.00174032
15.7372043243 	 0.000456978
15.7754014221 	 0.000379115
15.81359852 	 0.000955977
15.8517956179 	 0.0011586
15.8899927157 	 0.00196947
15.9281898136 	 0.00216311
15.9663869115 	 0.00157247
16.0045840094 	 0.000628948
16.0427811072 	 0.00106041
16.0809782051 	 0.00157575
16.119175303 	 0.00126388
16.1573724009 	 0.00220935
16.1955694987 	 0.00187189
16.2337665966 	 0.00193307
16.2719636945 	 0.00195614
16.3101607924 	 0.00210644
16.3483578902 	 0.00192775
16.3865549881 	 0.00132947
16.424752086 	 0.00127441
16.4629491839 	 0.00119077
16.5011462817 	 0.000500503
16.5393433796 	 0.000708864
16.5775404775 	 0.000580972
16.6157375754 	 0.00122648
16.6539346732 	 0.000924224
16.6921317711 	 0.000981769
16.730328869 	 0.00132718
16.7685259669 	 0.00120024
16.8067230647 	 0.00130447
16.8449201626 	 0.00153417
16.8831172605 	 0.00113736
16.9213143584 	 0.000695978
16.9595114562 	 0.000463983
16.9977085541 	 0.000820876
17.035905652 	 0.00108446
17.0741027499 	 0.0013799
17.1122998477 	 0.00211153
17.1504969456 	 0.00220403
17.1886940435 	 0.00257239
17.2268911414 	 0.00184025
17.2650882392 	 0.00175602
17.3032853371 	 0.00116119
17.341482435 	 0.000994383
17.3796795329 	 0.00118725
17.4178766307 	 0.00144368
17.4560737286 	 0.00159632
17.4942708265 	 0.00144345
17.5324679243 	 0.00161554
17.5706650222 	 0.00109604
17.6088621201 	 0.00066265
17.647059218 	 0.000371961
17.6852563158 	 0.000919638
17.7234534137 	 0.00124485
17.7616505116 	 0.00171399
17.7998476095 	 0.00160778
17.8380447073 	 0.0012609
17.8762418052 	 0.000690702
17.9144389031 	 0.000474469
17.952636001 	 0.000315067
17.9908330988 	 0.000490562
18.0290301967 	 0.000416448
18.0672272946 	 0.000855473
18.1054243925 	 0.000814251
18.1436214903 	 0.00118225
18.1818185882 	 0.00130871
18.2200156861 	 0.00112512
18.258212784 	 0.000905633
18.2964098818 	 0.000853694
18.3346069797 	 0.000918272
18.3728040776 	 0.000973548
18.4110011755 	 0.00116619
18.4491982733 	 0.00113306
18.4873953712 	 0.000792782
18.5255924691 	 0.000693082
18.563789567 	 0.00065827
18.6019866648 	 0.000811743
18.6401837627 	 0.000917929
18.6783808606 	 0.000773269
18.7165779585 	 0.000401009
18.7547750563 	 0.000345283
18.7929721542 	 0.000276834
18.8311692521 	 0.000361032
18.86936635 	 0.000381981
18.9075634478 	 0.00041226
18.9457605457 	 0.000372686
18.9839576436 	 0.000286811
19.0221547415 	 3.25414e-05
19.0603518393 	 2.31336e-05
19.0985489372 	 0.000402234
19.1367460351 	 0.000363609
19.1749431329 	 0.000358538
19.2131402308 	 0.000395504
19.2513373287 	 0.000220149
19.2895344266 	 0.000318924
19.3277315244 	 0.000272741
19.3659286223 	 0.00056082
19.4041257202 	 0.000539122
19.4423228181 	 0.000579898
19.4805199159 	 0.000481927
19.5187170138 	 0.000470556
19.5569141117 	 0.000564452
19.5951112096 	 0.000564157
19.6333083074 	 0.000649131
19.6715054053 	 0.000432118
19.7097025032 	 0.000312334
19.7478996011 	 0.000171003
19.7860966989 	 0.00012716
19.8242937968 	 0.00031209
19.8624908947 	 0.000596699
19.9006879926 	 0.000604226
19.9388850904 	 0.000585732
19.9770821883 	 0.000370486
20.0152792862 	 0.000185323
20.0534763841 	 0.000210379
20.0916734819 	 0.000113052
20.1298705798 	 0.000124035
20.1680676777 	 0.000123721
20.2062647756 	 0.000122747
20.2444618734 	 0.000148463
20.2826589713 	 0.000197732
20.3208560692 	 7.51608e-05
20.3590531671 	 8.90494e-05
20.3972502649 	 0.000128231
20.4354473628 	 0.000152006
20.4736444607 	 0.000159406
20.5118415586 	 0.000244076
20.5500386564 	 0.000264909
20.5882357543 	 0.000179798
20.6264328522 	 0.000171776
20.66462995 	 0.000114222
20.7028270479 	 0.000183563
20.7410241458 	 0.000281147
20.7792212437 	 0.000343897
20.8174183415 	 0.000267802
20.8556154394 	 0.000183582
20.8938125373 	 0.000127252
20.9320096352 	 0.000154207
20.970206733 	 0.000249891
21.0084038309 	 0.000163987
21.0466009288 	 0.000173045
21.0847980267 	 0.000119337
21.1229951245 	 0.000162904
21.1611922224 	 0.000211975
21.1993893203 	 0.00016836
21.2375864182 	 0.000138993
21.275783516 	 0.000107596
21.3139806139 	 9.28616e-05
21.3521777118 	 8.71798e-05
21.3903748097 	 7.37093e-05
21.4285719075 	 8.3924e-05
21.4667690054 	 9.35035e-05
21.5049661033 	 9.63938e-05
21.5431632012 	 0.000129187
21.581360299 	 0.000116882
21.6195573969 	 0.000121363
21.6577544948 	 8.92308e-05
21.6959515927 	 0.00010083
21.7341486905 	 9.71677e-05
21.7723457884 	 0.000136273
21.8105428863 	 9.34081e-05
21.8487399842 	 0.000137557
21.886937082 	 0.000141698
21.9251341799 	 0.000115536
21.9633312778 	 7.44801e-05
22.0015283757 	 9.86994e-05
22.0397254735 	 7.85662e-05
22.0779225714 	 8.36691e-05
22.1161196693 	 0.000116687
22.1543167672 	 0.000134074
22.192513865 	 0.00016432
22.2307109629 	 0.000178801
22.2689080608 	 0.000181216
22.3071051586 	 0.000164599
22.3453022565 	 0.000157621
22.3834993544 	 0.000132623
22.4216964523 	 0.000130251
22.4598935501 	 0.000164076
22.498090648 	 0.000200816
22.5362877459 	 0.000171725
22.5744848438 	 0.000104422
22.6126819416 	 7.00292e-05
22.6508790395 	 0.000109719
22.6890761374 	 0.000163001
22.7272732353 	 0.000118804
22.7654703331 	 0.000103715
22.803667431 	 9.0757e-05
22.8418645289 	 8.39178e-05
22.8800616268 	 8.67677e-05
22.9182587246 	 6.40032e-05
22.9564558225 	 4.18088e-05
22.9946529204 	 1.27518e-05
23.0328500183 	 1.24442e-05
23.0710471161 	 2.38909e-05
23.109244214 	 3.66586e-05
23.1474413119 	 4.03817e-05
23.1856384098 	 2.57865e-05
23.2238355076 	 1.0139e-05
23.2620326055 	 4.09657e-05
23.3002297034 	 3.51936e-05
23.3384268013 	 3.3559e-06
23.3766238991 	 1.46625e-05
23.414820997 	 6.18071e-05
23.4530180949 	 7.28044e-05
23.4912151928 	 4.19025e-05
23.5294122906 	 2.14684e-05
23.5676093885 	 9.69457e-06
23.6058064864 	 2.35518e-05
23.6440035843 	 3.19984e-05
23.6822006821 	 5.9985e-05
23.72039778 	 6.94089e-05
23.7585948779 	 6.38201e-05
23.7967919758 	 3.60134e-05
23.8349890736 	 2.16399e-05
23.8731861715 	 1.82268e-05
23.9113832694 	 1.17791e-05
23.9495803672 	 8.28943e-06
23.9877774651 	 2.72347e-05
24.025974563 	 3.02141e-05
24.0641716609 	 1.37343e-05
24.1023687587 	 1.36646e-05
24.1405658566 	 3.08707e-05
24.1787629545 	 5.41218e-05
24.2169600524 	 7.67783e-05
24.2551571502 	 5.1207e-05
24.2933542481 	 4.09053e-05
24.331551346 	 3.20718e-05
24.3697484439 	 4.57037e-05
24.4079455417 	 4.62994e-05
24.4461426396 	 6.21904e-05
24.4843397375 	 4.36274e-05
24.5225368354 	 3.13835e-05
24.5607339332 	 2.63956e-05
24.5989310311 	 3.12343e-05
24.637128129 	 2.52603e-05
24.6753252269 	 1.20916e-05
24.7135223247 	 2.57645e-05
24.7517194226 	 4.14203e-05
24.7899165205 	 3.08634e-05
24.8281136184 	 1.33845e-05
24.8663107162 	 9.85998e-06
24.9045078141 	 2.54861e-05
24.942704912 	 4.23934e-05
24.9809020099 	 4.00727e-05
25.0190991077 	 2.63556e-05
25.0572962056 	 3.04264e-05
25.0954933035 	 3.83256e-05
25.1336904014 	 4.90299e-05
25.1718874992 	 4.84911e-05
25.2100845971 	 4.5551e-05
25.248281695 	 1.88902e-05
25.2864787929 	 3.50767e-06
25.3246758907 	 1.4743e-05
25.3628729886 	 1.69297e-05
25.4010700865 	 7.69413e-06
25.4392671843 	 1.77547e-05
25.4774642822 	 3.14593e-05
25.5156613801 	 3.29648e-05
25.553858478 	 3.13675e-05
25.5920555758 	 2.8514e-05
25.6302526737 	 2.45168e-05
25.6684497716 	 1.28759e-05
25.7066468695 	 8.59509e-06
25.7448439673 	 1.83667e-05
25.7830410652 	 1.22215e-05
25.8212381631 	 2.38802e-05
25.859435261 	 2.0951e-05
25.8976323588 	 5.57411e-06
25.9358294567 	 1.38914e-05
25.9740265546 	 1.75838e-05
26.0122236525 	 1.9948e-05
26.0504207503 	 1.27165e-05
26.0886178482 	 1.0772e-05
26.1268149461 	 1.60707e-05
26.165012044 	 1.54013e-05
26.2032091418 	 5.29156e-06
26.2414062397 	 1.8433e-05
26.2796033376 	 2.10645e-05
26.3178004355 	 1.22039e-05
26.3559975333 	 1.97049e-05
26.3941946312 	 2.93949e-05
26.4323917291 	 3.21305e-05
26.470588827 	 2.4149e-05
26.5087859248 	 1.41858e-05
26.5469830227 	 8.38322e-06
26.5851801206 	 1.62442e-05
26.6233772185 	 2.01601e-05
26.6615743163 	 2.02664e-05
26.6997714142 	 1.18088e-05
26.7379685121 	 8.98053e-06
26.77616561 	 1.81377e-05
26.8143627078 	 2.69966e-05
26.8525598057 	 3.07012e-05
26.8907569036 	 2.70396e-05
26.9289540015 	 2.42888e-05
26.9671510993 	 9.55095e-06
27.0053481972 	 3.43997e-06
27.0435452951 	 8.67544e-06
27.0817423929 	 1.90285e-05
27.1199394908 	 2.03782e-05
27.1581365887 	 1.57957e-05
27.1963336866 	 9.84372e-06
27.2345307844 	 5.10814e-06
27.2727278823 	 1.20288e-05
27.3109249802 	 1.87834e-05
27.3491220781 	 1.59995e-05
27.3873191759 	 1.36281e-05
27.4255162738 	 7.69106e-06
27.4637133717 	 5.5431e-06
27.5019104696 	 1.36961e-05
27.5401075674 	 1.4912e-05
27.5783046653 	 1.93298e-05
27.6165017632 	 1.97067e-05
27.6546988611 	 6.44152e-06
27.6928959589 	 8.81543e-06
27.7310930568 	 1.77603e-05
27.7692901547 	 2.00477e-05
27.8074872526 	 1.75895e-05
27.8456843504 	 1.34063e-05
27.8838814483 	 2.04759e-06
27.9220785462 	 1.08721e-05
27.9602756441 	 1.56935e-05
27.9984727419 	 1.97393e-05
28.0366698398 	 1.66717e-05
28.0748669377 	 7.28715e-06
28.1130640356 	 7.49291e-06
28.1512611334 	 1.42761e-05
28.1894582313 	 1.64167e-05
28.2276553292 	 1.605e-05
28.2658524271 	 1.24962e-05
28.3040495249 	 5.51071e-06
28.3422466228 	 9.24377e-06
28.3804437207 	 1.2933e-05
28.4186408186 	 1.08557e-05
28.4568379164 	 1.3439e-05
28.4950350143 	 1.3722e-05
28.5332321122 	 1.06196e-05
28.57142921 	 1.18626e-05
28.6096263079 	 1.22236e-05
28.6478234058 	 1.1027e-05
28.6860205037 	 1.05507e-05
28.7242176015 	 1.25918e-05
28.7624146994 	 1.38808e-05
28.8006117973 	 1.00317e-05
28.8388088952 	 5.74579e-06
28.877005993 	 1.05266e-05
28.9152030909 	 1.55651e-05
28.9534001888 	 1.52521e-05
28.9915972867 	 1.35982e-05
29.0297943845 	 8.89481e-06
29.0679914824 	 7.6946e-06
29.1061885803 	 1.10009e-05
29.1443856782 	 1.3831e-05
29.182582776 	 1.27608e-05
29.2207798739 	 1.00657e-05
29.2589769718 	 1.03992e-05
29.2971740697 	 1.25194e-05
29.3353711675 	 1.17365e-05
29.3735682654 	 1.0442e-05
29.4117653633 	 1.05824e-05
29.4499624612 	 1.05199e-05
29.488159559 	 1.06759e-05
29.5263566569 	 1.08153e-05
29.5645537548 	 1.24091e-05
29.6027508527 	 1.32401e-05
29.6409479505 	 1.34447e-05
29.6791450484 	 1.02217e-05
29.7173421463 	 9.19049e-06
29.7555392442 	 9.08678e-06
29.793736342 	 9.76925e-06
29.8319334399 	 1.13192e-05
29.8701305378 	 1.22429e-05
29.9083276357 	 1.21118e-05
29.9465247335 	 1.12163e-05
29.9847218314 	 1.15333e-05
30.0229189293 	 1.12003e-05
30.0611160272 	 1.06576e-05
30.099313125 	 9.75619e-06
30.1375102229 	 1.07085e-05
30.1757073208 	 1.13227e-05
30.2139044186 	 1.19248e-05
30.2521015165 	 1.21969e-05
30.2902986144 	 1.08562e-05
30.3284957123 	 1.0204e-05
30.3666928101 	 9.99662e-06
30.404889908 	 1.06371e-05
30.4430870059 	 1.22792e-05
30.4812841038 	 1.18392e-05
30.5194812016 	 1.03083e-05
30.5576782995 	 1.0684e-05
30.5958753974 	 1.0312e-05
30.6340724953 	 1.07591e-05
30.6722695931 	 1.10028e-05
30.710466691 	 1.04984e-05
30.7486637889 	 9.83322e-06
30.7868608868 	 1.12191e-05
30.8250579846 	 1.14267e-05
30.8632550825 	 1.1613e-05
30.9014521804 	 1.0399e-05
30.9396492783 	 1.01482e-05
30.9778463761 	 1.0798e-05
31.016043474 	 1.09817e-05
31.0542405719 	 1.03718e-05
31.0924376698 	 1.08675e-05
31.1306347676 	 1.13898e-05
31.1688318655 	 1.17067e-05
31.2070289634 	 1.10227e-05
31.2452260613 	 1.00924e-05
31.2834231591 	 1.00007e-05
31.321620257 	 1.10256e-05
31.3598173549 	 1.18284e-05
31.3980144528 	 1.10845e-05
31.4362115506 	 1.02271e-05
31.4744086485 	 9.35621e-06
31.5126057464 	 1.02436e-05
31.5508028443 	 1.14129e-05
31.5889999421 	 1.1693e-05
31.62719704 	 1.07658e-05
31.6653941379 	 9.84506e-06
31.7035912358 	 1.0368e-05
31.7417883336 	 1.11429e-05
31.7799854315 	 1.13598e-05
31.8181825294 	 1.07408e-05
31.8563796272 	 9.95849e-06
31.8945767251 	 1.00671e-05
31.932773823 	 1.12124e-05
31.9709709209 	 1.12357e-05
32.0091680187 	 1.0505e-05
32.0473651166 	 9.70334e-06
32.0855622145 	 9.71071e-06
32.1237593124 	 1.07915e-05
32.1619564102 	 1.14319e-05
32.2001535081 	 1.12207e-05
32.238350606 	 1.06997e-05
32.2765477039 	 9.83267e-06
32.3147448017 	 1.00874e-05
32.3529418996 	 1.06304e-05
32.3911389975 	 1.10219e-05
32.4293360954 	 1.10595e-05
32.4675331932 	 1.02435e-05
32.5057302911 	 9.8353e-06
32.543927389 	 1.0397e-05
32.5821244869 	 1.08053e-05
32.6203215847 	 1.07569e-05
32.6585186826 	 1.05437e-05
32.6967157805 	 1.01485e-05
32.7349128784 	 1.00967e-05
32.7731099762 	 1.04366e-05
32.8113070741 	 1.07052e-05
32.849504172 	 1.08299e-05
32.8877012699 	 1.05829e-05
32.9258983677 	 9.98656e-06
32.9640954656 	 9.99043e-06
33.0022925635 	 1.02058e-05
33.0404896614 	 1.05511e-05
33.0786867592 	 1.0827e-05
33.1168838571 	 1.06449e-05
33.155080955 	 1.03727e-05
33.1932780529 	 1.00638e-05
33.2314751507 	 1.02453e-05
33.2696722486 	 1.04976e-05
33.3078693465 	 1.05837e-05
33.3460664443 	 1.02973e-05
33.3842635422 	 1.00146e-05
33.4224606401 	 1.01184e-05
33.460657738 	 1.03157e-05
33.4988548358 	 1.04363e-05
33.5370519337 	 1.03821e-05
33.5752490316 	 1.015e-05
33.6134461295 	 1.02181e-05
33.6516432273 	 1.03048e-05
33.6898403252 	 1.05327e-05
33.7280374231 	 1.05233e-05
33.766234521 	 1.00333e-05
33.8044316188 	 9.96334e-06
33.8426287167 	 1.01883e-05
33.8808258146 	 1.02937e-05
33.9190229125 	 1.0329e-05
33.9572200103 	 1.01951e-05
33.9954171082 	 1.01191e-05
34.0336142061 	 1.01941e-05
34.071811304 	 1.01077e-05
34.1100084018 	 1.01855e-05
34.1482054997 	 1.03237e-05
34.1864025976 	 1.0228e-05
34.2245996955 	 1.01058e-05
34.2627967933 	 1.00225e-05
34.3009938912 	 1.00565e-05
34.3391909891 	 1.02571e-05
34.377388087 	 1.02995e-05
34.4155851848 	 1.00714e-05
34.4537822827 	 1.00123e-05
34.4919793806 	 1.00439e-05
34.5301764785 	 1.00459e-05
34.5683735763 	 1.01532e-05
34.6065706742 	 1.02051e-05
34.6447677721 	 1.01411e-05
34.68296487 	 1.00173e-05
34.7211619678 	 9.92155e-06
34.7593590657 	 1.00535e-05
34.7975561636 	 1.01549e-05
34.8357532615 	 1.00576e-05
34.8739503593 	 9.93431e-06
34.9121474572 	 9.92725e-06
34.9503445551 	 1.00737e-05
34.9885416529 	 1.0114e-05
35.0267387508 	 1.00505e-05
35.0649358487 	 9.94332e-06
35.1031329466 	 9.90996e-06
35.1413300444 	 9.93722e-06
35.1795271423 	 9.99616e-06
35.2177242402 	 1.00575e-05
35.2559213381 	 1.00051e-05
35.2941184359 	 9.9521e-06
35.3323155338 	 9.95402e-06
35.3705126317 	 9.93498e-06
35.4087097296 	 9.86314e-06
35.4469068274 	 9.85717e-06
35.4851039253 	 9.87814e-06
35.5233010232 	 9.98402e-06
35.5614981211 	 9.93919e-06
35.5996952189 	 9.88511e-06
35.6378923168 	 9.87529e-06
35.6760894147 	 9.93034e-06
35.7142865126 	 9.92998e-06
35.7524836104 	 9.87766e-06
35.7906807083 	 9.81531e-06
35.8288778062 	 9.81291e-06
35.8670749041 	 9.82526e-06
35.9052720019 	 9.87303e-06
35.9434690998 	 9.83304e-06
35.9816661977 	 9.81107e-06
36.0198632956 	 9.78464e-06
36.0580603934 	 9.7871e-06
36.0962574913 	 9.83325e-06
36.1344545892 	 9.83527e-06
36.1726516871 	 9.78746e-06
36.2108487849 	 9.77912e-06
36.2490458828 	 9.7832e-06
36.2872429807 	 9.78739e-06
36.3254400786 	 9.75764e-06
36.3636371764 	 9.71969e-06
36.4018342743 	 9.71947e-06
36.4400313722 	 9.73032e-06
36.4782284701 	 9.74152e-06
36.5164255679 	 9.73513e-06
36.5546226658 	 9.73927e-06
36.5928197637 	 9.71264e-06
36.6310168615 	 9.70554e-06
36.6692139594 	 9.71983e-06
36.7074110573 	 9.71672e-06
36.7456081552 	 9.69092e-06
36.783805253 	 9.65647e-06
36.8220023509 	 9.66249e-06
36.8601994488 	 9.67636e-06
36.8983965467 	 9.68792e-06
36.9365936445 	 9.63548e-06
36.9747907424 	 9.60475e-06
37.0129878403 	 9.61095e-06
37.0511849382 	 9.63687e-06
37.089382036 	 9.66069e-06
37.1275791339 	 9.64709e-06
37.1657762318 	 9.59606e-06
37.2039733297 	 9.57728e-06
37.2421704275 	 9.57998e-06
37.2803675254 	 9.62071e-06
37.3185646233 	 9.61947e-06
37.3567617212 	 9.5764e-06
37.394958819 	 9.5436e-06
37.4331559169 	 9.54888e-06
37.4713530148 	 9.55142e-06
37.5095501127 	 9.55469e-06
37.5477472105 	 9.5574e-06
37.5859443084 	 9.537e-06
37.6241414063 	 9.51754e-06
37.6623385042 	 9.51229e-06
37.700535602 	 9.52043e-06
37.7387326999 	 9.53769e-06
37.7769297978 	 9.52279e-06
37.8151268957 	 9.49062e-06
37.8533239935 	 9.4681e-06
37.8915210914 	 9.46512e-06
37.9297181893 	 9.47968e-06
37.9679152872 	 9.49096e-06
38.006112385 	 9.48373e-06
38.0443094829 	 9.45706e-06
38.0825065808 	 9.4338e-06
38.1207036786 	 9.43091e-06
38.1589007765 	 9.43822e-06
38.1970978744 	 9.44973e-06
38.2352949723 	 9.44505e-06
38.2734920701 	 9.41966e-06
38.311689168 	 9.39992e-06
38.3498862659 	 9.39571e-06
38.3880833638 	 9.39699e-06
38.4262804616 	 9.40202e-06
38.4644775595 	 9.39055e-06
38.5026746574 	 9.37526e-06
38.5408717553 	 9.37056e-06
38.5790688531 	 9.36746e-06
38.617265951 	 9.36657e-06
38.6554630489 	 9.36493e-06
38.6936601468 	 9.3538e-06
38.7318572446 	 9.33987e-06
38.7700543425 	 9.33136e-06
38.8082514404 	 9.32811e-06
38.8464485383 	 9.32691e-06
38.8846456361 	 9.32228e-06
38.922842734 	 9.30828e-06
38.9610398319 	 9.30105e-06
38.9992369298 	 9.29464e-06
39.0374340276 	 9.29075e-06
39.0756311255 	 9.29145e-06
39.1138282234 	 9.28501e-06
39.1520253213 	 9.27804e-06
39.1902224191 	 9.26664e-06
39.228419517 	 9.26358e-06
39.2666166149 	 9.25818e-06
39.3048137128 	 9.24864e-06
39.3430108106 	 9.24338e-06
39.3812079085 	 9.23618e-06
39.4194050064 	 9.2319e-06
39.4576021043 	 9.22493e-06
39.4957992021 	 9.2159e-06
39.5339963 	 9.21562e-06
39.5721933979 	 9.21068e-06
39.6103904958 	 9.19965e-06
39.6485875936 	 9.1934e-06
39.6867846915 	 9.1912e-06
39.7249817894 	 9.18898e-06
39.7631788872 	 9.18206e-06
39.8013759851 	 9.16972e-06
39.839573083 	 9.15783e-06
39.8777701809 	 9.15688e-06
39.9159672787 	 9.15746e-06
39.9541643766 	 9.15185e-06
39.9923614745 	 9.14514e-06
40.0305585724 	 9.13382e-06
40.0687556702 	 9.12756e-06
40.1069527681 	 9.12823e-06
40.145149866 	 9.12393e-06
40.1833469639 	 9.11292e-06
40.2215440617 	 9.10515e-06
40.2597411596 	 9.09821e-06
40.2979382575 	 9.09797e-06
40.3361353554 	 9.09389e-06
40.3743324532 	 9.08377e-06
40.4125295511 	 9.07637e-06
40.450726649 	 9.07246e-06
40.4889237469 	 9.06818e-06
40.5271208447 	 9.06593e-06
40.5653179426 	 9.05857e-06
40.6035150405 	 9.0489e-06
40.6417121384 	 9.04492e-06
40.6799092362 	 9.04112e-06
40.7181063341 	 9.03485e-06
40.756303432 	 9.02844e-06
40.7945005299 	 9.02181e-06
40.8326976277 	 9.01706e-06
40.8708947256 	 9.01154e-06
40.9090918235 	 9.00531e-06
40.9472889214 	 9.00148e-06
40.9854860192 	 8.99674e-06
41.0236831171 	 8.99101e-06
41.061880215 	 8.98811e-06
41.1000773129 	 8.97974e-06
41.1382744107 	 8.97282e-06
41.1764715086 	 8.96824e-06
41.2146686065 	 8.96228e-06
41.2528657043 	 8.9586e-06
41.2910628022 	 8.95438e-06
41.3292599001 	 8.94853e-06
41.367456998 	 8.94071e-06
41.4056540958 	 8.93608e-06
41.4438511937 	 8.93278e-06
41.4820482916 	 8.92775e-06
41.5202453895 	 8.92304e-06
41.5584424873 	 8.91575e-06
41.5966395852 	 8.90879e-06
41.6348366831 	 8.90598e-06
41.673033781 	 8.90012e-06
41.7112308788 	 8.89779e-06
41.7494279767 	 8.89136e-06
41.7876250746 	 8.8833e-06
41.8258221725 	 8.88065e-06
41.8640192703 	 8.87575e-06
41.9022163682 	 8.87024e-06
41.9404134661 	 8.86743e-06
41.978610564 	 8.85921e-06
42.0168076618 	 8.85448e-06
42.0550047597 	 8.85071e-06
42.0932018576 	 8.84559e-06
42.1313989555 	 8.83998e-06
42.1695960533 	 8.83632e-06
42.2077931512 	 8.83177e-06
42.2459902491 	 8.8268e-06
42.284187347 	 8.82083e-06
42.3223844448 	 8.81505e-06
42.3605815427 	 8.81156e-06
42.3987786406 	 8.80874e-06
42.4369757385 	 8.80142e-06
42.4751728363 	 8.79553e-06
42.5133699342 	 8.79202e-06
42.5515670321 	 8.78784e-06
42.58976413 	 8.78327e-06
42.6279612278 	 8.77933e-06
42.6661583257 	 8.77474e-06
42.7043554236 	 8.76908e-06
42.7425525215 	 8.76481e-06
42.7807496193 	 8.76053e-06
42.8189467172 	 8.75642e-06
42.8571438151 	 8.7513e-06
42.8953409129 	 8.74502e-06
42.9335380108 	 8.74056e-06
42.9717351087 	 8.73712e-06
43.0099322066 	 8.7325e-06
43.0481293044 	 8.72821e-06
43.0863264023 	 8.72352e-06
43.1245235002 	 8.72012e-06
43.1627205981 	 8.71658e-06
43.2009176959 	 8.71132e-06
43.2391147938 	 8.70527e-06
43.2773118917 	 8.70248e-06
43.3155089896 	 8.69914e-06
43.3537060874 	 8.69429e-06
43.3919031853 	 8.68884e-06
43.4301002832 	 8.68294e-06
43.4682973811 	 8.68003e-06
43.5064944789 	 8.67795e-06
43.5446915768 	 8.67227e-06
43.5828886747 	 8.66771e-06
43.6210857726 	 8.66456e-06
43.6592828704 	 8.66092e-06
43.6974799683 	 8.65615e-06
43.7356770662 	 8.65099e-06
43.7738741641 	 8.64826e-06
43.8120712619 	 8.64548e-06
43.8502683598 	 8.64021e-06
43.8884654577 	 8.6338e-06
43.9266625556 	 8.63093e-06
43.9648596534 	 8.62765e-06
44.0030567513 	 8.62417e-06
44.0412538492 	 8.61952e-06
44.0794509471 	 8.61504e-06
44.1176480449 	 8.61176e-06
44.1558451428 	 8.60974e-06
44.1940422407 	 8.6058e-06
44.2322393386 	 8.60112e-06
44.2704364364 	 8.597e-06
44.3086335343 	 8.59319e-06
44.3468306322 	 8.58908e-06
44.3850277301 	 8.58541e-06
44.4232248279 	 8.58182e-06
44.4614219258 	 8.57912e-06
44.4996190237 	 8.57483e-06
44.5378161215 	 8.57026e-06
44.5760132194 	 8.56698e-06
44.6142103173 	 8.56504e-06
44.6524074152 	 8.56067e-06
44.690604513 	 8.55671e-06
44.7288016109 	 8.55288e-06
44.7669987088 	 8.55071e-06
44.8051958067 	 8.54651e-06
44.8433929045 	 8.5428e-06
44.8815900024 	 8.53897e-06
44.9197871003 	 8.53606e-06
44.9579841982 	 8.53276e-06
44.996181296 	 8.52938e-06
45.0343783939 	 8.5252e-06
45.0725754918 	 8.52338e-06
45.1107725897 	 8.51989e-06
45.1489696875 	 8.51667e-06
45.1871667854 	 8.51269e-06
45.2253638833 	 8.51033e-06
45.2635609812 	 8.50702e-06
45.301758079 	 8.50365e-06
45.3399551769 	 8.4998e-06
45.3781522748 	 8.49675e-06
45.4163493727 	 8.49409e-06
45.4545464705 	 8.49147e-06
45.4927435684 	 8.48714e-06
45.5309406663 	 8.48446e-06
45.5691377642 	 8.48335e-06
45.607334862 	 8.47899e-06
45.6455319599 	 8.47572e-06
45.6837290578 	 8.47224e-06
45.7219261557 	 8.46985e-06
45.7601232535 	 8.4681e-06
45.7983203514 	 8.46471e-06
45.8365174493 	 8.46144e-06
45.8747145472 	 8.45875e-06
45.912911645 	 8.4565e-06
45.9511087429 	 8.45297e-06
45.9893058408 	 8.44999e-06
46.0275029386 	 8.44687e-06
46.0657000365 	 8.44448e-06
46.1038971344 	 8.44294e-06
46.1420942323 	 8.44067e-06
46.1802913301 	 8.43816e-06
46.218488428 	 8.43395e-06
46.2566855259 	 8.43113e-06
46.2948826238 	 8.42932e-06
46.3330797216 	 8.42802e-06
46.3712768195 	 8.42384e-06
46.4094739174 	 8.42174e-06
46.4476710153 	 8.41953e-06
46.4858681131 	 8.41596e-06
46.524065211 	 8.41517e-06
46.5622623089 	 8.4137e-06
46.6004594068 	 8.40998e-06
46.6386565046 	 8.40704e-06
46.6768536025 	 8.40475e-06
46.7150507004 	 8.40206e-06
46.7532477983 	 8.40152e-06
46.7914448961 	 8.39942e-06
46.829641994 	 8.39647e-06
46.8678390919 	 8.39258e-06
46.9060361898 	 8.39132e-06
46.9442332876 	 8.39018e-06
46.9824303855 	 8.38965e-06
47.0206274834 	 8.38573e-06
47.0588245813 	 8.38266e-06
47.0970216791 	 8.38144e-06
47.135218777 	 8.3804e-06
47.1734158749 	 8.37813e-06
47.2116129728 	 8.37648e-06
47.2498100706 	 8.37254e-06
47.2880071685 	 8.37005e-06
47.3262042664 	 8.3704e-06
47.3644013643 	 8.36869e-06
47.4025984621 	 8.36596e-06
47.44079556 	 8.36461e-06
47.4789926579 	 8.36325e-06
47.5171897558 	 8.36142e-06
47.5553868536 	 8.35944e-06
47.5935839515 	 8.35755e-06
47.6317810494 	 8.35544e-06
47.6699781472 	 8.35446e-06
47.7081752451 	 8.35249e-06
47.746372343 	 8.34996e-06
47.7845694409 	 8.34877e-06
47.8227665387 	 8.34962e-06
47.8609636366 	 8.34757e-06
47.8991607345 	 8.34417e-06
47.9373578324 	 8.34255e-06
47.9755549302 	 8.34142e-06
48.0137520281 	 8.34119e-06
48.051949126 	 8.34077e-06
48.0901462239 	 8.33761e-06
48.1283433217 	 8.33497e-06
48.1665404196 	 8.33533e-06
48.2047375175 	 8.33468e-06
48.2429346154 	 8.33227e-06
48.2811317132 	 8.33155e-06
48.3193288111 	 8.32918e-06
48.357525909 	 8.32846e-06
48.3957230069 	 8.32887e-06
48.4339201047 	 8.32706e-06
48.4721172026 	 8.32638e-06
48.5103143005 	 8.32586e-06
48.5485113984 	 8.3226e-06
48.5867084962 	 8.32106e-06
48.6249055941 	 8.32172e-06
48.663102692 	 8.32047e-06
48.7012997899 	 8.31967e-06
48.7394968877 	 8.31891e-06
48.7776939856 	 8.31713e-06
48.8158910835 	 8.31625e-06
48.8540881814 	 8.31641e-06
48.8922852792 	 8.31638e-06
48.9304823771 	 8.31469e-06
48.968679475 	 8.3128e-06
49.0068765729 	 8.31225e-06
49.0450736707 	 8.31309e-06
49.0832707686 	 8.31241e-06
49.1214678665 	 8.31034e-06
49.1596649644 	 8.31003e-06
49.1978620622 	 8.30852e-06
49.2360591601 	 8.30869e-06
49.274256258 	 8.31008e-06
49.3124533558 	 8.30739e-06
49.3506504537 	 8.30617e-06
49.3888475516 	 8.30917e-06
49.4270446495 	 8.30731e-06
49.4652417473 	 8.30524e-06
49.5034388452 	 8.30494e-06
49.5416359431 	 8.30489e-06
49.579833041 	 8.30574e-06
49.6180301388 	 8.30538e-06
49.6562272367 	 8.30243e-06
49.6944243346 	 8.30296e-06
49.7326214325 	 8.30572e-06
49.7708185303 	 8.30564e-06
49.8090156282 	 8.30343e-06
49.8472127261 	 8.3019e-06
49.885409824 	 8.30166e-06
49.9236069218 	 8.30388e-06
49.9618040197 	 8.30494e-06
50.0000011176 	 8.30311e-06
