0.0 	 7.12124e-05
0.0735294134082 	 0.000155131
0.147058826816 	 0.000199738
0.220588240225 	 0.000369167
0.294117653633 	 0.000634489
0.367647067041 	 0.00148887
0.441176480449 	 0.00113119
0.514705893858 	 0.000750768
0.588235307266 	 0.00225857
0.661764720674 	 0.00386467
0.735294134082 	 0.00170817
0.80882354749 	 0.0025195
0.882352960899 	 0.00214916
0.955882374307 	 0.00173566
1.02941178772 	 0.00529097
1.10294120112 	 0.00126245
1.17647061453 	 0.000253267
1.25000002794 	 0.00897945
1.32352944135 	 0.00725212
1.39705885476 	 0.00118321
1.47058826816 	 0.00808773
1.54411768157 	 0.0104277
1.61764709498 	 0.0041265
1.69117650839 	 0.00867237
1.7647059218 	 0.0126865
1.83823533521 	 0.00850352
1.91176474861 	 0.00473818
1.98529416202 	 0.0102558
2.05882357543 	 0.00229646
2.13235298884 	 0.00701594
2.20588240225 	 0.00752728
2.27941181565 	 0.00936709
2.35294122906 	 0.00151229
2.42647064247 	 0.00724029
2.50000005588 	 0.00316823
2.57352946929 	 0.00523699
2.6470588827 	 0.00164644
2.7205882961 	 0.0148374
2.79411770951 	 0.0178777
2.86764712292 	 0.0298661
2.94117653633 	 0.0425135
3.01470594974 	 0.0507652
3.08823536315 	 0.0289751
3.16176477655 	 0.0351727
3.23529418996 	 0.053034
3.30882360337 	 0.0517751
3.38235301678 	 0.021854
3.45588243019 	 0.046066
3.52941184359 	 0.100323
3.602941257 	 0.174588
3.67647067041 	 0.0822781
3.75000008382 	 0.159843
3.82352949723 	 0.118263
3.89705891064 	 0.0892681
3.97058832404 	 0.10351
4.04411773745 	 0.0932675
4.11764715086 	 0.0860534
4.19117656427 	 0.0512918
4.26470597768 	 0.0206227
4.33823539108 	 0.00789727
4.41176480449 	 0.00442968
4.4852942179 	 0.00231536
4.55882363131 	 0.00815814
4.63235304472 	 0.00687065
4.70588245813 	 0.0147183
4.77941187153 	 0.0114189
4.85294128494 	 0.0190336
4.92647069835 	 0.0224487
5.00000011176 	 0.0194804
5.07352952517 	 0.0220079
5.14705893858 	 0.0157892
5.22058835198 	 0.019103
5.29411776539 	 0.0172428
5.3676471788 	 0.0137262
5.44117659221 	 0.0117653
5.51470600562 	 0.0107347
5.58823541902 	 0.0161936
5.66176483243 	 0.0157861
5.73529424584 	 0.0186318
5.80882365925 	 0.0172621
5.88235307266 	 0.0153703
5.95588248607 	 0.0147117
6.02941189947 	 0.0120926
6.10294131288 	 0.0128785
6.17647072629 	 0.00730044
6.2500001397 	 0.0060721
6.32352955311 	 0.00535293
6.39705896651 	 0.00783908
6.47058837992 	 0.00507763
6.54411779333 	 0.00997471
6.61764720674 	 0.0114785
6.69117662015 	 0.0137914
6.76470603356 	 0.0151943
6.83823544696 	 0.017427
6.91176486037 	 0.0139289
6.98529427378 	 0.00950898
7.05882368719 	 0.0165539
7.1323531006 	 0.017083
7.20588251401 	 0.0154988
7.27941192741 	 0.0136977
7.35294134082 	 0.0174323
7.42647075423 	 0.0145597
7.50000016764 	 0.0137951
7.57352958105 	 0.0122096
7.64705899445 	 0.0108209
7.72058840786 	 0.00588514
7.79411782127 	 0.0107643
7.86764723468 	 0.0094736
7.94117664809 	 0.0118362
8.0147060615 	 0.00969542
8.0882354749 	 0.0083539
8.16176488831 	 0.00725419
8.23529430172 	 0.00589974
8.30882371513 	 0.00390653
8.38235312854 	 0.0065408
8.45588254194 	 0.00305457
8.52941195535 	 0.00527277
8.60294136876 	 0.00562662
8.67647078217 	 0.00350602
8.75000019558 	 0.00849692
8.82352960899 	 0.00466112
8.89705902239 	 0.0048416
8.9705884358 	 0.00176912
9.04411784921 	 0.00270707
9.11764726262 	 0.00370726
9.19117667603 	 0.00271827
9.26470608944 	 0.000495642
9.33823550284 	 0.00189346
9.41176491625 	 0.00260387
9.48529432966 	 0.00358312
9.55882374307 	 0.00766963
9.63235315648 	 0.00386962
9.70588256988 	 0.0107767
9.77941198329 	 0.0104006
9.8529413967 	 0.0104021
9.92647081011 	 0.0121785
10.0000002235 	 0.0124555
10.0735296369 	 0.0139152
10.1470590503 	 0.0100088
10.2205884637 	 0.0134674
10.2941178772 	 0.00747017
10.3676472906 	 0.00400261
10.441176704 	 0.00240025
10.5147061174 	 0.0114177
10.5882355308 	 0.0160288
10.6617649442 	 0.0119611
10.7352943576 	 0.0143386
10.808823771 	 0.0202042
10.8823531844 	 0.0201308
10.9558825978 	 0.0234134
11.0294120112 	 0.0180033
11.1029414246 	 0.0164863
11.176470838 	 0.0219845
11.2500002515 	 0.0177918
11.3235296649 	 0.0138834
11.3970590783 	 0.00612299
11.4705884917 	 0.0113684
11.5441179051 	 0.0174862
11.6176473185 	 0.00642446
11.6911767319 	 0.0157243
11.7647061453 	 0.00937181
11.8382355587 	 0.0205593
11.9117649721 	 0.0167477
11.9852943855 	 0.0216783
12.0588237989 	 0.0240354
12.1323532124 	 0.0115522
12.2058826258 	 0.00221653
12.2794120392 	 0.0149914
12.3529414526 	 0.0129274
12.426470866 	 0.0161433
12.5000002794 	 0.0239097
12.5735296928 	 0.0252317
12.6470591062 	 0.0273736
12.7205885196 	 0.0274503
12.794117933 	 0.0228998
12.8676473464 	 0.0232761
12.9411767598 	 0.0217606
13.0147061733 	 0.0161942
13.0882355867 	 0.0175989
13.1617650001 	 0.0147065
13.2352944135 	 0.01093
13.3088238269 	 0.0100218
13.3823532403 	 0.0142778
13.4558826537 	 0.0128977
13.5294120671 	 0.00974559
13.6029414805 	 0.0119776
13.6764708939 	 0.00744068
13.7500003073 	 0.0115853
13.8235297207 	 0.00886053
13.8970591342 	 0.00621659
13.9705885476 	 0.00430724
14.044117961 	 0.00617823
14.1176473744 	 0.00432068
14.1911767878 	 0.00208726
14.2647062012 	 0.0033419
14.3382356146 	 0.0085424
14.411765028 	 0.00795137
14.4852944414 	 0.0100938
14.5588238548 	 0.0104429
14.6323532682 	 0.0135749
14.7058826816 	 0.0100844
14.7794120951 	 0.0066621
14.8529415085 	 0.00766376
14.9264709219 	 0.00559824
15.0000003353 	 0.00530064
15.0735297487 	 0.00143096
15.1470591621 	 0.00208267
15.2205885755 	 0.00219841
15.2941179889 	 0.00185021
15.3676474023 	 0.00108565
15.4411768157 	 0.0011102
15.5147062291 	 0.00229724
15.5882356425 	 0.00446682
15.661765056 	 0.00531367
15.7352944694 	 0.00412653
15.8088238828 	 0.00196983
15.8823532962 	 0.00214449
15.9558827096 	 0.00173461
16.029412123 	 0.000376513
16.1029415364 	 0.000482834
16.1764709498 	 0.00123723
16.2500003632 	 0.00361167
16.3235297766 	 0.00344429
16.39705919 	 0.00198547
16.4705886034 	 0.00338959
16.5441180168 	 0.00326476
16.6176474303 	 0.00322326
16.6911768437 	 0.00461855
16.7647062571 	 0.0027606
16.8382356705 	 0.00273401
16.9117650839 	 0.00257063
16.9852944973 	 0.00273402
17.0588239107 	 0.000777999
17.1323533241 	 0.00249962
17.2058827375 	 0.00158892
17.2794121509 	 0.00500447
17.3529415643 	 0.00530072
17.4264709777 	 0.00451243
17.5000003912 	 0.0027173
17.5735298046 	 0.00162846
17.647059218 	 0.00192445
17.7205886314 	 0.0013494
17.7941180448 	 0.00198411
17.8676474582 	 0.00203948
17.9411768716 	 0.00027336
18.014706285 	 0.00043253
18.0882356984 	 0.00163456
18.1617651118 	 0.00212531
18.2352945252 	 0.000666179
18.3088239386 	 0.00158452
18.3823533521 	 0.00173995
18.4558827655 	 0.000404848
18.5294121789 	 0.000698266
18.6029415923 	 0.000877902
18.6764710057 	 0.000404689
18.7500004191 	 0.00255377
18.8235298325 	 0.00129335
18.8970592459 	 0.001138
18.9705886593 	 0.00215033
19.0441180727 	 0.00105112
19.1176474861 	 0.00136257
19.1911768995 	 0.00109587
19.264706313 	 0.00157396
19.3382357264 	 0.00164901
19.4117651398 	 0.00279432
19.4852945532 	 0.00238709
19.5588239666 	 0.00138123
19.63235338 	 0.000618491
19.7058827934 	 0.00119049
19.7794122068 	 0.00113048
19.8529416202 	 0.00121799
19.9264710336 	 0.000840175
20.000000447 	 0.000760227
20.0735298604 	 0.00112047
20.1470592739 	 0.00184003
20.2205886873 	 0.00100587
20.2941181007 	 0.00257292
20.3676475141 	 0.00291822
20.4411769275 	 0.00364829
20.5147063409 	 0.0030553
20.5882357543 	 0.00246693
20.6617651677 	 0.00259826
20.7352945811 	 0.00185586
20.8088239945 	 0.00215308
20.8823534079 	 0.00260504
20.9558828213 	 0.00257425
21.0294122347 	 0.00297749
21.1029416482 	 0.00274038
21.1764710616 	 0.00194261
21.250000475 	 0.00146955
21.3235298884 	 0.00155908
21.3970593018 	 0.000712912
21.4705887152 	 0.000399084
21.5441181286 	 0.000500214
21.617647542 	 0.00102276
21.6911769554 	 0.00106943
21.7647063688 	 0.000543727
21.8382357822 	 0.000559088
21.9117651956 	 0.000103243
21.9852946091 	 0.000714786
22.0588240225 	 0.000412543
22.1323534359 	 0.000404232
22.2058828493 	 0.00142748
22.2794122627 	 0.00124979
22.3529416761 	 0.0011752
22.4264710895 	 0.00087343
22.5000005029 	 0.000717555
22.5735299163 	 0.000646435
22.6470593297 	 0.000395624
22.7205887431 	 0.000873388
22.7941181565 	 9.89461e-05
22.86764757 	 0.000680153
22.9411769834 	 0.000704662
23.0147063968 	 0.00139039
23.0882358102 	 0.00147272
23.1617652236 	 0.000957623
23.235294637 	 0.00176894
23.3088240504 	 0.00132518
23.3823534638 	 0.00106583
23.4558828772 	 0.00113688
23.5294122906 	 0.00113379
23.602941704 	 0.00100853
23.6764711174 	 0.000933999
23.7500005309 	 0.000436267
23.8235299443 	 0.000138215
23.8970593577 	 0.000365076
23.9705887711 	 0.000376577
24.0441181845 	 0.000447082
24.1176475979 	 0.000344039
24.1911770113 	 0.000109602
24.2647064247 	 0.000453258
24.3382358381 	 0.000304903
24.4117652515 	 0.000611063
24.4852946649 	 0.000618722
24.5588240783 	 0.00066013
24.6323534918 	 0.000952134
24.7058829052 	 0.00058921
24.7794123186 	 0.000755573
24.852941732 	 0.000663182
24.9264711454 	 0.000633591
25.0000005588 	 0.000714289
25.0735299722 	 0.000814629
25.1470593856 	 0.000831633
25.220588799 	 0.00103142
25.2941182124 	 0.000927266
25.3676476258 	 0.000671194
25.4411770392 	 0.000804109
25.5147064527 	 0.000828716
25.5882358661 	 0.000660869
25.6617652795 	 0.000708235
25.7352946929 	 0.000588432
25.8088241063 	 0.000670189
25.8823535197 	 0.000775084
25.9558829331 	 0.000689787
26.0294123465 	 0.000549362
26.1029417599 	 0.000353809
26.1764711733 	 0.00020085
26.2500005867 	 0.000297854
26.3235300001 	 0.000400138
26.3970594135 	 0.000402832
26.470588827 	 0.000312063
26.5441182404 	 0.000367217
26.6176476538 	 0.000317343
26.6911770672 	 0.000367486
26.7647064806 	 0.000269578
26.838235894 	 0.000418945
26.9117653074 	 0.000295298
26.9852947208 	 0.00039484
27.0588241342 	 0.000495309
27.1323535476 	 0.000368617
27.205882961 	 0.000523365
27.2794123744 	 0.000370687
27.3529417879 	 0.000318077
27.4264712013 	 0.000293544
27.5000006147 	 0.000357847
27.5735300281 	 0.000348983
27.6470594415 	 0.0004597
27.7205888549 	 0.000488882
27.7941182683 	 0.000390823
27.8676476817 	 0.000492038
27.9411770951 	 0.000382896
28.0147065085 	 0.000308846
28.0882359219 	 0.000261756
28.1617653353 	 0.000234553
28.2352947488 	 0.000191158
28.3088241622 	 0.00020063
28.3823535756 	 0.000284113
28.455882989 	 0.000220998
28.5294124024 	 0.000263815
28.6029418158 	 0.000202035
28.6764712292 	 0.000178472
28.7500006426 	 0.00018794
28.823530056 	 0.00014655
28.8970594694 	 0.000130413
28.9705888828 	 0.000175589
29.0441182962 	 0.000126032
29.1176477097 	 0.000168273
29.1911771231 	 0.00019499
29.2647065365 	 0.000213616
29.3382359499 	 0.000219284
29.4117653633 	 0.000245925
29.4852947767 	 0.000236603
29.5588241901 	 0.000212576
29.6323536035 	 0.000157142
29.7058830169 	 0.000142331
29.7794124303 	 8.62381e-05
29.8529418437 	 0.000117612
29.9264712571 	 9.80521e-05
30.0000006706 	 0.000119161
30.073530084 	 0.000155559
30.1470594974 	 0.000218418
30.2205889108 	 0.000148581
30.2941183242 	 0.000106873
30.3676477376 	 6.13725e-05
30.441177151 	 5.94652e-05
30.5147065644 	 8.8927e-05
30.5882359778 	 9.53383e-05
30.6617653912 	 0.000135697
30.7352948046 	 0.000118466
30.808824218 	 0.000105211
30.8823536315 	 0.000108602
30.9558830449 	 9.46771e-05
31.0294124583 	 9.71509e-05
31.1029418717 	 9.82727e-05
31.1764712851 	 9.25232e-05
31.2500006985 	 0.000105795
31.3235301119 	 3.19306e-05
31.3970595253 	 7.33376e-05
31.4705889387 	 1.4562e-05
31.5441183521 	 1.51739e-05
31.6176477655 	 5.7205e-05
31.6911771789 	 6.14349e-05
31.7647065923 	 0.00010958
31.8382360058 	 0.00013496
31.9117654192 	 9.10164e-05
31.9852948326 	 0.000104133
32.058824246 	 8.79565e-05
32.1323536594 	 4.58457e-05
32.2058830728 	 2.96158e-05
32.2794124862 	 4.63992e-05
32.3529418996 	 6.29887e-05
32.426471313 	 0.000101422
32.5000007264 	 0.000163347
32.5735301398 	 0.000190089
32.6470595532 	 0.000198108
32.7205889667 	 0.000191682
32.7941183801 	 0.000194442
32.8676477935 	 0.000153879
32.9411772069 	 0.000142631
33.0147066203 	 0.00010982
33.0882360337 	 8.31091e-05
33.1617654471 	 7.63516e-05
33.2352948605 	 8.70368e-05
33.3088242739 	 9.29467e-05
33.3823536873 	 0.000118941
33.4558831007 	 0.000110682
33.5294125141 	 0.000117081
33.6029419276 	 7.5476e-05
33.676471341 	 5.71565e-05
33.7500007544 	 3.58129e-05
33.8235301678 	 4.12448e-05
33.8970595812 	 5.52682e-05
33.9705889946 	 5.11502e-05
34.044118408 	 4.56681e-05
34.1176478214 	 3.39911e-05
34.1911772348 	 5.81932e-05
34.2647066482 	 6.35557e-05
34.3382360616 	 8.39644e-05
34.411765475 	 7.95228e-05
34.4852948885 	 8.12491e-05
34.5588243019 	 5.7365e-05
34.6323537153 	 5.22852e-05
34.7058831287 	 2.05158e-05
34.7794125421 	 2.86e-05
34.8529419555 	 3.03819e-05
34.9264713689 	 4.31615e-05
35.0000007823 	 6.11685e-05
35.0735301957 	 6.53885e-05
35.1470596091 	 8.15629e-05
35.2205890225 	 8.11838e-05
35.2941184359 	 5.7065e-05
35.3676478494 	 5.87511e-05
35.4411772628 	 4.29363e-05
35.5147066762 	 2.9002e-05
35.5882360896 	 3.17206e-05
35.661765503 	 3.95147e-05
35.7352949164 	 4.70096e-05
35.8088243298 	 7.05807e-05
35.8823537432 	 7.19147e-05
35.9558831566 	 7.34352e-05
36.02941257 	 6.42998e-05
36.1029419834 	 3.90162e-05
36.1764713968 	 3.2567e-05
36.2500008103 	 2.12799e-05
36.3235302237 	 1.51409e-05
36.3970596371 	 2.33576e-05
36.4705890505 	 3.41856e-05
36.5441184639 	 2.00659e-05
36.6176478773 	 2.22332e-05
36.6911772907 	 1.57872e-05
36.7647067041 	 3.89079e-05
36.8382361175 	 2.66459e-05
36.9117655309 	 4.02207e-05
36.9852949443 	 3.44437e-05
37.0588243577 	 3.0842e-05
37.1323537711 	 2.74798e-05
37.2058831846 	 2.89922e-05
37.279412598 	 3.0028e-05
37.3529420114 	 1.96166e-05
37.4264714248 	 2.47274e-05
37.5000008382 	 2.65987e-05
37.5735302516 	 2.90102e-05
37.647059665 	 3.82716e-05
37.7205890784 	 2.7945e-05
37.7941184918 	 2.30551e-05
37.8676479052 	 9.83064e-06
37.9411773186 	 5.266e-06
38.014706732 	 2.81225e-06
38.0882361455 	 1.50229e-05
38.1617655589 	 2.31622e-05
38.2352949723 	 4.40668e-05
38.3088243857 	 3.88506e-05
38.3823537991 	 6.31158e-05
38.4558832125 	 5.52753e-05
38.5294126259 	 5.23258e-05
38.6029420393 	 4.63322e-05
38.6764714527 	 2.35381e-05
38.7500008661 	 8.94792e-06
38.8235302795 	 7.42423e-06
38.8970596929 	 1.35073e-05
38.9705891064 	 3.16697e-05
39.0441185198 	 4.51619e-05
39.1176479332 	 4.476e-05
39.1911773466 	 3.79708e-05
39.26470676 	 3.50301e-05
39.3382361734 	 2.13141e-05
39.4117655868 	 8.3259e-06
39.4852950002 	 3.16684e-06
39.5588244136 	 1.76052e-05
39.632353827 	 1.90918e-05
39.7058832404 	 2.3112e-05
39.7794126538 	 2.96544e-05
39.8529420673 	 3.04689e-05
39.9264714807 	 3.02029e-05
40.0000008941 	 3.10388e-05
40.0735303075 	 3.37529e-05
40.1470597209 	 3.1697e-05
40.2205891343 	 2.33067e-05
40.2941185477 	 1.73638e-05
40.3676479611 	 1.42449e-05
40.4411773745 	 1.47866e-05
40.5147067879 	 1.50193e-05
40.5882362013 	 2.04314e-05
40.6617656147 	 2.32545e-05
40.7352950282 	 2.48652e-05
40.8088244416 	 2.67021e-05
40.882353855 	 2.97525e-05
40.9558832684 	 2.48178e-05
41.0294126818 	 2.34046e-05
41.1029420952 	 2.51131e-05
41.1764715086 	 2.19792e-05
41.250000922 	 2.0342e-05
41.3235303354 	 7.35794e-06
41.3970597488 	 1.20529e-05
41.4705891622 	 1.97452e-05
41.5441185756 	 2.44619e-05
41.6176479891 	 3.28428e-05
41.6911774025 	 3.43058e-05
41.7647068159 	 3.56544e-05
41.8382362293 	 2.84492e-05
41.9117656427 	 2.17557e-05
41.9852950561 	 1.35314e-05
42.0588244695 	 8.56843e-06
42.1323538829 	 1.26381e-05
42.2058832963 	 1.68569e-05
42.2794127097 	 2.50605e-05
42.3529421231 	 2.48683e-05
42.4264715365 	 2.59497e-05
42.5000009499 	 3.33253e-05
42.5735303634 	 3.2367e-05
42.6470597768 	 2.61618e-05
42.7205891902 	 2.44377e-05
42.7941186036 	 1.93237e-05
42.867648017 	 1.3674e-05
42.9411774304 	 1.37075e-05
43.0147068438 	 1.54459e-05
43.0882362572 	 1.99973e-05
43.1617656706 	 2.28573e-05
43.235295084 	 2.44402e-05
43.3088244974 	 2.61146e-05
43.3823539108 	 2.24521e-05
43.4558833243 	 2.10453e-05
43.5294127377 	 1.99033e-05
43.6029421511 	 1.99346e-05
43.6764715645 	 1.85483e-05
43.7500009779 	 1.65695e-05
43.8235303913 	 1.87462e-05
43.8970598047 	 1.77789e-05
43.9705892181 	 2.00035e-05
44.0441186315 	 1.94789e-05
44.1176480449 	 1.86045e-05
44.1911774583 	 2.22145e-05
44.2647068717 	 2.01635e-05
44.3382362852 	 2.13487e-05
44.4117656986 	 2.10238e-05
44.485295112 	 2.07923e-05
44.5588245254 	 2.15734e-05
44.6323539388 	 2.01003e-05
44.7058833522 	 1.90745e-05
44.7794127656 	 2.13584e-05
44.852942179 	 2.08918e-05
44.9264715924 	 2.25627e-05
45.0000010058 	 2.09039e-05
45.0735304192 	 1.93678e-05
45.1470598326 	 1.84439e-05
45.2205892461 	 1.6175e-05
45.2941186595 	 1.76719e-05
45.3676480729 	 1.77395e-05
45.4411774863 	 1.90773e-05
45.5147068997 	 1.96596e-05
45.5882363131 	 1.8433e-05
45.6617657265 	 2.23224e-05
45.7352951399 	 1.98391e-05
45.8088245533 	 2.02141e-05
45.8823539667 	 1.97038e-05
45.9558833801 	 1.90444e-05
46.0294127935 	 1.80602e-05
46.102942207 	 1.80721e-05
46.1764716204 	 1.90753e-05
46.2500010338 	 2.00627e-05
46.3235304472 	 2.00915e-05
46.3970598606 	 2.057e-05
46.470589274 	 2.02201e-05
46.5441186874 	 2.08435e-05
46.6176481008 	 2.10339e-05
46.6911775142 	 1.98081e-05
46.7647069276 	 1.94493e-05
46.838236341 	 1.76972e-05
46.9117657544 	 1.69271e-05
46.9852951679 	 1.72293e-05
47.0588245813 	 1.81549e-05
47.1323539947 	 1.89817e-05
47.2058834081 	 1.91577e-05
47.2794128215 	 1.87383e-05
47.3529422349 	 1.9173e-05
47.4264716483 	 1.81936e-05
47.5000010617 	 1.96677e-05
47.5735304751 	 2.00506e-05
47.6470598885 	 1.97046e-05
47.7205893019 	 1.94049e-05
47.7941187153 	 1.89424e-05
47.8676481287 	 1.8558e-05
47.9411775422 	 1.8212e-05
48.0147069556 	 1.80692e-05
48.088236369 	 1.85156e-05
48.1617657824 	 1.87136e-05
48.2352951958 	 1.89785e-05
48.3088246092 	 1.86754e-05
48.3823540226 	 1.8212e-05
48.455883436 	 1.7823e-05
48.5294128494 	 1.78029e-05
48.6029422628 	 1.85208e-05
48.6764716762 	 1.84707e-05
48.7500010896 	 1.88452e-05
48.8235305031 	 1.95803e-05
48.8970599165 	 1.94327e-05
48.9705893299 	 1.9119e-05
49.0441187433 	 1.83673e-05
49.1176481567 	 1.82022e-05
49.1911775701 	 1.76403e-05
49.2647069835 	 1.71781e-05
49.3382363969 	 1.69546e-05
49.4117658103 	 1.76513e-05
49.4852952237 	 1.77206e-05
49.5588246371 	 1.85476e-05
49.6323540505 	 1.8852e-05
49.705883464 	 1.93506e-05
49.7794128774 	 1.94352e-05
49.8529422908 	 1.93523e-05
49.9264717042 	 1.85447e-05
50.0000011176 	 1.79467e-05
50.073530531 	 1.74953e-05
50.1470599444 	 1.69981e-05
50.2205893578 	 1.69674e-05
50.2941187712 	 1.75939e-05
50.3676481846 	 1.79286e-05
50.441177598 	 1.81007e-05
50.5147070114 	 1.82782e-05
50.5882364249 	 1.83991e-05
50.6617658383 	 1.83443e-05
50.7352952517 	 1.84588e-05
50.8088246651 	 1.82355e-05
50.8823540785 	 1.79745e-05
50.9558834919 	 1.7721e-05
51.0294129053 	 1.73106e-05
51.1029423187 	 1.72522e-05
51.1764717321 	 1.71639e-05
51.2500011455 	 1.76959e-05
51.3235305589 	 1.80091e-05
51.3970599723 	 1.81573e-05
51.4705893858 	 1.81786e-05
51.5441187992 	 1.79567e-05
51.6176482126 	 1.76687e-05
51.691177626 	 1.75451e-05
51.7647070394 	 1.74709e-05
51.8382364528 	 1.75825e-05
51.9117658662 	 1.73163e-05
51.9852952796 	 1.71851e-05
52.058824693 	 1.72754e-05
52.1323541064 	 1.72264e-05
52.2058835198 	 1.77283e-05
52.2794129332 	 1.76312e-05
52.3529423467 	 1.77164e-05
52.4264717601 	 1.75033e-05
52.5000011735 	 1.75847e-05
52.5735305869 	 1.7492e-05
52.6470600003 	 1.74573e-05
52.7205894137 	 1.7143e-05
52.7941188271 	 1.72648e-05
52.8676482405 	 1.70012e-05
52.9411776539 	 1.70677e-05
53.0147070673 	 1.74188e-05
53.0882364807 	 1.76565e-05
53.1617658941 	 1.76431e-05
53.2352953075 	 1.73644e-05
53.308824721 	 1.72229e-05
53.3823541344 	 1.71248e-05
53.4558835478 	 1.68845e-05
53.5294129612 	 1.68765e-05
53.6029423746 	 1.67818e-05
53.676471788 	 1.70642e-05
53.7500012014 	 1.70617e-05
53.8235306148 	 1.7342e-05
53.8970600282 	 1.74797e-05
53.9705894416 	 1.74596e-05
54.044118855 	 1.72512e-05
54.1176482684 	 1.71421e-05
54.1911776819 	 1.6901e-05
54.2647070953 	 1.68181e-05
54.3382365087 	 1.6607e-05
54.4117659221 	 1.67166e-05
54.4852953355 	 1.67099e-05
54.5588247489 	 1.67662e-05
54.6323541623 	 1.68334e-05
54.7058835757 	 1.69331e-05
54.7794129891 	 1.70236e-05
54.8529424025 	 1.71351e-05
54.9264718159 	 1.71092e-05
55.0000012293 	 1.70319e-05
55.0735306428 	 1.68731e-05
55.1470600562 	 1.67381e-05
55.2205894696 	 1.66338e-05
55.294118883 	 1.6522e-05
55.3676482964 	 1.65449e-05
55.4411777098 	 1.6553e-05
55.5147071232 	 1.66089e-05
55.5882365366 	 1.67173e-05
55.66176595 	 1.68067e-05
55.7352953634 	 1.68121e-05
55.8088247768 	 1.67689e-05
55.8823541902 	 1.67268e-05
55.9558836037 	 1.67012e-05
56.0294130171 	 1.65547e-05
56.1029424305 	 1.64647e-05
56.1764718439 	 1.64376e-05
56.2500012573 	 1.64613e-05
56.3235306707 	 1.65187e-05
56.3970600841 	 1.66085e-05
56.4705894975 	 1.65513e-05
56.5441189109 	 1.64161e-05
56.6176483243 	 1.63886e-05
56.6911777377 	 1.64556e-05
56.7647071511 	 1.64691e-05
56.8382365646 	 1.64684e-05
56.911765978 	 1.64681e-05
56.9852953914 	 1.64235e-05
57.0588248048 	 1.63683e-05
57.1323542182 	 1.63131e-05
57.2058836316 	 1.62794e-05
57.279413045 	 1.629e-05
57.3529424584 	 1.62784e-05
57.4264718718 	 1.62792e-05
57.5000012852 	 1.6269e-05
57.5735306986 	 1.6293e-05
57.647060112 	 1.62832e-05
57.7205895254 	 1.62796e-05
57.7941189389 	 1.623e-05
57.8676483523 	 1.62164e-05
57.9411777657 	 1.61751e-05
58.0147071791 	 1.61453e-05
58.0882365925 	 1.6129e-05
58.1617660059 	 1.61462e-05
58.2352954193 	 1.61202e-05
58.3088248327 	 1.61166e-05
58.3823542461 	 1.61034e-05
58.4558836595 	 1.60508e-05
58.5294130729 	 1.60326e-05
58.6029424863 	 1.60117e-05
58.6764718998 	 1.6049e-05
58.7500013132 	 1.605e-05
58.8235307266 	 1.60621e-05
58.89706014 	 1.60746e-05
58.9705895534 	 1.60599e-05
59.0441189668 	 1.60287e-05
59.1176483802 	 1.59514e-05
59.1911777936 	 1.59016e-05
59.264707207 	 1.58897e-05
59.3382366204 	 1.58721e-05
59.4117660338 	 1.58998e-05
59.4852954472 	 1.58924e-05
59.5588248607 	 1.58952e-05
59.6323542741 	 1.58731e-05
59.7058836875 	 1.58675e-05
59.7794131009 	 1.58752e-05
59.8529425143 	 1.58234e-05
59.9264719277 	 1.58069e-05
60.0000013411 	 1.57887e-05
60.0735307545 	 1.57471e-05
60.1470601679 	 1.57332e-05
60.2205895813 	 1.57547e-05
60.2941189947 	 1.57403e-05
60.3676484081 	 1.57346e-05
60.4411778216 	 1.57239e-05
60.514707235 	 1.57251e-05
60.5882366484 	 1.57085e-05
60.6617660618 	 1.56813e-05
60.7352954752 	 1.56757e-05
60.8088248886 	 1.56745e-05
60.882354302 	 1.56494e-05
60.9558837154 	 1.56266e-05
61.0294131288 	 1.56004e-05
61.1029425422 	 1.55811e-05
61.1764719556 	 1.55747e-05
61.250001369 	 1.55879e-05
61.3235307825 	 1.55825e-05
61.3970601959 	 1.55698e-05
61.4705896093 	 1.55542e-05
61.5441190227 	 1.55334e-05
61.6176484361 	 1.55112e-05
61.6911778495 	 1.55031e-05
61.7647072629 	 1.54752e-05
61.8382366763 	 1.54573e-05
61.9117660897 	 1.54344e-05
61.9852955031 	 1.54462e-05
62.0588249165 	 1.54493e-05
62.1323543299 	 1.54403e-05
62.2058837434 	 1.54291e-05
62.2794131568 	 1.54157e-05
62.3529425702 	 1.53993e-05
62.4264719836 	 1.53855e-05
62.500001397 	 1.53712e-05
62.5735308104 	 1.53549e-05
62.6470602238 	 1.53336e-05
62.7205896372 	 1.53192e-05
62.7941190506 	 1.531e-05
62.867648464 	 1.53074e-05
62.9411778774 	 1.53017e-05
63.0147072908 	 1.52992e-05
63.0882367042 	 1.52898e-05
63.1617661177 	 1.52747e-05
63.2352955311 	 1.52535e-05
63.3088249445 	 1.52376e-05
63.3823543579 	 1.52142e-05
63.4558837713 	 1.52077e-05
63.5294131847 	 1.51919e-05
63.6029425981 	 1.51848e-05
63.6764720115 	 1.51774e-05
63.7500014249 	 1.51694e-05
63.8235308383 	 1.51616e-05
63.8970602517 	 1.51551e-05
63.9705896651 	 1.51482e-05
64.0441190786 	 1.5136e-05
64.117648492 	 1.51188e-05
64.1911779054 	 1.51049e-05
64.2647073188 	 1.50947e-05
64.3382367322 	 1.50789e-05
64.4117661456 	 1.50695e-05
64.485295559 	 1.50601e-05
64.5588249724 	 1.50475e-05
64.6323543858 	 1.50387e-05
64.7058837992 	 1.50269e-05
64.7794132126 	 1.50189e-05
64.852942626 	 1.50081e-05
64.9264720395 	 1.49943e-05
65.0000014529 	 1.49801e-05
65.0735308663 	 1.49731e-05
65.1470602797 	 1.49619e-05
65.2205896931 	 1.49484e-05
65.2941191065 	 1.49435e-05
65.3676485199 	 1.49316e-05
65.4411779333 	 1.4927e-05
65.5147073467 	 1.49166e-05
65.5882367601 	 1.4902e-05
65.6617661735 	 1.48881e-05
65.7352955869 	 1.48789e-05
65.8088250004 	 1.48658e-05
65.8823544138 	 1.4857e-05
65.9558838272 	 1.48461e-05
66.0294132406 	 1.484e-05
66.102942654 	 1.48316e-05
66.1764720674 	 1.48203e-05
66.2500014808 	 1.48114e-05
66.3235308942 	 1.48003e-05
66.3970603076 	 1.47872e-05
66.470589721 	 1.47741e-05
66.5441191344 	 1.47635e-05
66.6176485478 	 1.47548e-05
66.6911779613 	 1.47432e-05
66.7647073747 	 1.47368e-05
66.8382367881 	 1.47278e-05
66.9117662015 	 1.47195e-05
66.9852956149 	 1.47104e-05
67.0588250283 	 1.47001e-05
67.1323544417 	 1.46919e-05
67.2058838551 	 1.46822e-05
67.2794132685 	 1.46727e-05
67.3529426819 	 1.46643e-05
67.4264720953 	 1.46529e-05
67.5000015087 	 1.46415e-05
67.5735309222 	 1.46289e-05
67.6470603356 	 1.46193e-05
67.720589749 	 1.46082e-05
67.7941191624 	 1.46018e-05
67.8676485758 	 1.45929e-05
67.9411779892 	 1.45863e-05
68.0147074026 	 1.45768e-05
68.088236816 	 1.45709e-05
68.1617662294 	 1.45603e-05
68.2352956428 	 1.45503e-05
68.3088250562 	 1.45367e-05
68.3823544696 	 1.45254e-05
68.455883883 	 1.45169e-05
68.5294132965 	 1.45087e-05
68.6029427099 	 1.45012e-05
68.6764721233 	 1.44939e-05
68.7500015367 	 1.44847e-05
68.8235309501 	 1.44777e-05
68.8970603635 	 1.44689e-05
68.9705897769 	 1.44584e-05
69.0441191903 	 1.44479e-05
69.1176486037 	 1.44391e-05
69.1911780171 	 1.44295e-05
69.2647074305 	 1.44199e-05
69.3382368439 	 1.44114e-05
69.4117662574 	 1.44038e-05
69.4852956708 	 1.43959e-05
69.5588250842 	 1.43882e-05
69.6323544976 	 1.43797e-05
69.705883911 	 1.43707e-05
69.7794133244 	 1.43611e-05
69.8529427378 	 1.43519e-05
69.9264721512 	 1.43435e-05
70.0000015646 	 1.4334e-05
70.073530978 	 1.43247e-05
70.1470603914 	 1.43165e-05
70.2205898048 	 1.43083e-05
70.2941192183 	 1.4301e-05
70.3676486317 	 1.42947e-05
70.4411780451 	 1.42871e-05
70.5147074585 	 1.42789e-05
70.5882368719 	 1.42707e-05
70.6617662853 	 1.42606e-05
70.7352956987 	 1.4251e-05
70.8088251121 	 1.42418e-05
70.8823545255 	 1.42342e-05
70.9558839389 	 1.42262e-05
71.0294133523 	 1.42185e-05
71.1029427657 	 1.42121e-05
71.1764721792 	 1.42045e-05
71.2500015926 	 1.41969e-05
71.323531006 	 1.41885e-05
71.3970604194 	 1.41801e-05
71.4705898328 	 1.41714e-05
71.5441192462 	 1.41634e-05
71.6176486596 	 1.41554e-05
71.691178073 	 1.41478e-05
71.7647074864 	 1.41393e-05
71.8382368998 	 1.41319e-05
71.9117663132 	 1.41239e-05
71.9852957266 	 1.41162e-05
72.0588251401 	 1.41086e-05
72.1323545535 	 1.4101e-05
72.2058839669 	 1.40938e-05
72.2794133803 	 1.4086e-05
72.3529427937 	 1.40792e-05
72.4264722071 	 1.40714e-05
72.5000016205 	 1.40633e-05
72.5735310339 	 1.40553e-05
72.6470604473 	 1.4047e-05
72.7205898607 	 1.40398e-05
72.7941192741 	 1.40326e-05
72.8676486875 	 1.40259e-05
72.941178101 	 1.40189e-05
73.0147075144 	 1.40115e-05
73.0882369278 	 1.40041e-05
73.1617663412 	 1.39965e-05
73.2352957546 	 1.39893e-05
73.308825168 	 1.39816e-05
73.3823545814 	 1.39742e-05
73.4558839948 	 1.39671e-05
73.5294134082 	 1.39599e-05
73.6029428216 	 1.39526e-05
73.676472235 	 1.39467e-05
73.7500016484 	 1.39401e-05
73.8235310618 	 1.39329e-05
73.8970604753 	 1.39255e-05
73.9705898887 	 1.39184e-05
74.0441193021 	 1.39108e-05
74.1176487155 	 1.39035e-05
74.1911781289 	 1.38963e-05
74.2647075423 	 1.38893e-05
74.3382369557 	 1.38823e-05
74.4117663691 	 1.38757e-05
74.4852957825 	 1.38694e-05
74.5588251959 	 1.38632e-05
74.6323546093 	 1.38563e-05
74.7058840227 	 1.38494e-05
74.7794134362 	 1.38423e-05
74.8529428496 	 1.38353e-05
74.926472263 	 1.38284e-05
75.0000016764 	 1.38219e-05
75.0735310898 	 1.38155e-05
75.1470605032 	 1.38089e-05
75.2205899166 	 1.38021e-05
75.29411933 	 1.37959e-05
75.3676487434 	 1.37893e-05
75.4411781568 	 1.37829e-05
75.5147075702 	 1.37764e-05
75.5882369836 	 1.37697e-05
75.6617663971 	 1.37633e-05
75.7352958105 	 1.37571e-05
75.8088252239 	 1.3751e-05
75.8823546373 	 1.37445e-05
75.9558840507 	 1.37378e-05
76.0294134641 	 1.3731e-05
76.1029428775 	 1.37245e-05
76.1764722909 	 1.37184e-05
76.2500017043 	 1.37126e-05
76.3235311177 	 1.37064e-05
76.3970605311 	 1.37002e-05
76.4705899445 	 1.36942e-05
76.544119358 	 1.36879e-05
76.6176487714 	 1.36818e-05
76.6911781848 	 1.36754e-05
76.7647075982 	 1.36695e-05
76.8382370116 	 1.36632e-05
76.911766425 	 1.36574e-05
76.9852958384 	 1.36515e-05
77.0588252518 	 1.36454e-05
77.1323546652 	 1.36394e-05
77.2058840786 	 1.36337e-05
77.279413492 	 1.36276e-05
77.3529429054 	 1.36218e-05
77.4264723189 	 1.36156e-05
77.5000017323 	 1.36097e-05
77.5735311457 	 1.36037e-05
77.6470605591 	 1.35984e-05
77.7205899725 	 1.35928e-05
77.7941193859 	 1.35872e-05
77.8676487993 	 1.35813e-05
77.9411782127 	 1.35755e-05
78.0147076261 	 1.35695e-05
78.0882370395 	 1.35639e-05
78.1617664529 	 1.35584e-05
78.2352958663 	 1.35527e-05
78.3088252798 	 1.35471e-05
78.3823546932 	 1.35415e-05
78.4558841066 	 1.35357e-05
78.52941352 	 1.35302e-05
78.6029429334 	 1.3525e-05
78.6764723468 	 1.35196e-05
78.7500017602 	 1.35144e-05
78.8235311736 	 1.35089e-05
78.897060587 	 1.35033e-05
78.9705900004 	 1.34977e-05
79.0441194138 	 1.34923e-05
79.1176488272 	 1.34869e-05
79.1911782406 	 1.34813e-05
79.2647076541 	 1.3476e-05
79.3382370675 	 1.3471e-05
79.4117664809 	 1.34659e-05
79.4852958943 	 1.3461e-05
79.5588253077 	 1.34559e-05
79.6323547211 	 1.34504e-05
79.7058841345 	 1.34451e-05
79.7794135479 	 1.34398e-05
79.8529429613 	 1.34346e-05
79.9264723747 	 1.34294e-05
80.0000017881 	 1.34243e-05
80.0735312015 	 1.34197e-05
80.147060615 	 1.34146e-05
80.2205900284 	 1.34096e-05
80.2941194418 	 1.34046e-05
80.3676488552 	 1.33993e-05
80.4411782686 	 1.33944e-05
80.514707682 	 1.33897e-05
80.5882370954 	 1.33849e-05
80.6617665088 	 1.33798e-05
80.7352959222 	 1.3375e-05
80.8088253356 	 1.33703e-05
80.882354749 	 1.33654e-05
80.9558841624 	 1.33605e-05
81.0294135759 	 1.33557e-05
81.1029429893 	 1.33506e-05
81.1764724027 	 1.33457e-05
81.2500018161 	 1.33411e-05
81.3235312295 	 1.33368e-05
81.3970606429 	 1.33324e-05
81.4705900563 	 1.33278e-05
81.5441194697 	 1.3323e-05
81.6176488831 	 1.33183e-05
81.6911782965 	 1.33134e-05
81.7647077099 	 1.3309e-05
81.8382371233 	 1.33043e-05
81.9117665368 	 1.32998e-05
81.9852959502 	 1.32953e-05
82.0588253636 	 1.32908e-05
82.132354777 	 1.32864e-05
82.2058841904 	 1.32822e-05
82.2794136038 	 1.32775e-05
82.3529430172 	 1.32733e-05
82.4264724306 	 1.3269e-05
82.500001844 	 1.32646e-05
82.5735312574 	 1.32601e-05
82.6470606708 	 1.32558e-05
82.7205900842 	 1.32512e-05
82.7941194977 	 1.3247e-05
82.8676489111 	 1.32428e-05
82.9411783245 	 1.3239e-05
83.0147077379 	 1.32345e-05
83.0882371513 	 1.32304e-05
83.1617665647 	 1.32261e-05
83.2352959781 	 1.32219e-05
83.3088253915 	 1.32177e-05
83.3823548049 	 1.32134e-05
83.4558842183 	 1.32095e-05
83.5294136317 	 1.32053e-05
83.6029430451 	 1.32015e-05
83.6764724586 	 1.31974e-05
83.750001872 	 1.31936e-05
83.8235312854 	 1.31894e-05
83.8970606988 	 1.31854e-05
83.9705901122 	 1.31814e-05
84.0441195256 	 1.31774e-05
84.117648939 	 1.31737e-05
84.1911783524 	 1.31698e-05
84.2647077658 	 1.31659e-05
84.3382371792 	 1.3162e-05
84.4117665926 	 1.3158e-05
84.485296006 	 1.31541e-05
84.5588254194 	 1.31503e-05
84.6323548329 	 1.31466e-05
84.7058842463 	 1.31428e-05
84.7794136597 	 1.3139e-05
84.8529430731 	 1.31357e-05
84.9264724865 	 1.31321e-05
85.0000018999 	 1.31284e-05
85.0735313133 	 1.31247e-05
85.1470607267 	 1.3121e-05
85.2205901401 	 1.31171e-05
85.2941195535 	 1.31134e-05
85.3676489669 	 1.31096e-05
85.4411783803 	 1.31062e-05
85.5147077938 	 1.31025e-05
85.5882372072 	 1.30992e-05
85.6617666206 	 1.30962e-05
85.735296034 	 1.30926e-05
85.8088254474 	 1.30892e-05
85.8823548608 	 1.30857e-05
85.9558842742 	 1.30822e-05
86.0294136876 	 1.30786e-05
86.102943101 	 1.3075e-05
86.1764725144 	 1.30717e-05
86.2500019278 	 1.30684e-05
86.3235313412 	 1.3065e-05
86.3970607547 	 1.30618e-05
86.4705901681 	 1.30586e-05
86.5441195815 	 1.30555e-05
86.6176489949 	 1.30522e-05
86.6911784083 	 1.30491e-05
86.7647078217 	 1.30457e-05
86.8382372351 	 1.30423e-05
86.9117666485 	 1.30388e-05
86.9852960619 	 1.30359e-05
87.0588254753 	 1.30328e-05
87.1323548887 	 1.30299e-05
87.2058843021 	 1.30268e-05
87.2794137156 	 1.30236e-05
87.352943129 	 1.30205e-05
87.4264725424 	 1.30176e-05
87.5000019558 	 1.30146e-05
87.5735313692 	 1.30117e-05
87.6470607826 	 1.30084e-05
87.720590196 	 1.30055e-05
87.7941196094 	 1.30025e-05
87.8676490228 	 1.29997e-05
87.9411784362 	 1.29966e-05
88.0147078496 	 1.29937e-05
88.088237263 	 1.29906e-05
88.1617666765 	 1.29877e-05
88.2352960899 	 1.29854e-05
88.3088255033 	 1.29826e-05
88.3823549167 	 1.29797e-05
88.4558843301 	 1.29768e-05
88.5294137435 	 1.29739e-05
88.6029431569 	 1.29712e-05
88.6764725703 	 1.29688e-05
88.7500019837 	 1.29659e-05
88.8235313971 	 1.29631e-05
88.8970608105 	 1.29602e-05
88.9705902239 	 1.29576e-05
89.0441196374 	 1.29553e-05
89.1176490508 	 1.29527e-05
89.1911784642 	 1.29503e-05
89.2647078776 	 1.29475e-05
89.338237291 	 1.29446e-05
89.4117667044 	 1.29422e-05
89.4852961178 	 1.29399e-05
89.5588255312 	 1.29375e-05
89.6323549446 	 1.29348e-05
89.705884358 	 1.29324e-05
89.7794137714 	 1.29297e-05
89.8529431848 	 1.29272e-05
89.9264725982 	 1.2925e-05
90.0000020117 	 1.29227e-05
90.0735314251 	 1.292e-05
90.1470608385 	 1.29176e-05
90.2205902519 	 1.29156e-05
90.2941196653 	 1.29133e-05
90.3676490787 	 1.2911e-05
90.4411784921 	 1.29085e-05
90.5147079055 	 1.29063e-05
90.5882373189 	 1.29039e-05
90.6617667323 	 1.29017e-05
90.7352961457 	 1.28997e-05
90.8088255591 	 1.28975e-05
90.8823549726 	 1.28954e-05
90.955884386 	 1.28931e-05
91.0294137994 	 1.2891e-05
91.1029432128 	 1.28887e-05
91.1764726262 	 1.28863e-05
91.2500020396 	 1.28842e-05
91.323531453 	 1.28823e-05
91.3970608664 	 1.28804e-05
91.4705902798 	 1.28786e-05
91.5441196932 	 1.28766e-05
91.6176491066 	 1.28747e-05
91.69117852 	 1.28725e-05
91.7647079335 	 1.28704e-05
91.8382373469 	 1.28684e-05
91.9117667603 	 1.28665e-05
91.9852961737 	 1.28644e-05
92.0588255871 	 1.28627e-05
92.1323550005 	 1.28611e-05
92.2058844139 	 1.28593e-05
92.2794138273 	 1.28572e-05
92.3529432407 	 1.28552e-05
92.4264726541 	 1.28531e-05
92.5000020675 	 1.28512e-05
92.5735314809 	 1.28497e-05
92.6470608944 	 1.28484e-05
92.7205903078 	 1.28469e-05
92.7941197212 	 1.28452e-05
92.8676491346 	 1.28434e-05
92.941178548 	 1.28418e-05
93.0147079614 	 1.28398e-05
93.0882373748 	 1.28378e-05
93.1617667882 	 1.2836e-05
93.2352962016 	 1.28344e-05
93.308825615 	 1.28329e-05
93.3823550284 	 1.28317e-05
93.4558844418 	 1.28302e-05
93.5294138553 	 1.2829e-05
93.6029432687 	 1.28273e-05
93.6764726821 	 1.28255e-05
93.7500020955 	 1.2824e-05
93.8235315089 	 1.28223e-05
93.8970609223 	 1.28207e-05
93.9705903357 	 1.28196e-05
94.0441197491 	 1.28182e-05
94.1176491625 	 1.28172e-05
94.1911785759 	 1.28158e-05
94.2647079893 	 1.28143e-05
94.3382374027 	 1.28127e-05
94.4117668161 	 1.28113e-05
94.4852962296 	 1.28099e-05
94.558825643 	 1.28086e-05
94.6323550564 	 1.28075e-05
94.7058844698 	 1.28062e-05
94.7794138832 	 1.2805e-05
94.8529432966 	 1.28037e-05
94.92647271 	 1.28027e-05
95.0000021234 	 1.28015e-05
95.0735315368 	 1.28002e-05
95.1470609502 	 1.27988e-05
95.2205903636 	 1.27978e-05
95.294119777 	 1.27967e-05
95.3676491905 	 1.27956e-05
95.4411786039 	 1.27946e-05
95.5147080173 	 1.27934e-05
95.5882374307 	 1.27926e-05
95.6617668441 	 1.27917e-05
95.7352962575 	 1.27906e-05
95.8088256709 	 1.27894e-05
95.8823550843 	 1.27883e-05
95.9558844977 	 1.27872e-05
96.0294139111 	 1.27863e-05
96.1029433245 	 1.27855e-05
96.1764727379 	 1.27847e-05
96.2500021514 	 1.27839e-05
96.3235315648 	 1.27829e-05
96.3970609782 	 1.27821e-05
96.4705903916 	 1.2781e-05
96.544119805 	 1.27802e-05
96.6176492184 	 1.27793e-05
96.6911786318 	 1.27785e-05
96.7647080452 	 1.2778e-05
96.8382374586 	 1.27773e-05
96.911766872 	 1.27765e-05
96.9852962854 	 1.27758e-05
97.0588256988 	 1.27748e-05
97.1323551123 	 1.27741e-05
97.2058845257 	 1.27736e-05
97.2794139391 	 1.27728e-05
97.3529433525 	 1.27721e-05
97.4264727659 	 1.27715e-05
97.5000021793 	 1.2771e-05
97.5735315927 	 1.27707e-05
97.6470610061 	 1.277e-05
97.7205904195 	 1.27697e-05
97.7941198329 	 1.27686e-05
97.8676492463 	 1.27679e-05
97.9411786597 	 1.27675e-05
98.0147080732 	 1.27673e-05
98.0882374866 	 1.27673e-05
98.1617669 	 1.27666e-05
98.2352963134 	 1.27661e-05
98.3088257268 	 1.27655e-05
98.3823551402 	 1.27649e-05
98.4558845536 	 1.27643e-05
98.529413967 	 1.27639e-05
98.6029433804 	 1.27638e-05
98.6764727938 	 1.27639e-05
98.7500022072 	 1.27638e-05
98.8235316206 	 1.27635e-05
98.8970610341 	 1.2763e-05
98.9705904475 	 1.27624e-05
99.0441198609 	 1.27619e-05
99.1176492743 	 1.27618e-05
99.1911786877 	 1.27616e-05
99.2647081011 	 1.27616e-05
99.3382375145 	 1.27616e-05
99.4117669279 	 1.27615e-05
99.4852963413 	 1.27614e-05
99.5588257547 	 1.27612e-05
99.6323551681 	 1.27607e-05
99.7058845815 	 1.27604e-05
99.7794139949 	 1.27602e-05
99.8529434084 	 1.27604e-05
99.9264728218 	 1.27607e-05
100.000002235 	 1.2761e-05
