0.0 	 1.709e-06
0.0472143542187 	 4.29117e-06
0.0944287084374 	 1.70875e-05
0.141643062656 	 3.0056e-06
0.188857416875 	 5.95972e-06
0.236071771093 	 1.15553e-05
0.283286125312 	 8.17056e-06
0.330500479531 	 3.23551e-05
0.377714833749 	 4.70757e-05
0.424929187968 	 2.1506e-05
0.472143542187 	 1.79927e-05
0.519357896406 	 4.29155e-05
0.566572250624 	 9.83123e-06
0.613786604843 	 1.0317e-05
0.661000959062 	 1.97746e-05
0.70821531328 	 2.26227e-05
0.755429667499 	 2.80776e-05
0.802644021718 	 2.37147e-05
0.849858375936 	 1.73879e-05
0.897072730155 	 2.17748e-05
0.944287084374 	 6.39563e-06
0.991501438592 	 1.15766e-05
1.03871579281 	 6.83484e-06
1.08593014703 	 1.56834e-05
1.13314450125 	 7.38739e-06
1.18035885547 	 6.32159e-06
1.22757320969 	 1.57365e-06
1.2747875639 	 8.79207e-07
1.32200191812 	 6.00243e-06
1.36921627234 	 2.92396e-06
1.41643062656 	 2.93059e-06
1.46364498078 	 4.34908e-06
1.510859335 	 1.19634e-06
1.55807368922 	 3.55119e-06
1.60528804344 	 8.78133e-07
1.65250239765 	 6.86212e-06
1.69971675187 	 3.88131e-06
1.74693110609 	 2.17833e-06
1.79414546031 	 2.58604e-06
1.84135981453 	 2.17026e-06
1.88857416875 	 4.1933e-06
1.93578852297 	 5.21802e-06
1.98300287718 	 2.19752e-06
2.0302172314 	 3.65614e-06
2.07743158562 	 3.66048e-06
2.12464593984 	 1.06499e-06
2.17186029406 	 4.19877e-07
2.21907464828 	 2.59547e-06
2.2662890025 	 2.42484e-06
2.31350335672 	 3.07272e-06
2.36071771093 	 4.8291e-06
2.40793206515 	 2.86759e-06
2.45514641937 	 5.00637e-06
2.50236077359 	 3.15075e-06
2.54957512781 	 5.01316e-06
2.59678948203 	 4.88141e-06
2.64400383625 	 5.69165e-06
2.69121819047 	 4.68505e-06
2.73843254468 	 6.50018e-06
2.7856468989 	 5.62848e-06
2.83286125312 	 4.8071e-06
2.88007560734 	 4.09511e-06
2.92728996156 	 3.27114e-06
2.97450431578 	 3.87957e-06
3.02171867 	 3.30084e-06
3.06893302421 	 4.75688e-06
3.11614737843 	 4.84298e-06
3.16336173265 	 8.26234e-06
3.21057608687 	 7.01864e-06
3.25779044109 	 9.42082e-06
3.30500479531 	 8.22761e-06
3.35221914953 	 1.26013e-05
3.39943350375 	 1.5034e-05
3.44664785796 	 1.64314e-05
3.49386221218 	 2.11088e-05
3.5410765664 	 1.17713e-05
3.58829092062 	 1.54327e-05
3.63550527484 	 1.29714e-05
3.68271962906 	 1.15699e-05
3.72993398328 	 8.80784e-06
3.77714833749 	 4.1103e-06
3.82436269171 	 4.88067e-06
3.87157704593 	 5.18439e-06
3.91879140015 	 2.55157e-06
3.96600575437 	 3.41985e-06
4.01322010859 	 3.67088e-06
4.06043446281 	 2.46538e-06
4.10764881703 	 2.61604e-06
4.15486317124 	 2.0872e-06
4.20207752546 	 1.51156e-06
4.24929187968 	 1.35332e-06
4.2965062339 	 2.46104e-06
4.34372058812 	 2.71693e-06
4.39093494234 	 2.39047e-06
4.43814929656 	 3.58223e-06
4.48536365078 	 3.03638e-06
4.53257800499 	 3.05764e-06
4.57979235921 	 3.12941e-06
4.62700671343 	 2.69654e-06
4.67422106765 	 2.67079e-06
4.72143542187 	 2.45583e-06
4.76864977609 	 1.81148e-06
4.81586413031 	 1.55902e-06
4.86307848452 	 1.62133e-06
4.91029283874 	 1.35686e-06
4.95750719296 	 1.3882e-06
5.00472154718 	 9.19717e-07
5.0519359014 	 4.81657e-07
5.09915025562 	 4.61995e-07
5.14636460984 	 7.28985e-07
5.19357896406 	 7.58188e-07
5.24079331827 	 4.67252e-07
5.28800767249 	 3.93191e-07
5.33522202671 	 4.40909e-07
5.38243638093 	 3.02896e-07
5.42965073515 	 2.37483e-07
5.47686508937 	 3.39123e-07
5.52407944359 	 5.99923e-07
5.5712937978 	 6.85902e-07
5.61850815202 	 5.61394e-07
5.66572250624 	 7.70135e-07
5.71293686046 	 1.1953e-06
5.76015121468 	 1.00574e-06
5.8073655689 	 9.14939e-07
5.85457992312 	 8.95141e-07
5.90179427734 	 8.64527e-07
5.94900863155 	 8.89635e-07
5.99622298577 	 8.3831e-07
6.04343733999 	 6.0491e-07
6.09065169421 	 6.74497e-07
6.13786604843 	 4.45571e-07
6.18508040265 	 3.43003e-07
6.23229475687 	 5.4511e-07
6.27950911109 	 7.30575e-07
6.3267234653 	 6.08429e-07
6.37393781952 	 5.45844e-07
6.42115217374 	 6.20183e-07
6.46836652796 	 5.05111e-07
6.51558088218 	 4.79622e-07
6.5627952364 	 5.45261e-07
6.61000959062 	 4.33691e-07
6.65722394483 	 3.86794e-07
6.70443829905 	 3.58443e-07
6.75165265327 	 3.41413e-07
6.79886700749 	 5.06213e-07
6.84608136171 	 5.72561e-07
6.89329571593 	 6.37539e-07
6.94051007015 	 6.40045e-07
6.98772442437 	 6.29158e-07
7.03493877858 	 6.38183e-07
7.0821531328 	 5.36784e-07
7.12936748702 	 4.26243e-07
7.17658184124 	 5.72437e-07
7.22379619546 	 5.81152e-07
7.27101054968 	 5.49953e-07
7.3182249039 	 5.56733e-07
7.36543925811 	 5.64921e-07
7.41265361233 	 6.08506e-07
7.45986796655 	 6.78488e-07
7.50708232077 	 6.12857e-07
7.55429667499 	 6.09193e-07
7.60151102921 	 6.80694e-07
7.64872538343 	 6.62286e-07
7.69593973765 	 5.48192e-07
7.74315409186 	 5.32962e-07
7.79036844608 	 4.45212e-07
7.8375828003 	 3.99666e-07
7.88479715452 	 3.4513e-07
7.93201150874 	 4.17164e-07
7.97922586296 	 4.45328e-07
8.02644021718 	 3.84918e-07
8.0736545714 	 3.23038e-07
8.12086892561 	 3.63833e-07
8.16808327983 	 4.1758e-07
8.21529763405 	 3.72658e-07
8.26251198827 	 3.89783e-07
8.30972634249 	 3.2171e-07
8.35694069671 	 4.68549e-07
8.40415505093 	 5.10818e-07
8.45136940514 	 5.44371e-07
8.49858375936 	 5.58139e-07
8.54579811358 	 5.71834e-07
8.5930124678 	 5.14805e-07
8.64022682202 	 5.00798e-07
8.68744117624 	 5.38413e-07
8.73465553046 	 5.81945e-07
8.78186988468 	 5.34498e-07
8.82908423889 	 4.99183e-07
8.87629859311 	 4.51682e-07
8.92351294733 	 4.4996e-07
8.97072730155 	 4.335e-07
9.01794165577 	 5.61733e-07
9.06515600999 	 5.82656e-07
9.11237036421 	 4.60298e-07
9.15958471842 	 3.97009e-07
9.20679907264 	 3.58668e-07
9.25401342686 	 3.76593e-07
9.30122778108 	 4.46461e-07
9.3484421353 	 4.6472e-07
9.39565648952 	 4.4173e-07
9.44287084374 	 3.87852e-07
9.49008519796 	 2.99406e-07
9.53729955217 	 2.92583e-07
9.58451390639 	 3.16991e-07
9.63172826061 	 3.35094e-07
9.67894261483 	 3.58677e-07
9.72615696905 	 3.17199e-07
9.77337132327 	 3.07208e-07
9.82058567749 	 3.24906e-07
9.86780003171 	 2.84089e-07
9.91501438592 	 3.19119e-07
9.96222874014 	 3.59573e-07
10.0094430944 	 3.31871e-07
10.0566574486 	 3.39631e-07
10.1038718028 	 3.78437e-07
10.151086157 	 4.86392e-07
10.1983005112 	 5.73242e-07
10.2455148655 	 6.0765e-07
10.2927292197 	 5.8394e-07
10.3399435739 	 5.31274e-07
10.3871579281 	 4.76612e-07
10.4343722823 	 3.51967e-07
10.4815866365 	 2.6428e-07
10.5288009908 	 3.68577e-07
10.576015345 	 4.72389e-07
10.6232296992 	 5.67862e-07
10.6704440534 	 6.1788e-07
10.7176584076 	 7.16025e-07
10.7648727619 	 7.01773e-07
10.8120871161 	 6.66394e-07
10.8593014703 	 6.93467e-07
10.9065158245 	 7.41732e-07
10.9537301787 	 8.14075e-07
11.000944533 	 9.16901e-07
11.0481588872 	 9.79084e-07
11.0953732414 	 1.02809e-06
11.1425875956 	 1.09229e-06
11.1898019498 	 1.11372e-06
11.237016304 	 1.0557e-06
11.2842306583 	 1.03439e-06
11.3314450125 	 9.84371e-07
11.3786593667 	 9.47879e-07
11.4258737209 	 9.18429e-07
11.4730880751 	 8.33866e-07
11.5203024294 	 7.6948e-07
11.5675167836 	 7.14828e-07
11.6147311378 	 6.14822e-07
11.661945492 	 5.54751e-07
11.7091598462 	 5.18749e-07
11.7563742005 	 4.60692e-07
11.8035885547 	 4.11526e-07
11.8508029089 	 3.56934e-07
11.8980172631 	 2.93071e-07
11.9452316173 	 2.23787e-07
11.9924459715 	 1.92518e-07
12.0396603258 	 2.55718e-07
12.08687468 	 3.16586e-07
12.1340890342 	 3.46778e-07
12.1813033884 	 3.65629e-07
12.2285177426 	 3.62513e-07
12.2757320969 	 4.01671e-07
12.3229464511 	 4.15108e-07
12.3701608053 	 3.81487e-07
12.4173751595 	 3.52626e-07
12.4645895137 	 3.41195e-07
12.511803868 	 3.03413e-07
12.5590182222 	 2.9094e-07
12.6062325764 	 2.70606e-07
12.6534469306 	 2.60458e-07
12.7006612848 	 2.75292e-07
12.747875639 	 2.71095e-07
12.7950899933 	 2.77649e-07
12.8423043475 	 3.41185e-07
12.8895187017 	 3.81342e-07
12.9367330559 	 4.09032e-07
12.9839474101 	 4.0338e-07
13.0311617644 	 3.81342e-07
13.0783761186 	 3.55273e-07
13.1255904728 	 3.2285e-07
13.172804827 	 3.00088e-07
13.2200191812 	 3.17263e-07
13.2672335355 	 3.38484e-07
13.3144478897 	 3.45841e-07
13.3616622439 	 3.34279e-07
13.4088765981 	 3.23669e-07
13.4560909523 	 3.04341e-07
13.5033053065 	 2.8807e-07
13.5505196608 	 2.6917e-07
13.597734015 	 2.6601e-07
13.6449483692 	 2.68191e-07
13.6921627234 	 2.61634e-07
13.7393770776 	 2.36985e-07
13.7865914319 	 2.32422e-07
13.8338057861 	 2.33028e-07
13.8810201403 	 2.11468e-07
13.9282344945 	 1.89315e-07
13.9754488487 	 1.65221e-07
14.0226632029 	 1.47789e-07
14.0698775572 	 1.50019e-07
14.1170919114 	 1.38363e-07
14.1643062656 	 1.26611e-07
14.2115206198 	 1.15405e-07
14.258734974 	 1.03605e-07
14.3059493283 	 9.45776e-08
14.3531636825 	 9.32874e-08
14.4003780367 	 1.00006e-07
14.4475923909 	 1.14526e-07
14.4948067451 	 1.19482e-07
14.5420210994 	 1.21073e-07
14.5892354536 	 1.22554e-07
14.6364498078 	 1.29097e-07
14.683664162 	 1.27946e-07
14.7308785162 	 1.30963e-07
14.7780928704 	 1.27732e-07
14.8253072247 	 1.33818e-07
14.8725215789 	 1.41293e-07
14.9197359331 	 1.45261e-07
14.9669502873 	 1.47965e-07
15.0141646415 	 1.44529e-07
15.0613789958 	 1.36544e-07
15.10859335 	 1.29444e-07
15.1558077042 	 1.24493e-07
15.2030220584 	 1.28338e-07
15.2502364126 	 1.35404e-07
15.2974507669 	 1.36549e-07
15.3446651211 	 1.29222e-07
15.3918794753 	 1.22181e-07
15.4390938295 	 1.17248e-07
15.4863081837 	 1.13445e-07
15.5335225379 	 1.06735e-07
15.5807368922 	 1.03874e-07
15.6279512464 	 1.0971e-07
15.6751656006 	 1.11578e-07
15.7223799548 	 1.11504e-07
15.769594309 	 1.1482e-07
15.8168086633 	 1.10894e-07
15.8640230175 	 1.03167e-07
15.9112373717 	 1.00417e-07
15.9584517259 	 1.00401e-07
16.0056660801 	 9.74368e-08
16.0528804344 	 9.60286e-08
16.1000947886 	 9.21867e-08
16.1473091428 	 8.33591e-08
16.194523497 	 8.18145e-08
16.2417378512 	 8.26744e-08
16.2889522054 	 8.18119e-08
16.3361665597 	 7.70127e-08
16.3833809139 	 7.33374e-08
16.4305952681 	 7.44507e-08
16.4778096223 	 6.97607e-08
16.5250239765 	 6.73993e-08
16.5722383308 	 6.77379e-08
16.619452685 	 6.55534e-08
16.6666670392 	 6.1778e-08
16.7138813934 	 6.07584e-08
16.7610957476 	 6.18368e-08
16.8083101019 	 6.18439e-08
16.8555244561 	 5.89563e-08
16.9027388103 	 5.1992e-08
16.9499531645 	 4.35219e-08
16.9971675187 	 3.57569e-08
17.0443818729 	 3.03482e-08
17.0915962272 	 2.65699e-08
17.1388105814 	 2.47824e-08
17.1860249356 	 2.79855e-08
17.2332392898 	 2.6697e-08
17.280453644 	 2.55237e-08
17.3276679983 	 2.33882e-08
17.3748823525 	 1.87526e-08
17.4220967067 	 1.54466e-08
17.4693110609 	 1.49354e-08
17.5165254151 	 1.11832e-08
17.5637397694 	 9.10547e-09
17.6109541236 	 6.29134e-09
17.6581684778 	 4.5894e-09
17.705382832 	 2.26343e-09
17.7525971862 	 3.22548e-09
17.7998115404 	 1.25355e-09
17.8470258947 	 2.49305e-09
17.8942402489 	 4.45344e-09
17.9414546031 	 1.10134e-08
17.9886689573 	 1.47553e-08
18.0358833115 	 1.81213e-08
18.0830976658 	 1.86865e-08
18.13031202 	 1.92827e-08
18.1775263742 	 2.07055e-08
18.2247407284 	 2.18799e-08
18.2719550826 	 2.18612e-08
18.3191694368 	 2.30768e-08
18.3663837911 	 2.30439e-08
18.4135981453 	 2.55173e-08
18.4608124995 	 2.64857e-08
18.5080268537 	 2.59008e-08
18.5552412079 	 2.58526e-08
18.6024555622 	 2.58586e-08
18.6496699164 	 2.49738e-08
18.6968842706 	 2.57537e-08
18.7440986248 	 2.50003e-08
18.791312979 	 2.59282e-08
18.8385273333 	 2.63736e-08
18.8857416875 	 2.56422e-08
18.9329560417 	 2.45505e-08
18.9801703959 	 2.25091e-08
19.0273847501 	 2.02196e-08
19.0745991043 	 1.91411e-08
19.1218134586 	 1.67855e-08
19.1690278128 	 1.57652e-08
19.216242167 	 1.3738e-08
19.2634565212 	 1.02342e-08
19.3106708754 	 8.08731e-09
19.3578852297 	 6.19517e-09
19.4050995839 	 6.22426e-09
19.4523139381 	 7.68025e-09
19.4995282923 	 8.05852e-09
19.5467426465 	 6.8765e-09
19.5939570008 	 4.34031e-09
19.641171355 	 2.31232e-09
19.6883857092 	 1.32416e-09
19.7356000634 	 7.32582e-10
19.7828144176 	 1.92264e-09
19.8300287718 	 3.18779e-09
19.8772431261 	 2.64126e-09
19.9244574803 	 3.75436e-09
19.9716718345 	 4.89013e-09
20.0188861887 	 4.6813e-09
20.0661005429 	 5.5885e-09
20.1133148972 	 5.93212e-09
20.1605292514 	 6.89266e-09
20.2077436056 	 7.45838e-09
20.2549579598 	 8.43542e-09
20.302172314 	 8.6338e-09
20.3493866683 	 8.39174e-09
20.3966010225 	 8.4433e-09
20.4438153767 	 9.44744e-09
20.4910297309 	 8.96459e-09
20.5382440851 	 8.75566e-09
20.5854584393 	 9.37733e-09
20.6326727936 	 9.61563e-09
20.6798871478 	 9.62205e-09
20.727101502 	 9.80163e-09
20.7743158562 	 9.70896e-09
20.8215302104 	 9.48194e-09
20.8687445647 	 9.0792e-09
20.9159589189 	 8.3903e-09
20.9631732731 	 7.69641e-09
21.0103876273 	 7.2447e-09
21.0576019815 	 7.19981e-09
21.1048163358 	 7.23622e-09
21.15203069 	 6.862e-09
21.1992450442 	 6.62432e-09
21.2464593984 	 6.69875e-09
21.2936737526 	 6.75522e-09
21.3408881068 	 7.0216e-09
21.3881024611 	 6.69786e-09
21.4353168153 	 5.81629e-09
21.4825311695 	 5.56885e-09
21.5297455237 	 4.57164e-09
21.5769598779 	 3.85345e-09
21.6241742322 	 3.7231e-09
21.6713885864 	 3.59426e-09
21.7186029406 	 4.11922e-09
21.7658172948 	 4.64379e-09
21.813031649 	 5.25972e-09
21.8602460033 	 5.8604e-09
21.9074603575 	 5.6222e-09
21.9546747117 	 4.31026e-09
22.0018890659 	 3.33653e-09
22.0491034201 	 2.51414e-09
22.0963177743 	 2.39315e-09
22.1435321286 	 3.56601e-09
22.1907464828 	 4.60646e-09
22.237960837 	 5.3216e-09
22.2851751912 	 5.61865e-09
22.3323895454 	 5.05027e-09
22.3796038997 	 4.25491e-09
22.4268182539 	 3.28464e-09
22.4740326081 	 2.5385e-09
22.5212469623 	 2.44909e-09
22.5684613165 	 2.79035e-09
22.6156756707 	 3.36316e-09
22.662890025 	 3.92103e-09
22.7101043792 	 4.10462e-09
22.7573187334 	 4.12301e-09
22.8045330876 	 3.74479e-09
22.8517474418 	 2.94559e-09
22.8989617961 	 2.08863e-09
22.9461761503 	 1.56104e-09
22.9933905045 	 1.93499e-09
23.0406048587 	 2.68322e-09
23.0878192129 	 3.59462e-09
23.1350335672 	 4.18469e-09
23.1822479214 	 4.49654e-09
23.2294622756 	 4.33659e-09
23.2766766298 	 3.9099e-09
23.323890984 	 3.1445e-09
23.3711053382 	 2.41806e-09
23.4183196925 	 2.22204e-09
23.4655340467 	 2.53231e-09
23.5127484009 	 3.15184e-09
23.5599627551 	 3.7008e-09
23.6071771093 	 3.83564e-09
23.6543914636 	 3.67982e-09
23.7016058178 	 3.16751e-09
23.748820172 	 2.42504e-09
23.7960345262 	 1.5089e-09
23.8432488804 	 7.16127e-10
23.8904632347 	 3.19669e-10
23.9376775889 	 1.22733e-09
23.9848919431 	 2.03293e-09
24.0321062973 	 2.3833e-09
24.0793206515 	 2.29945e-09
24.1265350057 	 1.87297e-09
24.17374936 	 1.42691e-09
24.2209637142 	 9.35547e-10
24.2681780684 	 3.30889e-10
24.3153924226 	 3.90204e-10
24.3626067768 	 1.13332e-09
24.4098211311 	 1.73109e-09
24.4570354853 	 2.07992e-09
24.5042498395 	 2.19261e-09
24.5514641937 	 2.15463e-09
24.5986785479 	 1.86352e-09
24.6458929022 	 1.56205e-09
24.6931072564 	 1.10576e-09
24.7403216106 	 6.31299e-10
24.7875359648 	 3.9812e-10
24.834750319 	 7.43712e-10
24.8819646732 	 1.20754e-09
24.9291790275 	 1.54322e-09
24.9763933817 	 1.5945e-09
25.0236077359 	 1.57376e-09
25.0708220901 	 1.57459e-09
25.1180364443 	 1.50184e-09
25.1652507986 	 1.25888e-09
25.2124651528 	 9.14314e-10
25.259679507 	 8.57552e-10
25.3068938612 	 8.43283e-10
25.3541082154 	 9.15081e-10
25.4013225697 	 9.60171e-10
25.4485369239 	 1.20334e-09
25.4957512781 	 1.43732e-09
25.5429656323 	 1.50709e-09
25.5901799865 	 1.39169e-09
25.6373943407 	 1.20429e-09
25.684608695 	 1.02208e-09
25.7318230492 	 9.28665e-10
25.7790374034 	 8.99622e-10
25.8262517576 	 1.0071e-09
25.8734661118 	 1.20415e-09
25.9206804661 	 1.35817e-09
25.9678948203 	 1.40081e-09
26.0151091745 	 1.34759e-09
26.0623235287 	 1.2301e-09
26.1095378829 	 1.00981e-09
26.1567522372 	 8.62937e-10
26.2039665914 	 8.71126e-10
26.2511809456 	 9.69122e-10
26.2983952998 	 1.1257e-09
26.345609654 	 1.27623e-09
26.3928240082 	 1.32514e-09
26.4400383625 	 1.31232e-09
26.4872527167 	 1.19374e-09
26.5344670709 	 1.03249e-09
26.5816814251 	 9.22129e-10
26.6288957793 	 8.87882e-10
26.6761101336 	 9.35533e-10
26.7233244878 	 1.09693e-09
26.770538842 	 1.26892e-09
26.8177531962 	 1.34943e-09
26.8649675504 	 1.32019e-09
26.9121819047 	 1.24395e-09
26.9593962589 	 1.17754e-09
27.0066106131 	 1.03435e-09
27.0538249673 	 8.66032e-10
27.1010393215 	 7.86193e-10
27.1482536757 	 8.81832e-10
27.19546803 	 1.0478e-09
27.2426823842 	 1.20746e-09
27.2898967384 	 1.28313e-09
27.3371110926 	 1.31594e-09
27.3843254468 	 1.29106e-09
27.4315398011 	 1.20344e-09
27.4787541553 	 1.05743e-09
27.5259685095 	 9.21069e-10
27.5731828637 	 8.76531e-10
27.6203972179 	 9.45445e-10
27.6676115721 	 1.02216e-09
27.7148259264 	 1.06499e-09
27.7620402806 	 1.10051e-09
27.8092546348 	 1.13359e-09
27.856468989 	 1.13495e-09
27.9036833432 	 1.10134e-09
27.9508976975 	 1.07393e-09
27.9981120517 	 1.07316e-09
28.0453264059 	 1.06799e-09
28.0925407601 	 1.03925e-09
28.1397551143 	 1.01925e-09
28.1869694686 	 1.02247e-09
28.2341838228 	 1.03999e-09
28.281398177 	 1.07579e-09
28.3286125312 	 1.08503e-09
28.3758268854 	 1.07444e-09
28.4230412396 	 1.04881e-09
28.4702555939 	 1.03035e-09
28.5174699481 	 1.01682e-09
28.5646843023 	 1.00257e-09
28.6118986565 	 9.88194e-10
28.6591130107 	 1.00528e-09
28.706327365 	 1.05123e-09
28.7535417192 	 1.09919e-09
28.8007560734 	 1.11519e-09
28.8479704276 	 1.08201e-09
28.8951847818 	 1.03887e-09
28.9423991361 	 9.97404e-10
28.9896134903 	 9.69627e-10
29.0368278445 	 9.72496e-10
29.0840421987 	 1.00758e-09
29.1312565529 	 1.05179e-09
29.1784709071 	 1.07767e-09
29.2256852614 	 1.08276e-09
29.2728996156 	 1.06588e-09
29.3201139698 	 1.03507e-09
29.367328324 	 9.98853e-10
29.4145426782 	 9.70576e-10
29.4617570325 	 9.58207e-10
29.5089713867 	 9.74334e-10
29.5561857409 	 1.00283e-09
29.6034000951 	 1.03896e-09
29.6506144493 	 1.06617e-09
29.6978288036 	 1.07637e-09
29.7450431578 	 1.05664e-09
29.792257512 	 1.01966e-09
29.8394718662 	 9.80575e-10
29.8866862204 	 9.564e-10
29.9339005746 	 9.56686e-10
29.9811149289 	 9.78186e-10
30.0283292831 	 1.00423e-09
30.0755436373 	 1.02642e-09
30.1227579915 	 1.04152e-09
30.1699723457 	 1.04362e-09
30.2171867 	 1.03297e-09
30.2644010542 	 1.00976e-09
30.3116154084 	 9.8597e-10
30.3588297626 	 9.67567e-10
30.4060441168 	 9.63645e-10
30.4532584711 	 9.73282e-10
30.5004728253 	 9.89025e-10
30.5476871795 	 1.00028e-09
30.5949015337 	 1.00429e-09
30.6421158879 	 9.99062e-10
30.6893302421 	 9.92661e-10
30.7365445964 	 9.87748e-10
30.7837589506 	 9.8637e-10
30.8309733048 	 9.90142e-10
30.878187659 	 9.96551e-10
30.9254020132 	 9.96314e-10
30.9726163675 	 9.90063e-10
31.0198307217 	 9.83344e-10
31.0670450759 	 9.76208e-10
31.1142594301 	 9.67752e-10
31.1614737843 	 9.64246e-10
31.2086881386 	 9.67099e-10
31.2559024928 	 9.73817e-10
31.303116847 	 9.80291e-10
31.3503312012 	 9.83847e-10
31.3975455554 	 9.85408e-10
31.4447599096 	 9.82194e-10
31.4919742639 	 9.76871e-10
31.5391886181 	 9.70995e-10
31.5864029723 	 9.6839e-10
31.6336173265 	 9.66365e-10
31.6808316807 	 9.6677e-10
31.728046035 	 9.65278e-10
31.7752603892 	 9.64342e-10
31.8224747434 	 9.64626e-10
31.8696890976 	 9.64756e-10
31.9169034518 	 9.64075e-10
31.964117806 	 9.64473e-10
32.0113321603 	 9.64409e-10
32.0585465145 	 9.63779e-10
32.1057608687 	 9.61622e-10
32.1529752229 	 9.57878e-10
32.2001895771 	 9.54604e-10
32.2474039314 	 9.52393e-10
32.2946182856 	 9.52652e-10
32.3418326398 	 9.55027e-10
32.389046994 	 9.58738e-10
32.4362613482 	 9.606e-10
32.4834757025 	 9.61009e-10
32.5306900567 	 9.5856e-10
32.5779044109 	 9.53285e-10
32.6251187651 	 9.45964e-10
32.6723331193 	 9.40643e-10
32.7195474735 	 9.39512e-10
32.7667618278 	 9.42022e-10
32.813976182 	 9.4535e-10
32.8611905362 	 9.47995e-10
32.9084048904 	 9.49939e-10
32.9556192446 	 9.50018e-10
33.0028335989 	 9.47846e-10
33.0500479531 	 9.43865e-10
33.0972623073 	 9.39914e-10
33.1444766615 	 9.37459e-10
33.1916910157 	 9.37195e-10
33.23890537 	 9.37973e-10
33.2861197242 	 9.39148e-10
33.3333340784 	 9.39708e-10
33.3805484326 	 9.3926e-10
33.4277627868 	 9.37545e-10
33.474977141 	 9.35019e-10
33.5221914953 	 9.32633e-10
33.5694058495 	 9.304e-10
33.6166202037 	 9.29538e-10
33.6638345579 	 9.3003e-10
33.7110489121 	 9.30573e-10
33.7582632664 	 9.31136e-10
33.8054776206 	 9.31311e-10
33.8526919748 	 9.30717e-10
33.899906329 	 9.29508e-10
33.9471206832 	 9.27742e-10
33.9943350375 	 9.26086e-10
34.0415493917 	 9.24483e-10
34.0887637459 	 9.23527e-10
34.1359781001 	 9.23039e-10
34.1831924543 	 9.22692e-10
34.2304068085 	 9.22577e-10
34.2776211628 	 9.22098e-10
34.324835517 	 9.21155e-10
34.3720498712 	 9.2003e-10
34.4192642254 	 9.19102e-10
34.4664785796 	 9.18315e-10
34.5136929339 	 9.17508e-10
34.5609072881 	 9.16918e-10
34.6081216423 	 9.16477e-10
34.6553359965 	 9.16091e-10
34.7025503507 	 9.15538e-10
34.749764705 	 9.14563e-10
34.7969790592 	 9.13125e-10
34.8441934134 	 9.12194e-10
34.8914077676 	 9.1147e-10
34.9386221218 	 9.10963e-10
34.985836476 	 9.10502e-10
35.0330508303 	 9.09994e-10
35.0802651845 	 9.09727e-10
35.1274795387 	 9.09082e-10
35.1746938929 	 9.08257e-10
35.2219082471 	 9.07197e-10
35.2691226014 	 9.06099e-10
35.3163369556 	 9.0529e-10
35.3635513098 	 9.04426e-10
35.410765664 	 9.03869e-10
35.4579800182 	 9.03445e-10
35.5051943725 	 9.03022e-10
35.5524087267 	 9.02675e-10
35.5996230809 	 9.02105e-10
35.6468374351 	 9.01303e-10
35.6940517893 	 9.00471e-10
35.7412661435 	 8.9942e-10
35.7884804978 	 8.98635e-10
35.835694852 	 8.97899e-10
35.8829092062 	 8.97315e-10
35.9301235604 	 8.97016e-10
35.9773379146 	 8.96502e-10
36.0245522689 	 8.95989e-10
36.0717666231 	 8.95258e-10
36.1189809773 	 8.94643e-10
36.1661953315 	 8.93964e-10
36.2134096857 	 8.93122e-10
36.2606240399 	 8.92426e-10
36.3078383942 	 8.91719e-10
36.3550527484 	 8.91114e-10
36.4022671026 	 8.90527e-10
36.4494814568 	 8.89919e-10
36.496695811 	 8.89345e-10
36.5439101653 	 8.89025e-10
36.5911245195 	 8.88489e-10
36.6383388737 	 8.87824e-10
36.6855532279 	 8.8701e-10
36.7327675821 	 8.86259e-10
36.7799819364 	 8.85738e-10
36.8271962906 	 8.85164e-10
36.8744106448 	 8.8461e-10
36.921624999 	 8.83914e-10
36.9688393532 	 8.83444e-10
37.0160537074 	 8.82888e-10
37.0632680617 	 8.82354e-10
37.1104824159 	 8.81825e-10
37.1576967701 	 8.81127e-10
37.2049111243 	 8.80548e-10
37.2521254785 	 8.79898e-10
37.2993398328 	 8.79322e-10
37.346554187 	 8.78772e-10
37.3937685412 	 8.78277e-10
37.4409828954 	 8.77754e-10
37.4881972496 	 8.77279e-10
37.5354116039 	 8.76712e-10
37.5826259581 	 8.76081e-10
37.6298403123 	 8.75481e-10
37.6770546665 	 8.74939e-10
37.7242690207 	 8.74354e-10
37.7714833749 	 8.73874e-10
37.8186977292 	 8.73345e-10
37.8659120834 	 8.72769e-10
37.9131264376 	 8.72324e-10
37.9603407918 	 8.71799e-10
38.007555146 	 8.71309e-10
38.0547695003 	 8.70768e-10
38.1019838545 	 8.70189e-10
38.1491982087 	 8.69622e-10
38.1964125629 	 8.69083e-10
38.2436269171 	 8.68576e-10
38.2908412714 	 8.68065e-10
38.3380556256 	 8.67574e-10
38.3852699798 	 8.67046e-10
38.432484334 	 8.66663e-10
38.4796986882 	 8.66138e-10
38.5269130424 	 8.65658e-10
38.5741273967 	 8.65141e-10
38.6213417509 	 8.64655e-10
38.6685561051 	 8.6414e-10
38.7157704593 	 8.63546e-10
38.7629848135 	 8.63023e-10
38.8101991678 	 8.62521e-10
38.857413522 	 8.62089e-10
38.9046278762 	 8.61789e-10
38.9518422304 	 8.61245e-10
38.9990565846 	 8.6083e-10
39.0462709389 	 8.60431e-10
39.0934852931 	 8.59893e-10
39.1406996473 	 8.59405e-10
39.1879140015 	 8.58898e-10
39.2351283557 	 8.58323e-10
39.2823427099 	 8.57809e-10
39.3295570642 	 8.57302e-10
39.3767714184 	 8.56962e-10
39.4239857726 	 8.56646e-10
39.4712001268 	 8.56232e-10
39.518414481 	 8.55694e-10
39.5656288353 	 8.55321e-10
39.6128431895 	 8.54878e-10
39.6600575437 	 8.54431e-10
39.7072718979 	 8.53908e-10
39.7544862521 	 8.53413e-10
39.8017006064 	 8.53025e-10
39.8489149606 	 8.52635e-10
39.8961293148 	 8.52187e-10
39.943343669 	 8.51774e-10
39.9905580232 	 8.51334e-10
40.0377723774 	 8.50919e-10
40.0849867317 	 8.50444e-10
40.1322010859 	 8.50082e-10
40.1794154401 	 8.4973e-10
40.2266297943 	 8.49376e-10
40.2738441485 	 8.48846e-10
40.3210585028 	 8.48376e-10
40.368272857 	 8.47991e-10
40.4154872112 	 8.47666e-10
40.4627015654 	 8.47352e-10
40.5099159196 	 8.46838e-10
40.5571302739 	 8.46407e-10
40.6043446281 	 8.46079e-10
40.6515589823 	 8.45729e-10
40.6987733365 	 8.4528e-10
40.7459876907 	 8.44775e-10
40.7932020449 	 8.44396e-10
40.8404163992 	 8.44126e-10
40.8876307534 	 8.43843e-10
40.9348451076 	 8.43528e-10
40.9820594618 	 8.43041e-10
41.029273816 	 8.42549e-10
41.0764881703 	 8.4219e-10
41.1237025245 	 8.41768e-10
41.1709168787 	 8.41525e-10
41.2181312329 	 8.4108e-10
41.2653455871 	 8.40807e-10
41.3125599413 	 8.40494e-10
41.3597742956 	 8.40176e-10
41.4069886498 	 8.39811e-10
41.454203004 	 8.3925e-10
41.5014173582 	 8.38875e-10
41.5486317124 	 8.38568e-10
41.5958460667 	 8.38331e-10
41.6430604209 	 8.38037e-10
41.6902747751 	 8.37672e-10
41.7374891293 	 8.37354e-10
41.7847034835 	 8.37024e-10
41.8319178378 	 8.36515e-10
41.879132192 	 8.36178e-10
41.9263465462 	 8.35852e-10
41.9735609004 	 8.35521e-10
42.0207752546 	 8.35242e-10
42.0679896088 	 8.34971e-10
42.1152039631 	 8.34729e-10
42.1624183173 	 8.3439e-10
42.2096326715 	 8.341e-10
42.2568470257 	 8.33731e-10
42.3040613799 	 8.3341e-10
42.3512757342 	 8.32985e-10
42.3984900884 	 8.32676e-10
42.4457044426 	 8.32278e-10
42.4929187968 	 8.32097e-10
42.540133151 	 8.31861e-10
42.5873475053 	 8.31571e-10
42.6345618595 	 8.3127e-10
42.6817762137 	 8.30999e-10
42.7289905679 	 8.30727e-10
42.7762049221 	 8.30251e-10
42.8234192763 	 8.30015e-10
42.8706336306 	 8.29713e-10
42.9178479848 	 8.29436e-10
42.965062339 	 8.29159e-10
43.0122766932 	 8.28826e-10
43.0594910474 	 8.2863e-10
43.1067054017 	 8.28418e-10
43.1539197559 	 8.28083e-10
43.2011341101 	 8.27739e-10
43.2483484643 	 8.27495e-10
43.2955628185 	 8.27279e-10
43.3427771728 	 8.27004e-10
43.389991527 	 8.26721e-10
43.4372058812 	 8.26419e-10
43.4844202354 	 8.26127e-10
43.5316345896 	 8.25987e-10
43.5788489438 	 8.25601e-10
43.6260632981 	 8.25456e-10
43.6732776523 	 8.25141e-10
43.7204920065 	 8.24851e-10
43.7677063607 	 8.24563e-10
43.8149207149 	 8.24331e-10
43.8621350692 	 8.2421e-10
43.9093494234 	 8.23894e-10
43.9565637776 	 8.23652e-10
44.0037781318 	 8.23487e-10
44.050992486 	 8.2324e-10
44.0982068403 	 8.22999e-10
44.1454211945 	 8.22639e-10
44.1926355487 	 8.22405e-10
44.2398499029 	 8.22238e-10
44.2870642571 	 8.21962e-10
44.3342786113 	 8.21789e-10
44.3814929656 	 8.21506e-10
44.4287073198 	 8.21314e-10
44.475921674 	 8.21161e-10
44.5231360282 	 8.20969e-10
44.5703503824 	 8.20771e-10
44.6175647367 	 8.20446e-10
44.6647790909 	 8.20266e-10
44.7119934451 	 8.19998e-10
44.7592077993 	 8.19843e-10
44.8064221535 	 8.19606e-10
44.8536365078 	 8.19377e-10
44.900850862 	 8.1912e-10
44.9480652162 	 8.19006e-10
44.9952795704 	 8.18847e-10
45.0424939246 	 8.18608e-10
45.0897082788 	 8.1841e-10
45.1369226331 	 8.18326e-10
45.1841369873 	 8.18196e-10
45.2313513415 	 8.1788e-10
45.2785656957 	 8.17666e-10
45.3257800499 	 8.1736e-10
45.3729944042 	 8.17253e-10
45.4202087584 	 8.1704e-10
45.4674231126 	 8.16831e-10
45.5146374668 	 8.16704e-10
45.561851821 	 8.16576e-10
45.6090661752 	 8.16544e-10
45.6562805295 	 8.16314e-10
45.7034948837 	 8.16076e-10
45.7507092379 	 8.159e-10
45.7979235921 	 8.15694e-10
45.8451379463 	 8.15491e-10
45.8923523006 	 8.15331e-10
45.9395666548 	 8.15142e-10
45.986781009 	 8.15081e-10
46.0339953632 	 8.14824e-10
46.0812097174 	 8.14838e-10
46.1284240717 	 8.14659e-10
46.1756384259 	 8.14583e-10
46.2228527801 	 8.14336e-10
46.2700671343 	 8.14038e-10
46.3172814885 	 8.13969e-10
46.3644958427 	 8.13762e-10
46.411710197 	 8.1374e-10
46.4589245512 	 8.13602e-10
46.5061389054 	 8.13425e-10
46.5533532596 	 8.134e-10
46.6005676138 	 8.13178e-10
46.6477819681 	 8.1305e-10
46.6949963223 	 8.12903e-10
46.7422106765 	 8.12726e-10
46.7894250307 	 8.12617e-10
46.8366393849 	 8.12428e-10
46.8838537392 	 8.12366e-10
46.9310680934 	 8.12332e-10
46.9782824476 	 8.12301e-10
47.0254968018 	 8.1212e-10
47.072711156 	 8.11872e-10
47.1199255102 	 8.11742e-10
47.1671398645 	 8.11618e-10
47.2143542187 	 8.11618e-10
47.2615685729 	 8.11495e-10
47.3087829271 	 8.11375e-10
47.3559972813 	 8.11273e-10
47.4032116356 	 8.11192e-10
47.4504259898 	 8.11139e-10
47.497640344 	 8.10948e-10
47.5448546982 	 8.10785e-10
47.5920690524 	 8.10714e-10
47.6392834067 	 8.10627e-10
47.6864977609 	 8.10607e-10
47.7337121151 	 8.10499e-10
47.7809264693 	 8.10383e-10
47.8281408235 	 8.1028e-10
47.8753551777 	 8.10218e-10
47.922569532 	 8.1023e-10
47.9697838862 	 8.10108e-10
48.0169982404 	 8.10033e-10
48.0642125946 	 8.09797e-10
48.1114269488 	 8.09789e-10
48.1586413031 	 8.09752e-10
48.2058556573 	 8.0975e-10
48.2530700115 	 8.09708e-10
48.3002843657 	 8.09524e-10
48.3474987199 	 8.09498e-10
48.3947130742 	 8.09425e-10
48.4419274284 	 8.09359e-10
48.4891417826 	 8.09241e-10
48.5363561368 	 8.09201e-10
48.583570491 	 8.09084e-10
48.6307848452 	 8.09169e-10
48.6779991995 	 8.091e-10
48.7252135537 	 8.09071e-10
48.7724279079 	 8.08996e-10
48.8196422621 	 8.08996e-10
48.8668566163 	 8.08902e-10
48.9140709706 	 8.08741e-10
48.9612853248 	 8.08739e-10
49.008499679 	 8.08659e-10
49.0557140332 	 8.08629e-10
49.1029283874 	 8.08631e-10
49.1501427417 	 8.08646e-10
49.1973570959 	 8.08696e-10
49.2445714501 	 8.08678e-10
49.2917858043 	 8.08591e-10
49.3390001585 	 8.08543e-10
49.3862145127 	 8.08457e-10
49.433428867 	 8.0845e-10
49.4806432212 	 8.08458e-10
49.5278575754 	 8.08303e-10
49.5750719296 	 8.08381e-10
49.6222862838 	 8.08357e-10
49.6695006381 	 8.08431e-10
49.7167149923 	 8.08416e-10
49.7639293465 	 8.08319e-10
49.8111437007 	 8.08366e-10
49.8583580549 	 8.08241e-10
49.9055724091 	 8.08316e-10
49.9527867634 	 8.08299e-10
50.0000011176 	 8.08266e-10
