0.0 	 0.0
0.005 	 -2.66568e-05
0.01 	 -0.000210549
0.015 	 -0.000819128
0.02 	 -0.00209298
0.025 	 -0.00394345
0.03 	 -0.00580366
0.035 	 -0.00681718
0.04 	 -0.00622185
0.045 	 -0.00364301
0.05 	 0.000844827
0.055 	 0.0068315
0.06 	 0.0137422
0.065 	 0.0209966
0.07 	 0.028132
0.075 	 0.0348769
0.08 	 0.0411581
0.085 	 0.0470483
0.09 	 0.0526843
0.095 	 0.0581939
0.1 	 0.0636585
0.105 	 0.0691102
0.11 	 0.0745508
0.115 	 0.0799695
0.12 	 0.0853496
0.125 	 0.0906607
0.13 	 0.0958436
0.135 	 0.100796
0.14 	 0.105364
0.145 	 0.109349
0.15 	 0.112521
0.155 	 0.11465
0.16 	 0.115535
0.165 	 0.115032
0.17 	 0.113075
0.175 	 0.109665
0.18 	 0.104842
0.185 	 0.0986263
0.19 	 0.0909606
0.195 	 0.0816564
0.2 	 0.0703874
0.205 	 0.0567498
0.21 	 0.0404004
0.215 	 0.0212443
0.22 	 -0.00039198
0.225 	 -0.023677
0.23 	 -0.0473302
0.235 	 -0.0698106
0.24 	 -0.0895869
0.245 	 -0.105406
0.25 	 -0.11649
0.255 	 -0.122605
0.26 	 -0.124016
0.265 	 -0.121345
0.27 	 -0.115397
0.275 	 -0.107003
0.28 	 -0.0968993
0.285 	 -0.0856602
0.29 	 -0.0736682
0.295 	 -0.0611121
0.3 	 -0.0480002
0.305 	 -0.0341828
0.31 	 -0.0193871
0.315 	 -0.00326695
0.32 	 0.0145311
0.325 	 0.0342941
0.33 	 0.0561798
0.335 	 0.0801858
0.34 	 0.106155
0.345 	 0.133804
0.35 	 0.162725
0.355 	 0.19236
0.36 	 0.221917
0.365 	 0.250313
0.37 	 0.276183
0.375 	 0.297982
0.38 	 0.314165
0.385 	 0.323375
0.39 	 0.324584
0.395 	 0.317147
0.4 	 0.30076
0.405 	 0.275341
0.41 	 0.240915
0.415 	 0.197539
0.42 	 0.145368
0.425 	 0.0848418
0.43 	 0.0169304
0.435 	 -0.0567018
0.44 	 -0.133726
0.445 	 -0.211392
0.45 	 -0.286885
0.455 	 -0.357679
0.46 	 -0.421766
0.465 	 -0.477746
0.47 	 -0.524791
0.475 	 -0.56254
0.48 	 -0.590979
0.485 	 -0.610336
0.49 	 -0.621001
0.495 	 -0.62347
0.5 	 -0.618284
0.505 	 -0.605967
0.51 	 -0.586975
0.515 	 -0.56165
0.52 	 -0.530208
0.525 	 -0.492745
0.53 	 -0.449261
0.535 	 -0.399692
0.54 	 -0.343969
0.545 	 -0.282088
0.55 	 -0.214218
0.555 	 -0.1408
0.56 	 -0.062637
0.565 	 0.0190861
0.57 	 0.102843
0.575 	 0.186862
0.58 	 0.269237
0.585 	 0.348024
0.59 	 0.421328
0.595 	 0.487381
0.6 	 0.544629
0.605 	 0.591828
0.61 	 0.628118
0.615 	 0.653073
0.62 	 0.666704
0.625 	 0.669406
0.63 	 0.661857
0.635 	 0.644882
0.64 	 0.619323
0.645 	 0.585931
0.65 	 0.545308
0.655 	 0.497896
0.66 	 0.444024
0.665 	 0.383989
0.67 	 0.318167
0.675 	 0.247116
0.68 	 0.171636
0.685 	 0.0927755
0.69 	 0.0117668
0.695 	 -0.0700607
0.7 	 -0.151382
0.705 	 -0.230958
0.71 	 -0.30768
0.715 	 -0.380585
0.72 	 -0.44884
0.725 	 -0.51171
0.73 	 -0.568528
0.735 	 -0.618681
0.74 	 -0.661604
0.745 	 -0.696776
0.75 	 -0.723718
0.755 	 -0.74196
0.76 	 -0.751028
0.765 	 -0.750437
0.77 	 -0.739729
0.775 	 -0.718545
0.78 	 -0.686697
0.785 	 -0.64423
0.79 	 -0.591463
0.795 	 -0.528983
0.8 	 -0.457618
0.805 	 -0.378371
0.81 	 -0.292347
0.815 	 -0.200698
0.82 	 -0.104593
0.825 	 -0.00526695
0.83 	 0.0959033
0.835 	 0.197312
0.84 	 0.29709
0.845 	 0.393156
0.85 	 0.48334
0.855 	 0.565561
0.86 	 0.637987
0.865 	 0.699158
0.87 	 0.74802
0.875 	 0.783894
0.88 	 0.806394
0.885 	 0.815361
0.89 	 0.81082
0.895 	 0.793008
0.9 	 0.762443
0.905 	 0.720006
0.91 	 0.666991
0.915 	 0.60509
0.92 	 0.536304
0.925 	 0.462786
0.93 	 0.386629
0.935 	 0.309636
0.94 	 0.233125
0.945 	 0.157809
0.95 	 0.083786
0.955 	 0.01067
0.96 	 -0.0621983
0.965 	 -0.135499
0.97 	 -0.209705
0.975 	 -0.284914
0.98 	 -0.360738
0.985 	 -0.436264
0.99 	 -0.510066
0.995 	 -0.580302
1.0 	 -0.644852
1.005 	 -0.701505
1.01 	 -0.748146
1.015 	 -0.782916
1.02 	 -0.804366
1.025 	 -0.811554
1.03 	 -0.804113
1.035 	 -0.782257
1.04 	 -0.746734
1.045 	 -0.698726
1.05 	 -0.63971
1.055 	 -0.571307
1.06 	 -0.495121
1.065 	 -0.412603
1.07 	 -0.324947
1.075 	 -0.233038
1.08 	 -0.137469
1.085 	 -0.0386306
1.09 	 0.0631356
1.095 	 0.167369
1.1 	 0.273343
1.105 	 0.37998
1.11 	 0.485847
1.115 	 0.589214
1.12 	 0.688152
1.125 	 0.780662
1.13 	 0.864793
1.135 	 0.938722
1.14 	 1.00079
1.145 	 1.04952
1.15 	 1.08364
1.155 	 1.10213
1.16 	 1.10435
1.165 	 1.09015
1.17 	 1.05985
1.175 	 1.0143
1.18 	 0.954637
1.185 	 0.88216
1.19 	 0.798103
1.195 	 0.703551
1.2 	 0.599458
1.205 	 0.486783
1.21 	 0.366683
1.215 	 0.24071
1.22 	 0.110929
1.225 	 -0.0200783
1.23 	 -0.149376
1.235 	 -0.273961
1.24 	 -0.391124
1.245 	 -0.498769
1.25 	 -0.59561
1.255 	 -0.681205
1.26 	 -0.755834
1.265 	 -0.820268
1.27 	 -0.87551
1.275 	 -0.922566
1.28 	 -0.9623
1.285 	 -0.995373
1.29 	 -1.02227
1.295 	 -1.04338
1.3 	 -1.05898
1.305 	 -1.06929
1.31 	 -1.07425
1.315 	 -1.07342
1.32 	 -1.06579
1.325 	 -1.04974
1.33 	 -1.0232
1.335 	 -0.983926
1.34 	 -0.929951
1.345 	 -0.860007
1.35 	 -0.773886
1.355 	 -0.672583
1.36 	 -0.558199
1.365 	 -0.433636
1.37 	 -0.302197
1.375 	 -0.167172
1.38 	 -0.0315228
1.385 	 0.102295
1.39 	 0.232378
1.395 	 0.357319
1.4 	 0.476106
1.405 	 0.588043
1.41 	 0.692707
1.415 	 0.78994
1.42 	 0.879826
1.425 	 0.962625
1.43 	 1.0386
1.435 	 1.10778
1.44 	 1.16969
1.445 	 1.2232
1.45 	 1.26647
1.455 	 1.29714
1.46 	 1.31262
1.465 	 1.31052
1.47 	 1.28894
1.475 	 1.24674
1.48 	 1.18368
1.485 	 1.10044
1.49 	 0.998506
1.495 	 0.880106
1.5 	 0.748126
1.505 	 0.606044
1.51 	 0.457814
1.515 	 0.30767
1.52 	 0.159839
1.525 	 0.0182133
1.53 	 -0.113961
1.535 	 -0.234354
1.54 	 -0.341732
1.545 	 -0.436032
1.55 	 -0.51829
1.555 	 -0.59041
1.56 	 -0.654795
1.565 	 -0.713894
1.57 	 -0.769747
1.575 	 -0.823618
1.58 	 -0.875812
1.585 	 -0.92573
1.59 	 -0.972138
1.595 	 -1.01355
1.6 	 -1.04857
1.605 	 -1.07601
1.61 	 -1.09494
1.615 	 -1.10445
1.62 	 -1.10353
1.625 	 -1.09099
1.63 	 -1.06557
1.635 	 -1.02616
1.64 	 -0.972133
1.645 	 -0.90358
1.65 	 -0.821418
1.655 	 -0.727316
1.66 	 -0.623467
1.665 	 -0.512277
1.67 	 -0.39608
1.675 	 -0.276943
1.68 	 -0.156582
1.685 	 -0.0364027
1.69 	 0.0823904
1.695 	 0.198651
1.7 	 0.311152
1.705 	 0.418496
1.71 	 0.519098
1.715 	 0.611259
1.72 	 0.693287
1.725 	 0.763646
1.73 	 0.821077
1.735 	 0.864689
1.74 	 0.893981
1.745 	 0.908838
1.75 	 0.909487
1.755 	 0.896469
1.76 	 0.870596
1.765 	 0.832927
1.77 	 0.784731
1.775 	 0.727451
1.78 	 0.662652
1.785 	 0.591961
1.79 	 0.516982
1.795 	 0.439213
1.8 	 0.359985
1.805 	 0.280423
1.81 	 0.201442
1.815 	 0.12378
1.82 	 0.0480497
1.825 	 -0.0251667
1.83 	 -0.0952136
1.835 	 -0.16126
1.84 	 -0.222242
1.845 	 -0.276882
1.85 	 -0.323789
1.855 	 -0.361625
1.86 	 -0.389288
1.865 	 -0.406091
1.87 	 -0.411876
1.875 	 -0.407066
1.88 	 -0.392634
1.885 	 -0.370002
1.89 	 -0.34087
1.895 	 -0.307025
1.9 	 -0.270157
1.905 	 -0.23172
1.91 	 -0.192857
1.915 	 -0.154404
1.92 	 -0.116948
1.925 	 -0.0809442
1.93 	 -0.0468359
1.935 	 -0.0151231
1.94 	 0.0136739
1.945 	 0.0391498
1.95 	 0.0611853
1.955 	 0.0800637
1.96 	 0.0964684
1.965 	 0.111357
1.97 	 0.125751
1.975 	 0.140501
1.98 	 0.156087
1.985 	 0.172486
1.99 	 0.189144
1.995 	 0.20504
2.0 	 0.218837
2.005 	 0.229069
2.01 	 0.234318
2.015 	 0.23337
2.02 	 0.225332
2.025 	 0.209732
2.03 	 0.186603
2.035 	 0.156539
2.04 	 0.120703
2.045 	 0.0807713
2.05 	 0.0388049
2.055 	 -0.00293503
2.06 	 -0.0422235
2.065 	 -0.0771312
2.07 	 -0.106269
2.075 	 -0.128956
2.08 	 -0.145264
2.085 	 -0.15592
2.09 	 -0.162099
2.095 	 -0.165161
2.1 	 -0.166397
2.105 	 -0.166824
2.11 	 -0.167058
2.115 	 -0.167269
2.12 	 -0.167208
2.125 	 -0.166285
2.13 	 -0.163681
2.135 	 -0.158471
2.14 	 -0.149744
2.145 	 -0.136733
2.15 	 -0.118932
2.155 	 -0.0961885
2.16 	 -0.068763
2.165 	 -0.0373117
2.17 	 -0.00281011
2.175 	 0.0335743
2.18 	 0.0706232
2.185 	 0.107188
2.19 	 0.142267
2.195 	 0.175035
2.2 	 0.204832
2.205 	 0.231147
2.21 	 0.253588
2.215 	 0.271861
2.22 	 0.285755
2.225 	 0.29513
2.23 	 0.299928
2.235 	 0.300193
2.24 	 0.296107
2.245 	 0.288011
2.25 	 0.276387
2.255 	 0.261794
2.26 	 0.244757
2.265 	 0.225637
2.27 	 0.20452
2.275 	 0.181179
2.28 	 0.15513
2.285 	 0.125789
2.29 	 0.0926547
2.295 	 0.055484
2.3 	 0.0143797
2.305 	 -0.0301992
2.31 	 -0.0774909
2.315 	 -0.126512
2.32 	 -0.176144
2.325 	 -0.225209
2.33 	 -0.27254
2.335 	 -0.317054
2.34 	 -0.357813
2.345 	 -0.394095
2.35 	 -0.425437
2.355 	 -0.451664
2.36 	 -0.472871
2.365 	 -0.489365
2.37 	 -0.501566
2.375 	 -0.509919
2.38 	 -0.514809
2.385 	 -0.516536
2.39 	 -0.515332
2.395 	 -0.511423
2.4 	 -0.505113
2.405 	 -0.496843
2.41 	 -0.487184
2.415 	 -0.476729
2.42 	 -0.465899
2.425 	 -0.45474
2.43 	 -0.442796
2.435 	 -0.429127
2.44 	 -0.412452
2.445 	 -0.391388
2.45 	 -0.364693
2.455 	 -0.331479
2.46 	 -0.291332
2.465 	 -0.244352
2.47 	 -0.191099
2.475 	 -0.132493
2.48 	 -0.0697008
2.485 	 -0.00401942
2.49 	 0.0632197
2.495 	 0.130723
2.5 	 0.197287
2.505 	 0.261838
2.51 	 0.323464
2.515 	 0.381427
2.52 	 0.435165
2.525 	 0.484265
2.53 	 0.528436
2.535 	 0.567481
2.54 	 0.601297
2.545 	 0.629885
2.55 	 0.653355
2.555 	 0.671923
2.56 	 0.685856
2.565 	 0.695388
2.57 	 0.700619
2.575 	 0.701434
2.58 	 0.697482
2.585 	 0.68824
2.59 	 0.673123
2.595 	 0.651617
2.6 	 0.623361
2.605 	 0.588194
2.61 	 0.546154
2.615 	 0.497473
2.62 	 0.442562
2.625 	 0.382022
2.63 	 0.316643
2.635 	 0.247405
2.64 	 0.175441
2.645 	 0.101989
2.65 	 0.0283009
2.655 	 -0.0444603
2.66 	 -0.115313
2.665 	 -0.183527
2.67 	 -0.248642
2.675 	 -0.310435
2.68 	 -0.368842
2.685 	 -0.423844
2.69 	 -0.47535
2.695 	 -0.523093
2.7 	 -0.566564
2.705 	 -0.604994
2.71 	 -0.637398
2.715 	 -0.662675
2.72 	 -0.679727
2.725 	 -0.687583
2.73 	 -0.685488
2.735 	 -0.672959
2.74 	 -0.649825
2.745 	 -0.616259
2.75 	 -0.572809
2.755 	 -0.520419
2.76 	 -0.460417
2.765 	 -0.394449
2.77 	 -0.324392
2.775 	 -0.252228
2.78 	 -0.17992
2.785 	 -0.109284
2.79 	 -0.0418552
2.795 	 0.0212215
2.8 	 0.0792698
2.805 	 0.132096
2.81 	 0.179941
2.815 	 0.223384
2.82 	 0.26322
2.825 	 0.300323
2.83 	 0.335492
2.835 	 0.369303
2.84 	 0.401982
2.845 	 0.433331
2.85 	 0.462726
2.855 	 0.489191
2.86 	 0.511513
2.865 	 0.528391
2.87 	 0.538587
2.875 	 0.54106
2.88 	 0.535077
2.885 	 0.520303
2.89 	 0.496836
2.895 	 0.465218
2.9 	 0.426387
2.905 	 0.381594
2.91 	 0.332281
2.915 	 0.279926
2.92 	 0.225875
2.925 	 0.171184
2.93 	 0.116513
2.935 	 0.0621113
2.94 	 0.00792048
2.945 	 -0.0462049
2.95 	 -0.100215
2.955 	 -0.153617
2.96 	 -0.205366
2.965 	 -0.253936
2.97 	 -0.297543
2.975 	 -0.334436
2.98 	 -0.36315
2.985 	 -0.382668
2.99 	 -0.392455
2.995 	 -0.392401
3.0 	 -0.382711
3.005 	 -0.363804
3.01 	 -0.336277
3.015 	 -0.300923
3.02 	 -0.258806
3.025 	 -0.211332
3.03 	 -0.160257
3.035 	 -0.107593
3.04 	 -0.0554058
3.045 	 -0.0055664
3.05 	 0.0404675
3.055 	 0.0817761
3.06 	 0.117974
3.065 	 0.149103
3.07 	 0.175464
3.075 	 0.197438
3.08 	 0.215334
3.085 	 0.229267
3.09 	 0.239071
3.095 	 0.244257
3.1 	 0.244031
3.105 	 0.237371
3.11 	 0.223185
3.115 	 0.200517
3.12 	 0.168797
3.125 	 0.128057
3.13 	 0.0790554
3.135 	 0.0232589
3.14 	 -0.0373264
3.145 	 -0.100416
3.15 	 -0.16372
3.155 	 -0.225146
3.16 	 -0.282896
3.165 	 -0.335472
3.17 	 -0.381618
3.175 	 -0.420285
3.18 	 -0.450652
3.185 	 -0.472215
3.19 	 -0.48491
3.195 	 -0.489204
3.2 	 -0.486079
3.205 	 -0.476898
3.21 	 -0.46318
3.215 	 -0.446347
3.22 	 -0.427497
3.225 	 -0.407283
3.23 	 -0.385889
3.235 	 -0.363125
3.24 	 -0.338576
3.245 	 -0.311753
3.25 	 -0.282203
3.255 	 -0.249534
3.26 	 -0.213375
3.265 	 -0.17331
3.27 	 -0.128873
3.275 	 -0.0796185
3.28 	 -0.0252937
3.285 	 0.0339722
3.29 	 0.0975379
3.295 	 0.164236
3.3 	 0.232481
3.305 	 0.30046
3.31 	 0.366354
3.315 	 0.428513
3.32 	 0.48557
3.325 	 0.536472
3.33 	 0.580467
3.335 	 0.617065
3.34 	 0.64599
3.345 	 0.667145
3.35 	 0.680574
3.355 	 0.686433
3.36 	 0.684942
3.365 	 0.676344
3.37 	 0.660847
3.375 	 0.638577
3.38 	 0.609557
3.385 	 0.573711
3.39 	 0.530908
3.395 	 0.481036
3.4 	 0.424095
3.405 	 0.360268
3.41 	 0.289983
3.415 	 0.213905
3.42 	 0.132906
3.425 	 0.0479725
3.43 	 -0.0398791
3.435 	 -0.129656
3.44 	 -0.220374
3.445 	 -0.310972
3.45 	 -0.400189
3.455 	 -0.486483
3.46 	 -0.568013
3.465 	 -0.642715
3.47 	 -0.70845
3.475 	 -0.763193
3.48 	 -0.805239
3.485 	 -0.833369
3.49 	 -0.846934
3.495 	 -0.84582
3.5 	 -0.830343
3.505 	 -0.801143
3.51 	 -0.759147
3.515 	 -0.705604
3.52 	 -0.642136
3.525 	 -0.570705
3.53 	 -0.493478
3.535 	 -0.412627
3.54 	 -0.330116
3.545 	 -0.247575
3.55 	 -0.166273
3.555 	 -0.0871818
3.56 	 -0.011072
3.565 	 0.0614333
3.57 	 0.129894
3.575 	 0.194158
3.58 	 0.254447
3.585 	 0.31135
3.59 	 0.365656
3.595 	 0.418104
3.6 	 0.469117
3.605 	 0.51865
3.61 	 0.566172
3.615 	 0.610795
3.62 	 0.651469
3.625 	 0.687167
3.63 	 0.716964
3.635 	 0.740005
3.64 	 0.755394
3.645 	 0.762095
3.65 	 0.758953
3.655 	 0.744839
3.66 	 0.718889
3.665 	 0.680737
3.67 	 0.630656
3.675 	 0.569551
3.68 	 0.498786
3.685 	 0.419901
3.69 	 0.334297
3.695 	 0.243004
3.7 	 0.146613
3.705 	 0.0454217
3.71 	 -0.0602828
3.715 	 -0.169893
3.72 	 -0.282205
3.725 	 -0.395269
3.73 	 -0.506427
3.735 	 -0.612532
3.74 	 -0.710323
3.745 	 -0.79683
3.75 	 -0.869707
3.755 	 -0.9274
3.76 	 -0.96915
3.765 	 -0.994853
3.77 	 -1.00487
3.775 	 -0.999822
3.78 	 -0.980446
3.785 	 -0.947484
3.79 	 -0.901628
3.795 	 -0.843488
3.8 	 -0.773573
3.805 	 -0.692274
3.81 	 -0.599858
3.815 	 -0.496497
3.82 	 -0.382365
3.825 	 -0.257845
3.83 	 -0.123805
3.835 	 0.0181226
3.84 	 0.165384
3.845 	 0.314549
3.85 	 0.461588
3.855 	 0.602321
3.86 	 0.732901
3.865 	 0.850205
3.87 	 0.952028
3.875 	 1.03706
3.88 	 1.10468
3.885 	 1.15477
3.89 	 1.18742
3.895 	 1.20294
3.9 	 1.20181
3.905 	 1.1848
3.91 	 1.15296
3.915 	 1.10766
3.92 	 1.05042
3.925 	 0.982811
3.93 	 0.906264
3.935 	 0.821979
3.94 	 0.730897
3.945 	 0.633759
3.95 	 0.531184
3.955 	 0.423761
3.96 	 0.312119
3.965 	 0.196979
3.97 	 0.0792022
3.975 	 -0.0401621
3.98 	 -0.159855
3.985 	 -0.278417
3.99 	 -0.394239
3.995 	 -0.505647
4.0 	 -0.611006
4.005 	 -0.708801
4.01 	 -0.797715
4.015 	 -0.876671
4.02 	 -0.944882
4.025 	 -1.00187
4.03 	 -1.04745
4.035 	 -1.08166
4.04 	 -1.10462
4.045 	 -1.1164
4.05 	 -1.11688
4.055 	 -1.10572
4.06 	 -1.08241
4.065 	 -1.04636
4.07 	 -0.996977
4.075 	 -0.933782
4.08 	 -0.856466
4.085 	 -0.765011
4.09 	 -0.659788
4.095 	 -0.541617
4.1 	 -0.411763
4.105 	 -0.271864
4.11 	 -0.123822
4.115 	 0.030296
4.12 	 0.188299
4.125 	 0.347856
4.13 	 0.50644
4.135 	 0.661294
4.14 	 0.809475
4.145 	 0.947975
4.15 	 1.07391
4.155 	 1.18471
4.16 	 1.27824
4.165 	 1.35291
4.17 	 1.40768
4.175 	 1.44201
4.18 	 1.45577
4.185 	 1.44915
4.19 	 1.4225
4.195 	 1.37622
4.2 	 1.31073
4.205 	 1.22643
4.21 	 1.12382
4.215 	 1.00366
4.22 	 0.867088
4.225 	 0.715781
4.23 	 0.551942
4.235 	 0.378277
4.24 	 0.197868
4.245 	 0.014013
4.25 	 -0.169975
4.255 	 -0.350945
4.26 	 -0.526056
4.265 	 -0.692852
4.27 	 -0.849286
4.275 	 -0.993683
4.28 	 -1.12467
4.285 	 -1.24111
4.29 	 -1.342
4.295 	 -1.42649
4.3 	 -1.49379
4.305 	 -1.54329
4.31 	 -1.57451
4.315 	 -1.58713
4.32 	 -1.581
4.325 	 -1.55609
4.33 	 -1.51248
4.335 	 -1.45036
4.34 	 -1.37014
4.345 	 -1.2725
4.35 	 -1.15859
4.355 	 -1.03004
4.36 	 -0.888977
4.365 	 -0.737916
4.37 	 -0.579575
4.375 	 -0.416644
4.38 	 -0.251575
4.385 	 -0.0864439
4.39 	 0.0770902
4.395 	 0.237724
4.4 	 0.394387
4.405 	 0.546096
4.41 	 0.691826
4.415 	 0.830429
4.42 	 0.960615
4.425 	 1.08099
4.43 	 1.19013
4.435 	 1.2866
4.44 	 1.36907
4.445 	 1.43622
4.45 	 1.48681
4.455 	 1.51965
4.46 	 1.53365
4.465 	 1.52788
4.47 	 1.50169
4.475 	 1.45482
4.48 	 1.38748
4.485 	 1.30041
4.49 	 1.19491
4.495 	 1.07273
4.5 	 0.935998
4.505 	 0.787103
4.51 	 0.628532
4.515 	 0.462777
4.52 	 0.292254
4.525 	 0.119248
4.53 	 -0.0541304
4.535 	 -0.225984
4.54 	 -0.394658
4.545 	 -0.558764
4.55 	 -0.717164
4.555 	 -0.868903
4.56 	 -1.01311
4.565 	 -1.14885
4.57 	 -1.27501
4.575 	 -1.39015
4.58 	 -1.49247
4.585 	 -1.57981
4.59 	 -1.64975
4.595 	 -1.6998
4.6 	 -1.72765
4.605 	 -1.7314
4.61 	 -1.70977
4.615 	 -1.66223
4.62 	 -1.589
4.625 	 -1.49106
4.63 	 -1.37002
4.635 	 -1.22809
4.64 	 -1.06796
4.645 	 -0.892728
4.65 	 -0.705805
4.655 	 -0.510717
4.66 	 -0.31093
4.665 	 -0.109659
4.67 	 0.0902767
4.675 	 0.286537
4.68 	 0.477267
4.685 	 0.661026
4.69 	 0.836659
4.695 	 1.00313
4.7 	 1.15938
4.705 	 1.30414
4.71 	 1.43593
4.715 	 1.55302
4.72 	 1.65354
4.725 	 1.73562
4.73 	 1.79752
4.735 	 1.83781
4.74 	 1.85543
4.745 	 1.84984
4.75 	 1.82099
4.755 	 1.76938
4.76 	 1.69597
4.765 	 1.60217
4.77 	 1.48967
4.775 	 1.3604
4.78 	 1.21638
4.785 	 1.05961
4.79 	 0.892039
4.795 	 0.715536
4.8 	 0.531885
4.805 	 0.34282
4.81 	 0.150048
4.815 	 -0.0447342
4.82 	 -0.239841
4.825 	 -0.433596
4.83 	 -0.624306
4.835 	 -0.810218
4.84 	 -0.989432
4.845 	 -1.15984
4.85 	 -1.31909
4.855 	 -1.46462
4.86 	 -1.59376
4.865 	 -1.70382
4.87 	 -1.7923
4.875 	 -1.85696
4.88 	 -1.89598
4.885 	 -1.90804
4.89 	 -1.89248
4.895 	 -1.84933
4.9 	 -1.7794
4.905 	 -1.68414
4.91 	 -1.56562
4.915 	 -1.42631
4.92 	 -1.26891
4.925 	 -1.09621
4.93 	 -0.910942
4.935 	 -0.715669
4.94 	 -0.512734
4.945 	 -0.304248
4.95 	 -0.0921742
4.955 	 0.121532
4.96 	 0.334747
4.965 	 0.54504
4.97 	 0.749632
4.975 	 0.945465
4.98 	 1.12934
4.985 	 1.29808
4.99 	 1.44868
4.995 	 1.57839
5.0 	 1.68486
5.005 	 1.76619
5.01 	 1.82101
5.015 	 1.84853
5.02 	 1.84858
5.025 	 1.82164
5.03 	 1.76876
5.035 	 1.69151
5.04 	 1.59188
5.045 	 1.4721
5.05 	 1.33454
5.055 	 1.18153
5.06 	 1.01532
5.065 	 0.838009
5.07 	 0.651609
5.075 	 0.458054
5.08 	 0.259285
5.085 	 0.0573002
5.09 	 -0.145824
5.095 	 -0.347941
5.1 	 -0.546872
5.105 	 -0.740462
5.11 	 -0.9266
5.115 	 -1.10319
5.12 	 -1.2681
5.125 	 -1.41901
5.13 	 -1.55344
5.135 	 -1.66875
5.14 	 -1.76232
5.145 	 -1.8318
5.15 	 -1.8753
5.155 	 -1.89165
5.16 	 -1.88043
5.165 	 -1.84201
5.17 	 -1.7774
5.175 	 -1.68809
5.18 	 -1.57586
5.185 	 -1.44262
5.19 	 -1.29032
5.195 	 -1.12098
5.2 	 -0.93676
5.205 	 -0.740052
5.21 	 -0.533598
5.215 	 -0.320486
5.22 	 -0.104084
5.225 	 0.112098
5.23 	 0.324576
5.235 	 0.530044
5.24 	 0.72549
5.245 	 0.908254
5.25 	 1.07606
5.255 	 1.227
5.26 	 1.35953
5.265 	 1.47239
5.27 	 1.56455
5.275 	 1.63521
5.28 	 1.68369
5.285 	 1.70951
5.29 	 1.71241
5.295 	 1.6924
5.3 	 1.64979
5.305 	 1.58522
5.31 	 1.49957
5.315 	 1.39398
5.32 	 1.26978
5.325 	 1.12857
5.33 	 0.972327
5.335 	 0.80353
5.34 	 0.62518
5.345 	 0.440753
5.35 	 0.254012
5.355 	 0.0687527
5.36 	 -0.111476
5.365 	 -0.283593
5.37 	 -0.445122
5.375 	 -0.59421
5.38 	 -0.729553
5.385 	 -0.850286
5.39 	 -0.955886
5.395 	 -1.04612
5.4 	 -1.121
5.405 	 -1.18079
5.41 	 -1.22588
5.415 	 -1.25674
5.42 	 -1.27386
5.425 	 -1.27762
5.43 	 -1.26831
5.435 	 -1.24604
5.44 	 -1.21083
5.445 	 -1.16259
5.45 	 -1.10124
5.455 	 -1.02675
5.46 	 -0.93925
5.465 	 -0.839127
5.47 	 -0.727126
5.475 	 -0.604416
5.48 	 -0.47262
5.485 	 -0.333807
5.49 	 -0.190423
5.495 	 -0.0451954
5.5 	 0.0990169
5.505 	 0.239372
5.51 	 0.373199
5.515 	 0.498123
5.52 	 0.612173
5.525 	 0.713854
5.53 	 0.802195
5.535 	 0.876738
5.54 	 0.937489
5.545 	 0.984798
5.55 	 1.01921
5.555 	 1.04132
5.56 	 1.05162
5.565 	 1.05048
5.57 	 1.03807
5.575 	 1.01444
5.58 	 0.979594
5.585 	 0.93355
5.59 	 0.87646
5.595 	 0.808647
5.6 	 0.730633
5.605 	 0.643143
5.61 	 0.547089
5.615 	 0.443578
5.62 	 0.33395
5.625 	 0.219844
5.63 	 0.10327
5.635 	 -0.0133803
5.64 	 -0.127424
5.645 	 -0.236084
5.65 	 -0.336757
5.655 	 -0.427248
5.66 	 -0.50593
5.665 	 -0.5718
5.67 	 -0.624462
5.675 	 -0.66406
5.68 	 -0.691209
5.685 	 -0.706917
5.69 	 -0.712515
5.695 	 -0.709568
5.7 	 -0.699764
5.705 	 -0.684742
5.71 	 -0.665889
5.715 	 -0.644133
5.72 	 -0.619806
5.725 	 -0.592607
5.73 	 -0.561708
5.735 	 -0.525979
5.74 	 -0.484276
5.745 	 -0.435722
5.75 	 -0.379925
5.755 	 -0.317086
5.76 	 -0.248013
5.765 	 -0.174043
5.77 	 -0.0969085
5.775 	 -0.0185833
5.78 	 0.0588749
5.785 	 0.133466
5.79 	 0.203376
5.795 	 0.267082
5.8 	 0.323442
5.805 	 0.371762
5.81 	 0.411836
5.815 	 0.443944
5.82 	 0.468797
5.825 	 0.487416
5.83 	 0.500959
5.835 	 0.510535
5.84 	 0.517046
5.845 	 0.521092
5.85 	 0.522919
5.855 	 0.522391
5.86 	 0.518991
5.865 	 0.511846
5.87 	 0.499805
5.875 	 0.481596
5.88 	 0.456004
5.885 	 0.422065
5.89 	 0.379212
5.895 	 0.327378
5.9 	 0.267053
5.905 	 0.199314
5.91 	 0.125817
5.915 	 0.0487355
5.92 	 -0.0293874
5.925 	 -0.105858
5.93 	 -0.178083
5.935 	 -0.243784
5.94 	 -0.301153
5.945 	 -0.348904
5.95 	 -0.386282
5.955 	 -0.413039
5.96 	 -0.429434
5.965 	 -0.436239
5.97 	 -0.434728
5.975 	 -0.426595
5.98 	 -0.4138
5.985 	 -0.398351
5.99 	 -0.382092
5.995 	 -0.366523
6.0 	 -0.352717
6.005 	 -0.341293
6.01 	 -0.332449
6.015 	 -0.325973
6.02 	 -0.321245
6.025 	 -0.31722
6.03 	 -0.312481
6.035 	 -0.305378
6.04 	 -0.29427
6.045 	 -0.277797
6.05 	 -0.255096
6.055 	 -0.225926
6.06 	 -0.190668
6.065 	 -0.150241
6.07 	 -0.105966
6.075 	 -0.059421
6.08 	 -0.0122905
6.085 	 0.0337638
6.09 	 0.0772315
6.095 	 0.116869
6.1 	 0.151793
6.105 	 0.18154
6.11 	 0.206073
6.115 	 0.225736
6.12 	 0.241161
6.125 	 0.253143
6.13 	 0.262502
6.135 	 0.269966
6.14 	 0.276085
6.145 	 0.281184
6.15 	 0.285366
6.155 	 0.288532
6.16 	 0.290428
6.165 	 0.290706
6.17 	 0.28898
6.175 	 0.28487
6.18 	 0.27803
6.185 	 0.268139
6.19 	 0.254896
6.195 	 0.238026
6.2 	 0.217306
6.205 	 0.192619
6.21 	 0.164007
6.215 	 0.131733
6.22 	 0.0963372
6.225 	 0.0586757
6.23 	 0.0199218
6.235 	 -0.018495
6.24 	 -0.0550027
6.245 	 -0.0880259
6.25 	 -0.116121
6.255 	 -0.13809
6.26 	 -0.153085
6.265 	 -0.160701
6.27 	 -0.161076
6.275 	 -0.154948
6.28 	 -0.143638
6.285 	 -0.128926
6.29 	 -0.11283
6.295 	 -0.0973403
6.3 	 -0.0841632
6.305 	 -0.0745382
6.31 	 -0.069152
6.315 	 -0.0681564
6.32 	 -0.0712697
6.325 	 -0.0779216
6.33 	 -0.0874002
6.335 	 -0.0989645
6.34 	 -0.111904
6.345 	 -0.125544
6.35 	 -0.139214
6.355 	 -0.152216
6.36 	 -0.16382
6.365 	 -0.173302
6.37 	 -0.180027
6.375 	 -0.183525
6.38 	 -0.183551
6.385 	 -0.180116
6.39 	 -0.173462
6.395 	 -0.164012
6.4 	 -0.1523
6.405 	 -0.138892
6.41 	 -0.12431
6.415 	 -0.108976
6.42 	 -0.0931612
6.425 	 -0.0769685
6.43 	 -0.0603225
6.435 	 -0.0429825
6.44 	 -0.024562
6.445 	 -0.00455402
6.45 	 0.0176328
6.455 	 0.0426152
6.46 	 0.0709429
6.465 	 0.102981
6.47 	 0.138799
6.475 	 0.178105
6.48 	 0.220232
6.485 	 0.264167
6.49 	 0.308607
6.495 	 0.352002
6.5 	 0.392635
6.505 	 0.428704
6.51 	 0.458449
6.515 	 0.480305
6.52 	 0.493069
6.525 	 0.496048
6.53 	 0.489144
6.535 	 0.472839
6.54 	 0.44808
6.545 	 0.416104
6.55 	 0.378251
6.555 	 0.335802
6.56 	 0.289892
6.565 	 0.241462
6.57 	 0.19125
6.575 	 0.139803
6.58 	 0.0874939
6.585 	 0.0345472
6.59 	 -0.0189279
6.595 	 -0.0728833
6.6 	 -0.127253
6.605 	 -0.181861
6.61 	 -0.236331
6.615 	 -0.290043
6.62 	 -0.34214
6.625 	 -0.391594
6.63 	 -0.437312
6.635 	 -0.478247
6.64 	 -0.513486
6.645 	 -0.542297
6.65 	 -0.564133
6.655 	 -0.578604
6.66 	 -0.585439
6.665 	 -0.584467
6.67 	 -0.575609
6.675 	 -0.55887
6.68 	 -0.534355
6.685 	 -0.502263
6.69 	 -0.462897
6.695 	 -0.416652
6.7 	 -0.363996
6.705 	 -0.305438
6.71 	 -0.241499
6.715 	 -0.172711
6.72 	 -0.0996519
6.725 	 -0.0230362
6.73 	 0.0561885
6.735 	 0.136762
6.74 	 0.217099
6.745 	 0.295353
6.75 	 0.369542
6.755 	 0.437701
6.76 	 0.498032
6.765 	 0.549019
6.77 	 0.589507
6.775 	 0.618753
6.78 	 0.636471
6.785 	 0.642858
6.79 	 0.638604
6.795 	 0.624829
6.8 	 0.60295
6.805 	 0.574502
6.81 	 0.540938
6.815 	 0.503479
6.82 	 0.463009
6.825 	 0.420027
6.83 	 0.374665
6.835 	 0.326743
6.84 	 0.27587
6.845 	 0.221561
6.85 	 0.163344
6.855 	 0.100856
6.86 	 0.0339323
6.865 	 -0.0373024
6.87 	 -0.112347
6.875 	 -0.19026
6.88 	 -0.269648
6.885 	 -0.348728
6.89 	 -0.425443
6.895 	 -0.497626
6.9 	 -0.563176
6.905 	 -0.620232
6.91 	 -0.667318
6.915 	 -0.703422
6.92 	 -0.728019
6.925 	 -0.741022
6.93 	 -0.742706
6.935 	 -0.733615
6.94 	 -0.714478
6.945 	 -0.686137
6.95 	 -0.649492
6.955 	 -0.605445
6.96 	 -0.554846
6.965 	 -0.498452
6.97 	 -0.436895
6.975 	 -0.370689
6.98 	 -0.300256
6.985 	 -0.22598
6.99 	 -0.148274
6.995 	 -0.0676437
7.0 	 0.0152718
7.005 	 0.0996853
7.01 	 0.184687
7.015 	 0.269295
7.02 	 0.352508
7.025 	 0.433336
7.03 	 0.510794
7.035 	 0.583848
7.04 	 0.651357
7.045 	 0.712035
7.05 	 0.764469
7.055 	 0.807199
7.06 	 0.838822
7.065 	 0.858116
7.07 	 0.864142
7.075 	 0.856343
7.08 	 0.834613
7.085 	 0.799349
7.09 	 0.751456
7.095 	 0.692295
7.1 	 0.623574
7.105 	 0.547181
7.11 	 0.465004
7.115 	 0.378778
7.12 	 0.28997
7.125 	 0.199738
7.13 	 0.108943
7.135 	 0.0182058
7.14 	 -0.0720038
7.145 	 -0.161273
7.15 	 -0.249166
7.155 	 -0.335162
7.16 	 -0.418625
7.165 	 -0.498798
7.17 	 -0.574797
7.175 	 -0.645614
7.18 	 -0.710118
7.185 	 -0.767052
7.19 	 -0.815071
7.195 	 -0.85279
7.2 	 -0.878865
7.205 	 -0.892097
7.21 	 -0.891559
7.215 	 -0.876734
7.22 	 -0.847627
7.225 	 -0.804815
7.23 	 -0.74941
7.235 	 -0.68292
7.24 	 -0.607064
7.245 	 -0.52357
7.25 	 -0.434021
7.255 	 -0.339769
7.26 	 -0.241942
7.265 	 -0.1415
7.27 	 -0.0393156
7.275 	 0.0637579
7.28 	 0.166834
7.285 	 0.268958
7.29 	 0.369072
7.295 	 0.465995
7.3 	 0.558404
7.305 	 0.644837
7.31 	 0.723719
7.315 	 0.793412
7.32 	 0.852306
7.325 	 0.898935
7.33 	 0.932082
7.335 	 0.950875
7.34 	 0.954832
7.345 	 0.943866
7.35 	 0.918246
7.355 	 0.878539
7.36 	 0.825552
7.365 	 0.760278
7.37 	 0.683872
7.375 	 0.597627
7.38 	 0.50295
7.385 	 0.401324
7.39 	 0.294284
7.395 	 0.183394
7.4 	 0.0702486
7.405 	 -0.0435346
7.41 	 -0.156334
7.415 	 -0.26656
7.42 	 -0.3727
7.425 	 -0.473367
7.43 	 -0.56733
7.435 	 -0.65353
7.44 	 -0.731052
7.445 	 -0.799083
7.45 	 -0.856833
7.455 	 -0.903478
7.46 	 -0.938137
7.465 	 -0.959922
7.47 	 -0.968043
7.475 	 -0.961951
7.48 	 -0.941467
7.485 	 -0.90686
7.49 	 -0.858848
7.495 	 -0.798537
7.5 	 -0.72732
7.505 	 -0.646756
7.51 	 -0.558455
7.515 	 -0.463996
7.52 	 -0.364888
7.525 	 -0.262578
7.53 	 -0.158481
7.535 	 -0.0540136
7.54 	 0.0494023
7.545 	 0.150379
7.55 	 0.24764
7.555 	 0.340113
7.56 	 0.426987
7.565 	 0.507719
7.57 	 0.581974
7.575 	 0.649532
7.58 	 0.710191
7.585 	 0.763691
7.59 	 0.809676
7.595 	 0.847686
7.6 	 0.877163
7.605 	 0.897478
7.61 	 0.907965
7.615 	 0.907956
7.62 	 0.896822
7.625 	 0.874021
7.63 	 0.839155
7.635 	 0.792038
7.64 	 0.732779
7.645 	 0.661842
7.65 	 0.580088
7.655 	 0.48878
7.66 	 0.389573
7.665 	 0.28445
7.67 	 0.175635
7.675 	 0.0654632
7.68 	 -0.0437501
7.685 	 -0.149817
7.69 	 -0.25075
7.695 	 -0.344806
7.7 	 -0.43052
7.705 	 -0.506758
7.71 	 -0.572772
7.715 	 -0.628252
7.72 	 -0.673337
7.725 	 -0.708542
7.73 	 -0.734633
7.735 	 -0.752443
7.74 	 -0.762694
7.745 	 -0.765853
7.75 	 -0.762038
7.755 	 -0.751018
7.76 	 -0.732276
7.765 	 -0.705147
7.77 	 -0.668978
7.775 	 -0.623278
7.78 	 -0.567837
7.785 	 -0.502789
7.79 	 -0.428648
7.795 	 -0.346326
7.8 	 -0.257138
7.805 	 -0.162809
7.81 	 -0.0654375
7.815 	 0.0326066
7.82 	 0.128844
7.825 	 0.220895
7.83 	 0.306675
7.835 	 0.38455
7.84 	 0.453402
7.845 	 0.512646
7.85 	 0.562173
7.855 	 0.602263
7.86 	 0.633466
7.865 	 0.656468
7.87 	 0.67197
7.875 	 0.680593
7.88 	 0.682813
7.885 	 0.678935
7.89 	 0.669108
7.895 	 0.653359
7.9 	 0.631647
7.905 	 0.603917
7.91 	 0.570142
7.915 	 0.530342
7.92 	 0.484594
7.925 	 0.433055
7.93 	 0.375992
7.935 	 0.313838
7.94 	 0.247232
7.945 	 0.177037
7.95 	 0.104324
7.955 	 0.0303253
7.96 	 -0.0436418
7.965 	 -0.116251
7.97 	 -0.186247
7.975 	 -0.252519
7.98 	 -0.314145
7.985 	 -0.370429
7.99 	 -0.420897
7.995 	 -0.465279
8.0 	 -0.503456
8.005 	 -0.535407
8.01 	 -0.561156
8.015 	 -0.580738
8.02 	 -0.594189
8.025 	 -0.601566
8.03 	 -0.602987
8.035 	 -0.59866
8.04 	 -0.588904
8.045 	 -0.574118
8.05 	 -0.554728
8.055 	 -0.531115
8.06 	 -0.50355
8.065 	 -0.472159
8.07 	 -0.436941
8.075 	 -0.397831
8.08 	 -0.354781
8.085 	 -0.307848
8.09 	 -0.257239
8.095 	 -0.203317
8.1 	 -0.146587
8.105 	 -0.087658
8.11 	 -0.0271971
8.115 	 0.0341043
8.12 	 0.0955605
8.125 	 0.156499
8.13 	 0.216254
8.135 	 0.274139
8.14 	 0.329429
8.145 	 0.381343
8.15 	 0.429036
8.155 	 0.471615
8.16 	 0.508176
8.165 	 0.537861
8.17 	 0.559938
8.175 	 0.573872
8.18 	 0.579366
8.185 	 0.576384
8.19 	 0.565123
8.195 	 0.545974
8.2 	 0.519464
8.205 	 0.486192
8.21 	 0.446778
8.215 	 0.401828
8.22 	 0.351919
8.225 	 0.297613
8.23 	 0.239475
8.235 	 0.17811
8.24 	 0.114188
8.245 	 0.0484631
8.25 	 -0.0182202
8.255 	 -0.0849294
8.26 	 -0.150658
8.265 	 -0.214354
8.27 	 -0.274952
8.275 	 -0.331419
8.28 	 -0.382797
8.285 	 -0.428257
8.29 	 -0.46715
8.295 	 -0.499053
8.3 	 -0.52379
8.305 	 -0.54142
8.31 	 -0.552196
8.315 	 -0.5565
8.32 	 -0.554785
8.325 	 -0.54752
8.33 	 -0.535142
8.335 	 -0.518019
8.34 	 -0.496417
8.345 	 -0.470474
8.35 	 -0.440211
8.355 	 -0.405568
8.36 	 -0.366472
8.365 	 -0.322924
8.37 	 -0.275089
8.375 	 -0.223362
8.38 	 -0.1684
8.385 	 -0.111096
8.39 	 -0.0524967
8.395 	 0.00632511
8.4 	 0.0644131
8.405 	 0.121047
8.41 	 0.175799
8.415 	 0.228515
8.42 	 0.279202
8.425 	 0.327885
8.43 	 0.374453
8.435 	 0.418581
8.44 	 0.459737
8.445 	 0.497268
8.45 	 0.530532
8.455 	 0.558997
8.46 	 0.582277
8.465 	 0.600082
8.47 	 0.612119
8.475 	 0.617977
8.48 	 0.617078
8.485 	 0.608703
8.49 	 0.592101
8.495 	 0.566649
8.5 	 0.53203
8.505 	 0.48836
8.51 	 0.436246
8.515 	 0.376726
8.52 	 0.311143
8.525 	 0.240973
8.53 	 0.167685
8.535 	 0.0926619
8.54 	 0.017184
8.545 	 -0.0575442
8.55 	 -0.13036
8.555 	 -0.200122
8.56 	 -0.265713
8.565 	 -0.326072
8.57 	 -0.380255
8.575 	 -0.42753
8.58 	 -0.467469
8.585 	 -0.500013
8.59 	 -0.525475
8.595 	 -0.54447
8.6 	 -0.557789
8.605 	 -0.566251
8.61 	 -0.570549
8.615 	 -0.571135
8.62 	 -0.568171
8.625 	 -0.56155
8.63 	 -0.550966
8.635 	 -0.53601
8.64 	 -0.516237
8.645 	 -0.491223
8.65 	 -0.460611
8.655 	 -0.424146
8.66 	 -0.381724
8.665 	 -0.333418
8.67 	 -0.279514
8.675 	 -0.220536
8.68 	 -0.157261
8.685 	 -0.0907244
8.69 	 -0.0222033
8.695 	 0.0468405
8.7 	 0.114853
8.705 	 0.180312
8.71 	 0.241854
8.715 	 0.298372
8.72 	 0.349078
8.725 	 0.393499
8.73 	 0.431445
8.735 	 0.462935
8.74 	 0.488142
8.745 	 0.507333
8.75 	 0.520856
8.755 	 0.529117
8.76 	 0.53257
8.765 	 0.531656
8.77 	 0.526717
8.775 	 0.517884
8.78 	 0.504997
8.785 	 0.487592
8.79 	 0.464984
8.795 	 0.436423
8.8 	 0.401279
8.805 	 0.359192
8.81 	 0.310171
8.815 	 0.254603
8.82 	 0.193204
8.825 	 0.12693
8.83 	 0.0568934
8.835 	 -0.0156888
8.84 	 -0.0895014
8.845 	 -0.16312
8.85 	 -0.235021
8.855 	 -0.303632
8.86 	 -0.367432
8.865 	 -0.425066
8.87 	 -0.475445
8.875 	 -0.517803
8.88 	 -0.551718
8.885 	 -0.577092
8.89 	 -0.5941
8.895 	 -0.603121
8.9 	 -0.604657
8.905 	 -0.599245
8.91 	 -0.587396
8.915 	 -0.569542
8.92 	 -0.546026
8.925 	 -0.517118
8.93 	 -0.483052
8.935 	 -0.444066
8.94 	 -0.400439
8.945 	 -0.352516
8.95 	 -0.300718
8.955 	 -0.245551
8.96 	 -0.187597
8.965 	 -0.127516
8.97 	 -0.0660322
8.975 	 -0.00391042
8.98 	 0.0580771
8.985 	 0.119187
8.99 	 0.178733
8.995 	 0.236083
9.0 	 0.290646
9.005 	 0.341835
9.01 	 0.389051
9.015 	 0.431685
9.02 	 0.469127
9.025 	 0.500795
9.03 	 0.52616
9.035 	 0.544769
9.04 	 0.556281
9.045 	 0.560484
9.05 	 0.557307
9.055 	 0.546817
9.06 	 0.529198
9.065 	 0.504737
9.07 	 0.473799
9.075 	 0.436829
9.08 	 0.394356
9.085 	 0.347011
9.09 	 0.295538
9.095 	 0.240792
9.1 	 0.183724
9.105 	 0.125336
9.11 	 0.0666407
9.115 	 0.00861386
9.12 	 -0.0478603
9.125 	 -0.102038
9.13 	 -0.153355
9.135 	 -0.201441
9.14 	 -0.246095
9.145 	 -0.287244
9.15 	 -0.324883
9.155 	 -0.359023
9.16 	 -0.389657
9.165 	 -0.416746
9.17 	 -0.440213
9.175 	 -0.459934
9.18 	 -0.475717
9.185 	 -0.487264
9.19 	 -0.494144
9.195 	 -0.495797
9.2 	 -0.491594
9.205 	 -0.480949
9.21 	 -0.463451
9.215 	 -0.438975
9.22 	 -0.407744
9.225 	 -0.370319
9.23 	 -0.327518
9.235 	 -0.280294
9.24 	 -0.229599
9.245 	 -0.176275
9.25 	 -0.121016
9.255 	 -0.0643936
9.26 	 -0.00694513
9.265 	 0.0507267
9.27 	 0.107882
9.275 	 0.163637
9.28 	 0.21702
9.285 	 0.267068
9.29 	 0.312912
9.295 	 0.35384
9.3 	 0.389313
9.305 	 0.418954
9.31 	 0.442523
9.315 	 0.459885
9.32 	 0.471003
9.325 	 0.475928
9.33 	 0.4748
9.335 	 0.467834
9.34 	 0.455297
9.345 	 0.437483
9.35 	 0.414705
9.355 	 0.387313
9.36 	 0.355751
9.365 	 0.320622
9.37 	 0.282745
9.375 	 0.243171
9.38 	 0.203134
9.385 	 0.163944
9.39 	 0.126826
9.395 	 0.0927369
9.4 	 0.0622108
9.405 	 0.0352796
9.41 	 0.0115089
9.415 	 -0.00985578
9.42 	 -0.0296819
9.425 	 -0.0487553
9.43 	 -0.0676615
9.435 	 -0.0867654
9.44 	 -0.106265
9.445 	 -0.126261
9.45 	 -0.146787
9.455 	 -0.16778
9.46 	 -0.18902
9.465 	 -0.210088
9.47 	 -0.230379
9.475 	 -0.249183
9.48 	 -0.2658
9.485 	 -0.279658
9.49 	 -0.290384
9.495 	 -0.297824
9.5 	 -0.302013
9.505 	 -0.303118
9.51 	 -0.30137
9.515 	 -0.297008
9.52 	 -0.290247
9.525 	 -0.281264
9.53 	 -0.270207
9.535 	 -0.257209
9.54 	 -0.242393
9.545 	 -0.225867
9.55 	 -0.207718
9.555 	 -0.188013
9.56 	 -0.166806
9.565 	 -0.144167
9.57 	 -0.120198
9.575 	 -0.0950539
9.58 	 -0.0689534
9.585 	 -0.0421727
9.59 	 -0.0150365
9.595 	 0.0120971
9.6 	 0.0388519
9.605 	 0.0648471
9.61 	 0.0897106
9.615 	 0.113092
9.62 	 0.134678
9.625 	 0.154201
9.63 	 0.171451
9.635 	 0.186275
9.64 	 0.198578
9.645 	 0.208311
9.65 	 0.215465
9.655 	 0.220057
9.66 	 0.222108
9.665 	 0.221637
9.67 	 0.218648
9.675 	 0.213144
9.68 	 0.205146
9.685 	 0.19474
9.69 	 0.182113
9.695 	 0.16759
9.7 	 0.151625
9.705 	 0.134761
9.71 	 0.117557
9.715 	 0.100486
9.72 	 0.0838603
9.725 	 0.0677855
9.73 	 0.052164
9.735 	 0.0367394
9.74 	 0.0211633
9.745 	 0.00506425
9.75 	 -0.0118923
9.755 	 -0.0299587
9.76 	 -0.0492694
9.765 	 -0.069812
9.77 	 -0.091408
9.775 	 -0.113711
9.78 	 -0.136225
9.785 	 -0.15834
9.79 	 -0.179363
9.795 	 -0.198559
9.8 	 -0.215191
9.805 	 -0.228571
9.81 	 -0.23812
9.815 	 -0.243432
9.82 	 -0.244311
9.825 	 -0.240787
9.83 	 -0.233103
9.835 	 -0.221676
9.84 	 -0.20705
9.845 	 -0.189853
9.85 	 -0.170745
9.855 	 -0.150365
9.86 	 -0.129272
9.865 	 -0.107876
9.87 	 -0.0863763
9.875 	 -0.0647446
9.88 	 -0.0427551
9.885 	 -0.0200758
9.89 	 0.00361492
9.895 	 0.028521
9.9 	 0.0546608
9.905 	 0.0818502
9.91 	 0.10973
9.915 	 0.137817
9.92 	 0.16556
9.925 	 0.192372
9.93 	 0.217648
9.935 	 0.240759
9.94 	 0.261068
9.945 	 0.277959
9.95 	 0.290891
9.955 	 0.29946
9.96 	 0.303445
9.965 	 0.302824
9.97 	 0.297768
9.975 	 0.288604
9.98 	 0.275776
9.985 	 0.259804
9.99 	 0.24124
9.995 	 0.220633
10.0 	 0.198488
10.005 	 0.175253
10.01 	 0.151318
10.015 	 0.127049
10.02 	 0.102827
10.025 	 0.0790749
10.03 	 0.0562565
10.035 	 0.0348215
10.04 	 0.0151275
10.045 	 -0.00263078
10.05 	 -0.0184482
10.055 	 -0.0324809
10.06 	 -0.0449784
10.065 	 -0.0562034
10.07 	 -0.0663622
10.075 	 -0.075563
10.08 	 -0.0838073
10.085 	 -0.0910148
10.09 	 -0.0970678
10.095 	 -0.101858
10.1 	 -0.105321
10.105 	 -0.107444
10.11 	 -0.108274
10.115 	 -0.107914
10.12 	 -0.106526
10.125 	 -0.104346
10.13 	 -0.101669
10.135 	 -0.0988209
10.14 	 -0.0961005
10.145 	 -0.0937096
10.15 	 -0.0917096
10.155 	 -0.0900206
10.16 	 -0.0884673
10.165 	 -0.0868509
10.17 	 -0.0850134
10.175 	 -0.0828696
10.18 	 -0.0803984
10.185 	 -0.0776093
10.19 	 -0.0745066
10.195 	 -0.0710717
10.2 	 -0.0672682
10.205 	 -0.0630626
10.21 	 -0.0584459
10.215 	 -0.053447
10.22 	 -0.0481332
10.225 	 -0.0425958
10.23 	 -0.036926
10.235 	 -0.0311832
10.24 	 -0.0253656
10.245 	 -0.0193924
10.25 	 -0.0131102
10.255 	 -0.00633145
10.26 	 0.00109639
10.265 	 0.00920619
10.27 	 0.0178415
10.275 	 0.0266326
10.28 	 0.0350348
10.285 	 0.0424184
10.29 	 0.0481823
10.295 	 0.0518545
10.3 	 0.0531541
10.305 	 0.0520061
10.31 	 0.0485195
10.315 	 0.0429454
10.32 	 0.0356333
10.325 	 0.0269931
10.33 	 0.0174625
10.335 	 0.00748003
10.34 	 -0.00254221
10.345 	 -0.0122441
10.35 	 -0.0213398
10.355 	 -0.0296288
10.36 	 -0.0369866
10.365 	 -0.0433382
10.37 	 -0.0486226
10.375 	 -0.0527666
10.38 	 -0.055679
10.385 	 -0.0572685
10.39 	 -0.0574762
10.395 	 -0.0563131
10.4 	 -0.0538881
10.405 	 -0.0504169
10.41 	 -0.0462005
10.415 	 -0.0415725
10.42 	 -0.0368274
10.425 	 -0.0321514
10.43 	 -0.0275813
10.435 	 -0.0230018
10.44 	 -0.0181802
10.445 	 -0.0128226
10.45 	 -0.00663424
10.455 	 0.000627819
10.46 	 0.00911791
10.465 	 0.0188821
10.47 	 0.0298567
10.475 	 0.0418832
10.48 	 0.0547325
10.485 	 0.0681305
10.49 	 0.0817764
10.495 	 0.0953478
10.5 	 0.108499
10.505 	 0.120857
10.51 	 0.13203
10.515 	 0.141624
10.52 	 0.149265
10.525 	 0.154626
10.53 	 0.157442
10.535 	 0.157524
10.54 	 0.154754
10.545 	 0.149079
10.55 	 0.140522
10.555 	 0.129203
10.56 	 0.115393
10.565 	 0.0995495
10.57 	 0.0823304
10.575 	 0.0645469
10.58 	 0.0470716
10.585 	 0.0307128
10.59 	 0.0160802
10.595 	 0.00347514
10.6 	 -0.00716826
10.605 	 -0.0162679
10.61 	 -0.0245068
10.615 	 -0.0326977
10.62 	 -0.0416357
10.625 	 -0.0519715
10.63 	 -0.0641237
10.635 	 -0.0782268
10.64 	 -0.0941034
10.645 	 -0.111251
10.65 	 -0.128848
10.655 	 -0.145791
10.66 	 -0.160785
10.665 	 -0.172479
10.67 	 -0.179637
10.675 	 -0.181315
10.68 	 -0.177003
10.685 	 -0.166707
10.69 	 -0.150955
10.695 	 -0.130729
10.7 	 -0.107348
10.705 	 -0.0823024
10.71 	 -0.0570846
10.715 	 -0.0330149
10.72 	 -0.0111056
10.725 	 0.00802142
10.73 	 0.0241526
10.735 	 0.0374358
10.74 	 0.0482824
10.745 	 0.0572428
10.75 	 0.0648846
10.755 	 0.0717104
10.76 	 0.0781331
10.765 	 0.0844975
10.77 	 0.0911068
10.775 	 0.0982091
10.78 	 0.105934
10.785 	 0.114207
10.79 	 0.122684
10.795 	 0.130746
10.8 	 0.137529
10.805 	 0.142006
10.81 	 0.143088
10.815 	 0.139756
10.82 	 0.131205
10.825 	 0.116974
10.83 	 0.0970477
10.835 	 0.0718928
10.84 	 0.042436
10.845 	 0.00998055
10.85 	 -0.0239128
10.855 	 -0.0575616
10.86 	 -0.0892963
10.865 	 -0.117588
10.87 	 -0.141162
10.875 	 -0.1591
10.88 	 -0.170905
10.885 	 -0.176532
10.89 	 -0.17639
10.895 	 -0.17131
10.9 	 -0.162489
10.905 	 -0.151385
10.91 	 -0.139557
10.915 	 -0.128459
10.92 	 -0.119235
10.925 	 -0.112555
10.93 	 -0.108525
10.935 	 -0.106681
10.94 	 -0.106052
10.945 	 -0.105304
10.95 	 -0.10294
10.955 	 -0.0975358
10.96 	 -0.087957
10.965 	 -0.0735313
10.97 	 -0.0541332
10.975 	 -0.0301841
10.98 	 -0.00257722
10.985 	 0.0274522
10.99 	 0.0584829
10.995 	 0.0890655
11.0 	 0.117864
11.005 	 0.14377
11.01 	 0.165982
11.015 	 0.184046
11.02 	 0.19785
11.025 	 0.207573
11.03 	 0.2136
11.035 	 0.216413
11.04 	 0.2165
11.045 	 0.214294
11.05 	 0.210175
11.055 	 0.204495
11.06 	 0.19761
11.065 	 0.189877
11.07 	 0.181609
11.075 	 0.173011
11.08 	 0.164141
11.085 	 0.15489
11.09 	 0.145014
11.095 	 0.134181
11.1 	 0.122044
11.105 	 0.108307
11.11 	 0.092775
11.115 	 0.0753846
11.12 	 0.0562021
11.125 	 0.0354027
11.13 	 0.0132311
11.135 	 -0.0100454
11.14 	 -0.0341722
11.145 	 -0.0589112
11.15 	 -0.0839972
11.155 	 -0.109055
11.16 	 -0.133511
11.165 	 -0.156542
11.17 	 -0.177114
11.175 	 -0.194103
11.18 	 -0.206476
11.185 	 -0.213474
11.19 	 -0.214732
11.195 	 -0.210326
11.2 	 -0.200732
11.205 	 -0.186738
11.21 	 -0.169338
11.215 	 -0.14962
11.22 	 -0.128688
11.225 	 -0.107596
11.23 	 -0.0873013
11.235 	 -0.068618
11.24 	 -0.0521605
11.245 	 -0.0382905
11.25 	 -0.0270804
11.255 	 -0.0183174
11.26 	 -0.0115595
11.265 	 -0.00623489
11.27 	 -0.00175907
11.275 	 0.00235733
11.28 	 0.00643477
11.285 	 0.0105986
11.29 	 0.0148007
11.295 	 0.0188746
11.3 	 0.0225959
11.305 	 0.0257274
11.31 	 0.0280374
11.315 	 0.0293028
11.32 	 0.0293163
11.325 	 0.0279161
11.33 	 0.0250422
11.335 	 0.0208091
11.34 	 0.015564
11.345 	 0.00990164
11.35 	 0.00461154
11.355 	 0.000561748
11.36 	 -0.00145643
11.365 	 -0.000878986
11.37 	 0.00252827
11.375 	 0.00864209
11.38 	 0.0170281
11.385 	 0.0270339
11.39 	 0.0378916
11.395 	 0.0488036
11.4 	 0.0590068
11.405 	 0.0678238
11.41 	 0.0747136
11.415 	 0.079322
11.42 	 0.0815228
11.425 	 0.0814351
11.43 	 0.0794043
11.435 	 0.0759434
11.44 	 0.0716421
11.445 	 0.0670639
11.45 	 0.0626527
11.455 	 0.058672
11.46 	 0.0551834
11.465 	 0.0520651
11.47 	 0.0490559
11.475 	 0.045813
11.48 	 0.041968
11.485 	 0.0371766
11.49 	 0.0311579
11.495 	 0.023723
11.5 	 0.0147944
11.505 	 0.00441747
11.51 	 -0.00723215
11.515 	 -0.0198434
11.52 	 -0.0329719
11.525 	 -0.0460595
11.53 	 -0.0584819
11.535 	 -0.069624
11.54 	 -0.0789717
11.545 	 -0.0861954
11.55 	 -0.0911999
11.555 	 -0.0941228
11.56 	 -0.0952786
11.565 	 -0.0950672
11.57 	 -0.0938762
11.575 	 -0.0920028
11.58 	 -0.0896134
11.585 	 -0.0867422
11.59 	 -0.0833193
11.595 	 -0.0792175
11.6 	 -0.0743013
11.605 	 -0.0684698
11.61 	 -0.0616817
11.615 	 -0.053959
11.62 	 -0.0453692
11.625 	 -0.0359926
11.63 	 -0.025894
11.635 	 -0.0151093
11.64 	 -0.00365651
11.645 	 0.00843919
11.65 	 0.0211151
11.655 	 0.0342473
11.66 	 0.0476351
11.665 	 0.0609937
11.67 	 0.0739543
11.675 	 0.086076
11.68 	 0.096874
11.685 	 0.105864
11.69 	 0.112623
11.695 	 0.116859
11.7 	 0.118465
11.705 	 0.117552
11.71 	 0.114426
11.715 	 0.10953
11.72 	 0.103352
11.725 	 0.0963368
11.73 	 0.088824
11.735 	 0.0810149
11.74 	 0.0729774
11.745 	 0.064672
11.75 	 0.0559869
11.755 	 0.0467749
11.76 	 0.0368863
11.765 	 0.0261997
11.77 	 0.0146532
11.775 	 0.00227317
11.78 	 -0.0107996
11.785 	 -0.0242964
11.79 	 -0.0378249
11.795 	 -0.0508951
11.8 	 -0.0629647
11.805 	 -0.0734927
11.81 	 -0.0819914
11.815 	 -0.0880738
11.82 	 -0.0914953
11.825 	 -0.0921904
11.83 	 -0.0902986
11.835 	 -0.0861701
11.84 	 -0.0803471
11.845 	 -0.0735214
11.85 	 -0.0664685
11.855 	 -0.0599581
11.86 	 -0.0546471
11.865 	 -0.0509753
11.87 	 -0.0490927
11.875 	 -0.0488425
11.88 	 -0.0498011
11.885 	 -0.0513625
11.89 	 -0.052838
11.895 	 -0.0535492
11.9 	 -0.0528974
11.905 	 -0.0504068
11.91 	 -0.0457507
11.915 	 -0.038774
11.92 	 -0.0295184
11.925 	 -0.0182458
11.93 	 -0.00544115
11.935 	 0.00822191
11.94 	 0.021957
11.945 	 0.0349691
11.95 	 0.046558
11.955 	 0.0561933
11.96 	 0.0635458
11.965 	 0.0684759
11.97 	 0.0709953
11.975 	 0.0712195
11.98 	 0.0693285
11.985 	 0.0655428
11.99 	 0.0601173
11.995 	 0.0533511
12.0 	 0.0455998
12.005 	 0.0372798
12.01 	 0.028852
12.015 	 0.0207879
12.02 	 0.0135208
12.025 	 0.0073945
12.03 	 0.00261992
12.035 	 -0.000749219
12.04 	 -0.0028181
12.045 	 -0.00383373
12.05 	 -0.00415552
12.055 	 -0.00421565
12.06 	 -0.00446734
12.065 	 -0.00532188
12.07 	 -0.00708408
12.075 	 -0.00990268
12.08 	 -0.0137506
12.085 	 -0.0184403
12.09 	 -0.0236673
12.095 	 -0.0290669
12.1 	 -0.0342669
12.105 	 -0.0389233
12.11 	 -0.0427345
12.115 	 -0.0454378
12.12 	 -0.0468016
12.125 	 -0.0466239
12.13 	 -0.0447414
12.135 	 -0.0410505
12.14 	 -0.0355389
12.145 	 -0.0283233
12.15 	 -0.0196877
12.155 	 -0.0101031
12.16 	 -0.000214545
12.165 	 0.00921652
12.17 	 0.0174054
12.175 	 0.0236562
12.18 	 0.0274637
12.185 	 0.0285821
12.19 	 0.0270391
12.195 	 0.0230958
12.2 	 0.0171656
12.205 	 0.00971716
12.21 	 0.00119173
12.215 	 -0.00804379
12.22 	 -0.017698
12.225 	 -0.0275209
12.23 	 -0.0372602
12.235 	 -0.0466373
12.24 	 -0.0553582
12.245 	 -0.0631563
12.25 	 -0.0698474
12.255 	 -0.0753729
12.26 	 -0.0798128
12.265 	 -0.0833619
12.27 	 -0.0862754
12.275 	 -0.0888
12.28 	 -0.0911102
12.285 	 -0.0932677
12.29 	 -0.0952085
12.295 	 -0.0967583
12.3 	 -0.0976644
12.305 	 -0.0976349
12.31 	 -0.0963769
12.315 	 -0.0936305
12.32 	 -0.0891951
12.325 	 -0.0829515
12.33 	 -0.0748768
12.335 	 -0.0650541
12.34 	 -0.0536749
12.345 	 -0.0410315
12.35 	 -0.0274944
12.355 	 -0.0134742
12.36 	 0.000632457
12.365 	 0.0145
12.37 	 0.0279195
12.375 	 0.0408152
12.38 	 0.0532243
12.385 	 0.0652451
12.39 	 0.0769723
12.395 	 0.0884394
12.4 	 0.0995852
12.405 	 0.110253
12.41 	 0.12022
12.415 	 0.12926
12.42 	 0.137205
12.425 	 0.144012
12.43 	 0.149779
12.435 	 0.154719
12.44 	 0.159087
12.445 	 0.163082
12.45 	 0.166773
12.455 	 0.170056
12.46 	 0.172664
12.465 	 0.174204
12.47 	 0.174209
12.475 	 0.172186
12.48 	 0.167653
12.485 	 0.160165
12.49 	 0.149344
12.495 	 0.134922
12.5 	 0.116817
12.505 	 0.0952068
12.51 	 0.0705854
12.515 	 0.043762
12.52 	 0.0157862
12.525 	 -0.0121842
12.53 	 -0.0390371
12.535 	 -0.0638417
12.54 	 -0.0859376
12.545 	 -0.104965
12.55 	 -0.120842
12.555 	 -0.133699
12.56 	 -0.143796
12.565 	 -0.151432
12.57 	 -0.156861
12.575 	 -0.160239
12.58 	 -0.161605
12.585 	 -0.160901
12.59 	 -0.158025
12.595 	 -0.152891
12.6 	 -0.145492
12.605 	 -0.135943
12.61 	 -0.124512
12.615 	 -0.111619
12.62 	 -0.0977923
12.625 	 -0.0835939
12.63 	 -0.0695358
12.635 	 -0.0560197
12.64 	 -0.0433187
12.645 	 -0.0315977
12.65 	 -0.0209478
12.655 	 -0.0114121
12.66 	 -0.00298572
12.665 	 0.00440264
12.67 	 0.010908
12.675 	 0.0167623
12.68 	 0.0222349
12.685 	 0.0275729
12.69 	 0.032943
12.695 	 0.0383977
12.7 	 0.0438747
12.705 	 0.0492234
12.71 	 0.0542434
12.715 	 0.058714
12.72 	 0.0624045
12.725 	 0.0650664
12.73 	 0.0664245
12.735 	 0.0661856
12.74 	 0.0640785
12.745 	 0.0599212
12.75 	 0.0536952
12.755 	 0.0455997
12.76 	 0.0360614
12.765 	 0.0256952
12.77 	 0.0152245
12.775 	 0.00538055
12.78 	 -0.00319853
12.785 	 -0.0100503
12.79 	 -0.0149334
12.795 	 -0.0178239
12.8 	 -0.0188656
12.805 	 -0.0182937
12.81 	 -0.0163642
12.815 	 -0.0133161
12.82 	 -0.00937937
12.825 	 -0.004809
12.83 	 8.29643e-05
12.835 	 0.00492783
12.84 	 0.00933971
12.845 	 0.0129795
12.85 	 0.0156176
12.855 	 0.0171716
12.86 	 0.0177091
12.865 	 0.0174177
12.87 	 0.0165557
12.875 	 0.0153999
12.88 	 0.0142033
12.885 	 0.0131669
12.89 	 0.0124249
12.895 	 0.0120359
12.9 	 0.0119743
12.905 	 0.0121215
12.91 	 0.0122629
12.915 	 0.0121021
12.92 	 0.0113008
12.925 	 0.00954492
12.93 	 0.00661986
12.935 	 0.00247049
12.94 	 -0.0027766
12.945 	 -0.00883728
12.95 	 -0.0153329
12.955 	 -0.0218728
12.96 	 -0.0281318
12.965 	 -0.0339028
12.97 	 -0.0391116
12.975 	 -0.0437919
12.98 	 -0.0480341
12.985 	 -0.0519249
12.99 	 -0.0555012
12.995 	 -0.0587321
13.0 	 -0.0615296
13.005 	 -0.0637785
13.01 	 -0.0653677
13.015 	 -0.0662091
13.02 	 -0.0662366
13.025 	 -0.0653829
13.03 	 -0.063547
13.035 	 -0.0605662
13.04 	 -0.0562115
13.045 	 -0.0502142
13.05 	 -0.0423259
13.055 	 -0.0323972
13.06 	 -0.0204555
13.065 	 -0.00675627
13.07 	 0.00820937
13.075 	 0.0237537
13.08 	 0.0390681
13.085 	 0.0533208
13.09 	 0.0657626
13.095 	 0.0758198
13.1 	 0.0831591
13.105 	 0.0877087
13.11 	 0.0896408
13.115 	 0.0893232
13.12 	 0.0872538
13.125 	 0.0839871
13.13 	 0.0800593
13.135 	 0.0759223
13.14 	 0.0718943
13.145 	 0.0681341
13.15 	 0.0646437
13.155 	 0.0612925
13.16 	 0.0578585
13.165 	 0.0540737
13.17 	 0.0496697
13.175 	 0.0444165
13.18 	 0.0381548
13.185 	 0.0308211
13.19 	 0.0224647
13.195 	 0.0132552
13.2 	 0.00347448
13.205 	 -0.00650853
13.21 	 -0.016281
13.215 	 -0.0254397
13.22 	 -0.0336429
13.225 	 -0.0406496
13.23 	 -0.0463394
13.235 	 -0.0507089
13.24 	 -0.0538504
13.245 	 -0.0559171
13.25 	 -0.0570845
13.255 	 -0.0575164
13.26 	 -0.0573446
13.265 	 -0.0566636
13.27 	 -0.0555405
13.275 	 -0.0540293
13.28 	 -0.0521821
13.285 	 -0.0500468
13.29 	 -0.0476517
13.295 	 -0.0449849
13.3 	 -0.0419818
13.305 	 -0.0385318
13.31 	 -0.0345024
13.315 	 -0.0297684
13.32 	 -0.0242354
13.325 	 -0.0178511
13.33 	 -0.0106114
13.335 	 -0.00256564
13.34 	 0.006173
13.345 	 0.0154187
13.35 	 0.0249101
13.355 	 0.0343215
13.36 	 0.0432881
13.365 	 0.0514435
13.37 	 0.0584598
13.375 	 0.0640833
13.38 	 0.0681553
13.385 	 0.0706186
13.39 	 0.0715094
13.395 	 0.0709405
13.4 	 0.0690824
13.405 	 0.0661463
13.41 	 0.0623694
13.415 	 0.0579996
13.42 	 0.0532758
13.425 	 0.0484036
13.43 	 0.0435295
13.435 	 0.0387221
13.44 	 0.0339651
13.445 	 0.029168
13.45 	 0.024192
13.455 	 0.0188867
13.46 	 0.0131272
13.465 	 0.00684455
13.47 	 4.28496e-05
13.475 	 -0.00719824
13.48 	 -0.0147342
13.485 	 -0.0223747
13.49 	 -0.0299066
13.495 	 -0.0371145
13.5 	 -0.0437974
13.505 	 -0.0497784
13.51 	 -0.0549105
13.515 	 -0.0590789
13.52 	 -0.0622039
13.525 	 -0.064245
13.53 	 -0.0652031
13.535 	 -0.0651212
13.54 	 -0.0640789
13.545 	 -0.0621825
13.55 	 -0.0595519
13.555 	 -0.0563067
13.56 	 -0.0525541
13.565 	 -0.0483809
13.57 	 -0.0438501
13.575 	 -0.0390014
13.58 	 -0.0338562
13.585 	 -0.0284249
13.59 	 -0.0227153
13.595 	 -0.0167408
13.6 	 -0.0105286
13.605 	 -0.0041249
13.61 	 0.00240168
13.615 	 0.00896017
13.62 	 0.0154405
13.625 	 0.0217196
13.63 	 0.0276691
13.635 	 0.0331647
13.64 	 0.0380937
13.645 	 0.0423629
13.65 	 0.0459025
13.655 	 0.0486692
13.66 	 0.050645
13.665 	 0.0518348
13.67 	 0.0522622
13.675 	 0.0519645
13.68 	 0.050987
13.685 	 0.0493788
13.69 	 0.0471887
13.695 	 0.044463
13.7 	 0.0412445
13.705 	 0.0375725
13.71 	 0.0334845
13.715 	 0.0290177
13.72 	 0.0242117
13.725 	 0.0191103
13.73 	 0.0137635
13.735 	 0.00822877
13.74 	 0.00257114
13.745 	 -0.00313706
13.75 	 -0.00881762
13.755 	 -0.0143885
13.76 	 -0.0197661
13.765 	 -0.0248682
13.77 	 -0.0296168
13.775 	 -0.0339405
13.78 	 -0.037777
13.785 	 -0.0410746
13.79 	 -0.0437935
13.795 	 -0.0459061
13.8 	 -0.0473967
13.805 	 -0.0482602
13.81 	 -0.0485011
13.815 	 -0.0481319
13.82 	 -0.0471714
13.825 	 -0.0456436
13.83 	 -0.0435766
13.835 	 -0.0410021
13.84 	 -0.0379551
13.845 	 -0.034474
13.85 	 -0.0306007
13.855 	 -0.0263809
13.86 	 -0.0218645
13.865 	 -0.0171056
13.87 	 -0.0121626
13.875 	 -0.00709757
13.88 	 -0.00197559
13.885 	 0.00313604
13.89 	 0.00816917
13.895 	 0.0130562
13.9 	 0.0177314
13.905 	 0.0221325
13.91 	 0.0262021
13.915 	 0.0298883
13.92 	 0.0331462
13.925 	 0.0359381
13.93 	 0.0382339
13.935 	 0.0400001
13.94 	 0.0411889
