0.0 	 -3.79217e-17
0.01 	 -3.75826e-09
0.02 	 -3.97554e-08
0.03 	 -1.95077e-07
0.04 	 -5.88356e-07
0.05 	 -1.20893e-06
0.06 	 -1.7266e-06
0.07 	 -1.48954e-06
0.08 	 2.60862e-07
0.09 	 4.15509e-06
0.1 	 1.05944e-05
0.11 	 1.97767e-05
0.12 	 3.17723e-05
0.13 	 4.65901e-05
0.14 	 6.42229e-05
0.15 	 8.46829e-05
0.16 	 0.000108008
0.17 	 0.000134217
0.18 	 0.000163246
0.19 	 0.000194917
0.2 	 0.00022896
0.21 	 0.000265047
0.22 	 0.000302798
0.23 	 0.000341793
0.24 	 0.000381616
0.25 	 0.000421936
0.26 	 0.000462577
0.27 	 0.000503546
0.28 	 0.00054497
0.29 	 0.000586948
0.3 	 0.00062936
0.31 	 0.000671802
0.32 	 0.000713774
0.33 	 0.000754989
0.34 	 0.000795547
0.35 	 0.000835856
0.36 	 0.000876509
0.37 	 0.000918347
0.38 	 0.000962547
0.39 	 0.00101045
0.4 	 0.00106309
0.41 	 0.00112089
0.42 	 0.00118381
0.43 	 0.00125169
0.44 	 0.00132434
0.45 	 0.00140134
0.46 	 0.00148152
0.47 	 0.00156272
0.48 	 0.00164171
0.49 	 0.00171466
0.5 	 0.00177797
0.51 	 0.00182909
0.52 	 0.00186688
0.53 	 0.00189118
0.54 	 0.00190203
0.55 	 0.00189944
0.56 	 0.00188403
0.57 	 0.00185835
0.58 	 0.0018277
0.59 	 0.00179958
0.6 	 0.00178178
0.61 	 0.00178007
0.62 	 0.00179669
0.63 	 0.00183033
0.64 	 0.00187754
0.65 	 0.00193467
0.66 	 0.00199935
0.67 	 0.0020706
0.68 	 0.00214792
0.69 	 0.00222983
0.7 	 0.00231293
0.71 	 0.00239203
0.72 	 0.0024613
0.73 	 0.0025159
0.74 	 0.00255333
0.75 	 0.00257382
0.76 	 0.00257981
0.77 	 0.00257453
0.78 	 0.00256047
0.79 	 0.00253831
0.8 	 0.00250709
0.81 	 0.00246551
0.82 	 0.00241389
0.83 	 0.00235577
0.84 	 0.00229791
0.85 	 0.00224838
0.86 	 0.00221368
0.87 	 0.00219634
0.88 	 0.00219448
0.89 	 0.00220335
0.9 	 0.00221822
0.91 	 0.00223717
0.92 	 0.00226244
0.93 	 0.00229907
0.94 	 0.00235143
0.95 	 0.00241973
0.96 	 0.00249906
0.97 	 0.00258118
0.98 	 0.00265774
0.99 	 0.00272293
1.0 	 0.00277449
1.01 	 0.00281313
1.02 	 0.00284096
1.03 	 0.00285992
1.04 	 0.0028707
1.05 	 0.00287246
1.06 	 0.00286301
1.07 	 0.00283926
1.08 	 0.00279835
1.09 	 0.00273947
1.1 	 0.00266557
1.11 	 0.00258338
1.12 	 0.0025014
1.13 	 0.00242681
1.14 	 0.00236318
1.15 	 0.00230993
1.16 	 0.0022636
1.17 	 0.00222018
1.18 	 0.00217752
1.19 	 0.0021368
1.2 	 0.00210243
1.21 	 0.00208002
1.22 	 0.00207309
1.23 	 0.00208033
1.24 	 0.00209555
1.25 	 0.00211072
1.26 	 0.00212081
1.27 	 0.00212723
1.28 	 0.00213719
1.29 	 0.00215932
1.3 	 0.00219875
1.31 	 0.00225505
1.32 	 0.00232357
1.33 	 0.00239802
1.34 	 0.00247215
1.35 	 0.00254039
1.36 	 0.00259851
1.37 	 0.00264452
1.38 	 0.00267874
1.39 	 0.00270199
1.4 	 0.00271206
1.41 	 0.00270139
1.42 	 0.00265894
1.43 	 0.00257624
1.44 	 0.00245349
1.45 	 0.00230034
1.46 	 0.002131
1.47 	 0.00195796
1.48 	 0.0017891
1.49 	 0.00162877
1.5 	 0.00148
1.51 	 0.00134614
1.52 	 0.00123178
1.53 	 0.00114291
1.54 	 0.00108533
1.55 	 0.00106116
1.56 	 0.00106551
1.57 	 0.00108658
1.58 	 0.00111012
1.59 	 0.00112594
1.6 	 0.00113195
1.61 	 0.00113316
1.62 	 0.00113633
1.63 	 0.00114383
1.64 	 0.00115099
1.65 	 0.0011481
1.66 	 0.00112527
1.67 	 0.00107639
1.68 	 0.00100019
1.69 	 0.000898989
1.7 	 0.000776701
1.71 	 0.000637275
1.72 	 0.000484057
1.73 	 0.000319895
1.74 	 0.000147771
1.75 	 -2.82079e-05
1.76 	 -0.000201734
1.77 	 -0.000363703
1.78 	 -0.000503013
1.79 	 -0.000609195
1.8 	 -0.000675682
1.81 	 -0.000701518
1.82 	 -0.000690372
1.83 	 -0.000648214
1.84 	 -0.00058199
1.85 	 -0.000499958
1.86 	 -0.000411939
1.87 	 -0.000327731
1.88 	 -0.000254576
1.89 	 -0.000196183
1.9 	 -0.000154342
1.91 	 -0.00013152
1.92 	 -0.000132156
1.93 	 -0.0001617
1.94 	 -0.000224273
1.95 	 -0.000320563
1.96 	 -0.00044679
1.97 	 -0.000594577
1.98 	 -0.000751556
1.99 	 -0.000903176
2.0 	 -0.001036
2.01 	 -0.00114173
2.02 	 -0.00121975
2.03 	 -0.00127627
2.04 	 -0.00132019
2.05 	 -0.00135828
2.06 	 -0.00139252
2.07 	 -0.00142051
2.08 	 -0.00143859
2.09 	 -0.00144606
2.1 	 -0.00144856
2.11 	 -0.00145772
2.12 	 -0.00148631
2.13 	 -0.00154112
2.14 	 -0.00161823
2.15 	 -0.00170362
2.16 	 -0.00177816
2.17 	 -0.00182396
2.18 	 -0.00183002
2.19 	 -0.00179572
2.2 	 -0.00173059
2.21 	 -0.00164964
2.22 	 -0.0015661
2.23 	 -0.00148608
2.24 	 -0.00140883
2.25 	 -0.00133191
2.26 	 -0.00125689
2.27 	 -0.00119127
2.28 	 -0.00114603
2.29 	 -0.00113156
2.3 	 -0.00115449
2.31 	 -0.00121624
2.32 	 -0.0013128
2.33 	 -0.00143578
2.34 	 -0.00157477
2.35 	 -0.00172067
2.36 	 -0.00186851
2.37 	 -0.00201784
2.38 	 -0.00217015
2.39 	 -0.00232472
2.4 	 -0.00247535
2.41 	 -0.00261029
2.42 	 -0.00271576
2.43 	 -0.00278127
2.44 	 -0.00280377
2.45 	 -0.00278823
2.46 	 -0.00274477
2.47 	 -0.00268425
2.48 	 -0.00261475
2.49 	 -0.00254051
2.5 	 -0.00246348
2.51 	 -0.00238602
2.52 	 -0.0023129
2.53 	 -0.00225121
2.54 	 -0.00220858
2.55 	 -0.00219054
2.56 	 -0.00219854
2.57 	 -0.00222947
2.58 	 -0.002277
2.59 	 -0.00233375
2.6 	 -0.00239388
2.61 	 -0.00245506
2.62 	 -0.002519
2.63 	 -0.00258963
2.64 	 -0.00266967
2.65 	 -0.00275749
2.66 	 -0.00284628
2.67 	 -0.00292604
2.68 	 -0.0029874
2.69 	 -0.00302552
2.7 	 -0.00304216
2.71 	 -0.00304464
2.72 	 -0.00304157
2.73 	 -0.00303741
2.74 	 -0.00302909
2.75 	 -0.00300725
2.76 	 -0.00296148
2.77 	 -0.00288627
2.78 	 -0.0027842
2.79 	 -0.00266552
2.8 	 -0.00254486
2.81 	 -0.00243654
2.82 	 -0.00235008
2.83 	 -0.00228756
2.84 	 -0.00224467
2.85 	 -0.00221501
2.86 	 -0.00219526
2.87 	 -0.00218789
2.88 	 -0.00219998
2.89 	 -0.00223942
2.9 	 -0.00231141
2.91 	 -0.00241703
2.92 	 -0.00255332
2.93 	 -0.00271374
2.94 	 -0.00288889
2.95 	 -0.00306834
2.96 	 -0.00324333
2.97 	 -0.00340808
2.98 	 -0.00355863
2.99 	 -0.00369025
3.0 	 -0.00379611
3.01 	 -0.00386857
3.02 	 -0.00390197
3.03 	 -0.00389456
3.04 	 -0.00384877
3.05 	 -0.00377021
3.06 	 -0.0036666
3.07 	 -0.0035469
3.08 	 -0.0034209
3.09 	 -0.00329862
3.1 	 -0.00318959
3.11 	 -0.00310172
3.12 	 -0.00304028
3.13 	 -0.00300758
3.14 	 -0.00300392
3.15 	 -0.00302955
3.16 	 -0.00308616
3.17 	 -0.00317602
3.18 	 -0.00329905
3.19 	 -0.00344999
3.2 	 -0.00361856
3.21 	 -0.00379254
3.22 	 -0.00396118
3.23 	 -0.00411686
3.24 	 -0.00425512
3.25 	 -0.00437467
3.26 	 -0.00447677
3.27 	 -0.00456327
3.28 	 -0.00463354
3.29 	 -0.00468271
3.3 	 -0.00470324
3.31 	 -0.00468931
3.32 	 -0.00464084
3.33 	 -0.00456439
3.34 	 -0.00447107
3.35 	 -0.0043727
3.36 	 -0.00427812
3.37 	 -0.00419047
3.38 	 -0.00410665
3.39 	 -0.00401984
3.4 	 -0.00392446
3.41 	 -0.00382083
3.42 	 -0.00371667
3.43 	 -0.0036247
3.44 	 -0.00355787
3.45 	 -0.00352441
3.46 	 -0.00352435
3.47 	 -0.00354884
3.48 	 -0.00358291
3.49 	 -0.0036113
3.5 	 -0.00362447
3.51 	 -0.00362128
3.52 	 -0.00360692
3.53 	 -0.00358822
3.54 	 -0.00357003
3.55 	 -0.00355361
3.56 	 -0.0035363
3.57 	 -0.00351193
3.58 	 -0.00347301
3.59 	 -0.00341478
3.6 	 -0.00333919
3.61 	 -0.00325537
3.62 	 -0.00317522
3.63 	 -0.00310664
3.64 	 -0.00304915
3.65 	 -0.00299434
3.66 	 -0.00292947
3.67 	 -0.0028419
3.68 	 -0.00272252
3.69 	 -0.00256845
3.7 	 -0.00238441
3.71 	 -0.00218179
3.72 	 -0.00197432
3.73 	 -0.00177253
3.74 	 -0.00158042
3.75 	 -0.00139667
3.76 	 -0.00121848
3.77 	 -0.00104502
3.78 	 -0.000879097
3.79 	 -0.000727664
3.8 	 -0.000601735
3.81 	 -0.000514552
3.82 	 -0.000477346
3.83 	 -0.000494261
3.84 	 -0.000559557
3.85 	 -0.000658973
3.86 	 -0.000774539
3.87 	 -0.000890697
3.88 	 -0.000999356
3.89 	 -0.00110163
3.9 	 -0.00120482
3.91 	 -0.00131576
3.92 	 -0.00143409
3.93 	 -0.00154958
3.94 	 -0.00164497
3.95 	 -0.0017028
3.96 	 -0.0017131
3.97 	 -0.00167834
3.98 	 -0.00161291
3.99 	 -0.00153706
4.0 	 -0.00146834
4.01 	 -0.0014147
4.02 	 -0.0013731
4.03 	 -0.00133396
4.04 	 -0.00128894
4.05 	 -0.00123718
4.06 	 -0.00118633
4.07 	 -0.00114827
4.08 	 -0.00113261
4.09 	 -0.00114202
4.1 	 -0.00117159
4.11 	 -0.00121141
4.12 	 -0.00125064
4.13 	 -0.00128149
4.14 	 -0.00130249
4.15 	 -0.00131993
4.16 	 -0.00134629
4.17 	 -0.00139579
4.18 	 -0.00147867
4.19 	 -0.001597
4.2 	 -0.00174362
4.21 	 -0.00190438
4.22 	 -0.00206249
4.23 	 -0.00220341
4.24 	 -0.00231847
4.25 	 -0.00240568
4.26 	 -0.00246734
4.27 	 -0.00250562
4.28 	 -0.00251869
4.29 	 -0.00249975
4.3 	 -0.00243977
4.31 	 -0.00233281
4.32 	 -0.00218102
4.33 	 -0.00199636
4.34 	 -0.00179766
4.35 	 -0.00160447
4.36 	 -0.00143114
4.37 	 -0.00128477
4.38 	 -0.00116808
4.39 	 -0.00108496
4.4 	 -0.00104424
4.41 	 -0.00105851
4.42 	 -0.00113859
4.43 	 -0.0012879
4.44 	 -0.00149961
4.45 	 -0.00175703
4.46 	 -0.00203673
4.47 	 -0.00231416
4.48 	 -0.00256988
4.49 	 -0.00279287
4.5 	 -0.00297827
4.51 	 -0.0031216
4.52 	 -0.00321483
4.53 	 -0.00324769
4.54 	 -0.00321276
4.55 	 -0.00310967
4.56 	 -0.00294619
4.57 	 -0.00273709
4.58 	 -0.00250247
4.59 	 -0.00226537
4.6 	 -0.00204813
4.61 	 -0.00186839
4.62 	 -0.00173673
4.63 	 -0.00165748
4.64 	 -0.00163155
4.65 	 -0.00165861
4.66 	 -0.00173656
4.67 	 -0.00185888
4.68 	 -0.00201324
4.69 	 -0.0021831
4.7 	 -0.00235163
4.71 	 -0.00250496
4.72 	 -0.00263318
4.73 	 -0.00272942
4.74 	 -0.00278869
4.75 	 -0.00280741
4.76 	 -0.00278411
4.77 	 -0.00272038
4.78 	 -0.0026215
4.79 	 -0.00249617
4.8 	 -0.0023556
4.81 	 -0.00221193
4.82 	 -0.00207628
4.83 	 -0.00195663
4.84 	 -0.00185657
4.85 	 -0.00177566
4.86 	 -0.00171137
4.87 	 -0.00166222
4.88 	 -0.00163096
4.89 	 -0.00162589
4.9 	 -0.0016588
4.91 	 -0.00173976
4.92 	 -0.00187149
4.93 	 -0.00204624
4.94 	 -0.00224698
4.95 	 -0.00245308
4.96 	 -0.00264843
4.97 	 -0.00282801
4.98 	 -0.00299866
4.99 	 -0.00317277
5.0 	 -0.0033584
5.01 	 -0.00355197
5.02 	 -0.00373754
5.03 	 -0.00389231
5.04 	 -0.00399502
5.05 	 -0.00403342
5.06 	 -0.00400745
5.07 	 -0.00392637
5.08 	 -0.00380147
5.09 	 -0.00363906
5.1 	 -0.00343793
5.11 	 -0.00319276
5.12 	 -0.00290074
5.13 	 -0.00256771
5.14 	 -0.00221057
5.15 	 -0.00185567
5.16 	 -0.00153411
5.17 	 -0.00127572
5.18 	 -0.00110308
5.19 	 -0.00102747
5.2 	 -0.00104832
5.21 	 -0.00115691
5.22 	 -0.00134221
5.23 	 -0.00159571
5.24 	 -0.00191238
5.25 	 -0.00228759
5.26 	 -0.00271247
5.27 	 -0.00317062
5.28 	 -0.00363814
5.29 	 -0.00408687
5.3 	 -0.00448922
5.31 	 -0.00482228
5.32 	 -0.00506962
5.33 	 -0.00522082
5.34 	 -0.00526968
5.35 	 -0.00521271
5.36 	 -0.00504918
5.37 	 -0.00478298
5.38 	 -0.00442516
5.39 	 -0.00399521
5.4 	 -0.00351946
5.41 	 -0.00302728
5.42 	 -0.00254699
5.43 	 -0.00210294
5.44 	 -0.00171451
5.45 	 -0.00139646
5.46 	 -0.00115991
5.47 	 -0.00101282
5.48 	 -0.000959497
5.49 	 -0.000999178
5.5 	 -0.00112486
5.51 	 -0.00132324
5.52 	 -0.00157612
5.53 	 -0.00186286
5.54 	 -0.00216318
5.55 	 -0.00245905
5.56 	 -0.00273517
5.57 	 -0.00297835
5.58 	 -0.00317704
5.59 	 -0.00332134
5.6 	 -0.00340316
5.61 	 -0.00341621
5.62 	 -0.00335651
5.63 	 -0.00322376
5.64 	 -0.0030228
5.65 	 -0.00276433
5.66 	 -0.00246397
5.67 	 -0.00214039
5.68 	 -0.00181313
5.69 	 -0.00150061
5.7 	 -0.00121864
5.71 	 -0.000980175
5.72 	 -0.000796454
5.73 	 -0.000678666
5.74 	 -0.000638061
5.75 	 -0.000683743
5.76 	 -0.000819474
5.77 	 -0.00104145
5.78 	 -0.00133767
5.79 	 -0.00168834
5.8 	 -0.00206742
5.81 	 -0.00244604
5.82 	 -0.00279759
5.83 	 -0.00310286
5.84 	 -0.00335221
5.85 	 -0.00354389
5.86 	 -0.00368015
5.87 	 -0.00376326
5.88 	 -0.0037928
5.89 	 -0.00376479
5.9 	 -0.00367313
5.91 	 -0.00351335
5.92 	 -0.00328724
5.93 	 -0.00300601
5.94 	 -0.00268951
5.95 	 -0.00236173
5.96 	 -0.00204468
5.97 	 -0.00175381
5.98 	 -0.00149676
5.99 	 -0.00127555
6.0 	 -0.00109089
6.01 	 -0.000946547
6.02 	 -0.000851898
6.03 	 -0.000821229
6.04 	 -0.00086951
6.05 	 -0.00100621
6.06 	 -0.00123047
6.07 	 -0.00153039
6.08 	 -0.00188638
6.09 	 -0.00227598
6.1 	 -0.00267783
6.11 	 -0.0030737
6.12 	 -0.00344899
6.13 	 -0.00379209
6.14 	 -0.00409333
6.15 	 -0.00434403
6.16 	 -0.00453615
6.17 	 -0.00466268
6.18 	 -0.00471892
6.19 	 -0.00470422
6.2 	 -0.00462328
6.21 	 -0.0044863
6.22 	 -0.00430757
6.23 	 -0.00410289
6.24 	 -0.0038865
6.25 	 -0.00366921
6.26 	 -0.00345808
6.27 	 -0.00325805
6.28 	 -0.0030743
6.29 	 -0.00291415
6.3 	 -0.00278743
6.31 	 -0.00270536
6.32 	 -0.00267815
6.33 	 -0.00271213
6.34 	 -0.00280752
6.35 	 -0.00295736
6.36 	 -0.00314818
6.37 	 -0.00336192
6.38 	 -0.00357852
6.39 	 -0.00377842
6.4 	 -0.0039444
6.41 	 -0.00406309
6.42 	 -0.00412644
6.43 	 -0.00413209
6.44 	 -0.00408251
6.45 	 -0.0039833
6.46 	 -0.0038416
6.47 	 -0.00366498
6.48 	 -0.00346071
6.49 	 -0.00323608
6.5 	 -0.00299956
6.51 	 -0.00276184
6.52 	 -0.00253521
6.53 	 -0.00233074
6.54 	 -0.00215481
6.55 	 -0.00200761
6.56 	 -0.00188489
6.57 	 -0.00178213
6.58 	 -0.00169861
6.59 	 -0.00163877
6.6 	 -0.00161
6.61 	 -0.00161797
6.62 	 -0.00166219
6.63 	 -0.00173356
6.64 	 -0.00181489
6.65 	 -0.00188483
6.66 	 -0.00192406
6.67 	 -0.00192126
6.68 	 -0.00187564
6.69 	 -0.00179406
6.7 	 -0.00168457
6.71 	 -0.00155022
6.72 	 -0.00138721
6.73 	 -0.00118846
6.74 	 -0.000950194
6.75 	 -0.000677827
6.76 	 -0.000387683
6.77 	 -0.00010389
6.78 	 0.000148176
6.79 	 0.000348936
6.8 	 0.000488734
6.81 	 0.000567224
6.82 	 0.000589352
6.83 	 0.000561312
6.84 	 0.00048911
6.85 	 0.000379616
6.86 	 0.000241917
6.87 	 8.72341e-05
6.88 	 -7.23801e-05
6.89 	 -0.00022523
6.9 	 -0.000360122
6.91 	 -0.00046605
6.92 	 -0.000533065
6.93 	 -0.000554873
6.94 	 -0.000531273
6.95 	 -0.000468026
6.96 	 -0.000374006
6.97 	 -0.000257808
6.98 	 -0.000125954
6.99 	 1.66474e-05
7.0 	 0.000164732
7.01 	 0.000310465
7.02 	 0.000442464
7.03 	 0.000547195
7.04 	 0.000612543
7.05 	 0.000631773
7.06 	 0.000605755
7.07 	 0.00054255
7.08 	 0.000454696
7.09 	 0.000355063
7.1 	 0.000252791
7.11 	 0.000151518
7.12 	 5.13605e-05
7.13 	 -4.6567e-05
7.14 	 -0.000136758
7.15 	 -0.000210096
7.16 	 -0.000258491
7.17 	 -0.000279966
7.18 	 -0.000280576
7.19 	 -0.000272108
7.2 	 -0.000267402
7.21 	 -0.000276043
7.22 	 -0.000301956
7.23 	 -0.000342905
7.24 	 -0.000391562
7.25 	 -0.000438188
7.26 	 -0.000474676
7.27 	 -0.000498345
7.28 	 -0.000513086
7.29 	 -0.000526709
7.3 	 -0.000545923
7.31 	 -0.000572018
7.32 	 -0.000599824
7.33 	 -0.000620366
7.34 	 -0.000625302
7.35 	 -0.000610386
7.36 	 -0.000576512
7.37 	 -0.000528724
7.38 	 -0.000474393
7.39 	 -0.000421138
7.4 	 -0.00037467
7.41 	 -0.00033735
7.42 	 -0.000308811
7.43 	 -0.000288675
7.44 	 -0.000278933
7.45 	 -0.000283277
7.46 	 -0.000303696
7.47 	 -0.00033782
7.48 	 -0.000379783
7.49 	 -0.000423639
7.5 	 -0.000465968
7.51 	 -0.000505705
7.52 	 -0.000542328
7.53 	 -0.000574614
7.54 	 -0.000600719
7.55 	 -0.000618585
7.56 	 -0.000625741
7.57 	 -0.000619141
7.58 	 -0.000596264
7.59 	 -0.000557102
7.6 	 -0.000505012
7.61 	 -0.000445083
7.62 	 -0.000380921
7.63 	 -0.000312063
7.64 	 -0.000233821
7.65 	 -0.000140239
7.66 	 -2.90479e-05
7.67 	 9.44802e-05
7.68 	 0.000217944
7.69 	 0.000326609
7.7 	 0.000409245
7.71 	 0.00046138
7.72 	 0.00048506
7.73 	 0.00048673
7.74 	 0.000474884
7.75 	 0.000457786
7.76 	 0.000441285
7.77 	 0.000427594
7.78 	 0.000416091
7.79 	 0.000406004
7.8 	 0.000399365
7.81 	 0.000402366
7.82 	 0.000424303
7.83 	 0.000474763
7.84 	 0.000560399
7.85 	 0.000682431
7.86 	 0.000835418
7.87 	 0.00100773
7.88 	 0.00118424
7.89 	 0.00135099
7.9 	 0.00149992
7.91 	 0.00163153
7.92 	 0.00175381
7.93 	 0.00187769
7.94 	 0.00201042
7.95 	 0.00215025
7.96 	 0.00228609
7.97 	 0.00240311
7.98 	 0.00249113
7.99 	 0.00255022
8.0 	 0.00259044
8.01 	 0.00262634
8.02 	 0.00266993
8.03 	 0.00272615
8.04 	 0.00279293
8.05 	 0.00286463
8.06 	 0.00293596
8.07 	 0.00300454
8.08 	 0.00307187
8.09 	 0.00314277
8.1 	 0.00322317
8.11 	 0.00331705
8.12 	 0.00342406
8.13 	 0.00353928
8.14 	 0.00365493
8.15 	 0.00376305
8.16 	 0.00385823
8.17 	 0.00393941
8.18 	 0.00401034
8.19 	 0.00407814
8.2 	 0.00414995
8.21 	 0.00422883
8.22 	 0.00431091
8.23 	 0.00438616
8.24 	 0.0044426
8.25 	 0.00447181
8.26 	 0.00447282
8.27 	 0.0044525
8.28 	 0.0044227
8.29 	 0.00439549
8.3 	 0.00437859
8.31 	 0.0043729
8.32 	 0.0043729
8.33 	 0.00436971
8.34 	 0.00435561
8.35 	 0.00432827
8.36 	 0.00429267
8.37 	 0.00425908
8.38 	 0.00423833
8.39 	 0.00423688
8.4 	 0.00425452
8.41 	 0.00428578
8.42 	 0.00432356
8.43 	 0.00436289
8.44 	 0.00440315
8.45 	 0.00444774
8.46 	 0.00450165
8.47 	 0.00456795
8.48 	 0.00464486
8.49 	 0.00472483
8.5 	 0.00479626
8.51 	 0.0048472
8.52 	 0.00486907
8.53 	 0.00485855
8.54 	 0.00481709
8.55 	 0.00474885
8.56 	 0.00465831
8.57 	 0.00454916
8.58 	 0.00442471
8.59 	 0.0042894
8.6 	 0.00414959
8.61 	 0.00401271
8.62 	 0.0038854
8.63 	 0.003772
8.64 	 0.00367425
8.65 	 0.00359215
8.66 	 0.00352531
8.67 	 0.00347396
8.68 	 0.00343906
8.69 	 0.00342205
8.7 	 0.00342464
8.71 	 0.00344822
8.72 	 0.00349273
8.73 	 0.00355508
8.74 	 0.0036282
8.75 	 0.00370158
8.76 	 0.0037637
8.77 	 0.00380536
8.78 	 0.00382233
8.79 	 0.00381575
8.8 	 0.00378987
8.81 	 0.00374867
8.82 	 0.00369364
8.83 	 0.00362376
8.84 	 0.00353713
8.85 	 0.00343271
8.86 	 0.0033115
8.87 	 0.00317708
8.88 	 0.00303527
8.89 	 0.00289296
8.9 	 0.00275644
8.91 	 0.00263001
8.92 	 0.00251563
8.93 	 0.0024136
8.94 	 0.00232413
8.95 	 0.00224914
8.96 	 0.00219301
8.97 	 0.00216188
8.98 	 0.00216164
8.99 	 0.00219596
9.0 	 0.00226488
9.01 	 0.00236388
9.02 	 0.00248338
9.03 	 0.0026097
9.04 	 0.00272866
9.05 	 0.00283037
9.06 	 0.00291197
9.07 	 0.00297631
9.08 	 0.00302719
9.09 	 0.00306455
9.1 	 0.0030825
9.11 	 0.00307114
9.12 	 0.00302087
9.13 	 0.00292706
9.14 	 0.00279273
9.15 	 0.00262828
9.16 	 0.00244844
9.17 	 0.00226797
9.18 	 0.00209804
9.19 	 0.00194472
9.2 	 0.00181003
9.21 	 0.00169478
9.22 	 0.0016012
9.23 	 0.00153395
9.24 	 0.00149906
9.25 	 0.00150189
9.26 	 0.0015452
9.27 	 0.00162811
9.28 	 0.00174597
9.29 	 0.00189102
9.3 	 0.00205385
9.31 	 0.00222489
9.32 	 0.00239546
9.33 	 0.00255793
9.34 	 0.00270537
9.35 	 0.00283155
9.36 	 0.00293137
9.37 	 0.00300162
9.38 	 0.0030414
9.39 	 0.00305212
9.4 	 0.00303746
9.41 	 0.00300314
9.42 	 0.00295647
9.43 	 0.00290522
9.44 	 0.00285631
9.45 	 0.00281441
9.46 	 0.00278117
9.47 	 0.00275549
9.48 	 0.00273501
9.49 	 0.00271791
9.5 	 0.00270447
9.51 	 0.00269779
9.52 	 0.00270317
9.53 	 0.00272589
9.54 	 0.00276802
9.55 	 0.00282655
9.56 	 0.00289395
9.57 	 0.00296097
9.58 	 0.00301983
9.59 	 0.00306651
9.6 	 0.00310187
9.61 	 0.00313108
9.62 	 0.00316143
9.63 	 0.00319876
9.64 	 0.00324389
9.65 	 0.00329122
9.66 	 0.00333053
9.67 	 0.00335146
9.68 	 0.00334796
9.69 	 0.00332078
9.7 	 0.0032768
9.71 	 0.00322576
9.72 	 0.00317603
9.73 	 0.00313152
9.74 	 0.00309118
9.75 	 0.0030511
9.76 	 0.00300762
9.77 	 0.00295999
9.78 	 0.00291158
9.79 	 0.00286935
9.8 	 0.00284151
9.81 	 0.00283448
9.82 	 0.00285044
9.83 	 0.00288709
9.84 	 0.00293947
9.85 	 0.00300269
9.86 	 0.00307346
9.87 	 0.00314986
9.88 	 0.00322957
9.89 	 0.00330823
9.9 	 0.00337931
9.91 	 0.00343538
9.92 	 0.00347009
9.93 	 0.00347941
9.94 	 0.00346173
9.95 	 0.00341708
9.96 	 0.00334663
9.97 	 0.00325293
9.98 	 0.00314052
9.99 	 0.0030161
10.0 	 0.0028878
10.01 	 0.00276348
10.02 	 0.00264911
10.03 	 0.00254812
10.04 	 0.00246188
10.05 	 0.00239068
10.06 	 0.00233437
10.07 	 0.00229258
10.08 	 0.00226477
10.09 	 0.00225001
10.1 	 0.00224681
10.11 	 0.00225305
10.12 	 0.00226653
10.13 	 0.00228618
10.14 	 0.00231297
10.15 	 0.00234978
10.16 	 0.00240008
10.17 	 0.00246636
10.18 	 0.00254899
10.19 	 0.00264569
10.2 	 0.00275209
10.21 	 0.00286329
10.22 	 0.00297542
10.23 	 0.0030859
10.24 	 0.00319216
10.25 	 0.00329013
10.26 	 0.00337363
10.27 	 0.00343496
10.28 	 0.00346592
10.29 	 0.0034593
10.3 	 0.00341061
10.31 	 0.00331964
10.32 	 0.00319094
10.33 	 0.00303276
10.34 	 0.00285523
10.35 	 0.00266871
10.36 	 0.00248299
10.37 	 0.00230725
10.38 	 0.0021505
10.39 	 0.00202206
10.4 	 0.00193161
10.41 	 0.00188822
10.42 	 0.00189821
10.43 	 0.00196288
10.44 	 0.00207728
10.45 	 0.00223112
10.46 	 0.00241102
10.47 	 0.0026031
10.48 	 0.00279498
10.49 	 0.00297693
10.5 	 0.00314202
10.51 	 0.00328512
10.52 	 0.00340134
10.53 	 0.00348498
10.54 	 0.00352971
10.55 	 0.00352978
10.56 	 0.00348164
10.57 	 0.0033852
10.58 	 0.00324443
10.59 	 0.00306681
10.6 	 0.00286175
10.61 	 0.00263864
10.62 	 0.00240553
10.63 	 0.00216871
10.64 	 0.00193337
10.65 	 0.00170478
10.66 	 0.00148954
10.67 	 0.00129618
10.68 	 0.00113457
10.69 	 0.00101413
10.7 	 0.000941412
10.71 	 0.000918119
10.72 	 0.000940428
10.73 	 0.000999799
10.74 	 0.00108514
10.75 	 0.0011856
10.76 	 0.00129276
10.77 	 0.00140086
10.78 	 0.00150506
10.79 	 0.00159903
10.8 	 0.00167376
10.81 	 0.00171869
10.82 	 0.00172427
10.83 	 0.00168462
10.84 	 0.00159898
10.85 	 0.00147198
10.86 	 0.00131297
10.87 	 0.00113429
10.88 	 0.000948861
10.89 	 0.000767215
10.9 	 0.00059552
10.91 	 0.000435879
10.92 	 0.000288798
10.93 	 0.000155883
10.94 	 4.07502e-05
10.95 	 -5.22857e-05
10.96 	 -0.000120496
10.97 	 -0.000164246
10.98 	 -0.000186821
10.99 	 -0.000193008
11.0 	 -0.000187568
11.01 	 -0.000174436
11.02 	 -0.000156804
11.03 	 -0.000137726
11.04 	 -0.000120863
11.05 	 -0.000110914
11.06 	 -0.000113465
11.07 	 -0.000134273
11.08 	 -0.000178328
11.09 	 -0.000248972
11.1 	 -0.000347285
11.11 	 -0.00047188
11.12 	 -0.000619039
11.13 	 -0.000782976
11.14 	 -0.00095612
11.15 	 -0.00112959
11.16 	 -0.00129402
11.17 	 -0.00144063
11.18 	 -0.00156203
11.19 	 -0.00165244
11.2 	 -0.00170738
11.21 	 -0.00172347
11.22 	 -0.0016986
11.23 	 -0.00163261
11.24 	 -0.0015279
11.25 	 -0.00138933
11.26 	 -0.00122339
11.27 	 -0.00103737
11.28 	 -0.000838937
11.29 	 -0.000636067
11.3 	 -0.000436986
11.31 	 -0.000250113
11.32 	 -8.3911e-05
11.33 	 5.36103e-05
11.34 	 0.000155937
11.35 	 0.000219298
11.36 	 0.000243321
11.37 	 0.00023053
11.38 	 0.000185078
11.39 	 0.000111784
11.4 	 1.60327e-05
11.41 	 -9.59454e-05
11.42 	 -0.000217164
11.43 	 -0.000340447
11.44 	 -0.00045905
11.45 	 -0.000567002
11.46 	 -0.000659151
11.47 	 -0.000731121
11.48 	 -0.000779382
11.49 	 -0.000801351
11.5 	 -0.000795381
11.51 	 -0.000760756
11.52 	 -0.000697898
11.53 	 -0.000608716
11.54 	 -0.000496808
11.55 	 -0.000367437
11.56 	 -0.000227322
11.57 	 -8.41781e-05
11.58 	 5.4086e-05
11.59 	 0.00018029
11.6 	 0.000288541
11.61 	 0.000374277
11.62 	 0.000434046
11.63 	 0.000465325
11.64 	 0.000466511
11.65 	 0.000437098
11.66 	 0.000377976
11.67 	 0.000291751
11.68 	 0.00018292
11.69 	 5.7629e-05
11.7 	 -7.71533e-05
11.71 	 -0.000214738
11.72 	 -0.000349487
11.73 	 -0.000476849
11.74 	 -0.000592903
11.75 	 -0.000693992
11.76 	 -0.000776845
11.77 	 -0.000838939
11.78 	 -0.000878595
11.79 	 -0.000894755
11.8 	 -0.000886893
11.81 	 -0.00085528
11.82 	 -0.000801303
11.83 	 -0.000727556
11.84 	 -0.000637705
11.85 	 -0.000536245
11.86 	 -0.000428188
11.87 	 -0.00031874
11.88 	 -0.000212964
11.89 	 -0.000115464
11.9 	 -3.02184e-05
11.91 	 3.93421e-05
11.92 	 8.99665e-05
11.93 	 0.000118222
11.94 	 0.00012064
11.95 	 9.45746e-05
11.96 	 3.94439e-05
11.97 	 -4.22553e-05
11.98 	 -0.000144753
11.99 	 -0.00025985
12.0 	 -0.00037828
12.01 	 -0.000490865
12.02 	 -0.000589281
12.03 	 -0.000666715
12.04 	 -0.000718433
12.05 	 -0.000741843
12.06 	 -0.000735829
12.07 	 -0.000699878
12.08 	 -0.000634017
12.09 	 -0.000539813
12.1 	 -0.000421604
12.11 	 -0.000286766
12.12 	 -0.000144741
12.13 	 -5.49604e-06
12.14 	 0.000121917
12.15 	 0.000230672
12.16 	 0.000317278
12.17 	 0.000381915
12.18 	 0.000427488
12.19 	 0.000457698
12.2 	 0.000475103
12.21 	 0.000480104
12.22 	 0.000471393
12.23 	 0.000447646
12.24 	 0.000409567
12.25 	 0.000360933
12.26 	 0.00030768
12.27 	 0.00025546
12.28 	 0.000207383
12.29 	 0.000163583
12.3 	 0.000122514
12.31 	 8.26653e-05
12.32 	 4.37456e-05
12.33 	 7.17328e-06
12.34 	 -2.3921e-05
12.35 	 -4.51646e-05
12.36 	 -5.20048e-05
12.37 	 -4.12002e-05
12.38 	 -1.19968e-05
12.39 	 3.37616e-05
12.4 	 9.25645e-05
12.41 	 0.000160526
12.42 	 0.000234341
12.43 	 0.000311412
12.44 	 0.000388979
12.45 	 0.00046269
12.46 	 0.000525763
12.47 	 0.000569735
12.48 	 0.000586725
12.49 	 0.000572114
12.5 	 0.000526115
12.51 	 0.000453445
12.52 	 0.000361509
12.53 	 0.000258119
12.54 	 0.00014953
12.55 	 3.93089e-05
12.56 	 -7.14642e-05
12.57 	 -0.000182712
12.58 	 -0.000293421
12.59 	 -0.000400361
12.6 	 -0.000498127
12.61 	 -0.000580388
12.62 	 -0.00064168
12.63 	 -0.000678926
12.64 	 -0.000692158
12.65 	 -0.000684383
12.66 	 -0.000660759
12.67 	 -0.000627234
12.68 	 -0.000589065
12.69 	 -0.000549934
12.7 	 -0.0005122
12.71 	 -0.000477966
12.72 	 -0.00045018
12.73 	 -0.000433078
12.74 	 -0.000431674
12.75 	 -0.000450519
12.76 	 -0.000492314
12.77 	 -0.000557084
12.78 	 -0.000642384
12.79 	 -0.000744446
12.8 	 -0.000859563
12.81 	 -0.00098483
12.82 	 -0.00111783
12.83 	 -0.00125562
12.84 	 -0.00139385
12.85 	 -0.00152668
12.86 	 -0.00164776
12.87 	 -0.00175191
12.88 	 -0.00183665
12.89 	 -0.00190266
12.9 	 -0.00195272
12.91 	 -0.00198985
12.92 	 -0.00201539
12.93 	 -0.00202836
12.94 	 -0.00202596
12.95 	 -0.00200517
12.96 	 -0.00196438
12.97 	 -0.00190498
12.98 	 -0.0018321
12.99 	 -0.00175402
13.0 	 -0.00167976
13.01 	 -0.00161599
13.02 	 -0.00156486
13.03 	 -0.00152396
13.04 	 -0.00148835
13.05 	 -0.00145358
13.06 	 -0.00141816
13.07 	 -0.00138445
13.08 	 -0.00135753
13.09 	 -0.00134264
13.1 	 -0.00134222
13.11 	 -0.0013543
13.12 	 -0.00137327
13.13 	 -0.00139203
13.14 	 -0.0014045
13.15 	 -0.00140706
13.16 	 -0.00139911
13.17 	 -0.00138254
13.18 	 -0.00136037
13.19 	 -0.00133481
13.2 	 -0.00130581
13.21 	 -0.00127117
13.22 	 -0.00122819
13.23 	 -0.00117574
13.24 	 -0.00111546
13.25 	 -0.00105142
13.26 	 -0.000988631
13.27 	 -0.000931315
13.28 	 -0.000881824
13.29 	 -0.000840303
13.3 	 -0.000805102
13.31 	 -0.000773666
13.32 	 -0.000743661
13.33 	 -0.00071403
13.34 	 -0.000685519
13.35 	 -0.000660342
13.36 	 -0.000641118
13.37 	 -0.000629673
13.38 	 -0.000626333
13.39 	 -0.000629922
13.4 	 -0.000638289
13.41 	 -0.000649081
13.42 	 -0.000660468
13.43 	 -0.000671466
13.44 	 -0.000681674
13.45 	 -0.000690598
13.46 	 -0.000697038
13.47 	 -0.000698872
13.48 	 -0.000693352
13.49 	 -0.000677837
13.5 	 -0.000650808
13.51 	 -0.000612758
13.52 	 -0.000566522
13.53 	 -0.000516795
13.54 	 -0.000468936
13.55 	 -0.00042756
13.56 	 -0.000395691
13.57 	 -0.000374848
13.58 	 -0.000365809
13.59 	 -0.000369454
13.6 	 -0.000387264
13.61 	 -0.000421233
13.62 	 -0.000473094
13.63 	 -0.000543069
13.64 	 -0.000628806
13.65 	 -0.000725325
13.66 	 -0.000826142
13.67 	 -0.000924966
13.68 	 -0.00101699
13.69 	 -0.0010991
13.7 	 -0.001169
13.71 	 -0.0012242
13.72 	 -0.00126139
13.73 	 -0.0012768
13.74 	 -0.00126741
13.75 	 -0.00123242
13.76 	 -0.00117459
13.77 	 -0.00110039
13.78 	 -0.00101857
13.79 	 -0.000937777
13.8 	 -0.000864272
13.81 	 -0.000801015
13.82 	 -0.000748434
13.83 	 -0.000706174
13.84 	 -0.000674838
13.85 	 -0.000656812
13.86 	 -0.000655621
13.87 	 -0.000674142
13.88 	 -0.000712756
13.89 	 -0.000768552
13.9 	 -0.000835978
13.91 	 -0.000908525
13.92 	 -0.000980544
13.93 	 -0.00104823
13.94 	 -0.00110928
13.95 	 -0.0011617
13.96 	 -0.00120253
13.97 	 -0.00122743
13.98 	 -0.00123136
13.99 	 -0.00121018
14.0 	 -0.00116242
14.01 	 -0.00109033
14.02 	 -0.000999692
14.03 	 -0.000898237
14.04 	 -0.000793495
14.05 	 -0.000691253
14.06 	 -0.000595196
14.07 	 -0.00050737
14.08 	 -0.000428807
14.09 	 -0.000360007
14.1 	 -0.000301276
14.11 	 -0.00025278
14.12 	 -0.000214055
14.13 	 -0.000183155
14.14 	 -0.000156331
14.15 	 -0.000128981
14.16 	 -9.74368e-05
14.17 	 -6.03659e-05
14.18 	 -1.90192e-05
14.19 	 2.35559e-05
14.2 	 6.37316e-05
14.21 	 9.83673e-05
14.22 	 0.00012535
14.23 	 0.000143501
14.24 	 0.000152029
14.25 	 0.000149952
14.26 	 0.000136039
14.27 	 0.0001094
14.28 	 7.03241e-05
14.29 	 2.08267e-05
14.3 	 -3.53653e-05
14.31 	 -9.33116e-05
14.32 	 -0.00014763
14.33 	 -0.000193255
14.34 	 -0.000225934
14.35 	 -0.000242316
14.36 	 -0.000239781
14.37 	 -0.000216411
14.38 	 -0.000171442
14.39 	 -0.000105984
14.4 	 -2.35239e-05
14.41 	 7.01128e-05
14.42 	 0.000167341
14.43 	 0.000259848
14.44 	 0.000339928
14.45 	 0.000401737
14.46 	 0.000441918
14.47 	 0.000459256
14.48 	 0.000453602
14.49 	 0.000424695
14.5 	 0.000371505
14.51 	 0.000292489
14.52 	 0.000186812
14.53 	 5.6041e-05
14.54 	 -9.46792e-05
14.55 	 -0.000256794
14.56 	 -0.000419899
14.57 	 -0.000573902
14.58 	 -0.000710718
14.59 	 -0.000824901
14.6 	 -0.000913234
14.61 	 -0.000973745
14.62 	 -0.00100466
14.63 	 -0.00100383
14.64 	 -0.000968997
14.65 	 -0.000898949
14.66 	 -0.000795126
14.67 	 -0.000662693
14.68 	 -0.000510392
14.69 	 -0.000349217
14.7 	 -0.000190471
14.71 	 -4.39002e-05
14.72 	 8.36739e-05
14.73 	 0.000188939
14.74 	 0.00027159
14.75 	 0.000332823
14.76 	 0.000373605
14.77 	 0.000393717
14.78 	 0.00039198
14.79 	 0.000367427
14.8 	 0.000320687
14.81 	 0.00025489
14.82 	 0.000175769
14.83 	 9.09442e-05
14.84 	 8.60638e-06
14.85 	 -6.40282e-05
14.86 	 -0.000121904
14.87 	 -0.000162556
14.88 	 -0.000185734
14.89 	 -0.000192466
14.9 	 -0.00018403
14.91 	 -0.000161306
14.92 	 -0.000124789
14.93 	 -7.51039e-05
14.94 	 -1.36514e-05
14.95 	 5.69651e-05
14.96 	 0.000132946
14.97 	 0.000209761
14.98 	 0.000282873
14.99 	 0.000348385
15.0 	 0.000403397
15.01 	 0.000446023
15.02 	 0.000475183
15.03 	 0.000490354
15.04 	 0.000491441
15.05 	 0.000478851
15.06 	 0.00045375
15.07 	 0.000418376
15.08 	 0.00037616
15.09 	 0.000331371
15.1 	 0.00028841
15.11 	 0.000251161
15.12 	 0.0002227
15.13 	 0.000205158
15.14 	 0.00019949
15.15 	 0.000205195
15.16 	 0.000220332
15.17 	 0.000241976
15.18 	 0.000266898
15.19 	 0.000292033
15.2 	 0.000314546
15.21 	 0.000331723
15.22 	 0.000341103
15.23 	 0.000340894
15.24 	 0.000330228
15.25 	 0.000309028
15.26 	 0.000277725
15.27 	 0.000237164
15.28 	 0.000188715
15.29 	 0.000134476
15.3 	 7.75345e-05
15.31 	 2.20982e-05
15.32 	 -2.68329e-05
15.33 	 -6.43524e-05
15.34 	 -8.67752e-05
15.35 	 -9.25531e-05
15.36 	 -8.26271e-05
15.37 	 -6.00938e-05
15.38 	 -2.9371e-05
15.39 	 4.77098e-06
15.4 	 3.80074e-05
15.41 	 6.68958e-05
15.42 	 8.8899e-05
15.43 	 0.000102121
15.44 	 0.000104939
15.45 	 9.57055e-05
15.46 	 7.27559e-05
15.47 	 3.49629e-05
15.48 	 -1.72845e-05
15.49 	 -8.12783e-05
15.5 	 -0.00015203
15.51 	 -0.000223258
15.52 	 -0.000288879
15.53 	 -0.000344409
15.54 	 -0.000387639
15.55 	 -0.000418148
15.56 	 -0.000436054
15.57 	 -0.000440993
15.58 	 -0.000432012
15.59 	 -0.000408195
15.6 	 -0.000369412
15.61 	 -0.000316845
15.62 	 -0.000253168
15.63 	 -0.000182412
15.64 	 -0.000109451
15.65 	 -3.91895e-05
15.66 	 2.42134e-05
15.67 	 7.76954e-05
15.68 	 0.000119181
15.69 	 0.000147471
15.7 	 0.000162498
15.71 	 0.000165677
15.72 	 0.00015977
15.73 	 0.00014822
15.74 	 0.000134436
15.75 	 0.000121352
15.76 	 0.000111229
15.77 	 0.000105602
15.78 	 0.000105315
15.79 	 0.000110669
15.8 	 0.000121698
15.81 	 0.000138505
15.82 	 0.00016148
15.83 	 0.00019135
15.84 	 0.000228999
15.85 	 0.000275128
15.86 	 0.000329824
15.87 	 0.000392283
15.88 	 0.00046104
15.89 	 0.000534776
15.9 	 0.00061319
15.91 	 0.000697125
15.92 	 0.000787579
15.93 	 0.00088412
15.94 	 0.000983775
15.95 	 0.00108117
15.96 	 0.00116989
15.97 	 0.0012443
15.98 	 0.00130114
15.99 	 0.00134022
16.0 	 0.00136397
16.01 	 0.0013758
16.02 	 0.00137809
16.03 	 0.00137106
16.04 	 0.00135335
16.05 	 0.00132394
16.06 	 0.00128426
16.07 	 0.00123923
16.08 	 0.00119648
16.09 	 0.00116426
16.1 	 0.00114908
16.11 	 0.00115397
16.12 	 0.00117817
16.13 	 0.00121802
16.14 	 0.00126873
16.15 	 0.00132604
16.16 	 0.00138728
16.17 	 0.00145112
16.18 	 0.00151644
16.19 	 0.00158072
16.2 	 0.00163907
16.21 	 0.0016843
16.22 	 0.00170839
16.23 	 0.00170462
16.24 	 0.00166928
16.25 	 0.00160238
16.26 	 0.00150709
16.27 	 0.00138838
16.28 	 0.00125153
16.29 	 0.00110112
16.3 	 0.000940838
16.31 	 0.000774063
16.32 	 0.000604712
16.33 	 0.000437609
16.34 	 0.000278034
16.35 	 0.000130745
16.36 	 -7.75758e-07
16.37 	 -0.000114467
16.38 	 -0.000209475
16.39 	 -0.000285977
16.4 	 -0.000345157
16.41 	 -0.000389116
16.42 	 -0.000420449
16.43 	 -0.000441742
16.44 	 -0.000455478
16.45 	 -0.000464323
16.46 	 -0.000471362
16.47 	 -0.000480098
16.48 	 -0.000494342
16.49 	 -0.000518015
16.5 	 -0.000554761
16.51 	 -0.000607359
16.52 	 -0.0006771
16.53 	 -0.000763364
16.54 	 -0.00086364
16.55 	 -0.000974017
16.56 	 -0.00109003
16.57 	 -0.0012076
16.58 	 -0.00132365
16.59 	 -0.00143622
16.6 	 -0.00154421
16.61 	 -0.00164683
16.62 	 -0.00174333
16.63 	 -0.00183278
16.64 	 -0.00191391
16.65 	 -0.00198524
16.66 	 -0.00204537
16.67 	 -0.00209372
16.68 	 -0.00213107
16.69 	 -0.00215954
16.7 	 -0.00218184
16.71 	 -0.00220032
16.72 	 -0.00221639
16.73 	 -0.00223057
16.74 	 -0.00224307
16.75 	 -0.00225455
16.76 	 -0.00226629
16.77 	 -0.00227978
16.78 	 -0.00229594
16.79 	 -0.00231444
16.8 	 -0.00233359
16.81 	 -0.00235086
16.82 	 -0.00236403
16.83 	 -0.00237224
16.84 	 -0.00237654
16.85 	 -0.00237962
16.86 	 -0.00238461
16.87 	 -0.00239359
16.88 	 -0.00240623
16.89 	 -0.00241987
16.9 	 -0.0024307
16.91 	 -0.00243551
16.92 	 -0.00243311
16.93 	 -0.00242453
16.94 	 -0.00241216
16.95 	 -0.00239796
16.96 	 -0.00238194
16.97 	 -0.00236205
16.98 	 -0.00233537
16.99 	 -0.00229994
17.0 	 -0.00225602
17.01 	 -0.0022062
17.02 	 -0.00215411
17.03 	 -0.00210269
17.04 	 -0.00205283
17.05 	 -0.00200308
17.06 	 -0.00195041
17.07 	 -0.00189178
17.08 	 -0.00182572
17.09 	 -0.00175323
17.1 	 -0.00167751
17.11 	 -0.00160268
17.12 	 -0.00153216
17.13 	 -0.00146763
17.14 	 -0.00140898
17.15 	 -0.00135506
17.16 	 -0.00130469
17.17 	 -0.00125746
17.18 	 -0.00121412
17.19 	 -0.00117636
17.2 	 -0.00114606
17.21 	 -0.00112425
17.22 	 -0.00111046
17.23 	 -0.00110274
17.24 	 -0.00109852
17.25 	 -0.00109547
17.26 	 -0.00109209
17.27 	 -0.00108767
17.28 	 -0.00108161
17.29 	 -0.0010725
17.3 	 -0.00105771
17.31 	 -0.00103383
17.32 	 -0.000997719
17.33 	 -0.000947656
17.34 	 -0.000884042
17.35 	 -0.000809383
17.36 	 -0.000727692
17.37 	 -0.000643442
17.38 	 -0.000560396
17.39 	 -0.00048085
17.4 	 -0.00040568
17.41 	 -0.000335103
17.42 	 -0.000269622
17.43 	 -0.000210712
17.44 	 -0.000161036
17.45 	 -0.000124166
17.46 	 -0.000103776
17.47 	 -0.000102368
17.48 	 -0.00011982
17.49 	 -0.000152523
17.5 	 -0.000193806
17.51 	 -0.000235609
17.52 	 -0.00027061
17.53 	 -0.000293818
17.54 	 -0.000303083
17.55 	 -0.000298445
17.56 	 -0.000280812
17.57 	 -0.000250608
17.58 	 -0.000206919
17.59 	 -0.000147475
17.6 	 -6.96214e-05
17.61 	 2.79765e-05
17.62 	 0.000143636
17.63 	 0.000271863
17.64 	 0.000404006
17.65 	 0.000530194
17.66 	 0.000641717
17.67 	 0.000732821
17.68 	 0.000801182
17.69 	 0.000846964
17.7 	 0.00087114
17.71 	 0.000874131
17.72 	 0.000855532
17.73 	 0.000814912
17.74 	 0.000753128
17.75 	 0.000673506
17.76 	 0.000582289
17.77 	 0.00048803
17.78 	 0.000400069
17.79 	 0.000326614
17.8 	 0.000273102
17.81 	 0.000241447
17.82 	 0.000230535
17.83 	 0.000237729
17.84 	 0.000260542
17.85 	 0.0002975
17.86 	 0.000347861
17.87 	 0.00041062
17.88 	 0.000483506
17.89 	 0.000562457
17.9 	 0.000641783
17.91 	 0.000714931
17.92 	 0.000775609
17.93 	 0.000818926
17.94 	 0.000842131
17.95 	 0.000844702
17.96 	 0.000827845
17.97 	 0.000793785
17.98 	 0.000745222
17.99 	 0.000685069
18.0 	 0.000616392
18.01 	 0.000542407
18.02 	 0.00046645
18.03 	 0.000391842
18.04 	 0.000321664
18.05 	 0.000258594
18.06 	 0.000204763
18.07 	 0.000161488
18.08 	 0.000129063
18.09 	 0.000106981
18.1 	 9.46041e-05
18.11 	 9.17957e-05
18.12 	 9.90776e-05
18.13 	 0.000117267
18.14 	 0.000146854
18.15 	 0.000187461
18.16 	 0.000237611
18.17 	 0.000294793
18.18 	 0.000355709
18.19 	 0.000416692
18.2 	 0.000474204
18.21 	 0.000525248
18.22 	 0.000567514
18.23 	 0.000599299
18.24 	 0.00061934
18.25 	 0.000626717
18.26 	 0.000620974
18.27 	 0.000602466
18.28 	 0.000572683
18.29 	 0.000534224
18.3 	 0.000490304
18.31 	 0.000444021
18.32 	 0.000397736
18.33 	 0.000352956
18.34 	 0.000310854
18.35 	 0.000273096
18.36 	 0.000242263
18.37 	 0.000221481
18.38 	 0.000213563
18.39 	 0.000220221
18.4 	 0.00024167
18.41 	 0.000276611
18.42 	 0.000322531
18.43 	 0.00037624
18.44 	 0.000434515
18.45 	 0.000494511
18.46 	 0.000553718
18.47 	 0.000609512
18.48 	 0.00065875
18.49 	 0.000697792
18.5 	 0.000723007
18.51 	 0.000731577
18.52 	 0.000722219
18.53 	 0.00069545
18.54 	 0.000653305
18.55 	 0.00059876
18.56 	 0.00053515
18.57 	 0.000465751
18.58 	 0.000393594
18.59 	 0.00032153
18.6 	 0.000252419
18.61 	 0.000189279
18.62 	 0.000135184
18.63 	 9.28746e-05
18.64 	 6.41814e-05
18.65 	 4.94215e-05
18.66 	 4.70141e-05
18.67 	 5.36717e-05
18.68 	 6.52945e-05
18.69 	 7.81093e-05
18.7 	 8.93581e-05
18.71 	 9.73084e-05
18.72 	 0.000100877
18.73 	 9.92258e-05
18.74 	 9.15131e-05
18.75 	 7.68562e-05
18.76 	 5.44933e-05
18.77 	 2.40877e-05
18.78 	 -1.39848e-05
18.79 	 -5.86058e-05
18.8 	 -0.000108235
18.81 	 -0.000161379
18.82 	 -0.000216927
18.83 	 -0.000274215
18.84 	 -0.000332874
18.85 	 -0.000392509
18.86 	 -0.000452369
18.87 	 -0.000511211
18.88 	 -0.000567508
18.89 	 -0.000619943
18.9 	 -0.000667934
18.91 	 -0.000711904
18.92 	 -0.000753084
18.93 	 -0.000792988
18.94 	 -0.000832886
18.95 	 -0.000873469
18.96 	 -0.000914781
18.97 	 -0.00095638
18.98 	 -0.000997641
18.99 	 -0.00103804
19.0 	 -0.00107725
19.01 	 -0.00111497
19.02 	 -0.00115081
19.03 	 -0.00118436
19.04 	 -0.00121556
19.05 	 -0.00124503
19.06 	 -0.00127393
19.07 	 -0.00130363
19.08 	 -0.0013353
19.09 	 -0.00136942
19.1 	 -0.00140561
19.11 	 -0.00144283
19.12 	 -0.00147982
19.13 	 -0.00151563
19.14 	 -0.00155001
19.15 	 -0.00158343
19.16 	 -0.00161688
19.17 	 -0.00165145
19.18 	 -0.00168781
19.19 	 -0.00172589
19.2 	 -0.00176483
19.21 	 -0.0018031
19.22 	 -0.00183906
19.23 	 -0.00187136
19.24 	 -0.00189929
19.25 	 -0.00192275
19.26 	 -0.00194199
19.27 	 -0.00195716
19.28 	 -0.00196791
19.29 	 -0.00197334
19.3 	 -0.00197243
19.31 	 -0.00196468
19.32 	 -0.00195073
19.33 	 -0.0019324
19.34 	 -0.00191215
19.35 	 -0.00189231
19.36 	 -0.00187461
19.37 	 -0.00186011
19.38 	 -0.00184959
19.39 	 -0.00184405
19.4 	 -0.00184503
19.41 	 -0.00185431
19.42 	 -0.00187338
19.43 	 -0.00190289
19.44 	 -0.00194231
19.45 	 -0.00198989
19.46 	 -0.00204277
19.47 	 -0.00209738
19.48 	 -0.00214994
19.49 	 -0.00219703
19.5 	 -0.00223592
19.51 	 -0.00226467
19.52 	 -0.00228195
19.53 	 -0.00228691
19.54 	 -0.00227914
19.55 	 -0.00225884
19.56 	 -0.00222705
19.57 	 -0.00218557
19.58 	 -0.00213662
19.59 	 -0.00208232
19.6 	 -0.00202454
19.61 	 -0.00196514
19.62 	 -0.00190641
19.63 	 -0.00185137
19.64 	 -0.00180383
19.65 	 -0.00176809
19.66 	 -0.00174805
19.67 	 -0.00174627
19.68 	 -0.00176328
19.69 	 -0.00179771
19.7 	 -0.00184679
19.71 	 -0.00190718
19.72 	 -0.00197577
19.73 	 -0.00205006
19.74 	 -0.00212785
19.75 	 -0.00220617
19.76 	 -0.00228041
19.77 	 -0.00234432
19.78 	 -0.00239119
19.79 	 -0.0024154
19.8 	 -0.00241393
19.81 	 -0.00238709
19.82 	 -0.00233841
19.83 	 -0.00227339
19.84 	 -0.0021978
19.85 	 -0.00211634
19.86 	 -0.00203215
19.87 	 -0.00194753
19.88 	 -0.00186513
19.89 	 -0.00178883
19.9 	 -0.00172387
19.91 	 -0.00167609
19.92 	 -0.00165088
19.93 	 -0.00165187
19.94 	 -0.00168017
19.95 	 -0.00173428
19.96 	 -0.00181086
19.97 	 -0.00190578
19.98 	 -0.00201514
19.99 	 -0.0021357
20.0 	 -0.00226448
20.01 	 -0.00239787
20.02 	 -0.00253055
20.03 	 -0.00265527
20.04 	 -0.00276373
20.05 	 -0.0028482
20.06 	 -0.00290303
20.07 	 -0.0029254
20.08 	 -0.00291516
20.09 	 -0.00287428
20.1 	 -0.00280617
20.11 	 -0.00271511
20.12 	 -0.00260599
20.13 	 -0.00248437
20.14 	 -0.00235668
20.15 	 -0.00223042
20.16 	 -0.00211389
20.17 	 -0.00201553
20.18 	 -0.00194287
20.19 	 -0.00190148
20.2 	 -0.00189429
20.21 	 -0.00192144
20.22 	 -0.00198081
20.23 	 -0.00206892
20.24 	 -0.0021815
20.25 	 -0.00231358
20.26 	 -0.00245926
20.27 	 -0.00261154
20.28 	 -0.00276249
20.29 	 -0.0029036
20.3 	 -0.00302635
20.31 	 -0.003123
20.32 	 -0.00318762
20.33 	 -0.00321714
20.34 	 -0.00321169
20.35 	 -0.00317415
20.36 	 -0.00310889
20.37 	 -0.00302057
20.38 	 -0.00291366
20.39 	 -0.00279255
20.4 	 -0.00266208
20.41 	 -0.00252784
20.42 	 -0.00239631
20.43 	 -0.00227453
20.44 	 -0.0021694
20.45 	 -0.00208683
20.46 	 -0.00203099
20.47 	 -0.00200376
20.48 	 -0.00200479
20.49 	 -0.00203185
20.5 	 -0.00208146
20.51 	 -0.00214939
20.52 	 -0.00223101
20.53 	 -0.00232142
20.54 	 -0.00241543
20.55 	 -0.00250741
20.56 	 -0.00259117
20.57 	 -0.00266041
20.58 	 -0.00270952
20.59 	 -0.00273458
20.6 	 -0.00273382
20.61 	 -0.00270743
20.62 	 -0.0026572
20.63 	 -0.00258604
20.64 	 -0.00249765
20.65 	 -0.00239614
20.66 	 -0.00228552
20.67 	 -0.00216948
20.68 	 -0.00205162
20.69 	 -0.00193594
20.7 	 -0.001827
20.71 	 -0.00172947
20.72 	 -0.00164721
20.73 	 -0.00158251
20.74 	 -0.00153569
20.75 	 -0.00150523
20.76 	 -0.00148842
20.77 	 -0.00148219
20.78 	 -0.00148393
20.79 	 -0.00149183
20.8 	 -0.0015045
20.81 	 -0.00152026
20.82 	 -0.00153637
20.83 	 -0.00154889
20.84 	 -0.00155324
20.85 	 -0.00154529
20.86 	 -0.00152241
20.87 	 -0.00148387
20.88 	 -0.00143058
20.89 	 -0.00136437
20.9 	 -0.00128735
20.91 	 -0.00120146
20.92 	 -0.00110844
20.93 	 -0.00101018
20.94 	 -0.000909192
20.95 	 -0.000808934
20.96 	 -0.000713344
20.97 	 -0.00062588
20.98 	 -0.000548692
20.99 	 -0.000482486
21.0 	 -0.000426942
21.01 	 -0.000381242
21.02 	 -0.000344433
21.03 	 -0.000315584
21.04 	 -0.000293789
21.05 	 -0.00027805
21.06 	 -0.000267093
21.07 	 -0.000259235
21.08 	 -0.000252425
21.09 	 -0.000244461
21.1 	 -0.000233275
21.11 	 -0.00021718
21.12 	 -0.000195038
21.13 	 -0.000166311
21.14 	 -0.000131002
21.15 	 -8.9534e-05
21.16 	 -4.2568e-05
21.17 	 9.22327e-06
21.18 	 6.5368e-05
21.19 	 0.00012565
21.2 	 0.000189944
21.21 	 0.000257915
21.22 	 0.000328766
21.23 	 0.000401114
21.24 	 0.000473052
21.25 	 0.000542378
21.26 	 0.000607017
21.27 	 0.000665595
21.28 	 0.000717876
21.29 	 0.0007647
21.3 	 0.000807323
21.31 	 0.000846514
21.32 	 0.000882049
21.33 	 0.000913051
21.34 	 0.000939046
21.35 	 0.000960993
21.36 	 0.000981556
21.37 	 0.00100441
21.38 	 0.00103297
21.39 	 0.00106939
21.4 	 0.0011142
21.41 	 0.00116673
21.42 	 0.00122589
21.43 	 0.00129087
21.44 	 0.00136144
21.45 	 0.0014379
21.46 	 0.00152058
21.47 	 0.00160912
21.48 	 0.00170202
21.49 	 0.00179646
21.5 	 0.00188867
21.51 	 0.00197455
21.52 	 0.00205041
21.53 	 0.00211333
21.54 	 0.00216122
21.55 	 0.00219274
21.56 	 0.00220737
21.57 	 0.00220566
21.58 	 0.00218942
21.59 	 0.00216174
21.6 	 0.00212666
21.61 	 0.00208854
21.62 	 0.00205129
21.63 	 0.00201782
21.64 	 0.00198996
21.65 	 0.0019689
21.66 	 0.00195597
21.67 	 0.00195309
21.68 	 0.00196274
21.69 	 0.00198728
21.7 	 0.00202811
21.71 	 0.00208505
21.72 	 0.00215609
21.73 	 0.0022377
21.74 	 0.00232547
21.75 	 0.00241503
21.76 	 0.00250273
21.77 	 0.0025859
21.78 	 0.00266247
21.79 	 0.00273054
21.8 	 0.00278813
21.81 	 0.00283321
21.82 	 0.0028642
21.83 	 0.00288043
21.84 	 0.00288261
21.85 	 0.00287278
21.86 	 0.00285387
21.87 	 0.00282903
21.88 	 0.00280103
21.89 	 0.00277204
21.9 	 0.00274365
21.91 	 0.0027171
21.92 	 0.0026935
21.93 	 0.00267399
21.94 	 0.00265972
21.95 	 0.00265179
21.96 	 0.00265119
21.97 	 0.00265858
21.98 	 0.0026741
21.99 	 0.00269716
22.0 	 0.00272633
22.01 	 0.00275957
22.02 	 0.00279447
22.03 	 0.00282869
22.04 	 0.00286023
22.05 	 0.00288756
22.06 	 0.00290947
22.07 	 0.00292482
22.08 	 0.00293248
22.09 	 0.00293135
22.1 	 0.00292074
22.11 	 0.00290072
22.12 	 0.00287229
22.13 	 0.00283711
22.14 	 0.00279705
22.15 	 0.00275372
22.16 	 0.00270822
22.17 	 0.00266117
22.18 	 0.002613
22.19 	 0.00256413
22.2 	 0.00251517
22.21 	 0.00246687
22.22 	 0.00241998
22.23 	 0.00237503
22.24 	 0.00233225
22.25 	 0.00229168
22.26 	 0.0022533
22.27 	 0.00221718
22.28 	 0.00218358
22.29 	 0.00215309
22.3 	 0.00212686
22.31 	 0.00210632
22.32 	 0.00209248
22.33 	 0.00208507
22.34 	 0.00208217
22.35 	 0.00208077
22.36 	 0.00207785
22.37 	 0.00207144
22.38 	 0.00206102
22.39 	 0.00204702
22.4 	 0.00202985
22.41 	 0.00200894
22.42 	 0.00198238
22.43 	 0.00194742
22.44 	 0.0019015
22.45 	 0.00184319
22.46 	 0.00177257
22.47 	 0.00169097
22.48 	 0.00160037
22.49 	 0.00150287
22.5 	 0.00140033
22.51 	 0.00129438
22.52 	 0.00118655
22.53 	 0.00107851
22.54 	 0.00097218
22.55 	 0.000869522
22.56 	 0.000772342
22.57 	 0.000682078
22.58 	 0.000599709
22.59 	 0.000525694
22.6 	 0.000459911
22.61 	 0.000401582
22.62 	 0.000349262
22.63 	 0.000300949
22.64 	 0.000254349
22.65 	 0.000207289
22.66 	 0.000158089
22.67 	 0.000105725
22.68 	 4.96882e-05
22.69 	 -1.02944e-05
22.7 	 -7.44838e-05
22.71 	 -0.000143183
22.72 	 -0.000216662
22.73 	 -0.000295044
22.74 	 -0.000378143
22.75 	 -0.000465264
22.76 	 -0.000554994
22.77 	 -0.000645231
22.78 	 -0.000733535
22.79 	 -0.000817632
22.8 	 -0.000895787
22.81 	 -0.000966955
22.82 	 -0.00103083
22.83 	 -0.00108783
22.84 	 -0.00113902
22.85 	 -0.00118558
22.86 	 -0.00122812
22.87 	 -0.00126627
22.88 	 -0.00129888
22.89 	 -0.0013249
22.9 	 -0.00134427
22.91 	 -0.00135838
22.92 	 -0.00136967
22.93 	 -0.00138064
22.94 	 -0.00139278
22.95 	 -0.00140623
22.96 	 -0.00142015
22.97 	 -0.00143358
22.98 	 -0.00144629
22.99 	 -0.00145922
23.0 	 -0.00147413
23.01 	 -0.00149288
23.02 	 -0.0015166
23.03 	 -0.00154533
23.04 	 -0.00157817
23.05 	 -0.00161386
23.06 	 -0.0016515
23.07 	 -0.00169092
23.08 	 -0.0017325
23.09 	 -0.00177661
23.1 	 -0.00182302
23.11 	 -0.00187078
23.12 	 -0.00191831
23.13 	 -0.0019638
23.14 	 -0.00200559
23.15 	 -0.0020425
23.16 	 -0.00207389
23.17 	 -0.00209965
23.18 	 -0.00211981
23.19 	 -0.00213435
23.2 	 -0.00214308
23.21 	 -0.00214583
23.22 	 -0.00214278
23.23 	 -0.00213475
23.24 	 -0.00212336
23.25 	 -0.00211098
23.26 	 -0.00210032
23.27 	 -0.00209403
23.28 	 -0.00209422
23.29 	 -0.00210213
23.3 	 -0.00211797
23.31 	 -0.00214105
23.32 	 -0.00217006
23.33 	 -0.00220344
23.34 	 -0.00223969
23.35 	 -0.00227751
23.36 	 -0.0023158
23.37 	 -0.00235344
23.38 	 -0.00238914
23.39 	 -0.00242142
23.4 	 -0.0024489
23.41 	 -0.00247073
23.42 	 -0.00248692
23.43 	 -0.00249824
23.44 	 -0.00250583
23.45 	 -0.00251077
23.46 	 -0.00251376
23.47 	 -0.00251503
23.48 	 -0.00251445
23.49 	 -0.00251166
23.5 	 -0.00250623
23.51 	 -0.00249779
23.52 	 -0.00248597
23.53 	 -0.00247044
23.54 	 -0.00245102
23.55 	 -0.00242779
23.56 	 -0.00240133
23.57 	 -0.00237279
23.58 	 -0.0023438
23.59 	 -0.00231616
23.6 	 -0.00229144
23.61 	 -0.00227059
23.62 	 -0.00225379
23.63 	 -0.00224054
23.64 	 -0.00222978
23.65 	 -0.00222015
23.66 	 -0.00221016
23.67 	 -0.00219848
23.68 	 -0.00218411
23.69 	 -0.00216639
23.7 	 -0.00214476
23.71 	 -0.00211866
23.72 	 -0.00208759
23.73 	 -0.00205135
23.74 	 -0.00201038
23.75 	 -0.00196585
23.76 	 -0.0019194
23.77 	 -0.00187265
23.78 	 -0.00182674
23.79 	 -0.0017822
23.8 	 -0.00173896
23.81 	 -0.00169664
23.82 	 -0.00165501
23.83 	 -0.00161439
23.84 	 -0.00157582
23.85 	 -0.0015407
23.86 	 -0.00151023
23.87 	 -0.00148491
23.88 	 -0.00146449
23.89 	 -0.00144814
23.9 	 -0.00143458
23.91 	 -0.00142234
23.92 	 -0.00140999
23.93 	 -0.00139641
23.94 	 -0.00138082
23.95 	 -0.00136266
23.96 	 -0.0013415
23.97 	 -0.00131697
23.98 	 -0.00128877
23.99 	 -0.00125668
24.0 	 -0.00122066
24.01 	 -0.00118102
24.02 	 -0.00113834
24.03 	 -0.00109326
24.04 	 -0.00104608
24.05 	 -0.00099669
24.06 	 -0.000944836
24.07 	 -0.000890527
24.08 	 -0.000834297
24.09 	 -0.000777174
24.1 	 -0.000720484
24.11 	 -0.00066551
24.12 	 -0.000613127
24.13 	 -0.00056364
24.14 	 -0.000517032
24.15 	 -0.000473429
24.16 	 -0.000433393
24.17 	 -0.000397761
24.18 	 -0.000367151
24.19 	 -0.000341417
24.2 	 -0.000319342
24.21 	 -0.000298766
24.22 	 -0.000277128
24.23 	 -0.000252211
24.24 	 -0.0002227
24.25 	 -0.000188243
24.26 	 -0.000148971
24.27 	 -0.0001048
24.28 	 -5.51253e-05
24.29 	 8.08216e-07
24.3 	 6.31705e-05
24.31 	 0.000130988
24.32 	 0.000202051
24.33 	 0.000273283
24.34 	 0.000341372
24.35 	 0.000403429
24.36 	 0.00045746
24.37 	 0.000502532
24.38 	 0.000538608
24.39 	 0.000566245
24.4 	 0.000586397
24.41 	 0.000600406
24.42 	 0.00061005
24.43 	 0.00061752
24.44 	 0.000625248
24.45 	 0.000635627
24.46 	 0.000650727
24.47 	 0.000672221
24.48 	 0.000701524
24.49 	 0.000739945
24.5 	 0.00078856
24.51 	 0.000847809
24.52 	 0.000917106
24.53 	 0.0009948
24.54 	 0.00107854
24.55 	 0.00116582
24.56 	 0.00125433
24.57 	 0.00134218
24.58 	 0.00142784
24.59 	 0.00151021
24.6 	 0.00158846
24.61 	 0.00166197
24.62 	 0.00173024
24.63 	 0.00179295
24.64 	 0.00185011
24.65 	 0.00190221
24.66 	 0.00195029
24.67 	 0.00199585
24.68 	 0.00204066
24.69 	 0.00208651
24.7 	 0.00213494
24.71 	 0.00218709
24.72 	 0.00224358
24.73 	 0.00230448
24.74 	 0.00236937
24.75 	 0.00243737
24.76 	 0.00250724
24.77 	 0.00257749
24.78 	 0.00264659
24.79 	 0.00271315
24.8 	 0.00277604
24.81 	 0.0028345
24.82 	 0.00288808
24.83 	 0.00293668
24.84 	 0.00298043
24.85 	 0.00301962
24.86 	 0.00305454
24.87 	 0.00308542
24.88 	 0.00311251
24.89 	 0.0031364
24.9 	 0.00315826
24.91 	 0.00317972
24.92 	 0.00320239
24.93 	 0.00322726
24.94 	 0.00325446
24.95 	 0.00328367
24.96 	 0.0033147
24.97 	 0.00334779
24.98 	 0.00338355
24.99 	 0.00342259
25.0 	 0.00346519
25.01 	 0.00351104
25.02 	 0.00355917
25.03 	 0.00360803
25.04 	 0.00365586
25.05 	 0.00370105
25.06 	 0.00374247
25.07 	 0.00377958
25.08 	 0.00381227
25.09 	 0.00384061
25.1 	 0.00386463
25.11 	 0.00388417
25.12 	 0.00389896
25.13 	 0.00390876
25.14 	 0.00391353
25.15 	 0.00391366
25.16 	 0.00390997
25.17 	 0.00390366
25.18 	 0.00389608
25.19 	 0.00388849
25.2 	 0.00388195
25.21 	 0.00387724
25.22 	 0.00387501
25.23 	 0.00387574
25.24 	 0.00387963
25.25 	 0.00388629
25.26 	 0.0038946
25.27 	 0.00390282
25.28 	 0.00390908
25.29 	 0.00391199
25.3 	 0.00391101
25.31 	 0.00390625
25.32 	 0.00389797
25.33 	 0.00388628
25.34 	 0.00387133
25.35 	 0.00385381
25.36 	 0.00383517
25.37 	 0.00381742
25.38 	 0.00380282
25.39 	 0.00379361
25.4 	 0.00379173
25.41 	 0.00379843
25.42 	 0.00381383
25.43 	 0.00383687
25.44 	 0.00386584
25.45 	 0.00389904
25.46 	 0.00393525
25.47 	 0.00397354
25.48 	 0.00401293
25.49 	 0.00405197
25.5 	 0.00408862
25.51 	 0.00412036
25.52 	 0.00414456
25.53 	 0.00415901
25.54 	 0.00416239
25.55 	 0.00415457
25.56 	 0.00413666
25.57 	 0.00411077
25.58 	 0.00407953
25.59 	 0.00404542
25.6 	 0.00401021
25.61 	 0.0039749
25.62 	 0.00394029
25.63 	 0.0039078
25.64 	 0.0038798
25.65 	 0.00385913
25.66 	 0.00384841
25.67 	 0.00384935
25.68 	 0.00386265
25.69 	 0.00388791
25.7 	 0.00392377
25.71 	 0.00396809
25.72 	 0.00401826
25.73 	 0.00407141
25.74 	 0.00412455
25.75 	 0.0041745
25.76 	 0.00421795
25.77 	 0.00425184
25.78 	 0.00427377
25.79 	 0.00428239
25.8 	 0.00427733
25.81 	 0.00425899
25.82 	 0.00422821
25.83 	 0.00418607
25.84 	 0.00413398
25.85 	 0.00407384
25.86 	 0.00400821
25.87 	 0.00394025
25.88 	 0.00387356
25.89 	 0.00381176
25.9 	 0.00375796
25.91 	 0.00371431
25.92 	 0.00368167
25.93 	 0.00365947
25.94 	 0.00364616
25.95 	 0.0036398
25.96 	 0.00363896
25.97 	 0.003643
25.98 	 0.00365177
25.99 	 0.00366499
26.0 	 0.00368167
26.01 	 0.00370014
26.02 	 0.00371836
26.03 	 0.00373439
26.04 	 0.00374681
26.05 	 0.0037549
26.06 	 0.00375855
26.07 	 0.0037579
26.08 	 0.00375296
26.09 	 0.00374335
26.1 	 0.00372838
26.11 	 0.00370743
26.12 	 0.00368039
26.13 	 0.00364778
26.14 	 0.0036106
26.15 	 0.00356996
26.16 	 0.00352691
26.17 	 0.0034825
26.18 	 0.00343804
26.19 	 0.00339515
26.2 	 0.00335562
26.21 	 0.0033211
26.22 	 0.00329279
26.23 	 0.00327121
26.24 	 0.00325616
26.25 	 0.00324711
26.26 	 0.00324356
26.27 	 0.00324526
26.28 	 0.00325213
26.29 	 0.00326391
26.3 	 0.00327997
26.31 	 0.00329906
26.32 	 0.00331937
26.33 	 0.00333859
26.34 	 0.00335428
26.35 	 0.00336432
26.36 	 0.00336743
26.37 	 0.00336355
26.38 	 0.00335362
26.39 	 0.00333904
26.4 	 0.00332102
26.41 	 0.00330012
26.42 	 0.00327621
26.43 	 0.00324874
26.44 	 0.00321715
26.45 	 0.00318135
26.46 	 0.003142
26.47 	 0.00310034
26.48 	 0.00305781
26.49 	 0.00301534
26.5 	 0.00297319
26.51 	 0.00293104
26.52 	 0.00288845
26.53 	 0.00284527
26.54 	 0.00280187
26.55 	 0.00275901
26.56 	 0.00271759
26.57 	 0.00267832
26.58 	 0.00264133
26.59 	 0.00260611
26.6 	 0.0025716
26.61 	 0.00253646
26.62 	 0.00249949
26.63 	 0.00246004
26.64 	 0.0024183
26.65 	 0.00237533
26.66 	 0.00233257
26.67 	 0.0022912
26.68 	 0.00225173
26.69 	 0.00221392
26.7 	 0.00217705
26.71 	 0.00214027
26.72 	 0.00210289
26.73 	 0.00206453
26.74 	 0.00202505
26.75 	 0.00198433
26.76 	 0.001942
26.77 	 0.00189737
26.78 	 0.00184946
26.79 	 0.00179727
26.8 	 0.00174001
26.81 	 0.00167738
26.82 	 0.00160976
26.83 	 0.00153826
26.84 	 0.00146464
26.85 	 0.00139109
26.86 	 0.00131969
26.87 	 0.00125187
26.88 	 0.0011881
26.89 	 0.00112793
26.9 	 0.00107055
26.91 	 0.00101532
26.92 	 0.000962075
26.93 	 0.000910846
26.94 	 0.000861346
26.95 	 0.000812493
26.96 	 0.000762398
26.97 	 0.000708857
26.98 	 0.000650025
26.99 	 0.000584917
27.0 	 0.00051353
27.01 	 0.000436649
27.02 	 0.000355477
27.03 	 0.000271266
27.04 	 0.000185054
27.05 	 9.76024e-05
27.06 	 9.61126e-06
27.07 	 -7.78957e-05
27.08 	 -0.000163302
27.09 	 -0.000244474
27.1 	 -0.00031914
27.11 	 -0.000385381
27.12 	 -0.000442037
27.13 	 -0.00048896
27.14 	 -0.000527053
27.15 	 -0.00055798
27.16 	 -0.000583647
27.17 	 -0.00060568
27.18 	 -0.000625206
27.19 	 -0.00064305
27.2 	 -0.000660213
27.21 	 -0.000678302
27.22 	 -0.000699617
27.23 	 -0.000726722
27.24 	 -0.000761645
27.25 	 -0.000805115
27.26 	 -0.000856308
27.27 	 -0.000913309
27.28 	 -0.000974
27.29 	 -0.00103684
27.3 	 -0.00110106
27.31 	 -0.00116628
27.32 	 -0.00123172
27.33 	 -0.00129577
27.34 	 -0.00135585
27.35 	 -0.00140905
27.36 	 -0.00145283
27.37 	 -0.00148573
27.38 	 -0.0015076
27.39 	 -0.00151926
27.4 	 -0.00152199
27.41 	 -0.00151702
27.42 	 -0.00150547
27.43 	 -0.00148866
27.44 	 -0.00146855
27.45 	 -0.00144788
27.46 	 -0.00142993
27.47 	 -0.00141798
27.48 	 -0.00141475
27.49 	 -0.00142186
27.5 	 -0.00143963
27.51 	 -0.00146715
27.52 	 -0.00150268
27.53 	 -0.00154424
27.54 	 -0.00159021
27.55 	 -0.00163953
27.56 	 -0.00169147
27.57 	 -0.00174512
27.58 	 -0.00179904
27.59 	 -0.00185112
27.6 	 -0.00189885
27.61 	 -0.00193977
27.62 	 -0.00197186
27.63 	 -0.00199389
27.64 	 -0.00200565
27.65 	 -0.002008
27.66 	 -0.00200269
27.67 	 -0.00199193
27.68 	 -0.00197776
27.69 	 -0.00196166
27.7 	 -0.00194458
27.71 	 -0.00192726
27.72 	 -0.00191077
27.73 	 -0.00189677
27.74 	 -0.00188742
27.75 	 -0.001885
27.76 	 -0.00189131
27.77 	 -0.00190719
27.78 	 -0.00193215
27.79 	 -0.00196447
27.8 	 -0.00200172
27.81 	 -0.00204143
27.82 	 -0.00208182
27.83 	 -0.00212204
27.84 	 -0.00216193
27.85 	 -0.00220137
27.86 	 -0.00223962
27.87 	 -0.00227518
27.88 	 -0.00230611
27.89 	 -0.00233065
27.9 	 -0.00234774
27.91 	 -0.00235727
27.92 	 -0.00236006
27.93 	 -0.00235748
27.94 	 -0.00235099
27.95 	 -0.00234174
27.96 	 -0.00233034
27.97 	 -0.00231697
27.98 	 -0.00230168
27.99 	 -0.00228481
28.0 	 -0.00226737
28.01 	 -0.00225118
28.02 	 -0.00223854
28.03 	 -0.00223166
28.04 	 -0.00223209
28.05 	 -0.00224032
28.06 	 -0.00225574
28.07 	 -0.00227695
28.08 	 -0.00230217
28.09 	 -0.00232965
28.1 	 -0.00235791
28.11 	 -0.00238577
28.12 	 -0.00241222
28.13 	 -0.00243629
28.14 	 -0.00245697
28.15 	 -0.0024733
28.16 	 -0.00248455
28.17 	 -0.00249031
28.18 	 -0.00249051
28.19 	 -0.00248527
28.2 	 -0.00247486
28.21 	 -0.00245959
28.22 	 -0.00243981
28.23 	 -0.00241581
28.24 	 -0.00238785
28.25 	 -0.00235624
28.26 	 -0.00232142
28.27 	 -0.00228418
28.28 	 -0.00224575
28.29 	 -0.0022077
28.3 	 -0.0021717
28.31 	 -0.00213932
28.32 	 -0.00211179
28.33 	 -0.00208991
28.34 	 -0.00207401
28.35 	 -0.00206416
28.36 	 -0.00206025
28.37 	 -0.00206217
28.38 	 -0.00206973
28.39 	 -0.0020824
28.4 	 -0.00209905
28.41 	 -0.00211777
28.42 	 -0.0021361
28.43 	 -0.00215143
28.44 	 -0.00216142
28.45 	 -0.00216425
28.46 	 -0.00215859
28.47 	 -0.00214359
28.48 	 -0.00211878
28.49 	 -0.00208408
28.5 	 -0.00203984
28.51 	 -0.00198688
28.52 	 -0.00192643
28.53 	 -0.00186012
28.54 	 -0.00178979
28.55 	 -0.00171744
28.56 	 -0.00164525
28.57 	 -0.00157556
28.58 	 -0.00151075
28.59 	 -0.00145295
28.6 	 -0.00140378
28.61 	 -0.00136415
28.62 	 -0.0013342
28.63 	 -0.00131346
28.64 	 -0.00130096
28.65 	 -0.00129543
28.66 	 -0.00129543
28.67 	 -0.00129935
28.68 	 -0.00130548
28.69 	 -0.00131196
28.7 	 -0.00131689
28.71 	 -0.00131832
28.72 	 -0.00131443
28.73 	 -0.00130367
28.74 	 -0.00128494
28.75 	 -0.00125776
28.76 	 -0.00122228
28.77 	 -0.0011792
28.78 	 -0.00112958
28.79 	 -0.00107463
28.8 	 -0.00101562
28.81 	 -0.000953767
28.82 	 -0.00089032
28.83 	 -0.000826655
28.84 	 -0.000764351
28.85 	 -0.000705165
28.86 	 -0.00065088
28.87 	 -0.000603082
28.88 	 -0.00056295
28.89 	 -0.000531119
28.9 	 -0.000507671
28.91 	 -0.000492224
28.92 	 -0.00048407
28.93 	 -0.000482313
28.94 	 -0.000485943
28.95 	 -0.000493841
28.96 	 -0.000504716
28.97 	 -0.000517052
28.98 	 -0.000529134
28.99 	 -0.000539185
29.0 	 -0.00054556
29.01 	 -0.000546924
29.02 	 -0.000542348
29.03 	 -0.00053133
29.04 	 -0.000513761
29.05 	 -0.000489851
29.06 	 -0.000460057
29.07 	 -0.00042504
29.08 	 -0.000385661
29.09 	 -0.000343023
29.1 	 -0.000298475
29.11 	 -0.000253569
29.12 	 -0.000209948
29.13 	 -0.000169196
29.14 	 -0.000132696
29.15 	 -0.000101553
29.16 	 -7.65589e-05
29.17 	 -5.81952e-05
29.18 	 -4.6657e-05
29.19 	 -4.18682e-05
29.2 	 -4.34888e-05
29.21 	 -5.09138e-05
29.22 	 -6.32748e-05
29.23 	 -7.94566e-05
29.24 	 -9.81422e-05
29.25 	 -0.000117891
29.26 	 -0.000137237
29.27 	 -0.000154792
29.28 	 -0.000169331
29.29 	 -0.000179852
29.3 	 -0.00018561
29.31 	 -0.000186121
29.32 	 -0.000181165
29.33 	 -0.000170785
29.34 	 -0.000155287
29.35 	 -0.000135236
29.36 	 -0.000111446
29.37 	 -8.49462e-05
29.38 	 -5.69317e-05
29.39 	 -2.86836e-05
29.4 	 -1.4846e-06
29.41 	 2.34605e-05
29.42 	 4.50871e-05
29.43 	 6.25158e-05
29.44 	 7.50834e-05
29.45 	 8.23644e-05
29.46 	 8.41834e-05
29.47 	 8.06201e-05
29.48 	 7.20069e-05
29.49 	 5.89178e-05
29.5 	 4.21451e-05
29.51 	 2.2663e-05
29.52 	 1.57383e-06
29.53 	 -1.99546e-05
29.54 	 -4.0757e-05
29.55 	 -5.9734e-05
29.56 	 -7.59075e-05
29.57 	 -8.84639e-05
29.58 	 -9.67869e-05
29.59 	 -0.000100481
29.6 	 -9.93838e-05
29.61 	 -9.35746e-05
29.62 	 -8.33673e-05
29.63 	 -6.92972e-05
29.64 	 -5.20944e-05
29.65 	 -3.26444e-05
29.66 	 -1.194e-05
29.67 	 8.97469e-06
29.68 	 2.90605e-05
29.69 	 4.73378e-05
29.7 	 6.29342e-05
29.71 	 7.51258e-05
29.72 	 8.33684e-05
29.73 	 8.73212e-05
29.74 	 8.686e-05
29.75 	 8.20821e-05
29.76 	 7.33003e-05
29.77 	 6.10262e-05
29.78 	 4.59428e-05
29.79 	 2.88682e-05
29.8 	 1.07106e-05
29.81 	 -7.57988e-06
29.82 	 -2.50615e-05
29.83 	 -4.08482e-05
29.84 	 -5.41536e-05
29.85 	 -6.43276e-05
29.86 	 -7.08866e-05
29.87 	 -7.35349e-05
29.88 	 -7.21772e-05
29.89 	 -6.69213e-05
29.9 	 -5.80715e-05
29.91 	 -4.61114e-05
29.92 	 -3.16775e-05
29.93 	 -1.55251e-05
29.94 	 1.53331e-06
29.95 	 1.8742e-05
