0.0 	 2.91483e-05
0.0735294134082 	 5.96289e-05
0.147058826816 	 7.18845e-05
0.220588240225 	 0.000120491
0.294117653633 	 0.00014438
0.367647067041 	 0.000282192
0.441176480449 	 0.000165484
0.514705893858 	 6.66066e-05
0.588235307266 	 0.000175484
0.661764720674 	 0.000230554
0.735294134082 	 7.85571e-05
0.80882354749 	 9.22867e-05
0.882352960899 	 7.12312e-05
0.955882374307 	 5.03508e-05
1.02941178772 	 0.000123076
1.10294120112 	 2.42232e-05
1.17647061453 	 4.3913e-06
1.25000002794 	 0.000143299
1.32352944135 	 0.000104291
1.39705885476 	 1.56254e-05
1.47058826816 	 9.54118e-05
1.54411768157 	 0.000111737
1.61764709498 	 4.15127e-05
1.69117650839 	 7.82062e-05
1.7647059218 	 0.000104569
1.83823533521 	 6.41577e-05
1.91176474861 	 3.25647e-05
1.98529416202 	 6.59759e-05
2.05882357543 	 1.42061e-05
2.13235298884 	 3.97405e-05
2.20588240225 	 3.90848e-05
2.27941181565 	 4.50121e-05
2.35294122906 	 7.50351e-06
2.42647064247 	 3.06487e-05
2.50000005588 	 1.33303e-05
2.57352946929 	 2.00202e-05
2.6470588827 	 6.38469e-06
2.7205882961 	 5.09273e-05
2.79411770951 	 5.80571e-05
2.86764712292 	 9.22598e-05
2.94117653633 	 0.000125095
3.01470594974 	 0.0001426
3.08823536315 	 7.77928e-05
3.16176477655 	 9.05429e-05
3.23529418996 	 0.000131112
3.30882360337 	 0.000123703
3.38235301678 	 5.079e-05
3.45588243019 	 0.000107646
3.52941184359 	 0.000247601
3.602941257 	 0.000451752
3.67647067041 	 0.000191782
3.75000008382 	 0.000329361
3.82352949723 	 0.000223567
3.89705891064 	 0.000158719
3.97058832404 	 0.000174381
4.04411773745 	 0.00014991
4.11764715086 	 0.000131632
4.19117656427 	 7.44022e-05
4.26470597768 	 2.85808e-05
4.33823539108 	 1.14091e-05
4.41176480449 	 6.09383e-06
4.4852942179 	 3.627e-06
4.55882363131 	 1.05185e-05
4.63235304472 	 8.8661e-06
4.70588245813 	 1.75747e-05
4.77941187153 	 1.27387e-05
4.85294128494 	 2.03351e-05
4.92647069835 	 2.29466e-05
5.00000011176 	 1.92345e-05
5.07352952517 	 2.12309e-05
5.14705893858 	 1.51855e-05
5.22058835198 	 1.82412e-05
5.29411776539 	 1.61742e-05
5.3676471788 	 1.25172e-05
5.44117659221 	 9.90499e-06
5.51470600562 	 8.66391e-06
5.58823541902 	 1.27106e-05
5.66176483243 	 1.21749e-05
5.73529424584 	 1.43761e-05
5.80882365925 	 1.32095e-05
5.88235307266 	 1.17183e-05
5.95588248607 	 1.09279e-05
6.02941189947 	 8.67996e-06
6.10294131288 	 8.92433e-06
6.17647072629 	 4.50555e-06
6.2500001397 	 3.56831e-06
6.32352955311 	 3.05012e-06
6.39705896651 	 4.70313e-06
6.47058837992 	 3.214e-06
6.54411779333 	 6.12619e-06
6.61764720674 	 7.03489e-06
6.69117662015 	 8.14626e-06
6.76470603356 	 8.65774e-06
6.83823544696 	 9.38341e-06
6.91176486037 	 7.1399e-06
6.98529427378 	 4.68331e-06
7.05882368719 	 8.10345e-06
7.1323531006 	 8.23833e-06
7.20588251401 	 7.38758e-06
7.27941192741 	 6.50706e-06
7.35294134082 	 8.236e-06
7.42647075423 	 6.99466e-06
7.50000016764 	 6.55411e-06
7.57352958105 	 5.74011e-06
7.64705899445 	 4.98416e-06
7.72058840786 	 2.75274e-06
7.79411782127 	 4.69687e-06
7.86764723468 	 3.99731e-06
7.94117664809 	 4.69063e-06
8.0147060615 	 3.5758e-06
8.0882354749 	 2.99075e-06
8.16176488831 	 2.60623e-06
8.23529430172 	 2.2959e-06
8.30882371513 	 1.35613e-06
8.38235312854 	 2.62167e-06
8.45588254194 	 1.37148e-06
8.52941195535 	 2.13739e-06
8.60294136876 	 2.19962e-06
8.67647078217 	 1.28186e-06
8.75000019558 	 2.81884e-06
8.82352960899 	 1.35187e-06
8.89705902239 	 1.33251e-06
8.9705884358 	 3.58274e-07
9.04411784921 	 8.00217e-07
9.11764726262 	 1.18547e-06
9.19117667603 	 7.23188e-07
9.26470608944 	 3.88641e-07
9.33823550284 	 5.24857e-07
9.41176491625 	 5.89462e-07
9.48529432966 	 1.09285e-06
9.55882374307 	 2.0109e-06
9.63235315648 	 8.84986e-07
9.70588256988 	 2.92098e-06
9.77941198329 	 2.97164e-06
9.8529413967 	 2.90188e-06
9.92647081011 	 3.50174e-06
10.0000002235 	 3.62975e-06
10.0735296369 	 4.05185e-06
10.1470590503 	 2.92529e-06
10.2205884637 	 3.78814e-06
10.2941178772 	 1.99652e-06
10.3676472906 	 1.15681e-06
10.441176704 	 6.82281e-07
10.5147061174 	 3.28835e-06
10.5882355308 	 4.34214e-06
10.6617649442 	 3.17197e-06
10.7352943576 	 3.70407e-06
10.808823771 	 5.26623e-06
10.8823531844 	 5.26213e-06
10.9558825978 	 6.25065e-06
11.0294120112 	 4.95361e-06
11.1029414246 	 4.59185e-06
11.176470838 	 6.11946e-06
11.2500002515 	 4.98969e-06
11.3235296649 	 3.86161e-06
11.3970590783 	 1.72243e-06
11.4705884917 	 3.07683e-06
11.5441179051 	 4.47978e-06
11.6176473185 	 1.53499e-06
11.6911767319 	 3.77327e-06
11.7647061453 	 2.13279e-06
11.8382355587 	 4.80763e-06
11.9117649721 	 3.94979e-06
11.9852943855 	 5.15716e-06
12.0588237989 	 5.58006e-06
12.1323532124 	 2.55301e-06
12.2058826258 	 6.55206e-07
12.2794120392 	 3.18452e-06
12.3529414526 	 2.56399e-06
12.426470866 	 3.13445e-06
12.5000002794 	 4.53555e-06
12.5735296928 	 4.72495e-06
12.6470591062 	 5.07381e-06
12.7205885196 	 5.12297e-06
12.794117933 	 4.26314e-06
12.8676473464 	 4.30997e-06
12.9411767598 	 3.97894e-06
13.0147061733 	 2.91715e-06
13.0882355867 	 3.064e-06
13.1617650001 	 2.4374e-06
13.2352944135 	 1.69468e-06
13.3088238269 	 1.47732e-06
13.3823532403 	 2.10462e-06
13.4558826537 	 1.93063e-06
13.5294120671 	 1.49861e-06
13.6029414805 	 1.95141e-06
13.6764708939 	 1.27011e-06
13.7500003073 	 1.84898e-06
13.8235297207 	 1.32463e-06
13.8970591342 	 9.48223e-07
13.9705885476 	 5.23699e-07
14.044117961 	 7.1581e-07
14.1176473744 	 4.44132e-07
14.1911767878 	 4.37364e-07
14.2647062012 	 4.34289e-07
14.3382356146 	 1.05359e-06
14.411765028 	 8.9837e-07
14.4852944414 	 1.18623e-06
14.5588238548 	 1.29448e-06
14.6323532682 	 1.7685e-06
14.7058826816 	 1.4079e-06
14.7794120951 	 9.78094e-07
14.8529415085 	 1.06883e-06
14.9264709219 	 7.64718e-07
15.0000003353 	 6.4571e-07
15.0735297487 	 3.28649e-08
15.1470591621 	 1.92819e-07
15.2205885755 	 1.40542e-07
15.2941179889 	 7.6812e-08
15.3676474023 	 1.83412e-07
15.4411768157 	 4.40425e-08
15.5147062291 	 1.53562e-07
15.5882356425 	 4.4914e-07
15.661765056 	 6.84415e-07
15.7352944694 	 5.85557e-07
15.8088238828 	 1.92003e-07
15.8823532962 	 3.68639e-07
15.9558827096 	 2.67112e-07
16.029412123 	 1.13666e-07
16.1029415364 	 1.32388e-07
16.1764709498 	 5.44302e-08
16.2500003632 	 4.62329e-07
16.3235297766 	 4.82189e-07
16.39705919 	 3.31854e-07
16.4705886034 	 3.7059e-07
16.5441180168 	 3.34143e-07
16.6176474303 	 2.72803e-07
16.6911768437 	 3.29475e-07
16.7647062571 	 1.98119e-07
16.8382356705 	 2.75651e-07
16.9117650839 	 3.76067e-07
16.9852944973 	 2.09377e-07
17.0588239107 	 6.44695e-08
17.1323533241 	 2.86483e-07
17.2058827375 	 2.71394e-07
17.2794121509 	 5.72067e-07
17.3529415643 	 6.04309e-07
17.4264709777 	 4.4083e-07
17.5000003912 	 1.58744e-07
17.5735298046 	 2.21282e-07
17.647059218 	 6.1527e-08
17.7205886314 	 1.34367e-07
17.7941180448 	 7.07649e-08
17.8676474582 	 1.93201e-07
17.9411768716 	 1.27766e-07
18.014706285 	 1.46406e-07
18.0882356984 	 2.23047e-07
18.1617651118 	 6.89582e-08
18.2352945252 	 6.60099e-08
18.3088239386 	 1.42321e-07
18.3823533521 	 2.55632e-07
18.4558827655 	 9.04654e-08
18.5294121789 	 1.47492e-07
18.6029415923 	 1.0651e-07
18.6764710057 	 1.2561e-07
18.7500004191 	 1.48005e-07
18.8235298325 	 2.24606e-07
18.8970592459 	 1.35621e-07
18.9705886593 	 2.74264e-07
19.0441180727 	 2.02237e-07
19.1176474861 	 2.27682e-07
19.1911768995 	 2.02252e-07
19.264706313 	 2.29147e-07
19.3382357264 	 2.49248e-07
19.4117651398 	 2.60374e-07
19.4852945532 	 1.40769e-07
19.5588239666 	 1.56004e-08
19.63235338 	 7.09043e-08
19.7058827934 	 2.33161e-08
19.7794122068 	 1.19421e-07
19.8529416202 	 1.96311e-07
19.9264710336 	 1.47986e-07
20.000000447 	 1.68722e-07
20.0735298604 	 1.68888e-07
20.1470592739 	 2.49015e-07
20.2205886873 	 1.78383e-07
20.2941181007 	 2.56357e-07
20.3676475141 	 2.34655e-07
20.4411769275 	 1.90055e-07
20.5147063409 	 1.3843e-07
20.5882357543 	 1.39799e-07
20.6617651677 	 2.16028e-07
20.7352945811 	 1.98218e-07
20.8088239945 	 2.0242e-07
20.8823534079 	 2.84477e-07
20.9558828213 	 2.89707e-07
21.0294122347 	 3.22837e-07
21.1029416482 	 2.81506e-07
21.1764710616 	 1.81577e-07
21.250000475 	 1.48324e-07
21.3235298884 	 7.23794e-08
21.3970593018 	 5.17094e-08
21.4705887152 	 8.74702e-08
21.5441181286 	 6.56209e-08
21.617647542 	 4.80722e-08
21.6911769554 	 8.72147e-08
21.7647063688 	 1.25815e-07
21.8382357822 	 1.36489e-07
21.9117651956 	 9.15796e-08
21.9852946091 	 1.37325e-07
22.0588240225 	 9.20849e-08
22.1323534359 	 1.09465e-07
22.2058828493 	 4.17092e-08
22.2794122627 	 5.74018e-08
22.3529416761 	 1.12621e-07
22.4264710895 	 1.29438e-07
22.5000005029 	 1.37596e-07
22.5735299163 	 1.3433e-07
22.6470593297 	 1.21091e-07
22.7205887431 	 1.38028e-07
22.7941181565 	 1.01029e-07
22.86764757 	 1.04567e-07
22.9411769834 	 8.05685e-08
23.0147063968 	 2.66758e-08
23.0882358102 	 6.86051e-08
23.1617652236 	 9.48818e-08
23.235294637 	 1.54653e-07
23.3088240504 	 1.7021e-07
23.3823534638 	 1.58412e-07
23.4558828772 	 1.61195e-07
23.5294122906 	 1.58173e-07
23.602941704 	 1.20626e-07
23.6764711174 	 8.54279e-08
23.7500005309 	 6.58554e-08
23.8235299443 	 9.14233e-08
23.8970593577 	 7.69196e-08
23.9705887711 	 6.90044e-08
24.0441181845 	 7.57146e-08
24.1176475979 	 1.01982e-07
24.1911770113 	 8.58064e-08
24.2647064247 	 1.09664e-07
24.3382358381 	 1.06471e-07
24.4117652515 	 1.21624e-07
24.4852946649 	 9.59979e-08
24.5588240783 	 8.11034e-08
24.6323534918 	 3.69188e-08
24.7058829052 	 6.70107e-08
24.7794123186 	 6.53791e-08
24.852941732 	 9.58017e-08
24.9264711454 	 1.05808e-07
25.0000005588 	 1.20595e-07
25.0735299722 	 1.29604e-07
25.1470593856 	 1.31813e-07
25.220588799 	 1.31075e-07
25.2941182124 	 1.01947e-07
25.3676476258 	 7.93511e-08
25.4411770392 	 5.99655e-08
25.5147064527 	 4.21185e-08
25.5882358661 	 6.2484e-08
25.6617652795 	 7.74963e-08
25.7352946929 	 9.88575e-08
25.8088241063 	 1.08011e-07
25.8823535197 	 1.23554e-07
25.9558829331 	 1.15287e-07
26.0294123465 	 9.6106e-08
26.1029417599 	 8.01472e-08
26.1764711733 	 8.31209e-08
26.2500005867 	 7.88758e-08
26.3235300001 	 6.46003e-08
26.3970594135 	 6.49484e-08
26.470588827 	 7.50496e-08
26.5441182404 	 8.42023e-08
26.6176476538 	 8.88766e-08
26.6911770672 	 9.84383e-08
26.7647064806 	 9.40768e-08
26.838235894 	 1.00678e-07
26.9117653074 	 9.09833e-08
26.9852947208 	 9.3302e-08
27.0588241342 	 7.99856e-08
27.1323535476 	 6.98084e-08
27.205882961 	 5.79496e-08
27.2794123744 	 6.8251e-08
27.3529417879 	 7.29298e-08
27.4264712013 	 8.26567e-08
27.5000006147 	 8.19269e-08
27.5735300281 	 9.23198e-08
27.6470594415 	 9.75811e-08
27.7205888549 	 9.71107e-08
27.7941182683 	 8.62529e-08
27.8676476817 	 7.61004e-08
27.9411770951 	 6.57685e-08
28.0147065085 	 6.59959e-08
28.0882359219 	 6.9724e-08
28.1617653353 	 7.59701e-08
28.2352947488 	 7.85273e-08
28.3088241622 	 7.99382e-08
28.3823535756 	 8.47656e-08
28.455882989 	 8.51821e-08
28.5294124024 	 8.64254e-08
28.6029418158 	 8.24035e-08
28.6764712292 	 7.9532e-08
28.7500006426 	 7.65277e-08
28.823530056 	 7.17335e-08
28.8970594694 	 7.14909e-08
28.9705888828 	 7.10469e-08
29.0441182962 	 7.47427e-08
29.1176477097 	 7.73711e-08
29.1911771231 	 7.97014e-08
29.2647065365 	 8.19766e-08
29.3382359499 	 8.20773e-08
29.4117653633 	 8.15299e-08
29.4852947767 	 7.90191e-08
29.5588241901 	 7.36484e-08
29.6323536035 	 7.14885e-08
29.7058830169 	 6.95991e-08
29.7794124303 	 7.11645e-08
29.8529418437 	 7.13967e-08
29.9264712571 	 7.25695e-08
30.0000006706 	 7.53104e-08
30.073530084 	 7.6374e-08
30.1470594974 	 7.9611e-08
30.2205889108 	 7.56737e-08
30.2941183242 	 7.33206e-08
30.3676477376 	 7.30809e-08
30.441177151 	 7.12055e-08
30.5147065644 	 6.99227e-08
30.5882359778 	 6.95278e-08
30.6617653912 	 7.21113e-08
30.7352948046 	 7.36192e-08
30.808824218 	 7.42189e-08
30.8823536315 	 7.45141e-08
30.9558830449 	 7.39422e-08
31.0294124583 	 7.36533e-08
31.1029418717 	 7.25727e-08
31.1764712851 	 7.17363e-08
31.2500006985 	 7.03066e-08
31.3235301119 	 6.9639e-08
31.3970595253 	 6.83233e-08
31.4705889387 	 6.9703e-08
31.5441183521 	 6.97896e-08
31.6176477655 	 6.89474e-08
31.6911771789 	 6.90582e-08
31.7647065923 	 7.07558e-08
31.8382360058 	 7.30638e-08
31.9117654192 	 7.18094e-08
31.9852948326 	 7.15888e-08
32.058824246 	 6.92099e-08
32.1323536594 	 6.79445e-08
32.2058830728 	 6.78027e-08
32.2794124862 	 6.74202e-08
32.3529418996 	 6.69469e-08
32.426471313 	 6.79952e-08
32.5000007264 	 7.00458e-08
32.5735301398 	 7.24994e-08
32.6470595532 	 7.34806e-08
32.7205889667 	 7.26674e-08
32.7941183801 	 7.06051e-08
32.8676477935 	 6.72208e-08
32.9411772069 	 6.47302e-08
33.0147066203 	 6.40797e-08
33.0882360337 	 6.47388e-08
33.1617654471 	 6.49439e-08
33.2352948605 	 6.62494e-08
33.3088242739 	 6.72163e-08
33.3823536873 	 6.8414e-08
33.4558831007 	 6.92245e-08
33.5294125141 	 6.92858e-08
33.6029419276 	 6.75978e-08
33.676471341 	 6.69314e-08
33.7500007544 	 6.59449e-08
33.8235301678 	 6.52693e-08
33.8970595812 	 6.39013e-08
33.9705889946 	 6.46073e-08
34.044118408 	 6.5417e-08
34.1176478214 	 6.54767e-08
34.1911772348 	 6.58064e-08
34.2647066482 	 6.61495e-08
34.3382360616 	 6.69143e-08
34.411765475 	 6.67915e-08
34.4852948885 	 6.63945e-08
34.5588243019 	 6.53752e-08
34.6323537153 	 6.45226e-08
34.7058831287 	 6.38345e-08
34.7794125421 	 6.33338e-08
34.8529419555 	 6.28438e-08
34.9264713689 	 6.37827e-08
35.0000007823 	 6.41756e-08
35.0735301957 	 6.47457e-08
35.1470596091 	 6.55314e-08
35.2205890225 	 6.53279e-08
35.2941184359 	 6.44131e-08
35.3676478494 	 6.34193e-08
35.4411772628 	 6.28422e-08
35.5147066762 	 6.21639e-08
35.5882360896 	 6.16792e-08
35.661765503 	 6.15667e-08
35.7352949164 	 6.2253e-08
35.8088243298 	 6.32722e-08
35.8823537432 	 6.38838e-08
35.9558831566 	 6.40509e-08
36.02941257 	 6.35966e-08
36.1029419834 	 6.23742e-08
36.1764713968 	 6.19251e-08
36.2500008103 	 6.11178e-08
36.3235302237 	 6.15127e-08
36.3970596371 	 6.16727e-08
36.4705890505 	 6.20781e-08
36.5441184639 	 6.15483e-08
36.6176478773 	 6.15264e-08
36.6911772907 	 6.11224e-08
36.7647067041 	 6.16746e-08
36.8382361175 	 6.12948e-08
36.9117655309 	 6.16068e-08
36.9852949443 	 6.13328e-08
37.0588243577 	 6.10809e-08
37.1323537711 	 6.09139e-08
37.2058831846 	 6.08514e-08
37.279412598 	 6.06708e-08
37.3529420114 	 6.03604e-08
37.4264714248 	 6.03899e-08
37.5000008382 	 6.03567e-08
37.5735302516 	 6.03153e-08
37.647059665 	 6.03796e-08
37.7205890784 	 5.99113e-08
37.7941184918 	 5.9541e-08
37.8676479052 	 5.91775e-08
37.9411773186 	 5.91004e-08
38.014706732 	 5.88255e-08
38.0882361455 	 5.90043e-08
38.1617655589 	 5.87999e-08
38.2352949723 	 5.94372e-08
38.3088243857 	 5.93237e-08
38.3823537991 	 6.00817e-08
38.4558832125 	 5.98056e-08
38.5294126259 	 5.94684e-08
38.6029420393 	 5.88902e-08
38.6764714527 	 5.81521e-08
38.7500008661 	 5.79303e-08
38.8235302795 	 5.78952e-08
38.8970596929 	 5.79779e-08
38.9705891064 	 5.8325e-08
39.0441185198 	 5.87077e-08
39.1176479332 	 5.86033e-08
39.1911773466 	 5.82363e-08
39.26470676 	 5.78127e-08
39.3382361734 	 5.73627e-08
39.4117655868 	 5.71053e-08
39.4852950002 	 5.69447e-08
39.5588244136 	 5.72018e-08
39.632353827 	 5.72325e-08
39.7058832404 	 5.72575e-08
39.7794126538 	 5.73342e-08
39.8529420673 	 5.7297e-08
39.9264714807 	 5.71979e-08
40.0000008941 	 5.7128e-08
40.0735303075 	 5.70796e-08
40.1470597209 	 5.68776e-08
40.2205891343 	 5.64637e-08
40.2941185477 	 5.63467e-08
40.3676479611 	 5.61265e-08
40.4411773745 	 5.61524e-08
40.5147067879 	 5.60728e-08
40.5882362013 	 5.61201e-08
40.6617656147 	 5.61043e-08
40.7352950282 	 5.60665e-08
40.8088244416 	 5.60286e-08
40.882353855 	 5.59996e-08
40.9558832684 	 5.57486e-08
41.0294126818 	 5.56688e-08
41.1029420952 	 5.55464e-08
41.1764715086 	 5.54371e-08
41.250000922 	 5.51949e-08
41.3235303354 	 5.48992e-08
41.3970597488 	 5.49522e-08
41.4705891622 	 5.50278e-08
41.5441185756 	 5.50908e-08
41.6176479891 	 5.52399e-08
41.6911774025 	 5.51895e-08
41.7647068159 	 5.50743e-08
41.8382362293 	 5.46663e-08
41.9117656427 	 5.44508e-08
41.9852950561 	 5.42041e-08
42.0588244695 	 5.41287e-08
42.1323538829 	 5.41527e-08
42.2058832963 	 5.41678e-08
42.2794127097 	 5.42932e-08
42.3529421231 	 5.42233e-08
42.4264715365 	 5.41716e-08
42.5000009499 	 5.42718e-08
42.5735303634 	 5.40964e-08
42.6470597768 	 5.3848e-08
42.7205891902 	 5.36894e-08
42.7941186036 	 5.34828e-08
42.867648017 	 5.33283e-08
42.9411774304 	 5.32922e-08
43.0147068438 	 5.328e-08
43.0882362572 	 5.33167e-08
43.1617656706 	 5.33014e-08
43.235295084 	 5.32608e-08
43.3088244974 	 5.32109e-08
43.3823539108 	 5.30068e-08
43.4558833243 	 5.29024e-08
43.5294127377 	 5.28098e-08
43.6029421511 	 5.27216e-08
43.6764715645 	 5.2631e-08
43.7500009779 	 5.25152e-08
43.8235303913 	 5.25116e-08
43.8970598047 	 5.24093e-08
43.9705892181 	 5.24072e-08
44.0441186315 	 5.22945e-08
44.1176480449 	 5.22305e-08
44.1911774583 	 5.22233e-08
44.2647068717 	 5.21056e-08
44.3382362852 	 5.20463e-08
44.4117656986 	 5.19645e-08
44.485295112 	 5.19026e-08
44.5588245254 	 5.18324e-08
44.6323539388 	 5.17182e-08
44.7058833522 	 5.16371e-08
44.7794127656 	 5.16177e-08
44.852942179 	 5.15452e-08
44.9264715924 	 5.1482e-08
45.0000010058 	 5.13665e-08
45.0735304192 	 5.12447e-08
45.1470598326 	 5.11805e-08
45.2205892461 	 5.1078e-08
45.2941186595 	 5.10371e-08
45.3676480729 	 5.09915e-08
45.4411774863 	 5.09548e-08
45.5147068997 	 5.09024e-08
45.5882363131 	 5.08072e-08
45.6617657265 	 5.08115e-08
45.7352951399 	 5.06772e-08
45.8088245533 	 5.06122e-08
45.8823539667 	 5.05309e-08
45.9558833801 	 5.04511e-08
46.0294127935 	 5.03801e-08
46.102942207 	 5.03204e-08
46.1764716204 	 5.02826e-08
46.2500010338 	 5.02258e-08
46.3235304472 	 5.01661e-08
46.3970598606 	 5.00958e-08
46.470589274 	 5.00315e-08
46.5441186874 	 4.99699e-08
46.6176481008 	 4.98842e-08
46.6911775142 	 4.98036e-08
46.7647069276 	 4.97172e-08
46.838236341 	 4.96272e-08
46.9117657544 	 4.95699e-08
46.9852951679 	 4.95193e-08
47.0588245813 	 4.94888e-08
47.1323539947 	 4.94284e-08
47.2058834081 	 4.93765e-08
47.2794128215 	 4.92935e-08
47.3529422349 	 4.92371e-08
47.4264716483 	 4.91696e-08
47.5000010617 	 4.91313e-08
47.5735304751 	 4.90701e-08
47.6470598885 	 4.89841e-08
47.7205893019 	 4.89265e-08
47.7941187153 	 4.88504e-08
47.8676481287 	 4.87871e-08
47.9411775422 	 4.87265e-08
48.0147069556 	 4.86704e-08
48.088236369 	 4.86134e-08
48.1617657824 	 4.85579e-08
48.2352951958 	 4.84982e-08
48.3088246092 	 4.84269e-08
48.3823540226 	 4.83639e-08
48.455883436 	 4.83027e-08
48.5294128494 	 4.82495e-08
48.6029422628 	 4.82015e-08
48.6764716762 	 4.81433e-08
48.7500010896 	 4.80961e-08
48.8235305031 	 4.80388e-08
48.8970599165 	 4.79709e-08
48.9705893299 	 4.79035e-08
49.0441187433 	 4.78302e-08
49.1176481567 	 4.77694e-08
49.1911775701 	 4.77059e-08
49.2647069835 	 4.76499e-08
49.3382363969 	 4.76061e-08
49.4117658103 	 4.75562e-08
49.4852952237 	 4.75104e-08
49.5588246371 	 4.74628e-08
49.6323540505 	 4.74108e-08
49.705883464 	 4.73489e-08
49.7794128774 	 4.72922e-08
49.8529422908 	 4.72259e-08
49.9264717042 	 4.71542e-08
50.0000011176 	 4.70897e-08
50.073530531 	 4.7036e-08
50.1470599444 	 4.69819e-08
50.2205893578 	 4.69357e-08
50.2941187712 	 4.68925e-08
50.3676481846 	 4.6842e-08
50.441177598 	 4.6787e-08
50.5147070114 	 4.6737e-08
50.5882364249 	 4.66811e-08
50.6617658383 	 4.66237e-08
50.7352952517 	 4.65682e-08
50.8088246651 	 4.65092e-08
50.8823540785 	 4.64547e-08
50.9558834919 	 4.63974e-08
51.0294129053 	 4.63444e-08
51.1029423187 	 4.6293e-08
51.1764717321 	 4.62457e-08
51.2500011455 	 4.62043e-08
51.3235305589 	 4.61551e-08
51.3970599723 	 4.60979e-08
51.4705893858 	 4.60432e-08
51.5441187992 	 4.59856e-08
51.6176482126 	 4.59344e-08
51.691177626 	 4.58807e-08
51.7647070394 	 4.58336e-08
51.8382364528 	 4.57835e-08
51.9117658662 	 4.57309e-08
51.9852952796 	 4.56791e-08
52.058824693 	 4.56323e-08
52.1323541064 	 4.55843e-08
52.2058835198 	 4.5541e-08
52.2794129332 	 4.54872e-08
52.3529423467 	 4.54392e-08
52.4264717601 	 4.53831e-08
52.5000011735 	 4.53349e-08
52.5735305869 	 4.52874e-08
52.6470600003 	 4.52355e-08
52.7205894137 	 4.51851e-08
52.7941188271 	 4.51389e-08
52.8676482405 	 4.50908e-08
52.9411776539 	 4.50463e-08
53.0147070673 	 4.50001e-08
53.0882364807 	 4.49526e-08
53.1617658941 	 4.49014e-08
53.2352953075 	 4.48501e-08
53.308824721 	 4.48026e-08
53.3823541344 	 4.4754e-08
53.4558835478 	 4.47053e-08
53.5294129612 	 4.46624e-08
53.6029423746 	 4.46169e-08
53.676471788 	 4.45741e-08
53.7500012014 	 4.4529e-08
53.8235306148 	 4.44847e-08
53.8970600282 	 4.44347e-08
53.9705894416 	 4.43865e-08
54.044118855 	 4.43374e-08
54.1176482684 	 4.42894e-08
54.1911776819 	 4.42434e-08
54.2647070953 	 4.42e-08
54.3382365087 	 4.41547e-08
54.4117659221 	 4.41129e-08
54.4852953355 	 4.40695e-08
54.5588247489 	 4.40258e-08
54.6323541623 	 4.39821e-08
54.7058835757 	 4.39368e-08
54.7794129891 	 4.3893e-08
54.8529424025 	 4.38479e-08
54.9264718159 	 4.38031e-08
55.0000012293 	 4.37559e-08
55.0735306428 	 4.37119e-08
55.1470600562 	 4.36678e-08
55.2205894696 	 4.36257e-08
55.294118883 	 4.35825e-08
55.3676482964 	 4.35405e-08
55.4411777098 	 4.34986e-08
55.5147071232 	 4.34569e-08
55.5882365366 	 4.3414e-08
55.66176595 	 4.33725e-08
55.7352953634 	 4.33296e-08
55.8088247768 	 4.32857e-08
55.8823541902 	 4.32424e-08
55.9558836037 	 4.31999e-08
56.0294130171 	 4.31572e-08
56.1029424305 	 4.31155e-08
56.1764718439 	 4.3076e-08
56.2500012573 	 4.30353e-08
56.3235306707 	 4.29938e-08
56.3970600841 	 4.29531e-08
56.4705894975 	 4.29107e-08
56.5441189109 	 4.28695e-08
56.6176483243 	 4.28296e-08
56.6911777377 	 4.27897e-08
56.7647071511 	 4.27487e-08
56.8382365646 	 4.27082e-08
56.911765978 	 4.26679e-08
56.9852953914 	 4.26272e-08
57.0588248048 	 4.25874e-08
57.1323542182 	 4.25478e-08
57.2058836316 	 4.25085e-08
57.279413045 	 4.24685e-08
57.3529424584 	 4.24285e-08
57.4264718718 	 4.23904e-08
57.5000012852 	 4.23513e-08
57.5735306986 	 4.23121e-08
57.647060112 	 4.22738e-08
57.7205895254 	 4.22347e-08
57.7941189389 	 4.21956e-08
57.8676483523 	 4.21569e-08
57.9411777657 	 4.2119e-08
58.0147071791 	 4.20801e-08
58.0882365925 	 4.20426e-08
58.1617660059 	 4.20048e-08
58.2352954193 	 4.19673e-08
58.3088248327 	 4.19294e-08
58.3823542461 	 4.18914e-08
58.4558836595 	 4.18529e-08
58.5294130729 	 4.18162e-08
58.6029424863 	 4.17793e-08
58.6764718998 	 4.17427e-08
58.7500013132 	 4.17053e-08
58.8235307266 	 4.16682e-08
58.89706014 	 4.16313e-08
58.9705895534 	 4.15953e-08
59.0441189668 	 4.15586e-08
59.1176483802 	 4.15218e-08
59.1911777936 	 4.14853e-08
59.264707207 	 4.14501e-08
59.3382366204 	 4.14134e-08
59.4117660338 	 4.13774e-08
59.4852954472 	 4.13411e-08
59.5588248607 	 4.13055e-08
59.6323542741 	 4.12701e-08
59.7058836875 	 4.12348e-08
59.7794131009 	 4.11996e-08
59.8529425143 	 4.11637e-08
59.9264719277 	 4.11285e-08
60.0000013411 	 4.1094e-08
60.0735307545 	 4.10602e-08
60.1470601679 	 4.10255e-08
60.2205895813 	 4.09896e-08
60.2941189947 	 4.09562e-08
60.3676484081 	 4.09213e-08
60.4411778216 	 4.08864e-08
60.514707235 	 4.08531e-08
60.5882366484 	 4.08184e-08
60.6617660618 	 4.07843e-08
60.7352954752 	 4.07507e-08
60.8088248886 	 4.07173e-08
60.882354302 	 4.06836e-08
60.9558837154 	 4.065e-08
61.0294131288 	 4.06166e-08
61.1029425422 	 4.0583e-08
61.1764719556 	 4.05499e-08
61.250001369 	 4.05163e-08
61.3235307825 	 4.04841e-08
61.3970601959 	 4.04513e-08
61.4705896093 	 4.04184e-08
61.5441190227 	 4.03855e-08
61.6176484361 	 4.03533e-08
61.6911778495 	 4.03204e-08
61.7647072629 	 4.02885e-08
61.8382366763 	 4.02563e-08
61.9117660897 	 4.02236e-08
61.9852955031 	 4.01918e-08
62.0588249165 	 4.01599e-08
62.1323543299 	 4.01282e-08
62.2058837434 	 4.00962e-08
62.2794131568 	 4.00653e-08
62.3529425702 	 4.00336e-08
62.4264719836 	 4.00028e-08
62.500001397 	 3.99711e-08
62.5735308104 	 3.99393e-08
62.6470602238 	 3.99084e-08
62.7205896372 	 3.98775e-08
62.7941190506 	 3.98464e-08
62.867648464 	 3.98163e-08
62.9411778774 	 3.97863e-08
63.0147072908 	 3.97546e-08
63.0882367042 	 3.97242e-08
63.1617661177 	 3.96942e-08
63.2352955311 	 3.96629e-08
63.3088249445 	 3.96329e-08
63.3823543579 	 3.96034e-08
63.4558837713 	 3.95736e-08
63.5294131847 	 3.95441e-08
63.6029425981 	 3.95144e-08
63.6764720115 	 3.94848e-08
63.7500014249 	 3.94552e-08
63.8235308383 	 3.94246e-08
63.8970602517 	 3.93963e-08
63.9705896651 	 3.9367e-08
64.0441190786 	 3.93371e-08
64.117648492 	 3.93077e-08
64.1911779054 	 3.9279e-08
64.2647073188 	 3.92497e-08
64.3382367322 	 3.92205e-08
64.4117661456 	 3.91933e-08
64.485295559 	 3.91647e-08
64.5588249724 	 3.9136e-08
64.6323543858 	 3.91075e-08
64.7058837992 	 3.90794e-08
64.7794132126 	 3.9051e-08
64.852942626 	 3.90229e-08
64.9264720395 	 3.89942e-08
65.0000014529 	 3.89664e-08
65.0735308663 	 3.89383e-08
65.1470602797 	 3.89104e-08
65.2205896931 	 3.8883e-08
65.2941191065 	 3.8856e-08
65.3676485199 	 3.88285e-08
65.4411779333 	 3.88008e-08
65.5147073467 	 3.87735e-08
65.5882367601 	 3.87454e-08
65.6617661735 	 3.87189e-08
65.7352955869 	 3.86928e-08
65.8088250004 	 3.86656e-08
65.8823544138 	 3.86384e-08
65.9558838272 	 3.86116e-08
66.0294132406 	 3.85842e-08
66.102942654 	 3.8558e-08
66.1764720674 	 3.85321e-08
66.2500014808 	 3.8506e-08
66.3235308942 	 3.84799e-08
66.3970603076 	 3.84529e-08
66.470589721 	 3.84258e-08
66.5441191344 	 3.83997e-08
66.6176485478 	 3.83745e-08
66.6911779613 	 3.83481e-08
66.7647073747 	 3.83232e-08
66.8382367881 	 3.82981e-08
66.9117662015 	 3.82708e-08
66.9852956149 	 3.82463e-08
67.0588250283 	 3.82215e-08
67.1323544417 	 3.81957e-08
67.2058838551 	 3.81704e-08
67.2794132685 	 3.81451e-08
67.3529426819 	 3.81196e-08
67.4264720953 	 3.80943e-08
67.5000015087 	 3.80691e-08
67.5735309222 	 3.80443e-08
67.6470603356 	 3.80193e-08
67.720589749 	 3.79949e-08
67.7941191624 	 3.79705e-08
67.8676485758 	 3.7946e-08
67.9411779892 	 3.79217e-08
68.0147074026 	 3.78967e-08
68.088236816 	 3.78728e-08
68.1617662294 	 3.7849e-08
68.2352956428 	 3.78249e-08
68.3088250562 	 3.78015e-08
68.3823544696 	 3.77769e-08
68.455883883 	 3.77526e-08
68.5294132965 	 3.77289e-08
68.6029427099 	 3.77051e-08
68.6764721233 	 3.76812e-08
68.7500015367 	 3.76585e-08
68.8235309501 	 3.76341e-08
68.8970603635 	 3.76105e-08
68.9705897769 	 3.75872e-08
69.0441191903 	 3.75652e-08
69.1176486037 	 3.75418e-08
69.1911780171 	 3.75192e-08
69.2647074305 	 3.74955e-08
69.3382368439 	 3.74722e-08
69.4117662574 	 3.74505e-08
69.4852956708 	 3.74273e-08
69.5588250842 	 3.74042e-08
69.6323544976 	 3.73817e-08
69.705883911 	 3.73589e-08
69.7794133244 	 3.73363e-08
69.8529427378 	 3.73147e-08
69.9264721512 	 3.72924e-08
70.0000015646 	 3.72694e-08
70.073530978 	 3.7248e-08
70.1470603914 	 3.72256e-08
70.2205898048 	 3.72035e-08
70.2941192183 	 3.71811e-08
70.3676486317 	 3.71592e-08
70.4411780451 	 3.71379e-08
70.5147074585 	 3.71165e-08
70.5882368719 	 3.70956e-08
70.6617662853 	 3.7074e-08
70.7352956987 	 3.70521e-08
70.8088251121 	 3.70301e-08
70.8823545255 	 3.70089e-08
70.9558839389 	 3.69881e-08
71.0294133523 	 3.69667e-08
71.1029427657 	 3.69453e-08
71.1764721792 	 3.69245e-08
71.2500015926 	 3.69033e-08
71.323531006 	 3.68821e-08
71.3970604194 	 3.68613e-08
71.4705898328 	 3.68411e-08
71.5441192462 	 3.68205e-08
71.6176486596 	 3.68001e-08
71.691178073 	 3.67806e-08
71.7647074864 	 3.676e-08
71.8382368998 	 3.67393e-08
71.9117663132 	 3.67183e-08
71.9852957266 	 3.66979e-08
72.0588251401 	 3.66782e-08
72.1323545535 	 3.66577e-08
72.2058839669 	 3.66382e-08
72.2794133803 	 3.66183e-08
72.3529427937 	 3.65981e-08
72.4264722071 	 3.65783e-08
72.5000016205 	 3.65585e-08
72.5735310339 	 3.6539e-08
72.6470604473 	 3.65198e-08
72.7205898607 	 3.65005e-08
72.7941192741 	 3.64803e-08
72.8676486875 	 3.64607e-08
72.941178101 	 3.64413e-08
73.0147075144 	 3.6422e-08
73.0882369278 	 3.64035e-08
73.1617663412 	 3.63856e-08
73.2352957546 	 3.63657e-08
73.308825168 	 3.6347e-08
73.3823545814 	 3.63277e-08
73.4558839948 	 3.63085e-08
73.5294134082 	 3.62901e-08
73.6029428216 	 3.62716e-08
73.676472235 	 3.62528e-08
73.7500016484 	 3.62335e-08
73.8235310618 	 3.6215e-08
73.8970604753 	 3.61969e-08
73.9705898887 	 3.61787e-08
74.0441193021 	 3.61617e-08
74.1176487155 	 3.61429e-08
74.1911781289 	 3.61244e-08
74.2647075423 	 3.61061e-08
74.3382369557 	 3.60876e-08
74.4117663691 	 3.60713e-08
74.4852957825 	 3.60525e-08
74.5588251959 	 3.60344e-08
74.6323546093 	 3.60169e-08
74.7058840227 	 3.59988e-08
74.7794134362 	 3.59817e-08
74.8529428496 	 3.59641e-08
74.926472263 	 3.59474e-08
75.0000016764 	 3.59294e-08
75.0735310898 	 3.59122e-08
75.1470605032 	 3.58952e-08
75.2205899166 	 3.58773e-08
75.29411933 	 3.58596e-08
75.3676487434 	 3.58419e-08
75.4411781568 	 3.58257e-08
75.5147075702 	 3.58094e-08
75.5882369836 	 3.57924e-08
75.6617663971 	 3.57762e-08
75.7352958105 	 3.57589e-08
75.8088252239 	 3.57422e-08
75.8823546373 	 3.57257e-08
75.9558840507 	 3.57089e-08
76.0294134641 	 3.56918e-08
76.1029428775 	 3.56758e-08
76.1764722909 	 3.56592e-08
76.2500017043 	 3.56428e-08
76.3235311177 	 3.56269e-08
76.3970605311 	 3.5611e-08
76.4705899445 	 3.55944e-08
76.544119358 	 3.5578e-08
76.6176487714 	 3.55622e-08
76.6911781848 	 3.55458e-08
76.7647075982 	 3.55306e-08
76.8382370116 	 3.55149e-08
76.911766425 	 3.54993e-08
76.9852958384 	 3.54838e-08
77.0588252518 	 3.54683e-08
77.1323546652 	 3.54527e-08
77.2058840786 	 3.54366e-08
77.279413492 	 3.54218e-08
77.3529429054 	 3.54057e-08
77.4264723189 	 3.53893e-08
77.5000017323 	 3.53747e-08
77.5735311457 	 3.53599e-08
77.6470605591 	 3.53446e-08
77.7205899725 	 3.53295e-08
77.7941193859 	 3.5315e-08
77.8676487993 	 3.52999e-08
77.9411782127 	 3.52842e-08
78.0147076261 	 3.52707e-08
78.0882370395 	 3.52556e-08
78.1617664529 	 3.52405e-08
78.2352958663 	 3.52259e-08
78.3088252798 	 3.52117e-08
78.3823546932 	 3.51967e-08
78.4558841066 	 3.51823e-08
78.52941352 	 3.51688e-08
78.6029429334 	 3.51531e-08
78.6764723468 	 3.5138e-08
78.7500017602 	 3.51247e-08
78.8235311736 	 3.51098e-08
78.897060587 	 3.50955e-08
78.9705900004 	 3.50824e-08
79.0441194138 	 3.50689e-08
79.1176488272 	 3.5054e-08
79.1911782406 	 3.50401e-08
79.2647076541 	 3.50265e-08
79.3382370675 	 3.50122e-08
79.4117664809 	 3.49989e-08
79.4852958943 	 3.4986e-08
79.5588253077 	 3.49735e-08
79.6323547211 	 3.49594e-08
79.7058841345 	 3.49452e-08
79.7794135479 	 3.49312e-08
79.8529429613 	 3.49176e-08
79.9264723747 	 3.49037e-08
80.0000017881 	 3.48904e-08
80.0735312015 	 3.48775e-08
80.147060615 	 3.48645e-08
80.2205900284 	 3.48522e-08
80.2941194418 	 3.4839e-08
80.3676488552 	 3.48263e-08
80.4411782686 	 3.48132e-08
80.514707682 	 3.4801e-08
80.5882370954 	 3.47876e-08
80.6617665088 	 3.47752e-08
80.7352959222 	 3.47617e-08
80.8088253356 	 3.47487e-08
80.882354749 	 3.47367e-08
80.9558841624 	 3.47244e-08
81.0294135759 	 3.47113e-08
81.1029429893 	 3.46989e-08
81.1764724027 	 3.46867e-08
81.2500018161 	 3.4674e-08
81.3235312295 	 3.46618e-08
81.3970606429 	 3.46502e-08
81.4705900563 	 3.46374e-08
81.5441194697 	 3.46246e-08
81.6176488831 	 3.46134e-08
81.6911782965 	 3.46024e-08
81.7647077099 	 3.45905e-08
81.8382371233 	 3.45781e-08
81.9117665368 	 3.45662e-08
81.9852959502 	 3.45546e-08
82.0588253636 	 3.45425e-08
82.132354777 	 3.45313e-08
82.2058841904 	 3.45197e-08
82.2794136038 	 3.45076e-08
82.3529430172 	 3.44952e-08
82.4264724306 	 3.44848e-08
82.500001844 	 3.44732e-08
82.5735312574 	 3.44614e-08
82.6470606708 	 3.44511e-08
82.7205900842 	 3.44397e-08
82.7941194977 	 3.44287e-08
82.8676489111 	 3.44183e-08
82.9411783245 	 3.44072e-08
83.0147077379 	 3.43953e-08
83.0882371513 	 3.43837e-08
83.1617665647 	 3.43731e-08
83.2352959781 	 3.43622e-08
83.3088253915 	 3.43516e-08
83.3823548049 	 3.43416e-08
83.4558842183 	 3.43312e-08
83.5294136317 	 3.43201e-08
83.6029430451 	 3.4309e-08
83.6764724586 	 3.42982e-08
83.750001872 	 3.42871e-08
83.8235312854 	 3.42767e-08
83.8970606988 	 3.42669e-08
83.9705901122 	 3.42573e-08
84.0441195256 	 3.42478e-08
84.117648939 	 3.42371e-08
84.1911783524 	 3.42267e-08
84.2647077658 	 3.42164e-08
84.3382371792 	 3.42059e-08
84.4117665926 	 3.41956e-08
84.485296006 	 3.4186e-08
84.5588254194 	 3.41764e-08
84.6323548329 	 3.41666e-08
84.7058842463 	 3.41565e-08
84.7794136597 	 3.4147e-08
84.8529430731 	 3.41367e-08
84.9264724865 	 3.41271e-08
85.0000018999 	 3.41178e-08
85.0735313133 	 3.41084e-08
85.1470607267 	 3.40993e-08
85.2205901401 	 3.40892e-08
85.2941195535 	 3.40802e-08
85.3676489669 	 3.40706e-08
85.4411783803 	 3.40615e-08
85.5147077938 	 3.40524e-08
85.5882372072 	 3.40425e-08
85.6617666206 	 3.40332e-08
85.735296034 	 3.40247e-08
85.8088254474 	 3.40155e-08
85.8823548608 	 3.40068e-08
85.9558842742 	 3.39979e-08
86.0294136876 	 3.39888e-08
86.102943101 	 3.398e-08
86.1764725144 	 3.39711e-08
86.2500019278 	 3.39628e-08
86.3235313412 	 3.39539e-08
86.3970607547 	 3.39454e-08
86.4705901681 	 3.39365e-08
86.5441195815 	 3.39286e-08
86.6176489949 	 3.39196e-08
86.6911784083 	 3.39108e-08
86.7647078217 	 3.39025e-08
86.8382372351 	 3.38941e-08
86.9117666485 	 3.38864e-08
86.9852960619 	 3.38769e-08
87.0588254753 	 3.38693e-08
87.1323548887 	 3.38619e-08
87.2058843021 	 3.38535e-08
87.2794137156 	 3.38454e-08
87.352943129 	 3.3838e-08
87.4264725424 	 3.38295e-08
87.5000019558 	 3.38211e-08
87.5735313692 	 3.38139e-08
87.6470607826 	 3.38057e-08
87.720590196 	 3.37975e-08
87.7941196094 	 3.37895e-08
87.8676490228 	 3.37827e-08
87.9411784362 	 3.37752e-08
88.0147078496 	 3.37681e-08
88.088237263 	 3.37607e-08
88.1617666765 	 3.37533e-08
88.2352960899 	 3.37456e-08
88.3088255033 	 3.37375e-08
88.3823549167 	 3.37305e-08
88.4558843301 	 3.37233e-08
88.5294137435 	 3.37157e-08
88.6029431569 	 3.37087e-08
88.6764725703 	 3.37021e-08
88.7500019837 	 3.36948e-08
88.8235313971 	 3.36885e-08
88.8970608105 	 3.36818e-08
88.9705902239 	 3.36749e-08
89.0441196374 	 3.36672e-08
89.1176490508 	 3.36598e-08
89.1911784642 	 3.36528e-08
89.2647078776 	 3.36456e-08
89.338237291 	 3.36392e-08
89.4117667044 	 3.36329e-08
89.4852961178 	 3.36271e-08
89.5588255312 	 3.36208e-08
89.6323549446 	 3.3614e-08
89.705884358 	 3.36077e-08
89.7794137714 	 3.36015e-08
89.8529431848 	 3.35944e-08
89.9264725982 	 3.35885e-08
90.0000020117 	 3.35818e-08
90.0735314251 	 3.35751e-08
90.1470608385 	 3.35699e-08
90.2205902519 	 3.35635e-08
90.2941196653 	 3.3557e-08
90.3676490787 	 3.35511e-08
90.4411784921 	 3.35451e-08
90.5147079055 	 3.35393e-08
90.5882373189 	 3.35337e-08
90.6617667323 	 3.3528e-08
90.7352961457 	 3.35223e-08
90.8088255591 	 3.35171e-08
90.8823549726 	 3.35109e-08
90.955884386 	 3.35048e-08
91.0294137994 	 3.34996e-08
91.1029432128 	 3.34936e-08
91.1764726262 	 3.3489e-08
91.2500020396 	 3.34842e-08
91.323531453 	 3.34774e-08
91.3970608664 	 3.34716e-08
91.4705902798 	 3.34658e-08
91.5441196932 	 3.34614e-08
91.6176491066 	 3.34565e-08
91.69117852 	 3.34517e-08
91.7647079335 	 3.34465e-08
91.8382373469 	 3.34411e-08
91.9117667603 	 3.34357e-08
91.9852961737 	 3.34303e-08
92.0588255871 	 3.34259e-08
92.1323550005 	 3.34205e-08
92.2058844139 	 3.34154e-08
92.2794138273 	 3.34122e-08
92.3529432407 	 3.34079e-08
92.4264726541 	 3.34025e-08
92.5000020675 	 3.33976e-08
92.5735314809 	 3.33925e-08
92.6470608944 	 3.33871e-08
92.7205903078 	 3.33833e-08
92.7941197212 	 3.33791e-08
92.8676491346 	 3.33744e-08
92.941178548 	 3.33701e-08
93.0147079614 	 3.33661e-08
93.0882373748 	 3.33617e-08
93.1617667882 	 3.33577e-08
93.2352962016 	 3.33538e-08
93.308825615 	 3.33488e-08
93.3823550284 	 3.33449e-08
93.4558844418 	 3.33409e-08
93.5294138553 	 3.33374e-08
93.6029432687 	 3.3334e-08
93.6764726821 	 3.33289e-08
93.7500020955 	 3.3325e-08
93.8235315089 	 3.33211e-08
93.8970609223 	 3.33169e-08
93.9705903357 	 3.33129e-08
94.0441197491 	 3.33097e-08
94.1176491625 	 3.33066e-08
94.1911785759 	 3.33021e-08
94.2647079893 	 3.3299e-08
94.3382374027 	 3.32953e-08
94.4117668161 	 3.32925e-08
94.4852962296 	 3.329e-08
94.558825643 	 3.32865e-08
94.6323550564 	 3.32829e-08
94.7058844698 	 3.32786e-08
94.7794138832 	 3.32744e-08
94.8529432966 	 3.32712e-08
94.92647271 	 3.32687e-08
95.0000021234 	 3.32656e-08
95.0735315368 	 3.32634e-08
95.1470609502 	 3.32607e-08
95.2205903636 	 3.32572e-08
95.294119777 	 3.32538e-08
95.3676491905 	 3.32509e-08
95.4411786039 	 3.32475e-08
95.5147080173 	 3.32451e-08
95.5882374307 	 3.32431e-08
95.6617668441 	 3.32407e-08
95.7352962575 	 3.32377e-08
95.8088256709 	 3.32355e-08
95.8823550843 	 3.32323e-08
95.9558844977 	 3.32299e-08
96.0294139111 	 3.32275e-08
96.1029433245 	 3.32245e-08
96.1764727379 	 3.32224e-08
96.2500021514 	 3.32199e-08
96.3235315648 	 3.32172e-08
96.3970609782 	 3.32146e-08
96.4705903916 	 3.32125e-08
96.544119805 	 3.32112e-08
96.6176492184 	 3.32095e-08
96.6911786318 	 3.32078e-08
96.7647080452 	 3.32049e-08
96.8382374586 	 3.32027e-08
96.911766872 	 3.32002e-08
96.9852962854 	 3.31982e-08
97.0588256988 	 3.31971e-08
97.1323551123 	 3.31967e-08
97.2058845257 	 3.31944e-08
97.2794139391 	 3.31928e-08
97.3529433525 	 3.3191e-08
97.4264727659 	 3.31884e-08
97.5000021793 	 3.3186e-08
97.5735315927 	 3.31848e-08
97.6470610061 	 3.31822e-08
97.7205904195 	 3.31819e-08
97.7941198329 	 3.3181e-08
97.8676492463 	 3.31801e-08
97.9411786597 	 3.31796e-08
98.0147080732 	 3.31774e-08
98.0882374866 	 3.31766e-08
98.1617669 	 3.31752e-08
98.2352963134 	 3.31733e-08
98.3088257268 	 3.31726e-08
98.3823551402 	 3.31718e-08
98.4558845536 	 3.31707e-08
98.529413967 	 3.31698e-08
98.6029433804 	 3.31694e-08
98.6764727938 	 3.31667e-08
98.7500022072 	 3.31665e-08
98.8235316206 	 3.31655e-08
98.8970610341 	 3.31655e-08
98.9705904475 	 3.3165e-08
99.0441198609 	 3.31642e-08
99.1176492743 	 3.31632e-08
99.1911786877 	 3.31627e-08
99.2647081011 	 3.31624e-08
99.3382375145 	 3.31622e-08
99.4117669279 	 3.31625e-08
99.4852963413 	 3.31622e-08
99.5588257547 	 3.3161e-08
99.6323551681 	 3.31608e-08
99.7058845815 	 3.31604e-08
99.7794139949 	 3.31588e-08
99.8529434084 	 3.31588e-08
99.9264728218 	 3.31598e-08
100.000002235 	 3.31602e-08
