0.0 	 2.90787e-05
0.0735294134082 	 5.94904e-05
0.147058826816 	 7.17569e-05
0.220588240225 	 0.000120361
0.294117653633 	 0.000144241
0.367647067041 	 0.000282222
0.441176480449 	 0.000165624
0.514705893858 	 6.65768e-05
0.588235307266 	 0.000175624
0.661764720674 	 0.00023066
0.735294134082 	 7.85117e-05
0.80882354749 	 9.21529e-05
0.882352960899 	 7.12527e-05
0.955882374307 	 5.04156e-05
1.02941178772 	 0.000122916
1.10294120112 	 2.41023e-05
1.17647061453 	 4.40228e-06
1.25000002794 	 0.000143136
1.32352944135 	 0.000104265
1.39705885476 	 1.56922e-05
1.47058826816 	 9.5496e-05
1.54411768157 	 0.00011185
1.61764709498 	 4.16932e-05
1.69117650839 	 7.83896e-05
1.7647059218 	 0.000104734
1.83823533521 	 6.41552e-05
1.91176474861 	 3.24467e-05
1.98529416202 	 6.58943e-05
2.05882357543 	 1.42711e-05
2.13235298884 	 3.98448e-05
2.20588240225 	 3.89468e-05
2.27941181565 	 4.47066e-05
2.35294122906 	 7.77658e-06
2.42647064247 	 3.0311e-05
2.50000005588 	 1.36232e-05
2.57352946929 	 1.98537e-05
2.6470588827 	 6.74189e-06
2.7205882961 	 5.0648e-05
2.79411770951 	 5.75042e-05
2.86764712292 	 9.13888e-05
2.94117653633 	 0.00012386
3.01470594974 	 0.000141376
3.08823536315 	 7.70359e-05
3.16176477655 	 8.91085e-05
3.23529418996 	 0.000128884
3.30882360337 	 0.000120368
3.38235301678 	 4.85741e-05
3.45588243019 	 9.81967e-05
3.52941184359 	 0.000204344
3.602941257 	 0.000340358
3.67647067041 	 0.000153645
3.75000008382 	 0.000287283
3.82352949723 	 0.000204634
3.89705891064 	 0.000148987
3.97058832404 	 0.000166576
4.04411773745 	 0.000144786
4.11764715086 	 0.000128606
4.19117656427 	 7.35195e-05
4.26470597768 	 2.83324e-05
4.33823539108 	 1.0833e-05
4.41176480449 	 5.96637e-06
4.4852942179 	 3.2027e-06
4.55882363131 	 1.02405e-05
4.63235304472 	 8.48503e-06
4.70588245813 	 1.71753e-05
4.77941187153 	 1.27016e-05
4.85294128494 	 2.03459e-05
4.92647069835 	 2.30468e-05
5.00000011176 	 1.93428e-05
5.07352952517 	 2.12756e-05
5.14705893858 	 1.50244e-05
5.22058835198 	 1.7933e-05
5.29411776539 	 1.5867e-05
5.3676471788 	 1.23149e-05
5.44117659221 	 9.95279e-06
5.51470600562 	 8.75229e-06
5.58823541902 	 1.27892e-05
5.66176483243 	 1.21943e-05
5.73529424584 	 1.42586e-05
5.80882365925 	 1.3026e-05
5.88235307266 	 1.1492e-05
5.95588248607 	 1.07409e-05
6.02941189947 	 8.57106e-06
6.10294131288 	 8.84444e-06
6.17647072629 	 4.60456e-06
6.2500001397 	 3.67584e-06
6.32352955311 	 3.12754e-06
6.39705896651 	 4.69758e-06
6.47058837992 	 3.12423e-06
6.54411779333 	 5.99681e-06
6.61764720674 	 6.8662e-06
6.69117662015 	 7.99404e-06
6.76470603356 	 8.53429e-06
6.83823544696 	 9.3465e-06
6.91176486037 	 7.16837e-06
6.98529427378 	 4.72995e-06
7.05882368719 	 8.12902e-06
7.1323531006 	 8.2386e-06
7.20588251401 	 7.35976e-06
7.27941192741 	 6.44385e-06
7.35294134082 	 8.12288e-06
7.42647075423 	 6.82995e-06
7.50000016764 	 6.38538e-06
7.57352958105 	 5.5796e-06
7.64705899445 	 4.84828e-06
7.72058840786 	 2.65398e-06
7.79411782127 	 4.5853e-06
7.86764723468 	 3.91616e-06
7.94117664809 	 4.64679e-06
8.0147060615 	 3.59088e-06
8.0882354749 	 3.00773e-06
8.16176488831 	 2.59882e-06
8.23529430172 	 2.22555e-06
8.30882371513 	 1.34397e-06
8.38235312854 	 2.50156e-06
8.45588254194 	 1.27006e-06
8.52941195535 	 2.01562e-06
8.60294136876 	 2.08087e-06
8.67647078217 	 1.22098e-06
8.75000019558 	 2.74277e-06
8.82352960899 	 1.35303e-06
8.89705902239 	 1.34725e-06
8.9705884358 	 3.92553e-07
9.04411784921 	 7.80648e-07
9.11764726262 	 1.12257e-06
9.19117667603 	 7.17159e-07
9.26470608944 	 3.16018e-07
9.33823550284 	 4.92785e-07
9.41176491625 	 5.89173e-07
9.48529432966 	 1.00958e-06
9.55882374307 	 1.93246e-06
9.63235315648 	 8.70922e-07
9.70588256988 	 2.74673e-06
9.77941198329 	 2.74525e-06
9.8529413967 	 2.67243e-06
9.92647081011 	 3.17709e-06
10.0000002235 	 3.25391e-06
10.0735296369 	 3.59361e-06
10.1470590503 	 2.55878e-06
10.2205884637 	 3.29655e-06
10.2941178772 	 1.72154e-06
10.3676472906 	 9.68832e-07
10.441176704 	 5.57137e-07
10.5147061174 	 2.72987e-06
10.5882355308 	 3.56626e-06
10.6617649442 	 2.56856e-06
10.7352943576 	 2.96786e-06
10.808823771 	 4.16283e-06
10.8823531844 	 4.0951e-06
10.9558825978 	 4.79284e-06
11.0294120112 	 3.74484e-06
11.1029414246 	 3.42533e-06
11.176470838 	 4.50989e-06
11.2500002515 	 3.64366e-06
11.3235296649 	 2.80205e-06
11.3970590783 	 1.24987e-06
11.4705884917 	 2.2233e-06
11.5441179051 	 3.23037e-06
11.6176473185 	 1.11557e-06
11.6911767319 	 2.73546e-06
11.7647061453 	 1.54558e-06
11.8382355587 	 3.52302e-06
11.9117649721 	 2.91149e-06
11.9852943855 	 3.85934e-06
12.0588237989 	 4.24105e-06
12.1323532124 	 1.98388e-06
12.2058826258 	 5.02324e-07
12.2794120392 	 2.52019e-06
12.3529414526 	 2.05779e-06
12.426470866 	 2.53357e-06
12.5000002794 	 3.67652e-06
12.5735296928 	 3.83815e-06
12.6470591062 	 4.14801e-06
12.7205885196 	 4.20663e-06
12.794117933 	 3.52063e-06
12.8676473464 	 3.59113e-06
12.9411767598 	 3.34526e-06
13.0147061733 	 2.48047e-06
13.0882355867 	 2.62962e-06
13.1617650001 	 2.11952e-06
13.2352944135 	 1.4946e-06
13.3088238269 	 1.31156e-06
13.3823532403 	 1.85639e-06
13.4558826537 	 1.67576e-06
13.5294120671 	 1.28873e-06
13.6029414805 	 1.68437e-06
13.6764708939 	 1.09354e-06
13.7500003073 	 1.62624e-06
13.8235297207 	 1.18966e-06
13.8970591342 	 8.53113e-07
13.9705885476 	 4.95614e-07
14.044117961 	 6.6624e-07
14.1176473744 	 4.21965e-07
14.1911767878 	 3.66298e-07
14.2647062012 	 4.07927e-07
14.3382356146 	 9.73339e-07
14.411765028 	 8.29428e-07
14.4852944414 	 1.0764e-06
14.5588238548 	 1.15438e-06
14.6323532682 	 1.56851e-06
14.7058826816 	 1.24023e-06
14.7794120951 	 8.56536e-07
14.8529415085 	 9.53354e-07
14.9264709219 	 6.88952e-07
15.0000003353 	 5.95047e-07
15.0735297487 	 5.62541e-08
15.1470591621 	 1.91159e-07
15.2205885755 	 1.51921e-07
15.2941179889 	 8.58764e-08
15.3676474023 	 1.40273e-07
15.4411768157 	 4.8855e-08
15.5147062291 	 1.40794e-07
15.5882356425 	 3.96462e-07
15.661765056 	 5.913e-07
15.7352944694 	 5.10299e-07
15.8088238828 	 1.81786e-07
15.8823532962 	 3.10063e-07
15.9558827096 	 2.32981e-07
16.029412123 	 8.0691e-08
16.1029415364 	 9.69524e-08
16.1764709498 	 5.72333e-08
16.2500003632 	 3.91133e-07
16.3235297766 	 4.14247e-07
16.39705919 	 2.79536e-07
16.4705886034 	 3.31251e-07
16.5441180168 	 3.0098e-07
16.6176474303 	 2.52771e-07
16.6911768437 	 3.04917e-07
16.7647062571 	 1.72287e-07
16.8382356705 	 2.29331e-07
16.9117650839 	 3.1563e-07
16.9852944973 	 1.78053e-07
17.0588239107 	 4.85612e-08
17.1323533241 	 2.34633e-07
17.2058827375 	 2.20205e-07
17.2794121509 	 4.78737e-07
17.3529415643 	 5.12064e-07
17.4264709777 	 3.8107e-07
17.5000003912 	 1.47959e-07
17.5735298046 	 1.84507e-07
17.647059218 	 5.84764e-08
17.7205886314 	 1.13832e-07
17.7941180448 	 6.38393e-08
17.8676474582 	 1.53385e-07
17.9411768716 	 9.69967e-08
18.014706285 	 1.12475e-07
18.0882356984 	 1.82247e-07
18.1617651118 	 6.52338e-08
18.2352945252 	 4.94419e-08
18.3088239386 	 1.09067e-07
18.3823533521 	 2.01049e-07
18.4558827655 	 6.92276e-08
18.5294121789 	 1.16675e-07
18.6029415923 	 7.87056e-08
18.6764710057 	 9.50834e-08
18.7500004191 	 1.15246e-07
18.8235298325 	 1.74695e-07
18.8970592459 	 1.01421e-07
18.9705886593 	 2.11341e-07
19.0441180727 	 1.5624e-07
19.1176474861 	 1.76359e-07
19.1911768995 	 1.56716e-07
19.264706313 	 1.78654e-07
19.3382357264 	 1.91426e-07
19.4117651398 	 2.05154e-07
19.4852945532 	 1.13686e-07
19.5588239666 	 5.56977e-09
19.63235338 	 5.24102e-08
19.7058827934 	 1.37465e-08
19.7794122068 	 8.57682e-08
19.8529416202 	 1.46501e-07
19.9264710336 	 1.09247e-07
20.000000447 	 1.28313e-07
20.0735298604 	 1.23776e-07
20.1470592739 	 1.88475e-07
20.2205886873 	 1.36428e-07
20.2941181007 	 1.96634e-07
20.3676475141 	 1.8106e-07
20.4411769275 	 1.4055e-07
20.5147063409 	 9.3583e-08
20.5882357543 	 9.10224e-08
20.6617651677 	 1.48731e-07
20.7352945811 	 1.39298e-07
20.8088239945 	 1.40067e-07
20.8823534079 	 2.03815e-07
20.9558828213 	 2.09008e-07
21.0294122347 	 2.38394e-07
21.1029416482 	 2.11819e-07
21.1764710616 	 1.4202e-07
21.250000475 	 1.17967e-07
21.3235298884 	 6.46064e-08
21.3970593018 	 4.54909e-08
21.4705887152 	 7.10159e-08
21.5441181286 	 5.41302e-08
21.617647542 	 4.69802e-08
21.6911769554 	 5.66642e-08
21.7647063688 	 9.1551e-08
21.8382357822 	 1.01026e-07
21.9117651956 	 7.09271e-08
21.9852946091 	 1.06034e-07
22.0588240225 	 7.46335e-08
22.1323534359 	 8.62317e-08
22.2058828493 	 4.44779e-08
22.2794122627 	 3.24723e-08
22.3529416761 	 7.41479e-08
22.4264710895 	 9.06258e-08
22.5000005029 	 9.96954e-08
22.5735299163 	 1.02449e-07
22.6470593297 	 9.04614e-08
22.7205887431 	 1.06956e-07
22.7941181565 	 7.68259e-08
22.86764757 	 8.47877e-08
22.9411769834 	 6.88439e-08
23.0147063968 	 3.48078e-08
23.0882358102 	 3.68231e-08
23.1617652236 	 6.25408e-08
23.235294637 	 1.00852e-07
23.3088240504 	 1.20444e-07
23.3823534638 	 1.1497e-07
23.4558828772 	 1.19389e-07
23.5294122906 	 1.18177e-07
23.602941704 	 9.65284e-08
23.6764711174 	 7.36871e-08
23.7500005309 	 5.47424e-08
23.8235299443 	 7.15736e-08
23.8970593577 	 6.34853e-08
23.9705887711 	 5.67679e-08
24.0441181845 	 5.55898e-08
24.1176475979 	 7.42652e-08
24.1911770113 	 6.55112e-08
24.2647064247 	 7.90908e-08
24.3382358381 	 8.05225e-08
24.4117652515 	 9.18527e-08
24.4852946649 	 7.8412e-08
24.5588240783 	 6.93884e-08
24.6323534918 	 3.99583e-08
24.7058829052 	 4.8429e-08
24.7794123186 	 4.46359e-08
24.852941732 	 6.50529e-08
24.9264711454 	 7.29827e-08
25.0000005588 	 8.45099e-08
25.0735299722 	 9.17219e-08
25.1470593856 	 9.66086e-08
25.220588799 	 1.00634e-07
25.2941182124 	 8.43711e-08
25.3676476258 	 6.87798e-08
25.4411770392 	 5.71502e-08
25.5147064527 	 3.69535e-08
25.5882358661 	 4.43351e-08
25.6617652795 	 5.11929e-08
25.7352946929 	 6.76449e-08
25.8088241063 	 7.39763e-08
25.8823535197 	 8.82925e-08
25.9558829331 	 8.76653e-08
26.0294123465 	 7.75066e-08
26.1029417599 	 6.62532e-08
26.1764711733 	 6.63567e-08
26.2500005867 	 6.47583e-08
26.3235300001 	 5.46804e-08
26.3970594135 	 5.0195e-08
26.470588827 	 5.50761e-08
26.5441182404 	 5.95694e-08
26.6176476538 	 6.36559e-08
26.6911770672 	 7.21093e-08
26.7647064806 	 7.07793e-08
26.838235894 	 7.51283e-08
26.9117653074 	 7.10009e-08
26.9852947208 	 7.34264e-08
27.0588241342 	 6.76623e-08
27.1323535476 	 5.8962e-08
27.205882961 	 5.02088e-08
27.2794123744 	 5.05712e-08
27.3529417879 	 5.31839e-08
27.4264712013 	 5.92792e-08
27.5000006147 	 5.78497e-08
27.5735300281 	 6.72299e-08
27.6470594415 	 7.12147e-08
27.7205888549 	 7.49739e-08
27.7941182683 	 6.95514e-08
27.8676476817 	 6.48783e-08
27.9411770951 	 5.51434e-08
28.0147065085 	 5.16533e-08
28.0882359219 	 5.24044e-08
28.1617653353 	 5.54816e-08
28.2352947488 	 5.77175e-08
28.3088241622 	 5.86739e-08
28.3823535756 	 6.18417e-08
28.455882989 	 6.43345e-08
28.5294124024 	 6.59278e-08
28.6029418158 	 6.42251e-08
28.6764712292 	 6.26369e-08
28.7500006426 	 6.09505e-08
28.823530056 	 5.63572e-08
28.8970594694 	 5.55403e-08
28.9705888828 	 5.35169e-08
29.0441182962 	 5.59271e-08
29.1176477097 	 5.74028e-08
29.1911771231 	 5.92851e-08
29.2647065365 	 6.20198e-08
29.3382359499 	 6.24724e-08
29.4117653633 	 6.35846e-08
29.4852947767 	 6.24146e-08
29.5588241901 	 5.87461e-08
29.6323536035 	 5.63247e-08
29.7058830169 	 5.37727e-08
29.7794124303 	 5.46266e-08
29.8529418437 	 5.38951e-08
29.9264712571 	 5.47591e-08
30.0000006706 	 5.6759e-08
30.073530084 	 5.74524e-08
30.1470594974 	 6.08936e-08
30.2205889108 	 5.90048e-08
30.2941183242 	 5.7135e-08
30.3676477376 	 5.65367e-08
30.441177151 	 5.50049e-08
30.5147065644 	 5.40285e-08
30.5882359778 	 5.30027e-08
30.6617653912 	 5.42295e-08
30.7352948046 	 5.56871e-08
30.808824218 	 5.65151e-08
30.8823536315 	 5.72068e-08
30.9558830449 	 5.6768e-08
31.0294124583 	 5.67244e-08
31.1029418717 	 5.61935e-08
31.1764712851 	 5.55985e-08
31.2500006985 	 5.46532e-08
31.3235301119 	 5.35582e-08
31.3970595253 	 5.22978e-08
31.4705889387 	 5.34916e-08
31.5441183521 	 5.34749e-08
31.6176477655 	 5.26439e-08
31.6911771789 	 5.26764e-08
31.7647065923 	 5.36637e-08
31.8382360058 	 5.56898e-08
31.9117654192 	 5.49498e-08
31.9852948326 	 5.51303e-08
32.058824246 	 5.36006e-08
32.1323536594 	 5.24187e-08
32.2058830728 	 5.21737e-08
32.2794124862 	 5.16841e-08
32.3529418996 	 5.12877e-08
32.426471313 	 5.16919e-08
32.5000007264 	 5.28539e-08
32.5735301398 	 5.47567e-08
32.6470595532 	 5.59101e-08
32.7205889667 	 5.57306e-08
32.7941183801 	 5.47259e-08
32.8676477935 	 5.24275e-08
32.9411772069 	 5.05951e-08
33.0147066203 	 4.98078e-08
33.0882360337 	 4.97977e-08
33.1617654471 	 4.98959e-08
33.2352948605 	 5.05205e-08
33.3088242739 	 5.11108e-08
33.3823536873 	 5.18248e-08
33.4558831007 	 5.25997e-08
33.5294125141 	 5.29969e-08
33.6029419276 	 5.19665e-08
33.676471341 	 5.14953e-08
33.7500007544 	 5.08316e-08
33.8235301678 	 5.04332e-08
33.8970595812 	 4.95048e-08
33.9705889946 	 4.95503e-08
34.044118408 	 5.00297e-08
34.1176478214 	 5.01215e-08
34.1911772348 	 5.01957e-08
34.2647066482 	 5.04103e-08
34.3382360616 	 5.08949e-08
34.411765475 	 5.09931e-08
34.4852948885 	 5.0901e-08
34.5588243019 	 5.02877e-08
34.6323537153 	 4.98204e-08
34.7058831287 	 4.92491e-08
34.7794125421 	 4.89596e-08
34.8529419555 	 4.84907e-08
34.9264713689 	 4.88076e-08
35.0000007823 	 4.89254e-08
35.0735301957 	 4.92781e-08
35.1470596091 	 4.98115e-08
35.2205890225 	 4.99377e-08
35.2941184359 	 4.94129e-08
35.3676478494 	 4.89923e-08
35.4411772628 	 4.85857e-08
35.5147066762 	 4.80981e-08
35.5882360896 	 4.77629e-08
35.661765503 	 4.74295e-08
35.7352949164 	 4.7656e-08
35.8088243298 	 4.80919e-08
35.8823537432 	 4.85285e-08
35.9558831566 	 4.87762e-08
36.02941257 	 4.86087e-08
36.1029419834 	 4.8028e-08
36.1764713968 	 4.77661e-08
36.2500008103 	 4.72572e-08
36.3235302237 	 4.72403e-08
36.3970596371 	 4.7268e-08
36.4705890505 	 4.74992e-08
36.5441184639 	 4.7293e-08
36.6176478773 	 4.7188e-08
36.6911772907 	 4.69156e-08
36.7647067041 	 4.71128e-08
36.8382361175 	 4.69526e-08
36.9117655309 	 4.71337e-08
36.9852949443 	 4.69483e-08
37.0588243577 	 4.68602e-08
37.1323537711 	 4.6704e-08
37.2058831846 	 4.66221e-08
37.279412598 	 4.65993e-08
37.3529420114 	 4.63076e-08
37.4264714248 	 4.63502e-08
37.5000008382 	 4.62609e-08
37.5735302516 	 4.62327e-08
37.647059665 	 4.63096e-08
37.7205890784 	 4.60703e-08
37.7941184918 	 4.58833e-08
37.8676479052 	 4.56213e-08
37.9411773186 	 4.55159e-08
38.014706732 	 4.53512e-08
38.0882361455 	 4.53051e-08
38.1617655589 	 4.51159e-08
38.2352949723 	 4.53078e-08
38.3088243857 	 4.52717e-08
38.3823537991 	 4.56301e-08
38.4558832125 	 4.56059e-08
38.5294126259 	 4.55454e-08
38.6029420393 	 4.53377e-08
38.6764714527 	 4.49007e-08
38.7500008661 	 4.46817e-08
38.8235302795 	 4.45325e-08
38.8970596929 	 4.45189e-08
38.9705891064 	 4.45743e-08
39.0441185198 	 4.47493e-08
39.1176479332 	 4.4801e-08
39.1911773466 	 4.46645e-08
39.26470676 	 4.45217e-08
39.3382361734 	 4.42496e-08
39.4117655868 	 4.40332e-08
39.4852950002 	 4.38593e-08
39.5588244136 	 4.38717e-08
39.632353827 	 4.38806e-08
39.7058832404 	 4.38566e-08
39.7794126538 	 4.38406e-08
39.8529420673 	 4.3846e-08
39.9264714807 	 4.37781e-08
40.0000008941 	 4.37183e-08
40.0735303075 	 4.37161e-08
40.1470597209 	 4.36389e-08
40.2205891343 	 4.34627e-08
40.2941185477 	 4.33249e-08
40.3676479611 	 4.32178e-08
40.4411773745 	 4.31128e-08
40.5147067879 	 4.3061e-08
40.5882362013 	 4.30192e-08
40.6617656147 	 4.29716e-08
40.7352950282 	 4.29594e-08
40.8088244416 	 4.28903e-08
40.882353855 	 4.29011e-08
40.9558832684 	 4.27963e-08
41.0294126818 	 4.2694e-08
41.1029420952 	 4.26706e-08
41.1764715086 	 4.25591e-08
41.250000922 	 4.24835e-08
41.3235303354 	 4.22701e-08
41.3970597488 	 4.22064e-08
41.4705891622 	 4.21577e-08
41.5441185756 	 4.21552e-08
41.6176479891 	 4.21811e-08
41.6911774025 	 4.22018e-08
41.7647068159 	 4.21863e-08
41.8382362293 	 4.20554e-08
41.9117656427 	 4.19171e-08
41.9852950561 	 4.17621e-08
42.0588244695 	 4.16314e-08
42.1323538829 	 4.15867e-08
42.2058832963 	 4.15337e-08
42.2794127097 	 4.15269e-08
42.3529421231 	 4.15055e-08
42.4264715365 	 4.1458e-08
42.5000009499 	 4.14761e-08
42.5735303634 	 4.14532e-08
42.6470597768 	 4.13351e-08
42.7205891902 	 4.12613e-08
42.7941186036 	 4.11484e-08
42.867648017 	 4.10275e-08
42.9411774304 	 4.0957e-08
43.0147068438 	 4.08843e-08
43.0882362572 	 4.08593e-08
43.1617656706 	 4.08418e-08
43.235295084 	 4.07983e-08
43.3088244974 	 4.0765e-08
43.3823539108 	 4.0691e-08
43.4558833243 	 4.06187e-08
43.5294127377 	 4.05473e-08
43.6029421511 	 4.04936e-08
43.6764715645 	 4.04178e-08
43.7500009779 	 4.03407e-08
43.8235303913 	 4.02922e-08
43.8970598047 	 4.02304e-08
43.9705892181 	 4.01762e-08
44.0441186315 	 4.01341e-08
44.1176480449 	 4.00474e-08
44.1911774583 	 4.00353e-08
44.2647068717 	 3.99596e-08
44.3382362852 	 3.9922e-08
44.4117656986 	 3.98643e-08
44.485295112 	 3.97985e-08
44.5588245254 	 3.97583e-08
44.6323539388 	 3.96953e-08
44.7058833522 	 3.96264e-08
44.7794127656 	 3.95901e-08
44.852942179 	 3.9527e-08
44.9264715924 	 3.94976e-08
45.0000010058 	 3.94329e-08
45.0735304192 	 3.9371e-08
45.1470598326 	 3.93033e-08
45.2205892461 	 3.9227e-08
45.2941186595 	 3.91865e-08
45.3676480729 	 3.91243e-08
45.4411774863 	 3.90795e-08
45.5147068997 	 3.90297e-08
45.5882363131 	 3.89683e-08
45.6617657265 	 3.89498e-08
45.7352951399 	 3.88848e-08
45.8088245533 	 3.8838e-08
45.8823539667 	 3.87839e-08
45.9558833801 	 3.87281e-08
46.0294127935 	 3.86639e-08
46.102942207 	 3.86101e-08
46.1764716204 	 3.85619e-08
46.2500010338 	 3.8522e-08
46.3235304472 	 3.84696e-08
46.3970598606 	 3.84278e-08
46.470589274 	 3.83727e-08
46.5441186874 	 3.83297e-08
46.6176481008 	 3.82879e-08
46.6911775142 	 3.82277e-08
46.7647069276 	 3.81794e-08
46.838236341 	 3.81166e-08
46.9117657544 	 3.80558e-08
46.9852951679 	 3.80071e-08
47.0588245813 	 3.79576e-08
47.1323539947 	 3.79194e-08
47.2058834081 	 3.78705e-08
47.2794128215 	 3.78236e-08
47.3529422349 	 3.77796e-08
47.4264716483 	 3.77211e-08
47.5000010617 	 3.76827e-08
47.5735304751 	 3.76388e-08
47.6470598885 	 3.75941e-08
47.7205893019 	 3.75427e-08
47.7941187153 	 3.74949e-08
47.8676481287 	 3.74444e-08
47.9411775422 	 3.73939e-08
48.0147069556 	 3.73445e-08
48.088236369 	 3.73014e-08
48.1617657824 	 3.72558e-08
48.2352951958 	 3.72137e-08
48.3088246092 	 3.7168e-08
48.3823540226 	 3.7118e-08
48.455883436 	 3.70689e-08
48.5294128494 	 3.70213e-08
48.6029422628 	 3.698e-08
48.6764716762 	 3.69344e-08
48.7500010896 	 3.689e-08
48.8235305031 	 3.68524e-08
48.8970599165 	 3.68092e-08
48.9705893299 	 3.67636e-08
49.0441187433 	 3.67157e-08
49.1176481567 	 3.6671e-08
49.1911775701 	 3.66232e-08
49.2647069835 	 3.65749e-08
49.3382363969 	 3.65257e-08
49.4117658103 	 3.64877e-08
49.4852952237 	 3.64414e-08
49.5588246371 	 3.6404e-08
49.6323540505 	 3.63611e-08
49.705883464 	 3.63251e-08
49.7794128774 	 3.62836e-08
49.8529422908 	 3.62427e-08
49.9264717042 	 3.61975e-08
50.0000011176 	 3.61519e-08
50.073530531 	 3.61058e-08
50.1470599444 	 3.60594e-08
50.2205893578 	 3.6015e-08
50.2941187712 	 3.59754e-08
50.3676481846 	 3.59356e-08
50.441177598 	 3.58962e-08
50.5147070114 	 3.58549e-08
50.5882364249 	 3.58158e-08
50.6617658383 	 3.57757e-08
50.7352952517 	 3.57351e-08
50.8088246651 	 3.56953e-08
50.8823540785 	 3.5653e-08
50.9558834919 	 3.56113e-08
51.0294129053 	 3.55681e-08
51.1029423187 	 3.55265e-08
51.1764717321 	 3.54849e-08
51.2500011455 	 3.54467e-08
51.3235305589 	 3.54091e-08
51.3970599723 	 3.53712e-08
51.4705893858 	 3.53327e-08
51.5441187992 	 3.52928e-08
51.6176482126 	 3.52519e-08
51.691177626 	 3.52133e-08
51.7647070394 	 3.51723e-08
51.8382364528 	 3.51344e-08
51.9117658662 	 3.50939e-08
51.9852952796 	 3.50544e-08
52.058824693 	 3.50163e-08
52.1323541064 	 3.49779e-08
52.2058835198 	 3.49406e-08
52.2794129332 	 3.49034e-08
52.3529423467 	 3.48655e-08
52.4264717601 	 3.48274e-08
52.5000011735 	 3.47903e-08
52.5735305869 	 3.4752e-08
52.6470600003 	 3.47153e-08
52.7205894137 	 3.46762e-08
52.7941188271 	 3.46399e-08
52.8676482405 	 3.46011e-08
52.9411776539 	 3.45636e-08
53.0147070673 	 3.45288e-08
53.0882364807 	 3.44928e-08
53.1617658941 	 3.44577e-08
53.2352953075 	 3.44206e-08
53.308824721 	 3.43829e-08
53.3823541344 	 3.43473e-08
53.4558835478 	 3.43099e-08
53.5294129612 	 3.42724e-08
53.6029423746 	 3.42363e-08
53.676471788 	 3.42016e-08
53.7500012014 	 3.41654e-08
53.8235306148 	 3.41314e-08
53.8970600282 	 3.40982e-08
53.9705894416 	 3.40634e-08
54.044118855 	 3.40277e-08
54.1176482684 	 3.39924e-08
54.1911776819 	 3.39564e-08
54.2647070953 	 3.39213e-08
54.3382365087 	 3.38856e-08
54.4117659221 	 3.3851e-08
54.4852953355 	 3.38159e-08
54.5588247489 	 3.37813e-08
54.6323541623 	 3.3747e-08
54.7058835757 	 3.37144e-08
54.7794129891 	 3.36806e-08
54.8529424025 	 3.3648e-08
54.9264718159 	 3.36142e-08
55.0000012293 	 3.35815e-08
55.0735306428 	 3.35482e-08
55.1470600562 	 3.35148e-08
55.2205894696 	 3.34798e-08
55.294118883 	 3.34458e-08
55.3676482964 	 3.34121e-08
55.4411777098 	 3.33782e-08
55.5147071232 	 3.33453e-08
55.5882365366 	 3.33143e-08
55.66176595 	 3.32823e-08
55.7352953634 	 3.325e-08
55.8088247768 	 3.32178e-08
55.8823541902 	 3.31858e-08
55.9558836037 	 3.31538e-08
56.0294130171 	 3.31207e-08
56.1029424305 	 3.30889e-08
56.1764718439 	 3.30568e-08
56.2500012573 	 3.30241e-08
56.3235306707 	 3.2993e-08
56.3970600841 	 3.29615e-08
56.4705894975 	 3.29311e-08
56.5441189109 	 3.28985e-08
56.6176483243 	 3.28668e-08
56.6911777377 	 3.28365e-08
56.7647071511 	 3.28052e-08
56.8382365646 	 3.27748e-08
56.911765978 	 3.27443e-08
56.9852953914 	 3.27136e-08
57.0588248048 	 3.2683e-08
57.1323542182 	 3.2652e-08
57.2058836316 	 3.26209e-08
57.279413045 	 3.25908e-08
57.3529424584 	 3.25603e-08
57.4264718718 	 3.25302e-08
57.5000012852 	 3.25007e-08
57.5735306986 	 3.24713e-08
57.647060112 	 3.24412e-08
57.7205895254 	 3.24113e-08
57.7941189389 	 3.23817e-08
57.8676483523 	 3.23528e-08
57.9411777657 	 3.2323e-08
58.0147071791 	 3.22936e-08
58.0882365925 	 3.2264e-08
58.1617660059 	 3.22344e-08
58.2352954193 	 3.22057e-08
58.3088248327 	 3.21771e-08
58.3823542461 	 3.21485e-08
58.4558836595 	 3.21191e-08
58.5294130729 	 3.20911e-08
58.6029424863 	 3.20619e-08
58.6764718998 	 3.20336e-08
58.7500013132 	 3.20052e-08
58.8235307266 	 3.19773e-08
58.89706014 	 3.19483e-08
58.9705895534 	 3.19208e-08
59.0441189668 	 3.18936e-08
59.1176483802 	 3.18651e-08
59.1911777936 	 3.18374e-08
59.264707207 	 3.18089e-08
59.3382366204 	 3.17815e-08
59.4117660338 	 3.17535e-08
59.4852954472 	 3.17262e-08
59.5588248607 	 3.16996e-08
59.6323542741 	 3.16716e-08
59.7058836875 	 3.16447e-08
59.7794131009 	 3.16185e-08
59.8529425143 	 3.15912e-08
59.9264719277 	 3.15641e-08
60.0000013411 	 3.15369e-08
60.0735307545 	 3.15102e-08
60.1470601679 	 3.1483e-08
60.2205895813 	 3.14568e-08
60.2941189947 	 3.14304e-08
60.3676484081 	 3.1404e-08
60.4411778216 	 3.13774e-08
60.514707235 	 3.13519e-08
60.5882366484 	 3.13258e-08
60.6617660618 	 3.12999e-08
60.7352954752 	 3.12739e-08
60.8088248886 	 3.1248e-08
60.882354302 	 3.12217e-08
60.9558837154 	 3.11958e-08
61.0294131288 	 3.11697e-08
61.1029425422 	 3.11443e-08
61.1764719556 	 3.11189e-08
61.250001369 	 3.1094e-08
61.3235307825 	 3.10694e-08
61.3970601959 	 3.10442e-08
61.4705896093 	 3.10193e-08
61.5441190227 	 3.09936e-08
61.6176484361 	 3.09687e-08
61.6911778495 	 3.09438e-08
61.7647072629 	 3.09182e-08
61.8382366763 	 3.08934e-08
61.9117660897 	 3.08691e-08
61.9852955031 	 3.08445e-08
62.0588249165 	 3.08206e-08
62.1323543299 	 3.07969e-08
62.2058837434 	 3.07722e-08
62.2794131568 	 3.07476e-08
62.3529425702 	 3.07229e-08
62.4264719836 	 3.0699e-08
62.500001397 	 3.0675e-08
62.5735308104 	 3.06512e-08
62.6470602238 	 3.0628e-08
62.7205896372 	 3.06038e-08
62.7941190506 	 3.05801e-08
62.867648464 	 3.05567e-08
62.9411778774 	 3.05335e-08
63.0147072908 	 3.05105e-08
63.0882367042 	 3.04859e-08
63.1617661177 	 3.04636e-08
63.2352955311 	 3.04395e-08
63.3088249445 	 3.04157e-08
63.3823543579 	 3.0393e-08
63.4558837713 	 3.03707e-08
63.5294131847 	 3.03476e-08
63.6029425981 	 3.03246e-08
63.6764720115 	 3.03027e-08
63.7500014249 	 3.02795e-08
63.8235308383 	 3.02569e-08
63.8970602517 	 3.02339e-08
63.9705896651 	 3.02118e-08
64.0441190786 	 3.01901e-08
64.117648492 	 3.01671e-08
64.1911779054 	 3.01455e-08
64.2647073188 	 3.01234e-08
64.3382367322 	 3.01003e-08
64.4117661456 	 3.00778e-08
64.485295559 	 3.00559e-08
64.5588249724 	 3.00345e-08
64.6323543858 	 3.00127e-08
64.7058837992 	 2.99913e-08
64.7794132126 	 2.99699e-08
64.852942626 	 2.99485e-08
64.9264720395 	 2.99271e-08
65.0000014529 	 2.9905e-08
65.0735308663 	 2.98833e-08
65.1470602797 	 2.98626e-08
65.2205896931 	 2.9841e-08
65.2941191065 	 2.98199e-08
65.3676485199 	 2.97991e-08
65.4411779333 	 2.97776e-08
65.5147073467 	 2.97566e-08
65.5882367601 	 2.97364e-08
65.6617661735 	 2.97156e-08
65.7352955869 	 2.96947e-08
65.8088250004 	 2.96733e-08
65.8823544138 	 2.96531e-08
65.9558838272 	 2.96324e-08
66.0294132406 	 2.96123e-08
66.102942654 	 2.95921e-08
66.1764720674 	 2.95714e-08
66.2500014808 	 2.95513e-08
66.3235308942 	 2.95312e-08
66.3970603076 	 2.95118e-08
66.470589721 	 2.94912e-08
66.5441191344 	 2.94711e-08
66.6176485478 	 2.94511e-08
66.6911779613 	 2.94305e-08
66.7647073747 	 2.94109e-08
66.8382367881 	 2.93911e-08
66.9117662015 	 2.9372e-08
66.9852956149 	 2.93523e-08
67.0588250283 	 2.93337e-08
67.1323544417 	 2.93142e-08
67.2058838551 	 2.92938e-08
67.2794132685 	 2.92738e-08
67.3529426819 	 2.92546e-08
67.4264720953 	 2.92353e-08
67.5000015087 	 2.92176e-08
67.5735309222 	 2.91993e-08
67.6470603356 	 2.91803e-08
67.720589749 	 2.91605e-08
67.7941191624 	 2.91408e-08
67.8676485758 	 2.91217e-08
67.9411779892 	 2.91028e-08
68.0147074026 	 2.90849e-08
68.088236816 	 2.90664e-08
68.1617662294 	 2.90475e-08
68.2352956428 	 2.90288e-08
68.3088250562 	 2.90101e-08
68.3823544696 	 2.89922e-08
68.455883883 	 2.89742e-08
68.5294132965 	 2.89565e-08
68.6029427099 	 2.89381e-08
68.6764721233 	 2.89195e-08
68.7500015367 	 2.89016e-08
68.8235309501 	 2.88834e-08
68.8970603635 	 2.88652e-08
68.9705897769 	 2.88476e-08
69.0441191903 	 2.88301e-08
69.1176486037 	 2.88117e-08
69.1911780171 	 2.87937e-08
69.2647074305 	 2.87769e-08
69.3382368439 	 2.87587e-08
69.4117662574 	 2.87414e-08
69.4852956708 	 2.87244e-08
69.5588250842 	 2.87073e-08
69.6323544976 	 2.86889e-08
69.705883911 	 2.86723e-08
69.7794133244 	 2.86552e-08
69.8529427378 	 2.86377e-08
69.9264721512 	 2.86201e-08
70.0000015646 	 2.86038e-08
70.073530978 	 2.85866e-08
70.1470603914 	 2.85693e-08
70.2205898048 	 2.85529e-08
70.2941192183 	 2.85364e-08
70.3676486317 	 2.85196e-08
70.4411780451 	 2.85025e-08
70.5147074585 	 2.8486e-08
70.5882368719 	 2.84692e-08
70.6617662853 	 2.84519e-08
70.7352956987 	 2.84363e-08
70.8088251121 	 2.84203e-08
70.8823545255 	 2.84039e-08
70.9558839389 	 2.83876e-08
71.0294133523 	 2.83714e-08
71.1029427657 	 2.83546e-08
71.1764721792 	 2.83385e-08
71.2500015926 	 2.83227e-08
71.323531006 	 2.83064e-08
71.3970604194 	 2.82903e-08
71.4705898328 	 2.8275e-08
71.5441192462 	 2.82594e-08
71.6176486596 	 2.82434e-08
71.691178073 	 2.82272e-08
71.7647074864 	 2.82112e-08
71.8382368998 	 2.81957e-08
71.9117663132 	 2.81805e-08
71.9852957266 	 2.81657e-08
72.0588251401 	 2.81498e-08
72.1323545535 	 2.81344e-08
72.2058839669 	 2.81192e-08
72.2794133803 	 2.81036e-08
72.3529427937 	 2.80884e-08
72.4264722071 	 2.80733e-08
72.5000016205 	 2.80587e-08
72.5735310339 	 2.80433e-08
72.6470604473 	 2.80277e-08
72.7205898607 	 2.80128e-08
72.7941192741 	 2.7998e-08
72.8676486875 	 2.79827e-08
72.941178101 	 2.79691e-08
73.0147075144 	 2.79543e-08
73.0882369278 	 2.79393e-08
73.1617663412 	 2.79241e-08
73.2352957546 	 2.79096e-08
73.308825168 	 2.78952e-08
73.3823545814 	 2.78811e-08
73.4558839948 	 2.7867e-08
73.5294134082 	 2.78523e-08
73.6029428216 	 2.78374e-08
73.676472235 	 2.78237e-08
73.7500016484 	 2.78092e-08
73.8235310618 	 2.77941e-08
73.8970604753 	 2.77802e-08
73.9705898887 	 2.77665e-08
74.0441193021 	 2.77526e-08
74.1176487155 	 2.77388e-08
74.1911781289 	 2.77257e-08
74.2647075423 	 2.77115e-08
74.3382369557 	 2.76969e-08
74.4117663691 	 2.76836e-08
74.4852957825 	 2.76697e-08
74.5588251959 	 2.76561e-08
74.6323546093 	 2.76422e-08
74.7058840227 	 2.76288e-08
74.7794134362 	 2.76154e-08
74.8529428496 	 2.76022e-08
74.926472263 	 2.75891e-08
75.0000016764 	 2.75754e-08
75.0735310898 	 2.75615e-08
75.1470605032 	 2.75484e-08
75.2205899166 	 2.75355e-08
75.29411933 	 2.75223e-08
75.3676487434 	 2.75093e-08
75.4411781568 	 2.74968e-08
75.5147075702 	 2.74829e-08
75.5882369836 	 2.74702e-08
75.6617663971 	 2.74576e-08
75.7352958105 	 2.74441e-08
75.8088252239 	 2.74314e-08
75.8823546373 	 2.74195e-08
75.9558840507 	 2.74059e-08
76.0294134641 	 2.7393e-08
76.1029428775 	 2.73814e-08
76.1764722909 	 2.73688e-08
76.2500017043 	 2.73555e-08
76.3235311177 	 2.73434e-08
76.3970605311 	 2.73307e-08
76.4705899445 	 2.73181e-08
76.544119358 	 2.73056e-08
76.6176487714 	 2.72937e-08
76.6911781848 	 2.72811e-08
76.7647075982 	 2.72694e-08
76.8382370116 	 2.72572e-08
76.911766425 	 2.72456e-08
76.9852958384 	 2.72336e-08
77.0588252518 	 2.7221e-08
77.1323546652 	 2.72091e-08
77.2058840786 	 2.71973e-08
77.279413492 	 2.71853e-08
77.3529429054 	 2.71742e-08
77.4264723189 	 2.71621e-08
77.5000017323 	 2.71497e-08
77.5735311457 	 2.71388e-08
77.6470605591 	 2.71269e-08
77.7205899725 	 2.71148e-08
77.7941193859 	 2.71041e-08
77.8676487993 	 2.70925e-08
77.9411782127 	 2.70808e-08
78.0147076261 	 2.70697e-08
78.0882370395 	 2.70585e-08
78.1617664529 	 2.70464e-08
78.2352958663 	 2.70356e-08
78.3088252798 	 2.70242e-08
78.3823546932 	 2.70128e-08
78.4558841066 	 2.70021e-08
78.52941352 	 2.69913e-08
78.6029429334 	 2.69804e-08
78.6764723468 	 2.69699e-08
78.7500017602 	 2.6958e-08
78.8235311736 	 2.69469e-08
78.897060587 	 2.69362e-08
78.9705900004 	 2.69254e-08
79.0441194138 	 2.6914e-08
79.1176488272 	 2.69042e-08
79.1911782406 	 2.68936e-08
79.2647076541 	 2.68828e-08
79.3382370675 	 2.68721e-08
79.4117664809 	 2.68615e-08
79.4852958943 	 2.68514e-08
79.5588253077 	 2.68414e-08
79.6323547211 	 2.683e-08
79.7058841345 	 2.68197e-08
79.7794135479 	 2.68098e-08
79.8529429613 	 2.67988e-08
79.9264723747 	 2.67894e-08
80.0000017881 	 2.67796e-08
80.0735312015 	 2.67692e-08
80.147060615 	 2.67591e-08
80.2205900284 	 2.67488e-08
80.2941194418 	 2.6739e-08
80.3676488552 	 2.67291e-08
80.4411782686 	 2.67188e-08
80.514707682 	 2.67083e-08
80.5882370954 	 2.66988e-08
80.6617665088 	 2.66891e-08
80.7352959222 	 2.66803e-08
80.8088253356 	 2.66704e-08
80.882354749 	 2.66607e-08
80.9558841624 	 2.66506e-08
81.0294135759 	 2.66411e-08
81.1029429893 	 2.66313e-08
81.1764724027 	 2.6621e-08
81.2500018161 	 2.66127e-08
81.3235312295 	 2.66036e-08
81.3970606429 	 2.65934e-08
81.4705900563 	 2.65851e-08
81.5441194697 	 2.65756e-08
81.6176488831 	 2.65662e-08
81.6911782965 	 2.65567e-08
81.7647077099 	 2.65477e-08
81.8382371233 	 2.65385e-08
81.9117665368 	 2.65291e-08
81.9852959502 	 2.65196e-08
82.0588253636 	 2.6511e-08
82.132354777 	 2.65022e-08
82.2058841904 	 2.64937e-08
82.2794136038 	 2.64853e-08
82.3529430172 	 2.64772e-08
82.4264724306 	 2.64678e-08
82.500001844 	 2.64586e-08
82.5735312574 	 2.64499e-08
82.6470606708 	 2.6441e-08
82.7205900842 	 2.64323e-08
82.7941194977 	 2.64241e-08
82.8676489111 	 2.64155e-08
82.9411783245 	 2.64065e-08
83.0147077379 	 2.63979e-08
83.0882371513 	 2.63899e-08
83.1617665647 	 2.63815e-08
83.2352959781 	 2.63734e-08
83.3088253915 	 2.63653e-08
83.3823548049 	 2.6357e-08
83.4558842183 	 2.63492e-08
83.5294136317 	 2.63411e-08
83.6029430451 	 2.63327e-08
83.6764724586 	 2.63242e-08
83.750001872 	 2.63153e-08
83.8235312854 	 2.63078e-08
83.8970606988 	 2.62991e-08
83.9705901122 	 2.62925e-08
84.0441195256 	 2.62848e-08
84.117648939 	 2.6278e-08
84.1911783524 	 2.62697e-08
84.2647077658 	 2.62612e-08
84.3382371792 	 2.62535e-08
84.4117665926 	 2.62451e-08
84.485296006 	 2.62372e-08
84.5588254194 	 2.62299e-08
84.6323548329 	 2.62225e-08
84.7058842463 	 2.62152e-08
84.7794136597 	 2.62082e-08
84.8529430731 	 2.62008e-08
84.9264724865 	 2.61938e-08
85.0000018999 	 2.61862e-08
85.0735313133 	 2.61783e-08
85.1470607267 	 2.61716e-08
85.2205901401 	 2.61638e-08
85.2941195535 	 2.61563e-08
85.3676489669 	 2.61486e-08
85.4411783803 	 2.61417e-08
85.5147077938 	 2.61349e-08
85.5882372072 	 2.61278e-08
85.6617666206 	 2.61218e-08
85.735296034 	 2.61146e-08
85.8088254474 	 2.61072e-08
85.8823548608 	 2.61005e-08
85.9558842742 	 2.60933e-08
86.0294136876 	 2.60862e-08
86.102943101 	 2.60797e-08
86.1764725144 	 2.6074e-08
86.2500019278 	 2.60668e-08
86.3235313412 	 2.60602e-08
86.3970607547 	 2.60529e-08
86.4705901681 	 2.60466e-08
86.5441195815 	 2.60402e-08
86.6176489949 	 2.60329e-08
86.6911784083 	 2.60266e-08
86.7647078217 	 2.60205e-08
86.8382372351 	 2.60138e-08
86.9117666485 	 2.60077e-08
86.9852960619 	 2.60025e-08
87.0588254753 	 2.5996e-08
87.1323548887 	 2.59892e-08
87.2058843021 	 2.59838e-08
87.2794137156 	 2.59768e-08
87.352943129 	 2.59706e-08
87.4264725424 	 2.59642e-08
87.5000019558 	 2.59576e-08
87.5735313692 	 2.59517e-08
87.6470607826 	 2.59451e-08
87.720590196 	 2.59399e-08
87.7941196094 	 2.59345e-08
87.8676490228 	 2.59288e-08
87.9411784362 	 2.59235e-08
88.0147078496 	 2.59172e-08
88.088237263 	 2.59122e-08
88.1617666765 	 2.59057e-08
88.2352960899 	 2.58997e-08
88.3088255033 	 2.58937e-08
88.3823549167 	 2.58873e-08
88.4558843301 	 2.58819e-08
88.5294137435 	 2.5877e-08
88.6029431569 	 2.5872e-08
88.6764725703 	 2.58668e-08
88.7500019837 	 2.58616e-08
88.8235313971 	 2.58566e-08
88.8970608105 	 2.58514e-08
88.9705902239 	 2.58458e-08
89.0441196374 	 2.58396e-08
89.1176490508 	 2.58346e-08
89.1911784642 	 2.58289e-08
89.2647078776 	 2.58234e-08
89.338237291 	 2.58189e-08
89.4117667044 	 2.58138e-08
89.4852961178 	 2.58085e-08
89.5588255312 	 2.5804e-08
89.6323549446 	 2.57996e-08
89.705884358 	 2.57942e-08
89.7794137714 	 2.57889e-08
89.8529431848 	 2.57836e-08
89.9264725982 	 2.57797e-08
90.0000020117 	 2.57745e-08
90.0735314251 	 2.57702e-08
90.1470608385 	 2.57651e-08
90.2205902519 	 2.57603e-08
90.2941196653 	 2.57555e-08
90.3676490787 	 2.57505e-08
90.4411784921 	 2.57471e-08
90.5147079055 	 2.57428e-08
90.5882373189 	 2.57381e-08
90.6617667323 	 2.57336e-08
90.7352961457 	 2.57282e-08
90.8088255591 	 2.57236e-08
90.8823549726 	 2.5719e-08
90.955884386 	 2.57148e-08
91.0294137994 	 2.57113e-08
91.1029432128 	 2.57069e-08
91.1764726262 	 2.57029e-08
91.2500020396 	 2.56984e-08
91.323531453 	 2.56947e-08
91.3970608664 	 2.56914e-08
91.4705902798 	 2.5687e-08
91.5441196932 	 2.56829e-08
91.6176491066 	 2.56774e-08
91.69117852 	 2.56738e-08
91.7647079335 	 2.56698e-08
91.8382373469 	 2.56663e-08
91.9117667603 	 2.56626e-08
91.9852961737 	 2.56587e-08
92.0588255871 	 2.56547e-08
92.1323550005 	 2.56504e-08
92.2058844139 	 2.56476e-08
92.2794138273 	 2.56437e-08
92.3529432407 	 2.56398e-08
92.4264726541 	 2.56358e-08
92.5000020675 	 2.56329e-08
92.5735314809 	 2.56299e-08
92.6470608944 	 2.56263e-08
92.7205903078 	 2.56231e-08
92.7941197212 	 2.56196e-08
92.8676491346 	 2.56156e-08
92.941178548 	 2.56117e-08
93.0147079614 	 2.56087e-08
93.0882373748 	 2.56045e-08
93.1617667882 	 2.56018e-08
93.2352962016 	 2.55987e-08
93.308825615 	 2.55959e-08
93.3823550284 	 2.55931e-08
93.4558844418 	 2.55899e-08
93.5294138553 	 2.55872e-08
93.6029432687 	 2.5584e-08
93.6764726821 	 2.55811e-08
93.7500020955 	 2.55775e-08
93.8235315089 	 2.55745e-08
93.8970609223 	 2.55713e-08
93.9705903357 	 2.5568e-08
94.0441197491 	 2.55656e-08
94.1176491625 	 2.55627e-08
94.1911785759 	 2.55599e-08
94.2647079893 	 2.55574e-08
94.3382374027 	 2.55555e-08
94.4117668161 	 2.55527e-08
94.4852962296 	 2.55497e-08
94.558825643 	 2.55466e-08
94.6323550564 	 2.55438e-08
94.7058844698 	 2.55412e-08
94.7794138832 	 2.55392e-08
94.8529432966 	 2.55374e-08
94.92647271 	 2.55355e-08
95.0000021234 	 2.55323e-08
95.0735315368 	 2.55301e-08
95.1470609502 	 2.55287e-08
95.2205903636 	 2.55248e-08
95.294119777 	 2.55221e-08
95.3676491905 	 2.55206e-08
95.4411786039 	 2.55179e-08
95.5147080173 	 2.55158e-08
95.5882374307 	 2.55148e-08
95.6617668441 	 2.55122e-08
95.7352962575 	 2.55096e-08
95.8088256709 	 2.55083e-08
95.8823550843 	 2.55063e-08
95.9558844977 	 2.55047e-08
96.0294139111 	 2.55029e-08
96.1029433245 	 2.55011e-08
96.1764727379 	 2.54984e-08
96.2500021514 	 2.54967e-08
96.3235315648 	 2.54951e-08
96.3970609782 	 2.54933e-08
96.4705903916 	 2.54912e-08
96.544119805 	 2.549e-08
96.6176492184 	 2.54881e-08
96.6911786318 	 2.54871e-08
96.7647080452 	 2.54851e-08
96.8382374586 	 2.54836e-08
96.911766872 	 2.54823e-08
96.9852962854 	 2.54802e-08
97.0588256988 	 2.54794e-08
97.1323551123 	 2.54782e-08
97.2058845257 	 2.54771e-08
97.2794139391 	 2.54761e-08
97.3529433525 	 2.54741e-08
97.4264727659 	 2.54733e-08
97.5000021793 	 2.54717e-08
97.5735315927 	 2.54699e-08
97.6470610061 	 2.5468e-08
97.7205904195 	 2.54677e-08
97.7941198329 	 2.54671e-08
97.8676492463 	 2.5466e-08
97.9411786597 	 2.54652e-08
98.0147080732 	 2.54645e-08
98.0882374866 	 2.5463e-08
98.1617669 	 2.54621e-08
98.2352963134 	 2.54617e-08
98.3088257268 	 2.54609e-08
98.3823551402 	 2.54595e-08
98.4558845536 	 2.54588e-08
98.529413967 	 2.54583e-08
98.6029433804 	 2.54569e-08
98.6764727938 	 2.54562e-08
98.7500022072 	 2.54562e-08
98.8235316206 	 2.54556e-08
98.8970610341 	 2.54548e-08
98.9705904475 	 2.54547e-08
99.0441198609 	 2.54538e-08
99.1176492743 	 2.54527e-08
99.1911786877 	 2.54534e-08
99.2647081011 	 2.54526e-08
99.3382375145 	 2.54518e-08
99.4117669279 	 2.54518e-08
99.4852963413 	 2.54524e-08
99.5588257547 	 2.54516e-08
99.6323551681 	 2.5452e-08
99.7058845815 	 2.54512e-08
99.7794139949 	 2.54509e-08
99.8529434084 	 2.54505e-08
99.9264728218 	 2.54503e-08
100.000002235 	 2.54509e-08
