0.0 	 -3.79217e-17
0.01 	 -2.2727e-09
0.02 	 -2.4007e-08
0.03 	 -1.17571e-07
0.04 	 -3.53586e-07
0.05 	 -7.23239e-07
0.06 	 -1.02414e-06
0.07 	 -8.61804e-07
0.08 	 2.17052e-07
0.09 	 2.57985e-06
0.1 	 6.44563e-06
0.11 	 1.18997e-05
0.12 	 1.8939e-05
0.13 	 2.7512e-05
0.14 	 3.75505e-05
0.15 	 4.9007e-05
0.16 	 6.1894e-05
0.17 	 7.63002e-05
0.18 	 9.23689e-05
0.19 	 0.000110239
0.2 	 0.00012997
0.21 	 0.000151509
0.22 	 0.000174708
0.23 	 0.000199384
0.24 	 0.000225314
0.25 	 0.000252182
0.26 	 0.000279522
0.27 	 0.000306699
0.28 	 0.000332972
0.29 	 0.000357645
0.3 	 0.000380227
0.31 	 0.000400464
0.32 	 0.000418209
0.33 	 0.000433236
0.34 	 0.000445118
0.35 	 0.000453202
0.36 	 0.000456682
0.37 	 0.000454791
0.38 	 0.000446966
0.39 	 0.000432876
0.4 	 0.000412334
0.41 	 0.000385246
0.42 	 0.00035167
0.43 	 0.000311922
0.44 	 0.000266652
0.45 	 0.000216889
0.46 	 0.000164043
0.47 	 0.000109732
0.48 	 5.53529e-05
0.49 	 1.59318e-06
0.5 	 -5.18083e-05
0.51 	 -0.000105976
0.52 	 -0.000162537
0.53 	 -0.000223023
0.54 	 -0.000288227
0.55 	 -0.000357939
0.56 	 -0.00043137
0.57 	 -0.000508045
0.58 	 -0.000588557
0.59 	 -0.000674634
0.6 	 -0.000768452
0.61 	 -0.000871618
0.62 	 -0.000984396
0.63 	 -0.00110557
0.64 	 -0.00123307
0.65 	 -0.0013648
0.66 	 -0.001499
0.67 	 -0.00163383
0.68 	 -0.00176711
0.69 	 -0.00189647
0.7 	 -0.00202003
0.71 	 -0.00213665
0.72 	 -0.00224551
0.73 	 -0.00234551
0.74 	 -0.00243498
0.75 	 -0.00251193
0.76 	 -0.00257472
0.77 	 -0.00262249
0.78 	 -0.00265533
0.79 	 -0.00267413
0.8 	 -0.00268023
0.81 	 -0.00267529
0.82 	 -0.00266099
0.83 	 -0.00263897
0.84 	 -0.00261094
0.85 	 -0.00257895
0.86 	 -0.00254565
0.87 	 -0.00251439
0.88 	 -0.00248905
0.89 	 -0.00247373
0.9 	 -0.00247227
0.91 	 -0.00248744
0.92 	 -0.00252024
0.93 	 -0.00257004
0.94 	 -0.00263521
0.95 	 -0.00271384
0.96 	 -0.00280411
0.97 	 -0.00290427
0.98 	 -0.00301236
0.99 	 -0.00312607
1.0 	 -0.00324255
1.01 	 -0.00335833
1.02 	 -0.00346926
1.03 	 -0.00357076
1.04 	 -0.00365854
1.05 	 -0.00372953
1.06 	 -0.00378259
1.07 	 -0.00381852
1.08 	 -0.0038394
1.09 	 -0.00384772
1.1 	 -0.00384566
1.11 	 -0.00383486
1.12 	 -0.00381635
1.13 	 -0.00379085
1.14 	 -0.00375904
1.15 	 -0.00372202
1.16 	 -0.00368166
1.17 	 -0.00364097
1.18 	 -0.0036042
1.19 	 -0.00357637
1.2 	 -0.00356234
1.21 	 -0.00356586
1.22 	 -0.00358911
1.23 	 -0.00363298
1.24 	 -0.00369758
1.25 	 -0.00378264
1.26 	 -0.00388738
1.27 	 -0.00401016
1.28 	 -0.00414802
1.29 	 -0.0042967
1.3 	 -0.00445108
1.31 	 -0.00460604
1.32 	 -0.004757
1.33 	 -0.0049004
1.34 	 -0.0050337
1.35 	 -0.00515518
1.36 	 -0.00526351
1.37 	 -0.00535741
1.38 	 -0.0054359
1.39 	 -0.00549875
1.4 	 -0.00554678
1.41 	 -0.00558164
1.42 	 -0.00560549
1.43 	 -0.00562106
1.44 	 -0.00563201
1.45 	 -0.00564296
1.46 	 -0.0056585
1.47 	 -0.0056819
1.48 	 -0.00571455
1.49 	 -0.00575617
1.5 	 -0.00580588
1.51 	 -0.0058631
1.52 	 -0.00592815
1.53 	 -0.00600217
1.54 	 -0.00608671
1.55 	 -0.00618281
1.56 	 -0.00629
1.57 	 -0.00640594
1.58 	 -0.00652723
1.59 	 -0.00665076
1.6 	 -0.00677437
1.61 	 -0.00689659
1.62 	 -0.00701594
1.63 	 -0.00713043
1.64 	 -0.00723783
1.65 	 -0.00733628
1.66 	 -0.00742485
1.67 	 -0.00750352
1.68 	 -0.00757285
1.69 	 -0.00763344
1.7 	 -0.0076855
1.71 	 -0.00772866
1.72 	 -0.00776187
1.73 	 -0.00778362
1.74 	 -0.00779235
1.75 	 -0.00778707
1.76 	 -0.00776809
1.77 	 -0.00773723
1.78 	 -0.00769724
1.79 	 -0.00765054
1.8 	 -0.00759832
1.81 	 -0.00754074
1.82 	 -0.00747788
1.83 	 -0.00741078
1.84 	 -0.00734184
1.85 	 -0.00727425
1.86 	 -0.00721109
1.87 	 -0.0071546
1.88 	 -0.00710561
1.89 	 -0.0070633
1.9 	 -0.00702532
1.91 	 -0.00698849
1.92 	 -0.00694991
1.93 	 -0.00690806
1.94 	 -0.00686297
1.95 	 -0.00681584
1.96 	 -0.00676803
1.97 	 -0.00672006
1.98 	 -0.00667086
1.99 	 -0.00661805
2.0 	 -0.00655927
2.01 	 -0.00649357
2.02 	 -0.00642203
2.03 	 -0.00634701
2.04 	 -0.00627083
2.05 	 -0.00619466
2.06 	 -0.00611853
2.07 	 -0.00604181
2.08 	 -0.00596382
2.09 	 -0.00588401
2.1 	 -0.00580222
2.11 	 -0.00571895
2.12 	 -0.00563534
2.13 	 -0.00555294
2.14 	 -0.00547321
2.15 	 -0.00539722
2.16 	 -0.00532578
2.17 	 -0.00525962
2.18 	 -0.00519987
2.19 	 -0.00514817
2.2 	 -0.00510657
2.21 	 -0.00507683
2.22 	 -0.00505957
2.23 	 -0.0050539
2.24 	 -0.00505764
2.25 	 -0.00506774
2.26 	 -0.00508087
2.27 	 -0.00509373
2.28 	 -0.00510327
2.29 	 -0.00510682
2.3 	 -0.00510193
2.31 	 -0.00508605
2.32 	 -0.00505638
2.33 	 -0.00501019
2.34 	 -0.00494556
2.35 	 -0.00486196
2.36 	 -0.00476017
2.37 	 -0.00464193
2.38 	 -0.0045098
2.39 	 -0.0043673
2.4 	 -0.00421879
2.41 	 -0.00406893
2.42 	 -0.00392187
2.43 	 -0.0037809
2.44 	 -0.00364888
2.45 	 -0.00352897
2.46 	 -0.00342458
2.47 	 -0.00333855
2.48 	 -0.0032722
2.49 	 -0.00322507
2.5 	 -0.00319518
2.51 	 -0.00317955
2.52 	 -0.0031745
2.53 	 -0.00317554
2.54 	 -0.00317729
2.55 	 -0.00317387
2.56 	 -0.00315977
2.57 	 -0.00313052
2.58 	 -0.00308308
2.59 	 -0.00301578
2.6 	 -0.00292829
2.61 	 -0.00282143
2.62 	 -0.00269696
2.63 	 -0.00255739
2.64 	 -0.00240572
2.65 	 -0.00224541
2.66 	 -0.00208041
2.67 	 -0.00191515
2.68 	 -0.00175433
2.69 	 -0.0016026
2.7 	 -0.00146414
2.71 	 -0.00134234
2.72 	 -0.00123947
2.73 	 -0.00115653
2.74 	 -0.00109323
2.75 	 -0.00104815
2.76 	 -0.00101892
2.77 	 -0.00100249
2.78 	 -0.000995344
2.79 	 -0.000993651
2.8 	 -0.000993321
2.81 	 -0.000990227
2.82 	 -0.00098065
2.83 	 -0.000961573
2.84 	 -0.00093046
2.85 	 -0.000884835
2.86 	 -0.000822157
2.87 	 -0.000739976
2.88 	 -0.000636176
2.89 	 -0.00050935
2.9 	 -0.000359365
2.91 	 -0.000187849
2.92 	 1.57906e-06
2.93 	 0.000203535
2.94 	 0.000411748
2.95 	 0.00062036
2.96 	 0.000824841
2.97 	 0.00102193
2.98 	 0.00120879
2.99 	 0.0013821
3.0 	 0.00153771
3.01 	 0.00167105
3.02 	 0.00177817
3.03 	 0.00185695
3.04 	 0.00190773
3.05 	 0.00193337
3.06 	 0.00193832
3.07 	 0.00192753
3.08 	 0.00190564
3.09 	 0.00187709
3.1 	 0.00184665
3.11 	 0.00181948
3.12 	 0.00180061
3.13 	 0.00179429
3.14 	 0.00180366
3.15 	 0.0018304
3.16 	 0.0018745
3.17 	 0.00193397
3.18 	 0.00200508
3.19 	 0.00208321
3.2 	 0.00216393
3.21 	 0.00224367
3.22 	 0.00231984
3.23 	 0.00239061
3.24 	 0.0024544
3.25 	 0.00250925
3.26 	 0.00255255
3.27 	 0.00258113
3.28 	 0.00259198
3.29 	 0.00258295
3.3 	 0.00255343
3.31 	 0.00250472
3.32 	 0.00243976
3.33 	 0.0023626
3.34 	 0.00227752
3.35 	 0.00218829
3.36 	 0.00209787
3.37 	 0.00200852
3.38 	 0.0019223
3.39 	 0.00184146
3.4 	 0.00176852
3.41 	 0.00170609
3.42 	 0.00165651
3.43 	 0.00162138
3.44 	 0.00160117
3.45 	 0.00159494
3.46 	 0.00160047
3.47 	 0.00161517
3.48 	 0.00163692
3.49 	 0.00166432
3.5 	 0.00169621
3.51 	 0.00173096
3.52 	 0.00176639
3.53 	 0.00180008
3.54 	 0.00182965
3.55 	 0.00185289
3.56 	 0.00186781
3.57 	 0.0018729
3.58 	 0.00186751
3.59 	 0.00185201
3.6 	 0.00182786
3.61 	 0.00179761
3.62 	 0.00176448
3.63 	 0.00173156
3.64 	 0.00170098
3.65 	 0.00167384
3.66 	 0.00165075
3.67 	 0.00163245
3.68 	 0.00162016
3.69 	 0.00161546
3.7 	 0.00161985
3.71 	 0.00163427
3.72 	 0.00165862
3.73 	 0.00169144
3.74 	 0.00172996
3.75 	 0.00177066
3.76 	 0.00181007
3.77 	 0.00184564
3.78 	 0.00187621
3.79 	 0.00190196
3.8 	 0.00192394
3.81 	 0.0019435
3.82 	 0.00196179
3.83 	 0.00197948
3.84 	 0.00199671
3.85 	 0.00201337
3.86 	 0.00202936
3.87 	 0.00204479
3.88 	 0.00206004
3.89 	 0.00207602
3.9 	 0.00209413
3.91 	 0.00211613
3.92 	 0.00214364
3.93 	 0.00217781
3.94 	 0.00221907
3.95 	 0.00226716
3.96 	 0.00232119
3.97 	 0.0023797
3.98 	 0.00244081
3.99 	 0.00250244
4.0 	 0.00256254
4.01 	 0.00261941
4.02 	 0.00267175
4.03 	 0.00271869
4.04 	 0.00275942
4.05 	 0.00279281
4.06 	 0.00281748
4.07 	 0.00283257
4.08 	 0.00283855
4.09 	 0.00283723
4.1 	 0.00283113
4.11 	 0.00282263
4.12 	 0.0028134
4.13 	 0.00280394
4.14 	 0.00279346
4.15 	 0.00278043
4.16 	 0.00276344
4.17 	 0.00274206
4.18 	 0.00271713
4.19 	 0.00269034
4.2 	 0.00266346
4.21 	 0.00263756
4.22 	 0.00261263
4.23 	 0.00258758
4.24 	 0.00256059
4.25 	 0.00252952
4.26 	 0.0024926
4.27 	 0.00244889
4.28 	 0.00239883
4.29 	 0.00234437
4.3 	 0.00228885
4.31 	 0.0022363
4.32 	 0.00219066
4.33 	 0.00215537
4.34 	 0.00213325
4.35 	 0.00212631
4.36 	 0.00213557
4.37 	 0.00216095
4.38 	 0.00220123
4.39 	 0.00225439
4.4 	 0.00231802
4.41 	 0.00238972
4.42 	 0.00246713
4.43 	 0.0025478
4.44 	 0.00262906
4.45 	 0.00270809
4.46 	 0.00278223
4.47 	 0.00284941
4.48 	 0.00290864
4.49 	 0.00296001
4.5 	 0.00300429
4.51 	 0.00304236
4.52 	 0.00307491
4.53 	 0.0031026
4.54 	 0.0031261
4.55 	 0.00314623
4.56 	 0.00316398
4.57 	 0.00318067
4.58 	 0.00319826
4.59 	 0.00321916
4.6 	 0.00324534
4.61 	 0.00327725
4.62 	 0.0033133
4.63 	 0.00335035
4.64 	 0.00338516
4.65 	 0.00341581
4.66 	 0.00344253
4.67 	 0.00346736
4.68 	 0.00349294
4.69 	 0.0035212
4.7 	 0.00355245
4.71 	 0.0035851
4.72 	 0.00361625
4.73 	 0.00364263
4.74 	 0.00366191
4.75 	 0.00367349
4.76 	 0.00367858
4.77 	 0.0036796
4.78 	 0.00367913
4.79 	 0.00367896
4.8 	 0.00367935
4.81 	 0.00367896
4.82 	 0.00367544
4.83 	 0.00366619
4.84 	 0.00364915
4.85 	 0.00362335
4.86 	 0.0035893
4.87 	 0.00354895
4.88 	 0.00350515
4.89 	 0.003461
4.9 	 0.00341898
4.91 	 0.00338044
4.92 	 0.00334562
4.93 	 0.00331446
4.94 	 0.0032875
4.95 	 0.00326605
4.96 	 0.00325154
4.97 	 0.00324462
4.98 	 0.0032445
4.99 	 0.00324887
5.0 	 0.00325421
5.01 	 0.00325675
5.02 	 0.0032537
5.03 	 0.00324413
5.04 	 0.00322902
5.05 	 0.00321052
5.06 	 0.00319055
5.07 	 0.00316952
5.08 	 0.00314603
5.09 	 0.00311766
5.1 	 0.00308218
5.11 	 0.00303859
5.12 	 0.00298756
5.13 	 0.00293124
5.14 	 0.00287258
5.15 	 0.00281449
5.16 	 0.00275922
5.17 	 0.00270813
5.18 	 0.00266189
5.19 	 0.00262093
5.2 	 0.00258559
5.21 	 0.00255611
5.22 	 0.00253281
5.23 	 0.00251642
5.24 	 0.00250817
5.25 	 0.0025092
5.26 	 0.00251961
5.27 	 0.00253791
5.28 	 0.00256123
5.29 	 0.00258629
5.3 	 0.00261057
5.31 	 0.00263284
5.32 	 0.0026531
5.33 	 0.00267185
5.34 	 0.00268941
5.35 	 0.00270527
5.36 	 0.00271782
5.37 	 0.00272445
5.38 	 0.00272227
5.39 	 0.00270917
5.4 	 0.00268489
5.41 	 0.00265133
5.42 	 0.00261181
5.43 	 0.0025698
5.44 	 0.00252767
5.45 	 0.00248622
5.46 	 0.00244529
5.47 	 0.00240469
5.48 	 0.00236488
5.49 	 0.00232694
5.5 	 0.00229218
5.51 	 0.00226173
5.52 	 0.0022363
5.53 	 0.00221613
5.54 	 0.00220109
5.55 	 0.00219082
5.56 	 0.00218484
5.57 	 0.00218251
5.58 	 0.00218286
5.59 	 0.00218457
5.6 	 0.00218607
5.61 	 0.00218581
5.62 	 0.00218247
5.63 	 0.00217507
5.64 	 0.00216272
5.65 	 0.00214451
5.66 	 0.00211937
5.67 	 0.00208656
5.68 	 0.00204623
5.69 	 0.00199983
5.7 	 0.00194978
5.71 	 0.00189866
5.72 	 0.00184858
5.73 	 0.00180111
5.74 	 0.00175782
5.75 	 0.00172054
5.76 	 0.00169144
5.77 	 0.00167264
5.78 	 0.0016658
5.79 	 0.00167171
5.8 	 0.00168998
5.81 	 0.00171903
5.82 	 0.00175642
5.83 	 0.00179943
5.84 	 0.00184553
5.85 	 0.00189277
5.86 	 0.00193987
5.87 	 0.00198598
5.88 	 0.00203011
5.89 	 0.00207081
5.9 	 0.00210609
5.91 	 0.00213375
5.92 	 0.00215176
5.93 	 0.00215871
5.94 	 0.00215406
5.95 	 0.00213823
5.96 	 0.00211239
5.97 	 0.002078
5.98 	 0.00203617
5.99 	 0.00198731
6.0 	 0.00193137
6.01 	 0.00186867
6.02 	 0.00180065
6.03 	 0.00173028
6.04 	 0.00166153
6.05 	 0.00159838
6.06 	 0.00154351
6.07 	 0.00149741
6.08 	 0.00145821
6.09 	 0.00142226
6.1 	 0.00138532
6.11 	 0.00134381
6.12 	 0.00129567
6.13 	 0.00124048
6.14 	 0.00117887
6.15 	 0.00111164
6.16 	 0.00103884
6.17 	 0.000959651
6.18 	 0.000872919
6.19 	 0.000777907
6.2 	 0.000674742
6.21 	 0.000564411
6.22 	 0.000448505
6.23 	 0.000328803
6.24 	 0.000206776
6.25 	 8.32098e-05
6.26 	 -4.18159e-05
6.27 	 -0.000168433
6.28 	 -0.000296092
6.29 	 -0.000422807
6.3 	 -0.000545219
6.31 	 -0.000659515
6.32 	 -0.000762502
6.33 	 -0.00085213
6.34 	 -0.000927453
6.35 	 -0.0009883
6.36 	 -0.00103495
6.37 	 -0.00106793
6.38 	 -0.00108792
6.39 	 -0.00109574
6.4 	 -0.00109239
6.41 	 -0.00107923
6.42 	 -0.00105811
6.43 	 -0.00103133
6.44 	 -0.00100157
6.45 	 -0.000971672
6.46 	 -0.000944269
6.47 	 -0.00092158
6.48 	 -0.000905263
6.49 	 -0.000896433
6.5 	 -0.000895749
6.51 	 -0.000903523
6.52 	 -0.000919774
6.53 	 -0.000944231
6.54 	 -0.000976299
6.55 	 -0.00101506
6.56 	 -0.00105938
6.57 	 -0.001108
6.58 	 -0.00115973
6.59 	 -0.00121356
6.6 	 -0.00126878
6.61 	 -0.00132516
6.62 	 -0.00138293
6.63 	 -0.00144264
6.64 	 -0.00150467
6.65 	 -0.00156875
6.66 	 -0.00163364
6.67 	 -0.00169725
6.68 	 -0.00175707
6.69 	 -0.00181096
6.7 	 -0.00185792
6.71 	 -0.00189841
6.72 	 -0.0019341
6.73 	 -0.0019672
6.74 	 -0.00199969
6.75 	 -0.00203271
6.76 	 -0.00206626
6.77 	 -0.00209953
6.78 	 -0.00213151
6.79 	 -0.00216173
6.8 	 -0.00219063
6.81 	 -0.00221951
6.82 	 -0.00225002
6.83 	 -0.00228363
6.84 	 -0.00232125
6.85 	 -0.00236311
6.86 	 -0.00240892
6.87 	 -0.00245839
6.88 	 -0.00251155
6.89 	 -0.00256888
6.9 	 -0.00263092
6.91 	 -0.00269791
6.92 	 -0.00276944
6.93 	 -0.00284436
6.94 	 -0.00292073
6.95 	 -0.00299592
6.96 	 -0.0030669
6.97 	 -0.00313091
6.98 	 -0.00318621
6.99 	 -0.0032324
7.0 	 -0.0032702
7.01 	 -0.00330084
7.02 	 -0.00332554
7.03 	 -0.00334509
7.04 	 -0.00335981
7.05 	 -0.0033698
7.06 	 -0.00337525
7.07 	 -0.00337673
7.08 	 -0.0033752
7.09 	 -0.00337183
7.1 	 -0.0033678
7.11 	 -0.0033641
7.12 	 -0.00336135
7.13 	 -0.00335993
7.14 	 -0.00336015
7.15 	 -0.00336247
7.16 	 -0.00336763
7.17 	 -0.00337659
7.18 	 -0.00339041
7.19 	 -0.00341012
7.2 	 -0.00343646
7.21 	 -0.00346957
7.22 	 -0.00350866
7.23 	 -0.00355205
7.24 	 -0.00359766
7.25 	 -0.00364384
7.26 	 -0.00368987
7.27 	 -0.00373576
7.28 	 -0.00378143
7.29 	 -0.00382588
7.3 	 -0.00386701
7.31 	 -0.00390221
7.32 	 -0.00392934
7.33 	 -0.00394746
7.34 	 -0.0039571
7.35 	 -0.00396015
7.36 	 -0.00395933
7.37 	 -0.00395726
7.38 	 -0.00395556
7.39 	 -0.00395433
7.4 	 -0.00395257
7.41 	 -0.00394913
7.42 	 -0.00394364
7.43 	 -0.00393693
7.44 	 -0.00393073
7.45 	 -0.00392713
7.46 	 -0.00392761
7.47 	 -0.00393234
7.48 	 -0.0039401
7.49 	 -0.00394873
7.5 	 -0.0039561
7.51 	 -0.00396083
7.52 	 -0.00396282
7.53 	 -0.00396319
7.54 	 -0.00396341
7.55 	 -0.00396414
7.56 	 -0.00396446
7.57 	 -0.00396206
7.58 	 -0.00395432
7.59 	 -0.0039394
7.6 	 -0.00391699
7.61 	 -0.00388809
7.62 	 -0.00385425
7.63 	 -0.00381684
7.64 	 -0.00377674
7.65 	 -0.00373437
7.66 	 -0.00368981
7.67 	 -0.00364326
7.68 	 -0.00359551
7.69 	 -0.0035482
7.7 	 -0.0035037
7.71 	 -0.00346466
7.72 	 -0.00343333
7.73 	 -0.00341114
7.74 	 -0.00339843
7.75 	 -0.00339463
7.76 	 -0.00339866
7.77 	 -0.00340926
7.78 	 -0.00342532
7.79 	 -0.0034457
7.8 	 -0.00346907
7.81 	 -0.00349376
7.82 	 -0.00351792
7.83 	 -0.00353973
7.84 	 -0.00355761
7.85 	 -0.00357035
7.86 	 -0.00357729
7.87 	 -0.00357835
7.88 	 -0.00357396
7.89 	 -0.0035648
7.9 	 -0.00355155
7.91 	 -0.00353481
7.92 	 -0.00351516
7.93 	 -0.0034932
7.94 	 -0.00346957
7.95 	 -0.0034449
7.96 	 -0.00341981
7.97 	 -0.00339493
7.98 	 -0.00337083
7.99 	 -0.00334787
8.0 	 -0.00332595
8.01 	 -0.00330448
8.02 	 -0.00328258
8.03 	 -0.00325948
8.04 	 -0.00323479
8.05 	 -0.00320859
8.06 	 -0.00318135
8.07 	 -0.00315382
8.08 	 -0.00312662
8.09 	 -0.00309991
8.1 	 -0.00307302
8.11 	 -0.00304455
8.12 	 -0.00301263
8.13 	 -0.00297533
8.14 	 -0.00293112
8.15 	 -0.00287933
8.16 	 -0.0028204
8.17 	 -0.00275596
8.18 	 -0.00268859
8.19 	 -0.00262124
8.2 	 -0.00255669
8.21 	 -0.00249719
8.22 	 -0.00244462
8.23 	 -0.0024005
8.24 	 -0.00236572
8.25 	 -0.00234021
8.26 	 -0.00232287
8.27 	 -0.00231199
8.28 	 -0.00230577
8.29 	 -0.00230263
8.3 	 -0.00230115
8.31 	 -0.00229996
8.32 	 -0.00229767
8.33 	 -0.00229283
8.34 	 -0.00228396
8.35 	 -0.00226958
8.36 	 -0.00224828
8.37 	 -0.00221894
8.38 	 -0.00218086
8.39 	 -0.00213388
8.4 	 -0.00207823
8.41 	 -0.00201431
8.42 	 -0.00194245
8.43 	 -0.00186288
8.44 	 -0.00177607
8.45 	 -0.00168308
8.46 	 -0.00158574
8.47 	 -0.00148647
8.48 	 -0.00138801
8.49 	 -0.00129311
8.5 	 -0.00120429
8.51 	 -0.00112367
8.52 	 -0.00105266
8.53 	 -0.000991942
8.54 	 -0.000941558
8.55 	 -0.000901056
8.56 	 -0.000869534
8.57 	 -0.000845641
8.58 	 -0.000827729
8.59 	 -0.000814167
8.6 	 -0.000803591
8.61 	 -0.000794921
8.62 	 -0.000787192
8.63 	 -0.000779354
8.64 	 -0.000770074
8.65 	 -0.000757653
8.66 	 -0.000740149
8.67 	 -0.000715684
8.68 	 -0.000682769
8.69 	 -0.000640541
8.7 	 -0.000588834
8.71 	 -0.000528075
8.72 	 -0.000459009
8.73 	 -0.000382442
8.74 	 -0.000299191
8.75 	 -0.000210245
8.76 	 -0.000116936
8.77 	 -2.09193e-05
8.78 	 7.60107e-05
8.79 	 0.000172103
8.8 	 0.0002657
8.81 	 0.000355186
8.82 	 0.000438905
8.83 	 0.00051515
8.84 	 0.000582349
8.85 	 0.00063945
8.86 	 0.000686227
8.87 	 0.000723198
8.88 	 0.000751313
8.89 	 0.000771842
8.9 	 0.000786483
8.91 	 0.00079745
8.92 	 0.000807387
8.93 	 0.000819165
8.94 	 0.000835583
8.95 	 0.000859036
8.96 	 0.000891278
8.97 	 0.000933309
8.98 	 0.000985364
8.99 	 0.00104697
9.0 	 0.00111706
9.01 	 0.00119405
9.02 	 0.00127588
9.03 	 0.00136003
9.04 	 0.00144362
9.05 	 0.00152384
9.06 	 0.00159838
9.07 	 0.00166549
9.08 	 0.00172362
9.09 	 0.00177117
9.1 	 0.00180674
9.11 	 0.00182966
9.12 	 0.00184045
9.13 	 0.00184085
9.14 	 0.00183345
9.15 	 0.00182081
9.16 	 0.00180474
9.17 	 0.00178615
9.18 	 0.00176574
9.19 	 0.00174467
9.2 	 0.00172465
9.21 	 0.00170747
9.22 	 0.00169448
9.23 	 0.00168643
9.24 	 0.00168318
9.25 	 0.00168361
9.26 	 0.00168566
9.27 	 0.00168699
9.28 	 0.00168571
9.29 	 0.00168112
9.3 	 0.0016738
9.31 	 0.00166519
9.32 	 0.00165683
9.33 	 0.0016497
9.34 	 0.00164385
9.35 	 0.00163854
9.36 	 0.00163258
9.37 	 0.00162481
9.38 	 0.00161467
9.39 	 0.0016025
9.4 	 0.00158947
9.41 	 0.00157709
9.42 	 0.00156676
9.43 	 0.00155943
9.44 	 0.0015556
9.45 	 0.00155546
9.46 	 0.00155913
9.47 	 0.00156677
9.48 	 0.00157843
9.49 	 0.0015939
9.5 	 0.00161266
9.51 	 0.00163394
9.52 	 0.00165693
9.53 	 0.00168081
9.54 	 0.00170479
9.55 	 0.00172795
9.56 	 0.00174911
9.57 	 0.00176686
9.58 	 0.0017797
9.59 	 0.00178633
9.6 	 0.00178586
9.61 	 0.00177794
9.62 	 0.00176277
9.63 	 0.00174105
9.64 	 0.00171388
9.65 	 0.00168261
9.66 	 0.0016487
9.67 	 0.00161368
9.68 	 0.00157911
9.69 	 0.00154656
9.7 	 0.00151762
9.71 	 0.00149393
9.72 	 0.00147712
9.73 	 0.00146869
9.74 	 0.00146961
9.75 	 0.00148005
9.76 	 0.0014993
9.77 	 0.00152596
9.78 	 0.00155818
9.79 	 0.00159381
9.8 	 0.00163053
9.81 	 0.00166589
9.82 	 0.00169735
9.83 	 0.00172255
9.84 	 0.00173967
9.85 	 0.00174783
9.86 	 0.00174721
9.87 	 0.00173876
9.88 	 0.00172371
9.89 	 0.00170316
9.9 	 0.001678
9.91 	 0.00164911
9.92 	 0.00161759
9.93 	 0.00158495
9.94 	 0.00155304
9.95 	 0.00152383
9.96 	 0.00149894
9.97 	 0.00147942
9.98 	 0.00146576
9.99 	 0.00145815
10.0 	 0.00145669
10.01 	 0.00146167
10.02 	 0.00147361
10.03 	 0.00149301
10.04 	 0.0015198
10.05 	 0.00155286
10.06 	 0.00159008
10.07 	 0.0016288
10.08 	 0.00166654
10.09 	 0.00170133
10.1 	 0.00173181
10.11 	 0.00175719
10.12 	 0.00177702
10.13 	 0.00179099
10.14 	 0.00179875
10.15 	 0.00179983
10.16 	 0.0017938
10.17 	 0.00178059
10.18 	 0.00176065
10.19 	 0.00173496
10.2 	 0.00170497
10.21 	 0.00167236
10.22 	 0.0016389
10.23 	 0.00160633
10.24 	 0.00157624
10.25 	 0.00155008
10.26 	 0.00152911
10.27 	 0.00151457
10.28 	 0.00150761
10.29 	 0.00150904
10.3 	 0.00151899
10.31 	 0.00153653
10.32 	 0.00155983
10.33 	 0.00158655
10.34 	 0.00161433
10.35 	 0.00164108
10.36 	 0.00166513
10.37 	 0.00168518
10.38 	 0.00170021
10.39 	 0.00170939
10.4 	 0.00171198
10.41 	 0.00170739
10.42 	 0.00169527
10.43 	 0.00167567
10.44 	 0.00164931
10.45 	 0.00161766
10.46 	 0.00158282
10.47 	 0.00154706
10.48 	 0.00151236
10.49 	 0.0014802
10.5 	 0.00145167
10.51 	 0.00142746
10.52 	 0.00140811
10.53 	 0.00139408
10.54 	 0.00138597
10.55 	 0.00138457
10.56 	 0.00139057
10.57 	 0.00140422
10.58 	 0.00142498
10.59 	 0.00145146
10.6 	 0.00148168
10.61 	 0.00151332
10.62 	 0.0015441
10.63 	 0.00157207
10.64 	 0.00159566
10.65 	 0.00161366
10.66 	 0.00162508
10.67 	 0.00162901
10.68 	 0.00162454
10.69 	 0.00161087
10.7 	 0.00158745
10.71 	 0.00155418
10.72 	 0.0015115
10.73 	 0.00146036
10.74 	 0.00140213
10.75 	 0.00133834
10.76 	 0.00127053
10.77 	 0.00120009
10.78 	 0.00112831
10.79 	 0.00105643
10.8 	 0.00098592
10.81 	 0.000918572
10.82 	 0.000856615
10.83 	 0.000802467
10.84 	 0.00075818
10.85 	 0.000724884
10.86 	 0.000702548
10.87 	 0.000690136
10.88 	 0.000685972
10.89 	 0.000688107
10.9 	 0.000694578
10.91 	 0.000703504
10.92 	 0.000713077
10.93 	 0.000721456
10.94 	 0.000726641
10.95 	 0.000726386
10.96 	 0.000718266
10.97 	 0.00069995
10.98 	 0.000669653
10.99 	 0.000626542
11.0 	 0.000570872
11.01 	 0.000503836
11.02 	 0.000427259
11.03 	 0.000343314
11.04 	 0.000254335
11.05 	 0.000162741
11.06 	 7.10448e-05
11.07 	 -1.81043e-05
11.08 	 -0.000101893
11.09 	 -0.000177397
11.1 	 -0.000241741
11.11 	 -0.000292337
11.12 	 -0.000327159
11.13 	 -0.000344999
11.14 	 -0.000345611
11.15 	 -0.000329688
11.16 	 -0.000298725
11.17 	 -0.000254844
11.18 	 -0.000200604
11.19 	 -0.000138766
11.2 	 -7.20628e-05
11.21 	 -3.0763e-06
11.22 	 6.57579e-05
11.23 	 0.000132091
11.24 	 0.000193638
11.25 	 0.00024822
11.26 	 0.000293883
11.27 	 0.000329057
11.28 	 0.000352689
11.29 	 0.000364368
11.3 	 0.000364482
11.31 	 0.000354404
11.32 	 0.000336511
11.33 	 0.00031386
11.34 	 0.000289587
11.35 	 0.000266341
11.36 	 0.000246047
11.37 	 0.000229965
11.38 	 0.000218846
11.39 	 0.000213111
11.4 	 0.000213043
11.41 	 0.000218885
11.42 	 0.000230773
11.43 	 0.000248594
11.44 	 0.000271882
11.45 	 0.000299735
11.46 	 0.000330667
11.47 	 0.000362504
11.48 	 0.000392567
11.49 	 0.000418165
11.5 	 0.000437107
11.51 	 0.000447923
11.52 	 0.000449785
11.53 	 0.000442317
11.54 	 0.000425463
11.55 	 0.000399435
11.56 	 0.000364745
11.57 	 0.000322333
11.58 	 0.000273699
11.59 	 0.000220896
11.6 	 0.000166261
11.61 	 0.000112066
11.62 	 6.03311e-05
11.63 	 1.2845e-05
11.64 	 -2.87725e-05
11.65 	 -6.30679e-05
11.66 	 -8.88168e-05
11.67 	 -0.000105099
11.68 	 -0.000111358
11.69 	 -0.000107446
11.7 	 -9.36561e-05
11.71 	 -7.07514e-05
11.72 	 -4.00131e-05
11.73 	 -3.30112e-06
11.74 	 3.69558e-05
11.75 	 7.79313e-05
11.76 	 0.000116733
11.77 	 0.000150776
11.78 	 0.000178039
11.79 	 0.000197081
11.8 	 0.000206802
11.81 	 0.000206137
11.82 	 0.000193993
11.83 	 0.000169569
11.84 	 0.000132775
11.85 	 8.44552e-05
11.86 	 2.63714e-05
11.87 	 -3.89465e-05
11.88 	 -0.000108438
11.89 	 -0.000178804
11.9 	 -0.000246804
11.91 	 -0.000309485
11.92 	 -0.000364239
11.93 	 -0.000408757
11.94 	 -0.000441024
11.95 	 -0.000459518
11.96 	 -0.000463492
11.97 	 -0.000453204
11.98 	 -0.000429964
11.99 	 -0.000395927
12.0 	 -0.000353654
12.01 	 -0.00030563
12.02 	 -0.000254059
12.03 	 -0.000201032
12.04 	 -0.000148881
12.05 	 -0.000100374
12.06 	 -5.85424e-05
12.07 	 -2.63025e-05
12.08 	 -6.08452e-06
12.09 	 4.25686e-07
12.1 	 -7.55087e-06
12.11 	 -2.98506e-05
12.12 	 -6.54972e-05
12.13 	 -0.000112955
12.14 	 -0.000170376
12.15 	 -0.000235719
12.16 	 -0.000306735
12.17 	 -0.000380924
12.18 	 -0.000455517
12.19 	 -0.000527518
12.2 	 -0.000593824
12.21 	 -0.000651441
12.22 	 -0.000697747
12.23 	 -0.000730718
12.24 	 -0.000749045
12.25 	 -0.000752157
12.26 	 -0.000740226
12.27 	 -0.000714145
12.28 	 -0.000675354
12.29 	 -0.000625452
12.3 	 -0.000565796
12.31 	 -0.000497472
12.32 	 -0.000421707
12.33 	 -0.000340324
12.34 	 -0.000255908
12.35 	 -0.000171692
12.36 	 -9.12609e-05
12.37 	 -1.8149e-05
12.38 	 4.46391e-05
12.39 	 9.4975e-05
12.4 	 0.000131675
12.41 	 0.000154334
12.42 	 0.000163138
12.43 	 0.000158791
12.44 	 0.000142566
12.45 	 0.000116366
12.46 	 8.26867e-05
12.47 	 4.44071e-05
12.48 	 4.44235e-06
12.49 	 -3.45924e-05
12.5 	 -7.05468e-05
12.51 	 -0.000101682
12.52 	 -0.000126483
12.53 	 -0.000143467
12.54 	 -0.000151128
12.55 	 -0.000148106
12.56 	 -0.000133612
12.57 	 -0.000107879
12.58 	 -7.22293e-05
12.59 	 -2.86518e-05
12.6 	 2.07545e-05
12.61 	 7.40402e-05
12.62 	 0.000129263
12.63 	 0.000184254
12.64 	 0.000236604
12.65 	 0.000283873
12.66 	 0.000323803
12.67 	 0.000354465
12.68 	 0.000374435
12.69 	 0.000383082
12.7 	 0.000380818
12.71 	 0.000369074
12.72 	 0.000349916
12.73 	 0.000325519
12.74 	 0.000297789
12.75 	 0.000268263
12.76 	 0.000238226
12.77 	 0.000208988
12.78 	 0.000182203
12.79 	 0.000159984
12.8 	 0.00014467
12.81 	 0.000138321
12.82 	 0.000142212
12.83 	 0.000156536
12.84 	 0.000180373
12.85 	 0.000211865
12.86 	 0.000248538
12.87 	 0.0002877
12.88 	 0.000326848
12.89 	 0.000363876
12.9 	 0.000397037
12.91 	 0.000424752
12.92 	 0.000445503
12.93 	 0.00045792
12.94 	 0.000461026
12.95 	 0.00045447
12.96 	 0.000438556
12.97 	 0.000414069
12.98 	 0.000382067
12.99 	 0.000343789
13.0 	 0.000300698
13.01 	 0.000254547
13.02 	 0.000207371
13.03 	 0.000161391
13.04 	 0.000118891
13.05 	 8.2115e-05
13.06 	 5.31388e-05
13.07 	 3.36323e-05
13.08 	 2.4566e-05
13.09 	 2.60154e-05
13.1 	 3.71765e-05
13.11 	 5.65378e-05
13.12 	 8.20709e-05
13.13 	 0.00011137
13.14 	 0.00014178
13.15 	 0.000170569
13.16 	 0.000195127
13.17 	 0.000213102
13.18 	 0.000222445
13.19 	 0.000221365
13.2 	 0.000208251
13.21 	 0.000181691
13.22 	 0.000140675
13.23 	 8.48707e-05
13.24 	 1.48108e-05
13.25 	 -6.80036e-05
13.26 	 -0.000161096
13.27 	 -0.000261141
13.28 	 -0.000364249
13.29 	 -0.000466313
13.3 	 -0.00056332
13.31 	 -0.000651536
13.32 	 -0.000727628
13.33 	 -0.000788812
13.34 	 -0.000833021
13.35 	 -0.000858999
13.36 	 -0.000866345
13.37 	 -0.000855582
13.38 	 -0.000828245
13.39 	 -0.000786902
13.4 	 -0.000734977
13.41 	 -0.000676368
13.42 	 -0.000615029
13.43 	 -0.000554764
13.44 	 -0.000499278
13.45 	 -0.000452269
13.46 	 -0.000417343
13.47 	 -0.000397653
13.48 	 -0.000395339
13.49 	 -0.000410996
13.5 	 -0.000443491
13.51 	 -0.000490331
13.52 	 -0.000548381
13.53 	 -0.000614471
13.54 	 -0.000685655
13.55 	 -0.000759246
13.56 	 -0.00083274
13.57 	 -0.000903655
13.58 	 -0.00096934
13.59 	 -0.00102691
13.6 	 -0.00107348
13.61 	 -0.00110657
13.62 	 -0.00112454
13.63 	 -0.00112686
13.64 	 -0.00111413
13.65 	 -0.00108787
13.66 	 -0.00105022
13.67 	 -0.00100366
13.68 	 -0.000950761
13.69 	 -0.000894154
13.7 	 -0.000836553
13.71 	 -0.000780798
13.72 	 -0.000729815
13.73 	 -0.000686475
13.74 	 -0.000653339
13.75 	 -0.000632366
13.76 	 -0.000624727
13.77 	 -0.000630865
13.78 	 -0.000650686
13.79 	 -0.000683585
13.8 	 -0.000728251
13.81 	 -0.000782478
13.82 	 -0.000843261
13.83 	 -0.000907087
13.84 	 -0.000970263
13.85 	 -0.00102926
13.86 	 -0.00108103
13.87 	 -0.00112316
13.88 	 -0.00115382
13.89 	 -0.00117154
13.9 	 -0.00117509
13.91 	 -0.0011637
13.92 	 -0.00113743
13.93 	 -0.00109729
13.94 	 -0.00104515
13.95 	 -0.000983346
13.96 	 -0.000914507
13.97 	 -0.000841358
13.98 	 -0.00076661
13.99 	 -0.000692846
14.0 	 -0.000622481
14.01 	 -0.000557813
14.02 	 -0.000501053
14.03 	 -0.000454139
14.04 	 -0.000418418
14.05 	 -0.000394415
14.06 	 -0.000381827
14.07 	 -0.000379664
14.08 	 -0.000386395
14.09 	 -0.000400073
14.1 	 -0.000418469
14.11 	 -0.000439276
14.12 	 -0.000460318
14.13 	 -0.00047962
14.14 	 -0.000495294
14.15 	 -0.000505453
14.16 	 -0.000508318
14.17 	 -0.000502506
14.18 	 -0.000487258
14.19 	 -0.000462484
14.2 	 -0.000428671
14.21 	 -0.000386777
14.22 	 -0.00033813
14.23 	 -0.000284348
14.24 	 -0.000227238
14.25 	 -0.000168734
14.26 	 -0.000110855
14.27 	 -5.5663e-05
14.28 	 -5.18737e-06
14.29 	 3.8688e-05
14.3 	 7.43622e-05
14.31 	 0.000100642
14.32 	 0.000116834
14.33 	 0.000122778
14.34 	 0.00011883
14.35 	 0.000105802
14.36 	 8.48836e-05
14.37 	 5.75703e-05
14.38 	 2.5586e-05
14.39 	 -9.18265e-06
14.4 	 -4.4756e-05
14.41 	 -7.91366e-05
14.42 	 -0.000110398
14.43 	 -0.000136787
14.44 	 -0.000156827
14.45 	 -0.000169412
14.46 	 -0.000173868
14.47 	 -0.000169986
14.48 	 -0.000158007
14.49 	 -0.000138587
14.5 	 -0.000112745
14.51 	 -8.17976e-05
14.52 	 -4.72962e-05
14.53 	 -1.09552e-05
14.54 	 2.54216e-05
14.55 	 6.0026e-05
14.56 	 9.11387e-05
14.57 	 0.000117223
14.58 	 0.000137012
14.59 	 0.000149578
14.6 	 0.000154381
14.61 	 0.000151285
14.62 	 0.000140555
14.63 	 0.000122831
14.64 	 9.90831e-05
14.65 	 7.05598e-05
14.66 	 3.87276e-05
14.67 	 5.20039e-06
14.68 	 -2.83369e-05
14.69 	 -6.02116e-05
14.7 	 -8.88485e-05
14.71 	 -0.000112852
14.72 	 -0.000131079
14.73 	 -0.000142696
14.74 	 -0.000147233
