0.0 	 -3.79217e-17
0.005 	 2.2871e-11
0.01 	 3.11005e-10
0.015 	 2.05754e-09
0.02 	 8.86787e-09
0.025 	 2.81511e-08
0.03 	 7.05925e-08
0.035 	 1.46442e-07
0.04 	 2.59688e-07
0.045 	 4.0303e-07
0.05 	 5.56086e-07
0.055 	 6.87269e-07
0.06 	 7.58175e-07
0.065 	 7.28925e-07
0.07 	 5.63089e-07
0.075 	 2.31117e-07
0.08 	 -2.88249e-07
0.085 	 -1.0083e-06
0.09 	 -1.93545e-06
0.095 	 -3.07024e-06
0.1 	 -4.40794e-06
0.105 	 -5.93926e-06
0.11 	 -7.6519e-06
0.115 	 -9.53354e-06
0.12 	 -1.15758e-05
0.125 	 -1.37786e-05
0.13 	 -1.61535e-05
0.135 	 -1.87252e-05
0.14 	 -2.15311e-05
0.145 	 -2.46184e-05
0.15 	 -2.80406e-05
0.155 	 -3.18509e-05
0.16 	 -3.6093e-05
0.165 	 -4.07874e-05
0.17 	 -4.59201e-05
0.175 	 -5.14397e-05
0.18 	 -5.72702e-05
0.185 	 -6.33389e-05
0.19 	 -6.96092e-05
0.195 	 -7.61042e-05
0.2 	 -8.29077e-05
0.205 	 -9.01362e-05
0.21 	 -9.78905e-05
0.215 	 -0.000106206
0.22 	 -0.000115025
0.225 	 -0.000124215
0.23 	 -0.000133619
0.235 	 -0.000143127
0.24 	 -0.000152714
0.245 	 -0.000162452
0.25 	 -0.00017247
0.255 	 -0.000182889
0.26 	 -0.000193771
0.265 	 -0.000205086
0.27 	 -0.000216716
0.275 	 -0.0002285
0.28 	 -0.000240314
0.285 	 -0.000252151
0.29 	 -0.000264191
0.295 	 -0.000276834
0.3 	 -0.000290661
0.305 	 -0.00030635
0.31 	 -0.00032452
0.315 	 -0.000345586
0.32 	 -0.000369632
0.325 	 -0.00039636
0.33 	 -0.000425108
0.335 	 -0.000454935
0.34 	 -0.000484736
0.345 	 -0.000513366
0.35 	 -0.000539772
0.355 	 -0.000563116
0.36 	 -0.000582898
0.365 	 -0.000599061
0.37 	 -0.000612035
0.375 	 -0.00062268
0.38 	 -0.000632114
0.385 	 -0.000641449
0.39 	 -0.000651511
0.395 	 -0.000662624
0.4 	 -0.000674539
0.405 	 -0.000686496
0.41 	 -0.000697404
0.415 	 -0.000706056
0.42 	 -0.000711328
0.425 	 -0.00071231
0.43 	 -0.000708347
0.435 	 -0.000699011
0.44 	 -0.000684049
0.445 	 -0.000663371
0.45 	 -0.000637092
0.455 	 -0.000605616
0.46 	 -0.00056969
0.465 	 -0.00053036
0.47 	 -0.000488809
0.475 	 -0.000446107
0.48 	 -0.000402965
0.485 	 -0.000359598
0.49 	 -0.000315749
0.495 	 -0.000270892
0.5 	 -0.000224557
0.505 	 -0.000176709
0.51 	 -0.000128056
0.515 	 -8.0171e-05
0.52 	 -3.53211e-05
0.525 	 3.95769e-06
0.53 	 3.54166e-05
0.535 	 5.75848e-05
0.54 	 7.00552e-05
0.545 	 7.35291e-05
0.55 	 6.96675e-05
0.555 	 6.08259e-05
0.56 	 4.9748e-05
0.565 	 3.92716e-05
0.57 	 3.20744e-05
0.575 	 3.04606e-05
0.58 	 3.61753e-05
0.585 	 5.02526e-05
0.59 	 7.29169e-05
0.595 	 0.000103557
0.6 	 0.000140777
0.605 	 0.000182515
0.61 	 0.00022624
0.615 	 0.000269219
0.62 	 0.000308855
0.625 	 0.000343043
0.63 	 0.000370482
0.635 	 0.000390846
0.64 	 0.00040478
0.645 	 0.000413707
0.65 	 0.000419489
0.655 	 0.000424021
0.66 	 0.000428781
0.665 	 0.00043442
0.67 	 0.000440461
0.675 	 0.000445228
0.68 	 0.000446046
0.685 	 0.000439653
0.69 	 0.000422676
0.695 	 0.000392053
0.7 	 0.000345339
0.705 	 0.000280909
0.71 	 0.000198077
0.715 	 9.71637e-05
0.72 	 -2.04954e-05
0.725 	 -0.000152612
0.73 	 -0.000296105
0.735 	 -0.00044738
0.74 	 -0.000602731
0.745 	 -0.000758769
0.75 	 -0.000912763
0.755 	 -0.00106278
0.76 	 -0.00120763
0.765 	 -0.00134661
0.77 	 -0.00147931
0.775 	 -0.00160541
0.78 	 -0.00172469
0.785 	 -0.00183715
0.79 	 -0.00194325
0.795 	 -0.00204403
0.8 	 -0.00214107
0.805 	 -0.00223617
0.81 	 -0.00233077
0.815 	 -0.00242532
0.82 	 -0.00251884
0.825 	 -0.00260887
0.83 	 -0.00269175
0.835 	 -0.0027632
0.84 	 -0.00281892
0.845 	 -0.00285528
0.85 	 -0.00286965
0.855 	 -0.00286064
0.86 	 -0.00282794
0.865 	 -0.00277212
0.87 	 -0.00269432
0.875 	 -0.0025961
0.88 	 -0.0024794
0.885 	 -0.0023465
0.89 	 -0.00220012
0.895 	 -0.00204327
0.9 	 -0.00187919
0.905 	 -0.00171112
0.91 	 -0.00154221
0.915 	 -0.00137544
0.92 	 -0.00121363
0.925 	 -0.0010595
0.93 	 -0.000915688
0.935 	 -0.00078477
0.94 	 -0.0006691
0.945 	 -0.000570582
0.95 	 -0.000490357
0.955 	 -0.000428541
0.96 	 -0.000384139
0.965 	 -0.000355234
0.97 	 -0.000339453
0.975 	 -0.000334618
0.98 	 -0.000339428
0.985 	 -0.000353977
0.99 	 -0.000379914
0.995 	 -0.000420161
1.0 	 -0.000478214
1.005 	 -0.00055723
1.01 	 -0.000659082
1.015 	 -0.000783622
1.02 	 -0.000928317
1.025 	 -0.0010884
1.03 	 -0.00125749
1.035 	 -0.00142851
1.04 	 -0.00159467
1.045 	 -0.00175026
1.05 	 -0.00189108
1.055 	 -0.00201469
1.06 	 -0.00212034
1.065 	 -0.00220901
1.07 	 -0.00228324
1.075 	 -0.00234697
1.08 	 -0.00240497
1.085 	 -0.00246212
1.09 	 -0.00252239
1.095 	 -0.00258791
1.1 	 -0.00265826
1.105 	 -0.00273001
1.11 	 -0.00279674
1.115 	 -0.00284943
1.12 	 -0.00287748
1.125 	 -0.00287001
1.13 	 -0.00281755
1.135 	 -0.00271356
1.14 	 -0.00255565
1.145 	 -0.00234619
1.15 	 -0.00209221
1.155 	 -0.00180431
1.16 	 -0.0014948
1.165 	 -0.00117559
1.17 	 -0.000856408
1.175 	 -0.000543825
1.18 	 -0.000241378
1.185 	 4.95564e-05
1.19 	 0.000328705
1.195 	 0.000596233
1.2 	 0.000852688
1.205 	 0.00109924
1.21 	 0.00133762
1.215 	 0.00156941
1.22 	 0.00179476
1.225 	 0.00201126
1.23 	 0.00221371
1.235 	 0.00239483
1.24 	 0.00254668
1.245 	 0.00266227
1.25 	 0.00273671
1.255 	 0.00276795
1.26 	 0.0027569
1.265 	 0.00270692
1.27 	 0.00262303
1.275 	 0.00251103
1.28 	 0.0023768
1.285 	 0.0022259
1.29 	 0.00206333
1.295 	 0.00189321
1.3 	 0.0017185
1.305 	 0.00154066
1.31 	 0.00135952
1.315 	 0.00117341
1.32 	 0.000979524
1.325 	 0.000774514
1.33 	 0.000555225
1.335 	 0.000319419
1.34 	 6.64312e-05
1.345 	 -0.000202355
1.35 	 -0.000483289
1.355 	 -0.000770569
1.36 	 -0.00105669
1.365 	 -0.00133318
1.37 	 -0.00159147
1.375 	 -0.00182379
1.38 	 -0.00202392
1.385 	 -0.00218774
1.39 	 -0.00231334
1.395 	 -0.00240093
1.4 	 -0.00245234
1.405 	 -0.00247035
1.41 	 -0.00245796
1.415 	 -0.00241776
1.42 	 -0.00235144
1.425 	 -0.00225965
1.43 	 -0.00214209
1.435 	 -0.00199778
1.44 	 -0.00182548
1.445 	 -0.00162405
1.45 	 -0.00139294
1.455 	 -0.00113263
1.46 	 -0.000844982
1.465 	 -0.000533447
1.47 	 -0.000203014
1.475 	 0.000140044
1.48 	 0.000488602
1.485 	 0.000835197
1.49 	 0.00117253
1.495 	 0.00149389
1.5 	 0.00179339
1.505 	 0.0020661
1.51 	 0.00230805
1.515 	 0.0025162
1.52 	 0.00268835
1.525 	 0.00282288
1.53 	 0.0029185
1.535 	 0.00297409
1.54 	 0.00298872
1.545 	 0.00296174
1.55 	 0.00289301
1.555 	 0.00278309
1.56 	 0.00263352
1.565 	 0.00244693
1.57 	 0.00222725
1.575 	 0.00197947
1.58 	 0.00170935
1.585 	 0.00142291
1.59 	 0.0011261
1.595 	 0.000824554
1.6 	 0.000523547
1.605 	 0.000227858
1.61 	 -5.84048e-05
1.615 	 -0.000332009
1.62 	 -0.000590655
1.625 	 -0.000832786
1.63 	 -0.00105715
1.635 	 -0.00126229
1.64 	 -0.00144603
1.645 	 -0.00160535
1.65 	 -0.00173646
1.655 	 -0.0018353
1.66 	 -0.00189815
1.665 	 -0.00192225
1.67 	 -0.00190627
1.675 	 -0.00185046
1.68 	 -0.00175654
1.685 	 -0.0016275
1.69 	 -0.00146728
1.695 	 -0.00128046
1.7 	 -0.00107205
1.705 	 -0.000847206
1.71 	 -0.000610976
1.715 	 -0.000368047
1.72 	 -0.000122484
1.725 	 0.000122454
1.73 	 0.00036437
1.735 	 0.000601643
1.74 	 0.000833192
1.745 	 0.00105817
1.75 	 0.00127563
1.755 	 0.00148426
1.76 	 0.00168221
1.765 	 0.00186704
1.77 	 0.00203583
1.775 	 0.0021854
1.78 	 0.00231272
1.785 	 0.00241524
1.79 	 0.00249118
1.795 	 0.00253974
1.8 	 0.00256099
1.805 	 0.0025558
1.81 	 0.0025255
1.815 	 0.0024716
1.82 	 0.00239564
1.825 	 0.00229907
1.83 	 0.00218326
1.835 	 0.00204968
1.84 	 0.00190006
1.845 	 0.00173664
1.85 	 0.00156231
1.855 	 0.00138069
1.86 	 0.00119591
1.865 	 0.00101234
1.87 	 0.000834075
1.875 	 0.000664594
1.88 	 0.00050645
1.885 	 0.000361154
1.89 	 0.000229217
1.895 	 0.000110352
1.9 	 3.82169e-06
1.905 	 -9.11514e-05
1.91 	 -0.000175008
1.915 	 -0.00024758
1.92 	 -0.00030794
1.925 	 -0.000354385
1.93 	 -0.000384559
1.935 	 -0.00039575
1.94 	 -0.000385341
1.945 	 -0.000351312
1.95 	 -0.000292674
1.955 	 -0.000209725
1.96 	 -0.00010408
1.965 	 2.15218e-05
1.97 	 0.00016357
1.975 	 0.000318245
1.98 	 0.000481856
1.985 	 0.000651149
1.99 	 0.000823392
1.995 	 0.000996262
2.0 	 0.00116763
2.005 	 0.00133533
2.01 	 0.00149701
2.015 	 0.00165012
2.02 	 0.00179201
2.025 	 0.00192008
2.03 	 0.00203207
2.035 	 0.00212609
2.04 	 0.00220069
2.045 	 0.00225484
2.05 	 0.00228777
2.055 	 0.00229902
2.06 	 0.00228834
2.065 	 0.00225575
2.07 	 0.00220148
2.075 	 0.00212589
2.08 	 0.00202936
2.085 	 0.00191224
2.09 	 0.00177486
2.095 	 0.00161769
2.1 	 0.0014416
2.105 	 0.00124807
2.11 	 0.00103933
2.115 	 0.000818393
2.12 	 0.000588951
2.125 	 0.000355205
2.13 	 0.000121674
2.135 	 -0.000106987
2.14 	 -0.000326128
2.145 	 -0.000531234
2.15 	 -0.000718094
2.155 	 -0.000883049
2.16 	 -0.0010233
2.165 	 -0.00113718
2.17 	 -0.0012243
2.175 	 -0.00128538
2.18 	 -0.00132201
2.185 	 -0.00133606
2.19 	 -0.00132923
2.195 	 -0.00130266
2.2 	 -0.00125671
2.205 	 -0.00119104
2.21 	 -0.00110485
2.215 	 -0.00099728
2.22 	 -0.000867826
2.225 	 -0.000716693
2.23 	 -0.000545019
2.235 	 -0.000354921
2.24 	 -0.000149413
2.245 	 6.77366e-05
2.25 	 0.000292164
2.255 	 0.000519081
2.26 	 0.000743476
2.265 	 0.000960358
2.27 	 0.00116505
2.275 	 0.0013535
2.28 	 0.00152253
2.285 	 0.00167006
2.29 	 0.00179505
2.295 	 0.00189737
2.3 	 0.00197746
2.305 	 0.00203596
2.31 	 0.00207333
2.315 	 0.00208963
2.32 	 0.00208449
2.325 	 0.00205721
2.33 	 0.00200706
2.335 	 0.00193355
2.34 	 0.00183669
2.345 	 0.00171721
2.35 	 0.00157647
2.355 	 0.00141647
2.36 	 0.0012396
2.365 	 0.00104859
2.37 	 0.000846349
2.375 	 0.000636006
2.38 	 0.000420902
2.385 	 0.000204619
2.39 	 -9.06111e-06
2.395 	 -0.000216303
2.4 	 -0.000413464
2.405 	 -0.000597409
2.41 	 -0.000765792
2.415 	 -0.000917213
2.42 	 -0.00105117
2.425 	 -0.00116781
2.43 	 -0.00126762
2.435 	 -0.00135104
2.44 	 -0.00141826
2.445 	 -0.00146909
2.45 	 -0.00150287
2.455 	 -0.00151859
2.46 	 -0.001515
2.465 	 -0.00149089
2.47 	 -0.00144538
2.475 	 -0.00137821
2.48 	 -0.00128992
2.485 	 -0.00118189
2.49 	 -0.00105625
2.495 	 -0.000915708
2.5 	 -0.00076338
2.505 	 -0.000602564
2.51 	 -0.000436562
2.515 	 -0.000268518
2.52 	 -0.000101285
2.525 	 6.26528e-05
2.53 	 0.000221227
2.535 	 0.000372766
2.54 	 0.000515921
2.545 	 0.000649557
2.55 	 0.000772608
2.555 	 0.00088396
2.56 	 0.000982374
2.565 	 0.00106647
2.57 	 0.00113477
2.575 	 0.00118576
2.58 	 0.00121806
2.585 	 0.00123049
2.59 	 0.00122224
2.595 	 0.00119296
2.6 	 0.00114282
2.605 	 0.00107263
2.61 	 0.00098381
2.615 	 0.000878422
2.62 	 0.000759114
2.625 	 0.00062901
2.63 	 0.000491565
2.635 	 0.000350367
2.64 	 0.000208881
2.645 	 7.01355e-05
2.65 	 -6.36013e-05
2.655 	 -0.000191055
2.66 	 -0.00031199
2.665 	 -0.00042699
2.67 	 -0.000537023
2.675 	 -0.000642906
2.68 	 -0.000744853
2.685 	 -0.00084224
2.69 	 -0.000933646
2.695 	 -0.00101711
2.7 	 -0.0010905
2.705 	 -0.00115183
2.71 	 -0.00119947
2.715 	 -0.00123227
2.72 	 -0.00124953
2.725 	 -0.00125099
2.73 	 -0.00123676
2.735 	 -0.00120733
2.74 	 -0.00116355
2.745 	 -0.00110656
2.75 	 -0.0010378
2.755 	 -0.0009589
2.76 	 -0.000871586
2.765 	 -0.000777559
2.77 	 -0.000678397
2.775 	 -0.000575492
2.78 	 -0.000470018
2.785 	 -0.000362947
2.79 	 -0.000255086
2.795 	 -0.000147133
2.8 	 -3.97393e-05
2.805 	 6.64053e-05
2.81 	 0.000170507
2.815 	 0.000271631
2.82 	 0.00036872
2.825 	 0.000460656
2.83 	 0.000546324
2.835 	 0.000624631
2.84 	 0.000694496
2.845 	 0.000754826
2.85 	 0.000804565
2.855 	 0.000842816
2.86 	 0.000869023
2.865 	 0.000883117
2.87 	 0.000885554
2.875 	 0.000877232
2.88 	 0.000859291
2.885 	 0.000832905
2.89 	 0.000799113
2.895 	 0.000758766
2.9 	 0.000712585
2.905 	 0.000661259
2.91 	 0.000605531
2.915 	 0.000546207
2.92 	 0.000484092
2.925 	 0.000419886
2.93 	 0.000354103
2.935 	 0.000287062
2.94 	 0.000218969
2.945 	 0.000150058
2.95 	 8.07561e-05
2.955 	 1.17991e-05
2.96 	 -5.57318e-05
2.965 	 -0.00012047
2.97 	 -0.000180912
2.975 	 -0.000235622
2.98 	 -0.000283466
2.985 	 -0.000323799
2.99 	 -0.000356552
2.995 	 -0.000382184
3.0 	 -0.000401534
3.005 	 -0.000415614
3.01 	 -0.000425405
3.015 	 -0.000431669
3.02 	 -0.000434813
3.025 	 -0.000434807
3.03 	 -0.000431206
3.035 	 -0.00042327
3.04 	 -0.000410184
3.045 	 -0.00039131
3.05 	 -0.000366394
3.055 	 -0.000335682
3.06 	 -0.000299899
3.065 	 -0.000260117
3.07 	 -0.000217578
3.075 	 -0.000173518
3.08 	 -0.000129038
3.085 	 -8.50523e-05
3.09 	 -4.22791e-05
3.095 	 -1.27323e-06
3.1 	 3.75473e-05
3.105 	 7.38925e-05
3.11 	 0.000107614
3.115 	 0.000138726
3.12 	 0.000167408
3.125 	 0.00019397
3.13 	 0.000218771
3.135 	 0.000242095
3.14 	 0.000264028
3.145 	 0.000284374
3.15 	 0.00030263
3.155 	 0.000318037
3.16 	 0.000329675
3.165 	 0.000336607
3.17 	 0.000338014
3.175 	 0.000333321
3.18 	 0.000322272
3.185 	 0.000304954
3.19 	 0.000281782
3.195 	 0.000253454
3.2 	 0.000220893
3.205 	 0.000185165
3.21 	 0.000147395
3.215 	 0.000108666
3.22 	 6.99077e-05
3.225 	 3.18122e-05
3.23 	 -5.22568e-06
3.235 	 -4.11139e-05
3.24 	 -7.60151e-05
3.245 	 -0.000110252
3.25 	 -0.000144183
3.255 	 -0.000178057
3.26 	 -0.000211887
3.265 	 -0.000245329
3.27 	 -0.000277636
3.275 	 -0.000307678
3.28 	 -0.000334054
3.285 	 -0.000355267
3.29 	 -0.000369925
3.295 	 -0.000376926
3.3 	 -0.000375611
3.305 	 -0.000365834
3.31 	 -0.000347951
3.315 	 -0.000322719
3.32 	 -0.000291121
3.325 	 -0.000254174
3.33 	 -0.000212764
3.335 	 -0.000167571
3.34 	 -0.000119089
3.345 	 -6.77033e-05
3.35 	 -1.37633e-05
3.355 	 4.23974e-05
3.36 	 0.000100488
3.365 	 0.000160296
3.37 	 0.000221677
3.375 	 0.000284495
3.38 	 0.000348512
3.385 	 0.000413286
3.39 	 0.000478092
3.395 	 0.000541927
3.4 	 0.000603573
3.405 	 0.000661718
3.41 	 0.000715095
3.415 	 0.000762577
3.42 	 0.000803198
3.425 	 0.00083611
3.43 	 0.000860509
3.435 	 0.000875597
3.44 	 0.000880621
3.445 	 0.00087497
3.45 	 0.000858298
3.455 	 0.000830615
3.46 	 0.000792305
3.465 	 0.000744058
3.47 	 0.000686768
3.475 	 0.0006214
3.48 	 0.000548892
3.485 	 0.0004701
3.49 	 0.000385791
3.495 	 0.000296677
3.5 	 0.000203446
3.505 	 0.000106801
3.51 	 7.48572e-06
3.515 	 -9.3672e-05
3.52 	 -0.000195705
3.525 	 -0.000297444
3.53 	 -0.000397461
3.535 	 -0.00049407
3.54 	 -0.000585394
3.545 	 -0.000669512
3.55 	 -0.000744659
3.555 	 -0.000809422
3.56 	 -0.000862892
3.565 	 -0.000904729
3.57 	 -0.000935132
3.575 	 -0.000954717
3.58 	 -0.000964323
3.585 	 -0.000964802
3.59 	 -0.000956826
3.595 	 -0.000940785
3.6 	 -0.000916786
3.605 	 -0.000884764
3.61 	 -0.000844639
3.615 	 -0.000796483
3.62 	 -0.000740617
3.625 	 -0.000677617
3.63 	 -0.000608255
3.635 	 -0.000533413
3.64 	 -0.000454034
3.645 	 -0.000371107
3.65 	 -0.000285701
3.655 	 -0.000199014
3.66 	 -0.000112408
3.665 	 -2.74206e-05
3.67 	 5.42786e-05
3.675 	 0.000130969
3.68 	 0.000200981
3.685 	 0.000262804
3.69 	 0.000315166
3.695 	 0.000357105
3.7 	 0.000388007
3.705 	 0.000407609
3.71 	 0.000415968
3.715 	 0.000413382
3.72 	 0.000400293
3.725 	 0.000377168
3.73 	 0.000344397
3.735 	 0.000302218
3.74 	 0.0002507
3.745 	 0.000189782
3.75 	 0.000119376
3.755 	 3.94727e-05
3.76 	 -4.97457e-05
3.765 	 -0.000147822
3.77 	 -0.000253954
3.775 	 -0.000366946
3.78 	 -0.000485193
3.785 	 -0.000606715
3.79 	 -0.000729268
3.795 	 -0.000850492
3.8 	 -0.000968122
3.805 	 -0.00108018
3.81 	 -0.00118516
3.815 	 -0.00128203
3.82 	 -0.00137025
3.825 	 -0.00144955
3.83 	 -0.00151981
3.835 	 -0.00158088
3.84 	 -0.00163254
3.845 	 -0.00167447
3.85 	 -0.00170627
3.855 	 -0.00172752
3.86 	 -0.00173779
3.865 	 -0.00173669
3.87 	 -0.00172387
3.875 	 -0.00169905
3.88 	 -0.00166211
3.885 	 -0.00161308
3.89 	 -0.00155229
3.895 	 -0.00148045
3.9 	 -0.00139861
3.905 	 -0.00130827
3.91 	 -0.00121123
3.915 	 -0.00110957
3.92 	 -0.00100546
3.925 	 -0.000901102
3.93 	 -0.00079856
3.935 	 -0.000699632
3.94 	 -0.000605748
3.945 	 -0.000517895
3.95 	 -0.000436609
3.955 	 -0.000362055
3.96 	 -0.000294181
3.965 	 -0.000232922
3.97 	 -0.000178384
3.975 	 -0.000130951
3.98 	 -9.13006e-05
3.985 	 -6.03221e-05
3.99 	 -3.89924e-05
3.995 	 -2.82503e-05
4.0 	 -2.88992e-05
4.005 	 -4.15453e-05
4.01 	 -6.65633e-05
4.015 	 -0.000104076
4.02 	 -0.000153931
4.025 	 -0.000215659
4.03 	 -0.000288423
4.035 	 -0.000370976
4.04 	 -0.000461644
4.045 	 -0.000558367
4.05 	 -0.000658802
4.055 	 -0.000760489
4.06 	 -0.000861057
4.065 	 -0.000958443
4.07 	 -0.00105106
4.075 	 -0.00113792
4.08 	 -0.00121859
4.085 	 -0.00129312
4.09 	 -0.00136181
4.095 	 -0.00142496
4.1 	 -0.00148264
4.105 	 -0.00153452
4.11 	 -0.0015798
4.115 	 -0.00161729
4.12 	 -0.00164553
4.125 	 -0.001663
4.13 	 -0.00166832
4.135 	 -0.00166045
4.14 	 -0.00163885
4.145 	 -0.00160354
4.15 	 -0.00155512
4.155 	 -0.00149464
4.16 	 -0.00142352
4.165 	 -0.00134337
4.17 	 -0.00125589
4.175 	 -0.00116271
4.18 	 -0.00106534
4.185 	 -0.000965161
4.19 	 -0.000863349
4.195 	 -0.000760945
4.2 	 -0.000658851
4.205 	 -0.000557849
4.21 	 -0.000458611
4.215 	 -0.00036171
4.22 	 -0.000267644
4.225 	 -0.000176865
4.23 	 -8.98197e-05
4.235 	 -6.96511e-06
4.24 	 7.12356e-05
4.245 	 0.000144344
4.25 	 0.000211977
4.255 	 0.000273815
4.26 	 0.000329569
4.265 	 0.000378912
4.27 	 0.000421417
4.275 	 0.000456531
4.28 	 0.000483637
4.285 	 0.000502192
4.29 	 0.000511906
4.295 	 0.000512897
4.3 	 0.000505766
4.305 	 0.000491561
4.31 	 0.00047163
4.315 	 0.000447412
4.32 	 0.000420218
4.325 	 0.00039109
4.33 	 0.000360743
4.335 	 0.00032961
4.34 	 0.000297944
4.345 	 0.000265926
4.35 	 0.000233755
4.355 	 0.000201694
4.36 	 0.000170083
4.365 	 0.000139323
4.37 	 0.00010987
4.375 	 8.22263e-05
4.38 	 5.69509e-05
4.385 	 3.46721e-05
4.39 	 1.60777e-05
4.395 	 1.87202e-06
4.4 	 -7.30106e-06
4.405 	 -1.09493e-05
4.41 	 -8.80872e-06
4.415 	 -8.84119e-07
4.42 	 1.25523e-05
4.425 	 3.10009e-05
4.43 	 5.37998e-05
4.435 	 8.02049e-05
4.44 	 0.00010947
4.445 	 0.00014092
4.45 	 0.00017401
4.455 	 0.000208357
4.46 	 0.000243747
4.465 	 0.000280112
4.47 	 0.000317485
4.475 	 0.000355941
4.48 	 0.000395536
4.485 	 0.000436246
4.49 	 0.000477934
4.495 	 0.000520346
4.5 	 0.000563131
4.505 	 0.000605904
4.51 	 0.000648298
4.515 	 0.000690013
4.52 	 0.000730846
4.525 	 0.000770697
4.53 	 0.000809555
4.535 	 0.000847473
4.54 	 0.000884538
4.545 	 0.000920833
4.55 	 0.000956398
4.555 	 0.000991189
4.56 	 0.00102503
4.565 	 0.00105758
4.57 	 0.00108834
4.575 	 0.00111669
4.58 	 0.00114197
4.585 	 0.00116356
4.59 	 0.001181
4.595 	 0.001194
4.6 	 0.00120252
4.605 	 0.0012067
4.61 	 0.00120683
4.615 	 0.00120327
4.62 	 0.00119639
4.625 	 0.00118652
4.63 	 0.00117385
4.635 	 0.00115848
4.64 	 0.00114032
4.645 	 0.00111913
4.65 	 0.00109463
4.655 	 0.00106646
4.66 	 0.00103441
4.665 	 0.00099835
4.67 	 0.000958399
4.675 	 0.000914886
4.68 	 0.000868373
4.685 	 0.000819631
4.69 	 0.000769601
4.695 	 0.000719322
4.7 	 0.000669842
4.705 	 0.000622103
4.71 	 0.000576823
4.715 	 0.000534407
4.72 	 0.000494895
4.725 	 0.000457983
4.73 	 0.000423109
4.735 	 0.000389596
4.74 	 0.000356825
4.745 	 0.000324385
4.75 	 0.000292184
4.755 	 0.000260485
4.76 	 0.000229873
4.765 	 0.00020117
4.77 	 0.000175309
4.775 	 0.000153191
4.78 	 0.000135572
4.785 	 0.000122981
4.79 	 0.0001157
4.795 	 0.000113772
4.8 	 0.00011703
4.805 	 0.000125151
4.81 	 0.000137702
4.815 	 0.000154171
4.82 	 0.000173991
4.825 	 0.000196529
4.83 	 0.000221089
4.835 	 0.000246911
4.84 	 0.000273207
4.845 	 0.000299234
4.85 	 0.000324383
4.855 	 0.000348286
4.86 	 0.000370845
4.865 	 0.000392203
4.87 	 0.000412626
4.875 	 0.000432343
4.88 	 0.000451394
4.885 	 0.000469512
4.89 	 0.000486084
4.895 	 0.000500198
4.9 	 0.000510773
4.905 	 0.000516732
4.91 	 0.000517178
4.915 	 0.000511531
4.92 	 0.000499611
4.925 	 0.000481664
4.93 	 0.00045834
4.935 	 0.000430631
4.94 	 0.000399754
4.945 	 0.000367005
4.95 	 0.000333609
4.955 	 0.00030058
4.96 	 0.000268619
4.965 	 0.000238067
4.97 	 0.000208929
4.975 	 0.000180967
4.98 	 0.000153843
4.985 	 0.000127266
4.99 	 0.000101098
4.995 	 7.54087e-05
5.0 	 5.0471e-05
5.005 	 2.67184e-05
5.01 	 4.68887e-06
5.015 	 -1.50263e-05
5.02 	 -3.18189e-05
5.025 	 -4.50859e-05
5.03 	 -5.42435e-05
5.035 	 -5.87406e-05
5.04 	 -5.80797e-05
5.045 	 -5.18517e-05
5.05 	 -3.97789e-05
5.055 	 -2.17543e-05
5.06 	 2.14222e-06
5.065 	 3.16569e-05
5.07 	 6.6399e-05
5.075 	 0.000105884
5.08 	 0.000149566
5.085 	 0.000196846
5.09 	 0.000247076
5.095 	 0.000299553
5.1 	 0.000353537
5.105 	 0.000408302
5.11 	 0.000463203
5.115 	 0.000517741
5.12 	 0.000571592
5.125 	 0.000624585
5.13 	 0.000676618
5.135 	 0.000727531
5.14 	 0.000776988
5.145 	 0.000824388
5.15 	 0.000868862
5.155 	 0.00090933
5.16 	 0.000944641
5.165 	 0.000973725
5.17 	 0.000995733
5.175 	 0.00101013
5.18 	 0.00101675
5.185 	 0.00101572
5.19 	 0.00100748
5.195 	 0.00099265
5.2 	 0.000971951
5.205 	 0.000946143
5.21 	 0.000915953
5.215 	 0.000882034
5.22 	 0.000844937
5.225 	 0.000805105
5.23 	 0.000762871
5.235 	 0.000718472
5.24 	 0.000672074
5.245 	 0.000623815
5.25 	 0.000573842
5.255 	 0.000522353
5.26 	 0.000469625
5.265 	 0.000416038
5.27 	 0.000362091
5.275 	 0.000308411
5.28 	 0.000255749
5.285 	 0.000204944
5.29 	 0.000156869
5.295 	 0.000112336
5.3 	 7.19988e-05
5.305 	 3.62481e-05
5.31 	 5.14316e-06
5.315 	 -2.1598e-05
5.32 	 -4.45278e-05
5.325 	 -6.43317e-05
5.33 	 -8.16631e-05
5.335 	 -9.70055e-05
5.34 	 -0.000110602
5.345 	 -0.00012246
5.35 	 -0.000132423
5.355 	 -0.000140264
5.36 	 -0.000145778
5.365 	 -0.000148846
5.37 	 -0.000149448
5.375 	 -0.000147644
5.38 	 -0.00014353
5.385 	 -0.000137214
5.39 	 -0.00012884
5.395 	 -0.000118662
5.4 	 -0.000107154
5.405 	 -9.51005e-05
5.41 	 -8.36107e-05
5.415 	 -7.40284e-05
5.42 	 -6.77344e-05
5.425 	 -6.59101e-05
5.43 	 -6.93364e-05
5.435 	 -7.82783e-05
5.44 	 -9.24778e-05
5.445 	 -0.00011125
5.45 	 -0.000133665
5.455 	 -0.000158771
5.46 	 -0.0001858
5.465 	 -0.000214287
5.47 	 -0.000244078
5.475 	 -0.000275235
5.48 	 -0.000307897
5.485 	 -0.000342127
5.49 	 -0.00037781
5.495 	 -0.000414624
5.5 	 -0.000452078
5.505 	 -0.000489594
5.51 	 -0.000526573
5.515 	 -0.000562452
5.52 	 -0.000596708
5.525 	 -0.000628866
5.53 	 -0.000658481
5.535 	 -0.000685121
5.54 	 -0.000708362
5.545 	 -0.000727791
5.55 	 -0.000743012
5.555 	 -0.000753658
5.56 	 -0.000759394
5.565 	 -0.000759913
5.57 	 -0.00075495
5.575 	 -0.000744319
5.58 	 -0.000727979
5.585 	 -0.000706092
5.59 	 -0.000679061
5.595 	 -0.000647517
5.6 	 -0.000612252
5.605 	 -0.000574119
5.61 	 -0.000533924
5.615 	 -0.000492356
5.62 	 -0.000449959
5.625 	 -0.000407178
5.63 	 -0.000364444
5.635 	 -0.000322255
5.64 	 -0.000281222
5.645 	 -0.000242057
5.65 	 -0.000205495
5.655 	 -0.000172199
5.66 	 -0.000142664
5.665 	 -0.000117143
5.67 	 -9.56262e-05
5.675 	 -7.78672e-05
5.68 	 -6.34575e-05
5.685 	 -5.19309e-05
5.69 	 -4.28849e-05
5.695 	 -3.60983e-05
5.7 	 -3.16184e-05
5.705 	 -2.97869e-05
5.71 	 -3.11902e-05
5.715 	 -3.65457e-05
5.72 	 -4.65623e-05
5.725 	 -6.18169e-05
5.73 	 -8.26714e-05
5.735 	 -0.000109238
5.74 	 -0.000141377
5.745 	 -0.00017871
5.75 	 -0.000220631
5.755 	 -0.000266307
5.76 	 -0.000314702
5.765 	 -0.000364616
5.77 	 -0.000414781
5.775 	 -0.000463993
5.78 	 -0.000511238
5.785 	 -0.000555788
5.79 	 -0.000597241
5.795 	 -0.000635489
5.8 	 -0.00067065
5.805 	 -0.000702968
5.81 	 -0.000732701
5.815 	 -0.000760021
5.82 	 -0.000784948
5.825 	 -0.00080731
5.83 	 -0.000826739
5.835 	 -0.000842688
5.84 	 -0.000854475
5.845 	 -0.000861356
5.85 	 -0.000862599
5.855 	 -0.000857581
5.86 	 -0.000845865
5.865 	 -0.000827272
5.87 	 -0.000801913
5.875 	 -0.000770188
5.88 	 -0.000732744
5.885 	 -0.000690399
5.89 	 -0.000644046
5.895 	 -0.000594551
5.9 	 -0.000542678
5.905 	 -0.000489056
5.91 	 -0.000434189
5.915 	 -0.000378492
5.92 	 -0.000322337
5.925 	 -0.000266092
5.93 	 -0.000210157
5.935 	 -0.00015499
5.94 	 -0.000101125
5.945 	 -4.91794e-05
5.95 	 1.563e-07
5.955 	 4.61333e-05
5.96 	 8.79724e-05
5.965 	 0.000124902
5.97 	 0.000156206
5.975 	 0.000181276
5.98 	 0.000199651
5.985 	 0.000211046
5.99 	 0.000215367
5.995 	 0.000212717
6.0 	 0.00020339
6.005 	 0.000187869
6.01 	 0.000166791
6.015 	 0.000140892
6.02 	 0.000110924
6.025 	 7.75674e-05
6.03 	 4.13548e-05
6.035 	 2.63559e-06
6.04 	 -3.84153e-05
6.045 	 -8.17461e-05
6.05 	 -0.000127347
6.055 	 -0.000175156
6.06 	 -0.000224983
6.065 	 -0.000276443
6.07 	 -0.000328937
6.075 	 -0.000381664
6.08 	 -0.000433677
6.085 	 -0.00048399
6.09 	 -0.000531698
6.095 	 -0.000576088
6.1 	 -0.000616673
6.105 	 -0.000653163
6.11 	 -0.000685361
6.115 	 -0.000713062
6.12 	 -0.000735971
6.125 	 -0.000753688
6.13 	 -0.000765744
6.135 	 -0.000771689
6.14 	 -0.000771178
6.145 	 -0.000764032
6.15 	 -0.000750258
6.155 	 -0.000730029
6.16 	 -0.00070365
6.165 	 -0.000671528
6.17 	 -0.000634163
6.175 	 -0.000592148
6.18 	 -0.000546172
6.185 	 -0.000497023
6.19 	 -0.000445571
6.195 	 -0.000392752
6.2 	 -0.00033954
6.205 	 -0.000286917
6.21 	 -0.000235844
6.215 	 -0.000187227
6.22 	 -0.000141861
6.225 	 -0.000100367
6.23 	 -6.31057e-05
6.235 	 -3.0125e-05
6.24 	 -1.16455e-06
6.245 	 2.42415e-05
6.25 	 4.65863e-05
6.255 	 6.61926e-05
6.26 	 8.30673e-05
6.265 	 9.68598e-05
6.27 	 0.000106933
6.275 	 0.000112525
6.28 	 0.000112937
6.285 	 0.000107711
6.29 	 9.67257e-05
6.295 	 8.02099e-05
6.3 	 5.86822e-05
6.305 	 3.28538e-05
6.31 	 3.53794e-06
6.315 	 -2.84123e-05
6.32 	 -6.21404e-05
6.325 	 -9.68121e-05
6.33 	 -0.000131645
6.335 	 -0.000165945
6.34 	 -0.000199154
6.345 	 -0.00023088
6.35 	 -0.000260919
6.355 	 -0.000289252
6.36 	 -0.000316003
6.365 	 -0.000341391
6.37 	 -0.000365657
6.375 	 -0.000388996
6.38 	 -0.000411501
6.385 	 -0.000433108
6.39 	 -0.000453568
6.395 	 -0.00047243
6.4 	 -0.000489058
6.405 	 -0.00050268
6.41 	 -0.000512466
6.415 	 -0.000517617
6.42 	 -0.000517459
6.425 	 -0.000511525
6.43 	 -0.000499629
6.435 	 -0.00048192
6.44 	 -0.000458893
6.445 	 -0.000431358
6.45 	 -0.000400365
6.455 	 -0.000367093
6.46 	 -0.000332739
6.465 	 -0.000298419
6.47 	 -0.000265084
6.475 	 -0.000233458
6.48 	 -0.000203983
6.485 	 -0.00017679
6.49 	 -0.000151683
6.495 	 -0.00012818
6.5 	 -0.000105603
6.505 	 -8.32047e-05
6.51 	 -6.03274e-05
6.515 	 -3.65364e-05
6.52 	 -1.17238e-05
6.525 	 1.38404e-05
6.53 	 3.95202e-05
6.535 	 6.43871e-05
6.54 	 8.73391e-05
6.545 	 0.000107237
6.55 	 0.00012303
6.555 	 0.00013386
6.56 	 0.000139133
6.565 	 0.000138571
6.57 	 0.000132226
6.575 	 0.000120469
6.58 	 0.000103934
6.585 	 8.34468e-05
6.59 	 5.99187e-05
6.595 	 3.42556e-05
6.6 	 7.27313e-06
6.605 	 -2.03612e-05
6.61 	 -4.81593e-05
6.615 	 -7.58158e-05
6.62 	 -0.000103187
6.625 	 -0.000130253
6.63 	 -0.00015706
6.635 	 -0.000183659
6.64 	 -0.000210035
6.645 	 -0.000236045
6.65 	 -0.000261362
6.655 	 -0.000285459
6.66 	 -0.000307627
6.665 	 -0.00032703
6.67 	 -0.000342796
6.675 	 -0.000354119
6.68 	 -0.00036035
6.685 	 -0.000361074
6.69 	 -0.000356144
6.695 	 -0.000345683
6.7 	 -0.000330035
6.705 	 -0.000309678
6.71 	 -0.000285119
6.715 	 -0.000256784
6.72 	 -0.000224939
6.725 	 -0.000189674
6.73 	 -0.000150952
6.735 	 -0.000108718
6.74 	 -6.30388e-05
6.745 	 -1.42368e-05
6.75 	 3.70398e-05
6.755 	 8.98434e-05
6.76 	 0.000143046
6.765 	 0.000195505
6.77 	 0.000246228
6.775 	 0.000294486
6.78 	 0.000339848
6.785 	 0.000382151
6.79 	 0.00042138
6.795 	 0.000457524
6.8 	 0.000490443
6.805 	 0.000519795
6.81 	 0.000545041
6.815 	 0.000565521
6.82 	 0.000580555
6.825 	 0.000589572
6.83 	 0.000592214
6.835 	 0.000588406
6.84 	 0.000578366
6.845 	 0.000562532
6.85 	 0.000541454
6.855 	 0.000515667
6.86 	 0.000485613
6.865 	 0.000451602
6.87 	 0.000413838
6.875 	 0.000372488
6.88 	 0.000327762
6.885 	 0.000279993
6.89 	 0.000229696
6.895 	 0.000177565
6.9 	 0.000124436
6.905 	 7.11901e-05
6.91 	 1.86619e-05
6.915 	 -3.24295e-05
6.92 	 -8.14924e-05
6.925 	 -0.000128017
6.93 	 -0.000171497
6.935 	 -0.000211361
6.94 	 -0.000246948
6.945 	 -0.000277557
6.95 	 -0.000302563
6.955 	 -0.000321543
6.96 	 -0.000334376
6.965 	 -0.00034124
6.97 	 -0.000342516
6.975 	 -0.00033863
6.98 	 -0.000329912
6.985 	 -0.000316528
6.99 	 -0.00029852
6.995 	 -0.000275909
7.0 	 -0.000248808
7.005 	 -0.000217479
7.01 	 -0.000182307
7.015 	 -0.000143716
7.02 	 -0.000102072
7.025 	 -5.76463e-05
7.03 	 -1.0654e-05
7.035 	 3.86231e-05
7.04 	 8.96921e-05
7.045 	 0.000141749
7.05 	 0.000193668
7.055 	 0.000244093
7.06 	 0.000291595
7.065 	 0.000334838
7.07 	 0.000372725
7.075 	 0.000404483
7.08 	 0.000429698
7.085 	 0.000448295
7.09 	 0.000460494
7.095 	 0.000466744
7.1 	 0.00046764
7.105 	 0.000463842
7.11 	 0.000455987
7.115 	 0.000444613
7.12 	 0.00043012
7.125 	 0.000412744
7.13 	 0.000392579
7.135 	 0.00036962
7.14 	 0.000343825
7.145 	 0.000315194
7.15 	 0.000283832
7.155 	 0.000249995
7.16 	 0.000214101
7.165 	 0.00017671
7.17 	 0.000138493
7.175 	 0.000100186
7.18 	 6.25623e-05
7.185 	 2.6412e-05
7.19 	 -7.46102e-06
7.195 	 -3.82351e-05
7.2 	 -6.50853e-05
7.205 	 -8.72341e-05
7.21 	 -0.000104042
7.215 	 -0.000115106
7.22 	 -0.000120332
7.225 	 -0.000119935
7.23 	 -0.000114367
7.235 	 -0.000104183
7.24 	 -8.99022e-05
7.245 	 -7.18974e-05
7.25 	 -5.03549e-05
7.255 	 -2.53049e-05
7.26 	 3.29528e-06
7.265 	 3.54507e-05
7.27 	 7.10226e-05
7.275 	 0.000109655
7.28 	 0.000150753
7.285 	 0.00019352
7.29 	 0.000237035
7.295 	 0.000280346
7.3 	 0.000322579
7.305 	 0.000363009
7.31 	 0.000401098
7.315 	 0.000436492
7.32 	 0.000468956
7.325 	 0.000498303
7.33 	 0.000524315
7.335 	 0.000546705
7.34 	 0.000565113
7.345 	 0.000579144
7.35 	 0.000588432
7.355 	 0.0005927
7.36 	 0.000591815
7.365 	 0.000585819
7.37 	 0.000574939
7.375 	 0.000559571
7.38 	 0.000540229
7.385 	 0.00051748
7.39 	 0.000491847
7.395 	 0.000463717
7.4 	 0.000433287
7.405 	 0.000400576
7.41 	 0.000365502
7.415 	 0.000328015
7.42 	 0.000288221
7.425 	 0.000246471
7.43 	 0.000203391
7.435 	 0.000159835
7.44 	 0.000116802
7.445 	 7.5326e-05
7.45 	 3.63718e-05
7.455 	 7.66942e-07
7.46 	 -3.08321e-05
7.465 	 -5.79423e-05
7.47 	 -8.0244e-05
7.475 	 -9.75748e-05
7.48 	 -0.000109929
7.485 	 -0.000117454
7.49 	 -0.000120424
7.495 	 -0.000119194
7.5 	 -0.000114133
7.505 	 -0.000105553
7.51 	 -9.36544e-05
7.515 	 -7.84898e-05
7.52 	 -5.99518e-05
7.525 	 -3.77945e-05
7.53 	 -1.16851e-05
7.535 	 1.87104e-05
7.54 	 5.36249e-05
7.545 	 9.3089e-05
7.55 	 0.000136854
7.555 	 0.000184355
7.56 	 0.000234709
7.565 	 0.000286773
7.57 	 0.000339238
7.575 	 0.000390755
7.58 	 0.000440073
7.585 	 0.000486146
7.59 	 0.000528195
7.595 	 0.00056571
7.6 	 0.000598414
7.605 	 0.000626193
7.61 	 0.000649006
7.615 	 0.000666809
7.62 	 0.000679483
7.625 	 0.000686813
7.63 	 0.000688512
7.635 	 0.00068427
7.64 	 0.000673834
7.645 	 0.000657062
7.65 	 0.000633978
7.655 	 0.000604799
7.66 	 0.000569944
7.665 	 0.000530008
7.67 	 0.000485728
7.675 	 0.000437923
7.68 	 0.00038742
7.685 	 0.00033499
7.69 	 0.000281278
7.695 	 0.000226791
7.7 	 0.000171924
7.705 	 0.000117034
7.71 	 6.25189e-05
7.715 	 8.87678e-06
7.72 	 -4.32858e-05
7.725 	 -9.32912e-05
7.73 	 -0.000140463
7.735 	 -0.000184203
7.74 	 -0.000224038
7.745 	 -0.000259626
7.75 	 -0.000290735
7.755 	 -0.000317195
7.76 	 -0.00033886
7.765 	 -0.000355561
7.77 	 -0.000367076
7.775 	 -0.000373125
7.78 	 -0.000373392
7.785 	 -0.000367599
7.79 	 -0.000355593
7.795 	 -0.000337436
7.8 	 -0.000313466
7.805 	 -0.000284302
7.81 	 -0.000250788
7.815 	 -0.000213897
7.82 	 -0.000174603
7.825 	 -0.000133773
7.83 	 -9.20892e-05
7.835 	 -5.00486e-05
7.84 	 -8.01839e-06
7.845 	 3.36619e-05
7.85 	 7.45798e-05
7.855 	 0.000114183
7.86 	 0.000151772
7.865 	 0.000186546
7.87 	 0.000217711
7.875 	 0.000244584
7.88 	 0.000266696
7.885 	 0.000283819
7.89 	 0.00029594
7.895 	 0.000303188
7.9 	 0.00030574
7.905 	 0.000303738
7.91 	 0.000297256
7.915 	 0.000286292
7.92 	 0.000270814
7.925 	 0.00025081
7.93 	 0.000226343
7.935 	 0.000197591
7.94 	 0.000164872
7.945 	 0.00012864
7.95 	 8.94705e-05
7.955 	 4.80449e-05
7.96 	 5.12468e-06
7.965 	 -3.84695e-05
7.97 	 -8.18874e-05
7.975 	 -0.000124286
7.98 	 -0.000164868
7.985 	 -0.000202927
7.99 	 -0.000237878
7.995 	 -0.000269282
8.0 	 -0.000296853
8.005 	 -0.000320447
8.01 	 -0.000340031
8.015 	 -0.000355643
8.02 	 -0.000367349
8.025 	 -0.000375198
8.03 	 -0.000379201
8.035 	 -0.000379316
8.04 	 -0.00037545
8.045 	 -0.00036747
8.05 	 -0.000355228
8.055 	 -0.000338572
8.06 	 -0.000317366
8.065 	 -0.000291497
8.07 	 -0.000260884
8.075 	 -0.000225498
8.08 	 -0.000185414
8.085 	 -0.000140869
8.09 	 -9.23283e-05
8.095 	 -4.05121e-05
8.1 	 1.36308e-05
8.105 	 6.90126e-05
8.11 	 0.00012454
8.115 	 0.000179264
8.12 	 0.000232488
8.125 	 0.000283824
8.13 	 0.000333143
8.135 	 0.000380478
8.14 	 0.000425893
8.145 	 0.000469367
8.15 	 0.000510716
8.155 	 0.00054955
8.16 	 0.00058529
8.165 	 0.00061723
8.17 	 0.000644639
8.175 	 0.000666861
8.18 	 0.0006834
8.185 	 0.000693966
8.19 	 0.000698478
8.195 	 0.000697055
8.2 	 0.000689979
8.205 	 0.000677672
8.21 	 0.000660663
8.215 	 0.000639571
8.22 	 0.000615069
8.225 	 0.000587834
8.23 	 0.000558464
8.235 	 0.000527389
8.24 	 0.000494811
8.245 	 0.000460708
8.25 	 0.000424928
8.255 	 0.000387316
8.26 	 0.000347846
8.265 	 0.000306704
8.27 	 0.00026432
8.275 	 0.000221356
8.28 	 0.000178665
8.285 	 0.000137219
8.29 	 9.80289e-05
8.295 	 6.20587e-05
8.3 	 3.01599e-05
8.305 	 3.03294e-06
8.31 	 -1.87905e-05
8.315 	 -3.49521e-05
8.32 	 -4.52675e-05
8.325 	 -4.97262e-05
8.33 	 -4.84853e-05
8.335 	 -4.18494e-05
8.34 	 -3.02367e-05
8.345 	 -1.4137e-05
8.35 	 5.92849e-06
8.355 	 2.9438e-05
8.36 	 5.58888e-05
8.365 	 8.4803e-05
8.37 	 0.000115722
8.375 	 0.000148198
8.38 	 0.000181782
8.385 	 0.000216021
8.39 	 0.000250457
8.395 	 0.000284623
8.4 	 0.000318037
8.405 	 0.000350199
8.41 	 0.000380588
8.415 	 0.000408672
8.42 	 0.00043393
8.425 	 0.000455884
8.43 	 0.000474135
8.435 	 0.000488399
8.44 	 0.000498524
8.445 	 0.000504485
8.45 	 0.000506352
8.455 	 0.000504252
8.46 	 0.000498329
8.465 	 0.00048872
8.47 	 0.000475546
8.475 	 0.000458913
8.48 	 0.00043892
8.485 	 0.000415663
8.49 	 0.000389237
8.495 	 0.000359742
8.5 	 0.000327284
8.505 	 0.000291983
8.51 	 0.000253977
8.515 	 0.000213441
8.52 	 0.0001706
8.525 	 0.000125746
8.53 	 7.9257e-05
8.535 	 3.16084e-05
8.54 	 -1.66278e-05
8.545 	 -6.48007e-05
8.55 	 -0.000112213
8.555 	 -0.000158164
8.56 	 -0.000202001
8.565 	 -0.000243163
8.57 	 -0.000281217
8.575 	 -0.000315873
8.58 	 -0.000346985
8.585 	 -0.000374519
8.59 	 -0.000398509
8.595 	 -0.000419003
8.6 	 -0.000436014
8.605 	 -0.000449483
8.61 	 -0.000459265
8.615 	 -0.000465142
8.62 	 -0.000466844
8.625 	 -0.000464096
8.63 	 -0.000456661
8.635 	 -0.000444391
8.64 	 -0.000427266
8.645 	 -0.000405432
8.65 	 -0.000379223
8.655 	 -0.000349158
8.66 	 -0.000315925
8.665 	 -0.000280329
8.67 	 -0.00024323
8.675 	 -0.000205484
8.68 	 -0.000167872
8.685 	 -0.000131061
8.69 	 -9.55773e-05
8.695 	 -6.18067e-05
8.7 	 -3.0024e-05
8.705 	 -4.3256e-07
8.71 	 2.67885e-05
8.715 	 5.14407e-05
8.72 	 7.32712e-05
8.725 	 9.19546e-05
8.73 	 0.000107096
8.735 	 0.000118256
8.74 	 0.000124986
8.745 	 0.000126876
8.75 	 0.000123594
8.755 	 0.000114927
8.76 	 0.000100806
8.765 	 8.13319e-05
8.77 	 5.67821e-05
8.775 	 2.76083e-05
8.78 	 -5.58147e-06
8.785 	 -4.20573e-05
8.79 	 -8.10158e-05
8.795 	 -0.000121635
8.8 	 -0.000163128
8.805 	 -0.00020478
8.81 	 -0.000245978
8.815 	 -0.000286216
8.82 	 -0.000325094
8.825 	 -0.000362302
8.83 	 -0.000397605
8.835 	 -0.000430807
8.84 	 -0.000461736
8.845 	 -0.000490216
8.85 	 -0.000516052
8.855 	 -0.000539015
8.86 	 -0.000558844
8.865 	 -0.00057525
8.87 	 -0.000587933
8.875 	 -0.00059661
8.88 	 -0.000601042
8.885 	 -0.000601057
8.89 	 -0.000596565
8.895 	 -0.000587546
8.9 	 -0.000574038
8.905 	 -0.000556104
8.91 	 -0.000533829
8.915 	 -0.000507319
8.92 	 -0.000476735
8.925 	 -0.00044234
8.93 	 -0.000404539
8.935 	 -0.000363911
8.94 	 -0.000321197
8.945 	 -0.000277241
8.95 	 -0.000232904
8.955 	 -0.000188955
8.96 	 -0.000145992
8.965 	 -0.000104413
8.97 	 -6.44289e-05
8.975 	 -2.61211e-05
8.98 	 1.04872e-05
8.985 	 4.53708e-05
8.99 	 7.84578e-05
8.995 	 0.000109605
9.0 	 0.000138587
9.005 	 0.000165109
9.01 	 0.000188813
9.015 	 0.000209307
9.02 	 0.000226182
9.025 	 0.000239037
9.03 	 0.000247503
9.035 	 0.000251269
9.04 	 0.000250109
9.045 	 0.000243916
9.05 	 0.000232728
9.055 	 0.000216747
9.06 	 0.000196339
9.065 	 0.000172016
9.07 	 0.000144397
9.075 	 0.000114166
9.08 	 8.2015e-05
9.085 	 4.86032e-05
9.09 	 1.45168e-05
9.095 	 -1.97518e-05
9.1 	 -5.38063e-05
9.105 	 -8.73289e-05
9.11 	 -0.000120051
9.115 	 -0.000151718
9.12 	 -0.000182065
9.125 	 -0.000210797
9.13 	 -0.000237583
9.135 	 -0.000262053
9.14 	 -0.000283806
9.145 	 -0.00030242
9.15 	 -0.000317469
9.155 	 -0.000328544
9.16 	 -0.000335272
9.165 	 -0.000337334
9.17 	 -0.000334481
9.175 	 -0.000326547
9.18 	 -0.000313474
9.185 	 -0.000295336
9.19 	 -0.000272358
9.195 	 -0.000244922
9.2 	 -0.000213554
9.205 	 -0.000178879
9.21 	 -0.000141577
9.215 	 -0.000102324
9.22 	 -6.17432e-05
9.225 	 -2.0363e-05
9.23 	 2.14069e-05
9.235 	 6.32868e-05
9.24 	 0.000105118
9.245 	 0.000146832
9.25 	 0.000188402
9.255 	 0.000229791
9.26 	 0.0002709
9.265 	 0.000311536
9.27 	 0.000351383
9.275 	 0.000389989
9.28 	 0.000426768
9.285 	 0.000461017
9.29 	 0.000491958
9.295 	 0.000518796
9.3 	 0.000540807
9.305 	 0.000557417
9.31 	 0.000568276
9.315 	 0.000573295
9.32 	 0.000572638
9.325 	 0.00056667
9.33 	 0.000555883
9.335 	 0.000540809
9.34 	 0.000521958
9.345 	 0.000499778
9.35 	 0.000474641
9.355 	 0.000446862
9.36 	 0.000416718
9.365 	 0.000384484
9.37 	 0.000350448
9.375 	 0.000314932
9.38 	 0.000278297
9.385 	 0.000240944
9.39 	 0.00020332
9.395 	 0.000165916
9.4 	 0.000129262
9.405 	 9.39116e-05
9.41 	 6.04217e-05
9.415 	 2.9321e-05
9.42 	 1.08183e-06
9.425 	 -2.39027e-05
9.43 	 -4.53313e-05
9.435 	 -6.29981e-05
9.44 	 -7.67893e-05
9.445 	 -8.66774e-05
9.45 	 -9.27115e-05
9.455 	 -9.50053e-05
9.46 	 -9.37206e-05
9.465 	 -8.90482e-05
9.47 	 -8.11876e-05
9.475 	 -7.03319e-05
9.48 	 -5.66606e-05
9.485 	 -4.03443e-05
9.49 	 -2.15588e-05
9.495 	 -5.08852e-07
9.5 	 2.25408e-05
9.505 	 4.72328e-05
9.51 	 7.30958e-05
9.515 	 9.95512e-05
9.52 	 0.000125958
9.525 	 0.000151687
9.53 	 0.000176196
9.535 	 0.000199084
9.54 	 0.000220103
9.545 	 0.000239127
9.55 	 0.000256094
9.555 	 0.00027094
9.56 	 0.000283545
9.565 	 0.000293706
9.57 	 0.000301142
9.575 	 0.000305531
9.58 	 0.000306561
9.585 	 0.000303986
9.59 	 0.000297673
9.595 	 0.000287604
9.6 	 0.000273861
9.605 	 0.000256587
9.61 	 0.000235953
9.615 	 0.00021213
9.62 	 0.000185278
9.625 	 0.000155554
9.63 	 0.000123132
9.635 	 8.82292e-05
9.64 	 5.11294e-05
9.645 	 1.22014e-05
9.65 	 -2.80998e-05
9.655 	 -6.92453e-05
9.66 	 -0.00011066
9.665 	 -0.000151763
9.67 	 -0.000192005
9.675 	 -0.000230901
9.68 	 -0.000268043
9.685 	 -0.000303085
9.69 	 -0.000335727
9.695 	 -0.000365695
9.7 	 -0.000392745
9.705 	 -0.000416682
9.71 	 -0.000437396
9.715 	 -0.000454894
9.72 	 -0.000469315
9.725 	 -0.000480904
9.73 	 -0.000489965
9.735 	 -0.000496793
9.74 	 -0.000501606
9.745 	 -0.000504512
9.75 	 -0.000505498
9.755 	 -0.00050447
9.76 	 -0.000501311
9.765 	 -0.000495968
9.77 	 -0.000488508
9.775 	 -0.000479159
9.78 	 -0.000468301
9.785 	 -0.000456431
9.79 	 -0.000444111
9.795 	 -0.000431912
9.8 	 -0.000420364
9.805 	 -0.000409913
9.81 	 -0.000400898
9.815 	 -0.000393535
9.82 	 -0.000387928
9.825 	 -0.000384082
9.83 	 -0.000381922
9.835 	 -0.000381313
9.84 	 -0.000382079
9.845 	 -0.000384026
9.85 	 -0.000386965
9.855 	 -0.000390739
9.86 	 -0.000395248
9.865 	 -0.000400464
9.87 	 -0.000406438
9.875 	 -0.00041329
9.88 	 -0.000421182
9.885 	 -0.000430269
9.89 	 -0.000440643
9.895 	 -0.000452283
9.9 	 -0.000465028
9.905 	 -0.000478581
9.91 	 -0.000492559
9.915 	 -0.000506542
9.92 	 -0.000520131
9.925 	 -0.000532977
9.93 	 -0.000544806
9.935 	 -0.000555417
9.94 	 -0.000564669
9.945 	 -0.000572459
9.95 	 -0.000578689
9.955 	 -0.000583244
9.96 	 -0.000585979
9.965 	 -0.000586726
9.97 	 -0.000585306
9.975 	 -0.000581562
9.98 	 -0.000575382
9.985 	 -0.000566719
9.99 	 -0.000555603
9.995 	 -0.000542142
10.0 	 -0.000526522
10.005 	 -0.000508989
10.01 	 -0.000489846
10.015 	 -0.000469427
10.02 	 -0.000448072
10.025 	 -0.000426086
10.03 	 -0.000403694
10.035 	 -0.000381018
10.04 	 -0.000358071
10.045 	 -0.000334801
10.05 	 -0.00031115
10.055 	 -0.000287127
10.06 	 -0.000262846
10.065 	 -0.000238522
10.07 	 -0.000214427
10.075 	 -0.000190819
10.08 	 -0.000167886
10.085 	 -0.000145715
10.09 	 -0.000124297
10.095 	 -0.00010357
10.1 	 -8.34785e-05
10.105 	 -6.40301e-05
10.11 	 -4.53324e-05
10.115 	 -2.7586e-05
10.12 	 -1.10406e-05
10.125 	 4.07582e-06
10.13 	 1.76262e-05
10.135 	 2.9607e-05
10.14 	 4.01455e-05
10.145 	 4.94534e-05
10.15 	 5.77552e-05
10.155 	 6.52177e-05
10.16 	 7.19077e-05
10.165 	 7.77891e-05
10.17 	 8.27633e-05
10.175 	 8.67358e-05
10.18 	 8.96855e-05
10.185 	 9.17105e-05
10.19 	 9.30328e-05
10.195 	 9.39626e-05
10.2 	 9.48376e-05
10.205 	 9.59577e-05
10.21 	 9.75372e-05
10.215 	 9.96883e-05
10.22 	 0.000102438
10.225 	 0.00010577
10.23 	 0.000109664
10.235 	 0.000114126
10.24 	 0.000119204
10.245 	 0.000124989
10.25 	 0.000131622
10.255 	 0.000139293
10.26 	 0.000148217
10.265 	 0.000158587
10.27 	 0.000170503
10.275 	 0.000183919
10.28 	 0.000198617
10.285 	 0.000214247
10.29 	 0.000230391
10.295 	 0.000246645
10.3 	 0.000262662
10.305 	 0.000278179
10.31 	 0.000292999
10.315 	 0.000306972
10.32 	 0.000319953
10.325 	 0.000331765
10.33 	 0.000342171
10.335 	 0.000350861
10.34 	 0.000357453
10.345 	 0.000361531
10.35 	 0.000362686
10.355 	 0.000360567
10.36 	 0.000354932
10.365 	 0.000345674
10.37 	 0.000332843
10.375 	 0.000316646
10.38 	 0.000297433
10.385 	 0.000275672
10.39 	 0.000251909
10.395 	 0.000226713
10.4 	 0.000200629
10.405 	 0.000174131
10.41 	 0.000147597
10.415 	 0.000121296
10.42 	 9.53878e-05
10.425 	 6.99429e-05
10.43 	 4.49636e-05
10.435 	 2.04247e-05
10.44 	 -3.68157e-06
10.445 	 -2.73023e-05
10.45 	 -5.02959e-05
10.455 	 -7.24267e-05
10.46 	 -9.33797e-05
10.465 	 -0.000112789
10.47 	 -0.000130271
10.475 	 -0.000145453
10.48 	 -0.000158001
10.485 	 -0.000167621
10.49 	 -0.000174062
10.495 	 -0.00017711
10.5 	 -0.000176596
10.505 	 -0.000172406
10.51 	 -0.000164516
10.515 	 -0.00015302
10.52 	 -0.000138159
10.525 	 -0.000120324
10.53 	 -0.000100045
10.535 	 -7.79282e-05
10.54 	 -5.45806e-05
10.545 	 -3.05257e-05
10.55 	 -6.14129e-06
10.555 	 1.83611e-05
10.56 	 4.29093e-05
10.565 	 6.75066e-05
10.57 	 9.21521e-05
10.575 	 0.000116772
10.58 	 0.000141181
10.585 	 0.000165072
10.59 	 0.000188047
10.595 	 0.000209654
10.6 	 0.000229442
10.605 	 0.00024701
10.61 	 0.000262053
10.615 	 0.000274386
10.62 	 0.000283946
10.625 	 0.000290765
10.63 	 0.000294928
10.635 	 0.000296526
10.64 	 0.000295632
10.645 	 0.000292287
10.65 	 0.000286516
10.655 	 0.000278361
10.66 	 0.000267929
10.665 	 0.000255437
10.67 	 0.000241243
10.675 	 0.000225833
10.68 	 0.00020977
10.685 	 0.000193611
10.69 	 0.000177819
10.695 	 0.000162704
10.7 	 0.000148398
10.705 	 0.00013488
10.71 	 0.000122036
10.715 	 0.000109738
10.72 	 9.79209e-05
10.725 	 8.66456e-05
10.73 	 7.61261e-05
10.735 	 6.67162e-05
10.74 	 5.88669e-05
10.745 	 5.30724e-05
10.75 	 4.98197e-05
10.755 	 4.95473e-05
10.76 	 5.26123e-05
10.765 	 5.92618e-05
10.77 	 6.96091e-05
10.775 	 8.36144e-05
10.78 	 0.000101072
10.785 	 0.000121606
10.79 	 0.000144681
10.795 	 0.000169637
10.8 	 0.000195753
10.805 	 0.000222321
10.81 	 0.000248732
10.815 	 0.000274535
10.82 	 0.000299478
10.825 	 0.000323502
10.83 	 0.000346703
10.835 	 0.00036926
10.84 	 0.000391359
10.845 	 0.000413123
10.85 	 0.000434555
10.855 	 0.000455511
10.86 	 0.000475699
10.865 	 0.000494699
10.87 	 0.000511999
10.875 	 0.000527045
10.88 	 0.000539286
10.885 	 0.000548236
10.89 	 0.000553518
10.895 	 0.000554908
10.9 	 0.000552355
10.905 	 0.000545979
10.91 	 0.000536035
10.915 	 0.000522866
10.92 	 0.000506847
10.925 	 0.000488331
10.93 	 0.000467611
10.935 	 0.000444901
10.94 	 0.000420338
10.945 	 0.000394001
10.95 	 0.000365925
10.955 	 0.000336132
10.96 	 0.000304664
10.965 	 0.000271615
10.97 	 0.000237178
10.975 	 0.000201675
10.98 	 0.000165562
10.985 	 0.000129402
10.99 	 9.38107e-05
10.995 	 5.93862e-05
11.0 	 2.66522e-05
11.005 	 -3.98047e-06
11.01 	 -3.2222e-05
11.015 	 -5.78886e-05
11.02 	 -8.0873e-05
11.025 	 -0.000101112
11.03 	 -0.000118561
11.035 	 -0.00013319
11.04 	 -0.000144979
11.045 	 -0.000153929
11.05 	 -0.000160059
11.055 	 -0.000163397
11.06 	 -0.000163981
11.065 	 -0.000161849
11.07 	 -0.000157055
11.075 	 -0.000149683
11.08 	 -0.000139869
11.085 	 -0.000127818
11.09 	 -0.000113805
11.095 	 -9.81688e-05
11.1 	 -8.1295e-05
11.105 	 -6.35963e-05
11.11 	 -4.54932e-05
11.115 	 -2.73956e-05
11.12 	 -9.68766e-06
11.125 	 7.28344e-06
11.13 	 2.32164e-05
11.135 	 3.78616e-05
11.14 	 5.10251e-05
11.145 	 6.25724e-05
11.15 	 7.24293e-05
11.155 	 8.05788e-05
11.16 	 8.70494e-05
11.165 	 9.18949e-05
11.17 	 9.51718e-05
11.175 	 9.69208e-05
11.18 	 9.71587e-05
11.185 	 9.58788e-05
11.19 	 9.30585e-05
11.195 	 8.86693e-05
11.2 	 8.26896e-05
11.205 	 7.51184e-05
11.21 	 6.59896e-05
11.215 	 5.53849e-05
11.22 	 4.34437e-05
11.225 	 3.03714e-05
11.23 	 1.64431e-05
11.235 	 2.00142e-06
11.24 	 -1.25565e-05
11.245 	 -2.68045e-05
11.25 	 -4.0325e-05
11.255 	 -5.27539e-05
11.26 	 -6.38239e-05
11.265 	 -7.34e-05
11.27 	 -8.14958e-05
11.275 	 -8.82664e-05
11.28 	 -9.39741e-05
11.285 	 -9.89341e-05
11.29 	 -0.000103449
11.295 	 -0.000107747
11.3 	 -0.000111933
11.305 	 -0.000115968
11.31 	 -0.000119682
11.315 	 -0.000122811
11.32 	 -0.000125053
11.325 	 -0.000126131
11.33 	 -0.000125843
11.335 	 -0.0001241
11.34 	 -0.000120944
11.345 	 -0.000116552
11.35 	 -0.000111208
11.355 	 -0.000105272
11.36 	 -9.91292e-05
11.365 	 -9.3153e-05
11.37 	 -8.76682e-05
11.375 	 -8.29311e-05
11.38 	 -7.91176e-05
11.385 	 -7.63186e-05
11.39 	 -7.45406e-05
11.395 	 -7.37096e-05
11.4 	 -7.3675e-05
11.405 	 -7.42123e-05
11.41 	 -7.50285e-05
11.415 	 -7.57801e-05
11.42 	 -7.61124e-05
11.425 	 -7.57201e-05
11.43 	 -7.4415e-05
11.435 	 -7.21775e-05
11.44 	 -6.91744e-05
11.445 	 -6.57375e-05
11.45 	 -6.23133e-05
11.455 	 -5.93965e-05
11.46 	 -5.7465e-05
11.465 	 -5.69225e-05
11.47 	 -5.8057e-05
11.475 	 -6.10122e-05
11.48 	 -6.57718e-05
11.485 	 -7.21568e-05
11.49 	 -7.9839e-05
11.495 	 -8.83749e-05
11.5 	 -9.72601e-05
11.505 	 -0.000106
11.51 	 -0.000114188
11.515 	 -0.000121567
11.52 	 -0.000128065
11.525 	 -0.000133791
11.53 	 -0.000138988
11.535 	 -0.00014396
11.54 	 -0.000148992
11.545 	 -0.000154278
11.55 	 -0.000159871
11.555 	 -0.000165664
11.56 	 -0.000171398
11.565 	 -0.000176693
11.57 	 -0.000181093
11.575 	 -0.000184122
11.58 	 -0.000185338
11.585 	 -0.000184382
11.59 	 -0.000181002
11.595 	 -0.000175077
11.6 	 -0.000166615
11.605 	 -0.000155758
11.61 	 -0.000142774
11.615 	 -0.000128031
11.62 	 -0.000111973
11.625 	 -9.5081e-05
11.63 	 -7.78232e-05
11.635 	 -6.06168e-05
11.64 	 -4.37925e-05
11.645 	 -2.75745e-05
11.65 	 -1.20776e-05
11.655 	 2.68034e-06
11.66 	 1.6752e-05
11.665 	 3.02277e-05
11.67 	 4.32024e-05
11.675 	 5.5748e-05
11.68 	 6.78938e-05
11.685 	 7.96163e-05
11.69 	 9.08359e-05
11.695 	 0.000101418
11.7 	 0.00011118
11.705 	 0.000119893
11.71 	 0.000127299
11.715 	 0.000133119
11.72 	 0.000137091
11.725 	 0.000138993
11.73 	 0.000138682
11.735 	 0.000136118
11.74 	 0.000131377
11.745 	 0.00012465
11.75 	 0.000116228
11.755 	 0.000106479
11.76 	 9.58208e-05
11.765 	 8.4689e-05
11.77 	 7.35048e-05
11.775 	 6.26429e-05
11.78 	 5.24015e-05
11.785 	 4.29796e-05
11.79 	 3.44651e-05
11.795 	 2.68381e-05
11.8 	 1.99909e-05
11.805 	 1.37638e-05
11.81 	 7.99175e-06
11.815 	 2.5513e-06
11.82 	 -2.60333e-06
11.825 	 -7.42351e-06
11.83 	 -1.17714e-05
11.835 	 -1.54466e-05
11.84 	 -1.82298e-05
11.845 	 -1.99345e-05
11.85 	 -2.04508e-05
11.855 	 -1.97693e-05
11.86 	 -1.79809e-05
11.865 	 -1.52603e-05
11.87 	 -1.18422e-05
11.875 	 -7.99705e-06
11.88 	 -4.00971e-06
11.885 	 -1.58415e-07
11.89 	 3.3058e-06
11.895 	 6.17912e-06
11.9 	 8.32191e-06
11.905 	 9.66862e-06
11.91 	 1.02274e-05
11.915 	 1.00683e-05
11.92 	 9.30089e-06
11.925 	 8.04729e-06
11.93 	 6.41581e-06
11.935 	 4.48389e-06
11.94 	 2.29457e-06
11.945 	 -1.34477e-07
11.95 	 -2.796e-06
11.955 	 -5.68061e-06
11.96 	 -8.77159e-06
11.965 	 -1.20465e-05
11.97 	 -1.54813e-05
11.975 	 -1.90531e-05
11.98 	 -2.27397e-05
11.985 	 -2.65176e-05
11.99 	 -3.03609e-05
11.995 	 -3.42422e-05
12.0 	 -3.8137e-05
12.005 	 -4.20257e-05
12.01 	 -4.58912e-05
12.015 	 -4.97111e-05
12.02 	 -5.3447e-05
12.025 	 -5.70366e-05
12.03 	 -6.0392e-05
12.035 	 -6.34025e-05
12.04 	 -6.59407e-05
12.045 	 -6.78678e-05
12.05 	 -6.90435e-05
12.055 	 -6.93414e-05
12.06 	 -6.86718e-05
12.065 	 -6.70056e-05
12.07 	 -6.43924e-05
12.075 	 -6.09649e-05
12.08 	 -5.69286e-05
12.085 	 -5.25408e-05
12.09 	 -4.80848e-05
12.095 	 -4.38457e-05
12.1 	 -4.00856e-05
12.105 	 -3.70186e-05
12.11 	 -3.47849e-05
12.115 	 -3.3431e-05
12.12 	 -3.2905e-05
12.125 	 -3.30701e-05
12.13 	 -3.37366e-05
12.135 	 -3.47034e-05
12.14 	 -3.58019e-05
12.145 	 -3.69294e-05
12.15 	 -3.80614e-05
12.155 	 -3.92381e-05
12.16 	 -4.05284e-05
12.165 	 -4.19887e-05
12.17 	 -4.36345e-05
12.175 	 -4.54331e-05
12.18 	 -4.73161e-05
12.185 	 -4.91984e-05
12.19 	 -5.09931e-05
12.195 	 -5.26131e-05
12.2 	 -5.39598e-05
12.205 	 -5.49029e-05
12.21 	 -5.52623e-05
12.215 	 -5.48046e-05
12.22 	 -5.3261e-05
12.225 	 -5.03614e-05
12.23 	 -4.58751e-05
12.235 	 -3.96441e-05
12.24 	 -3.1601e-05
12.245 	 -2.17688e-05
12.25 	 -1.02486e-05
12.255 	 2.7986e-06
12.26 	 1.71658e-05
12.265 	 3.26058e-05
12.27 	 4.88275e-05
12.275 	 6.54865e-05
12.28 	 8.21752e-05
12.285 	 9.84209e-05
12.29 	 0.0001137
12.295 	 0.000127472
12.3 	 0.00013923
12.305 	 0.000148558
12.31 	 0.00015518
12.315 	 0.000158991
12.32 	 0.000160053
12.325 	 0.000158566
12.33 	 0.000154806
12.335 	 0.000149066
12.34 	 0.000141589
12.345 	 0.000132532
12.35 	 0.000121946
12.355 	 0.000109786
12.36 	 9.59468e-05
12.365 	 8.03046e-05
12.37 	 6.2762e-05
12.375 	 4.32873e-05
12.38 	 2.19499e-05
12.385 	 -1.05327e-06
12.39 	 -2.53861e-05
12.395 	 -5.05847e-05
12.4 	 -7.60934e-05
12.405 	 -0.000101314
12.41 	 -0.000125658
12.415 	 -0.000148584
12.42 	 -0.00016963
12.425 	 -0.000188425
12.43 	 -0.000204703
12.435 	 -0.000218313
12.44 	 -0.000229215
12.445 	 -0.00023749
12.45 	 -0.000243325
12.455 	 -0.000246995
12.46 	 -0.000248829
12.465 	 -0.000249166
12.47 	 -0.000248306
12.475 	 -0.000246479
12.48 	 -0.000243826
12.485 	 -0.000240401
12.49 	 -0.000236188
12.495 	 -0.00023112
12.5 	 -0.000225107
12.505 	 -0.000218065
12.51 	 -0.000209935
12.515 	 -0.000200702
12.52 	 -0.000190415
12.525 	 -0.000179182
12.53 	 -0.000167171
12.535 	 -0.000154602
12.54 	 -0.000141735
12.545 	 -0.000128855
12.55 	 -0.000116258
12.555 	 -0.000104227
12.56 	 -9.30177e-05
12.565 	 -8.28453e-05
12.57 	 -7.3876e-05
12.575 	 -6.62284e-05
12.58 	 -5.99756e-05
12.585 	 -5.51491e-05
12.59 	 -5.17421e-05
12.595 	 -4.97142e-05
12.6 	 -4.89982e-05
12.605 	 -4.95088e-05
12.61 	 -5.11521e-05
12.615 	 -5.38346e-05
12.62 	 -5.74687e-05
12.625 	 -6.1977e-05
12.63 	 -6.72924e-05
12.635 	 -7.33569e-05
12.64 	 -8.01183e-05
12.645 	 -8.75261e-05
12.65 	 -9.55272e-05
12.655 	 -0.000104063
12.66 	 -0.000113066
12.665 	 -0.00012246
12.67 	 -0.000132163
12.675 	 -0.000142098
12.68 	 -0.000152192
12.685 	 -0.000162386
12.69 	 -0.000172614
12.695 	 -0.000182787
12.7 	 -0.000192771
12.705 	 -0.000202387
12.71 	 -0.00021141
12.715 	 -0.000219597
12.72 	 -0.000226708
12.725 	 -0.000232535
12.73 	 -0.000236919
12.735 	 -0.000239759
12.74 	 -0.000241013
12.745 	 -0.000240683
12.75 	 -0.000238789
12.755 	 -0.000235356
12.76 	 -0.000230396
12.765 	 -0.000223916
12.77 	 -0.000215927
12.775 	 -0.000206459
12.78 	 -0.000195574
12.785 	 -0.000183369
12.79 	 -0.00016998
12.795 	 -0.000155572
12.8 	 -0.000140331
12.805 	 -0.00012445
12.81 	 -0.000108112
12.815 	 -9.14845e-05
12.82 	 -7.47168e-05
12.825 	 -5.79513e-05
12.83 	 -4.13322e-05
12.835 	 -2.50183e-05
12.84 	 -9.19343e-06
12.845 	 5.92541e-06
12.85 	 2.0082e-05
12.855 	 3.29822e-05
12.86 	 4.43056e-05
12.865 	 5.37261e-05
12.87 	 6.09386e-05
12.875 	 6.56856e-05
12.88 	 6.77803e-05
12.885 	 6.71234e-05
12.89 	 6.37131e-05
12.895 	 5.76453e-05
12.9 	 4.91044e-05
12.905 	 3.83498e-05
12.91 	 2.56973e-05
12.915 	 1.14994e-05
12.92 	 -3.87731e-06
12.925 	 -2.00755e-05
12.93 	 -3.67685e-05
12.935 	 -5.36761e-05
12.94 	 -7.05736e-05
12.945 	 -8.72908e-05
12.95 	 -0.000103706
12.955 	 -0.000119735
12.96 	 -0.000135318
12.965 	 -0.000150404
12.97 	 -0.000164936
12.975 	 -0.000178831
12.98 	 -0.000191962
12.985 	 -0.000204151
12.99 	 -0.000215165
12.995 	 -0.000224735
13.0 	 -0.00023258
13.005 	 -0.000238434
13.01 	 -0.000242077
13.015 	 -0.000243356
13.02 	 -0.000242193
13.025 	 -0.000238586
13.03 	 -0.00023261
13.035 	 -0.000224398
13.04 	 -0.000214133
13.045 	 -0.000202027
13.05 	 -0.000188301
13.055 	 -0.000173173
13.06 	 -0.000156842
13.065 	 -0.000139486
13.07 	 -0.000121262
13.075 	 -0.000102316
13.08 	 -8.27951e-05
13.085 	 -6.28589e-05
13.09 	 -4.26897e-05
13.095 	 -2.24935e-05
13.1 	 -2.49667e-06
13.105 	 1.70606e-05
13.11 	 3.59317e-05
13.115 	 5.38708e-05
13.12 	 7.06394e-05
13.125 	 8.60143e-05
13.13 	 9.97943e-05
13.135 	 0.000111808
13.14 	 0.000121923
13.145 	 0.000130045
13.15 	 0.000136129
13.155 	 0.000140173
13.16 	 0.000142215
13.165 	 0.000142326
13.17 	 0.000140599
13.175 	 0.000137142
13.18 	 0.000132062
13.185 	 0.000125468
13.19 	 0.000117457
13.195 	 0.000108121
13.2 	 9.75496e-05
13.205 	 8.58339e-05
13.21 	 7.30779e-05
13.215 	 5.94053e-05
13.22 	 4.49643e-05
13.225 	 2.993e-05
13.23 	 1.45026e-05
13.235 	 -1.0973e-06
13.24 	 -1.66348e-05
13.245 	 -3.18684e-05
13.25 	 -4.65583e-05
13.255 	 -6.04746e-05
13.26 	 -7.34055e-05
13.265 	 -8.51637e-05
13.27 	 -9.55901e-05
13.275 	 -0.000104556
13.28 	 -0.000111965
13.285 	 -0.000117746
13.29 	 -0.000121857
13.295 	 -0.00012428
13.3 	 -0.000125017
13.305 	 -0.000124089
13.31 	 -0.000121534
13.315 	 -0.000117404
13.32 	 -0.000111766
13.325 	 -0.000104696
13.33 	 -9.62865e-05
13.335 	 -8.66405e-05
13.34 	 -7.58734e-05
13.345 	 -6.41122e-05
13.35 	 -5.14947e-05
13.355 	 -3.817e-05
13.36 	 -2.42981e-05
13.365 	 -1.00507e-05
13.37 	 4.38964e-06
13.375 	 1.88314e-05
13.38 	 3.30776e-05
13.385 	 4.69301e-05
13.39 	 6.01946e-05
13.395 	 7.26862e-05
13.4 	 8.42344e-05
13.405 	 9.46871e-05
13.41 	 0.000103913
13.415 	 0.000111804
13.42 	 0.000118273
13.425 	 0.000123255
13.43 	 0.000126707
13.435 	 0.000128604
13.44 	 0.000128941
13.445 	 0.000127727
13.45 	 0.000124991
13.455 	 0.000120776
13.46 	 0.000115139
13.465 	 0.000108153
13.47 	 9.99058e-05
13.475 	 9.04994e-05
13.48 	 8.00497e-05
13.485 	 6.86862e-05
13.49 	 5.65514e-05
13.495 	 4.37994e-05
13.5 	 3.05941e-05
13.505 	 1.71067e-05
13.51 	 3.51358e-06
13.515 	 -1.00075e-05
13.52 	 -2.32801e-05
13.525 	 -3.61325e-05
13.53 	 -4.84006e-05
13.535 	 -5.99305e-05
13.54 	 -7.0581e-05
13.545 	 -8.02251e-05
13.55 	 -8.87514e-05
13.555 	 -9.6065e-05
13.56 	 -0.000102088
13.565 	 -0.000106759
13.57 	 -0.000110035
13.575 	 -0.000111889
13.58 	 -0.00011231
13.585 	 -0.000111306
13.59 	 -0.000108898
13.595 	 -0.000105127
13.6 	 -0.000100045
13.605 	 -9.37225e-05
