0.0 	 0.0
0.01 	 6.25037e-05
0.02 	 0.000308335
0.03 	 0.000641496
0.04 	 0.000571774
0.05 	 -0.000406052
0.06 	 -0.00227529
0.07 	 -0.00446735
0.08 	 -0.0062886
0.09 	 -0.00734268
0.1 	 -0.0077525
0.11 	 -0.00819417
0.12 	 -0.00961421
0.13 	 -0.0124992
0.14 	 -0.0159384
0.15 	 -0.0172415
0.16 	 -0.013351
0.17 	 -0.00434639
0.18 	 0.00392834
0.19 	 0.0022548
0.2 	 -0.0155457
0.21 	 -0.0482203
0.22 	 -0.0878181
0.23 	 -0.122936
0.24 	 -0.142183
0.25 	 -0.139088
0.26 	 -0.117999
0.27 	 -0.0948645
0.28 	 -0.0884356
0.29 	 -0.10744
0.3 	 -0.14339
0.31 	 -0.172374
0.32 	 -0.164416
0.33 	 -0.0983739
0.34 	 0.0245182
0.35 	 0.17996
0.36 	 0.335636
0.37 	 0.467317
0.38 	 0.55774
0.39 	 0.58519
0.4 	 0.529942
0.41 	 0.399133
0.42 	 0.233287
0.43 	 0.0797696
0.44 	 -0.0351284
0.45 	 -0.10784
0.46 	 -0.143274
0.47 	 -0.146933
0.48 	 -0.126636
0.49 	 -0.0927202
0.5 	 -0.0538207
0.51 	 -0.0168921
0.52 	 0.00897616
0.53 	 0.0169411
0.54 	 0.0129863
0.55 	 0.0156522
0.56 	 0.0423218
0.57 	 0.0970205
0.58 	 0.169129
0.59 	 0.240353
0.6 	 0.291253
0.61 	 0.30045
0.62 	 0.245051
0.63 	 0.117518
0.64 	 -0.0537301
0.65 	 -0.214596
0.66 	 -0.327028
0.67 	 -0.39635
0.68 	 -0.454042
0.69 	 -0.521502
0.7 	 -0.595284
0.71 	 -0.657863
0.72 	 -0.690319
0.73 	 -0.674477
0.74 	 -0.592872
0.75 	 -0.434733
0.76 	 -0.201693
0.77 	 0.0926252
0.78 	 0.420198
0.79 	 0.728767
0.8 	 0.944275
0.81 	 1.0061
0.82 	 0.914404
0.83 	 0.736745
0.84 	 0.556829
0.85 	 0.414144
0.86 	 0.289079
0.87 	 0.13576
0.88 	 -0.0731124
0.89 	 -0.321364
0.9 	 -0.555139
0.91 	 -0.712585
0.92 	 -0.759915
0.93 	 -0.712114
0.94 	 -0.623291
0.95 	 -0.548754
0.96 	 -0.501232
0.97 	 -0.437445
0.98 	 -0.295681
0.99 	 -0.0550138
1.0 	 0.241461
1.01 	 0.515086
1.02 	 0.693157
1.03 	 0.735488
1.04 	 0.651946
1.05 	 0.505775
1.06 	 0.381924
1.07 	 0.331916
1.08 	 0.343288
1.09 	 0.363881
1.1 	 0.355384
1.11 	 0.319237
1.12 	 0.272134
1.13 	 0.211447
1.14 	 0.116502
1.15 	 -0.0252361
1.16 	 -0.205499
1.17 	 -0.403149
1.18 	 -0.595175
1.19 	 -0.760183
1.2 	 -0.873601
1.21 	 -0.904656
1.22 	 -0.832631
1.23 	 -0.675205
1.24 	 -0.490144
1.25 	 -0.334914
1.26 	 -0.224259
1.27 	 -0.130016
1.28 	 -0.0169296
1.29 	 0.125086
1.3 	 0.2786
1.31 	 0.420505
1.32 	 0.54185
1.33 	 0.646605
1.34 	 0.735837
1.35 	 0.798091
1.36 	 0.814463
1.37 	 0.767594
1.38 	 0.648888
1.39 	 0.471974
1.4 	 0.280964
1.41 	 0.125118
1.42 	 0.0148944
1.43 	 -0.0846926
1.44 	 -0.210353
1.45 	 -0.359839
1.46 	 -0.498549
1.47 	 -0.593862
1.48 	 -0.633702
1.49 	 -0.622974
1.5 	 -0.578752
1.51 	 -0.527094
1.52 	 -0.489666
1.53 	 -0.466008
1.54 	 -0.431602
1.55 	 -0.358152
1.56 	 -0.239393
1.57 	 -0.0980768
1.58 	 0.0323267
1.59 	 0.129417
1.6 	 0.184615
1.61 	 0.196953
1.62 	 0.179683
1.63 	 0.167486
1.64 	 0.1957
1.65 	 0.264316
1.66 	 0.333238
1.67 	 0.360559
1.68 	 0.339781
1.69 	 0.294926
1.7 	 0.247181
1.71 	 0.196424
1.72 	 0.134637
1.73 	 0.0682015
1.74 	 0.0186763
1.75 	 0.000660372
1.76 	 0.00411136
1.77 	 -0.000774849
1.78 	 -0.0465414
1.79 	 -0.151085
1.8 	 -0.298429
1.81 	 -0.429262
1.82 	 -0.466919
1.83 	 -0.372671
1.84 	 -0.180152
1.85 	 0.0276202
1.86 	 0.174325
1.87 	 0.227067
1.88 	 0.194868
1.89 	 0.110524
1.9 	 0.0177391
1.91 	 -0.0392414
1.92 	 -0.0356467
1.93 	 0.0135051
1.94 	 0.0637823
1.95 	 0.0855727
1.96 	 0.0915144
1.97 	 0.108992
1.98 	 0.13682
1.99 	 0.14758
2.0 	 0.127434
2.01 	 0.0927995
2.02 	 0.0623565
2.03 	 0.0271522
2.04 	 -0.0388549
2.05 	 -0.141053
2.06 	 -0.247501
2.07 	 -0.313686
2.08 	 -0.31776
2.09 	 -0.270155
2.1 	 -0.200032
2.11 	 -0.13849
2.12 	 -0.103668
2.13 	 -0.0906918
2.14 	 -0.0774107
2.15 	 -0.0429337
2.16 	 0.0200646
2.17 	 0.106724
2.18 	 0.20525
2.19 	 0.29888
2.2 	 0.366267
2.21 	 0.383557
2.22 	 0.333431
2.23 	 0.222616
2.24 	 0.0903569
2.25 	 -0.0136489
2.26 	 -0.0673566
2.27 	 -0.0879134
2.28 	 -0.105113
2.29 	 -0.130716
2.3 	 -0.152602
2.31 	 -0.150885
2.32 	 -0.119761
2.33 	 -0.0777049
2.34 	 -0.0546909
2.35 	 -0.0670062
2.36 	 -0.105911
2.37 	 -0.150689
2.38 	 -0.188341
2.39 	 -0.217079
2.4 	 -0.233962
2.41 	 -0.228146
2.42 	 -0.190502
2.43 	 -0.124021
2.44 	 -0.0400215
2.45 	 0.0521179
2.46 	 0.149276
2.47 	 0.252218
2.48 	 0.359237
2.49 	 0.459554
2.5 	 0.534066
2.51 	 0.563906
2.52 	 0.536421
2.53 	 0.444594
2.54 	 0.290245
2.55 	 0.0949901
2.56 	 -0.0986745
2.57 	 -0.24918
2.58 	 -0.339559
2.59 	 -0.375461
2.6 	 -0.368048
2.61 	 -0.328753
2.62 	 -0.271529
2.63 	 -0.204767
2.64 	 -0.123783
2.65 	 -0.0221129
2.66 	 0.0912248
2.67 	 0.192344
2.68 	 0.259678
2.69 	 0.287258
2.7 	 0.282265
2.71 	 0.253218
2.72 	 0.202042
2.73 	 0.127484
2.74 	 0.0363221
2.75 	 -0.0500193
2.76 	 -0.105327
2.77 	 -0.122271
2.78 	 -0.12558
2.79 	 -0.151937
2.8 	 -0.212302
2.81 	 -0.279277
2.82 	 -0.314088
2.83 	 -0.301472
2.84 	 -0.255896
2.85 	 -0.199563
2.86 	 -0.1426
2.87 	 -0.0851318
2.88 	 -0.0305517
2.89 	 0.0110545
2.9 	 0.0338936
2.91 	 0.0459598
2.92 	 0.0620121
2.93 	 0.0878458
2.94 	 0.115717
2.95 	 0.134142
2.96 	 0.13816
2.97 	 0.130974
2.98 	 0.11962
2.99 	 0.110183
3.0 	 0.10418
3.01 	 0.0960419
3.02 	 0.0757622
3.03 	 0.0398036
3.04 	 0.000100866
3.05 	 -0.0250003
3.06 	 -0.0325443
3.07 	 -0.0398585
3.08 	 -0.061415
3.09 	 -0.0882382
3.1 	 -0.0980143
3.11 	 -0.0810556
3.12 	 -0.049972
3.13 	 -0.0254858
3.14 	 -0.0166549
3.15 	 -0.0150188
3.16 	 -0.00511784
3.17 	 0.0222904
3.18 	 0.065179
3.19 	 0.110995
3.2 	 0.141586
3.21 	 0.145173
3.22 	 0.126231
3.23 	 0.0993719
3.24 	 0.0733977
3.25 	 0.0452944
3.26 	 0.0108075
3.27 	 -0.0214674
3.28 	 -0.03045
3.29 	 -0.000552161
3.3 	 0.0609141
3.31 	 0.126921
3.32 	 0.172569
3.33 	 0.193588
3.34 	 0.203486
3.35 	 0.213758
3.36 	 0.216942
3.37 	 0.188148
3.38 	 0.106052
3.39 	 -0.0234127
3.4 	 -0.164791
3.41 	 -0.275771
3.42 	 -0.332167
3.43 	 -0.337581
3.44 	 -0.318465
3.45 	 -0.307143
3.46 	 -0.319175
3.47 	 -0.344004
3.48 	 -0.357734
3.49 	 -0.34094
3.5 	 -0.28473
3.51 	 -0.19004
3.52 	 -0.069993
3.53 	 0.0495895
3.54 	 0.14189
3.55 	 0.198526
3.56 	 0.236341
3.57 	 0.278762
3.58 	 0.328988
3.59 	 0.366184
3.6 	 0.367549
3.61 	 0.327389
3.62 	 0.256197
3.63 	 0.171615
3.64 	 0.091499
3.65 	 0.0248793
3.66 	 -0.034329
3.67 	 -0.0960608
3.68 	 -0.15326
3.69 	 -0.181426
3.7 	 -0.164627
3.71 	 -0.115398
3.72 	 -0.0632039
3.73 	 -0.0299949
3.74 	 -0.024516
3.75 	 -0.0500573
3.76 	 -0.0991673
3.77 	 -0.143559
3.78 	 -0.150584
3.79 	 -0.116223
3.8 	 -0.0704738
3.81 	 -0.0476619
3.82 	 -0.0584918
3.83 	 -0.0876226
3.84 	 -0.108327
3.85 	 -0.101186
3.86 	 -0.0680673
3.87 	 -0.0289341
3.88 	 -0.000700832
3.89 	 0.0178596
3.9 	 0.0359871
3.91 	 0.0523704
3.92 	 0.0565563
3.93 	 0.0467867
3.94 	 0.0359245
3.95 	 0.0366223
3.96 	 0.0477977
3.97 	 0.0595706
3.98 	 0.0655135
3.99 	 0.0654935
4.0 	 0.0613979
4.01 	 0.0556324
4.02 	 0.0516054
4.03 	 0.0513618
4.04 	 0.0535083
4.05 	 0.0557599
4.06 	 0.058302
4.07 	 0.0622798
4.08 	 0.0649461
4.09 	 0.0590484
4.1 	 0.0388988
4.11 	 0.0039595
4.12 	 -0.0452567
4.13 	 -0.108303
4.14 	 -0.176474
4.15 	 -0.228246
4.16 	 -0.240872
4.17 	 -0.208569
4.18 	 -0.147764
4.19 	 -0.0848766
4.2 	 -0.0399732
4.21 	 -0.0185555
4.22 	 -0.0123999
4.23 	 -0.00616444
4.24 	 0.0128962
4.25 	 0.047351
4.26 	 0.0894182
4.27 	 0.126862
4.28 	 0.149848
4.29 	 0.156488
4.3 	 0.154823
4.31 	 0.156603
4.32 	 0.165246
4.33 	 0.170634
4.34 	 0.157843
4.35 	 0.119653
4.36 	 0.0596062
4.37 	 -0.0113365
4.38 	 -0.0753996
4.39 	 -0.111446
4.4 	 -0.10815
4.41 	 -0.0730272
4.42 	 -0.0243744
4.43 	 0.0204731
4.44 	 0.0461003
4.45 	 0.0399383
4.46 	 0.00351093
4.47 	 -0.0417939
4.48 	 -0.0703338
4.49 	 -0.0743225
4.5 	 -0.0658859
4.51 	 -0.0587949
4.52 	 -0.0536788
4.53 	 -0.0412321
4.54 	 -0.0160339
4.55 	 0.0140047
4.56 	 0.0322322
4.57 	 0.029385
4.58 	 0.0140133
4.59 	 0.0021855
4.6 	 -0.00160011
4.61 	 -0.0057514
4.62 	 -0.0136169
4.63 	 -0.0132983
4.64 	 0.00838858
4.65 	 0.0461894
4.66 	 0.0781069
4.67 	 0.0862929
4.68 	 0.0711732
4.69 	 0.04536
4.7 	 0.0191505
4.71 	 -0.00448356
4.72 	 -0.0224944
4.73 	 -0.0264325
4.74 	 -0.0109464
4.75 	 0.0149712
4.76 	 0.0329075
4.77 	 0.0322821
4.78 	 0.018987
4.79 	 0.00681887
4.8 	 0.00254526
4.81 	 -0.000212728
4.82 	 -0.0136765
4.83 	 -0.0443864
4.84 	 -0.0885024
4.85 	 -0.134145
4.86 	 -0.165036
4.87 	 -0.165644
4.88 	 -0.130452
4.89 	 -0.0706129
4.9 	 -0.00748961
4.91 	 0.0434363
4.92 	 0.0822681
4.93 	 0.119513
4.94 	 0.163109
4.95 	 0.210188
4.96 	 0.250368
4.97 	 0.275897
4.98 	 0.286005
4.99 	 0.280304
5.0 	 0.252083
5.01 	 0.193511
5.02 	 0.107584
5.03 	 0.0115548
5.04 	 -0.0726853
5.05 	 -0.132323
5.06 	 -0.170056
5.07 	 -0.197351
5.08 	 -0.220541
5.09 	 -0.234919
5.1 	 -0.232926
5.11 	 -0.214749
5.12 	 -0.187926
5.13 	 -0.157602
5.14 	 -0.120439
5.15 	 -0.0706069
5.16 	 -0.0111977
5.17 	 0.0443279
5.18 	 0.0852804
5.19 	 0.115976
5.2 	 0.14962
5.21 	 0.190144
5.22 	 0.22508
5.23 	 0.23679
5.24 	 0.216844
5.25 	 0.170441
5.26 	 0.111853
5.27 	 0.0568663
5.28 	 0.0173035
5.29 	 9.94156e-05
5.3 	 0.00696967
5.31 	 0.0305986
5.32 	 0.0526304
5.33 	 0.0513151
5.34 	 0.0168306
5.35 	 -0.0388455
5.36 	 -0.0901488
5.37 	 -0.119038
5.38 	 -0.127267
5.39 	 -0.12781
5.4 	 -0.127606
5.41 	 -0.121482
5.42 	 -0.103155
5.43 	 -0.0790472
5.44 	 -0.0649993
5.45 	 -0.0675128
5.46 	 -0.0746606
5.47 	 -0.0693782
5.48 	 -0.0466225
5.49 	 -0.0133693
5.5 	 0.023413
5.51 	 0.0617141
5.52 	 0.0977716
5.53 	 0.121217
5.54 	 0.121909
5.55 	 0.100469
5.56 	 0.0688826
5.57 	 0.0407724
5.58 	 0.0227305
5.59 	 0.0133439
5.6 	 0.00667325
5.61 	 -0.00379039
5.62 	 -0.0211074
5.63 	 -0.0428916
5.64 	 -0.0647159
5.65 	 -0.0860329
5.66 	 -0.111003
5.67 	 -0.142431
5.68 	 -0.175821
5.69 	 -0.200702
5.7 	 -0.20726
5.71 	 -0.190463
5.72 	 -0.150175
5.73 	 -0.092047
5.74 	 -0.027952
5.75 	 0.0294523
5.76 	 0.0739919
5.77 	 0.105659
5.78 	 0.124801
5.79 	 0.131545
5.8 	 0.130546
5.81 	 0.129621
5.82 	 0.130271
5.83 	 0.124455
5.84 	 0.105538
5.85 	 0.0790333
5.86 	 0.0572624
5.87 	 0.0459962
5.88 	 0.0419716
5.89 	 0.0409132
5.9 	 0.0406414
5.91 	 0.0362209
5.92 	 0.0183393
5.93 	 -0.0192634
5.94 	 -0.0700784
5.95 	 -0.11357
5.96 	 -0.126981
5.97 	 -0.103022
5.98 	 -0.0585111
5.99 	 -0.0254297
6.0 	 -0.0293255
6.01 	 -0.0694646
6.02 	 -0.11783
6.03 	 -0.140825
6.04 	 -0.123363
6.05 	 -0.0732561
6.06 	 -0.00877144
6.07 	 0.0534779
6.08 	 0.102707
6.09 	 0.133758
6.1 	 0.146174
6.11 	 0.142913
6.12 	 0.128791
6.13 	 0.108931
6.14 	 0.086608
6.15 	 0.0614435
6.16 	 0.0313375
6.17 	 -0.00280615
6.18 	 -0.0364521
6.19 	 -0.0663406
6.2 	 -0.0924505
6.21 	 -0.112902
6.22 	 -0.120605
6.23 	 -0.109491
6.24 	 -0.083576
6.25 	 -0.0567841
6.26 	 -0.0426698
6.27 	 -0.044085
6.28 	 -0.0518135
6.29 	 -0.0522402
6.3 	 -0.0367489
6.31 	 -0.00649657
6.32 	 0.0279513
6.33 	 0.0515146
6.34 	 0.0543169
6.35 	 0.0405079
6.36 	 0.0270033
6.37 	 0.0319007
6.38 	 0.0613049
6.39 	 0.103981
6.4 	 0.139515
6.41 	 0.154865
6.42 	 0.152627
6.43 	 0.1416
6.44 	 0.121688
6.45 	 0.0827586
6.46 	 0.0197763
6.47 	 -0.0551045
6.48 	 -0.119392
6.49 	 -0.156589
6.5 	 -0.163047
6.51 	 -0.144325
6.52 	 -0.111466
6.53 	 -0.077898
6.54 	 -0.0530649
6.55 	 -0.0380071
6.56 	 -0.0283398
6.57 	 -0.0197986
6.58 	 -0.0101658
6.59 	 0.00122513
6.6 	 0.0131888
6.61 	 0.0217841
6.62 	 0.0207604
6.63 	 0.00515468
6.64 	 -0.0227077
6.65 	 -0.0508249
6.66 	 -0.0640405
6.67 	 -0.0545936
6.68 	 -0.0262165
6.69 	 0.0105715
6.7 	 0.0448522
6.71 	 0.0683373
6.72 	 0.0768853
6.73 	 0.0721442
6.74 	 0.0608239
6.75 	 0.0506283
6.76 	 0.0471209
6.77 	 0.0546567
6.78 	 0.0760703
6.79 	 0.105372
6.8 	 0.122623
6.81 	 0.105347
6.82 	 0.0487566
6.83 	 -0.0292463
6.84 	 -0.103581
6.85 	 -0.158504
6.86 	 -0.190543
6.87 	 -0.203936
6.88 	 -0.208334
6.89 	 -0.21505
6.9 	 -0.225948
6.91 	 -0.225634
6.92 	 -0.192081
6.93 	 -0.117361
6.94 	 -0.0143722
6.95 	 0.0947164
6.96 	 0.189218
6.97 	 0.251388
6.98 	 0.271257
6.99 	 0.257101
7.0 	 0.232074
7.01 	 0.212619
7.02 	 0.195448
7.03 	 0.169436
7.04 	 0.132413
7.05 	 0.0912544
7.06 	 0.0520652
7.07 	 0.0157352
7.08 	 -0.0201969
7.09 	 -0.0586706
7.1 	 -0.0999149
7.11 	 -0.138737
7.12 	 -0.165527
7.13 	 -0.171136
7.14 	 -0.152912
7.15 	 -0.118598
7.16 	 -0.0832865
7.17 	 -0.0585219
7.18 	 -0.0428618
7.19 	 -0.0250262
7.2 	 0.0021761
7.21 	 0.0317381
7.22 	 0.0473121
7.23 	 0.0390002
7.24 	 0.0143418
7.25 	 -0.00737357
7.26 	 -0.0106062
7.27 	 0.00796173
7.28 	 0.0416223
7.29 	 0.077992
7.3 	 0.102883
7.31 	 0.106044
7.32 	 0.0859152
7.33 	 0.0494001
7.34 	 0.00773283
7.35 	 -0.0285145
7.36 	 -0.0532651
7.37 	 -0.0661748
7.38 	 -0.0709916
7.39 	 -0.0721995
7.4 	 -0.071623
7.41 	 -0.066946
7.42 	 -0.0538424
7.43 	 -0.0306455
7.44 	 -0.00111334
7.45 	 0.0278627
7.46 	 0.0514752
7.47 	 0.0698213
7.48 	 0.0852766
7.49 	 0.0978178
7.5 	 0.104875
7.51 	 0.105761
7.52 	 0.103493
7.53 	 0.101195
7.54 	 0.0987171
7.55 	 0.0937641
7.56 	 0.0849909
7.57 	 0.0731144
7.58 	 0.0594493
7.59 	 0.0437541
7.6 	 0.0235506
7.61 	 -0.00415942
7.62 	 -0.0394827
7.63 	 -0.0772748
7.64 	 -0.109396
7.65 	 -0.130552
7.66 	 -0.141268
7.67 	 -0.14505
7.68 	 -0.144121
7.69 	 -0.137199
7.7 	 -0.118652
7.71 	 -0.0814529
7.72 	 -0.0266999
7.73 	 0.029457
7.74 	 0.0648196
7.75 	 0.0702292
7.76 	 0.0567105
7.77 	 0.0425418
7.78 	 0.0367274
7.79 	 0.0366654
7.8 	 0.0373511
7.81 	 0.0371657
7.82 	 0.0352975
7.83 	 0.0288933
7.84 	 0.0152709
7.85 	 -0.00482192
7.86 	 -0.027577
7.87 	 -0.0491285
7.88 	 -0.0675053
7.89 	 -0.0822237
7.9 	 -0.0932257
7.91 	 -0.100638
7.92 	 -0.104911
7.93 	 -0.10674
7.94 	 -0.107003
7.95 	 -0.106137
7.96 	 -0.102374
7.97 	 -0.0911853
7.98 	 -0.068043
7.99 	 -0.0320187
8.0 	 0.013023
8.01 	 0.0594422
8.02 	 0.0982024
8.03 	 0.122834
8.04 	 0.133437
8.05 	 0.137554
8.06 	 0.145976
8.07 	 0.164171
8.08 	 0.185158
8.09 	 0.192916
8.1 	 0.17618
8.11 	 0.138119
8.12 	 0.0908155
8.13 	 0.0425908
8.14 	 -0.00658634
8.15 	 -0.0589508
8.16 	 -0.111936
8.17 	 -0.158551
8.18 	 -0.19299
8.19 	 -0.213806
8.2 	 -0.221892
8.21 	 -0.217179
8.22 	 -0.198245
8.23 	 -0.165046
8.24 	 -0.121356
8.25 	 -0.0732093
8.26 	 -0.0247144
8.27 	 0.0236807
8.28 	 0.0731054
8.29 	 0.123266
8.3 	 0.170228
8.31 	 0.204991
8.32 	 0.215269
8.33 	 0.193355
8.34 	 0.144681
8.35 	 0.0862783
8.36 	 0.0356293
8.37 	 0.00195585
8.38 	 -0.0147166
8.39 	 -0.0212974
8.4 	 -0.027601
8.41 	 -0.0394779
8.42 	 -0.0551115
8.43 	 -0.0700506
8.44 	 -0.0841967
8.45 	 -0.100813
8.46 	 -0.119947
8.47 	 -0.136226
8.48 	 -0.143232
8.49 	 -0.138191
8.5 	 -0.12308
8.51 	 -0.10334
8.52 	 -0.0854184
8.53 	 -0.0741087
8.54 	 -0.0715082
8.55 	 -0.0768902
8.56 	 -0.0853835
8.57 	 -0.0874481
8.58 	 -0.0727125
8.59 	 -0.0362898
8.6 	 0.0180076
8.61 	 0.0795752
8.62 	 0.135535
8.63 	 0.175246
8.64 	 0.193685
8.65 	 0.192626
8.66 	 0.178889
8.67 	 0.160172
8.68 	 0.140106
8.69 	 0.115362
8.7 	 0.0779903
8.71 	 0.0230839
8.72 	 -0.0443501
8.73 	 -0.110811
8.74 	 -0.162513
8.75 	 -0.191406
8.76 	 -0.195951
8.77 	 -0.180718
8.78 	 -0.155181
8.79 	 -0.129207
8.8 	 -0.107963
8.81 	 -0.0910087
8.82 	 -0.0750972
8.83 	 -0.056538
8.84 	 -0.0315245
8.85 	 0.00277132
8.86 	 0.0450578
8.87 	 0.0893506
8.88 	 0.129237
8.89 	 0.160852
8.9 	 0.181243
8.91 	 0.188027
8.92 	 0.182455
8.93 	 0.169276
8.94 	 0.151835
8.95 	 0.129395
8.96 	 0.0995712
8.97 	 0.0619893
8.98 	 0.0202897
8.99 	 -0.0186571
9.0 	 -0.0491445
9.01 	 -0.0712491
9.02 	 -0.0899029
9.03 	 -0.109384
9.04 	 -0.129897
9.05 	 -0.147865
9.06 	 -0.156756
9.07 	 -0.149168
9.08 	 -0.122314
9.09 	 -0.0826146
9.1 	 -0.0431611
9.11 	 -0.0157572
9.12 	 -0.00479086
9.13 	 -0.00630533
9.14 	 -0.0109519
9.15 	 -0.00904358
9.16 	 0.00469981
9.17 	 0.0295223
9.18 	 0.0601988
9.19 	 0.0896943
9.2 	 0.111881
9.21 	 0.123773
9.22 	 0.125199
9.23 	 0.115548
9.24 	 0.0925806
9.25 	 0.0568329
9.26 	 0.0153383
9.27 	 -0.02261
9.28 	 -0.0524024
9.29 	 -0.0740619
9.3 	 -0.0870976
9.31 	 -0.0893662
9.32 	 -0.081136
9.33 	 -0.0667068
9.34 	 -0.0500704
9.35 	 -0.0312296
9.36 	 -0.00855064
9.37 	 0.0178296
9.38 	 0.0464407
9.39 	 0.0744454
9.4 	 0.0944477
9.41 	 0.0957173
9.42 	 0.0743153
9.43 	 0.0410891
9.44 	 0.0148528
9.45 	 0.0064488
9.46 	 0.0112216
9.47 	 0.016137
9.48 	 0.0112588
9.49 	 -0.00536376
9.5 	 -0.0302853
9.51 	 -0.0590745
9.52 	 -0.087068
9.53 	 -0.107176
9.54 	 -0.111753
9.55 	 -0.100119
9.56 	 -0.081798
9.57 	 -0.068392
9.58 	 -0.0626635
9.59 	 -0.0574792
9.6 	 -0.0436082
9.61 	 -0.0159754
9.62 	 0.0258227
9.63 	 0.0793627
9.64 	 0.140006
9.65 	 0.19917
9.66 	 0.243409
9.67 	 0.259775
9.68 	 0.24524
9.69 	 0.208774
9.7 	 0.161255
9.71 	 0.105476
9.72 	 0.0396996
9.73 	 -0.0310233
9.74 	 -0.0922337
9.75 	 -0.130372
9.76 	 -0.144413
9.77 	 -0.146056
9.78 	 -0.147879
9.79 	 -0.151809
9.8 	 -0.149532
9.81 	 -0.132171
9.82 	 -0.0976408
9.83 	 -0.0514738
9.84 	 -0.00559386
9.85 	 0.0252755
9.86 	 0.0330216
9.87 	 0.0238077
9.88 	 0.0132985
9.89 	 0.0143273
9.9 	 0.0298505
9.91 	 0.0537355
9.92 	 0.074907
9.93 	 0.0836106
9.94 	 0.0783108
9.95 	 0.0675784
9.96 	 0.0635325
9.97 	 0.0714178
9.98 	 0.084397
9.99 	 0.0882942
10.0 	 0.0721269
10.01 	 0.035373
10.02 	 -0.0136528
10.03 	 -0.0650314
10.04 	 -0.111802
10.05 	 -0.148857
10.06 	 -0.171012
10.07 	 -0.174537
10.08 	 -0.159836
10.09 	 -0.130783
10.1 	 -0.0919966
10.11 	 -0.0493397
10.12 	 -0.0114336
10.13 	 0.0156717
10.14 	 0.0362018
10.15 	 0.0604113
10.16 	 0.090433
10.17 	 0.11597
10.18 	 0.125967
10.19 	 0.118955
10.2 	 0.100095
10.21 	 0.0744894
10.22 	 0.0472205
10.23 	 0.0262356
10.24 	 0.0202997
10.25 	 0.0309969
10.26 	 0.0468526
10.27 	 0.0506616
10.28 	 0.0366105
10.29 	 0.0177141
10.3 	 0.0134372
10.31 	 0.030646
10.32 	 0.0573163
10.33 	 0.0735412
10.34 	 0.0677991
10.35 	 0.0437228
10.36 	 0.0139274
10.37 	 -0.010055
10.38 	 -0.0225015
10.39 	 -0.0227731
10.4 	 -0.013652
10.41 	 -0.00038044
10.42 	 0.0107434
10.43 	 0.0146577
10.44 	 0.00952991
10.45 	 -0.0032998
10.46 	 -0.0219063
10.47 	 -0.045508
10.48 	 -0.0712911
10.49 	 -0.0902584
10.5 	 -0.0907066
10.51 	 -0.068438
10.52 	 -0.0322204
10.53 	 0.00228785
10.54 	 0.023507
10.55 	 0.0294
10.56 	 0.0254845
10.57 	 0.0200653
10.58 	 0.0194727
10.59 	 0.0241956
10.6 	 0.0290884
10.61 	 0.0283284
10.62 	 0.0193609
10.63 	 0.0032566
10.64 	 -0.0145309
10.65 	 -0.0240761
10.66 	 -0.0167814
10.67 	 0.00679377
10.68 	 0.0361754
10.69 	 0.0579374
10.7 	 0.0632517
10.71 	 0.0509185
10.72 	 0.0265418
10.73 	 -0.000124896
10.74 	 -0.0198605
10.75 	 -0.0293762
10.76 	 -0.0326944
10.77 	 -0.0363573
10.78 	 -0.04281
10.79 	 -0.0487175
10.8 	 -0.0503327
10.81 	 -0.0496372
10.82 	 -0.0524438
10.83 	 -0.0595933
10.84 	 -0.0628481
10.85 	 -0.0516194
10.86 	 -0.0226281
10.87 	 0.0182021
10.88 	 0.0612223
10.89 	 0.0971833
10.9 	 0.117494
10.91 	 0.116314
10.92 	 0.0950435
10.93 	 0.0621739
10.94 	 0.027223
10.95 	 -0.00378687
10.96 	 -0.0272527
10.97 	 -0.039052
10.98 	 -0.0341305
10.99 	 -0.00987011
11.0 	 0.0290064
11.01 	 0.0697237
11.02 	 0.0979018
11.03 	 0.106024
11.04 	 0.0969031
11.05 	 0.0805254
11.06 	 0.066754
11.07 	 0.0583494
11.08 	 0.0497151
11.09 	 0.0322535
11.1 	 0.000532042
11.11 	 -0.0455953
11.12 	 -0.10153
11.13 	 -0.158301
11.14 	 -0.203185
11.15 	 -0.223454
11.16 	 -0.213947
11.17 	 -0.181986
11.18 	 -0.142468
11.19 	 -0.106698
11.2 	 -0.0759045
11.21 	 -0.0446923
11.22 	 -0.00919147
11.23 	 0.0291303
11.24 	 0.0663903
11.25 	 0.100059
11.26 	 0.128999
11.27 	 0.151753
11.28 	 0.166109
11.29 	 0.169858
11.3 	 0.161496
11.31 	 0.140609
11.32 	 0.108314
11.33 	 0.0681259
11.34 	 0.0265259
11.35 	 -0.00881585
11.36 	 -0.033827
11.37 	 -0.0517524
11.38 	 -0.0704107
11.39 	 -0.0942807
11.4 	 -0.119392
11.41 	 -0.136972
11.42 	 -0.142355
11.43 	 -0.138449
11.44 	 -0.129689
11.45 	 -0.116236
11.46 	 -0.0967114
11.47 	 -0.0734687
11.48 	 -0.051786
11.49 	 -0.0349609
11.5 	 -0.0222665
11.51 	 -0.0110925
11.52 	 0.000884735
11.53 	 0.0156187
11.54 	 0.0338399
11.55 	 0.0524106
11.56 	 0.0648028
11.57 	 0.066669
11.58 	 0.0600788
11.59 	 0.0513437
11.6 	 0.0455761
11.61 	 0.0435006
11.62 	 0.0425385
11.63 	 0.0400287
11.64 	 0.034172
11.65 	 0.0221799
11.66 	 0.00127969
11.67 	 -0.0257234
11.68 	 -0.0483053
11.69 	 -0.0552437
11.7 	 -0.0440707
11.71 	 -0.0226166
11.72 	 -0.00229467
11.73 	 0.00884817
11.74 	 0.00828275
11.75 	 -0.00201257
11.76 	 -0.0166044
11.77 	 -0.0275259
11.78 	 -0.027493
11.79 	 -0.0152075
11.8 	 0.00295785
11.81 	 0.0181323
11.82 	 0.0252993
11.83 	 0.0245111
11.84 	 0.0185492
11.85 	 0.0113781
11.86 	 0.0072414
11.87 	 0.0083764
11.88 	 0.0129618
11.89 	 0.0164034
11.9 	 0.0150152
11.91 	 0.00828114
11.92 	 -0.00166628
11.93 	 -0.0119206
11.94 	 -0.0208733
11.95 	 -0.0293705
11.96 	 -0.0391438
11.97 	 -0.049369
11.98 	 -0.0557252
11.99 	 -0.053868
12.0 	 -0.0435032
12.01 	 -0.028571
12.02 	 -0.0137441
12.03 	 -0.00117351
12.04 	 0.00956187
12.05 	 0.0191181
12.06 	 0.0267197
12.07 	 0.0309706
12.08 	 0.0319919
12.09 	 0.0321687
12.1 	 0.0342232
12.11 	 0.0383696
12.12 	 0.0414211
12.13 	 0.0387309
12.14 	 0.0275176
12.15 	 0.00917427
12.16 	 -0.0113909
12.17 	 -0.0288685
12.18 	 -0.040273
12.19 	 -0.0455063
12.2 	 -0.0464819
12.21 	 -0.0458071
12.22 	 -0.0452519
12.23 	 -0.0446658
12.24 	 -0.0423896
12.25 	 -0.0369434
12.26 	 -0.0283139
12.27 	 -0.0176958
12.28 	 -0.00640606
12.29 	 0.00467489
12.3 	 0.0148941
12.31 	 0.023586
12.32 	 0.0303012
12.33 	 0.0351919
12.34 	 0.0389018
12.35 	 0.0419179
12.36 	 0.0440807
12.37 	 0.0447347
12.38 	 0.0432457
12.39 	 0.0393738
12.4 	 0.0333353
12.41 	 0.0256804
12.42 	 0.0171288
12.43 	 0.00841105
12.44 	 0.000126036
12.45 	 -0.00734487
12.46 	 -0.0138203
12.47 	 -0.019215
12.48 	 -0.0234336
12.49 	 -0.0263276
12.5 	 -0.0277232
12.51 	 -0.0274795
12.52 	 -0.0255474
12.53 	 -0.0220081
12.54 	 -0.0170813
12.55 	 -0.0111013
12.56 	 -0.0044682
12.57 	 0.00240667
12.58 	 0.00914382
12.59 	 0.0154177
12.6 	 0.0209591
12.61 	 0.025547
12.62 	 0.0289998
12.63 	 0.0334825
