0.0 	 8.92757e-05
0.0381970978744 	 0.000407525
0.0763941957488 	 0.00205644
0.114591293623 	 0.00510952
0.152788391498 	 0.0183315
0.190985489372 	 0.00964371
0.229182587246 	 0.0118408
0.267379685121 	 0.0176271
0.305576782995 	 0.0150612
0.34377388087 	 0.013821
0.381970978744 	 0.0148329
0.420168076618 	 0.0126597
0.458365174493 	 0.0193821
0.496562272367 	 0.0164729
0.534759370242 	 0.0154274
0.572956468116 	 0.0326079
0.61115356599 	 0.00534718
0.649350663865 	 0.00847994
0.687547761739 	 0.0217639
0.725744859614 	 0.0337977
0.763941957488 	 0.012192
0.802139055362 	 0.0399793
0.840336153237 	 0.0540933
0.878533251111 	 0.0203242
0.916730348986 	 0.0110838
0.95492744686 	 0.0701336
0.993124544734 	 0.0261518
1.03132164261 	 0.0538745
1.06951874048 	 0.00734933
1.10771583836 	 0.0374474
1.14591293623 	 0.00867933
1.18411003411 	 0.0291164
1.22230713198 	 0.0152726
1.26050422986 	 0.02546
1.29870132773 	 0.0114453
1.3368984256 	 0.0460454
1.37509552348 	 0.0384744
1.41329262135 	 0.0574722
1.45148971923 	 0.025089
1.4896868171 	 0.0109638
1.52788391498 	 0.0374244
1.56608101285 	 0.0625538
1.60427811072 	 0.0360175
1.6424752086 	 0.00371212
1.68067230647 	 0.0144322
1.71886940435 	 0.0132838
1.75706650222 	 0.0245975
1.7952636001 	 0.0329111
1.83346069797 	 0.0545999
1.87165779585 	 0.0354918
1.90985489372 	 0.0653825
1.94805199159 	 0.0308753
1.98624908947 	 0.0506915
2.02444618734 	 0.0533278
2.06264328522 	 0.0805324
2.10084038309 	 0.0942851
2.13903748097 	 0.0683419
2.17723457884 	 0.0346804
2.21543167672 	 0.0595204
2.25362877459 	 0.0580432
2.29182587246 	 0.0903418
2.33002297034 	 0.0601377
2.36822006821 	 0.0633975
2.40641716609 	 0.0775445
2.44461426396 	 0.0457186
2.48281136184 	 0.0313155
2.52100845971 	 0.0557814
2.55920555758 	 0.0910631
2.59740265546 	 0.0618919
2.63559975333 	 0.0151185
2.67379685121 	 0.0905323
2.71199394908 	 0.06263
2.75019104696 	 0.0277567
2.78838814483 	 0.038474
2.82658524271 	 0.0857888
2.86478234058 	 0.037698
2.90297943845 	 0.0440152
2.94117653633 	 0.102807
2.9793736342 	 0.154786
3.01757073208 	 0.134309
3.05576782995 	 0.00512648
3.09396492783 	 0.0888814
3.1321620257 	 0.0773812
3.17035912358 	 0.0428294
3.20855622145 	 0.111116
3.24675331932 	 0.199816
3.2849504172 	 0.239974
3.32314751507 	 0.22171
3.36134461295 	 0.212794
3.39954171082 	 0.348853
3.4377388087 	 0.357331
3.47593590657 	 0.176032
3.51413300444 	 0.357747
3.55233010232 	 0.496254
3.59052720019 	 0.514246
3.62872429807 	 0.61622
3.66692139594 	 0.699385
3.70511849382 	 0.843446
3.74331559169 	 0.54412
3.78151268957 	 0.503517
3.81970978744 	 0.370633
3.85790688531 	 0.359871
3.89610398319 	 0.291165
3.93430108106 	 0.132094
3.97249817894 	 0.0499325
4.01069527681 	 0.0541023
4.04889237469 	 0.0622278
4.08708947256 	 0.033329
4.12528657043 	 0.0118361
4.16348366831 	 0.0566647
4.20168076618 	 0.0635412
4.23987786406 	 0.0553155
4.27807496193 	 0.0589819
4.31627205981 	 0.0450716
4.35446915768 	 0.0514921
4.39266625556 	 0.0640758
4.43086335343 	 0.0609998
4.4690604513 	 0.0303854
4.50725754918 	 0.0204912
4.54545464705 	 0.00829327
4.58365174493 	 0.0149498
4.6218488428 	 0.0278821
4.66004594068 	 0.00570532
4.69824303855 	 0.0292776
4.73644013643 	 0.0501924
4.7746372343 	 0.0608546
4.81283433217 	 0.0590038
4.85103143005 	 0.0484949
4.88922852792 	 0.0472997
4.9274256258 	 0.0443598
4.96562272367 	 0.0475478
5.00381982155 	 0.0430818
5.04201691942 	 0.0382178
5.08021401729 	 0.0336512
5.11841111517 	 0.0360588
5.15660821304 	 0.0311693
5.19480531092 	 0.0448916
5.23300240879 	 0.0459515
5.27119950667 	 0.0464262
5.30939660454 	 0.0436655
5.34759370242 	 0.0379657
5.38579080029 	 0.0374932
5.42398789816 	 0.0347551
5.46218499604 	 0.0454109
5.50038209391 	 0.0399301
5.53857919179 	 0.0371815
5.57677628966 	 0.0404193
5.61497338754 	 0.0520094
5.65317048541 	 0.0459041
5.69136758329 	 0.0433617
5.72956468116 	 0.0408611
5.76776177903 	 0.0393838
5.80595887691 	 0.0391524
5.84415597478 	 0.0432198
5.88235307266 	 0.0462491
5.92055017053 	 0.0385388
5.95874726841 	 0.0207953
5.99694436628 	 0.0244736
6.03514146415 	 0.0312369
6.07333856203 	 0.0290715
6.1115356599 	 0.0243348
6.14973275778 	 0.024575
6.18792985565 	 0.0183254
6.22612695353 	 0.0189203
6.2643240514 	 0.0202626
6.30252114928 	 0.0229798
6.34071824715 	 0.0254742
6.37891534502 	 0.0163712
6.4171124429 	 0.019379
6.45530954077 	 0.0240359
6.49350663865 	 0.0242776
6.53170373652 	 0.0278761
6.5699008344 	 0.0273966
6.60809793227 	 0.0306587
6.64629503015 	 0.0330634
6.68449212802 	 0.0411088
6.72268922589 	 0.0319264
6.76088632377 	 0.0343864
6.79908342164 	 0.0282889
6.83728051952 	 0.0276676
6.87547761739 	 0.0237664
6.91367471527 	 0.0133429
6.95187181314 	 0.0188378
6.99006891101 	 0.0169159
7.02826600889 	 0.0132103
7.06646310676 	 0.0167677
7.10466020464 	 0.0168331
7.14285730251 	 0.0292908
7.18105440039 	 0.0159096
7.21925149826 	 0.0139371
7.25744859614 	 0.00632133
7.29564569401 	 0.00398513
7.33384279188 	 0.0139998
7.37203988976 	 0.0157986
7.41023698763 	 0.018994
7.44843408551 	 0.0175562
7.48663118338 	 0.00979267
7.52482828126 	 0.00216928
7.56302537913 	 0.0114304
7.60122247701 	 0.00200125
7.63941957488 	 0.0054238
7.67761667275 	 0.00269324
7.71581377063 	 0.00974124
7.7540108685 	 0.0052685
7.79220796638 	 0.0163321
7.83040506425 	 0.0167386
7.86860216213 	 0.0161109
7.90679926 	 0.0163628
7.94499635787 	 0.00916524
7.98319345575 	 0.00325864
8.02139055362 	 0.00493461
8.0595876515 	 0.00732989
8.09778474937 	 0.0161985
8.13598184725 	 0.0156506
8.17417894512 	 0.0158795
8.212376043 	 0.015325
8.25057314087 	 0.0107994
8.28877023874 	 0.00956947
8.32696733662 	 0.00415301
8.36516443449 	 0.00621706
8.40336153237 	 0.0120591
8.44155863024 	 0.0156136
8.47975572812 	 0.0211464
8.51795282599 	 0.0232874
8.55614992387 	 0.0306233
8.59434702174 	 0.0390237
8.63254411961 	 0.0474018
8.67074121749 	 0.0463903
8.70893831536 	 0.04827
8.74713541324 	 0.0426717
8.78533251111 	 0.044434
8.82352960899 	 0.0380547
8.86172670686 	 0.0387376
8.89992380473 	 0.0347175
8.93812090261 	 0.027953
8.97631800048 	 0.0241163
9.01451509836 	 0.0172527
9.05271219623 	 0.00896575
9.09090929411 	 0.00391437
9.12910639198 	 0.00853147
9.16730348986 	 0.00865841
9.20550058773 	 0.0140626
9.2436976856 	 0.01294
9.28189478348 	 0.0151628
9.32009188135 	 0.0219437
9.35828897923 	 0.0230637
9.3964860771 	 0.0172921
9.43468317498 	 0.020052
9.47288027285 	 0.0100722
9.51107737073 	 0.00800238
9.5492744686 	 0.012866
9.58747156647 	 0.0193552
9.62566866435 	 0.0224134
9.66386576222 	 0.0188744
9.7020628601 	 0.0155625
9.74025995797 	 0.0137699
9.77845705585 	 0.00720026
9.81665415372 	 0.0169656
9.85485125159 	 0.0131421
9.89304834947 	 0.0240388
9.93124544734 	 0.0221433
9.96944254522 	 0.0156625
10.0076396431 	 0.0116584
10.045836741 	 0.00780448
10.0840338388 	 0.010284
10.1222309367 	 0.0100271
10.1604280346 	 0.00705385
10.1986251325 	 0.00450514
10.2368222303 	 0.0136127
10.2750193282 	 0.0148802
10.3132164261 	 0.00900919
10.351413524 	 0.0179097
10.3896106218 	 0.0216768
10.4278077197 	 0.0191727
10.4660048176 	 0.0264584
10.5042019155 	 0.0196499
10.5423990133 	 0.0211202
10.5805961112 	 0.0125636
10.6187932091 	 0.00868192
10.656990307 	 0.000791448
10.6951874048 	 0.0106138
10.7333845027 	 0.0127637
10.7715816006 	 0.0169589
10.8097786985 	 0.0182452
10.8479757963 	 0.022612
10.8861728942 	 0.0162167
10.9243699921 	 0.0306983
10.96256709 	 0.0330977
11.0007641878 	 0.0329152
11.0389612857 	 0.0335925
11.0771583836 	 0.0316834
11.1153554814 	 0.039177
11.1535525793 	 0.0449108
11.1917496772 	 0.0379797
11.2299467751 	 0.0404348
11.2681438729 	 0.0345894
11.3063409708 	 0.0276013
11.3445380687 	 0.0276293
11.3827351666 	 0.0188739
11.4209322644 	 0.0220982
11.4591293623 	 0.0232183
11.4973264602 	 0.0347559
11.5355235581 	 0.0404215
11.5737206559 	 0.040134
11.6119177538 	 0.042478
11.6501148517 	 0.0387442
11.6883119496 	 0.0436053
11.7265090474 	 0.0326443
11.7647061453 	 0.0245704
11.8029032432 	 0.0226079
11.8411003411 	 0.035062
11.8792974389 	 0.0484285
11.9174945368 	 0.0508391
11.9556916347 	 0.0566778
11.9938887326 	 0.0599355
12.0320858304 	 0.0549744
12.0702829283 	 0.0574902
12.1084800262 	 0.0473733
12.1466771241 	 0.0435867
12.1848742219 	 0.034531
12.2230713198 	 0.0365002
12.2612684177 	 0.0275086
12.2994655156 	 0.0269496
12.3376626134 	 0.0194898
12.3758597113 	 0.0154587
12.4140568092 	 0.0117747
12.4522539071 	 0.0100006
12.4904510049 	 0.00994628
12.5286481028 	 0.00439412
12.5668452007 	 0.000209173
12.6050422986 	 0.00382103
12.6432393964 	 0.00939473
12.6814364943 	 0.0141595
12.7196335922 	 0.0199495
12.75783069 	 0.0181728
12.7960277879 	 0.0146117
12.8342248858 	 0.0122334
12.8724219837 	 0.0102542
12.9106190815 	 0.00656004
12.9488161794 	 0.00474356
12.9870132773 	 0.00216596
13.0252103752 	 0.00688711
13.063407473 	 0.00690038
13.1016045709 	 0.0104317
13.1398016688 	 0.010825
13.1779987667 	 0.00999585
13.2161958645 	 0.00823457
13.2543929624 	 0.00683739
13.2925900603 	 0.0064045
13.3307871582 	 0.00710053
13.368984256 	 0.00372341
13.4071813539 	 0.00627749
13.4453784518 	 0.00813766
13.4835755497 	 0.00406853
13.5217726475 	 0.00180725
13.5599697454 	 0.00123608
13.5981668433 	 0.00220532
13.6363639412 	 0.00119747
13.674561039 	 0.00300837
13.7127581369 	 0.00259365
13.7509552348 	 0.00228506
13.7891523327 	 0.00290016
13.8273494305 	 0.00246248
13.8655465284 	 0.00213273
13.9037436263 	 0.00191056
13.9419407242 	 0.00131892
13.980137822 	 0.00129961
14.0183349199 	 0.000961871
14.0565320178 	 0.00155108
14.0947291157 	 0.00175935
14.1329262135 	 0.00226757
14.1711233114 	 0.00353306
14.2093204093 	 0.00534503
14.2475175072 	 0.00531166
14.285714605 	 0.00577604
14.3239117029 	 0.00564884
14.3621088008 	 0.00494586
14.4003058986 	 0.00339917
14.4385029965 	 0.00329574
14.4767000944 	 0.00262982
14.5148971923 	 0.00231172
14.5530942901 	 0.00114777
14.591291388 	 0.00174868
14.6294884859 	 0.00182904
14.6676855838 	 0.00223104
14.7058826816 	 0.00348092
14.7440797795 	 0.00211692
14.7822768774 	 0.00313747
14.8204739753 	 0.00378265
14.8586710731 	 0.00494195
14.896868171 	 0.00394515
14.9350652689 	 0.0045088
14.9732623668 	 0.00323801
15.0114594646 	 0.00314163
15.0496565625 	 0.00318374
15.0878536604 	 0.00323382
15.1260507583 	 0.00392378
15.1642478561 	 0.00437436
15.202444954 	 0.00392086
15.2406420519 	 0.00443972
15.2788391498 	 0.00417495
15.3170362476 	 0.00328455
15.3552333455 	 0.00190661
15.3934304434 	 0.00100585
15.4316275413 	 0.00100725
15.4698246391 	 0.00136645
15.508021737 	 0.00221541
15.5462188349 	 0.0027486
15.5844159328 	 0.00241709
15.6226130306 	 0.00358228
15.6608101285 	 0.00290779
15.6990072264 	 0.00232034
15.7372043243 	 0.000624262
15.7754014221 	 0.000513118
15.81359852 	 0.00127613
15.8517956179 	 0.00155752
15.8899927157 	 0.00267316
15.9281898136 	 0.00294951
15.9663869115 	 0.0021408
16.0045840094 	 0.00085142
16.0427811072 	 0.00146511
16.0809782051 	 0.00217119
16.119175303 	 0.0017383
16.1573724009 	 0.0030476
16.1955694987 	 0.00259256
16.2337665966 	 0.00269705
16.2719636945 	 0.00274588
16.3101607924 	 0.00296652
16.3483578902 	 0.00271563
16.3865549881 	 0.00187159
16.424752086 	 0.00179982
16.4629491839 	 0.00169403
16.5011462817 	 0.000725942
16.5393433796 	 0.00102624
16.5775404775 	 0.000830412
16.6157375754 	 0.00176921
16.6539346732 	 0.00134567
16.6921317711 	 0.00144192
16.730328869 	 0.00195536
16.7685259669 	 0.00177454
16.8067230647 	 0.00193234
16.8449201626 	 0.00227498
16.8831172605 	 0.001689
16.9213143584 	 0.00104364
16.9595114562 	 0.000707573
16.9977085541 	 0.00124319
17.035905652 	 0.0016409
17.0741027499 	 0.002099
17.1122998477 	 0.00323655
17.1504969456 	 0.00340151
17.1886940435 	 0.00399294
17.2268911414 	 0.00286932
17.2650882392 	 0.00274526
17.3032853371 	 0.00181803
17.341482435 	 0.00156503
17.3796795329 	 0.00188785
17.4178766307 	 0.00230975
17.4560737286 	 0.00255938
17.4942708265 	 0.00231945
17.5324679243 	 0.00260837
17.5706650222 	 0.00178329
17.6088621201 	 0.00109006
17.647059218 	 0.000613378
17.6852563158 	 0.0015143
17.7234534137 	 0.00205908
17.7616505116 	 0.00285615
17.7998476095 	 0.00269872
17.8380447073 	 0.00212854
17.8762418052 	 0.00116923
17.9144389031 	 0.000801287
17.952636001 	 0.000533801
17.9908330988 	 0.000843601
18.0290301967 	 0.000721824
18.0672272946 	 0.00148756
18.1054243925 	 0.00142199
18.1436214903 	 0.00206693
18.1818185882 	 0.00229371
18.2200156861 	 0.00197827
18.258212784 	 0.00160475
18.2964098818 	 0.00152353
18.3346069797 	 0.001638
18.3728040776 	 0.00173983
18.4110011755 	 0.00209499
18.4491982733 	 0.00205004
18.4873953712 	 0.00144369
18.5255924691 	 0.00126591
18.563789567 	 0.00120175
18.6019866648 	 0.00148313
18.6401837627 	 0.00168441
18.6783808606 	 0.001431
18.7165779585 	 0.000747586
18.7547750563 	 0.000636342
18.7929721542 	 0.000513501
18.8311692521 	 0.000677356
18.86936635 	 0.000721014
18.9075634478 	 0.000780346
18.9457605457 	 0.000705164
18.9839576436 	 0.000540029
19.0221547415 	 6.43941e-05
19.0603518393 	 4.16641e-05
19.0985489372 	 0.000764079
19.1367460351 	 0.000686809
19.1749431329 	 0.00068306
19.2131402308 	 0.000763046
19.2513373287 	 0.000427872
19.2895344266 	 0.000617689
19.3277315244 	 0.000527359
19.3659286223 	 0.00107829
19.4041257202 	 0.00103475
19.4423228181 	 0.00111917
19.4805199159 	 0.000940319
19.5187170138 	 0.000917596
19.5569141117 	 0.00109171
19.5951112096 	 0.00109256
19.6333083074 	 0.00126634
19.6715054053 	 0.000850897
19.7097025032 	 0.000617529
19.7478996011 	 0.000341123
19.7860966989 	 0.000256895
19.8242937968 	 0.000618178
19.8624908947 	 0.00117232
19.9006879926 	 0.00118241
19.9388850904 	 0.00115172
19.9770821883 	 0.000737451
20.0152792862 	 0.000374375
20.0534763841 	 0.000423709
20.0916734819 	 0.000223192
20.1298705798 	 0.000243692
20.1680676777 	 0.000239376
20.2062647756 	 0.000244921
20.2444618734 	 0.000301064
20.2826589713 	 0.00040051
20.3208560692 	 0.00014487
20.3590531671 	 0.000186749
20.3972502649 	 0.000259272
20.4354473628 	 0.000299569
20.4736444607 	 0.000320255
20.5118415586 	 0.000484804
20.5500386564 	 0.000531969
20.5882357543 	 0.00036834
20.6264328522 	 0.000354653
20.66462995 	 0.000225102
20.7028270479 	 0.000367488
20.7410241458 	 0.000576117
20.7792212437 	 0.000713652
20.8174183415 	 0.000552102
20.8556154394 	 0.00036926
20.8938125373 	 0.000259896
20.9320096352 	 0.00032668
20.970206733 	 0.000524421
21.0084038309 	 0.00033769
21.0466009288 	 0.000350929
21.0847980267 	 0.000246578
21.1229951245 	 0.000349203
21.1611922224 	 0.000439723
21.1993893203 	 0.000343323
21.2375864182 	 0.000286115
21.275783516 	 0.000226974
21.3139806139 	 0.000205492
21.3521777118 	 0.000187619
21.3903748097 	 0.000148137
21.4285719075 	 0.000173423
21.4667690054 	 0.000204893
21.5049661033 	 0.000215816
21.5431632012 	 0.000279688
21.581360299 	 0.000245194
21.6195573969 	 0.000248935
21.6577544948 	 0.000184689
21.6959515927 	 0.000224739
21.7341486905 	 0.00022013
21.7723457884 	 0.000297345
21.8105428863 	 0.000200552
21.8487399842 	 0.000289276
21.886937082 	 0.000294693
21.9251341799 	 0.000245701
21.9633312778 	 0.000167435
22.0015283757 	 0.000225772
22.0397254735 	 0.000167046
22.0779225714 	 0.00017821
22.1161196693 	 0.000241074
22.1543167672 	 0.000287449
22.192513865 	 0.000365145
22.2307109629 	 0.000400642
22.2689080608 	 0.00039576
22.3071051586 	 0.000348602
22.3453022565 	 0.000331228
22.3834993544 	 0.000291332
22.4216964523 	 0.000295859
22.4598935501 	 0.000366561
22.498090648 	 0.000432402
22.5362877459 	 0.000359459
22.5744848438 	 0.000222603
22.6126819416 	 0.000164303
22.6508790395 	 0.000243015
22.6890761374 	 0.000341118
22.7272732353 	 0.000244393
22.7654703331 	 0.000221007
22.803667431 	 0.000203006
22.8418645289 	 0.000194064
22.8800616268 	 0.000196262
22.9182587246 	 0.000129038
22.9564558225 	 7.53411e-05
22.9946529204 	 4.13708e-05
23.0328500183 	 1.45247e-05
23.0710471161 	 6.50364e-05
23.109244214 	 8.60767e-05
23.1474413119 	 8.24589e-05
23.1856384098 	 4.23097e-05
23.2238355076 	 3.45051e-05
23.2620326055 	 8.59146e-05
23.3002297034 	 6.90165e-05
23.3384268013 	 1.21477e-05
23.3766238991 	 4.47755e-05
23.414820997 	 0.000125986
23.4530180949 	 0.000138451
23.4912151928 	 7.30016e-05
23.5294122906 	 3.78827e-05
23.5676093885 	 2.11476e-05
23.6058064864 	 3.4041e-05
23.6440035843 	 5.33886e-05
23.6822006821 	 0.000124063
23.72039778 	 0.000154389
23.7585948779 	 0.000134243
23.7967919758 	 6.72072e-05
23.8349890736 	 3.2328e-05
23.8731861715 	 2.3343e-05
23.9113832694 	 1.68238e-05
23.9495803672 	 3.08016e-05
23.9877774651 	 6.17298e-05
24.025974563 	 5.29805e-05
24.0641716609 	 2.43048e-05
24.1023687587 	 3.08968e-05
24.1405658566 	 7.15795e-05
24.1787629545 	 0.000108389
24.2169600524 	 0.000136059
24.2551571502 	 8.34372e-05
24.2933542481 	 7.96415e-05
24.331551346 	 7.4418e-05
24.3697484439 	 9.32553e-05
24.4079455417 	 8.46917e-05
24.4461426396 	 0.000102884
24.4843397375 	 7.3381e-05
24.5225368354 	 6.91342e-05
24.5607339332 	 6.13073e-05
24.5989310311 	 6.21501e-05
24.637128129 	 4.0139e-05
24.6753252269 	 1.02906e-05
24.7135223247 	 5.94381e-05
24.7517194226 	 7.7545e-05
24.7899165205 	 4.77627e-05
24.8281136184 	 1.10259e-05
24.8663107162 	 3.03366e-05
24.9045078141 	 5.31379e-05
24.942704912 	 7.39637e-05
24.9809020099 	 5.93746e-05
25.0190991077 	 4.11104e-05
25.0572962056 	 6.23517e-05
25.0954933035 	 7.83834e-05
25.1336904014 	 9.17223e-05
25.1718874992 	 8.36338e-05
25.2100845971 	 6.9875e-05
25.248281695 	 2.36614e-05
25.2864787929 	 9.99123e-06
25.3246758907 	 2.66253e-05
25.3628729886 	 1.99609e-05
25.4010700865 	 2.43488e-06
25.4392671843 	 3.45719e-05
25.4774642822 	 6.63326e-05
25.5156613801 	 6.44378e-05
25.553858478 	 5.66667e-05
25.5920555758 	 4.94943e-05
25.6302526737 	 3.6349e-05
25.6684497716 	 1.28441e-05
25.7066468695 	 2.26743e-05
25.7448439673 	 3.91618e-05
25.7830410652 	 2.47191e-05
25.8212381631 	 4.55758e-05
25.859435261 	 3.30308e-05
25.8976323588 	 3.82684e-06
25.9358294567 	 3.23293e-05
25.9740265546 	 3.51499e-05
26.0122236525 	 3.64645e-05
26.0504207503 	 2.08109e-05
26.0886178482 	 1.87997e-05
26.1268149461 	 2.98463e-05
26.165012044 	 2.56576e-05
26.2032091418 	 1.22337e-05
26.2414062397 	 3.58759e-05
26.2796033376 	 3.34452e-05
26.3178004355 	 1.97339e-05
26.3559975333 	 4.72402e-05
26.3941946312 	 6.29202e-05
26.4323917291 	 6.32499e-05
26.470588827 	 4.237e-05
26.5087859248 	 2.01918e-05
26.5469830227 	 2.15726e-05
26.5851801206 	 3.27234e-05
26.6233772185 	 3.81514e-05
26.6615743163 	 3.43213e-05
26.6997714142 	 1.74608e-05
26.7379685121 	 2.58557e-05
26.77616561 	 4.65103e-05
26.8143627078 	 6.05454e-05
26.8525598057 	 6.46174e-05
26.8907569036 	 5.29296e-05
26.9289540015 	 4.44926e-05
26.9671510993 	 1.42219e-05
27.0053481972 	 1.10355e-05
27.0435452951 	 2.55609e-05
27.0817423929 	 4.28062e-05
27.1199394908 	 4.20397e-05
27.1581365887 	 2.72804e-05
27.1963336866 	 1.45532e-05
27.2345307844 	 1.34978e-05
27.2727278823 	 2.82881e-05
27.3109249802 	 3.98029e-05
27.3491220781 	 3.04081e-05
27.3873191759 	 2.25205e-05
27.4255162738 	 7.76794e-06
27.4637133717 	 1.57746e-05
27.5019104696 	 3.3345e-05
27.5401075674 	 3.42008e-05
27.5783046653 	 4.12862e-05
27.6165017632 	 3.81239e-05
27.6546988611 	 1.06003e-05
27.6928959589 	 2.77172e-05
27.7310930568 	 4.41319e-05
27.7692901547 	 4.37777e-05
27.8074872526 	 3.41233e-05
27.8456843504 	 2.23439e-05
27.8838814483 	 1.10793e-05
27.9220785462 	 3.12537e-05
27.9602756441 	 3.75937e-05
27.9984727419 	 4.31652e-05
28.0366698398 	 3.15995e-05
28.0748669377 	 8.28108e-06
28.1130640356 	 2.28453e-05
28.1512611334 	 3.50184e-05
28.1894582313 	 3.61995e-05
28.2276553292 	 3.23842e-05
28.2658524271 	 1.97671e-05
28.3040495249 	 2.82281e-06
28.3422466228 	 2.26018e-05
28.3804437207 	 2.82439e-05
28.4186408186 	 2.32391e-05
28.4568379164 	 2.88961e-05
28.4950350143 	 2.61143e-05
28.5332321122 	 1.91357e-05
28.57142921 	 2.45932e-05
28.6096263079 	 2.2101e-05
28.6478234058 	 1.82499e-05
28.6860205037 	 2.18621e-05
28.7242176015 	 2.70891e-05
28.7624146994 	 2.52045e-05
28.8006117973 	 1.31661e-05
28.8388088952 	 1.18183e-05
28.877005993 	 2.97001e-05
28.9152030909 	 3.77426e-05
28.9534001888 	 3.16236e-05
28.9915972867 	 2.40928e-05
29.0297943845 	 8.96406e-06
29.0679914824 	 1.47458e-05
29.1061885803 	 2.84888e-05
29.1443856782 	 3.02153e-05
29.182582776 	 2.35535e-05
29.2207798739 	 1.54961e-05
29.2589769718 	 2.18092e-05
29.2971740697 	 2.60609e-05
29.3353711675 	 2.10742e-05
29.3735682654 	 1.72155e-05
29.4117653633 	 1.97616e-05
29.4499624612 	 2.07307e-05
29.488159559 	 2.07826e-05
29.5263566569 	 2.16232e-05
29.5645537548 	 2.76079e-05
29.6027508527 	 2.84133e-05
29.6409479505 	 2.39864e-05
29.6791450484 	 1.38527e-05
29.7173421463 	 1.42843e-05
29.7555392442 	 1.65462e-05
29.793736342 	 2.15426e-05
29.8319334399 	 2.51008e-05
29.8701305378 	 2.62975e-05
29.9083276357 	 2.43314e-05
29.9465247335 	 2.02836e-05
29.9847218314 	 2.14833e-05
30.0229189293 	 2.02541e-05
30.0611160272 	 1.72291e-05
30.099313125 	 1.89493e-05
30.1375102229 	 2.21404e-05
30.1757073208 	 2.44487e-05
30.2139044186 	 2.38838e-05
30.2521015165 	 2.34753e-05
30.2902986144 	 1.69358e-05
30.3284957123 	 1.78498e-05
30.3666928101 	 1.9602e-05
30.404889908 	 2.22276e-05
30.4430870059 	 2.58511e-05
30.4812841038 	 2.14159e-05
30.5194812016 	 1.6542e-05
30.5576782995 	 1.94349e-05
30.5958753974 	 1.93878e-05
30.6340724953 	 2.13328e-05
30.6722695931 	 2.01436e-05
30.710466691 	 1.79778e-05
30.7486637889 	 2.01284e-05
30.7868608868 	 2.45361e-05
30.8250579846 	 2.30664e-05
30.8632550825 	 2.11516e-05
30.9014521804 	 1.7188e-05
30.9396492783 	 2.00149e-05
30.9778463761 	 2.16074e-05
31.016043474 	 2.0228e-05
31.0542405719 	 2.05256e-05
31.0924376698 	 2.30023e-05
31.1306347676 	 2.4083e-05
31.1688318655 	 2.19795e-05
31.2070289634 	 1.79188e-05
31.2452260613 	 1.61961e-05
31.2834231591 	 2.11821e-05
31.321620257 	 2.36868e-05
31.3598173549 	 2.35189e-05
31.3980144528 	 1.76527e-05
31.4362115506 	 1.51577e-05
31.4744086485 	 1.78645e-05
31.5126057464 	 2.45241e-05
31.5508028443 	 2.54166e-05
31.5889999421 	 2.17461e-05
31.62719704 	 1.72428e-05
31.6653941379 	 1.78982e-05
31.7035912358 	 2.22764e-05
31.7417883336 	 2.28623e-05
31.7799854315 	 2.16603e-05
31.8181825294 	 1.71664e-05
31.8563796272 	 1.78506e-05
31.8945767251 	 2.14665e-05
31.932773823 	 2.3771e-05
31.9709709209 	 2.02857e-05
32.0091680187 	 1.61722e-05
32.0473651166 	 1.69795e-05
32.0855622145 	 2.18376e-05
32.1237593124 	 2.49224e-05
32.1619564102 	 2.33636e-05
32.2001535081 	 1.98728e-05
32.238350606 	 1.72445e-05
32.2765477039 	 1.7529e-05
32.3147448017 	 2.09889e-05
32.3529418996 	 2.2834e-05
32.3911389975 	 2.17642e-05
32.4293360954 	 1.92075e-05
32.4675331932 	 1.71303e-05
32.5057302911 	 1.88649e-05
32.543927389 	 2.25904e-05
32.5821244869 	 2.15798e-05
32.6203215847 	 1.96671e-05
32.6585186826 	 1.83549e-05
32.6967157805 	 1.89566e-05
32.7349128784 	 2.06463e-05
32.7731099762 	 2.14038e-05
32.8113070741 	 2.12331e-05
32.849504172 	 1.99121e-05
32.8877012699 	 1.79672e-05
32.9258983677 	 1.77491e-05
32.9640954656 	 2.03697e-05
33.0022925635 	 2.17286e-05
33.0404896614 	 2.2043e-05
33.0786867592 	 2.05414e-05
33.1168838571 	 1.89056e-05
33.155080955 	 1.84352e-05
33.1932780529 	 1.91574e-05
33.2314751507 	 2.05025e-05
33.2696722486 	 2.07219e-05
33.3078693465 	 1.92207e-05
33.3460664443 	 1.82642e-05
33.3842635422 	 1.95689e-05
33.4224606401 	 2.03029e-05
33.460657738 	 2.07601e-05
33.4988548358 	 2.05141e-05
33.5370519337 	 1.88883e-05
33.5752490316 	 1.93355e-05
33.6134461295 	 2.04137e-05
33.6516432273 	 2.07268e-05
33.6898403252 	 1.98989e-05
33.7280374231 	 1.81778e-05
33.766234521 	 1.82912e-05
33.8044316188 	 2.01282e-05
33.8426287167 	 2.0487e-05
33.8808258146 	 2.0156e-05
33.9190229125 	 1.93959e-05
33.9572200103 	 1.91455e-05
33.9954171082 	 1.95839e-05
34.0336142061 	 1.94642e-05
34.071811304 	 2.01394e-05
34.1100084018 	 2.00969e-05
34.1482054997 	 1.94022e-05
34.1864025976 	 1.91251e-05
34.2245996955 	 1.91095e-05
34.2627967933 	 1.96316e-05
34.3009938912 	 2.01948e-05
34.3391909891 	 2.01041e-05
34.377388087 	 1.87857e-05
34.4155851848 	 1.87606e-05
34.4537822827 	 1.96218e-05
34.4919793806 	 1.96369e-05
34.5301764785 	 2.01176e-05
34.5683735763 	 1.98773e-05
34.6065706742 	 1.91243e-05
34.6447677721 	 1.88121e-05
34.68296487 	 1.90322e-05
34.7211619678 	 1.98062e-05
34.7593590657 	 1.99955e-05
34.7975561636 	 1.91136e-05
34.8357532615 	 1.89774e-05
34.8739503593 	 1.93225e-05
34.9121474572 	 2.00316e-05
34.9503445551 	 1.97446e-05
34.9885416529 	 1.90909e-05
35.0267387508 	 1.88267e-05
35.0649358487 	 1.91847e-05
35.1031329466 	 1.95685e-05
35.1413300444 	 1.97645e-05
35.1795271423 	 1.94841e-05
35.2177242402 	 1.9209e-05
35.2559213381 	 1.89316e-05
35.2941184359 	 1.91994e-05
35.3323155338 	 1.91696e-05
35.3705126317 	 1.91098e-05
35.4087097296 	 1.92758e-05
35.4469068274 	 1.95677e-05
35.4851039253 	 1.96669e-05
35.5233010232 	 1.91577e-05
35.5614981211 	 1.90122e-05
35.5996952189 	 1.92154e-05
35.6378923168 	 1.93269e-05
35.6760894147 	 1.91555e-05
35.7142865126 	 1.88904e-05
35.7524836104 	 1.89407e-05
35.7906807083 	 1.92263e-05
35.8288778062 	 1.92545e-05
35.8670749041 	 1.93411e-05
35.9052720019 	 1.90737e-05
35.9434690998 	 1.90332e-05
35.9816661977 	 1.91302e-05
36.0198632956 	 1.92434e-05
36.0580603934 	 1.92862e-05
36.0962574913 	 1.91039e-05
36.1344545892 	 1.8924e-05
36.1726516871 	 1.90398e-05
36.2108487849 	 1.90907e-05
36.2490458828 	 1.90315e-05
36.2872429807 	 1.89445e-05
36.3254400786 	 1.89952e-05
36.3636371764 	 1.91294e-05
36.4018342743 	 1.91429e-05
36.4400313722 	 1.91187e-05
36.4782284701 	 1.90254e-05
36.5164255679 	 1.90158e-05
36.5546226658 	 1.89099e-05
36.5928197637 	 1.89638e-05
36.6310168615 	 1.90061e-05
36.6692139594 	 1.8916e-05
36.7074110573 	 1.88472e-05
36.7456081552 	 1.88893e-05
36.783805253 	 1.89919e-05
36.8220023509 	 1.89953e-05
36.8601994488 	 1.89105e-05
36.8983965467 	 1.87844e-05
36.9365936445 	 1.89008e-05
36.9747907424 	 1.9028e-05
37.0129878403 	 1.90182e-05
37.0511849382 	 1.89112e-05
37.089382036 	 1.87651e-05
37.1275791339 	 1.87327e-05
37.1657762318 	 1.88703e-05
37.2039733297 	 1.89414e-05
37.2421704275 	 1.89334e-05
37.2803675254 	 1.87504e-05
37.3185646233 	 1.86865e-05
37.3567617212 	 1.87797e-05
37.394958819 	 1.88854e-05
37.4331559169 	 1.88538e-05
37.4713530148 	 1.88159e-05
37.5095501127 	 1.87802e-05
37.5477472105 	 1.87212e-05
37.5859443084 	 1.87558e-05
37.6241414063 	 1.8797e-05
37.6623385042 	 1.87924e-05
37.700535602 	 1.87433e-05
37.7387326999 	 1.86456e-05
37.7769297978 	 1.86542e-05
37.8151268957 	 1.87287e-05
37.8533239935 	 1.87767e-05
37.8915210914 	 1.87666e-05
37.9297181893 	 1.86944e-05
37.9679152872 	 1.86209e-05
38.006112385 	 1.86066e-05
38.0443094829 	 1.86651e-05
38.0825065808 	 1.87146e-05
38.1207036786 	 1.87007e-05
38.1589007765 	 1.86479e-05
38.1970978744 	 1.8579e-05
38.2352949723 	 1.85653e-05
38.2734920701 	 1.86184e-05
38.311689168 	 1.86539e-05
38.3498862659 	 1.8637e-05
38.3880833638 	 1.86077e-05
38.4262804616 	 1.85635e-05
38.4644775595 	 1.85731e-05
38.5026746574 	 1.85873e-05
38.5408717553 	 1.85736e-05
38.5790688531 	 1.85576e-05
38.617265951 	 1.85352e-05
38.6554630489 	 1.85143e-05
38.6936601468 	 1.85216e-05
38.7318572446 	 1.85355e-05
38.7700543425 	 1.85412e-05
38.8082514404 	 1.85225e-05
38.8464485383 	 1.84922e-05
38.8846456361 	 1.84818e-05
38.922842734 	 1.85013e-05
38.9610398319 	 1.84958e-05
38.9992369298 	 1.84896e-05
39.0374340276 	 1.84671e-05
39.0756311255 	 1.84386e-05
39.1138282234 	 1.84376e-05
39.1520253213 	 1.84392e-05
39.1902224191 	 1.84465e-05
39.228419517 	 1.84275e-05
39.2666166149 	 1.84167e-05
39.3048137128 	 1.84196e-05
39.3430108106 	 1.84098e-05
39.3812079085 	 1.84072e-05
39.4194050064 	 1.83974e-05
39.4576021043 	 1.83898e-05
39.4957992021 	 1.83796e-05
39.5339963 	 1.83633e-05
39.5721933979 	 1.83651e-05
39.6103904958 	 1.83663e-05
39.6485875936 	 1.83516e-05
39.6867846915 	 1.83319e-05
39.7249817894 	 1.83252e-05
39.7631788872 	 1.83308e-05
39.8013759851 	 1.83389e-05
39.839573083 	 1.83305e-05
39.8777701809 	 1.83068e-05
39.9159672787 	 1.82895e-05
39.9541643766 	 1.82872e-05
39.9923614745 	 1.82918e-05
40.0305585724 	 1.8291e-05
40.0687556702 	 1.82762e-05
40.1069527681 	 1.82566e-05
40.145149866 	 1.82515e-05
40.1833469639 	 1.82606e-05
40.2215440617 	 1.8258e-05
40.2597411596 	 1.82456e-05
40.2979382575 	 1.8226e-05
40.3361353554 	 1.82239e-05
40.3743324532 	 1.82273e-05
40.4125295511 	 1.82174e-05
40.450726649 	 1.82069e-05
40.4889237469 	 1.81967e-05
40.5271208447 	 1.81868e-05
40.5653179426 	 1.81909e-05
40.6035150405 	 1.81859e-05
40.6417121384 	 1.81752e-05
40.6799092362 	 1.81692e-05
40.7181063341 	 1.81603e-05
40.756303432 	 1.8157e-05
40.7945005299 	 1.81517e-05
40.8326976277 	 1.81439e-05
40.8708947256 	 1.8136e-05
40.9090918235 	 1.81291e-05
40.9472889214 	 1.81238e-05
40.9854860192 	 1.81187e-05
41.0236831171 	 1.81116e-05
41.061880215 	 1.81015e-05
41.1000773129 	 1.81008e-05
41.1382744107 	 1.80975e-05
41.1764715086 	 1.80867e-05
41.2146686065 	 1.80766e-05
41.2528657043 	 1.80714e-05
41.2910628022 	 1.80713e-05
41.3292599001 	 1.80662e-05
41.367456998 	 1.80574e-05
41.4056540958 	 1.80467e-05
41.4438511937 	 1.80437e-05
41.4820482916 	 1.80404e-05
41.5202453895 	 1.80349e-05
41.5584424873 	 1.80279e-05
41.5966395852 	 1.80202e-05
41.6348366831 	 1.80138e-05
41.673033781 	 1.80076e-05
41.7112308788 	 1.80024e-05
41.7494279767 	 1.79982e-05
41.7876250746 	 1.79946e-05
41.8258221725 	 1.79873e-05
41.8640192703 	 1.79769e-05
41.9022163682 	 1.79719e-05
41.9404134661 	 1.79721e-05
41.978610564 	 1.79655e-05
42.0168076618 	 1.79573e-05
42.0550047597 	 1.79496e-05
42.0932018576 	 1.79459e-05
42.1313989555 	 1.79424e-05
42.1695960533 	 1.79368e-05
42.2077931512 	 1.793e-05
42.2459902491 	 1.79233e-05
42.284187347 	 1.79187e-05
42.3223844448 	 1.79146e-05
42.3605815427 	 1.79056e-05
42.3987786406 	 1.79024e-05
42.4369757385 	 1.78995e-05
42.4751728363 	 1.78938e-05
42.5133699342 	 1.78876e-05
42.5515670321 	 1.78796e-05
42.58976413 	 1.78744e-05
42.6279612278 	 1.78719e-05
42.6661583257 	 1.78677e-05
42.7043554236 	 1.78607e-05
42.7425525215 	 1.78546e-05
42.7807496193 	 1.785e-05
42.8189467172 	 1.78459e-05
42.8571438151 	 1.78406e-05
42.8953409129 	 1.78356e-05
42.9335380108 	 1.78298e-05
42.9717351087 	 1.78249e-05
43.0099322066 	 1.78197e-05
43.0481293044 	 1.78161e-05
43.0863264023 	 1.78113e-05
43.1245235002 	 1.7806e-05
43.1627205981 	 1.78005e-05
43.2009176959 	 1.77957e-05
43.2391147938 	 1.77898e-05
43.2773118917 	 1.77858e-05
43.3155089896 	 1.77801e-05
43.3537060874 	 1.77756e-05
43.3919031853 	 1.77725e-05
43.4301002832 	 1.77686e-05
43.4682973811 	 1.77636e-05
43.5064944789 	 1.77586e-05
43.5446915768 	 1.77532e-05
43.5828886747 	 1.77484e-05
43.6210857726 	 1.77436e-05
43.6592828704 	 1.77398e-05
43.6974799683 	 1.77348e-05
43.7356770662 	 1.77292e-05
43.7738741641 	 1.77252e-05
43.8120712619 	 1.77224e-05
43.8502683598 	 1.77175e-05
43.8884654577 	 1.77124e-05
43.9266625556 	 1.77081e-05
43.9648596534 	 1.7704e-05
44.0030567513 	 1.77016e-05
44.0412538492 	 1.7696e-05
44.0794509471 	 1.76905e-05
44.1176480449 	 1.76877e-05
44.1558451428 	 1.76833e-05
44.1940422407 	 1.76776e-05
44.2322393386 	 1.76739e-05
44.2704364364 	 1.7669e-05
44.3086335343 	 1.76662e-05
44.3468306322 	 1.76625e-05
44.3850277301 	 1.76593e-05
44.4232248279 	 1.76529e-05
44.4614219258 	 1.76504e-05
44.4996190237 	 1.76478e-05
44.5378161215 	 1.76416e-05
44.5760132194 	 1.76376e-05
44.6142103173 	 1.76336e-05
44.6524074152 	 1.76291e-05
44.690604513 	 1.76285e-05
44.7288016109 	 1.76244e-05
44.7669987088 	 1.7617e-05
44.8051958067 	 1.76142e-05
44.8433929045 	 1.76116e-05
44.8815900024 	 1.76091e-05
44.9197871003 	 1.76051e-05
44.9579841982 	 1.75998e-05
44.996181296 	 1.75964e-05
45.0343783939 	 1.75938e-05
45.0725754918 	 1.75891e-05
45.1107725897 	 1.75848e-05
45.1489696875 	 1.75815e-05
45.1871667854 	 1.75785e-05
45.2253638833 	 1.75754e-05
45.2635609812 	 1.75734e-05
45.301758079 	 1.75699e-05
45.3399551769 	 1.75646e-05
45.3781522748 	 1.75608e-05
45.4163493727 	 1.75587e-05
45.4545464705 	 1.75567e-05
45.4927435684 	 1.75526e-05
45.5309406663 	 1.75477e-05
45.5691377642 	 1.75438e-05
45.607334862 	 1.75418e-05
45.6455319599 	 1.75405e-05
45.6837290578 	 1.75371e-05
45.7219261557 	 1.75315e-05
45.7601232535 	 1.75279e-05
45.7983203514 	 1.7527e-05
45.8365174493 	 1.7524e-05
45.8747145472 	 1.75195e-05
45.912911645 	 1.7516e-05
45.9511087429 	 1.75152e-05
45.9893058408 	 1.75134e-05
46.0275029386 	 1.75092e-05
46.0657000365 	 1.7505e-05
46.1038971344 	 1.75025e-05
46.1420942323 	 1.75e-05
46.1802913301 	 1.74977e-05
46.218488428 	 1.74951e-05
46.2566855259 	 1.74907e-05
46.2948826238 	 1.74882e-05
46.3330797216 	 1.74871e-05
46.3712768195 	 1.7485e-05
46.4094739174 	 1.74793e-05
46.4476710153 	 1.74768e-05
46.4858681131 	 1.74752e-05
46.524065211 	 1.74736e-05
46.5622623089 	 1.74717e-05
46.6004594068 	 1.74695e-05
46.6386565046 	 1.7466e-05
46.6768536025 	 1.74622e-05
46.7150507004 	 1.74603e-05
46.7532477983 	 1.74583e-05
46.7914448961 	 1.74566e-05
46.829641994 	 1.74525e-05
46.8678390919 	 1.74499e-05
46.9060361898 	 1.74497e-05
46.9442332876 	 1.74484e-05
46.9824303855 	 1.74442e-05
47.0206274834 	 1.74409e-05
47.0588245813 	 1.74396e-05
47.0970216791 	 1.74386e-05
47.135218777 	 1.74369e-05
47.1734158749 	 1.7434e-05
47.2116129728 	 1.74316e-05
47.2498100706 	 1.74287e-05
47.2880071685 	 1.74284e-05
47.3262042664 	 1.74261e-05
47.3644013643 	 1.74225e-05
47.4025984621 	 1.74202e-05
47.44079556 	 1.74205e-05
47.4789926579 	 1.74181e-05
47.5171897558 	 1.74157e-05
47.5553868536 	 1.7414e-05
47.5935839515 	 1.74129e-05
47.6317810494 	 1.74103e-05
47.6699781472 	 1.74092e-05
47.7081752451 	 1.74067e-05
47.746372343 	 1.74053e-05
47.7845694409 	 1.74048e-05
47.8227665387 	 1.74024e-05
47.8609636366 	 1.73994e-05
47.8991607345 	 1.73988e-05
47.9373578324 	 1.7397e-05
47.9755549302 	 1.7396e-05
48.0137520281 	 1.73944e-05
48.051949126 	 1.73924e-05
48.0901462239 	 1.73908e-05
48.1283433217 	 1.739e-05
48.1665404196 	 1.73899e-05
48.2047375175 	 1.73877e-05
48.2429346154 	 1.73857e-05
48.2811317132 	 1.73858e-05
48.3193288111 	 1.73833e-05
48.357525909 	 1.73809e-05
48.3957230069 	 1.73804e-05
48.4339201047 	 1.7379e-05
48.4721172026 	 1.73786e-05
48.5103143005 	 1.73777e-05
48.5485113984 	 1.73758e-05
48.5867084962 	 1.7375e-05
48.6249055941 	 1.73745e-05
48.663102692 	 1.73743e-05
48.7012997899 	 1.73726e-05
48.7394968877 	 1.737e-05
48.7776939856 	 1.73699e-05
48.8158910835 	 1.73697e-05
48.8540881814 	 1.73684e-05
48.8922852792 	 1.73674e-05
48.9304823771 	 1.73655e-05
48.968679475 	 1.73654e-05
49.0068765729 	 1.73657e-05
49.0450736707 	 1.73645e-05
49.0832707686 	 1.73634e-05
49.1214678665 	 1.73629e-05
49.1596649644 	 1.73633e-05
49.1978620622 	 1.73616e-05
49.2360591601 	 1.73607e-05
49.274256258 	 1.73605e-05
49.3124533558 	 1.73601e-05
49.3506504537 	 1.73593e-05
49.3888475516 	 1.73573e-05
49.4270446495 	 1.73564e-05
49.4652417473 	 1.73581e-05
49.5034388452 	 1.73591e-05
49.5416359431 	 1.73582e-05
49.579833041 	 1.7357e-05
49.6180301388 	 1.73563e-05
49.6562272367 	 1.73562e-05
49.6944243346 	 1.73556e-05
49.7326214325 	 1.73552e-05
49.7708185303 	 1.73548e-05
49.8090156282 	 1.73547e-05
49.8472127261 	 1.73549e-05
49.885409824 	 1.73552e-05
49.9236069218 	 1.73548e-05
49.9618040197 	 1.73552e-05
50.0000011176 	 1.73541e-05
