0.0 	 8.19898e-05
0.0792393044653 	 7.48461e-05
0.158478608931 	 0.00115628
0.237717913396 	 0.00350953
0.316957217861 	 0.00607327
0.396196522326 	 0.00154871
0.475435826792 	 0.00689386
0.554675131257 	 0.000400089
0.633914435722 	 0.00259625
0.713153740187 	 0.00423578
0.792393044653 	 0.00184149
0.871632349118 	 0.00120717
0.950871653583 	 0.00153967
1.03011095805 	 0.00178456
1.10935026251 	 0.00403749
1.18858956698 	 0.00192524
1.26782887144 	 0.0020466
1.34706817591 	 0.00611356
1.42630748037 	 0.00611041
1.50554678484 	 0.00429544
1.58478608931 	 0.00255191
1.66402539377 	 0.0125843
1.74326469824 	 0.0133933
1.8225040027 	 0.0243052
1.90174330717 	 0.0029648
1.98098261163 	 0.00806675
2.0602219161 	 0.00482086
2.13946122056 	 0.00360819
2.21870052503 	 0.0173818
2.29793982949 	 0.0298032
2.37717913396 	 0.032696
2.45641843842 	 0.0155692
2.53565774289 	 0.0279199
2.61489704735 	 0.0152759
2.69413635182 	 0.0306372
2.77337565628 	 0.0198082
2.85261496075 	 0.00607854
2.93185426522 	 0.0454184
3.01109356968 	 0.0819578
3.09033287415 	 0.0784111
3.16957217861 	 0.105667
3.24881148308 	 0.0828429
3.32805078754 	 0.0412603
3.40729009201 	 0.0806014
3.48652939647 	 0.0769264
3.56576870094 	 0.0764991
3.6450080054 	 0.11367
3.72424730987 	 0.0579913
3.80348661433 	 0.053687
3.8827259188 	 0.0479088
3.96196522326 	 0.0194858
4.04120452773 	 0.0287106
4.12044383219 	 0.00414456
4.19968313666 	 0.022869
4.27892244112 	 0.00856239
4.35816174559 	 0.00908175
4.43740105006 	 0.00994283
4.51664035452 	 0.0144119
4.59587965899 	 0.0118986
4.67511896345 	 0.0333572
4.75435826792 	 0.0170869
4.83359757238 	 0.0233818
4.91283687685 	 0.0337497
4.99207618131 	 0.0312532
5.07131548578 	 0.041109
5.15055479024 	 0.0482036
5.22979409471 	 0.0373269
5.30903339917 	 0.0260974
5.38827270364 	 0.0159015
5.4675120081 	 0.0251575
5.54675131257 	 0.0230735
5.62599061703 	 0.00914991
5.7052299215 	 0.0165021
5.78446922596 	 0.0172092
5.86370853043 	 0.0281274
5.9429478349 	 0.0122893
6.02218713936 	 0.0101456
6.10142644383 	 0.0090243
6.18066574829 	 0.00987248
6.25990505276 	 0.00781573
6.33914435722 	 0.0100974
6.41838366169 	 0.0162421
6.49762296615 	 0.00742154
6.57686227062 	 0.0126538
6.65610157508 	 0.00913902
6.73534087955 	 0.00712736
6.81458018401 	 0.0118177
6.89381948848 	 0.00680352
6.97305879294 	 0.0114218
7.05229809741 	 0.00138826
7.13153740187 	 0.0103207
7.21077670634 	 0.00746331
7.29001601081 	 0.00513701
7.36925531527 	 0.00575771
7.44849461974 	 0.00986664
7.5277339242 	 0.0145097
7.60697322867 	 0.0125163
7.68621253313 	 0.0157348
7.7654518376 	 0.00233086
7.84469114206 	 0.0122463
7.92393044653 	 0.0198239
8.00316975099 	 0.00591003
8.08240905546 	 0.0176156
8.16164835992 	 0.00878852
8.24088766439 	 0.0154643
8.32012696885 	 0.00460466
8.39936627332 	 0.0118178
8.47860557778 	 0.00836448
8.55784488225 	 0.00572166
8.63708418671 	 0.00236316
8.71632349118 	 0.001156
8.79556279565 	 0.0109219
8.87480210011 	 0.0137292
8.95404140458 	 0.0182903
9.03328070904 	 0.0149038
9.11252001351 	 0.0155636
9.19175931797 	 0.0163149
9.27099862244 	 0.00863148
9.3502379269 	 0.00169697
9.42947723137 	 0.01088
9.50871653583 	 0.0132044
9.5879558403 	 0.00324804
9.66719514476 	 0.00877149
9.74643444923 	 0.0182067
9.82567375369 	 0.0125766
9.90491305816 	 0.0100689
9.98415236262 	 0.0145079
10.0633916671 	 0.0213901
10.1426309716 	 0.0180541
10.221870276 	 0.0238261
10.3011095805 	 0.0127109
10.380348885 	 0.00287942
10.4595881894 	 0.00396404
10.5388274939 	 0.00629328
10.6180667983 	 0.0100779
10.6973061028 	 0.0136102
10.7765454073 	 0.00492247
10.8557847117 	 0.0110535
10.9350240162 	 0.0134797
11.0142633207 	 0.00619164
11.0935026251 	 0.0120378
11.1727419296 	 0.00796938
11.2519812341 	 0.00406493
11.3312205385 	 0.00389389
11.410459843 	 0.00420701
11.4896991475 	 0.0124281
11.5689384519 	 0.00688982
11.6481777564 	 0.00215802
11.7274170609 	 0.00912696
11.8066563653 	 0.0124083
11.8858956698 	 0.00982025
11.9651349743 	 0.0100905
12.0443742787 	 0.00855453
12.1236135832 	 0.00828459
12.2028528877 	 0.00833543
12.2820921921 	 0.00821128
12.3613314966 	 0.00485099
12.440570801 	 0.0031968
12.5198101055 	 0.00326997
12.59904941 	 0.00523108
12.6782887144 	 0.00649522
12.7575280189 	 0.00191178
12.8367673234 	 0.00611306
12.9160066278 	 0.00338224
12.9952459323 	 0.00316256
13.0744852368 	 0.00502754
13.1537245412 	 0.00729645
13.2329638457 	 0.00394105
13.3122031502 	 0.00125342
13.3914424546 	 0.00308908
13.4706817591 	 0.00427479
13.5499210636 	 0.000643948
13.629160368 	 0.00143558
13.7083996725 	 0.00224565
13.787638977 	 0.00326772
13.8668782814 	 0.00154564
13.9461175859 	 0.002064
14.0253568904 	 0.00100006
14.1045961948 	 0.00305041
14.1838354993 	 0.00336288
14.2630748037 	 0.000686627
14.3423141082 	 0.00351502
14.4215534127 	 0.00280425
14.5007927171 	 0.00409038
14.5800320216 	 0.00327621
14.6592713261 	 0.00281132
14.7385106305 	 0.00101371
14.817749935 	 0.0018125
14.8969892395 	 0.00116836
14.9762285439 	 0.00228912
15.0554678484 	 0.00188314
15.1347071529 	 0.00216268
15.2139464573 	 0.00117477
15.2931857618 	 0.00203144
15.3724250663 	 0.00214089
15.4516643707 	 0.00184013
15.5309036752 	 0.00130578
15.6101429797 	 0.000550773
15.6893822841 	 0.00042227
15.7686215886 	 0.00134638
15.8478608931 	 0.00158623
15.9271001975 	 0.00142871
16.006339502 	 0.00159813
16.0855788065 	 0.000508029
16.1648181109 	 0.000644374
16.2440574154 	 0.000479303
16.3232967198 	 0.00119022
16.4025360243 	 0.00137768
16.4817753288 	 0.000645493
16.5610146332 	 0.00128357
16.6402539377 	 0.000681531
16.7194932422 	 0.00121928
16.7987325466 	 0.00119761
16.8779718511 	 0.00062194
16.9572111556 	 0.000381021
17.03645046 	 0.000736667
17.1156897645 	 0.000839455
17.194929069 	 0.000124
17.2741683734 	 0.000918408
17.3534076779 	 0.000694602
17.4326469824 	 0.000253826
17.5118862868 	 0.000396193
17.5911255913 	 0.000498526
17.6703648958 	 0.000322908
17.7496042002 	 0.000554539
17.8288435047 	 0.000360185
17.9080828092 	 0.000216956
17.9873221136 	 0.000855361
18.0665614181 	 0.000444189
18.1458007225 	 0.00106637
18.225040027 	 0.00119903
18.3042793315 	 0.000481699
18.3835186359 	 0.000638775
18.4627579404 	 0.00107293
18.5419972449 	 0.000593119
18.6212365493 	 0.000174657
18.7004758538 	 0.000124932
18.7797151583 	 0.000482721
18.8589544627 	 0.000352285
18.9381937672 	 0.000455887
19.0174330717 	 0.00054207
19.0966723761 	 0.000502605
19.1759116806 	 0.000269608
19.2551509851 	 0.000435928
19.3343902895 	 0.000596643
19.413629594 	 0.000303146
19.4928688985 	 0.000270643
19.5721082029 	 0.000173395
19.6513475074 	 0.000370274
19.7305868119 	 0.000221185
19.8098261163 	 0.000176584
19.8890654208 	 0.000419306
19.9683047252 	 0.000303794
20.0475440297 	 0.00028533
20.1267833342 	 0.000198868
20.2060226386 	 0.000528836
20.2852619431 	 0.000369678
20.3645012476 	 0.000274574
20.443740552 	 8.0351e-05
20.5229798565 	 0.00043949
20.602219161 	 0.000290668
20.6814584654 	 7.2178e-05
20.7606977699 	 0.000216619
20.8399370744 	 0.000251364
20.9191763788 	 0.000413478
20.9984156833 	 0.000326496
21.0776549878 	 0.000235468
21.1568942922 	 0.00020589
21.2361335967 	 0.000184806
21.3153729012 	 0.00026578
21.3946122056 	 0.000332781
21.4738515101 	 0.000323954
21.5530908146 	 0.000147738
21.632330119 	 6.41547e-05
21.7115694235 	 0.000261998
21.790808728 	 0.000284881
21.8700480324 	 0.00026009
21.9492873369 	 0.000260699
22.0285266413 	 0.000415815
22.1077659458 	 0.000259512
22.1870052503 	 0.000100539
22.2662445547 	 0.000107009
22.3454838592 	 0.000173678
22.4247231637 	 0.000267436
22.5039624681 	 0.000360335
22.5832017726 	 0.000309917
22.6624410771 	 0.000179847
22.7416803815 	 0.000236351
22.820919686 	 0.00021485
22.9001589905 	 0.000181146
22.9793982949 	 1.83638e-05
23.0586375994 	 0.000142468
23.1378769039 	 0.000251978
23.2171162083 	 0.000280387
23.2963555128 	 0.000280415
23.3755948173 	 0.000131035
23.4548341217 	 9.98863e-05
23.5340734262 	 5.58864e-05
23.6133127307 	 0.00010465
23.6925520351 	 6.5184e-05
23.7717913396 	 3.72038e-05
23.851030644 	 0.000101168
23.9302699485 	 7.76186e-05
24.009509253 	 0.000118846
24.0887485574 	 7.40613e-05
24.1679878619 	 8.0077e-05
24.2472271664 	 0.000130672
24.3264664708 	 2.53073e-05
24.4057057753 	 4.49145e-05
24.4849450798 	 9.66417e-05
24.5641843842 	 0.000184275
24.6434236887 	 0.000175731
24.7226629932 	 0.000160644
24.8019022976 	 0.000131775
24.8811416021 	 5.67564e-05
24.9603809066 	 8.9126e-05
25.039620211 	 5.30581e-05
25.1188595155 	 5.84937e-05
25.19809882 	 9.38363e-05
25.2773381244 	 2.91889e-05
25.3565774289 	 3.06993e-05
25.4358167334 	 6.99819e-06
25.5150560378 	 4.57191e-05
25.5942953423 	 5.52443e-05
25.6735346467 	 2.10331e-05
25.7527739512 	 1.99092e-05
25.8320132557 	 1.85323e-05
25.9112525601 	 5.00378e-07
25.9904918646 	 3.58193e-05
26.0697311691 	 4.91469e-05
26.1489704735 	 1.70369e-05
26.228209778 	 6.86762e-05
26.3074490825 	 9.88877e-05
26.3866883869 	 7.36347e-05
26.4659276914 	 4.70604e-05
26.5451669959 	 8.73275e-05
26.6244063003 	 4.29991e-05
26.7036456048 	 1.94126e-05
26.7828849093 	 2.40661e-05
26.8621242137 	 8.13625e-06
26.9413635182 	 3.83966e-05
27.0206028227 	 3.36227e-05
27.0998421271 	 2.74699e-05
27.1790814316 	 5.83372e-05
27.2583207361 	 2.16323e-05
27.3375600405 	 3.27588e-05
27.416799345 	 2.21593e-05
27.4960386494 	 3.02842e-05
27.5752779539 	 4.57644e-05
27.6545172584 	 3.49393e-05
27.7337565628 	 4.28263e-05
27.8129958673 	 2.45901e-05
27.8922351718 	 2.97297e-05
27.9714744762 	 2.05134e-05
28.0507137807 	 2.08096e-05
28.1299530852 	 1.982e-05
28.2091923896 	 2.13786e-05
28.2884316941 	 1.73294e-05
28.3676709986 	 2.00448e-05
28.446910303 	 3.31166e-05
28.5261496075 	 3.34546e-05
28.605388912 	 2.76506e-05
28.6846282164 	 3.05383e-05
28.7638675209 	 3.81069e-05
28.8431068254 	 3.10948e-05
28.9223461298 	 3.0703e-05
29.0015854343 	 2.96542e-05
29.0808247388 	 1.93755e-05
29.1600640432 	 2.31737e-05
29.2393033477 	 3.21501e-05
29.3185426522 	 4.193e-05
29.3977819566 	 2.39479e-05
29.4770212611 	 2.3833e-05
29.5562605655 	 1.6817e-05
29.63549987 	 2.46717e-05
29.7147391745 	 3.40974e-05
29.7939784789 	 2.39549e-05
29.8732177834 	 2.48218e-05
29.9524570879 	 3.13267e-05
30.0316963923 	 3.06042e-05
30.1109356968 	 3.36635e-05
30.1901750013 	 1.8604e-05
30.2694143057 	 2.60306e-05
30.3486536102 	 1.83215e-05
30.4278929147 	 2.32675e-05
30.5071322191 	 1.90619e-05
30.5863715236 	 2.44207e-05
30.6656108281 	 2.91347e-05
30.7448501325 	 2.68309e-05
30.824089437 	 2.9113e-05
30.9033287415 	 2.41317e-05
30.9825680459 	 2.30666e-05
31.0618073504 	 2.48023e-05
31.1410466549 	 2.67146e-05
31.2202859593 	 3.28097e-05
31.2995252638 	 3.05945e-05
31.3787645682 	 2.2587e-05
31.4580038727 	 2.31013e-05
31.5372431772 	 2.09252e-05
31.6164824816 	 2.46092e-05
31.6957217861 	 2.73028e-05
31.7749610906 	 2.44946e-05
31.854200395 	 2.33204e-05
31.9334396995 	 2.56959e-05
32.012679004 	 2.59214e-05
32.0919183084 	 2.4077e-05
32.1711576129 	 2.69185e-05
32.2503969174 	 2.77474e-05
32.3296362218 	 2.44351e-05
32.4088755263 	 2.60323e-05
32.4881148308 	 2.56097e-05
32.5673541352 	 2.38702e-05
32.6465934397 	 2.56331e-05
32.7258327442 	 2.55461e-05
32.8050720486 	 2.40604e-05
32.8843113531 	 2.43481e-05
32.9635506576 	 2.44305e-05
33.042789962 	 2.38311e-05
33.1220292665 	 2.32427e-05
33.2012685709 	 2.36511e-05
33.2805078754 	 2.25436e-05
33.3597471799 	 2.49521e-05
33.4389864843 	 2.46733e-05
33.5182257888 	 2.45616e-05
33.5974650933 	 2.24733e-05
33.6767043977 	 2.39667e-05
33.7559437022 	 2.33514e-05
33.8351830067 	 2.36059e-05
33.9144223111 	 2.42003e-05
33.9936616156 	 2.44542e-05
34.0729009201 	 2.29873e-05
34.1521402245 	 2.35688e-05
34.231379529 	 2.4528e-05
34.3106188335 	 2.48996e-05
34.3898581379 	 2.60248e-05
34.4690974424 	 2.38126e-05
34.5483367469 	 2.41871e-05
34.6275760513 	 2.41773e-05
34.7068153558 	 2.25519e-05
34.7860546603 	 2.28739e-05
34.8652939647 	 2.38208e-05
34.9445332692 	 2.3276e-05
35.0237725737 	 2.32528e-05
35.1030118781 	 2.37056e-05
35.1822511826 	 2.43617e-05
35.261490487 	 2.39921e-05
35.3407297915 	 2.41592e-05
35.419969096 	 2.39512e-05
35.4992084004 	 2.28162e-05
35.5784477049 	 2.28605e-05
35.6576870094 	 2.38816e-05
35.7369263138 	 2.34219e-05
35.8161656183 	 2.3825e-05
35.8954049228 	 2.32863e-05
35.9746442272 	 2.29806e-05
36.0538835317 	 2.33187e-05
36.1331228362 	 2.27742e-05
36.2123621406 	 2.33041e-05
36.2916014451 	 2.30124e-05
36.3708407496 	 2.27441e-05
36.450080054 	 2.31357e-05
36.5293193585 	 2.31985e-05
36.608558663 	 2.32589e-05
36.6877979674 	 2.35555e-05
36.7670372719 	 2.32549e-05
36.8462765764 	 2.31309e-05
36.9255158808 	 2.33977e-05
37.0047551853 	 2.30438e-05
37.0839944897 	 2.30574e-05
37.1632337942 	 2.28142e-05
37.2424730987 	 2.2668e-05
37.3217124031 	 2.2759e-05
37.4009517076 	 2.28123e-05
37.4801910121 	 2.31166e-05
37.5594303165 	 2.28298e-05
37.638669621 	 2.31286e-05
37.7179089255 	 2.28321e-05
37.7971482299 	 2.29333e-05
37.8763875344 	 2.27235e-05
37.9556268389 	 2.27679e-05
38.0348661433 	 2.28688e-05
38.1141054478 	 2.27283e-05
38.1933447523 	 2.26075e-05
38.2725840567 	 2.28101e-05
38.3518233612 	 2.25853e-05
38.4310626657 	 2.24301e-05
38.5103019701 	 2.2463e-05
38.5895412746 	 2.26761e-05
38.6687805791 	 2.25138e-05
38.7480198835 	 2.26728e-05
38.827259188 	 2.26766e-05
38.9064984924 	 2.2497e-05
38.9857377969 	 2.24676e-05
39.0649771014 	 2.26276e-05
39.1442164058 	 2.24216e-05
39.2234557103 	 2.25067e-05
39.3026950148 	 2.24593e-05
39.3819343192 	 2.23983e-05
39.4611736237 	 2.23594e-05
39.5404129282 	 2.24203e-05
39.6196522326 	 2.23652e-05
39.6988915371 	 2.23762e-05
39.7781308416 	 2.23815e-05
39.857370146 	 2.23032e-05
39.9366094505 	 2.23342e-05
40.015848755 	 2.23502e-05
40.0950880594 	 2.23274e-05
40.1743273639 	 2.23012e-05
40.2535666684 	 2.23442e-05
40.3328059728 	 2.223e-05
40.4120452773 	 2.22248e-05
40.4912845818 	 2.2243e-05
40.5705238862 	 2.21899e-05
40.6497631907 	 2.21718e-05
40.7290024952 	 2.21589e-05
40.8082417996 	 2.21345e-05
40.8874811041 	 2.2136e-05
40.9667204085 	 2.2102e-05
41.045959713 	 2.21334e-05
41.1251990175 	 2.21152e-05
41.2044383219 	 2.21039e-05
41.2836776264 	 2.20738e-05
41.3629169309 	 2.20466e-05
41.4421562353 	 2.20888e-05
41.5213955398 	 2.20449e-05
41.6006348443 	 2.20078e-05
41.6798741487 	 2.19909e-05
41.7591134532 	 2.19874e-05
41.8383527577 	 2.19927e-05
41.9175920621 	 2.19416e-05
41.9968313666 	 2.19469e-05
42.0760706711 	 2.19714e-05
42.1553099755 	 2.19144e-05
42.23454928 	 2.19153e-05
42.3137885845 	 2.19017e-05
42.3930278889 	 2.18839e-05
42.4722671934 	 2.18732e-05
42.5515064979 	 2.18677e-05
42.6307458023 	 2.18612e-05
42.7099851068 	 2.18552e-05
42.7892244112 	 2.1846e-05
42.8684637157 	 2.18439e-05
42.9477030202 	 2.18221e-05
43.0269423246 	 2.18173e-05
43.1061816291 	 2.1803e-05
43.1854209336 	 2.17674e-05
43.264660238 	 2.17828e-05
43.3438995425 	 2.17623e-05
43.423138847 	 2.17611e-05
43.5023781514 	 2.17447e-05
43.5816174559 	 2.17321e-05
43.6608567604 	 2.17314e-05
43.7400960648 	 2.17177e-05
43.8193353693 	 2.17099e-05
43.8985746738 	 2.17031e-05
43.9778139782 	 2.16796e-05
44.0570532827 	 2.16807e-05
44.1362925872 	 2.16697e-05
44.2155318916 	 2.16659e-05
44.2947711961 	 2.16623e-05
44.3740105006 	 2.1649e-05
44.453249805 	 2.16403e-05
44.5324891095 	 2.1631e-05
44.6117284139 	 2.16205e-05
44.6909677184 	 2.16094e-05
44.7702070229 	 2.15985e-05
44.8494463273 	 2.16033e-05
44.9286856318 	 2.15947e-05
45.0079249363 	 2.15842e-05
45.0871642407 	 2.15799e-05
45.1664035452 	 2.15711e-05
45.2456428497 	 2.1566e-05
45.3248821541 	 2.15542e-05
45.4041214586 	 2.15479e-05
45.4833607631 	 2.15424e-05
45.5626000675 	 2.15355e-05
45.641839372 	 2.15293e-05
45.7210786765 	 2.15235e-05
45.8003179809 	 2.1514e-05
45.8795572854 	 2.15105e-05
45.9587965899 	 2.15049e-05
46.0380358943 	 2.14987e-05
46.1172751988 	 2.14925e-05
46.1965145033 	 2.14863e-05
46.2757538077 	 2.14817e-05
46.3549931122 	 2.14785e-05
46.4342324166 	 2.14693e-05
46.5134717211 	 2.14656e-05
46.5927110256 	 2.14609e-05
46.67195033 	 2.14573e-05
46.7511896345 	 2.14517e-05
46.830428939 	 2.14465e-05
46.9096682434 	 2.14423e-05
46.9889075479 	 2.14366e-05
47.0681468524 	 2.14331e-05
47.1473861568 	 2.14292e-05
47.2266254613 	 2.14246e-05
47.3058647658 	 2.14204e-05
47.3851040702 	 2.14157e-05
47.4643433747 	 2.14122e-05
47.5435826792 	 2.14081e-05
47.6228219836 	 2.14049e-05
47.7020612881 	 2.14e-05
47.7813005926 	 2.13976e-05
47.860539897 	 2.13937e-05
47.9397792015 	 2.13907e-05
48.019018506 	 2.13866e-05
48.0982578104 	 2.13844e-05
48.1774971149 	 2.13822e-05
48.2567364194 	 2.13805e-05
48.3359757238 	 2.13775e-05
48.4152150283 	 2.13757e-05
48.4944543327 	 2.13738e-05
48.5736936372 	 2.13716e-05
48.6529329417 	 2.13692e-05
48.7321722461 	 2.13674e-05
48.8114115506 	 2.13651e-05
48.8906508551 	 2.1364e-05
48.9698901595 	 2.13617e-05
49.049129464 	 2.13601e-05
49.1283687685 	 2.13592e-05
49.2076080729 	 2.13577e-05
49.2868473774 	 2.13563e-05
49.3660866819 	 2.13556e-05
49.4453259863 	 2.13541e-05
49.5245652908 	 2.13535e-05
49.6038045953 	 2.13527e-05
49.6830438997 	 2.13528e-05
49.7622832042 	 2.13518e-05
49.8415225087 	 2.1351e-05
49.9207618131 	 2.13507e-05
50.0000011176 	 2.13508e-05
