0.0 	 1.53568e-05
0.0679347841272 	 0.000182029
0.135869568254 	 0.00165652
0.203804352381 	 0.00368407
0.271739136509 	 0.000839739
0.339673920636 	 0.00477247
0.407608704763 	 0.00356626
0.47554348889 	 0.00302422
0.543478273017 	 0.00149413
0.611413057144 	 0.00257729
0.679347841272 	 0.00321499
0.747282625399 	 0.00234008
0.815217409526 	 0.00230195
0.883152193653 	 0.00277437
0.95108697778 	 0.00151564
1.01902176191 	 0.0051429
1.08695654603 	 0.0095028
1.15489133016 	 0.00780112
1.22282611429 	 0.00216929
1.29076089842 	 0.00442214
1.35869568254 	 0.00510381
1.42663046667 	 0.00610742
1.4945652508 	 0.00569786
1.56250003492 	 0.00398226
1.63043481905 	 0.00622104
1.69836960318 	 0.00696803
1.76630438731 	 0.00482717
1.83423917143 	 0.00768897
1.90217395556 	 0.00739256
1.97010873969 	 0.00977168
2.03804352381 	 0.00524008
2.10597830794 	 0.00247816
2.17391309207 	 0.00621704
2.2418478762 	 0.00257865
2.30978266032 	 0.00228533
2.37771744445 	 0.00051354
2.44565222858 	 0.00567253
2.5135870127 	 0.00700311
2.58152179683 	 0.00262065
2.64945658096 	 0.00595966
2.71739136509 	 0.00162063
2.78532614921 	 0.0136112
2.85326093334 	 0.0168105
2.92119571747 	 0.00486062
2.98913050159 	 0.00605411
3.05706528572 	 0.0171689
3.12500006985 	 0.014821
3.19293485398 	 0.0213069
3.2608696381 	 0.0173028
3.32880442223 	 0.0149841
3.39673920636 	 0.0399166
3.46467399048 	 0.0248015
3.53260877461 	 0.0338704
3.60054355874 	 0.0393491
3.66847834287 	 0.036563
3.73641312699 	 0.0294636
3.80434791112 	 0.0351699
3.87228269525 	 0.00854509
3.94021747938 	 0.01654
4.0081522635 	 0.0167402
4.07608704763 	 0.0128294
4.14402183176 	 0.00823633
4.21195661588 	 0.00416123
4.27989140001 	 0.00423721
4.34782618414 	 0.00350891
4.41576096827 	 0.00098907
4.48369575239 	 0.00386203
4.55163053652 	 0.00673601
4.61956532065 	 0.00330836
4.68750010477 	 0.00344704
4.7554348889 	 0.00482882
4.82336967303 	 0.00103139
4.89130445716 	 0.0043325
4.95923924128 	 0.00595402
5.02717402541 	 0.0101614
5.09510880954 	 0.00251497
5.16304359366 	 0.00362404
5.23097837779 	 0.000986548
5.29891316192 	 0.00477538
5.36684794605 	 0.00214334
5.43478273017 	 0.00591339
5.5027175143 	 0.00182252
5.57065229843 	 0.00289432
5.63858708255 	 0.00277748
5.70652186668 	 0.00233782
5.77445665081 	 0.00405923
5.84239143494 	 0.00175175
5.91032621906 	 0.00157274
5.97826100319 	 0.00210576
6.04619578732 	 0.00107324
6.11413057144 	 0.00243993
6.18206535557 	 0.0037139
6.2500001397 	 0.00080215
6.31793492383 	 0.0039353
6.38586970795 	 0.00328109
6.45380449208 	 0.000402467
6.52173927621 	 0.00148255
6.58967406033 	 0.00236297
6.65760884446 	 0.00104651
6.72554362859 	 0.00295526
6.79347841272 	 0.0010648
6.86141319684 	 0.00188769
6.92934798097 	 0.00234983
6.9972827651 	 0.000135664
7.06521754922 	 0.00201374
7.13315233335 	 0.00227728
7.20108711748 	 0.00302882
7.26902190161 	 0.00323178
7.33695668573 	 0.000923863
7.40489146986 	 0.00145394
7.47282625399 	 0.00186711
7.54076103811 	 0.00247952
7.60869582224 	 0.00151343
7.67663060637 	 0.00169546
7.7445653905 	 0.000805222
7.81250017462 	 0.000129295
7.88043495875 	 0.00135833
7.94836974288 	 0.00163013
8.016304527 	 0.00287037
8.08423931113 	 0.00134762
8.15217409526 	 0.00361449
8.22010887939 	 0.00240983
8.28804366351 	 0.00307034
8.35597844764 	 0.00176969
8.42391323177 	 0.00148341
8.49184801589 	 0.00285636
8.55978280002 	 0.00237623
8.62771758415 	 0.00143506
8.69565236828 	 0.000520285
8.7635871524 	 0.00227825
8.83152193653 	 0.00153186
8.89945672066 	 0.000864527
8.96739150478 	 0.00154987
9.03532628891 	 0.00218674
9.10326107304 	 0.00116343
9.17119585717 	 0.00190462
9.23913064129 	 0.00110508
9.30706542542 	 0.00206873
9.37500020955 	 0.0013885
9.44293499367 	 0.00225611
9.5108697778 	 0.00253646
9.57880456193 	 0.000220841
9.64673934606 	 0.00115588
9.71467413018 	 0.00128343
9.78260891431 	 0.00145655
9.85054369844 	 0.00161292
9.91847848256 	 0.000552984
9.98641326669 	 0.000743734
10.0543480508 	 0.00138017
10.1222828349 	 0.00312268
10.1902176191 	 0.00171328
10.2581524032 	 0.00119924
10.3260871873 	 0.00140213
10.3940219715 	 0.00483153
10.4619567556 	 0.00420361
10.5298915397 	 0.00432893
10.5978263238 	 0.00155777
10.665761108 	 0.00125816
10.7336958921 	 0.0028541
10.8016306762 	 0.000918645
10.8695654603 	 0.00123912
10.9375002445 	 0.00156245
11.0054350286 	 0.00504416
11.0733698127 	 0.00578454
11.1413045969 	 0.00557223
11.209239381 	 0.00243774
11.2771741651 	 0.000767174
11.3451089492 	 0.00332365
11.4130437334 	 0.000913568
11.4809785175 	 0.00366258
11.5489133016 	 0.000742503
11.6168480857 	 0.000297857
11.6847828699 	 0.00226237
11.752717654 	 0.001028
11.8206524381 	 0.00256764
11.8885872223 	 0.00214139
11.9565220064 	 0.000914298
12.0244567905 	 0.0021082
12.0923915746 	 0.00134051
12.1603263588 	 0.00182121
12.2282611429 	 0.00131237
12.296195927 	 0.00123823
12.3641307111 	 0.00255713
12.4320654953 	 0.00156698
12.5000002794 	 0.00089176
12.5679350635 	 0.00169395
12.6358698477 	 0.00120263
12.7038046318 	 0.00120282
12.7717394159 	 0.00114102
12.8396742 	 0.000380394
12.9076089842 	 0.000638167
12.9755437683 	 0.000557756
13.0434785524 	 0.000962784
13.1114133365 	 0.000526002
13.1793481207 	 0.000673528
13.2472829048 	 0.000194975
13.3152176889 	 0.000244407
13.383152473 	 0.000835855
13.4510872572 	 0.00101998
13.5190220413 	 0.000801547
13.5869568254 	 0.00124984
13.6548916096 	 0.00129382
13.7228263937 	 0.000232457
13.7907611778 	 0.000693524
13.8586959619 	 0.000775162
13.9266307461 	 0.000658986
13.9945655302 	 0.000519432
14.0625003143 	 0.000742642
14.1304350984 	 0.000601042
14.1983698826 	 0.000445641
14.2663046667 	 0.000410864
14.3342394508 	 0.000635959
14.402174235 	 0.000391077
14.4701090191 	 0.000295476
14.5380438032 	 0.000323613
14.6059785873 	 0.000481681
14.6739133715 	 0.000346602
14.7418481556 	 0.00036049
14.8097829397 	 0.000646975
14.8777177238 	 0.000496969
14.945652508 	 0.000663495
15.0135872921 	 0.000759527
15.0815220762 	 0.0007712
15.1494568604 	 0.000158579
15.2173916445 	 0.000292822
15.2853264286 	 0.000305921
15.3532612127 	 0.000339967
15.4211959969 	 0.000447043
15.489130781 	 0.000376837
15.5570655651 	 0.000216045
15.6250003492 	 0.000245798
15.6929351334 	 0.000387973
15.7608699175 	 0.000349937
15.8288047016 	 0.000261844
15.8967394858 	 0.000204574
15.9646742699 	 0.000640208
16.032609054 	 0.000726804
16.1005438381 	 0.000614544
16.1684786223 	 0.000471238
16.2364134064 	 0.000251334
16.3043481905 	 0.000495221
16.3722829746 	 0.00011407
16.4402177588 	 0.000144962
16.5081525429 	 7.5856e-05
16.576087327 	 0.00022654
16.6440221112 	 0.000336849
16.7119568953 	 0.000456369
16.7798916794 	 0.000141773
16.8478264635 	 0.000163681
16.9157612477 	 0.000479388
16.9836960318 	 0.000383878
17.0516308159 	 0.000435094
17.1195656 	 0.000430192
17.1875003842 	 0.000447681
17.2554351683 	 0.00048222
17.3233699524 	 0.000108114
17.3913047366 	 0.00026511
17.4592395207 	 9.99075e-05
17.5271743048 	 0.000391036
17.5951090889 	 0.000159869
17.6630438731 	 0.000130233
17.7309786572 	 0.000125941
17.7989134413 	 0.000327462
17.8668482254 	 0.00024529
17.9347830096 	 0.000388537
18.0027177937 	 0.000185488
18.0706525778 	 0.00048394
18.138587362 	 0.000300917
18.2065221461 	 0.000204732
18.2744569302 	 0.000166335
18.3423917143 	 0.000309396
18.4103264985 	 0.000247638
18.4782612826 	 5.29405e-05
18.5461960667 	 0.000121595
18.6141308508 	 0.000276748
18.682065635 	 0.00013427
18.7500004191 	 0.000451523
18.8179352032 	 0.000309737
18.8858699873 	 0.000295785
18.9538047715 	 0.000228779
19.0217395556 	 0.000116309
19.0896743397 	 0.000154647
19.1576091239 	 0.000181693
19.225543908 	 0.00022913
19.2934786921 	 4.23919e-05
19.3614134762 	 0.000221121
19.4293482604 	 0.000154951
19.4972830445 	 0.000230083
19.5652178286 	 0.0001503
19.6331526127 	 9.72018e-05
19.7010873969 	 0.000139742
19.769022181 	 0.000146259
19.8369569651 	 0.000160619
19.9048917493 	 0.000249206
19.9728265334 	 0.000269695
20.0407613175 	 0.000112674
20.1086961016 	 6.15051e-05
20.1766308858 	 0.000142148
20.2445656699 	 0.000178903
20.312500454 	 0.000115465
20.3804352381 	 8.96207e-05
20.4483700223 	 3.59514e-05
20.5163048064 	 3.81593e-05
20.5842395905 	 7.71435e-05
20.6521743747 	 1.12147e-05
20.7201091588 	 0.00019372
20.7880439429 	 0.000278647
20.855978727 	 0.00031692
20.9239135112 	 9.16734e-05
20.9918482953 	 0.000185488
21.0597830794 	 0.000101467
21.1277178635 	 0.000100247
21.1956526477 	 0.000208656
21.2635874318 	 6.67511e-05
21.3315222159 	 8.24664e-05
21.3994570001 	 0.000203759
21.4673917842 	 0.000126586
21.5353265683 	 0.000180538
21.6032613524 	 0.000100019
21.6711961366 	 4.96065e-05
21.7391309207 	 0.000137339
21.8070657048 	 0.000120207
21.8750004889 	 8.59982e-05
21.9429352731 	 0.000108615
22.0108700572 	 8.94172e-05
22.0788048413 	 0.000106133
22.1467396255 	 6.28779e-05
22.2146744096 	 0.000120193
22.2826091937 	 0.000170287
22.3505439778 	 2.61077e-05
22.418478762 	 0.000101553
22.4864135461 	 1.73872e-05
22.5543483302 	 7.37725e-05
22.6222831143 	 0.000115394
22.6902178985 	 0.000118444
22.7581526826 	 0.00013175
22.8260874667 	 0.000133532
22.8940222509 	 7.49803e-05
22.961957035 	 0.000109511
23.0298918191 	 0.000103056
23.0978266032 	 5.97507e-05
23.1657613874 	 8.26688e-05
23.2336961715 	 6.42819e-05
23.3016309556 	 5.46526e-05
23.3695657397 	 5.67612e-05
23.4375005239 	 0.000104593
23.505435308 	 0.000115035
23.5733700921 	 2.31785e-05
23.6413048763 	 7.90371e-05
23.7092396604 	 0.00012671
23.7771744445 	 3.67471e-05
23.8451092286 	 0.000106844
23.9130440128 	 9.05902e-05
23.9809787969 	 5.48212e-05
24.048913581 	 8.89573e-05
24.1168483651 	 3.68101e-05
24.1847831493 	 8.8795e-05
24.2527179334 	 0.000105325
24.3206527175 	 2.88288e-05
24.3885875016 	 0.000132356
24.4565222858 	 0.000122266
24.5244570699 	 7.5173e-05
24.592391854 	 0.00013297
24.6603266382 	 7.70597e-05
24.7282614223 	 0.000100203
24.7961962064 	 7.59932e-05
24.8641309905 	 8.56648e-05
24.9320657747 	 6.44593e-05
25.0000005588 	 5.15406e-05
25.0679353429 	 7.79928e-05
25.135870127 	 6.26275e-05
25.2038049112 	 7.07868e-05
25.2717396953 	 8.30447e-05
25.3396744794 	 5.05962e-05
25.4076092636 	 6.93689e-05
25.4755440477 	 7.11169e-05
25.5434788318 	 7.2009e-05
25.6114136159 	 6.68027e-05
25.6793484001 	 8.12565e-05
25.7472831842 	 5.20941e-05
25.8152179683 	 6.77752e-05
25.8831527524 	 9.734e-05
25.9510875366 	 9.21885e-05
26.0190223207 	 6.83611e-05
26.0869571048 	 7.5874e-05
26.154891889 	 6.16379e-05
26.2228266731 	 7.78156e-05
26.2907614572 	 5.4703e-05
26.3586962413 	 4.40079e-05
26.4266310255 	 6.2846e-05
26.4945658096 	 8.38317e-05
26.5625005937 	 5.55926e-05
26.6304353778 	 8.82434e-05
26.698370162 	 8.35766e-05
26.7663049461 	 5.45649e-05
26.8342397302 	 4.2493e-05
26.9021745144 	 8.79489e-05
26.9701092985 	 8.42624e-05
27.0380440826 	 6.82064e-05
27.1059788667 	 6.91928e-05
27.1739136509 	 7.19713e-05
27.241848435 	 5.58445e-05
27.3097832191 	 6.97017e-05
27.3777180032 	 6.02397e-05
27.4456527874 	 7.13908e-05
27.5135875715 	 4.06723e-05
27.5815223556 	 5.5141e-05
27.6494571398 	 0.000103397
27.7173919239 	 7.63701e-05
27.785326708 	 7.13922e-05
27.8532614921 	 6.74102e-05
27.9211962763 	 7.32503e-05
27.9891310604 	 6.86234e-05
28.0570658445 	 5.79369e-05
28.1250006286 	 7.63536e-05
28.1929354128 	 3.2679e-05
28.2608701969 	 6.57976e-05
28.328804981 	 7.90877e-05
28.3967397652 	 5.58649e-05
28.4646745493 	 6.1502e-05
28.5326093334 	 5.09198e-05
28.6005441175 	 7.66536e-05
28.6684789017 	 8.32024e-05
28.7364136858 	 7.12487e-05
28.8043484699 	 4.98326e-05
28.872283254 	 4.76808e-05
28.9402180382 	 6.90764e-05
29.0081528223 	 9.23021e-05
29.0760876064 	 7.41124e-05
29.1440223906 	 6.12429e-05
29.2119571747 	 6.67047e-05
29.2798919588 	 6.73964e-05
29.3478267429 	 5.61149e-05
29.4157615271 	 5.84394e-05
29.4836963112 	 5.96703e-05
29.5516310953 	 4.80349e-05
29.6195658794 	 6.19307e-05
29.6875006636 	 6.0972e-05
29.7554354477 	 6.26813e-05
29.8233702318 	 5.92412e-05
29.8913050159 	 6.55533e-05
29.9592398001 	 5.52468e-05
30.0271745842 	 6.77431e-05
30.0951093683 	 5.42773e-05
30.1630441525 	 6.40786e-05
30.2309789366 	 6.28233e-05
30.2989137207 	 5.64761e-05
30.3668485048 	 5.95372e-05
30.434783289 	 6.04935e-05
30.5027180731 	 6.75285e-05
30.5706528572 	 5.99897e-05
30.6385876413 	 6.12332e-05
30.7065224255 	 6.42381e-05
30.7744572096 	 4.76854e-05
30.8423919937 	 5.77806e-05
30.9103267779 	 5.65389e-05
30.978261562 	 5.54344e-05
31.0461963461 	 5.86249e-05
31.1141311302 	 7.37986e-05
31.1820659144 	 5.93588e-05
31.2500006985 	 7.27833e-05
31.3179354826 	 6.06637e-05
31.3858702667 	 5.69326e-05
31.4538050509 	 6.44454e-05
31.521739835 	 5.28773e-05
31.5896746191 	 6.15121e-05
31.6576094033 	 4.81238e-05
31.7255441874 	 5.03524e-05
31.7934789715 	 6.10297e-05
31.8614137556 	 6.19411e-05
31.9293485398 	 5.5337e-05
31.9972833239 	 5.73999e-05
32.065218108 	 5.95838e-05
32.1331528921 	 5.60345e-05
32.2010876763 	 5.80416e-05
32.2690224604 	 5.86405e-05
32.3369572445 	 5.28511e-05
32.4048920287 	 6.02732e-05
32.4728268128 	 5.98054e-05
32.5407615969 	 6.19463e-05
32.608696381 	 6.34974e-05
32.6766311652 	 6.06354e-05
32.7445659493 	 5.80473e-05
32.8125007334 	 5.36872e-05
32.8804355175 	 5.73726e-05
32.9483703017 	 5.44532e-05
33.0163050858 	 5.29954e-05
33.0842398699 	 5.63211e-05
33.1521746541 	 5.72588e-05
33.2201094382 	 5.73297e-05
33.2880442223 	 5.75659e-05
33.3559790064 	 5.77021e-05
33.4239137906 	 5.60339e-05
33.4918485747 	 5.54781e-05
33.5597833588 	 5.69342e-05
33.6277181429 	 5.53063e-05
33.6956529271 	 5.46228e-05
33.7635877112 	 5.6735e-05
33.8315224953 	 5.62322e-05
33.8994572795 	 5.52591e-05
33.9673920636 	 5.66994e-05
34.0353268477 	 5.54398e-05
34.1032616318 	 5.67607e-05
34.171196416 	 5.61866e-05
34.2391312001 	 5.51648e-05
34.3070659842 	 5.66533e-05
34.3750007683 	 5.57336e-05
34.4429355525 	 5.66757e-05
34.5108703366 	 5.60181e-05
34.5788051207 	 5.51653e-05
34.6467399048 	 5.48757e-05
34.714674689 	 5.53172e-05
34.7826094731 	 5.44728e-05
34.8505442572 	 5.42741e-05
34.9184790414 	 5.42132e-05
34.9864138255 	 5.37677e-05
35.0543486096 	 5.54729e-05
35.1222833937 	 5.50725e-05
35.1902181779 	 5.47567e-05
35.258152962 	 5.5965e-05
35.3260877461 	 5.45281e-05
35.3940225302 	 5.53061e-05
35.4619573144 	 5.42955e-05
35.5298920985 	 5.44827e-05
35.5978268826 	 5.52847e-05
35.6657616668 	 5.35954e-05
35.7336964509 	 5.41825e-05
35.801631235 	 5.46979e-05
35.8695660191 	 5.4516e-05
35.9375008033 	 5.45869e-05
36.0054355874 	 5.38483e-05
36.0733703715 	 5.34538e-05
36.1413051556 	 5.37481e-05
36.2092399398 	 5.39839e-05
36.2771747239 	 5.3787e-05
36.345109508 	 5.37771e-05
36.4130442922 	 5.36916e-05
36.4809790763 	 5.35855e-05
36.5489138604 	 5.38882e-05
36.6168486445 	 5.37003e-05
36.6847834287 	 5.37876e-05
36.7527182128 	 5.34734e-05
36.8206529969 	 5.33944e-05
36.888587781 	 5.35174e-05
36.9565225652 	 5.34652e-05
37.0244573493 	 5.32373e-05
37.0923921334 	 5.32236e-05
37.1603269176 	 5.33555e-05
37.2282617017 	 5.34404e-05
37.2961964858 	 5.30244e-05
37.3641312699 	 5.30055e-05
37.4320660541 	 5.3011e-05
37.5000008382 	 5.28918e-05
37.5679356223 	 5.27941e-05
37.6358704064 	 5.29202e-05
37.7038051906 	 5.27953e-05
37.7717399747 	 5.26359e-05
37.8396747588 	 5.26397e-05
37.907609543 	 5.28116e-05
37.9755443271 	 5.25171e-05
38.0434791112 	 5.24994e-05
38.1114138953 	 5.25609e-05
38.1793486795 	 5.24843e-05
38.2472834636 	 5.23838e-05
38.3152182477 	 5.24558e-05
38.3831530318 	 5.23765e-05
38.451087816 	 5.23393e-05
38.5190226001 	 5.22493e-05
38.5869573842 	 5.22673e-05
38.6548921684 	 5.21642e-05
38.7228269525 	 5.21391e-05
38.7907617366 	 5.20832e-05
38.8586965207 	 5.20347e-05
38.9266313049 	 5.20506e-05
38.994566089 	 5.1999e-05
39.0625008731 	 5.19624e-05
39.1304356572 	 5.18108e-05
39.1983704414 	 5.18732e-05
39.2663052255 	 5.17256e-05
39.3342400096 	 5.16683e-05
39.4021747938 	 5.16704e-05
39.4701095779 	 5.16519e-05
39.538044362 	 5.16101e-05
39.6059791461 	 5.15777e-05
39.6739139303 	 5.15462e-05
39.7418487144 	 5.15052e-05
39.8097834985 	 5.14493e-05
39.8777182826 	 5.14474e-05
39.9456530668 	 5.13756e-05
40.0135878509 	 5.13794e-05
40.081522635 	 5.13496e-05
40.1494574191 	 5.12761e-05
40.2173922033 	 5.12358e-05
40.2853269874 	 5.12218e-05
40.3532617715 	 5.1154e-05
40.4211965557 	 5.11115e-05
40.4891313398 	 5.10851e-05
40.5570661239 	 5.10692e-05
40.625000908 	 5.10187e-05
40.6929356922 	 5.09955e-05
40.7608704763 	 5.09499e-05
40.8288052604 	 5.0909e-05
40.8967400445 	 5.08815e-05
40.9646748287 	 5.08512e-05
41.0326096128 	 5.08083e-05
41.1005443969 	 5.07824e-05
41.1684791811 	 5.07544e-05
41.2364139652 	 5.07107e-05
41.3043487493 	 5.06882e-05
41.3722835334 	 5.06484e-05
41.4402183176 	 5.06169e-05
41.5081531017 	 5.05948e-05
41.5760878858 	 5.0558e-05
41.6440226699 	 5.05307e-05
41.7119574541 	 5.04965e-05
41.7798922382 	 5.04645e-05
41.8478270223 	 5.04361e-05
41.9157618065 	 5.04055e-05
41.9836965906 	 5.03722e-05
42.0516313747 	 5.03477e-05
42.1195661588 	 5.03151e-05
42.187500943 	 5.02875e-05
42.2554357271 	 5.0261e-05
42.3233705112 	 5.02277e-05
42.3913052953 	 5.02004e-05
42.4592400795 	 5.01748e-05
42.5271748636 	 5.01446e-05
42.5951096477 	 5.01219e-05
42.6630444319 	 5.00932e-05
42.730979216 	 5.00666e-05
42.7989140001 	 5.00402e-05
42.8668487842 	 5.00139e-05
42.9347835684 	 4.9988e-05
43.0027183525 	 4.99625e-05
43.0706531366 	 4.9937e-05
43.1385879207 	 4.99116e-05
43.2065227049 	 4.98873e-05
43.274457489 	 4.98625e-05
43.3423922731 	 4.98375e-05
43.4103270573 	 4.98136e-05
43.4782618414 	 4.97901e-05
43.5461966255 	 4.9767e-05
43.6141314096 	 4.97431e-05
43.6820661938 	 4.97205e-05
43.7500009779 	 4.96973e-05
43.817935762 	 4.96752e-05
43.8858705461 	 4.96529e-05
43.9538053303 	 4.96309e-05
44.0217401144 	 4.96092e-05
44.0896748985 	 4.95878e-05
44.1576096827 	 4.95666e-05
44.2255444668 	 4.95458e-05
44.2934792509 	 4.95249e-05
44.361414035 	 4.95047e-05
44.4293488192 	 4.94845e-05
44.4972836033 	 4.94645e-05
44.5652183874 	 4.94447e-05
44.6331531715 	 4.94253e-05
44.7010879557 	 4.9406e-05
44.7690227398 	 4.93872e-05
44.8369575239 	 4.93686e-05
44.9048923081 	 4.93502e-05
44.9728270922 	 4.93319e-05
45.0407618763 	 4.93142e-05
45.1086966604 	 4.92966e-05
45.1766314446 	 4.92791e-05
45.2445662287 	 4.92619e-05
45.3125010128 	 4.92449e-05
45.3804357969 	 4.92282e-05
45.4483705811 	 4.92119e-05
45.5163053652 	 4.91957e-05
45.5842401493 	 4.91797e-05
45.6521749334 	 4.9164e-05
45.7201097176 	 4.91486e-05
45.7880445017 	 4.91335e-05
45.8559792858 	 4.91184e-05
45.92391407 	 4.91037e-05
45.9918488541 	 4.90893e-05
46.0597836382 	 4.90751e-05
46.1277184223 	 4.90611e-05
46.1956532065 	 4.90474e-05
46.2635879906 	 4.90339e-05
46.3315227747 	 4.90207e-05
46.3994575588 	 4.90078e-05
46.467392343 	 4.8995e-05
46.5353271271 	 4.89823e-05
46.6032619112 	 4.89701e-05
46.6711966954 	 4.89581e-05
46.7391314795 	 4.89461e-05
46.8070662636 	 4.89347e-05
46.8750010477 	 4.89234e-05
46.9429358319 	 4.89122e-05
47.010870616 	 4.89014e-05
47.0788054001 	 4.88909e-05
47.1467401842 	 4.88805e-05
47.2146749684 	 4.88704e-05
47.2826097525 	 4.88605e-05
47.3505445366 	 4.88509e-05
47.4184793208 	 4.88415e-05
47.4864141049 	 4.88324e-05
47.554348889 	 4.88234e-05
47.6222836731 	 4.88147e-05
47.6902184573 	 4.88062e-05
47.7581532414 	 4.87981e-05
47.8260880255 	 4.87901e-05
47.8940228096 	 4.87822e-05
47.9619575938 	 4.87747e-05
48.0298923779 	 4.87677e-05
48.097827162 	 4.87606e-05
48.1657619462 	 4.87536e-05
48.2336967303 	 4.8747e-05
48.3016315144 	 4.87408e-05
48.3695662985 	 4.87346e-05
48.4375010827 	 4.87289e-05
48.5054358668 	 4.87232e-05
48.5733706509 	 4.87178e-05
48.641305435 	 4.87128e-05
48.7092402192 	 4.87078e-05
48.7771750033 	 4.87032e-05
48.8451097874 	 4.86987e-05
48.9130445716 	 4.86945e-05
48.9809793557 	 4.86904e-05
49.0489141398 	 4.86867e-05
49.1168489239 	 4.86833e-05
49.1847837081 	 4.868e-05
49.2527184922 	 4.86769e-05
49.3206532763 	 4.86741e-05
49.3885880604 	 4.86715e-05
49.4565228446 	 4.86693e-05
49.5244576287 	 4.8667e-05
49.5923924128 	 4.86652e-05
49.660327197 	 4.86636e-05
49.7282619811 	 4.86621e-05
49.7961967652 	 4.8661e-05
49.8641315493 	 4.866e-05
49.9320663335 	 4.86595e-05
50.0000011176 	 4.8659e-05
