0.0 	 0.000155492
0.0792393044653 	 0.00021171
0.158478608931 	 0.00110736
0.237717913396 	 0.00358511
0.316957217861 	 0.00618339
0.396196522326 	 0.00168478
0.475435826792 	 0.0068014
0.554675131257 	 0.000375762
0.633914435722 	 0.00272365
0.713153740187 	 0.00413171
0.792393044653 	 0.00175753
0.871632349118 	 0.00107538
0.950871653583 	 0.00154858
1.03011095805 	 0.00171259
1.10935026251 	 0.00386852
1.18858956698 	 0.00209493
1.26782887144 	 0.002221
1.34706817591 	 0.00629183
1.42630748037 	 0.00592551
1.50554678484 	 0.00423404
1.58478608931 	 0.00262534
1.66402539377 	 0.0123932
1.74326469824 	 0.0131694
1.8225040027 	 0.0243237
1.90174330717 	 0.0031443
1.98098261163 	 0.0081112
2.0602219161 	 0.00461791
2.13946122056 	 0.00375424
2.21870052503 	 0.017427
2.29793982949 	 0.0301911
2.37717913396 	 0.0331435
2.45641843842 	 0.0156083
2.53565774289 	 0.0276944
2.61489704735 	 0.015126
2.69413635182 	 0.0309642
2.77337565628 	 0.0203821
2.85261496075 	 0.00658029
2.93185426522 	 0.0468736
3.01109356968 	 0.085013
3.09033287415 	 0.0823209
3.16957217861 	 0.11176
3.24881148308 	 0.0894443
3.32805078754 	 0.0476241
3.40729009201 	 0.0993324
3.48652939647 	 0.110903
3.56576870094 	 0.136346
3.6450080054 	 0.200947
3.72424730987 	 0.083249
3.80348661433 	 0.0681013
3.8827259188 	 0.057049
3.96196522326 	 0.0230809
4.04120452773 	 0.0322359
4.12044383219 	 0.00536753
4.19968313666 	 0.0240524
4.27892244112 	 0.00863539
4.35816174559 	 0.0101014
4.43740105006 	 0.010305
4.51664035452 	 0.0145092
4.59587965899 	 0.0118588
4.67511896345 	 0.0347408
4.75435826792 	 0.0172145
4.83359757238 	 0.0236045
4.91283687685 	 0.0343661
4.99207618131 	 0.0317597
5.07131548578 	 0.0419255
5.15055479024 	 0.0492872
5.22979409471 	 0.0383904
5.30903339917 	 0.0269239
5.38827270364 	 0.0165203
5.4675120081 	 0.0259626
5.54675131257 	 0.023628
5.62599061703 	 0.00945749
5.7052299215 	 0.0168741
5.78446922596 	 0.017376
5.86370853043 	 0.0285725
5.9429478349 	 0.012473
6.02218713936 	 0.0101895
6.10142644383 	 0.00932989
6.18066574829 	 0.0101421
6.25990505276 	 0.00820955
6.33914435722 	 0.0104331
6.41838366169 	 0.016872
6.49762296615 	 0.0078021
6.57686227062 	 0.0131626
6.65610157508 	 0.00949165
6.73534087955 	 0.00737838
6.81458018401 	 0.0123689
6.89381948848 	 0.00714123
6.97305879294 	 0.0118849
7.05229809741 	 0.00129857
7.13153740187 	 0.0106219
7.21077670634 	 0.00762689
7.29001601081 	 0.00547337
7.36925531527 	 0.00614531
7.44849461974 	 0.010398
7.5277339242 	 0.0152319
7.60697322867 	 0.013077
7.68621253313 	 0.0165062
7.7654518376 	 0.00240528
7.84469114206 	 0.012946
7.92393044653 	 0.0210288
8.00316975099 	 0.00634124
8.08240905546 	 0.0188332
8.16164835992 	 0.00951858
8.24088766439 	 0.0168703
8.32012696885 	 0.00498452
8.39936627332 	 0.0130547
8.47860557778 	 0.00920396
8.55784488225 	 0.00644686
8.63708418671 	 0.00260982
8.71632349118 	 0.00123366
8.79556279565 	 0.0122868
8.87480210011 	 0.0156643
8.95404140458 	 0.0211894
9.03328070904 	 0.0174679
9.11252001351 	 0.0184546
9.19175931797 	 0.0195344
9.27099862244 	 0.0104335
9.3502379269 	 0.00204876
9.42947723137 	 0.0136409
9.50871653583 	 0.0167282
9.5879558403 	 0.00411572
9.66719514476 	 0.0115643
9.74643444923 	 0.0244634
9.82567375369 	 0.0172286
9.90491305816 	 0.014142
9.98415236262 	 0.0209441
10.0633916671 	 0.0317455
10.1426309716 	 0.0276036
10.221870276 	 0.0376233
10.3011095805 	 0.0207496
10.380348885 	 0.00484046
10.4595881894 	 0.00693242
10.5388274939 	 0.0113104
10.6180667983 	 0.01872
10.6973061028 	 0.0261154
10.7765454073 	 0.00967345
10.8557847117 	 0.0222996
10.9350240162 	 0.027714
11.0142633207 	 0.0129042
11.0935026251 	 0.025258
11.1727419296 	 0.0167491
11.2519812341 	 0.00850483
11.3312205385 	 0.00806765
11.410459843 	 0.00860274
11.4896991475 	 0.0250339
11.5689384519 	 0.0136235
11.6481777564 	 0.00418644
11.7274170609 	 0.017279
11.8066563653 	 0.0230289
11.8858956698 	 0.017846
11.9651349743 	 0.0179437
12.0443742787 	 0.0149221
12.1236135832 	 0.0141791
12.2028528877 	 0.0140103
12.2820921921 	 0.0135577
12.3613314966 	 0.00788928
12.440570801 	 0.00506907
12.5198101055 	 0.00508638
12.59904941 	 0.0081471
12.6782887144 	 0.00994604
12.7575280189 	 0.00284316
12.8367673234 	 0.0091243
12.9160066278 	 0.00500694
12.9952459323 	 0.00461597
13.0744852368 	 0.00729915
13.1537245412 	 0.010535
13.2329638457 	 0.00571453
13.3122031502 	 0.001743
13.3914424546 	 0.00441666
13.4706817591 	 0.00609163
13.5499210636 	 0.000860609
13.629160368 	 0.00206308
13.7083996725 	 0.00310507
13.787638977 	 0.00460572
13.8668782814 	 0.00217401
13.9461175859 	 0.00286487
14.0253568904 	 0.00134802
14.1045961948 	 0.00420936
14.1838354993 	 0.00463883
14.2630748037 	 0.000917158
14.3423141082 	 0.00486347
14.4215534127 	 0.00391855
14.5007927171 	 0.00573211
14.5800320216 	 0.00462587
14.6592713261 	 0.00398092
14.7385106305 	 0.00142854
14.817749935 	 0.0025874
14.8969892395 	 0.00162017
14.9762285439 	 0.00328805
15.0554678484 	 0.00270156
15.1347071529 	 0.0030944
15.2139464573 	 0.00167781
15.2931857618 	 0.00290491
15.3724250663 	 0.00307413
15.4516643707 	 0.00265319
15.5309036752 	 0.00190398
15.6101429797 	 0.00078419
15.6893822841 	 0.000647873
15.7686215886 	 0.00198973
15.8478608931 	 0.00240442
15.9271001975 	 0.00220521
16.006339502 	 0.00248
16.0855788065 	 0.000781743
16.1648181109 	 0.000975924
16.2440574154 	 0.000762315
16.3232967198 	 0.00186379
16.4025360243 	 0.0022386
16.4817753288 	 0.00102063
16.5610146332 	 0.00208781
16.6402539377 	 0.00114255
16.7194932422 	 0.00206145
16.7987325466 	 0.00204817
16.8779718511 	 0.00104956
16.9572111556 	 0.000680485
17.03645046 	 0.00130885
17.1156897645 	 0.00148726
17.194929069 	 0.000207618
17.2741683734 	 0.00166135
17.3534076779 	 0.00125847
17.4326469824 	 0.000459654
17.5118862868 	 0.000731944
17.5911255913 	 0.000952675
17.6703648958 	 0.000632995
17.7496042002 	 0.00107225
17.8288435047 	 0.00072035
17.9080828092 	 0.000423649
17.9873221136 	 0.00172971
18.0665614181 	 0.000913714
18.1458007225 	 0.00221004
18.225040027 	 0.00250665
18.3042793315 	 0.00100994
18.3835186359 	 0.00135652
18.4627579404 	 0.00230307
18.5419972449 	 0.0012903
18.6212365493 	 0.00038198
18.7004758538 	 0.00027815
18.7797151583 	 0.00108174
18.8589544627 	 0.0007822
18.9381937672 	 0.00102908
19.0174330717 	 0.0012311
19.0966723761 	 0.00116055
19.1759116806 	 0.000624802
19.2551509851 	 0.0010213
19.3343902895 	 0.00139524
19.413629594 	 0.000721828
19.4928688985 	 0.000620574
19.5721082029 	 0.00041075
19.6513475074 	 0.000864193
19.7305868119 	 0.000533381
19.8098261163 	 0.000409322
19.8890654208 	 0.00102182
19.9683047252 	 0.000722936
20.0475440297 	 0.000668469
20.1267833342 	 0.000476224
20.2060226386 	 0.00130779
20.2852619431 	 0.000900155
20.3645012476 	 0.000651575
20.443740552 	 0.000197914
20.5229798565 	 0.00109584
20.602219161 	 0.000697831
20.6814584654 	 0.000180868
20.7606977699 	 0.00053227
20.8399370744 	 0.000610599
20.9191763788 	 0.00102055
20.9984156833 	 0.000833442
21.0776549878 	 0.000621737
21.1568942922 	 0.000500101
21.2361335967 	 0.000502664
21.3153729012 	 0.000694899
21.3946122056 	 0.00084813
21.4738515101 	 0.000830064
21.5530908146 	 0.000390828
21.632330119 	 0.00014764
21.7115694235 	 0.000692692
21.790808728 	 0.000778918
21.8700480324 	 0.000728399
21.9492873369 	 0.000730459
22.0285266413 	 0.00113893
22.1077659458 	 0.000691034
22.1870052503 	 0.00023582
22.2662445547 	 0.000308301
22.3454838592 	 0.000481326
22.4247231637 	 0.000718816
22.5039624681 	 0.000943441
22.5832017726 	 0.000784233
22.6624410771 	 0.000434709
22.7416803815 	 0.000586401
22.820919686 	 0.000555771
22.9001589905 	 0.000500125
22.9793982949 	 9.2217e-05
23.0586375994 	 0.000405832
23.1378769039 	 0.000704136
23.2171162083 	 0.000756771
23.2963555128 	 0.000694773
23.3755948173 	 0.000290366
23.4548341217 	 0.000227254
23.5340734262 	 9.26719e-05
23.6133127307 	 0.000259094
23.6925520351 	 0.000178901
23.7717913396 	 7.67006e-05
23.851030644 	 0.000236256
23.9302699485 	 0.000139881
24.009509253 	 0.000332084
24.0887485574 	 0.000219868
24.1679878619 	 0.0002276
24.2472271664 	 0.000306643
24.3264664708 	 8.17399e-05
24.4057057753 	 6.91367e-05
24.4849450798 	 0.000267521
24.5641843842 	 0.000435904
24.6434236887 	 0.000387905
24.7226629932 	 0.000332196
24.8019022976 	 0.000252899
24.8811416021 	 8.3527e-05
24.9603809066 	 0.000170937
25.039620211 	 0.000122855
25.1188595155 	 9.4872e-05
25.19809882 	 0.000165993
25.2773381244 	 9.48184e-05
25.3565774289 	 4.53674e-05
25.4358167334 	 3.57156e-05
25.5150560378 	 0.000122095
25.5942953423 	 9.15822e-05
25.6735346467 	 2.42452e-05
25.7527739512 	 7.235e-05
25.8320132557 	 7.56929e-05
25.9112525601 	 3.66347e-05
25.9904918646 	 0.000112179
26.0697311691 	 0.000138357
26.1489704735 	 6.96017e-05
26.228209778 	 0.000190818
26.3074490825 	 0.000235934
26.3866883869 	 0.000170713
26.4659276914 	 0.000116642
26.5451669959 	 0.000195798
26.6244063003 	 8.45521e-05
26.7036456048 	 7.62497e-05
26.7828849093 	 4.13441e-05
26.8621242137 	 2.8459e-05
26.9413635182 	 9.4755e-05
27.0206028227 	 7.0687e-05
27.0998421271 	 7.25838e-05
27.1790814316 	 0.000156844
27.2583207361 	 3.19634e-05
27.3375600405 	 5.86853e-05
27.416799345 	 2.70024e-05
27.4960386494 	 8.35682e-05
27.5752779539 	 0.000130746
27.6545172584 	 8.30484e-05
27.7337565628 	 9.10943e-05
27.8129958673 	 3.00819e-05
27.8922351718 	 4.83251e-05
27.9714744762 	 3.82146e-05
28.0507137807 	 5.91832e-05
28.1299530852 	 5.00691e-05
28.2091923896 	 3.26873e-05
28.2884316941 	 3.53306e-05
28.3676709986 	 9.78872e-05
28.446910303 	 0.000126267
28.5261496075 	 8.68788e-05
28.605388912 	 7.0546e-05
28.6846282164 	 9.07903e-05
28.7638675209 	 0.000103987
28.8431068254 	 6.48894e-05
28.9223461298 	 7.15146e-05
29.0015854343 	 6.60285e-05
29.0808247388 	 4.51534e-05
29.1600640432 	 4.07843e-05
29.2393033477 	 8.13391e-05
29.3185426522 	 0.000100893
29.3977819566 	 3.01715e-05
29.4770212611 	 4.23343e-05
29.5562605655 	 5.71392e-05
29.63549987 	 6.2046e-05
29.7147391745 	 8.72179e-05
29.7939784789 	 6.24597e-05
29.8732177834 	 7.71282e-05
29.9524570879 	 8.35922e-05
30.0316963923 	 6.13152e-05
30.1109356968 	 6.0784e-05
30.1901750013 	 3.61162e-05
30.2694143057 	 5.22927e-05
30.3486536102 	 5.05344e-05
30.4278929147 	 5.26917e-05
30.5071322191 	 4.04852e-05
30.5863715236 	 7.4285e-05
30.6656108281 	 6.69753e-05
30.7448501325 	 7.89053e-05
30.824089437 	 6.99044e-05
30.9033287415 	 5.95804e-05
30.9825680459 	 5.45585e-05
31.0618073504 	 6.75274e-05
31.1410466549 	 8.61486e-05
31.2202859593 	 6.96527e-05
31.2995252638 	 4.60406e-05
31.3787645682 	 3.31136e-05
31.4580038727 	 5.69722e-05
31.5372431772 	 4.79036e-05
31.6164824816 	 6.60585e-05
31.6957217861 	 7.48725e-05
31.7749610906 	 4.08389e-05
31.854200395 	 5.67546e-05
31.9334396995 	 6.84013e-05
32.012679004 	 5.80013e-05
32.0919183084 	 6.29088e-05
32.1711576129 	 6.17671e-05
32.2503969174 	 5.35431e-05
32.3296362218 	 4.4808e-05
32.4088755263 	 6.15371e-05
32.4881148308 	 4.90639e-05
32.5673541352 	 4.48241e-05
32.6465934397 	 4.45746e-05
32.7258327442 	 4.56556e-05
32.8050720486 	 4.56488e-05
32.8843113531 	 5.14521e-05
32.9635506576 	 4.58361e-05
33.042789962 	 5.28182e-05
33.1220292665 	 5.60195e-05
33.2012685709 	 4.72652e-05
33.2805078754 	 6.77222e-05
33.3597471799 	 5.17455e-05
33.4389864843 	 5.95806e-05
33.5182257888 	 4.71692e-05
33.5974650933 	 6.26825e-05
33.6767043977 	 5.02611e-05
33.7559437022 	 5.09724e-05
33.8351830067 	 5.99359e-05
33.9144223111 	 4.98843e-05
33.9936616156 	 5.3326e-05
34.0729009201 	 6.13524e-05
34.1521402245 	 6.08301e-05
34.231379529 	 5.00617e-05
34.3106188335 	 4.82837e-05
34.3898581379 	 4.12931e-05
34.4690974424 	 4.99873e-05
34.5483367469 	 4.8592e-05
34.6275760513 	 4.74963e-05
34.7068153558 	 5.68214e-05
34.7860546603 	 5.68162e-05
34.8652939647 	 5.0456e-05
34.9445332692 	 5.44886e-05
35.0237725737 	 5.53946e-05
35.1030118781 	 5.31588e-05
35.1822511826 	 4.73659e-05
35.261490487 	 4.90661e-05
35.3407297915 	 4.73266e-05
35.419969096 	 4.86797e-05
35.4992084004 	 5.43568e-05
35.5784477049 	 5.42636e-05
35.6576870094 	 4.86582e-05
35.7369263138 	 5.08868e-05
35.8161656183 	 4.89011e-05
35.8954049228 	 5.1292e-05
35.9746442272 	 5.24877e-05
36.0538835317 	 5.11301e-05
36.1331228362 	 5.29835e-05
36.2123621406 	 5.05365e-05
36.2916014451 	 5.16838e-05
36.3708407496 	 5.248e-05
36.450080054 	 5.02786e-05
36.5293193585 	 4.99894e-05
36.608558663 	 4.92714e-05
36.6877979674 	 4.83233e-05
36.7670372719 	 4.97476e-05
36.8462765764 	 5.02628e-05
36.9255158808 	 4.93883e-05
37.0047551853 	 5.03824e-05
37.0839944897 	 5.04171e-05
37.1632337942 	 5.10142e-05
37.2424730987 	 5.0562e-05
37.3217124031 	 4.98995e-05
37.4009517076 	 5.02098e-05
37.4801910121 	 4.9341e-05
37.5594303165 	 4.96875e-05
37.638669621 	 4.86857e-05
37.7179089255 	 4.99933e-05
37.7971482299 	 4.9549e-05
37.8763875344 	 4.97921e-05
37.9556268389 	 4.96345e-05
38.0348661433 	 4.91406e-05
38.1141054478 	 4.9492e-05
38.1933447523 	 4.96409e-05
38.2725840567 	 4.91301e-05
38.3518233612 	 4.9911e-05
38.4310626657 	 4.97652e-05
38.5103019701 	 4.93595e-05
38.5895412746 	 4.8862e-05
38.6687805791 	 4.9253e-05
38.7480198835 	 4.86337e-05
38.827259188 	 4.88599e-05
38.9064984924 	 4.92112e-05
38.9857377969 	 4.87774e-05
39.0649771014 	 4.87945e-05
39.1442164058 	 4.90606e-05
39.2234557103 	 4.86596e-05
39.3026950148 	 4.89069e-05
39.3819343192 	 4.87158e-05
39.4611736237 	 4.86637e-05
39.5404129282 	 4.86837e-05
39.6196522326 	 4.85256e-05
39.6988915371 	 4.85926e-05
39.7781308416 	 4.84225e-05
39.857370146 	 4.83407e-05
39.9366094505 	 4.83791e-05
40.015848755 	 4.84044e-05
40.0950880594 	 4.83932e-05
40.1743273639 	 4.82644e-05
40.2535666684 	 4.84414e-05
40.3328059728 	 4.83148e-05
40.4120452773 	 4.82263e-05
40.4912845818 	 4.82671e-05
40.5705238862 	 4.81993e-05
40.6497631907 	 4.80927e-05
40.7290024952 	 4.80514e-05
40.8082417996 	 4.8044e-05
40.8874811041 	 4.80001e-05
40.9667204085 	 4.79028e-05
41.045959713 	 4.79473e-05
41.1251990175 	 4.79476e-05
41.2044383219 	 4.79177e-05
41.2836776264 	 4.78641e-05
41.3629169309 	 4.77723e-05
41.4421562353 	 4.77976e-05
41.5213955398 	 4.77674e-05
41.6006348443 	 4.77171e-05
41.6798741487 	 4.76789e-05
41.7591134532 	 4.76422e-05
41.8383527577 	 4.76301e-05
41.9175920621 	 4.75752e-05
41.9968313666 	 4.75512e-05
42.0760706711 	 4.75482e-05
42.1553099755 	 4.74901e-05
42.23454928 	 4.7469e-05
42.3137885845 	 4.74395e-05
42.3930278889 	 4.74072e-05
42.4722671934 	 4.73796e-05
42.5515064979 	 4.73549e-05
42.6307458023 	 4.733e-05
42.7099851068 	 4.73056e-05
42.7892244112 	 4.728e-05
42.8684637157 	 4.72556e-05
42.9477030202 	 4.72235e-05
43.0269423246 	 4.72003e-05
43.1061816291 	 4.71725e-05
43.1854209336 	 4.71437e-05
43.264660238 	 4.71238e-05
43.3438995425 	 4.70965e-05
43.423138847 	 4.70743e-05
43.5023781514 	 4.70493e-05
43.5816174559 	 4.70249e-05
43.6608567604 	 4.70021e-05
43.7400960648 	 4.69787e-05
43.8193353693 	 4.69562e-05
43.8985746738 	 4.69335e-05
43.9778139782 	 4.69108e-05
44.0570532827 	 4.68902e-05
44.1362925872 	 4.68685e-05
44.2155318916 	 4.68475e-05
44.2947711961 	 4.68266e-05
44.3740105006 	 4.68052e-05
44.453249805 	 4.67853e-05
44.5324891095 	 4.67652e-05
44.6117284139 	 4.67448e-05
44.6909677184 	 4.67254e-05
44.7702070229 	 4.67065e-05
44.8494463273 	 4.66885e-05
44.9286856318 	 4.66698e-05
45.0079249363 	 4.66519e-05
45.0871642407 	 4.66339e-05
45.1664035452 	 4.6616e-05
45.2456428497 	 4.65984e-05
45.3248821541 	 4.6581e-05
45.4041214586 	 4.65648e-05
45.4833607631 	 4.65483e-05
45.5626000675 	 4.65324e-05
45.641839372 	 4.65166e-05
45.7210786765 	 4.65008e-05
45.8003179809 	 4.64855e-05
45.8795572854 	 4.64702e-05
45.9587965899 	 4.64555e-05
46.0380358943 	 4.64407e-05
46.1172751988 	 4.64269e-05
46.1965145033 	 4.64138e-05
46.2757538077 	 4.63998e-05
46.3549931122 	 4.63863e-05
46.4342324166 	 4.63731e-05
46.5134717211 	 4.63608e-05
46.5927110256 	 4.63482e-05
46.67195033 	 4.63362e-05
46.7511896345 	 4.63244e-05
46.830428939 	 4.63127e-05
46.9096682434 	 4.63017e-05
46.9889075479 	 4.62906e-05
47.0681468524 	 4.62803e-05
47.1473861568 	 4.62692e-05
47.2266254613 	 4.62589e-05
47.3058647658 	 4.62491e-05
47.3851040702 	 4.62399e-05
47.4643433747 	 4.62308e-05
47.5435826792 	 4.62218e-05
47.6228219836 	 4.6213e-05
47.7020612881 	 4.62043e-05
47.7813005926 	 4.61959e-05
47.860539897 	 4.61878e-05
47.9397792015 	 4.61802e-05
48.019018506 	 4.61729e-05
48.0982578104 	 4.61657e-05
48.1774971149 	 4.61592e-05
48.2567364194 	 4.61529e-05
48.3359757238 	 4.61469e-05
48.4152150283 	 4.61408e-05
48.4944543327 	 4.61353e-05
48.5736936372 	 4.61297e-05
48.6529329417 	 4.61245e-05
48.7321722461 	 4.61197e-05
48.8114115506 	 4.61152e-05
48.8906508551 	 4.61111e-05
48.9698901595 	 4.61069e-05
49.049129464 	 4.61028e-05
49.1283687685 	 4.60993e-05
49.2076080729 	 4.60963e-05
49.2868473774 	 4.60934e-05
49.3660866819 	 4.60906e-05
49.4453259863 	 4.60887e-05
49.5245652908 	 4.60869e-05
49.6038045953 	 4.60849e-05
49.6830438997 	 4.60831e-05
49.7622832042 	 4.60819e-05
49.8415225087 	 4.60814e-05
49.9207618131 	 4.60804e-05
50.0000011176 	 4.60797e-05
