0.0 	 0.0
0.01 	 -2.4464e-06
0.02 	 -1.20677e-05
0.03 	 -2.51215e-05
0.04 	 -2.25323e-05
0.05 	 1.52091e-05
0.06 	 8.7552e-05
0.07 	 0.000174062
0.08 	 0.000251561
0.09 	 0.000307384
0.1 	 0.000340623
0.11 	 0.000356942
0.12 	 0.000363423
0.13 	 0.000365607
0.14 	 0.00036619
0.15 	 0.000364613
0.16 	 0.000357627
0.17 	 0.000341048
0.18 	 0.000312037
0.19 	 0.000270728
0.2 	 0.000220477
0.21 	 0.000166771
0.22 	 0.000115387
0.23 	 7.07327e-05
0.24 	 3.50675e-05
0.25 	 8.6083e-06
0.26 	 -9.85711e-06
0.27 	 -2.20214e-05
0.28 	 -2.89828e-05
0.29 	 -3.06632e-05
0.3 	 -2.62374e-05
0.31 	 -1.51786e-05
0.32 	 2.14097e-06
0.33 	 2.47338e-05
0.34 	 5.14517e-05
0.35 	 8.08731e-05
0.36 	 0.000111051
0.37 	 0.000140112
0.38 	 0.000167296
0.39 	 0.000192274
0.4 	 0.000212185
0.41 	 0.000219696
0.42 	 0.000205746
0.43 	 0.000166156
0.44 	 0.000106752
0.45 	 4.15348e-05
0.46 	 -1.59029e-05
0.47 	 -6.04617e-05
0.48 	 -9.58935e-05
0.49 	 -0.000128239
0.5 	 -0.00015955
0.51 	 -0.000186832
0.52 	 -0.000204844
0.53 	 -0.000208867
0.54 	 -0.000195707
0.55 	 -0.000163744
0.56 	 -0.000113063
0.57 	 -4.54327e-05
0.58 	 3.65467e-05
0.59 	 0.000130766
0.6 	 0.000236247
0.61 	 0.000353472
0.62 	 0.000485372
0.63 	 0.00063498
0.64 	 0.000794848
0.65 	 0.000937222
0.66 	 0.00102366
0.67 	 0.00103356
0.68 	 0.000980207
0.69 	 0.000886747
0.7 	 0.000742571
0.71 	 0.000493891
0.72 	 8.23957e-05
0.73 	 -0.000519963
0.74 	 -0.0013109
0.75 	 -0.00223886
0.76 	 -0.00314306
0.77 	 -0.00376842
0.78 	 -0.00393805
0.79 	 -0.00372625
0.8 	 -0.00340557
0.81 	 -0.00320274
0.82 	 -0.00312997
0.83 	 -0.00305092
0.84 	 -0.00286544
0.85 	 -0.00260114
0.86 	 -0.00235826
0.87 	 -0.00224444
0.88 	 -0.0023782
0.89 	 -0.00277533
0.9 	 -0.00302235
0.91 	 -0.00224491
0.92 	 0.000128195
0.93 	 0.00346039
0.94 	 0.00605163
0.95 	 0.00624577
0.96 	 0.0034194
0.97 	 -0.00139895
0.98 	 -0.00524299
0.99 	 -0.00446048
1.0 	 0.00212997
1.01 	 0.0111412
1.02 	 0.0167114
1.03 	 0.0152833
1.04 	 0.00829873
1.05 	 0.000486727
1.06 	 -0.00397085
1.07 	 -0.0038738
1.08 	 -0.000905884
1.09 	 0.00193761
1.1 	 0.00213157
1.11 	 -0.00120642
1.12 	 -0.00722448
1.13 	 -0.014079
1.14 	 -0.0195782
1.15 	 -0.021453
1.16 	 -0.0182649
1.17 	 -0.0108901
1.18 	 -0.00225528
1.19 	 0.00521694
1.2 	 0.0110216
1.21 	 0.0149268
1.22 	 0.0154433
1.23 	 0.0113711
1.24 	 0.00435366
1.25 	 -0.00149311
1.26 	 -0.0030425
1.27 	 -0.000551721
1.28 	 0.00374657
1.29 	 0.00802003
1.3 	 0.0106409
1.31 	 0.00927602
1.32 	 0.00280113
1.33 	 -0.00586171
1.34 	 -0.0111243
1.35 	 -0.0101308
1.36 	 -0.00548799
1.37 	 -0.00171568
1.38 	 -0.000697743
1.39 	 -0.00173465
1.4 	 -0.00368555
1.41 	 -0.00509999
1.42 	 -0.00395151
1.43 	 0.000798505
1.44 	 0.00757068
1.45 	 0.0124621
1.46 	 0.0114196
1.47 	 0.00353664
1.48 	 -0.00690754
1.49 	 -0.0130248
1.5 	 -0.0114003
1.51 	 -0.00515238
1.52 	 -0.000178527
1.53 	 0.000906339
1.54 	 0.000215808
1.55 	 0.000843678
1.56 	 0.00326529
1.57 	 0.00538748
1.58 	 0.00442363
1.59 	 -0.00152987
1.6 	 -0.0111584
1.61 	 -0.0179532
1.62 	 -0.014094
1.63 	 0.000118584
1.64 	 0.0129268
1.65 	 0.0121286
1.66 	 -0.000682694
1.67 	 -0.0118348
1.68 	 -0.0124248
1.69 	 -0.00734229
1.7 	 -0.00448194
1.71 	 -0.00198914
1.72 	 0.00674453
1.73 	 0.0190589
1.74 	 0.0219658
1.75 	 0.00691413
1.76 	 -0.0177666
1.77 	 -0.0325363
1.78 	 -0.0258637
1.79 	 -0.00562553
1.8 	 0.0110383
1.81 	 0.0163286
1.82 	 0.0155534
1.83 	 0.0145997
1.84 	 0.0106204
1.85 	 -0.0027682
1.86 	 -0.0246666
1.87 	 -0.0439546
1.88 	 -0.0462726
1.89 	 -0.0227207
1.9 	 0.0257237
1.91 	 0.0868831
1.92 	 0.138425
1.93 	 0.15488
1.94 	 0.121692
1.95 	 0.0485325
1.96 	 -0.031645
1.97 	 -0.0829869
1.98 	 -0.0914868
1.99 	 -0.0711533
2.0 	 -0.0476675
2.01 	 -0.0383554
2.02 	 -0.045568
2.03 	 -0.0620455
2.04 	 -0.07765
2.05 	 -0.0826464
2.06 	 -0.0692338
2.07 	 -0.0329495
2.08 	 0.0253546
2.09 	 0.0947778
2.1 	 0.147488
2.11 	 0.142631
2.12 	 0.0578211
2.13 	 -0.0672977
2.14 	 -0.132943
2.15 	 -0.0569545
2.16 	 0.137569
2.17 	 0.325808
2.18 	 0.379904
2.19 	 0.263712
2.2 	 0.0458098
2.21 	 -0.157333
2.22 	 -0.253508
2.23 	 -0.221304
2.24 	 -0.112167
2.25 	 -0.00923169
2.26 	 0.0290954
2.27 	 -0.000753948
2.28 	 -0.0619565
2.29 	 -0.11411
2.3 	 -0.137749
2.31 	 -0.135121
2.32 	 -0.118694
2.33 	 -0.0988557
2.34 	 -0.0756303
2.35 	 -0.0406525
2.36 	 0.00862257
2.37 	 0.0570866
2.38 	 0.0805589
2.39 	 0.0694114
2.4 	 0.0406519
2.41 	 0.0230886
2.42 	 0.0319014
2.43 	 0.0610011
2.44 	 0.0965222
2.45 	 0.128079
2.46 	 0.145679
2.47 	 0.136812
2.48 	 0.0949247
2.49 	 0.0288621
2.5 	 -0.0389501
2.51 	 -0.0837597
2.52 	 -0.0915328
2.53 	 -0.0674154
2.54 	 -0.0337156
2.55 	 -0.0162034
2.56 	 -0.0270394
2.57 	 -0.056927
2.58 	 -0.0824898
2.59 	 -0.0831099
2.6 	 -0.0547944
2.61 	 -0.0119637
2.62 	 0.0226081
2.63 	 0.0314696
2.64 	 0.0105776
2.65 	 -0.0307757
2.66 	 -0.0743828
2.67 	 -0.0991637
2.68 	 -0.0897398
2.69 	 -0.0460729
2.7 	 0.013433
2.71 	 0.0621101
2.72 	 0.083162
2.73 	 0.0796932
2.74 	 0.0674094
2.75 	 0.0592554
2.76 	 0.0577447
2.77 	 0.058593
2.78 	 0.0571544
2.79 	 0.0507236
2.8 	 0.0375951
2.81 	 0.0167761
2.82 	 -0.0104106
2.83 	 -0.0390708
2.84 	 -0.0623008
2.85 	 -0.0748024
2.86 	 -0.0754469
2.87 	 -0.0672402
2.88 	 -0.0555474
2.89 	 -0.0456574
2.9 	 -0.0405641
2.91 	 -0.040212
2.92 	 -0.0421084
2.93 	 -0.0416286
2.94 	 -0.0324474
2.95 	 -0.00979502
2.96 	 0.0243493
2.97 	 0.0599221
2.98 	 0.0843114
2.99 	 0.089965
3.0 	 0.0775881
3.01 	 0.0545231
3.02 	 0.0317642
3.03 	 0.0202741
3.04 	 0.0253508
3.05 	 0.0417935
3.06 	 0.0557334
3.07 	 0.0538994
3.08 	 0.0327767
3.09 	 -0.000349258
3.1 	 -0.0339393
3.11 	 -0.0589867
3.12 	 -0.0711743
3.13 	 -0.0701473
3.14 	 -0.0591837
3.15 	 -0.0448398
3.16 	 -0.034373
3.17 	 -0.0316
3.18 	 -0.0345652
3.19 	 -0.0371097
3.2 	 -0.032951
3.21 	 -0.0192156
3.22 	 0.00233209
3.23 	 0.0262131
3.24 	 0.0455618
3.25 	 0.0551198
3.26 	 0.0538066
3.27 	 0.0454523
3.28 	 0.036798
3.29 	 0.0334807
3.3 	 0.036488
3.31 	 0.0416734
3.32 	 0.04284
3.33 	 0.0363233
3.34 	 0.0237843
3.35 	 0.0107793
3.36 	 0.00192946
3.37 	 -0.00288319
3.38 	 -0.00760239
3.39 	 -0.0158296
3.4 	 -0.0278498
3.41 	 -0.040852
3.42 	 -0.0509937
3.43 	 -0.055437
3.44 	 -0.0533341
3.45 	 -0.0455228
3.46 	 -0.033713
3.47 	 -0.0202486
3.48 	 -0.00829378
3.49 	 -0.00123897
3.5 	 -0.000729391
3.51 	 -0.00445128
3.52 	 -0.00630763
3.53 	 -0.000564277
3.54 	 0.012808
3.55 	 0.0271224
3.56 	 0.0341072
3.57 	 0.0305527
3.58 	 0.0203887
3.59 	 0.0108933
3.6 	 0.00723466
3.61 	 0.0102044
3.62 	 0.017673
3.63 	 0.0265448
3.64 	 0.0332944
3.65 	 0.0344689
3.66 	 0.0283357
3.67 	 0.0162063
3.68 	 0.00172316
3.69 	 -0.0112859
3.7 	 -0.0205875
3.71 	 -0.0261144
3.72 	 -0.0294904
3.73 	 -0.032734
3.74 	 -0.0365617
3.75 	 -0.0394746
3.76 	 -0.0388068
3.77 	 -0.0332001
3.78 	 -0.0241373
3.79 	 -0.0148245
3.8 	 -0.00761423
3.81 	 -0.00269187
3.82 	 0.00110594
3.83 	 0.00496655
3.84 	 0.00970589
3.85 	 0.0158135
3.86 	 0.0229866
3.87 	 0.029573
3.88 	 0.0330402
3.89 	 0.0315451
3.9 	 0.0254243
3.91 	 0.0173916
3.92 	 0.0111798
3.93 	 0.00933285
3.94 	 0.0113424
3.95 	 0.0134016
3.96 	 0.0105562
3.97 	 0.000401575
3.98 	 -0.0144877
3.99 	 -0.0279029
4.0 	 -0.0342165
4.01 	 -0.0318097
4.02 	 -0.0233242
4.03 	 -0.0134643
4.04 	 -0.00633884
4.05 	 -0.00379473
4.06 	 -0.00534728
4.07 	 -0.00919663
4.08 	 -0.0130136
4.09 	 -0.0140664
4.1 	 -0.00981585
4.11 	 0.000332836
4.12 	 0.0136456
4.13 	 0.0251596
4.14 	 0.030902
4.15 	 0.0303457
4.16 	 0.0259902
4.17 	 0.0209493
4.18 	 0.0169479
4.19 	 0.0139501
4.2 	 0.0109612
4.21 	 0.00723647
4.22 	 0.0032113
4.23 	 0.000176389
4.24 	 -0.00145763
4.25 	 -0.00344084
4.26 	 -0.00841003
4.27 	 -0.0167311
4.28 	 -0.0248189
4.29 	 -0.0274184
4.3 	 -0.0222251
4.31 	 -0.0122205
4.32 	 -0.00319811
4.33 	 0.000827725
4.34 	 -0.000239154
4.35 	 -0.00391309
4.36 	 -0.00731271
4.37 	 -0.00817969
4.38 	 -0.00512942
4.39 	 0.0019758
4.4 	 0.0116274
4.41 	 0.0208922
4.42 	 0.0266039
4.43 	 0.0269655
4.44 	 0.0223109
4.45 	 0.0145638
4.46 	 0.00636892
4.47 	 0.000526334
4.48 	 -0.00101318
4.49 	 0.00132423
4.5 	 0.00446001
4.51 	 0.00474744
4.52 	 0.000713794
4.53 	 -0.00613305
4.54 	 -0.012877
4.55 	 -0.0173082
4.56 	 -0.0187537
4.57 	 -0.017519
4.58 	 -0.0140714
4.59 	 -0.00878158
4.6 	 -0.0021613
4.61 	 0.0047953
4.62 	 0.0106125
4.63 	 0.0140006
4.64 	 0.0146731
4.65 	 0.0131487
4.66 	 0.00974404
4.67 	 0.00477711
4.68 	 0.000296642
4.69 	 7.30487e-05
4.7 	 0.0059801
4.71 	 0.0146715
4.72 	 0.0193591
4.73 	 0.0153782
4.74 	 0.00395839
4.75 	 -0.00877089
4.76 	 -0.0159587
4.77 	 -0.0142746
4.78 	 -0.00578473
4.79 	 0.00362882
4.8 	 0.00820419
4.81 	 0.00564774
4.82 	 -0.00228919
4.83 	 -0.0116509
4.84 	 -0.0187308
4.85 	 -0.0216809
4.86 	 -0.0207312
4.87 	 -0.0173135
4.88 	 -0.0129644
4.89 	 -0.00873324
4.9 	 -0.00510757
4.91 	 -0.00214223
4.92 	 0.000325991
4.93 	 0.00243094
4.94 	 0.00416453
4.95 	 0.00546164
4.96 	 0.00634895
4.97 	 0.00699523
4.98 	 0.00759439
4.99 	 0.00817436
5.0 	 0.00854715
5.01 	 0.00848746
5.02 	 0.00795105
5.03 	 0.00710495
5.04 	 0.0062014
5.05 	 0.00548271
5.06 	 0.00511733
5.07 	 0.00503246
5.08 	 0.00476668
5.09 	 0.00364446
5.1 	 0.00124647
5.11 	 -0.00221334
5.12 	 -0.00591179
5.13 	 -0.00883447
5.14 	 -0.0103024
5.15 	 -0.0102307
5.16 	 -0.00904532
5.17 	 -0.00754726
5.18 	 -0.00676914
5.19 	 -0.00746798
5.2 	 -0.00937677
5.21 	 -0.0110791
5.22 	 -0.0108921
5.23 	 -0.00807563
5.24 	 -0.00354453
5.25 	 0.000411305
5.26 	 0.00159636
5.27 	 -0.000322166
5.28 	 -0.00355138
5.29 	 -0.00586844
5.3 	 -0.00638747
5.31 	 -0.00555342
5.32 	 -0.00392883
5.33 	 -0.00162592
5.34 	 0.0011768
5.35 	 0.00385356
5.36 	 0.0058137
5.37 	 0.00706348
5.38 	 0.00793237
5.39 	 0.00828519
5.4 	 0.00729416
5.41 	 0.00424895
5.42 	 -0.000347954
5.43 	 -0.0046958
5.44 	 -0.00693906
5.45 	 -0.00647016
5.46 	 -0.00392488
5.47 	 -0.000289145
5.48 	 0.00332455
5.49 	 0.0051297
5.5 	 0.00311177
5.51 	 -0.00294482
5.52 	 -0.0101745
5.53 	 -0.0142777
5.54 	 -0.012729
5.55 	 -0.00633818
5.56 	 0.00185003
5.57 	 0.0086821
5.58 	 0.0123471
5.59 	 0.0127312
5.6 	 0.0109612
5.61 	 0.00855883
5.62 	 0.00666278
5.63 	 0.00564955
5.64 	 0.00522574
5.65 	 0.00485931
5.66 	 0.00425568
5.67 	 0.00355435
5.68 	 0.00316217
5.69 	 0.00337772
5.7 	 0.00402322
5.71 	 0.00435871
5.72 	 0.00347647
5.73 	 0.000992848
5.74 	 -0.00247803
5.75 	 -0.00549742
5.76 	 -0.00659515
5.77 	 -0.00518528
5.78 	 -0.00198705
5.79 	 0.00136231
5.8 	 0.00327856
5.81 	 0.0031249
5.82 	 0.00141816
5.83 	 -0.000713431
5.84 	 -0.00234787
5.85 	 -0.00327467
5.86 	 -0.00380992
5.87 	 -0.00404912
5.88 	 -0.00338664
5.89 	 -0.00109662
5.9 	 0.00253261
5.91 	 0.00599916
5.92 	 0.00778397
5.93 	 0.00762164
5.94 	 0.00647251
5.95 	 0.00543386
5.96 	 0.00486778
5.97 	 0.00442739
5.98 	 0.0035592
5.99 	 0.00186534
6.0 	 -0.000692477
6.01 	 -0.00355738
6.02 	 -0.00558864
6.03 	 -0.00572111
6.04 	 -0.00391282
6.05 	 -0.00137405
6.06 	 0.000335203
6.07 	 0.000488936
6.08 	 -0.000494819
6.09 	 -0.00174149
6.1 	 -0.00274074
6.11 	 -0.00357765
6.12 	 -0.00458903
6.13 	 -0.00586575
6.14 	 -0.00702045
6.15 	 -0.00743026
6.16 	 -0.00674501
6.17 	 -0.00514832
6.18 	 -0.00310349
6.19 	 -0.000887718
6.2 	 0.00154269
6.21 	 0.00421258
6.22 	 0.00677687
6.23 	 0.00865366
6.24 	 0.00949942
6.25 	 0.00944303
6.26 	 0.008839
6.27 	 0.00788339
6.28 	 0.00648682
6.29 	 0.00442544
6.3 	 0.00158792
6.31 	 -0.00181955
6.32 	 -0.0052495
6.33 	 -0.00806795
6.34 	 -0.00991566
6.35 	 -0.0108259
6.36 	 -0.01101
6.37 	 -0.0106129
6.38 	 -0.00971527
6.39 	 -0.00846942
6.4 	 -0.00709117
6.41 	 -0.00569061
6.42 	 -0.00417378
6.43 	 -0.00235894
6.44 	 -0.000203348
6.45 	 0.00207609
6.46 	 0.00410108
6.47 	 0.00554472
6.48 	 0.00623847
6.49 	 0.00609109
6.5 	 0.00501465
6.51 	 0.0030957
6.52 	 0.000868511
6.53 	 -0.000750994
6.54 	 -0.000966975
6.55 	 0.00036562
6.56 	 0.00255555
6.57 	 0.00435408
6.58 	 0.00466027
6.59 	 0.00325652
6.6 	 0.000914586
6.61 	 -0.00128079
6.62 	 -0.00272811
6.63 	 -0.00350744
6.64 	 -0.00397991
6.65 	 -0.00435574
6.66 	 -0.00464776
6.67 	 -0.00486812
6.68 	 -0.00506236
6.69 	 -0.00510789
6.7 	 -0.00464536
6.71 	 -0.00338216
6.72 	 -0.00145754
6.73 	 0.000594332
6.74 	 0.00227672
6.75 	 0.00351436
6.76 	 0.00465023
6.77 	 0.00613208
6.78 	 0.00817432
6.79 	 0.0105685
6.8 	 0.0127025
6.81 	 0.0138284
6.82 	 0.0134651
6.83 	 0.0116468
6.84 	 0.00885534
6.85 	 0.00575082
6.86 	 0.00288668
6.87 	 0.000517522
6.88 	 -0.00142842
6.89 	 -0.00319783
6.9 	 -0.0049911
6.91 	 -0.00682808
6.92 	 -0.00856328
6.93 	 -0.00999067
6.94 	 -0.0109238
6.95 	 -0.0111825
6.96 	 -0.0105579
6.97 	 -0.0089048
6.98 	 -0.0063317
6.99 	 -0.00325288
7.0 	 -0.000198168
7.01 	 0.0024249
7.02 	 0.00441457
7.03 	 0.00573102
7.04 	 0.00642949
7.05 	 0.0065876
7.06 	 0.0062415
7.07 	 0.00539888
7.08 	 0.00410759
7.09 	 0.00245427
7.1 	 0.000511851
7.11 	 -0.00158455
7.12 	 -0.00346958
7.13 	 -0.00461966
7.14 	 -0.00476614
7.15 	 -0.00421673
7.16 	 -0.00365199
7.17 	 -0.00356975
7.18 	 -0.00393348
7.19 	 -0.00431306
7.2 	 -0.00433868
7.21 	 -0.00410047
7.22 	 -0.00418063
7.23 	 -0.00517204
7.24 	 -0.00694833
7.25 	 -0.00839142
7.26 	 -0.00803427
7.27 	 -0.00518502
7.28 	 -0.000578298
7.29 	 0.00400746
7.3 	 0.00687811
7.31 	 0.00744656
7.32 	 0.00644541
7.33 	 0.00529753
7.34 	 0.00518744
7.35 	 0.0064228
7.36 	 0.00834923
7.37 	 0.00976747
7.38 	 0.00962829
7.39 	 0.00766165
7.4 	 0.0045522
7.41 	 0.00150719
7.42 	 -0.000461169
7.43 	 -0.00101441
7.44 	 -0.000520024
7.45 	 0.00022261
7.46 	 0.000395298
7.47 	 -0.00044424
7.48 	 -0.00221103
7.49 	 -0.00445129
7.5 	 -0.00658423
7.51 	 -0.00804082
7.52 	 -0.00838592
7.53 	 -0.00750439
7.54 	 -0.00569564
7.55 	 -0.00351729
7.56 	 -0.00147704
7.57 	 0.000165111
7.58 	 0.00133121
7.59 	 0.00190018
7.6 	 0.00163459
7.61 	 0.000477524
7.62 	 -0.00105349
7.63 	 -0.00196796
7.64 	 -0.00148665
7.65 	 0.000371423
7.66 	 0.00286668
7.67 	 0.005058
7.68 	 0.00624264
7.69 	 0.00616253
7.7 	 0.00505402
7.71 	 0.00350793
7.72 	 0.00212128
7.73 	 0.00114393
7.74 	 0.00039662
7.75 	 -0.000470441
7.76 	 -0.00160265
7.77 	 -0.00279025
7.78 	 -0.00366179
7.79 	 -0.00397643
7.8 	 -0.00371046
7.81 	 -0.00295024
7.82 	 -0.00181652
7.83 	 -0.00048172
7.84 	 0.000855838
7.85 	 0.00208981
7.86 	 0.00326986
7.87 	 0.00447508
7.88 	 0.00558877
7.89 	 0.00625459
7.9 	 0.00616156
7.91 	 0.00540548
7.92 	 0.00449639
7.93 	 0.00394964
7.94 	 0.00388335
7.95 	 0.00401633
7.96 	 0.00399518
7.97 	 0.00367918
7.98 	 0.00315467
7.99 	 0.00257316
8.0 	 0.00203495
8.01 	 0.0015926
8.02 	 0.00127412
8.03 	 0.00105703
8.04 	 0.000853602
8.05 	 0.000563813
8.06 	 0.000136986
8.07 	 -0.000434241
8.08 	 -0.00113438
8.09 	 -0.00185342
8.1 	 -0.00228736
8.11 	 -0.00203306
8.12 	 -0.000925158
8.13 	 0.000701747
8.14 	 0.0021758
8.15 	 0.0029705
8.16 	 0.00301917
8.17 	 0.00258383
8.18 	 0.00190821
8.19 	 0.00104405
8.2 	 -3.77317e-05
8.21 	 -0.0012532
8.22 	 -0.00238232
8.23 	 -0.00325703
8.24 	 -0.00394724
8.25 	 -0.00472952
8.26 	 -0.005876
8.27 	 -0.00744755
8.28 	 -0.00916983
8.29 	 -0.0104157
8.3 	 -0.0104035
8.31 	 -0.00865152
8.32 	 -0.00542897
8.33 	 -0.00175547
8.34 	 0.00119274
8.35 	 0.00281903
8.36 	 0.00333773
8.37 	 0.00335504
8.38 	 0.00328984
8.39 	 0.00320294
8.4 	 0.00308942
8.41 	 0.00316416
8.42 	 0.00372037
8.43 	 0.00471325
8.44 	 0.00562143
8.45 	 0.0058365
8.46 	 0.00516513
8.47 	 0.00387294
8.48 	 0.00229548
8.49 	 0.000558763
8.5 	 -0.00132361
8.51 	 -0.00327777
8.52 	 -0.00520495
8.53 	 -0.00705655
8.54 	 -0.00872035
8.55 	 -0.00987888
8.56 	 -0.0101328
8.57 	 -0.00934272
8.58 	 -0.00783484
8.59 	 -0.0062217
8.6 	 -0.00498199
8.61 	 -0.00419851
8.62 	 -0.00366962
8.63 	 -0.00316983
8.64 	 -0.00251482
8.65 	 -0.00145331
8.66 	 0.000290686
8.67 	 0.00272253
8.68 	 0.00535559
8.69 	 0.00741253
8.7 	 0.00833625
8.71 	 0.00812756
8.72 	 0.00721599
8.73 	 0.00606065
8.74 	 0.00488097
8.75 	 0.00367519
8.76 	 0.00237368
8.77 	 0.000948205
8.78 	 -0.000541442
8.79 	 -0.00193446
8.8 	 -0.00303662
8.81 	 -0.00376943
8.82 	 -0.00424957
8.83 	 -0.00467723
8.84 	 -0.00513819
8.85 	 -0.00551814
8.86 	 -0.00558065
8.87 	 -0.00511636
8.88 	 -0.00407185
8.89 	 -0.00260501
8.9 	 -0.00102655
8.91 	 0.000354217
8.92 	 0.00137514
8.93 	 0.00206451
8.94 	 0.00258056
8.95 	 0.00310565
8.96 	 0.00375257
8.97 	 0.00450856
8.98 	 0.00521359
8.99 	 0.00558828
9.0 	 0.00534229
9.01 	 0.00432264
9.02 	 0.00260489
9.03 	 0.000489231
9.04 	 -0.00158395
9.05 	 -0.00319813
9.06 	 -0.00414698
9.07 	 -0.00449831
9.08 	 -0.00447701
9.09 	 -0.0042957
9.1 	 -0.00407466
9.11 	 -0.00384348
9.12 	 -0.00355998
9.13 	 -0.00314066
9.14 	 -0.0025127
9.15 	 -0.00166814
9.16 	 -0.000711662
9.17 	 0.000108926
9.18 	 0.000463357
9.19 	 0.000157008
9.2 	 -0.000625185
9.21 	 -0.00134202
9.22 	 -0.00146456
9.23 	 -0.000857264
9.24 	 0.000210471
9.25 	 0.00139152
9.26 	 0.00252581
9.27 	 0.00356577
9.28 	 0.00434722
9.29 	 0.00458189
9.3 	 0.00411292
9.31 	 0.00309962
9.32 	 0.00188611
9.33 	 0.000694745
9.34 	 -0.000509294
9.35 	 -0.00182185
9.36 	 -0.00310458
9.37 	 -0.00396895
9.38 	 -0.00408525
9.39 	 -0.00345098
9.4 	 -0.0023274
9.41 	 -0.00100045
9.42 	 0.000316162
9.43 	 0.00142671
9.44 	 0.00216539
9.45 	 0.00250735
9.46 	 0.00259297
9.47 	 0.00258371
9.48 	 0.00250099
9.49 	 0.00222224
9.5 	 0.00162082
9.51 	 0.000708335
9.52 	 -0.000316358
9.53 	 -0.00112431
9.54 	 -0.0013937
9.55 	 -0.000967111
9.56 	 4.91927e-05
9.57 	 0.00130983
9.58 	 0.00240396
9.59 	 0.00309881
9.6 	 0.0034683
9.61 	 0.00377724
9.62 	 0.00421159
9.63 	 0.00470139
9.64 	 0.00497661
9.65 	 0.00476565
9.66 	 0.00399389
9.67 	 0.00291926
9.68 	 0.00208635
9.69 	 0.00196338
9.7 	 0.00247616
9.71 	 0.00295507
9.72 	 0.00263257
9.73 	 0.00121198
9.74 	 -0.000948857
9.75 	 -0.00302242
9.76 	 -0.00406481
9.77 	 -0.00345135
9.78 	 -0.00128583
9.79 	 0.00150951
9.8 	 0.00365871
9.81 	 0.00430574
9.82 	 0.00344779
9.83 	 0.00168626
9.84 	 -0.000309693
9.85 	 -0.00204464
9.86 	 -0.00313187
9.87 	 -0.00331674
9.88 	 -0.00266641
9.89 	 -0.00160471
9.9 	 -0.000647168
9.91 	 -8.95627e-05
9.92 	 8.35969e-05
9.93 	 9.04919e-05
9.94 	 0.000214859
9.95 	 0.000725022
9.96 	 0.00176473
9.97 	 0.00313204
9.98 	 0.00416735
9.99 	 0.00410508
10.0 	 0.0027112
10.01 	 0.000493249
10.02 	 -0.00180431
10.03 	 -0.00380526
10.04 	 -0.00552593
10.05 	 -0.00696821
10.06 	 -0.00792839
10.07 	 -0.00822349
10.08 	 -0.00793187
10.09 	 -0.00730367
10.1 	 -0.00647031
10.11 	 -0.00529892
10.12 	 -0.00357181
10.13 	 -0.00135846
10.14 	 0.000815833
10.15 	 0.00231535
10.16 	 0.00300153
10.17 	 0.00342864
10.18 	 0.00434462
10.19 	 0.00599533
10.2 	 0.00791911
10.21 	 0.00936029
10.22 	 0.00984069
10.23 	 0.00938376
10.24 	 0.00830296
10.25 	 0.00686468
10.26 	 0.00515452
10.27 	 0.00317715
10.28 	 0.000974172
10.29 	 -0.00139017
10.3 	 -0.00387726
10.31 	 -0.00639834
10.32 	 -0.00868983
10.33 	 -0.0103606
10.34 	 -0.0111205
10.35 	 -0.0109544
10.36 	 -0.0100821
10.37 	 -0.00878502
10.38 	 -0.00725491
10.39 	 -0.0055484
10.4 	 -0.00363181
10.41 	 -0.00146354
10.42 	 0.00093133
10.43 	 0.00341794
10.44 	 0.00576434
10.45 	 0.00771944
10.46 	 0.00910934
10.47 	 0.00987782
10.48 	 0.0100525
10.49 	 0.00968804
10.5 	 0.00883746
10.51 	 0.00755153
10.52 	 0.0058795
10.53 	 0.00386494
10.54 	 0.00155824
10.55 	 -0.000945637
10.56 	 -0.00348295
10.57 	 -0.00585758
10.58 	 -0.00791202
10.59 	 -0.00954896
10.6 	 -0.0106851
10.61 	 -0.0112163
10.62 	 -0.0110459
10.63 	 -0.010145
10.64 	 -0.0086071
10.65 	 -0.0066763
10.66 	 -0.00469349
10.67 	 -0.00295268
10.68 	 -0.00157591
10.69 	 -0.000497406
10.7 	 0.000474164
10.71 	 0.00155825
10.72 	 0.00287285
10.73 	 0.00433626
10.74 	 0.00570681
10.75 	 0.00674272
10.76 	 0.00732292
10.77 	 0.0074322
10.78 	 0.00709138
10.79 	 0.00634669
10.8 	 0.005303
10.81 	 0.00411171
10.82 	 0.00290005
10.83 	 0.00171656
10.84 	 0.000546674
10.85 	 -0.000628188
10.86 	 -0.0017883
10.87 	 -0.00287435
10.88 	 -0.00380351
10.89 	 -0.00447952
10.9 	 -0.00480699
10.91 	 -0.00472463
10.92 	 -0.00423751
10.93 	 -0.00341423
10.94 	 -0.00234814
10.95 	 -0.00111709
10.96 	 0.000231451
10.97 	 0.00167767
10.98 	 0.00321513
10.99 	 0.00479921
11.0 	 0.00627045
11.01 	 0.00735232
11.02 	 0.00778272
11.03 	 0.00747188
11.04 	 0.00652472
11.05 	 0.00513154
11.06 	 0.00349042
11.07 	 0.00183413
11.08 	 0.000438559
11.09 	 -0.00047616
11.1 	 -0.00084736
11.11 	 -0.0007858
11.12 	 -0.000566441
11.13 	 -0.000598859
11.14 	 -0.0012709
11.15 	 -0.00268957
11.16 	 -0.00452852
11.17 	 -0.00615045
11.18 	 -0.00695936
11.19 	 -0.00674265
11.2 	 -0.00574293
11.21 	 -0.00442056
11.22 	 -0.0031403
11.23 	 -0.00203941
11.24 	 -0.00110044
11.25 	 -0.000263099
11.26 	 0.000538728
11.27 	 0.00137714
11.28 	 0.00229643
11.29 	 0.00325918
11.3 	 0.00413806
11.31 	 0.00477408
11.32 	 0.00505494
11.33 	 0.00495684
11.34 	 0.00453425
11.35 	 0.00388086
11.36 	 0.00309133
11.37 	 0.00223828
11.38 	 0.00136492
11.39 	 0.000490228
11.4 	 -0.000377727
11.41 	 -0.00122599
11.42 	 -0.00202592
11.43 	 -0.00273169
11.44 	 -0.00328573
11.45 	 -0.00362854
11.46 	 -0.00372195
11.47 	 -0.00358704
11.48 	 -0.00331979
11.49 	 -0.00304995
11.5 	 -0.00287607
11.51 	 -0.00282911
11.52 	 -0.00285164
11.53 	 -0.00277897
11.54 	 -0.00238684
11.55 	 -0.00153359
11.56 	 -0.000271143
11.57 	 0.00121034
11.58 	 0.00273205
11.59 	 0.00417136
11.6 	 0.005374
11.61 	 0.00612363
11.62 	 0.00626999
11.63 	 0.00585795
11.64 	 0.0050809
11.65 	 0.00411905
11.66 	 0.00304921
11.67 	 0.00187897
11.68 	 0.00060793
11.69 	 -0.000756578
11.7 	 -0.00220329
11.71 	 -0.0037011
11.72 	 -0.00517685
11.73 	 -0.00652185
11.74 	 -0.00763021
11.75 	 -0.0084364
11.76 	 -0.0089191
11.77 	 -0.0090745
11.78 	 -0.00889673
11.79 	 -0.00839041
11.8 	 -0.00759464
11.81 	 -0.0065848
11.82 	 -0.00544821
11.83 	 -0.00425026
11.84 	 -0.00300852
11.85 	 -0.00169824
11.86 	 -0.000299941
11.87 	 0.00114635
11.88 	 0.0025352
11.89 	 0.00374669
11.9 	 0.00470597
11.91 	 0.00540298
11.92 	 0.00587141
11.93 	 0.00616097
11.94 	 0.0063153
11.95 	 0.00633419
11.96 	 0.00613532
11.97 	 0.00558376
11.98 	 0.00459985
11.99 	 0.00324398
12.0 	 0.00168589
12.01 	 9.51122e-05
12.02 	 -0.001435
12.03 	 -0.00287036
12.04 	 -0.00417056
12.05 	 -0.00525923
12.06 	 -0.00605929
12.07 	 -0.00654154
12.08 	 -0.00672806
12.09 	 -0.00665357
12.1 	 -0.00632849
12.11 	 -0.00573244
12.12 	 -0.00483858
12.13 	 -0.00365235
12.14 	 -0.00223973
12.15 	 -0.000719205
12.16 	 0.000792784
12.17 	 0.00225138
12.18 	 0.00370132
12.19 	 0.00521699
12.2 	 0.00681628
12.21 	 0.00840684
12.22 	 0.00978382
12.23 	 0.0106947
12.24 	 0.0109641
12.25 	 0.0105933
12.26 	 0.00973852
12.27 	 0.00858987
12.28 	 0.00726711
12.29 	 0.00581369
12.3 	 0.00425657
12.31 	 0.00265059
12.32 	 0.00107154
12.33 	 -0.000413976
12.34 	 -0.00176299
12.35 	 -0.00294475
12.36 	 -0.00391926
12.37 	 -0.00463225
12.38 	 -0.00504511
12.39 	 -0.00516553
12.4 	 -0.00499242
12.41 	 -0.0043951
12.42 	 -0.00314862
12.43 	 -0.00122916
12.44 	 0.000952929
12.45 	 0.00275449
12.46 	 0.00376799
12.47 	 0.00403027
12.48 	 0.0038078
12.49 	 0.00332973
12.5 	 0.0027809
12.51 	 0.00240031
12.52 	 0.00241363
12.53 	 0.00284346
12.54 	 0.00342343
12.55 	 0.00370968
12.56 	 0.00331893
12.57 	 0.00214936
12.58 	 0.000424143
12.59 	 -0.00148639
12.6 	 -0.00329028
12.61 	 -0.00483191
12.62 	 -0.00600283
12.63 	 -0.00670562
12.64 	 -0.00693382
12.65 	 -0.00681632
12.66 	 -0.00651288
12.67 	 -0.00606601
12.68 	 -0.00540162
12.69 	 -0.0044967
12.7 	 -0.00351638
12.71 	 -0.00275196
12.72 	 -0.00240136
12.73 	 -0.0023704
12.74 	 -0.00226661
12.75 	 -0.00162926
12.76 	 -0.000245132
12.77 	 0.00167719
12.78 	 0.00358916
12.79 	 0.00489164
12.8 	 0.00525823
12.81 	 0.00477177
12.82 	 0.00377633
12.83 	 0.0025898
12.84 	 0.0013465
12.85 	 8.70023e-05
12.86 	 -0.00107368
12.87 	 -0.00194354
12.88 	 -0.00240602
12.89 	 -0.00249343
12.9 	 -0.00230542
12.91 	 -0.00196151
12.92 	 -0.00167343
12.93 	 -0.00175266
12.94 	 -0.00243256
12.95 	 -0.00365422
12.96 	 -0.00501964
12.97 	 -0.00597166
12.98 	 -0.00610735
12.99 	 -0.00541157
13.0 	 -0.00421851
13.01 	 -0.00293728
13.02 	 -0.00178859
13.03 	 -0.000757034
13.04 	 0.000261544
13.05 	 0.00130212
13.06 	 0.00230857
13.07 	 0.00321831
13.08 	 0.0040176
13.09 	 0.00470583
13.1 	 0.00523698
13.11 	 0.00552254
13.12 	 0.00549105
13.13 	 0.00513745
13.14 	 0.00452036
13.15 	 0.00372395
13.16 	 0.00282356
13.17 	 0.00187437
13.18 	 0.00091636
13.19 	 -1.81594e-05
13.2 	 -0.00089973
13.21 	 -0.00169842
13.22 	 -0.00238123
13.23 	 -0.00291233
13.24 	 -0.00325775
13.25 	 -0.00339283
13.26 	 -0.00330909
13.27 	 -0.00301858
13.28 	 -0.00255219
13.29 	 -0.0019466
13.3 	 -0.00122478
13.31 	 -0.000390793
13.32 	 0.000549486
13.33 	 0.00156237
13.34 	 0.00258491
13.35 	 0.00354884
13.36 	 0.00440384
13.37 	 0.00512181
13.38 	 0.00568761
13.39 	 0.00609216
13.4 	 0.00633518
13.41 	 0.00642845
13.42 	 0.00638298
13.43 	 0.00618419
13.44 	 0.00578945
13.45 	 0.00516675
13.46 	 0.00433932
13.47 	 0.00338695
13.48 	 0.002404
13.49 	 0.00145872
13.5 	 0.000584866
13.51 	 -0.00020262
13.52 	 -0.00088942
13.53 	 -0.00145062
13.54 	 -0.00184967
13.55 	 -0.00205022
13.56 	 -0.00203375
13.57 	 -0.00180672
13.58 	 -0.00138789
13.59 	 -0.000789973
13.6 	 -3.16638e-05
13.61 	 0.000810746
13.62 	 0.00157535
13.63 	 0.00207775
13.64 	 0.00222291
13.65 	 0.00204718
13.66 	 0.00164822
13.67 	 0.00108197
13.68 	 0.00032678
13.69 	 -0.000655994
13.7 	 -0.00182586
13.71 	 -0.00303679
13.72 	 -0.00412195
13.73 	 -0.00500398
13.74 	 -0.00571518
13.75 	 -0.00631961
13.76 	 -0.00682595
13.77 	 -0.00716514
13.78 	 -0.00723554
13.79 	 -0.00696933
13.8 	 -0.00636877
13.81 	 -0.00549333
13.82 	 -0.00442115
13.83 	 -0.00322113
13.84 	 -0.00194794
13.85 	 -0.000648405
13.86 	 0.000630813
13.87 	 0.00183582
13.88 	 0.00290438
13.89 	 0.00377762
13.9 	 0.0044167
13.91 	 0.0048077
13.92 	 0.00495222
13.93 	 0.00485687
13.94 	 0.00453301
13.95 	 0.00400449
13.96 	 0.00331369
13.97 	 0.00251328
13.98 	 0.00164152
13.99 	 0.000705286
14.0 	 -0.000301326
14.01 	 -0.00135582
14.02 	 -0.00239059
14.03 	 -0.00332215
14.04 	 -0.00409319
14.05 	 -0.00467912
14.06 	 -0.00505593
14.07 	 -0.00517812
14.08 	 -0.00500296
14.09 	 -0.00453355
14.1 	 -0.00382707
14.11 	 -0.00295966
14.12 	 -0.00198809
14.13 	 -0.000941135
14.14 	 0.000162285
14.15 	 0.00128597
14.16 	 0.00235873
14.17 	 0.00328418
14.18 	 0.00397798
14.19 	 0.0044014
14.2 	 0.00456079
14.21 	 0.00447977
14.22 	 0.00417641
14.23 	 0.00366273
14.24 	 0.00295594
14.25 	 0.00208415
14.26 	 0.00108443
14.27 	 3.43719e-06
14.28 	 -0.00109727
14.29 	 -0.00214356
14.3 	 -0.00306558
14.31 	 -0.0038159
14.32 	 -0.00437229
14.33 	 -0.00472637
14.34 	 -0.00487282
14.35 	 -0.00480849
14.36 	 -0.00453742
14.37 	 -0.00407432
14.38 	 -0.00344407
14.39 	 -0.00268138
14.4 	 -0.00183527
14.41 	 -0.000969489
14.42 	 -0.00013572
14.43 	 0.000673889
14.44 	 0.00154059
14.45 	 0.00255987
14.46 	 0.00373761
14.47 	 0.00491771
14.48 	 0.00581825
14.49 	 0.00618345
14.5 	 0.00593981
14.51 	 0.00521629
14.52 	 0.00421986
14.53 	 0.00309449
14.54 	 0.00187329
14.55 	 0.000526844
14.56 	 -0.000947862
14.57 	 -0.00246297
14.58 	 -0.00385476
14.59 	 -0.00497188
14.6 	 -0.00575108
14.61 	 -0.00620604
14.62 	 -0.00635619
14.63 	 -0.00618293
14.64 	 -0.00565248
14.65 	 -0.00476357
14.66 	 -0.00356277
14.67 	 -0.00211859
14.68 	 -0.000493941
14.69 	 0.00124518
14.7 	 0.00299739
14.71 	 0.00462299
14.72 	 0.00599251
14.73 	 0.00703995
14.74 	 0.00776475
14.75 	 0.00818861
14.76 	 0.00832038
14.77 	 0.00815694
14.78 	 0.00769603
14.79 	 0.00693353
14.8 	 0.00585988
14.81 	 0.00448222
14.82 	 0.00285773
14.83 	 0.00109713
14.84 	 -0.000670843
14.85 	 -0.00234054
14.86 	 -0.00384385
14.87 	 -0.00513933
14.88 	 -0.00619711
14.89 	 -0.00699424
14.9 	 -0.00752287
14.91 	 -0.00779951
14.92 	 -0.0078426
14.93 	 -0.00760725
14.94 	 -0.00694624
14.95 	 -0.00568763
14.96 	 -0.00380722
14.97 	 -0.00154214
14.98 	 0.000691242
14.99 	 0.00253092
15.0 	 0.00385159
15.01 	 0.0047458
15.02 	 0.00535825
15.03 	 0.00574137
15.04 	 0.00583571
15.05 	 0.00556448
15.06 	 0.00495382
15.07 	 0.00416259
15.08 	 0.00338406
15.09 	 0.00272531
15.1 	 0.00218162
15.11 	 0.00168396
15.12 	 0.00113978
15.13 	 0.000468949
15.14 	 -0.000337509
15.15 	 -0.00118243
15.16 	 -0.00190922
15.17 	 -0.00239699
15.18 	 -0.00261905
15.19 	 -0.00262947
15.2 	 -0.00251145
15.21 	 -0.00233383
15.22 	 -0.0021343
15.23 	 -0.00192303
15.24 	 -0.00169436
15.25 	 -0.00143936
15.26 	 -0.00115848
15.27 	 -0.000874495
15.28 	 -0.000633848
15.29 	 -0.000476537
15.3 	 -0.000388181
15.31 	 -0.000292756
15.32 	 -0.000113015
15.33 	 0.000161182
15.34 	 0.000471865
15.35 	 0.000753685
15.36 	 0.000990581
15.37 	 0.0012222
15.38 	 0.0014926
15.39 	 0.00177025
15.4 	 0.0019171
15.41 	 0.00176736
15.42 	 0.00124886
15.43 	 0.000404318
15.44 	 -0.000688999
15.45 	 -0.00191802
15.46 	 -0.00299859
15.47 	 -0.00348205
15.48 	 -0.00309825
15.49 	 -0.00210152
15.5 	 -0.00113519
15.51 	 -0.000699246
15.52 	 -0.000798375
15.53 	 -0.0010848
15.54 	 -0.00122546
15.55 	 -0.00108828
15.56 	 -0.000683194
15.57 	 -6.35237e-05
15.58 	 0.000684811
15.59 	 0.00142921
15.6 	 0.00203528
15.61 	 0.00243522
15.62 	 0.00263536
15.63 	 0.00266426
15.64 	 0.00253776
15.65 	 0.00227218
15.66 	 0.00190046
15.67 	 0.00145581
15.68 	 0.000946976
15.69 	 0.000360454
15.7 	 -0.000313528
15.71 	 -0.00106204
15.72 	 -0.00185502
15.73 	 -0.00265757
15.74 	 -0.00341675
15.75 	 -0.0040332
15.76 	 -0.00437486
15.77 	 -0.00435013
15.78 	 -0.00396991
15.79 	 -0.00332732
15.8 	 -0.0025205
15.81 	 -0.00160413
15.82 	 -0.00060454
15.83 	 0.000446716
15.84 	 0.00150945
15.85 	 0.0025541
15.86 	 0.00356647
15.87 	 0.00452454
15.88 	 0.00537111
15.89 	 0.00601666
15.9 	 0.00637932
15.91 	 0.00642841
15.92 	 0.0061927
15.93 	 0.00573131
15.94 	 0.00510003
15.95 	 0.00433906
15.96 	 0.00348007
15.97 	 0.00255582
15.98 	 0.00160305
15.99 	 0.000661426
16.0 	 -0.000226979
16.01 	 -0.00101769
16.02 	 -0.00166658
16.03 	 -0.00213591
16.04 	 -0.00240081
16.05 	 -0.00245244
16.06 	 -0.00229551
16.07 	 -0.00194128
16.08 	 -0.00140719
16.09 	 -0.000733934
16.1 	 -2.88105e-06
16.11 	 0.000680535
16.12 	 0.00123615
16.13 	 0.00164304
16.14 	 0.00192554
16.15 	 0.00211078
16.16 	 0.00219028
16.17 	 0.00210231
16.18 	 0.00174909
16.19 	 0.00105183
16.2 	 -3.48996e-06
16.21 	 -0.00139519
16.22 	 -0.00311402
16.23 	 -0.00504698
16.24 	 -0.00674652
16.25 	 -0.00751871
16.26 	 -0.00699274
16.27 	 -0.00556574
16.28 	 -0.00409958
16.29 	 -0.00316954
16.3 	 -0.00269256
16.31 	 -0.00221308
16.32 	 -0.00138615
16.33 	 -0.000177017
16.34 	 0.0012431
16.35 	 0.00266088
16.36 	 0.00389581
16.37 	 0.00480908
16.38 	 0.00531139
16.39 	 0.00538247
16.4 	 0.00507442
16.41 	 0.00448131
16.42 	 0.00369339
16.43 	 0.00277377
16.44 	 0.00176947
16.45 	 0.000728007
16.46 	 -0.000306859
16.47 	 -0.00130682
16.48 	 -0.0022511
16.49 	 -0.00310349
16.5 	 -0.00380282
16.51 	 -0.00427741
16.52 	 -0.0044671
16.53 	 -0.00434362
16.54 	 -0.00393719
16.55 	 -0.00335295
16.56 	 -0.00273707
16.57 	 -0.0021987
16.58 	 -0.00175888
16.59 	 -0.00137657
16.6 	 -0.00101711
16.61 	 -0.000693178
16.62 	 -0.000454444
16.63 	 -0.000355358
16.64 	 -0.000437033
16.65 	 -0.000731666
16.66 	 -0.00126447
16.67 	 -0.00201967
16.68 	 -0.00288968
16.69 	 -0.00368659
16.7 	 -0.00424476
16.71 	 -0.00452269
16.72 	 -0.00459766
16.73 	 -0.00456886
16.74 	 -0.00447518
16.75 	 -0.00429089
16.76 	 -0.00396844
16.77 	 -0.00346988
16.78 	 -0.00277745
16.79 	 -0.00191438
16.8 	 -0.000973011
16.81 	 -9.97824e-05
16.82 	 0.000577564
16.83 	 0.00101547
16.84 	 0.00122967
16.85 	 0.00118687
16.86 	 0.00081696
16.87 	 0.000311632
16.88 	 0.000320593
16.89 	 0.00146495
16.9 	 0.00353413
16.91 	 0.005459
16.92 	 0.00624595
16.93 	 0.00578838
16.94 	 0.00471697
16.95 	 0.00367881
16.96 	 0.00290766
16.97 	 0.00233888
16.98 	 0.00188231
16.99 	 0.00149869
17.0 	 0.00111987
17.01 	 0.000625611
17.02 	 -6.3284e-05
17.03 	 -0.000891017
17.04 	 -0.00167817
17.05 	 -0.00222454
17.06 	 -0.00241354
17.07 	 -0.00224818
17.08 	 -0.00181619
17.09 	 -0.00122823
17.1 	 -0.000571091
17.11 	 0.000110494
17.12 	 0.00080833
17.13 	 0.00152903
17.14 	 0.00226796
17.15 	 0.00299664
17.16 	 0.00367089
17.17 	 0.00424649
17.18 	 0.0046868
17.19 	 0.00496268
17.2 	 0.00505454
17.21 	 0.00495975
17.22 	 0.00469731
17.23 	 0.00429994
17.24 	 0.00379482
17.25 	 0.00319096
17.26 	 0.00248897
17.27 	 0.00170418
17.28 	 0.000877089
17.29 	 6.13971e-05
17.3 	 -0.0006948
17.31 	 -0.00135661
17.32 	 -0.00190028
17.33 	 -0.00231394
17.34 	 -0.00260185
17.35 	 -0.00278057
17.36 	 -0.00286496
17.37 	 -0.00285819
17.38 	 -0.0027567
17.39 	 -0.0025635
17.4 	 -0.00229669
17.41 	 -0.00199157
17.42 	 -0.00169876
17.43 	 -0.0014625
17.44 	 -0.00127189
17.45 	 -0.00103532
17.46 	 -0.0006359
17.47 	 -3.14771e-05
17.48 	 0.000707377
17.49 	 0.00146093
17.5 	 0.00215455
17.51 	 0.00279175
17.52 	 0.00340057
17.53 	 0.0039524
17.54 	 0.00434537
17.55 	 0.00447851
17.56 	 0.0043359
17.57 	 0.00398826
17.58 	 0.00352177
17.59 	 0.00297932
17.6 	 0.00236243
17.61 	 0.00166309
17.62 	 0.000880553
17.63 	 2.12289e-05
17.64 	 -0.000896495
17.65 	 -0.00183229
17.66 	 -0.00272655
17.67 	 -0.00351964
17.68 	 -0.00417168
17.69 	 -0.00466804
17.7 	 -0.00501196
17.71 	 -0.00521463
17.72 	 -0.00528942
17.73 	 -0.00525007
17.74 	 -0.00511036
17.75 	 -0.00488541
17.76 	 -0.00460319
17.77 	 -0.0043288
17.78 	 -0.00415058
17.79 	 -0.00406259
17.8 	 -0.0038247
17.81 	 -0.0030089
17.82 	 -0.00128748
17.83 	 0.00125739
17.84 	 0.00408682
17.85 	 0.00649968
17.86 	 0.00805401
17.87 	 0.00877469
17.88 	 0.00900235
17.89 	 0.00907264
17.9 	 0.00911876
17.91 	 0.00909168
17.92 	 0.008875
17.93 	 0.00835893
17.94 	 0.0074617
17.95 	 0.00615284
17.96 	 0.00448966
17.97 	 0.00262427
17.98 	 0.00075611
17.99 	 -0.000939528
18.0 	 -0.00235777
18.01 	 -0.00346799
18.02 	 -0.00429181
18.03 	 -0.00487352
18.04 	 -0.00524949
18.05 	 -0.00542562
18.06 	 -0.00537713
18.07 	 -0.00507214
18.08 	 -0.0045017
18.09 	 -0.00369626
18.1 	 -0.00272309
18.11 	 -0.00167044
18.12 	 -0.000625759
18.13 	 0.000343178
18.14 	 0.00119355
18.15 	 0.00189766
18.16 	 0.00243034
18.17 	 0.00276596
18.18 	 0.00288435
18.19 	 0.00277612
18.2 	 0.00244317
18.21 	 0.00189725
18.22 	 0.00116045
18.23 	 0.000266615
18.24 	 -0.000739474
18.25 	 -0.00180899
18.26 	 -0.00290455
18.27 	 -0.00400738
18.28 	 -0.00507582
18.29 	 -0.00596395
18.3 	 -0.0064151
18.31 	 -0.00622533
18.32 	 -0.00545802
18.33 	 -0.00445514
18.34 	 -0.00358667
18.35 	 -0.00298742
18.36 	 -0.00253626
18.37 	 -0.00204619
18.38 	 -0.00143807
18.39 	 -0.000763188
18.4 	 -0.000130262
18.41 	 0.000356959
18.42 	 0.000628483
18.43 	 0.000670697
18.44 	 0.000534058
18.45 	 0.000299096
18.46 	 2.31519e-05
18.47 	 -0.000279961
18.48 	 -0.000617192
18.49 	 -0.000986674
18.5 	 -0.00136864
18.51 	 -0.0017316
18.52 	 -0.00203883
18.53 	 -0.00224812
18.54 	 -0.00231307
18.55 	 -0.00221738
18.56 	 -0.00204203
18.57 	 -0.00196323
18.58 	 -0.00209859
18.59 	 -0.00233647
18.6 	 -0.00238165
18.61 	 -0.00200474
18.62 	 -0.00122063
18.63 	 -0.000218212
18.64 	 0.000831066
18.65 	 0.00185127
18.66 	 0.00278414
18.67 	 0.00351922
18.68 	 0.00395017
18.69 	 0.0040748
18.7 	 0.00399598
18.71 	 0.00382037
18.72 	 0.00357786
18.73 	 0.00323617
18.74 	 0.00275741
18.75 	 0.00211675
18.76 	 0.00128639
18.77 	 0.000244759
18.78 	 -0.000966413
18.79 	 -0.00219157
18.8 	 -0.00319711
18.81 	 -0.00379431
18.82 	 -0.00394326
18.83 	 -0.00374012
18.84 	 -0.00331281
18.85 	 -0.00273196
18.86 	 -0.00199818
18.87 	 -0.00108125
18.88 	 3.19807e-05
18.89 	 0.00130098
18.9 	 0.00262417
18.91 	 0.00387505
18.92 	 0.00495744
18.93 	 0.00582965
18.94 	 0.00648323
18.95 	 0.00691089
18.96 	 0.00709807
18.97 	 0.00703573
18.98 	 0.00673124
18.99 	 0.00620629
19.0 	 0.00548952
19.01 	 0.00461437
19.02 	 0.00362381
19.03 	 0.0025759
19.04 	 0.00153926
19.05 	 0.000569427
19.06 	 -0.000319406
19.07 	 -0.00115102
19.08 	 -0.00194389
19.09 	 -0.00267168
19.1 	 -0.00327154
19.11 	 -0.00368829
19.12 	 -0.00390669
19.13 	 -0.00394783
19.14 	 -0.00384875
19.15 	 -0.00365074
19.16 	 -0.00339331
19.17 	 -0.00309597
19.18 	 -0.00274032
19.19 	 -0.00228639
19.2 	 -0.00172071
19.21 	 -0.00108642
19.22 	 -0.000462981
19.23 	 7.9319e-05
19.24 	 0.000505286
19.25 	 0.000808875
19.26 	 0.000996047
19.27 	 0.00107428
19.28 	 0.00104737
19.29 	 0.000911359
19.3 	 0.000656694
19.31 	 0.000279684
19.32 	 -0.000206621
19.33 	 -0.000772882
19.34 	 -0.00138314
19.35 	 -0.00200335
19.36 	 -0.00260363
19.37 	 -0.00315737
19.38 	 -0.00364289
19.39 	 -0.00405156
19.4 	 -0.00439264
19.41 	 -0.00466563
19.42 	 -0.00480359
19.43 	 -0.00466577
19.44 	 -0.00413419
19.45 	 -0.00322746
19.46 	 -0.00209654
19.47 	 -0.000906107
19.48 	 0.000268314
19.49 	 0.0014475
19.5 	 0.00268518
19.51 	 0.0039741
19.52 	 0.0051638
19.53 	 0.00597806
19.54 	 0.00615909
19.55 	 0.00560325
19.56 	 0.00437647
19.57 	 0.00271001
19.58 	 0.00106545
19.59 	 7.03623e-05
19.6 	 0.000114391
19.61 	 0.000877847
19.62 	 0.00138216
19.63 	 0.000711288
19.64 	 -0.00120825
19.65 	 -0.00352568
19.66 	 -0.00514844
19.67 	 -0.00550545
19.68 	 -0.00472853
19.69 	 -0.00328527
19.7 	 -0.00160708
19.71 	 -3.57652e-05
19.72 	 0.00110822
19.73 	 0.0016134
19.74 	 0.00153511
19.75 	 0.00115288
19.76 	 0.000729614
19.77 	 0.000379643
19.78 	 0.000206187
19.79 	 0.000450538
19.8 	 0.00132963
19.81 	 0.00268335
19.82 	 0.00390561
19.83 	 0.00435112
19.84 	 0.00382465
19.85 	 0.00265556
19.86 	 0.00135944
19.87 	 0.000300295
19.88 	 -0.000385027
19.89 	 -0.000705618
19.9 	 -0.000759891
19.91 	 -0.000709104
19.92 	 -0.000704068
19.93 	 -0.00079213
19.94 	 -0.000917592
19.95 	 -0.00103413
19.96 	 -0.00119251
19.97 	 -0.00148167
19.98 	 -0.00188452
19.99 	 -0.00222763
20.0 	 -0.00230311
20.01 	 -0.00204157
20.02 	 -0.00155765
20.03 	 -0.00103776
20.04 	 -0.000600271
20.05 	 -0.000252103
20.06 	 6.0135e-05
20.07 	 0.000385347
20.08 	 0.000742941
20.09 	 0.00112943
20.1 	 0.00152783
20.11 	 0.00190979
20.12 	 0.00223824
20.13 	 0.00247719
20.14 	 0.00260494
20.15 	 0.00262175
20.16 	 0.00254706
20.17 	 0.00240884
20.18 	 0.00223223
20.19 	 0.00203292
20.2 	 0.00181595
20.21 	 0.00157876
20.22 	 0.00131801
20.23 	 0.00103787
20.24 	 0.000756818
20.25 	 0.000508672
20.26 	 0.000325193
20.27 	 0.000197834
20.28 	 5.68009e-05
20.29 	 -0.0001891
20.3 	 -0.000579466
20.31 	 -0.00107504
20.32 	 -0.00159595
20.33 	 -0.00206345
20.34 	 -0.00240545
20.35 	 -0.00256026
20.36 	 -0.00250698
20.37 	 -0.00228799
20.38 	 -0.00198391
20.39 	 -0.00166031
20.4 	 -0.00133698
20.41 	 -0.000998312
20.42 	 -0.000623043
20.43 	 -0.000205536
20.44 	 0.000239743
20.45 	 0.000685724
20.46 	 0.00110417
20.47 	 0.00147269
20.48 	 0.00177366
20.49 	 0.00199123
20.5 	 0.00211391
20.51 	 0.0021382
20.52 	 0.00206451
20.53 	 0.00189041
20.54 	 0.00161374
20.55 	 0.00124407
20.56 	 0.000807387
20.57 	 0.000337335
20.58 	 -0.000136867
20.59 	 -0.000594038
20.6 	 -0.00101662
20.61 	 -0.00138676
20.62 	 -0.00168766
20.63 	 -0.00190686
20.64 	 -0.00203728
20.65 	 -0.00207567
20.66 	 -0.00202144
20.67 	 -0.00187735
20.68 	 -0.0016511
20.69 	 -0.00135631
20.7 	 -0.00101192
20.71 	 -0.000639625
20.72 	 -0.000260487
20.73 	 0.000107212
20.74 	 0.000447814
20.75 	 0.000747247
20.76 	 0.00099307
20.77 	 0.00117562
20.78 	 0.00128867
20.79 	 0.0013289
20.8 	 0.00129545
20.81 	 0.0011905
20.82 	 0.00102036
20.83 	 0.00079572
20.84 	 0.00053041
20.85 	 0.000239854
20.86 	 -6.00696e-05
20.87 	 -0.000353656
20.88 	 -0.000626001
20.89 	 -0.00086379
20.9 	 -0.00105598
20.91 	 -0.00119416
20.92 	 -0.00127266
20.93 	 -0.00128868
20.94 	 -0.00124246
20.95 	 -0.00113731
20.96 	 -0.000979535
20.97 	 -0.00077808
20.98 	 -0.000543957
20.99 	 -0.000289597
21.0 	 -2.81251e-05
21.01 	 0.000227355
21.02 	 0.00046442
21.03 	 0.000671916
21.04 	 0.000840453
21.05 	 0.000962794
21.06 	 0.00103414
21.07 	 0.00105229
21.08 	 0.00101773
21.09 	 0.000933532
21.1 	 0.000805172
21.11 	 0.000640206
21.12 	 0.000447839
21.13 	 0.000238403
21.14 	 2.28072e-05
21.15 	 -0.000188036
21.16 	 -0.000383754
21.17 	 -0.000555017
21.18 	 -0.000676567
21.19 	 -0.000747451
