0.0 	 0.00196449
0.0381970978744 	 0.00406605
0.0763941957488 	 0.00837595
0.114591293623 	 0.00982483
0.152788391498 	 0.0201295
0.190985489372 	 0.00659444
0.229182587246 	 0.00578967
0.267379685121 	 0.00626252
0.305576782995 	 0.00404995
0.34377388087 	 0.00295255
0.381970978744 	 0.00261002
0.420168076618 	 0.00179948
0.458365174493 	 0.00233859
0.496562272367 	 0.00167741
0.534759370242 	 0.00137013
0.572956468116 	 0.00250953
0.61115356599 	 0.000357312
0.649350663865 	 0.000517006
0.687547761739 	 0.00117808
0.725744859614 	 0.00163168
0.763941957488 	 0.000527055
0.802139055362 	 0.00158253
0.840336153237 	 0.00194873
0.878533251111 	 0.000662315
0.916730348986 	 0.000337941
0.95492744686 	 0.0019523
0.993124544734 	 0.00066872
1.03132164261 	 0.00128149
1.06951874048 	 0.000167046
1.10771583836 	 0.000770406
1.14591293623 	 0.000168279
1.18411003411 	 0.000525429
1.22230713198 	 0.000261971
1.26050422986 	 0.000407548
1.29870132773 	 0.000169598
1.3368984256 	 0.000653918
1.37509552348 	 0.000518408
1.41329262135 	 0.00073084
1.45148971923 	 0.000299744
1.4896868171 	 0.000123247
1.52788391498 	 0.00040636
1.56608101285 	 0.000645109
1.60427811072 	 0.000356396
1.6424752086 	 3.64786e-05
1.68067230647 	 0.000128779
1.71886940435 	 0.000112345
1.75706650222 	 0.000203354
1.7952636001 	 0.000259085
1.83346069797 	 0.000409973
1.87165779585 	 0.000255402
1.90985489372 	 0.000454868
1.94805199159 	 0.000205051
1.98624908947 	 0.000326566
2.02444618734 	 0.000330175
2.06264328522 	 0.000477928
2.10084038309 	 0.000541488
2.13903748097 	 0.000378183
2.17723457884 	 0.000184049
2.21543167672 	 0.000307306
2.25362877459 	 0.000288337
2.29182587246 	 0.000434129
2.33002297034 	 0.000281056
2.36822006821 	 0.000284867
2.40641716609 	 0.000338449
2.44461426396 	 0.000193762
2.48281136184 	 0.000129107
2.52100845971 	 0.000220964
2.55920555758 	 0.000351963
2.59740265546 	 0.000232138
2.63559975333 	 5.41322e-05
2.67379685121 	 0.000319898
2.71199394908 	 0.000214001
2.75019104696 	 9.19293e-05
2.78838814483 	 0.000124141
2.82658524271 	 0.000270063
2.86478234058 	 0.000115706
2.90297943845 	 0.000131481
2.94117653633 	 0.00029822
2.9793736342 	 0.00043849
3.01757073208 	 0.000370971
3.05576782995 	 1.45459e-05
3.09396492783 	 0.000232995
3.1321620257 	 0.000196517
3.17035912358 	 0.000107002
3.20855622145 	 0.000269023
3.24675331932 	 0.000469492
3.2849504172 	 0.000548406
3.32314751507 	 0.00049337
3.36134461295 	 0.000458505
3.39954171082 	 0.000724221
3.4377388087 	 0.000712213
3.47593590657 	 0.000333462
3.51413300444 	 0.00063995
3.55233010232 	 0.000833316
3.59052720019 	 0.000822582
3.62872429807 	 0.000972264
3.66692139594 	 0.00111947
3.70511849382 	 0.00137386
3.74331559169 	 0.000894454
3.78151268957 	 0.000827971
3.81970978744 	 0.000605977
3.85790688531 	 0.000582622
3.89610398319 	 0.000465575
3.93430108106 	 0.000208347
3.97249817894 	 7.76232e-05
4.01069527681 	 8.27741e-05
4.04889237469 	 9.35174e-05
4.08708947256 	 4.92677e-05
4.12528657043 	 1.72588e-05
4.16348366831 	 8.10038e-05
4.20168076618 	 8.92937e-05
4.23987786406 	 7.63678e-05
4.27807496193 	 7.99928e-05
4.31627205981 	 6.0056e-05
4.35446915768 	 6.74419e-05
4.39266625556 	 8.25337e-05
4.43086335343 	 7.73205e-05
4.4690604513 	 3.79241e-05
4.50725754918 	 2.5157e-05
4.54545464705 	 9.98984e-06
4.58365174493 	 1.76315e-05
4.6218488428 	 3.24838e-05
4.66004594068 	 6.61731e-06
4.69824303855 	 3.30593e-05
4.73644013643 	 5.5762e-05
4.7746372343 	 6.64241e-05
4.81283433217 	 6.32943e-05
4.85103143005 	 5.12343e-05
4.88922852792 	 4.92891e-05
4.9274256258 	 4.55244e-05
4.96562272367 	 4.79388e-05
5.00381982155 	 4.26956e-05
5.04201691942 	 3.72951e-05
5.08021401729 	 3.24063e-05
5.11841111517 	 3.42705e-05
5.15660821304 	 2.92183e-05
5.19480531092 	 4.13788e-05
5.23300240879 	 4.16206e-05
5.27119950667 	 4.13996e-05
5.30939660454 	 3.84527e-05
5.34759370242 	 3.30245e-05
5.38579080029 	 3.21546e-05
5.42398789816 	 2.93149e-05
5.46218499604 	 3.767e-05
5.50038209391 	 3.26597e-05
5.53857919179 	 3.00724e-05
5.57677628966 	 3.22934e-05
5.61497338754 	 4.09069e-05
5.65317048541 	 3.55087e-05
5.69136758329 	 3.30662e-05
5.72956468116 	 3.08013e-05
5.76776177903 	 2.93722e-05
5.80595887691 	 2.8794e-05
5.84415597478 	 3.1252e-05
5.88235307266 	 3.29583e-05
5.92055017053 	 2.71674e-05
5.95874726841 	 1.45375e-05
5.99694436628 	 1.68685e-05
6.03514146415 	 2.12448e-05
6.07333856203 	 1.94647e-05
6.1115356599 	 1.60119e-05
6.14973275778 	 1.59483e-05
6.18792985565 	 1.17972e-05
6.22612695353 	 1.21017e-05
6.2643240514 	 1.27742e-05
6.30252114928 	 1.42148e-05
6.34071824715 	 1.55204e-05
6.37891534502 	 9.86119e-06
6.4171124429 	 1.15999e-05
6.45530954077 	 1.42527e-05
6.49350663865 	 1.41944e-05
6.53170373652 	 1.60204e-05
6.5699008344 	 1.55135e-05
6.60809793227 	 1.71883e-05
6.64629503015 	 1.83868e-05
6.68449212802 	 2.26337e-05
6.72268922589 	 1.73478e-05
6.76088632377 	 1.83823e-05
6.79908342164 	 1.49284e-05
6.83728051952 	 1.45109e-05
6.87547761739 	 1.237e-05
6.91367471527 	 6.85631e-06
6.95187181314 	 9.51316e-06
6.99006891101 	 8.39421e-06
7.02826600889 	 6.47214e-06
7.06646310676 	 8.21078e-06
7.10466020464 	 8.19058e-06
7.14285730251 	 1.40545e-05
7.18105440039 	 7.51524e-06
7.21925149826 	 6.45669e-06
7.25744859614 	 2.85953e-06
7.29564569401 	 1.81137e-06
7.33384279188 	 6.27485e-06
7.37203988976 	 7.02108e-06
7.41023698763 	 8.4012e-06
7.44843408551 	 7.74077e-06
7.48663118338 	 4.28761e-06
7.52482828126 	 9.29166e-07
7.56302537913 	 4.84941e-06
7.60122247701 	 8.66097e-07
7.63941957488 	 2.21688e-06
7.67761667275 	 1.07887e-06
7.71581377063 	 3.91886e-06
7.7540108685 	 2.06026e-06
7.79220796638 	 6.46685e-06
7.83040506425 	 6.62985e-06
7.86860216213 	 6.32082e-06
7.90679926 	 6.28481e-06
7.94499635787 	 3.45794e-06
7.98319345575 	 1.27447e-06
8.02139055362 	 1.83863e-06
8.0595876515 	 2.65694e-06
8.09778474937 	 5.91748e-06
8.13598184725 	 5.71907e-06
8.17417894512 	 5.73451e-06
8.212376043 	 5.42664e-06
8.25057314087 	 3.74292e-06
8.28877023874 	 3.29725e-06
8.32696733662 	 1.47172e-06
8.36516443449 	 2.16629e-06
8.40336153237 	 4.10827e-06
8.44155863024 	 5.18338e-06
8.47975572812 	 6.94393e-06
8.51795282599 	 7.60791e-06
8.55614992387 	 9.95373e-06
8.59434702174 	 1.25698e-05
8.63254411961 	 1.50685e-05
8.67074121749 	 1.45502e-05
8.70893831536 	 1.49938e-05
8.74713541324 	 1.31649e-05
8.78533251111 	 1.36077e-05
8.82352960899 	 1.15352e-05
8.86172670686 	 1.15795e-05
8.89992380473 	 1.02397e-05
8.93812090261 	 8.17099e-06
8.97631800048 	 7.02425e-06
9.01451509836 	 5.00398e-06
9.05271219623 	 2.57061e-06
9.09090929411 	 1.11164e-06
9.12910639198 	 2.33665e-06
9.16730348986 	 2.42113e-06
9.20550058773 	 3.876e-06
9.2436976856 	 3.4976e-06
9.28189478348 	 4.02818e-06
9.32009188135 	 5.77241e-06
9.35828897923 	 6.03784e-06
9.3964860771 	 4.5158e-06
9.43468317498 	 5.1894e-06
9.47288027285 	 2.53793e-06
9.51107737073 	 1.98929e-06
9.5492744686 	 3.22579e-06
9.58747156647 	 4.79833e-06
9.62566866435 	 5.44677e-06
9.66386576222 	 4.50577e-06
9.7020628601 	 3.68476e-06
9.74025995797 	 3.26952e-06
9.77845705585 	 1.70972e-06
9.81665415372 	 3.89022e-06
9.85485125159 	 2.9521e-06
9.89304834947 	 5.39324e-06
9.93124544734 	 4.95386e-06
9.96944254522 	 3.47065e-06
10.0076396431 	 2.5244e-06
10.045836741 	 1.64332e-06
10.0840338388 	 2.15455e-06
10.1222309367 	 2.12529e-06
10.1604280346 	 1.45742e-06
10.1986251325 	 9.44699e-07
10.2368222303 	 2.76673e-06
10.2750193282 	 2.94228e-06
10.3132164261 	 1.72846e-06
10.351413524 	 3.41791e-06
10.3896106218 	 4.10197e-06
10.4278077197 	 3.61307e-06
10.4660048176 	 4.929e-06
10.5042019155 	 3.59175e-06
10.5423990133 	 3.76755e-06
10.5805961112 	 2.20394e-06
10.6187932091 	 1.54603e-06
10.656990307 	 1.0953e-07
10.6951874048 	 1.78189e-06
10.7333845027 	 2.11749e-06
10.7715816006 	 2.81859e-06
10.8097786985 	 3.01369e-06
10.8479757963 	 3.66494e-06
10.8861728942 	 2.58129e-06
10.9243699921 	 4.80696e-06
10.96256709 	 5.1433e-06
11.0007641878 	 5.09579e-06
11.0389612857 	 5.16619e-06
11.0771583836 	 4.81778e-06
11.1153554814 	 5.8774e-06
11.1535525793 	 6.66265e-06
11.1917496772 	 5.60255e-06
11.2299467751 	 5.95934e-06
11.2681438729 	 5.08904e-06
11.3063409708 	 4.03452e-06
11.3445380687 	 3.99376e-06
11.3827351666 	 2.6935e-06
11.4209322644 	 3.14568e-06
11.4591293623 	 3.31377e-06
11.4973264602 	 4.97868e-06
11.5355235581 	 5.77392e-06
11.5737206559 	 5.6885e-06
11.6119177538 	 5.98195e-06
11.6501148517 	 5.43538e-06
11.6883119496 	 6.12968e-06
11.7265090474 	 4.6042e-06
11.7647061453 	 3.45853e-06
11.8029032432 	 3.14858e-06
11.8411003411 	 4.85277e-06
11.8792974389 	 6.71875e-06
11.9174945368 	 7.06285e-06
11.9556916347 	 7.85025e-06
11.9938887326 	 8.24921e-06
12.0320858304 	 7.51984e-06
12.0702829283 	 7.84516e-06
12.1084800262 	 6.47237e-06
12.1466771241 	 5.95055e-06
12.1848742219 	 4.68852e-06
12.2230713198 	 4.90838e-06
12.2612684177 	 3.67196e-06
12.2994655156 	 3.59985e-06
12.3376626134 	 2.61627e-06
12.3758597113 	 2.07917e-06
12.4140568092 	 1.5738e-06
12.4522539071 	 1.32654e-06
12.4904510049 	 1.28559e-06
12.5286481028 	 5.58388e-07
12.5668452007 	 5.07844e-08
12.6050422986 	 5.19815e-07
12.6432393964 	 1.21121e-06
12.6814364943 	 1.79518e-06
12.7196335922 	 2.52492e-06
12.75783069 	 2.30883e-06
12.7960277879 	 1.86691e-06
12.8342248858 	 1.56225e-06
12.8724219837 	 1.29518e-06
12.9106190815 	 8.00826e-07
12.9488161794 	 5.63213e-07
12.9870132773 	 2.47624e-07
13.0252103752 	 8.57679e-07
13.063407473 	 8.64774e-07
13.1016045709 	 1.27025e-06
13.1398016688 	 1.2871e-06
13.1779987667 	 1.17671e-06
13.2161958645 	 9.76984e-07
13.2543929624 	 8.20763e-07
13.2925900603 	 7.77258e-07
13.3307871582 	 8.5513e-07
13.368984256 	 4.51531e-07
13.4071813539 	 7.34471e-07
13.4453784518 	 9.24428e-07
13.4835755497 	 4.43915e-07
13.5217726475 	 1.91178e-07
13.5599697454 	 1.19646e-07
13.5981668433 	 2.28043e-07
13.6363639412 	 1.12547e-07
13.674561039 	 3.24974e-07
13.7127581369 	 2.92243e-07
13.7509552348 	 2.6606e-07
13.7891523327 	 3.38219e-07
13.8273494305 	 2.89319e-07
13.8655465284 	 2.39996e-07
13.9037436263 	 2.0368e-07
13.9419407242 	 1.32382e-07
13.980137822 	 1.17169e-07
14.0183349199 	 8.44256e-08
14.0565320178 	 1.70717e-07
14.0947291157 	 1.69759e-07
14.1329262135 	 2.17316e-07
14.1711233114 	 3.65433e-07
14.2093204093 	 5.66068e-07
14.2475175072 	 5.56526e-07
14.285714605 	 5.83458e-07
14.3239117029 	 5.48949e-07
14.3621088008 	 4.80794e-07
14.4003058986 	 3.44309e-07
14.4385029965 	 3.45722e-07
14.4767000944 	 2.62581e-07
14.5148971923 	 2.06996e-07
14.5530942901 	 9.79488e-08
14.591291388 	 1.54739e-07
14.6294884859 	 1.74974e-07
14.6676855838 	 2.24606e-07
14.7058826816 	 3.47988e-07
14.7440797795 	 2.14687e-07
14.7822768774 	 3.06256e-07
14.8204739753 	 3.51917e-07
14.8586710731 	 4.39485e-07
14.896868171 	 3.43877e-07
14.9350652689 	 4.1075e-07
14.9732623668 	 3.12008e-07
15.0114594646 	 2.83821e-07
15.0496565625 	 2.6504e-07
15.0878536604 	 2.87108e-07
15.1260507583 	 3.6365e-07
15.1642478561 	 3.91396e-07
15.202444954 	 3.30847e-07
15.2406420519 	 3.6547e-07
15.2788391498 	 3.53262e-07
15.3170362476 	 2.94978e-07
15.3552333455 	 1.79e-07
15.3934304434 	 8.93503e-08
15.4316275413 	 7.63414e-08
15.4698246391 	 1.24163e-07
15.508021737 	 2.01342e-07
15.5462188349 	 2.37836e-07
15.5844159328 	 1.96369e-07
15.6226130306 	 2.76637e-07
15.6608101285 	 2.18592e-07
15.6990072264 	 1.87344e-07
15.7372043243 	 6.66802e-08
15.7754014221 	 4.40692e-08
15.81359852 	 8.8704e-08
15.8517956179 	 1.18411e-07
15.8899927157 	 2.20997e-07
15.9281898136 	 2.42022e-07
15.9663869115 	 1.5605e-07
16.0045840094 	 6.00064e-08
16.0427811072 	 1.26148e-07
16.0809782051 	 1.63319e-07
16.119175303 	 1.16194e-07
16.1573724009 	 2.07812e-07
16.1955694987 	 1.83546e-07
16.2337665966 	 2.06049e-07
16.2719636945 	 2.15171e-07
16.3101607924 	 2.23412e-07
16.3483578902 	 1.86753e-07
16.3865549881 	 1.15827e-07
16.424752086 	 1.14708e-07
16.4629491839 	 1.20142e-07
16.5011462817 	 6.69993e-08
16.5393433796 	 8.05756e-08
16.5775404775 	 4.1479e-08
16.6157375754 	 1.13685e-07
16.6539346732 	 9.97532e-08
16.6921317711 	 1.12564e-07
16.730328869 	 1.46195e-07
16.7685259669 	 1.24939e-07
16.8067230647 	 1.26538e-07
16.8449201626 	 1.3568e-07
16.8831172605 	 9.63155e-08
16.9213143584 	 7.38441e-08
16.9595114562 	 6.07017e-08
16.9977085541 	 7.72198e-08
17.035905652 	 8.69577e-08
17.0741027499 	 1.15723e-07
17.1122998477 	 1.98175e-07
17.1504969456 	 2.19188e-07
17.1886940435 	 2.58223e-07
17.2268911414 	 1.79557e-07
17.2650882392 	 1.58402e-07
17.3032853371 	 9.26047e-08
17.341482435 	 8.50481e-08
17.3796795329 	 1.2141e-07
17.4178766307 	 1.47951e-07
17.4560737286 	 1.466e-07
17.4942708265 	 1.19229e-07
17.5324679243 	 1.34709e-07
17.5706650222 	 1.04961e-07
17.6088621201 	 7.63053e-08
17.647059218 	 3.99886e-08
17.6852563158 	 7.35823e-08
17.7234534137 	 9.90055e-08
17.7616505116 	 1.53692e-07
17.7998476095 	 1.58127e-07
17.8380447073 	 1.2724e-07
17.8762418052 	 6.50506e-08
17.9144389031 	 3.05376e-08
17.952636001 	 2.06326e-08
17.9908330988 	 5.01422e-08
18.0290301967 	 4.78199e-08
18.0672272946 	 9.09123e-08
18.1054243925 	 8.62079e-08
18.1436214903 	 1.08775e-07
18.1818185882 	 1.08307e-07
18.2200156861 	 8.42633e-08
18.258212784 	 8.1027e-08
18.2964098818 	 8.9148e-08
18.3346069797 	 8.03619e-08
18.3728040776 	 7.22266e-08
18.4110011755 	 8.83945e-08
18.4491982733 	 1.01391e-07
18.4873953712 	 8.21851e-08
18.5255924691 	 7.27948e-08
18.563789567 	 6.0605e-08
18.6019866648 	 6.03284e-08
18.6401837627 	 6.41927e-08
18.6783808606 	 6.98217e-08
18.7165779585 	 4.80035e-08
18.7547750563 	 2.45941e-08
18.7929721542 	 1.485e-08
18.8311692521 	 3.23506e-08
18.86936635 	 4.00494e-08
18.9075634478 	 4.81538e-08
18.9457605457 	 4.35245e-08
18.9839576436 	 3.06994e-08
19.0221547415 	 1.37055e-08
19.0603518393 	 1.23228e-08
19.0985489372 	 4.06509e-08
19.1367460351 	 1.96418e-08
19.1749431329 	 1.91152e-08
19.2131402308 	 3.91188e-08
19.2513373287 	 3.13575e-08
19.2895344266 	 3.91359e-08
19.3277315244 	 3.41493e-08
19.3659286223 	 4.88779e-08
19.4041257202 	 3.37186e-08
19.4423228181 	 3.33093e-08
19.4805199159 	 4.35214e-08
19.5187170138 	 4.99458e-08
19.5569141117 	 4.35082e-08
19.5951112096 	 3.07151e-08
19.6333083074 	 4.22251e-08
19.6715054053 	 4.05679e-08
19.7097025032 	 3.67055e-08
19.7478996011 	 2.60863e-08
19.7860966989 	 2.15416e-08
19.8242937968 	 3.67777e-08
19.8624908947 	 5.41038e-08
19.9006879926 	 3.88501e-08
19.9388850904 	 3.12455e-08
19.9770821883 	 2.98724e-08
20.0152792862 	 2.49844e-08
20.0534763841 	 2.80131e-08
20.0916734819 	 1.94654e-08
20.1298705798 	 1.91166e-08
20.1680676777 	 1.47848e-08
20.2062647756 	 8.18313e-09
20.2444618734 	 1.39495e-08
20.2826589713 	 2.70397e-08
20.3208560692 	 1.45466e-08
20.3590531671 	 1.80851e-08
20.3972502649 	 2.12232e-08
20.4354473628 	 1.70875e-08
20.4736444607 	 2.20574e-08
20.5118415586 	 1.61764e-08
20.5500386564 	 6.16412e-09
20.5882357543 	 1.21921e-08
20.6264328522 	 2.44089e-08
20.66462995 	 1.44126e-08
20.7028270479 	 4.57076e-09
20.7410241458 	 1.26993e-08
20.7792212437 	 3.18606e-08
20.8174183415 	 3.02533e-08
20.8556154394 	 1.59051e-08
20.8938125373 	 4.42432e-09
20.9320096352 	 1.60847e-08
20.970206733 	 2.86614e-08
21.0084038309 	 2.12763e-08
21.0466009288 	 1.53048e-08
21.0847980267 	 4.89525e-09
21.1229951245 	 2.15127e-08
21.1611922224 	 2.33482e-08
21.1993893203 	 1.32385e-08
21.2375864182 	 3.39216e-09
21.275783516 	 6.67474e-09
21.3139806139 	 1.40407e-08
21.3521777118 	 1.74644e-08
21.3903748097 	 1.36443e-08
21.4285719075 	 6.43499e-09
21.4667690054 	 1.02571e-08
21.5049661033 	 1.59615e-08
21.5431632012 	 1.99002e-08
21.581360299 	 1.7284e-08
21.6195573969 	 1.15946e-08
21.6577544948 	 6.35718e-09
21.6959515927 	 1.13367e-08
21.7341486905 	 1.51722e-08
21.7723457884 	 1.99654e-08
21.8105428863 	 1.67605e-08
21.8487399842 	 1.67929e-08
21.886937082 	 9.88658e-09
21.9251341799 	 4.4779e-09
21.9633312778 	 9.50282e-09
22.0015283757 	 1.50256e-08
22.0397254735 	 1.52388e-08
22.0779225714 	 1.5464e-08
22.1161196693 	 1.02448e-08
22.1543167672 	 3.51294e-09
22.192513865 	 1.10875e-08
22.2307109629 	 1.95842e-08
22.2689080608 	 2.15678e-08
22.3071051586 	 1.70485e-08
22.3453022565 	 7.05563e-09
22.3834993544 	 6.72404e-09
22.4216964523 	 1.49864e-08
22.4598935501 	 1.97893e-08
22.498090648 	 2.10921e-08
22.5362877459 	 1.33101e-08
22.5744848438 	 5.31895e-09
22.6126819416 	 1.18743e-08
22.6508790395 	 1.70616e-08
22.6890761374 	 1.54923e-08
22.7272732353 	 7.10821e-09
22.7654703331 	 5.53202e-09
22.803667431 	 9.09285e-09
22.8418645289 	 1.39075e-08
22.8800616268 	 1.52418e-08
22.9182587246 	 1.28448e-08
22.9564558225 	 9.87279e-09
22.9946529204 	 1.10628e-08
23.0328500183 	 1.07948e-08
23.0710471161 	 1.13187e-08
23.109244214 	 1.26147e-08
23.1474413119 	 1.23275e-08
23.1856384098 	 1.08543e-08
23.2238355076 	 1.06567e-08
23.2620326055 	 1.24463e-08
23.3002297034 	 1.18534e-08
23.3384268013 	 1.06965e-08
23.3766238991 	 1.1081e-08
23.414820997 	 1.30777e-08
23.4530180949 	 1.15984e-08
23.4912151928 	 9.06081e-09
23.5294122906 	 9.4465e-09
23.5676093885 	 1.08167e-08
23.6058064864 	 1.03112e-08
23.6440035843 	 9.12882e-09
23.6822006821 	 8.28954e-09
23.72039778 	 1.23937e-08
23.7585948779 	 1.33181e-08
23.7967919758 	 1.14409e-08
23.8349890736 	 1.05096e-08
23.8731861715 	 1.02724e-08
23.9113832694 	 1.0463e-08
23.9495803672 	 1.04008e-08
23.9877774651 	 1.14811e-08
24.025974563 	 1.09746e-08
24.0641716609 	 1.05311e-08
24.1023687587 	 9.67263e-09
24.1405658566 	 1.14045e-08
24.1787629545 	 1.2445e-08
24.2169600524 	 1.12884e-08
24.2551571502 	 8.70712e-09
24.2933542481 	 8.7356e-09
24.331551346 	 1.07431e-08
24.3697484439 	 1.19749e-08
24.4079455417 	 1.15088e-08
24.4461426396 	 9.9317e-09
24.4843397375 	 8.1831e-09
24.5225368354 	 9.9262e-09
24.5607339332 	 1.08533e-08
24.5989310311 	 1.11647e-08
24.637128129 	 1.03441e-08
24.6753252269 	 9.52635e-09
24.7135223247 	 1.06838e-08
24.7517194226 	 1.13501e-08
24.7899165205 	 1.01945e-08
24.8281136184 	 9.56123e-09
24.8663107162 	 9.93045e-09
24.9045078141 	 1.07818e-08
24.942704912 	 1.09763e-08
24.9809020099 	 9.42812e-09
25.0190991077 	 8.68505e-09
25.0572962056 	 9.48727e-09
25.0954933035 	 1.10383e-08
25.1336904014 	 1.14725e-08
25.1718874992 	 1.09421e-08
25.2100845971 	 9.54067e-09
25.248281695 	 8.93812e-09
25.2864787929 	 9.65393e-09
25.3246758907 	 9.96544e-09
25.3628729886 	 9.43076e-09
25.4010700865 	 9.35837e-09
25.4392671843 	 9.06101e-09
25.4774642822 	 1.02802e-08
25.5156613801 	 1.06752e-08
25.553858478 	 1.04225e-08
25.5920555758 	 1.01843e-08
25.6302526737 	 9.52602e-09
25.6684497716 	 9.11117e-09
25.7066468695 	 9.30216e-09
25.7448439673 	 1.00458e-08
25.7830410652 	 9.73185e-09
25.8212381631 	 1.00893e-08
25.859435261 	 9.58442e-09
25.8976323588 	 9.13399e-09
25.9358294567 	 9.76852e-09
25.9740265546 	 9.85984e-09
26.0122236525 	 9.7895e-09
26.0504207503 	 9.47778e-09
26.0886178482 	 9.47292e-09
26.1268149461 	 9.63247e-09
26.165012044 	 9.46059e-09
26.2032091418 	 9.30839e-09
26.2414062397 	 9.72465e-09
26.2796033376 	 9.20862e-09
26.3178004355 	 8.70338e-09
26.3559975333 	 9.34558e-09
26.3941946312 	 1.00917e-08
26.4323917291 	 1.00655e-08
26.470588827 	 9.3835e-09
26.5087859248 	 8.92827e-09
26.5469830227 	 9.31547e-09
26.5851801206 	 9.50194e-09
26.6233772185 	 9.51362e-09
26.6615743163 	 9.08557e-09
26.6997714142 	 8.71056e-09
26.7379685121 	 8.75789e-09
26.77616561 	 9.3183e-09
26.8143627078 	 9.83706e-09
26.8525598057 	 9.874e-09
26.8907569036 	 9.49337e-09
26.9289540015 	 8.93919e-09
26.9671510993 	 8.65654e-09
27.0053481972 	 8.92627e-09
27.0435452951 	 9.08512e-09
27.0817423929 	 9.43565e-09
27.1199394908 	 9.38316e-09
27.1581365887 	 8.96557e-09
27.1963336866 	 8.9202e-09
27.2345307844 	 8.90377e-09
27.2727278823 	 9.13936e-09
27.3109249802 	 9.26809e-09
27.3491220781 	 9.10165e-09
27.3873191759 	 8.83529e-09
27.4255162738 	 8.72765e-09
27.4637133717 	 8.83466e-09
27.5019104696 	 9.07919e-09
27.5401075674 	 9.10855e-09
27.5783046653 	 9.1715e-09
27.6165017632 	 8.84989e-09
27.6546988611 	 8.49965e-09
27.6928959589 	 8.87474e-09
27.7310930568 	 9.14481e-09
27.7692901547 	 9.08066e-09
27.8074872526 	 8.83715e-09
27.8456843504 	 8.57935e-09
27.8838814483 	 8.5477e-09
27.9220785462 	 8.8637e-09
27.9602756441 	 8.99805e-09
27.9984727419 	 8.99011e-09
28.0366698398 	 8.6998e-09
28.0748669377 	 8.43189e-09
28.1130640356 	 8.67124e-09
28.1512611334 	 8.86451e-09
28.1894582313 	 8.84848e-09
28.2276553292 	 8.77101e-09
28.2658524271 	 8.53475e-09
28.3040495249 	 8.45194e-09
28.3422466228 	 8.64453e-09
28.3804437207 	 8.71939e-09
28.4186408186 	 8.65033e-09
28.4568379164 	 8.67973e-09
28.4950350143 	 8.63224e-09
28.5332321122 	 8.55248e-09
28.57142921 	 8.58534e-09
28.6096263079 	 8.53655e-09
28.6478234058 	 8.51449e-09
28.6860205037 	 8.51982e-09
28.7242176015 	 8.58254e-09
28.7624146994 	 8.48416e-09
28.8006117973 	 8.40472e-09
28.8388088952 	 8.35511e-09
28.877005993 	 8.50272e-09
28.9152030909 	 8.61114e-09
28.9534001888 	 8.54649e-09
28.9915972867 	 8.37578e-09
29.0297943845 	 8.29151e-09
29.0679914824 	 8.32012e-09
29.1061885803 	 8.45903e-09
29.1443856782 	 8.46475e-09
29.182582776 	 8.36222e-09
29.2207798739 	 8.29615e-09
29.2589769718 	 8.34901e-09
29.2971740697 	 8.35229e-09
29.3353711675 	 8.3249e-09
29.3735682654 	 8.25151e-09
29.4117653633 	 8.30847e-09
29.4499624612 	 8.28643e-09
29.488159559 	 8.28634e-09
29.5263566569 	 8.2737e-09
29.5645537548 	 8.29672e-09
29.6027508527 	 8.2943e-09
29.6409479505 	 8.21454e-09
29.6791450484 	 8.12205e-09
29.7173421463 	 8.14549e-09
29.7555392442 	 8.12198e-09
29.793736342 	 8.16919e-09
29.8319334399 	 8.20649e-09
29.8701305378 	 8.21509e-09
29.9083276357 	 8.19071e-09
29.9465247335 	 8.13838e-09
29.9847218314 	 8.12449e-09
30.0229189293 	 8.10505e-09
30.0611160272 	 8.05917e-09
30.099313125 	 8.07413e-09
30.1375102229 	 8.07955e-09
30.1757073208 	 8.0885e-09
30.2139044186 	 8.10229e-09
30.2521015165 	 8.05342e-09
30.2902986144 	 7.98021e-09
30.3284957123 	 7.99985e-09
30.3666928101 	 7.99668e-09
30.404889908 	 8.00827e-09
30.4430870059 	 8.04693e-09
30.4812841038 	 7.98355e-09
30.5194812016 	 7.95727e-09
30.5576782995 	 7.92276e-09
30.5958753974 	 7.93246e-09
30.6340724953 	 7.9488e-09
30.6722695931 	 7.92986e-09
30.710466691 	 7.92295e-09
30.7486637889 	 7.9156e-09
30.7868608868 	 7.90614e-09
30.8250579846 	 7.8917e-09
30.8632550825 	 7.85743e-09
30.9014521804 	 7.84992e-09
30.9396492783 	 7.84705e-09
30.9778463761 	 7.85809e-09
31.016043474 	 7.85163e-09
31.0542405719 	 7.82597e-09
31.0924376698 	 7.80293e-09
31.1306347676 	 7.83653e-09
31.1688318655 	 7.80992e-09
31.2070289634 	 7.7849e-09
31.2452260613 	 7.76036e-09
31.2834231591 	 7.784e-09
31.321620257 	 7.76952e-09
31.3598173549 	 7.7489e-09
31.3980144528 	 7.71343e-09
31.4362115506 	 7.69707e-09
31.4744086485 	 7.68776e-09
31.5126057464 	 7.72643e-09
31.5508028443 	 7.74726e-09
31.5889999421 	 7.69922e-09
31.62719704 	 7.65299e-09
31.6653941379 	 7.63479e-09
31.7035912358 	 7.68963e-09
31.7417883336 	 7.68224e-09
31.7799854315 	 7.64841e-09
31.8181825294 	 7.63987e-09
31.8563796272 	 7.62615e-09
31.8945767251 	 7.58215e-09
31.932773823 	 7.62465e-09
31.9709709209 	 7.59707e-09
32.0091680187 	 7.5804e-09
32.0473651166 	 7.53242e-09
32.0855622145 	 7.60263e-09
32.1237593124 	 7.58382e-09
32.1619564102 	 7.57332e-09
32.2001535081 	 7.54312e-09
32.238350606 	 7.53753e-09
32.2765477039 	 7.50047e-09
32.3147448017 	 7.4964e-09
32.3529418996 	 7.51849e-09
32.3911389975 	 7.54047e-09
32.4293360954 	 7.47554e-09
32.4675331932 	 7.47937e-09
32.5057302911 	 7.46127e-09
32.543927389 	 7.47895e-09
32.5821244869 	 7.46062e-09
32.6203215847 	 7.44267e-09
32.6585186826 	 7.4401e-09
32.6967157805 	 7.43973e-09
32.7349128784 	 7.41857e-09
32.7731099762 	 7.42906e-09
32.8113070741 	 7.4186e-09
32.849504172 	 7.39448e-09
32.8877012699 	 7.37407e-09
32.9258983677 	 7.37606e-09
32.9640954656 	 7.38778e-09
33.0022925635 	 7.35924e-09
33.0404896614 	 7.39029e-09
33.0786867592 	 7.33276e-09
33.1168838571 	 7.3347e-09
33.155080955 	 7.32347e-09
33.1932780529 	 7.31298e-09
33.2314751507 	 7.34138e-09
33.2696722486 	 7.32214e-09
33.3078693465 	 7.2987e-09
33.3460664443 	 7.30116e-09
33.3842635422 	 7.28144e-09
33.4224606401 	 7.29057e-09
33.460657738 	 7.25869e-09
33.4988548358 	 7.24875e-09
33.5370519337 	 7.25697e-09
33.5752490316 	 7.25387e-09
33.6134461295 	 7.25576e-09
33.6516432273 	 7.2355e-09
33.6898403252 	 7.22669e-09
33.7280374231 	 7.20996e-09
33.766234521 	 7.21136e-09
33.8044316188 	 7.18227e-09
33.8426287167 	 7.20952e-09
33.8808258146 	 7.18949e-09
33.9190229125 	 7.1898e-09
33.9572200103 	 7.17422e-09
33.9954171082 	 7.18108e-09
34.0336142061 	 7.15691e-09
34.071811304 	 7.13304e-09
34.1100084018 	 7.13738e-09
34.1482054997 	 7.14081e-09
34.1864025976 	 7.1055e-09
34.2245996955 	 7.13968e-09
34.2627967933 	 7.11383e-09
34.3009938912 	 7.12029e-09
34.3391909891 	 7.13633e-09
34.377388087 	 7.08277e-09
34.4155851848 	 7.09045e-09
34.4537822827 	 7.07135e-09
34.4919793806 	 7.06178e-09
34.5301764785 	 7.05725e-09
34.5683735763 	 7.07187e-09
34.6065706742 	 7.03486e-09
34.6447677721 	 7.05944e-09
34.68296487 	 7.04115e-09
34.7211619678 	 7.0478e-09
34.7593590657 	 6.99706e-09
34.7975561636 	 7.02736e-09
34.8357532615 	 7.01742e-09
34.8739503593 	 7.01429e-09
34.9121474572 	 6.98983e-09
34.9503445551 	 6.9957e-09
34.9885416529 	 6.98905e-09
35.0267387508 	 6.99098e-09
35.0649358487 	 6.95354e-09
35.1031329466 	 6.97319e-09
35.1413300444 	 6.9401e-09
35.1795271423 	 6.96512e-09
35.2177242402 	 6.94532e-09
35.2559213381 	 6.93677e-09
35.2941184359 	 6.9513e-09
35.3323155338 	 6.91211e-09
35.3705126317 	 6.93956e-09
35.4087097296 	 6.93266e-09
35.4469068274 	 6.88406e-09
35.4851039253 	 6.9079e-09
35.5233010232 	 6.89079e-09
35.5614981211 	 6.88529e-09
35.5996952189 	 6.86419e-09
35.6378923168 	 6.86581e-09
35.6760894147 	 6.89988e-09
35.7142865126 	 6.85945e-09
35.7524836104 	 6.86782e-09
35.7906807083 	 6.86423e-09
35.8288778062 	 6.8386e-09
35.8670749041 	 6.86261e-09
35.9052720019 	 6.82818e-09
35.9434690998 	 6.81931e-09
35.9816661977 	 6.81931e-09
36.0198632956 	 6.80735e-09
36.0580603934 	 6.82076e-09
36.0962574913 	 6.81065e-09
36.1344545892 	 6.78197e-09
36.1726516871 	 6.79577e-09
36.2108487849 	 6.7879e-09
36.2490458828 	 6.79211e-09
36.2872429807 	 6.78463e-09
36.3254400786 	 6.76038e-09
36.3636371764 	 6.76389e-09
36.4018342743 	 6.77571e-09
36.4400313722 	 6.73231e-09
36.4782284701 	 6.77058e-09
36.5164255679 	 6.74238e-09
36.5546226658 	 6.73465e-09
36.5928197637 	 6.7267e-09
36.6310168615 	 6.71609e-09
36.6692139594 	 6.7262e-09
36.7074110573 	 6.71192e-09
36.7456081552 	 6.70158e-09
36.783805253 	 6.72124e-09
36.8220023509 	 6.69463e-09
36.8601994488 	 6.7081e-09
36.8983965467 	 6.67463e-09
36.9365936445 	 6.69163e-09
36.9747907424 	 6.67592e-09
37.0129878403 	 6.65296e-09
37.0511849382 	 6.67511e-09
37.089382036 	 6.65845e-09
37.1275791339 	 6.64406e-09
37.1657762318 	 6.67202e-09
37.2039733297 	 6.64793e-09
37.2421704275 	 6.62659e-09
37.2803675254 	 6.6447e-09
37.3185646233 	 6.62165e-09
37.3567617212 	 6.61233e-09
37.394958819 	 6.61992e-09
37.4331559169 	 6.62289e-09
37.4713530148 	 6.64565e-09
37.5095501127 	 6.60534e-09
37.5477472105 	 6.60914e-09
37.5859443084 	 6.58619e-09
37.6241414063 	 6.57e-09
37.6623385042 	 6.58153e-09
37.700535602 	 6.56942e-09
37.7387326999 	 6.57144e-09
37.7769297978 	 6.57487e-09
37.8151268957 	 6.55675e-09
37.8533239935 	 6.57371e-09
37.8915210914 	 6.5472e-09
37.9297181893 	 6.57895e-09
37.9679152872 	 6.54753e-09
38.006112385 	 6.55e-09
38.0443094829 	 6.53398e-09
38.0825065808 	 6.50467e-09
38.1207036786 	 6.5279e-09
38.1589007765 	 6.52729e-09
38.1970978744 	 6.52063e-09
38.2352949723 	 6.52409e-09
38.2734920701 	 6.51238e-09
38.311689168 	 6.49496e-09
38.3498862659 	 6.4787e-09
38.3880833638 	 6.51516e-09
38.4262804616 	 6.46791e-09
38.4644775595 	 6.50978e-09
38.5026746574 	 6.4948e-09
38.5408717553 	 6.46447e-09
38.5790688531 	 6.50257e-09
38.617265951 	 6.4524e-09
38.6554630489 	 6.44939e-09
38.6936601468 	 6.46787e-09
38.7318572446 	 6.4347e-09
38.7700543425 	 6.47379e-09
38.8082514404 	 6.41211e-09
38.8464485383 	 6.44834e-09
38.8846456361 	 6.45634e-09
38.922842734 	 6.42337e-09
38.9610398319 	 6.4544e-09
38.9992369298 	 6.42821e-09
39.0374340276 	 6.42301e-09
39.0756311255 	 6.41716e-09
39.1138282234 	 6.38223e-09
39.1520253213 	 6.43096e-09
39.1902224191 	 6.40163e-09
39.228419517 	 6.38366e-09
39.2666166149 	 6.42099e-09
39.3048137128 	 6.39097e-09
39.3430108106 	 6.36736e-09
39.3812079085 	 6.37305e-09
39.4194050064 	 6.37506e-09
39.4576021043 	 6.39545e-09
39.4957992021 	 6.37624e-09
39.5339963 	 6.38218e-09
39.5721933979 	 6.39076e-09
39.6103904958 	 6.33961e-09
39.6485875936 	 6.337e-09
39.6867846915 	 6.35044e-09
39.7249817894 	 6.35308e-09
39.7631788872 	 6.34102e-09
39.8013759851 	 6.3214e-09
39.839573083 	 6.36113e-09
39.8777701809 	 6.32666e-09
39.9159672787 	 6.32504e-09
39.9541643766 	 6.32873e-09
39.9923614745 	 6.35181e-09
40.0305585724 	 6.30795e-09
40.0687556702 	 6.31361e-09
40.1069527681 	 6.31561e-09
40.145149866 	 6.30998e-09
40.1833469639 	 6.265e-09
40.2215440617 	 6.31654e-09
40.2597411596 	 6.29959e-09
40.2979382575 	 6.28413e-09
40.3361353554 	 6.28744e-09
40.3743324532 	 6.30173e-09
40.4125295511 	 6.27425e-09
40.450726649 	 6.27398e-09
40.4889237469 	 6.28833e-09
40.5271208447 	 6.28169e-09
40.5653179426 	 6.2643e-09
40.6035150405 	 6.26853e-09
40.6417121384 	 6.22758e-09
40.6799092362 	 6.25596e-09
40.7181063341 	 6.26615e-09
40.756303432 	 6.25445e-09
40.7945005299 	 6.26318e-09
40.8326976277 	 6.24637e-09
40.8708947256 	 6.24371e-09
40.9090918235 	 6.23373e-09
40.9472889214 	 6.21161e-09
40.9854860192 	 6.22454e-09
41.0236831171 	 6.21886e-09
41.061880215 	 6.26109e-09
41.1000773129 	 6.21647e-09
41.1382744107 	 6.21984e-09
41.1764715086 	 6.20727e-09
41.2146686065 	 6.21598e-09
41.2528657043 	 6.2069e-09
41.2910628022 	 6.18257e-09
41.3292599001 	 6.20536e-09
41.367456998 	 6.21662e-09
41.4056540958 	 6.18126e-09
41.4438511937 	 6.21484e-09
41.4820482916 	 6.19263e-09
41.5202453895 	 6.17584e-09
41.5584424873 	 6.18041e-09
41.5966395852 	 6.19351e-09
41.6348366831 	 6.16864e-09
41.673033781 	 6.1407e-09
41.7112308788 	 6.18856e-09
41.7494279767 	 6.16962e-09
41.7876250746 	 6.16736e-09
41.8258221725 	 6.16612e-09
41.8640192703 	 6.17669e-09
41.9022163682 	 6.15207e-09
41.9404134661 	 6.13945e-09
41.978610564 	 6.15913e-09
42.0168076618 	 6.15341e-09
42.0550047597 	 6.14664e-09
42.0932018576 	 6.12926e-09
42.1313989555 	 6.14102e-09
42.1695960533 	 6.14484e-09
42.2077931512 	 6.11215e-09
42.2459902491 	 6.13859e-09
42.284187347 	 6.13841e-09
42.3223844448 	 6.13356e-09
42.3605815427 	 6.13306e-09
42.3987786406 	 6.10178e-09
42.4369757385 	 6.12575e-09
42.4751728363 	 6.10417e-09
42.5133699342 	 6.10592e-09
42.5515670321 	 6.1062e-09
42.58976413 	 6.09645e-09
42.6279612278 	 6.13568e-09
42.6661583257 	 6.10977e-09
42.7043554236 	 6.09817e-09
42.7425525215 	 6.08777e-09
42.7807496193 	 6.08261e-09
42.8189467172 	 6.09476e-09
42.8571438151 	 6.10616e-09
42.8953409129 	 6.06767e-09
42.9335380108 	 6.08878e-09
42.9717351087 	 6.06648e-09
43.0099322066 	 6.08239e-09
43.0481293044 	 6.07545e-09
43.0863264023 	 6.07474e-09
43.1245235002 	 6.08325e-09
43.1627205981 	 6.0905e-09
43.2009176959 	 6.07013e-09
43.2391147938 	 6.05314e-09
43.2773118917 	 6.03551e-09
43.3155089896 	 6.09075e-09
43.3537060874 	 6.04706e-09
43.3919031853 	 6.0596e-09
43.4301002832 	 6.05076e-09
43.4682973811 	 6.04373e-09
43.5064944789 	 6.04435e-09
43.5446915768 	 6.02926e-09
43.5828886747 	 6.02933e-09
43.6210857726 	 6.06864e-09
43.6592828704 	 6.03893e-09
43.6974799683 	 6.07547e-09
43.7356770662 	 6.03673e-09
43.7738741641 	 6.03565e-09
43.8120712619 	 6.02665e-09
43.8502683598 	 6.00645e-09
43.8884654577 	 6.01773e-09
43.9266625556 	 6.015e-09
43.9648596534 	 6.00589e-09
44.0030567513 	 6.03264e-09
44.0412538492 	 6.02817e-09
44.0794509471 	 6.03285e-09
44.1176480449 	 6.0196e-09
44.1558451428 	 6.01691e-09
44.1940422407 	 6.00831e-09
44.2322393386 	 5.98468e-09
44.2704364364 	 6.02371e-09
44.3086335343 	 6.00267e-09
44.3468306322 	 5.99301e-09
44.3850277301 	 6.02202e-09
44.4232248279 	 6.01125e-09
44.4614219258 	 5.95961e-09
44.4996190237 	 5.99658e-09
44.5378161215 	 5.98385e-09
44.5760132194 	 5.99803e-09
44.6142103173 	 5.96826e-09
44.6524074152 	 6.01439e-09
44.690604513 	 5.9959e-09
44.7288016109 	 5.98313e-09
44.7669987088 	 5.99152e-09
44.8051958067 	 5.98663e-09
44.8433929045 	 5.94483e-09
44.8815900024 	 5.97411e-09
44.9197871003 	 5.98765e-09
44.9579841982 	 5.96272e-09
44.996181296 	 5.96877e-09
45.0343783939 	 5.97335e-09
45.0725754918 	 5.98476e-09
45.1107725897 	 5.97406e-09
45.1489696875 	 5.95255e-09
45.1871667854 	 5.9627e-09
45.2253638833 	 5.95757e-09
45.2635609812 	 5.95564e-09
45.301758079 	 5.97938e-09
45.3399551769 	 5.93541e-09
45.3781522748 	 5.95442e-09
45.4163493727 	 5.96304e-09
45.4545464705 	 5.94394e-09
45.4927435684 	 5.93815e-09
45.5309406663 	 5.96125e-09
45.5691377642 	 5.95528e-09
45.607334862 	 5.94925e-09
45.6455319599 	 5.95443e-09
45.6837290578 	 5.94927e-09
45.7219261557 	 5.92232e-09
45.7601232535 	 5.92057e-09
45.7983203514 	 5.95858e-09
45.8365174493 	 5.93791e-09
45.8747145472 	 5.92468e-09
45.912911645 	 5.94221e-09
45.9511087429 	 5.93777e-09
45.9893058408 	 5.91562e-09
46.0275029386 	 5.91714e-09
46.0657000365 	 5.94374e-09
46.1038971344 	 5.93186e-09
46.1420942323 	 5.92809e-09
46.1802913301 	 5.93688e-09
46.218488428 	 5.94472e-09
46.2566855259 	 5.90586e-09
46.2948826238 	 5.89868e-09
46.3330797216 	 5.92424e-09
46.3712768195 	 5.92682e-09
46.4094739174 	 5.89653e-09
46.4476710153 	 5.91979e-09
46.4858681131 	 5.93601e-09
46.524065211 	 5.92311e-09
46.5622623089 	 5.90066e-09
46.6004594068 	 5.91314e-09
46.6386565046 	 5.91352e-09
46.6768536025 	 5.88346e-09
46.7150507004 	 5.90433e-09
46.7532477983 	 5.94752e-09
46.7914448961 	 5.90561e-09
46.829641994 	 5.88699e-09
46.8678390919 	 5.91558e-09
46.9060361898 	 5.8983e-09
46.9442332876 	 5.88202e-09
46.9824303855 	 5.89519e-09
47.0206274834 	 5.91009e-09
47.0588245813 	 5.89463e-09
47.0970216791 	 5.91489e-09
47.135218777 	 5.91571e-09
47.1734158749 	 5.8822e-09
47.2116129728 	 5.89905e-09
47.2498100706 	 5.8703e-09
47.2880071685 	 5.89406e-09
47.3262042664 	 5.88112e-09
47.3644013643 	 5.90133e-09
47.4025984621 	 5.918e-09
47.44079556 	 5.89638e-09
47.4789926579 	 5.87037e-09
47.5171897558 	 5.90703e-09
47.5553868536 	 5.85689e-09
47.5935839515 	 5.89196e-09
47.6317810494 	 5.89041e-09
47.6699781472 	 5.87652e-09
47.7081752451 	 5.87217e-09
47.746372343 	 5.88929e-09
47.7845694409 	 5.89123e-09
47.8227665387 	 5.87631e-09
47.8609636366 	 5.88862e-09
47.8991607345 	 5.87849e-09
47.9373578324 	 5.88589e-09
47.9755549302 	 5.87779e-09
48.0137520281 	 5.88138e-09
48.051949126 	 5.88443e-09
48.0901462239 	 5.86303e-09
48.1283433217 	 5.87274e-09
48.1665404196 	 5.88261e-09
48.2047375175 	 5.85997e-09
48.2429346154 	 5.88476e-09
48.2811317132 	 5.85485e-09
48.3193288111 	 5.88201e-09
48.357525909 	 5.88526e-09
48.3957230069 	 5.87829e-09
48.4339201047 	 5.90137e-09
48.4721172026 	 5.85561e-09
48.5103143005 	 5.82505e-09
48.5485113984 	 5.86914e-09
48.5867084962 	 5.87348e-09
48.6249055941 	 5.86583e-09
48.663102692 	 5.89694e-09
48.7012997899 	 5.86979e-09
48.7394968877 	 5.88551e-09
48.7776939856 	 5.8532e-09
48.8158910835 	 5.85833e-09
48.8540881814 	 5.86485e-09
48.8922852792 	 5.8558e-09
48.9304823771 	 5.85519e-09
48.968679475 	 5.89563e-09
49.0068765729 	 5.85726e-09
49.0450736707 	 5.86251e-09
49.0832707686 	 5.8609e-09
49.1214678665 	 5.87849e-09
49.1596649644 	 5.84536e-09
49.1978620622 	 5.86878e-09
49.2360591601 	 5.87719e-09
49.274256258 	 5.86604e-09
49.3124533558 	 5.83796e-09
49.3506504537 	 5.86772e-09
49.3888475516 	 5.85424e-09
49.4270446495 	 5.85625e-09
49.4652417473 	 5.87639e-09
49.5034388452 	 5.87511e-09
49.5416359431 	 5.86107e-09
49.579833041 	 5.85949e-09
49.6180301388 	 5.84332e-09
49.6562272367 	 5.85227e-09
49.6944243346 	 5.86915e-09
49.7326214325 	 5.86939e-09
49.7708185303 	 5.87077e-09
49.8090156282 	 5.86556e-09
49.8472127261 	 5.8637e-09
49.885409824 	 5.84114e-09
49.9236069218 	 5.85935e-09
49.9618040197 	 5.85506e-09
50.0000011176 	 5.83892e-09
