0.0 	 0.000284244
0.108342364285 	 0.000284403
0.21668472857 	 0.00850219
0.325027092855 	 0.0074316
0.433369457141 	 0.0169533
0.541711821426 	 0.0752978
0.650054185711 	 0.0690845
0.758396549996 	 0.034374
0.866738914281 	 0.00604238
0.975081278566 	 0.0318747
1.08342364285 	 0.0213577
1.19176600714 	 0.0464163
1.30010837142 	 0.0260996
1.40845073571 	 0.0278682
1.51679309999 	 0.0366979
1.62513546428 	 0.0414511
1.73347782856 	 0.0272221
1.84182019285 	 0.0692321
1.95016255713 	 0.050628
2.05850492142 	 0.0556741
2.1668472857 	 0.0607228
2.27518964999 	 0.0624314
2.38353201427 	 0.0390754
2.49187437856 	 0.167421
2.60021674284 	 0.0704742
2.70855910713 	 0.0770437
2.81690147141 	 0.0461273
2.9252438357 	 0.0964545
3.03358619998 	 0.0949442
3.14192856427 	 0.155989
3.25027092855 	 0.134064
3.35861329284 	 0.372084
3.46695565712 	 0.28609
3.57529802141 	 0.281653
3.68364038569 	 0.15507
3.79198274998 	 0.280155
3.90032511426 	 0.0990414
4.00866747855 	 0.358085
4.11700984283 	 0.387631
4.22535220712 	 0.319934
4.33369457141 	 0.174305
4.44203693569 	 0.0572025
4.55037929998 	 0.084991
4.65872166426 	 0.0597132
4.76706402855 	 0.0580975
4.87540639283 	 0.0614142
4.98374875712 	 0.0743064
5.0920911214 	 0.0688509
5.20043348569 	 0.0493548
5.30877584997 	 0.0294912
5.41711821426 	 0.0301878
5.52546057854 	 0.0285625
5.63380294283 	 0.0351438
5.74214530711 	 0.0348615
5.8504876714 	 0.0785874
5.95883003568 	 0.030345
6.06717239997 	 0.0176056
6.17551476425 	 0.0272149
6.28385712854 	 0.0408809
6.39219949282 	 0.0180849
6.50054185711 	 0.00882041
6.60888422139 	 0.0132804
6.71722658568 	 0.0299472
6.82556894996 	 0.0266445
6.93391131425 	 0.036539
7.04225367853 	 0.0199264
7.15059604282 	 0.0237028
7.2589384071 	 0.0409574
7.36728077139 	 0.0121559
7.47562313567 	 0.0102561
7.58396549996 	 0.00932191
7.69230786424 	 0.00990489
7.80065022853 	 0.0126936
7.90899259281 	 0.0192978
8.0173349571 	 0.0109458
8.12567732138 	 0.0226354
8.23401968567 	 0.00381814
8.34236204995 	 0.0168181
8.45070441424 	 0.0127791
8.55904677853 	 0.0178022
8.66738914281 	 0.00867962
8.7757315071 	 0.0182989
8.88407387138 	 0.0161903
8.99241623567 	 0.022941
9.10075859995 	 0.00319655
9.20910096424 	 0.0132159
9.31744332852 	 0.019783
9.42578569281 	 0.0028352
9.53412805709 	 0.00928138
9.64247042138 	 0.0102599
9.75081278566 	 0.0281654
9.85915514995 	 0.0295538
9.96749751423 	 0.030123
10.0758398785 	 0.018211
10.1841822428 	 0.00951818
10.2925246071 	 0.0179379
10.4008669714 	 0.0273846
10.5092093357 	 0.022834
10.6175516999 	 0.025167
10.7258940642 	 0.0141361
10.8342364285 	 0.0167788
10.9425787928 	 0.0119466
11.0509211571 	 0.013207
11.1592635214 	 0.023378
11.2676058857 	 0.00605679
11.3759482499 	 0.0185293
11.4842906142 	 0.0062093
11.5926329785 	 0.00259263
11.7009753428 	 0.00579193
11.8093177071 	 0.00437939
11.9176600714 	 0.00768943
12.0260024356 	 0.00996878
12.1343447999 	 0.00551294
12.2426871642 	 0.00547773
12.3510295285 	 0.00402527
12.4593718928 	 0.00677068
12.5677142571 	 0.00156526
12.6760566214 	 0.00314809
12.7843989856 	 0.0073634
12.8927413499 	 0.004344
13.0010837142 	 0.00562477
13.1094260785 	 0.00570887
13.2177684428 	 0.00292154
13.3261108071 	 0.00789136
13.4344531714 	 0.000223674
13.5427955356 	 0.00258209
13.6511378999 	 0.000321025
13.7594802642 	 0.00662096
13.8678226285 	 0.00126375
13.9761649928 	 0.00585848
14.0845073571 	 0.00398729
14.1928497214 	 0.00111688
14.3011920856 	 0.00592994
14.4095344499 	 0.0029062
14.5178768142 	 0.00274309
14.6262191785 	 0.00205955
14.7345615428 	 0.00227167
14.8429039071 	 0.00181393
14.9512462713 	 0.00328167
15.0595886356 	 0.00314544
15.1679309999 	 0.00138019
15.2762733642 	 0.00271727
15.3846157285 	 0.00133084
15.4929580928 	 0.00109616
15.6013004571 	 0.00196693
15.7096428213 	 0.00077884
15.8179851856 	 0.00133332
15.9263275499 	 0.000403846
16.0346699142 	 0.00122263
16.1430122785 	 0.00183816
16.2513546428 	 0.00224511
16.3596970071 	 0.00119811
16.4680393713 	 0.000912442
16.5763817356 	 0.00175796
16.6847240999 	 0.00165737
16.7930664642 	 0.00154629
16.9014088285 	 0.00138908
17.0097511928 	 0.00225449
17.1180935571 	 0.000727504
17.2264359213 	 0.00101646
17.3347782856 	 0.00160219
17.4431206499 	 0.00145033
17.5514630142 	 0.00117768
17.6598053785 	 0.000610906
17.7681477428 	 0.00221511
17.876490107 	 0.00046575
17.9848324713 	 0.000652184
18.0931748356 	 0.00113957
18.2015171999 	 0.000735787
18.3098595642 	 0.00188304
18.4182019285 	 0.000999602
18.5265442928 	 0.00078749
18.634886657 	 0.000855829
18.7432290213 	 0.000981896
18.8515713856 	 0.0015873
18.9599137499 	 0.000765007
19.0682561142 	 0.00168681
19.1765984785 	 0.000750903
19.2849408428 	 0.000661807
19.393283207 	 0.00111844
19.5016255713 	 0.000386604
19.6099679356 	 0.00110274
19.7183102999 	 0.000519628
19.8266526642 	 0.00049671
19.9349950285 	 0.000209185
20.0433373927 	 0.000503745
20.151679757 	 0.000507095
20.2600221213 	 0.000448806
20.3683644856 	 0.000633435
20.4767068499 	 0.00081559
20.5850492142 	 0.000912911
20.6933915785 	 0.00134807
20.8017339427 	 0.000690863
20.910076307 	 0.000538013
21.0184186713 	 0.000720445
21.1267610356 	 0.000452571
21.2351033999 	 0.000504165
21.3434457642 	 0.000180185
21.4517881285 	 3.18927e-05
21.5601304927 	 0.000367829
21.668472857 	 0.000700714
21.7768152213 	 0.000755771
21.8851575856 	 0.000565204
21.9934999499 	 0.000674667
22.1018423142 	 0.000506896
22.2101846785 	 0.00074603
22.3185270427 	 0.000479499
22.426869407 	 0.000494801
22.5352117713 	 0.00104933
22.6435541356 	 0.000764999
22.7518964999 	 0.000864487
22.8602388642 	 0.000281446
22.9685812284 	 0.000391135
23.0769235927 	 0.000176869
23.185265957 	 0.00018947
23.2936083213 	 0.000963854
23.4019506856 	 0.000406219
23.5102930499 	 0.000656669
23.6186354142 	 0.000553395
23.7269777784 	 0.000270067
23.8353201427 	 0.000546659
23.943662507 	 0.000353468
24.0520048713 	 0.000511386
24.1603472356 	 0.000393024
24.2686895999 	 0.000385124
24.3770319642 	 0.00057838
24.4853743284 	 0.000415006
24.5937166927 	 0.00053606
24.702059057 	 0.000403072
24.8104014213 	 0.000491854
24.9187437856 	 0.000520904
25.0270861499 	 0.00035527
25.1354285141 	 0.000476977
25.2437708784 	 0.000305664
25.3521132427 	 0.000410212
25.460455607 	 0.000253632
25.5687979713 	 0.000411827
25.6771403356 	 0.000529199
25.7854826999 	 0.000527843
25.8938250641 	 0.000432725
26.0021674284 	 0.000494514
26.1105097927 	 0.000420102
26.218852157 	 0.00038384
26.3271945213 	 0.000433425
26.4355368856 	 0.000505479
26.5438792499 	 0.000379362
26.6522216141 	 0.000455117
26.7605639784 	 0.000432455
26.8689063427 	 0.000474047
26.977248707 	 0.000318229
27.0855910713 	 0.000356444
27.1939334356 	 0.000421349
27.3022757999 	 0.000329104
27.4106181641 	 0.000395757
27.5189605284 	 0.00049031
27.6273028927 	 0.000404898
27.735645257 	 0.000454686
27.8439876213 	 0.000401096
27.9523299856 	 0.000434358
28.0606723498 	 0.000389467
28.1690147141 	 0.000480027
28.2773570784 	 0.000478497
28.3856994427 	 0.000420493
28.494041807 	 0.00037015
28.6023841713 	 0.000358566
28.7107265356 	 0.000360771
28.8190688998 	 0.000343629
28.9274112641 	 0.000382473
29.0357536284 	 0.000376214
29.1440959927 	 0.000351262
29.252438357 	 0.000375211
29.3607807213 	 0.000372993
29.4691230856 	 0.000385572
29.5774654498 	 0.000372273
29.6858078141 	 0.00039725
29.7941501784 	 0.000388308
29.9024925427 	 0.000405613
30.010834907 	 0.000388543
30.1191772713 	 0.000390454
30.2275196356 	 0.000388924
30.3358619998 	 0.000351875
30.4442043641 	 0.000364532
30.5525467284 	 0.00034519
30.6608890927 	 0.000390544
30.769231457 	 0.000370817
30.8775738213 	 0.000367205
30.9859161855 	 0.000375197
31.0942585498 	 0.000338913
31.2026009141 	 0.000347816
31.3109432784 	 0.000336826
31.4192856427 	 0.000353811
31.527628007 	 0.000355294
31.6359703713 	 0.000355971
31.7443127355 	 0.000375252
31.8526550998 	 0.00035343
31.9609974641 	 0.000372199
32.0693398284 	 0.000341629
32.1776821927 	 0.000355364
32.286024557 	 0.000346675
32.3943669213 	 0.000368865
32.5027092855 	 0.000356857
32.6110516498 	 0.000351693
32.7193940141 	 0.000353579
32.8277363784 	 0.000350317
32.9360787427 	 0.000350662
33.044421107 	 0.000333373
33.1527634712 	 0.000328565
33.2611058355 	 0.000336235
33.3694481998 	 0.000327506
33.4777905641 	 0.000344927
33.5861329284 	 0.00033891
33.6944752927 	 0.000341021
33.802817657 	 0.000344623
33.9111600212 	 0.000339596
34.0195023855 	 0.000340499
34.1278447498 	 0.000330555
34.2361871141 	 0.000333172
34.3445294784 	 0.000330782
34.4528718427 	 0.000330427
34.561214207 	 0.000341206
34.6695565712 	 0.000325066
34.7778989355 	 0.000330401
34.8862412998 	 0.000332404
34.9945836641 	 0.000328179
35.1029260284 	 0.000322865
35.2112683927 	 0.000322703
35.319610757 	 0.000317889
35.4279531212 	 0.000317551
35.5362954855 	 0.000322299
35.6446378498 	 0.000323486
35.7529802141 	 0.000321415
35.8613225784 	 0.000323875
35.9696649427 	 0.000323452
36.0780073069 	 0.000319121
36.1863496712 	 0.000321488
36.2946920355 	 0.000318557
36.4030343998 	 0.000319098
36.5113767641 	 0.000314426
36.6197191284 	 0.000315576
36.7280614927 	 0.000311764
36.8364038569 	 0.000311604
36.9447462212 	 0.000313513
37.0530885855 	 0.000314662
37.1614309498 	 0.000305601
37.2697733141 	 0.000312387
37.3781156784 	 0.000306981
37.4864580427 	 0.000309248
37.5948004069 	 0.000306671
37.7031427712 	 0.000306368
37.8114851355 	 0.000306767
37.9198274998 	 0.000305544
38.0281698641 	 0.000305425
38.1365122284 	 0.000304561
38.2448545927 	 0.000302095
38.3531969569 	 0.000299198
38.4615393212 	 0.000299406
38.5698816855 	 0.000300121
38.6782240498 	 0.00029969
38.7865664141 	 0.000299589
38.8949087784 	 0.000298103
39.0032511426 	 0.000295698
39.1115935069 	 0.000294515
39.2199358712 	 0.000298574
39.3282782355 	 0.000294588
39.4366205998 	 0.000295215
39.5449629641 	 0.000291089
39.6533053284 	 0.00029239
39.7616476926 	 0.000294848
39.8699900569 	 0.000292541
39.9783324212 	 0.000292655
40.0866747855 	 0.000292276
40.1950171498 	 0.000289506
40.3033595141 	 0.000288687
40.4117018784 	 0.000288664
40.5200442426 	 0.000286945
40.6283866069 	 0.000286115
40.7367289712 	 0.000285858
40.8450713355 	 0.000283192
40.9534136998 	 0.000284354
41.0617560641 	 0.000282715
41.1700984283 	 0.000283891
41.2784407926 	 0.000283746
41.3867831569 	 0.000283707
41.4951255212 	 0.000283887
41.6034678855 	 0.000281516
41.7118102498 	 0.000281171
41.8201526141 	 0.00028058
41.9284949783 	 0.00028019
42.0368373426 	 0.000279095
42.1451797069 	 0.000277364
42.2535220712 	 0.000277605
42.3618644355 	 0.000275978
42.4702067998 	 0.000275589
42.5785491641 	 0.000275052
42.6868915283 	 0.000274902
42.7952338926 	 0.000274271
42.9035762569 	 0.000273029
43.0119186212 	 0.000273311
43.1202609855 	 0.000272811
43.2286033498 	 0.00027208
43.3369457141 	 0.00027103
43.4452880783 	 0.000271722
43.5536304426 	 0.00027057
43.6619728069 	 0.000270489
43.7703151712 	 0.000269356
43.8786575355 	 0.000268303
43.9869998998 	 0.000268264
44.095342264 	 0.000266995
44.2036846283 	 0.000266736
44.3120269926 	 0.000265974
44.4203693569 	 0.000265386
44.5287117212 	 0.000264987
44.6370540855 	 0.000264178
44.7453964498 	 0.000264571
44.853738814 	 0.00026369
44.9620811783 	 0.000263428
45.0704235426 	 0.000262819
45.1787659069 	 0.000261707
45.2871082712 	 0.000261537
45.3954506355 	 0.000260596
45.5037929998 	 0.000259953
45.612135364 	 0.000259926
45.7204777283 	 0.000259498
45.8288200926 	 0.000259202
45.9371624569 	 0.000258007
46.0455048212 	 0.000257671
46.1538471855 	 0.000256942
46.2621895498 	 0.000256488
46.370531914 	 0.000255694
46.4788742783 	 0.000255527
46.5872166426 	 0.000254786
46.6955590069 	 0.000254757
46.8039013712 	 0.000254322
46.9122437355 	 0.000253902
47.0205860997 	 0.000253152
47.128928464 	 0.000252417
47.2372708283 	 0.000251849
47.3456131926 	 0.000251554
47.4539555569 	 0.000250978
47.5622979212 	 0.000250447
47.6706402855 	 0.00025011
47.7789826497 	 0.000249926
47.887325014 	 0.000249109
47.9956673783 	 0.000248775
48.1040097426 	 0.000248168
48.2123521069 	 0.000247673
48.3206944712 	 0.000247243
48.4290368355 	 0.000246624
48.5373791997 	 0.000246305
48.645721564 	 0.000245853
48.7540639283 	 0.000245433
48.8624062926 	 0.000244971
48.9707486569 	 0.000244513
49.0790910212 	 0.000244091
49.1874333854 	 0.000243727
49.2957757497 	 0.000243242
49.404118114 	 0.000242601
49.5124604783 	 0.000242269
49.6208028426 	 0.000241758
49.7291452069 	 0.000241193
49.8374875712 	 0.000241016
49.9458299354 	 0.0002406
50.0541722997 	 0.000240056
50.162514664 	 0.000239632
50.2708570283 	 0.000239332
50.3791993926 	 0.000238843
50.4875417569 	 0.000238335
50.5958841212 	 0.000237986
50.7042264854 	 0.00023755
50.8125688497 	 0.000237126
50.920911214 	 0.000236713
51.0292535783 	 0.000236404
51.1375959426 	 0.000235964
51.2459383069 	 0.000235493
51.3542806712 	 0.000235149
51.4626230354 	 0.000234702
51.5709653997 	 0.000234281
51.679307764 	 0.000233918
51.7876501283 	 0.000233443
51.8959924926 	 0.000233019
52.0043348569 	 0.000232672
52.1126772211 	 0.000232291
52.2210195854 	 0.000231992
52.3293619497 	 0.000231583
52.437704314 	 0.000231244
52.5460466783 	 0.000230784
52.6543890426 	 0.000230432
52.7627314069 	 0.000230014
52.8710737711 	 0.000229655
52.9794161354 	 0.000229264
53.0877584997 	 0.000228901
53.196100864 	 0.000228548
53.3044432283 	 0.00022816
53.4127855926 	 0.000227814
53.5211279569 	 0.000227482
53.6294703211 	 0.000227106
53.7378126854 	 0.000226755
53.8461550497 	 0.000226339
53.954497414 	 0.000225991
54.0628397783 	 0.000225638
54.1711821426 	 0.000225303
54.2795245068 	 0.000224936
54.3878668711 	 0.000224589
54.4962092354 	 0.000224267
54.6045515997 	 0.000223909
54.712893964 	 0.000223569
54.8212363283 	 0.000223228
54.9295786926 	 0.000222869
55.0379210568 	 0.000222549
55.1462634211 	 0.000222199
55.2546057854 	 0.000221846
55.3629481497 	 0.00022152
55.471290514 	 0.000221181
55.5796328783 	 0.000220862
55.6879752426 	 0.000220548
55.7963176068 	 0.000220198
55.9046599711 	 0.000219881
56.0130023354 	 0.000219545
56.1213446997 	 0.000219226
56.229687064 	 0.000218891
56.3380294283 	 0.000218583
56.4463717926 	 0.000218279
56.5547141568 	 0.000217953
56.6630565211 	 0.000217653
56.7713988854 	 0.000217325
56.8797412497 	 0.000217035
56.988083614 	 0.000216708
57.0964259783 	 0.000216391
57.2047683425 	 0.000216084
57.3131107068 	 0.000215762
57.4214530711 	 0.000215482
57.5297954354 	 0.000215173
57.6381377997 	 0.000214874
57.746480164 	 0.000214572
57.8548225283 	 0.000214265
57.9631648925 	 0.000213975
58.0715072568 	 0.000213691
58.1798496211 	 0.000213393
58.2881919854 	 0.000213097
58.3965343497 	 0.000212809
58.504876714 	 0.000212517
58.6132190783 	 0.000212228
58.7215614425 	 0.000211945
58.8299038068 	 0.000211661
58.9382461711 	 0.000211376
59.0465885354 	 0.000211101
59.1549308997 	 0.000210813
59.263273264 	 0.000210534
59.3716156283 	 0.000210251
59.4799579925 	 0.000209971
59.5883003568 	 0.000209691
59.6966427211 	 0.00020942
59.8049850854 	 0.000209155
59.9133274497 	 0.00020888
60.021669814 	 0.000208615
60.1300121782 	 0.000208343
60.2383545425 	 0.000208073
60.3466969068 	 0.000207805
60.4550392711 	 0.000207544
60.5633816354 	 0.000207278
60.6717239997 	 0.00020702
60.780066364 	 0.000206762
60.8884087282 	 0.000206496
60.9967510925 	 0.000206239
61.1050934568 	 0.000205987
61.2134358211 	 0.000205727
61.3217781854 	 0.00020547
61.4301205497 	 0.000205215
61.538462914 	 0.000204964
61.6468052782 	 0.00020471
61.7551476425 	 0.000204461
61.8634900068 	 0.000204214
61.9718323711 	 0.000203967
62.0801747354 	 0.000203723
62.1885170997 	 0.000203477
62.2968594639 	 0.000203235
62.4052018282 	 0.000202989
62.5135441925 	 0.000202748
62.6218865568 	 0.000202507
62.7302289211 	 0.00020227
62.8385712854 	 0.000202034
62.9469136497 	 0.000201799
63.0552560139 	 0.000201559
63.1635983782 	 0.000201325
63.2719407425 	 0.000201089
63.3802831068 	 0.00020086
63.4886254711 	 0.00020063
63.5969678354 	 0.000200399
63.7053101997 	 0.000200169
63.8136525639 	 0.000199942
63.9219949282 	 0.000199714
64.0303372925 	 0.000199488
64.1386796568 	 0.000199266
64.2470220211 	 0.000199043
64.3553643854 	 0.000198822
64.4637067497 	 0.000198602
64.5720491139 	 0.00019838
64.6803914782 	 0.000198164
64.7887338425 	 0.000197944
64.8970762068 	 0.000197727
65.0054185711 	 0.000197512
65.1137609354 	 0.000197296
65.2221032996 	 0.000197083
65.3304456639 	 0.000196872
65.4387880282 	 0.00019666
65.5471303925 	 0.00019645
65.6554727568 	 0.000196239
65.7638151211 	 0.000196031
65.8721574854 	 0.000195824
65.9804998496 	 0.000195619
66.0888422139 	 0.000195414
66.1971845782 	 0.000195211
66.3055269425 	 0.000195007
66.4138693068 	 0.000194804
66.5222116711 	 0.000194603
66.6305540354 	 0.000194402
66.7388963996 	 0.000194202
66.8472387639 	 0.000194006
66.9555811282 	 0.000193807
67.0639234925 	 0.000193611
67.1722658568 	 0.000193416
67.2806082211 	 0.000193222
67.3889505854 	 0.00019303
67.4972929496 	 0.000192838
67.6056353139 	 0.000192646
67.7139776782 	 0.000192456
67.8223200425 	 0.000192266
67.9306624068 	 0.000192078
68.0390047711 	 0.000191889
68.1473471353 	 0.000191702
68.2556894996 	 0.000191517
68.3640318639 	 0.000191332
68.4723742282 	 0.000191149
68.5807165925 	 0.000190967
68.6890589568 	 0.000190784
68.7974013211 	 0.000190604
68.9057436853 	 0.000190424
69.0140860496 	 0.000190245
69.1224284139 	 0.000190067
69.2307707782 	 0.000189889
69.3391131425 	 0.000189712
69.4474555068 	 0.000189536
69.5557978711 	 0.000189361
69.6641402353 	 0.000189187
69.7724825996 	 0.000189015
69.8808249639 	 0.000188843
69.9891673282 	 0.000188672
70.0975096925 	 0.000188501
70.2058520568 	 0.000188332
70.314194421 	 0.000188164
70.4225367853 	 0.000187997
70.5308791496 	 0.00018783
70.6392215139 	 0.000187665
70.7475638782 	 0.000187499
70.8559062425 	 0.000187334
70.9642486068 	 0.000187171
71.072590971 	 0.000187008
71.1809333353 	 0.000186846
71.2892756996 	 0.000186685
71.3976180639 	 0.000186525
71.5059604282 	 0.000186367
71.6143027925 	 0.000186209
71.7226451568 	 0.000186052
71.830987521 	 0.000185895
71.9393298853 	 0.000185739
72.0476722496 	 0.000185583
72.1560146139 	 0.000185429
72.2643569782 	 0.000185276
72.3726993425 	 0.000185124
72.4810417068 	 0.000184973
72.589384071 	 0.00018482
72.6977264353 	 0.00018467
72.8060687996 	 0.000184521
72.9144111639 	 0.000184372
73.0227535282 	 0.000184224
73.1310958925 	 0.000184078
73.2394382567 	 0.000183932
73.347780621 	 0.000183786
73.4561229853 	 0.000183641
73.5644653496 	 0.000183498
73.6728077139 	 0.000183355
73.7811500782 	 0.000183212
73.8894924425 	 0.000183071
73.9978348067 	 0.00018293
74.106177171 	 0.000182791
74.2145195353 	 0.000182652
74.3228618996 	 0.000182512
74.4312042639 	 0.000182374
74.5395466282 	 0.000182238
74.6478889925 	 0.000182102
74.7562313567 	 0.000181965
74.864573721 	 0.000181831
74.9729160853 	 0.000181698
75.0812584496 	 0.000181564
75.1896008139 	 0.000181432
75.2979431782 	 0.0001813
75.4062855424 	 0.000181169
75.5146279067 	 0.00018104
75.622970271 	 0.00018091
75.7313126353 	 0.000180781
75.8396549996 	 0.000180652
75.9479973639 	 0.000180525
76.0563397282 	 0.000180399
76.1646820924 	 0.000180272
76.2730244567 	 0.000180147
76.381366821 	 0.000180022
76.4897091853 	 0.000179898
76.5980515496 	 0.000179777
76.7063939139 	 0.000179654
76.8147362782 	 0.000179532
76.9230786424 	 0.000179411
77.0314210067 	 0.000179291
77.139763371 	 0.000179172
77.2481057353 	 0.000179053
77.3564480996 	 0.000178934
77.4647904639 	 0.000178816
77.5731328282 	 0.000178701
77.6814751924 	 0.000178584
77.7898175567 	 0.000178468
77.898159921 	 0.000178354
78.0065022853 	 0.00017824
78.1148446496 	 0.000178127
78.2231870139 	 0.000178015
78.3315293781 	 0.000177903
78.4398717424 	 0.000177792
78.5482141067 	 0.000177681
78.656556471 	 0.000177571
78.7648988353 	 0.000177461
78.8732411996 	 0.000177353
78.9815835639 	 0.000177244
79.0899259281 	 0.000177137
79.1982682924 	 0.00017703
79.3066106567 	 0.000176925
79.414953021 	 0.00017682
79.5232953853 	 0.000176715
79.6316377496 	 0.000176611
79.7399801139 	 0.000176507
79.8483224781 	 0.000176404
79.9566648424 	 0.000176304
80.0650072067 	 0.000176203
80.173349571 	 0.000176101
80.2816919353 	 0.000176
80.3900342996 	 0.000175902
80.4983766639 	 0.000175803
80.6067190281 	 0.000175704
80.7150613924 	 0.000175606
80.8234037567 	 0.00017551
80.931746121 	 0.000175414
81.0400884853 	 0.000175318
81.1484308496 	 0.000175223
81.2567732138 	 0.000175128
81.3651155781 	 0.000175035
81.4734579424 	 0.000174941
81.5818003067 	 0.000174849
81.690142671 	 0.000174758
81.7984850353 	 0.000174667
81.9068273996 	 0.000174576
82.0151697638 	 0.000174486
82.1235121281 	 0.000174396
82.2318544924 	 0.000174307
82.3401968567 	 0.000174219
82.448539221 	 0.000174131
82.5568815853 	 0.000174045
82.6652239496 	 0.000173958
82.7735663138 	 0.000173872
82.8819086781 	 0.000173787
82.9902510424 	 0.000173702
83.0985934067 	 0.000173619
83.206935771 	 0.000173536
83.3152781353 	 0.000173452
83.4236204995 	 0.00017337
83.5319628638 	 0.000173289
83.6403052281 	 0.000173208
83.7486475924 	 0.000173129
83.8569899567 	 0.000173048
83.965332321 	 0.000172969
84.0736746853 	 0.000172891
84.1820170495 	 0.000172813
84.2903594138 	 0.000172735
84.3987017781 	 0.000172657
84.5070441424 	 0.000172582
84.6153865067 	 0.000172506
84.723728871 	 0.000172432
84.8320712353 	 0.000172357
84.9404135995 	 0.000172282
85.0487559638 	 0.000172209
85.1570983281 	 0.000172137
85.2654406924 	 0.000172065
85.3737830567 	 0.000171994
85.482125421 	 0.000171923
85.5904677853 	 0.000171852
85.6988101495 	 0.000171782
85.8071525138 	 0.000171713
85.9154948781 	 0.000171645
86.0238372424 	 0.000171575
86.1321796067 	 0.000171507
86.240521971 	 0.000171441
86.3488643352 	 0.000171375
86.4572066995 	 0.000171309
86.5655490638 	 0.000171242
86.6738914281 	 0.000171178
86.7822337924 	 0.000171114
86.8905761567 	 0.000171052
86.998918521 	 0.000170989
87.1072608852 	 0.000170925
87.2156032495 	 0.000170862
87.3239456138 	 0.000170801
87.4322879781 	 0.000170741
87.5406303424 	 0.00017068
87.6489727067 	 0.00017062
87.757315071 	 0.000170561
87.8656574352 	 0.000170503
87.9739997995 	 0.000170445
88.0823421638 	 0.000170388
88.1906845281 	 0.000170331
88.2990268924 	 0.000170274
88.4073692567 	 0.000170218
88.515711621 	 0.000170163
88.6240539852 	 0.000170108
88.7323963495 	 0.000170054
88.8407387138 	 0.000169999
88.9490810781 	 0.000169946
89.0574234424 	 0.000169894
89.1657658067 	 0.000169842
89.2741081709 	 0.00016979
89.3824505352 	 0.000169739
89.4907928995 	 0.000169689
89.5991352638 	 0.000169638
89.7074776281 	 0.000169589
89.8158199924 	 0.000169541
89.9241623567 	 0.000169492
90.0325047209 	 0.000169444
90.1408470852 	 0.000169397
90.2491894495 	 0.00016935
90.3575318138 	 0.000169304
90.4658741781 	 0.000169258
90.5742165424 	 0.000169213
90.6825589067 	 0.000169168
90.7909012709 	 0.000169124
90.8992436352 	 0.00016908
91.0075859995 	 0.000169038
91.1159283638 	 0.000168995
91.2242707281 	 0.000168952
91.3326130924 	 0.000168911
91.4409554566 	 0.000168871
91.5492978209 	 0.000168829
91.6576401852 	 0.000168791
91.7659825495 	 0.000168751
91.8743249138 	 0.000168712
91.9826672781 	 0.000168674
92.0910096424 	 0.000168635
92.1993520066 	 0.000168597
92.3076943709 	 0.000168561
92.4160367352 	 0.000168526
92.5243790995 	 0.000168489
92.6327214638 	 0.000168454
92.7410638281 	 0.000168419
92.8494061924 	 0.000168385
92.9577485566 	 0.000168351
93.0660909209 	 0.000168318
93.1744332852 	 0.000168285
93.2827756495 	 0.000168253
93.3911180138 	 0.000168222
93.4994603781 	 0.000168192
93.6078027424 	 0.000168161
93.7161451066 	 0.00016813
93.8244874709 	 0.0001681
93.9328298352 	 0.000168071
94.0411721995 	 0.000168043
94.1495145638 	 0.000168013
94.2578569281 	 0.000167986
94.3661992923 	 0.00016796
94.4745416566 	 0.000167933
94.5828840209 	 0.000167907
94.6912263852 	 0.000167882
94.7995687495 	 0.000167858
94.9079111138 	 0.000167833
95.0162534781 	 0.000167808
95.1245958423 	 0.000167784
95.2329382066 	 0.000167761
95.3412805709 	 0.00016774
95.4496229352 	 0.000167717
95.5579652995 	 0.000167695
95.6663076638 	 0.000167675
95.7746500281 	 0.000167655
95.8829923923 	 0.000167633
95.9913347566 	 0.000167615
96.0996771209 	 0.000167597
96.2080194852 	 0.000167578
96.3163618495 	 0.00016756
96.4247042138 	 0.000167542
96.5330465781 	 0.000167526
96.6413889423 	 0.000167509
96.7497313066 	 0.000167492
96.8580736709 	 0.000167477
96.9664160352 	 0.000167462
97.0747583995 	 0.000167448
97.1831007638 	 0.000167433
97.291443128 	 0.00016742
97.3997854923 	 0.000167407
97.5081278566 	 0.000167395
97.6164702209 	 0.000167383
97.7248125852 	 0.000167371
97.8331549495 	 0.00016736
97.9414973138 	 0.000167351
98.049839678 	 0.000167341
98.1581820423 	 0.00016733
98.2665244066 	 0.000167321
98.3748667709 	 0.000167314
98.4832091352 	 0.000167305
98.5915514995 	 0.000167297
98.6998938638 	 0.000167291
98.808236228 	 0.000167285
98.9165785923 	 0.000167279
99.0249209566 	 0.000167273
99.1332633209 	 0.000167267
99.2416056852 	 0.000167264
99.3499480495 	 0.00016726
99.4582904137 	 0.000167256
99.566632778 	 0.000167253
99.6749751423 	 0.00016725
99.7833175066 	 0.00016725
99.8916598709 	 0.000167249
100.000002235 	 0.000167246
