0.0 	 0.00196443
0.0381970978744 	 0.00406592
0.0763941957488 	 0.00837586
0.114591293623 	 0.00982481
0.152788391498 	 0.0201296
0.190985489372 	 0.00659431
0.229182587246 	 0.00578977
0.267379685121 	 0.00626253
0.305576782995 	 0.00404983
0.34377388087 	 0.00295249
0.381970978744 	 0.00261014
0.420168076618 	 0.00179937
0.458365174493 	 0.00233857
0.496562272367 	 0.00167727
0.534759370242 	 0.00137015
0.572956468116 	 0.0025094
0.61115356599 	 0.000357252
0.649350663865 	 0.000517079
0.687547761739 	 0.00117821
0.725744859614 	 0.0016317
0.763941957488 	 0.000526982
0.802139055362 	 0.00158261
0.840336153237 	 0.00194881
0.878533251111 	 0.000662156
0.916730348986 	 0.000338006
0.95492744686 	 0.00195227
0.993124544734 	 0.000668576
1.03132164261 	 0.0012813
1.06951874048 	 0.000167186
1.10771583836 	 0.000770206
1.14591293623 	 0.000168276
1.18411003411 	 0.000525307
1.22230713198 	 0.000262067
1.26050422986 	 0.000407582
1.29870132773 	 0.000169447
1.3368984256 	 0.000653837
1.37509552348 	 0.000518475
1.41329262135 	 0.000730811
1.45148971923 	 0.000299532
1.4896868171 	 0.000123076
1.52788391498 	 0.000406277
1.56608101285 	 0.000644779
1.60427811072 	 0.00035642
1.6424752086 	 3.66333e-05
1.68067230647 	 0.000128684
1.71886940435 	 0.000112113
1.75706650222 	 0.000203407
1.7952636001 	 0.000259016
1.83346069797 	 0.000409534
1.87165779585 	 0.000255038
1.90985489372 	 0.000454606
1.94805199159 	 0.000204699
1.98624908947 	 0.000326444
2.02444618734 	 0.000329973
2.06264328522 	 0.000477135
2.10084038309 	 0.000540879
2.13903748097 	 0.000377706
2.17723457884 	 0.000183549
2.21543167672 	 0.000306896
2.25362877459 	 0.000287629
2.29182587246 	 0.000432924
2.33002297034 	 0.00028058
2.36822006821 	 0.000283868
2.40641716609 	 0.00033734
2.44461426396 	 0.000193165
2.48281136184 	 0.000128871
2.52100845971 	 0.000219753
2.55920555758 	 0.000350548
2.59740265546 	 0.000231136
2.63559975333 	 5.35448e-05
2.67379685121 	 0.000317959
2.71199394908 	 0.000212094
2.75019104696 	 9.09504e-05
2.78838814483 	 0.000122749
2.82658524271 	 0.00026681
2.86478234058 	 0.000114183
2.90297943845 	 0.000129723
2.94117653633 	 0.000292888
2.9793736342 	 0.000430216
3.01757073208 	 0.000363228
3.05576782995 	 1.4687e-05
3.09396492783 	 0.000226329
3.1321620257 	 0.000189021
3.17035912358 	 0.000102818
3.20855622145 	 0.000255538
3.24675331932 	 0.000439473
3.2849504172 	 0.000505218
3.32314751507 	 0.000446519
3.36134461295 	 0.000403911
3.39954171082 	 0.000613826
3.4377388087 	 0.000575349
3.47593590657 	 0.000253064
3.51413300444 	 0.00045498
3.55233010232 	 0.00055771
3.59052720019 	 0.000532864
3.62872429807 	 0.000635315
3.66692139594 	 0.000767054
3.70511849382 	 0.00100176
3.74331559169 	 0.000691112
3.78151268957 	 0.000670448
3.81970978744 	 0.000509083
3.85790688531 	 0.000503445
3.89610398319 	 0.00041125
3.93430108106 	 0.000187674
3.97249817894 	 7.12757e-05
4.01069527681 	 7.65684e-05
4.04889237469 	 8.67011e-05
4.08708947256 	 4.64867e-05
4.12528657043 	 1.67371e-05
4.16348366831 	 7.74579e-05
4.20168076618 	 8.50121e-05
4.23987786406 	 7.2807e-05
4.27807496193 	 7.6757e-05
4.31627205981 	 5.7928e-05
4.35446915768 	 6.54465e-05
4.39266625556 	 8.02874e-05
4.43086335343 	 7.51637e-05
4.4690604513 	 3.66653e-05
4.50725754918 	 2.42082e-05
4.54545464705 	 9.53349e-06
4.58365174493 	 1.73069e-05
4.6218488428 	 3.19195e-05
4.66004594068 	 6.38283e-06
4.69824303855 	 3.23909e-05
4.73644013643 	 5.44054e-05
4.7746372343 	 6.4959e-05
4.81283433217 	 6.219e-05
4.85103143005 	 5.04641e-05
4.88922852792 	 4.83684e-05
4.9274256258 	 4.45182e-05
4.96562272367 	 4.70127e-05
5.00381982155 	 4.20718e-05
5.04201691942 	 3.6852e-05
5.08021401729 	 3.19896e-05
5.11841111517 	 3.36981e-05
5.15660821304 	 2.86174e-05
5.19480531092 	 4.0566e-05
5.23300240879 	 4.09673e-05
5.27119950667 	 4.09017e-05
5.30939660454 	 3.79576e-05
5.34759370242 	 3.24776e-05
5.38579080029 	 3.15218e-05
5.42398789816 	 2.87724e-05
5.46218499604 	 3.71547e-05
5.50038209391 	 3.23056e-05
5.53857919179 	 2.96633e-05
5.57677628966 	 3.17087e-05
5.61497338754 	 4.01722e-05
5.65317048541 	 3.49956e-05
5.69136758329 	 3.26888e-05
5.72956468116 	 3.04146e-05
5.76776177903 	 2.88618e-05
5.80595887691 	 2.82315e-05
5.84415597478 	 3.07494e-05
5.88235307266 	 3.2545e-05
5.92055017053 	 2.68104e-05
5.95874726841 	 1.42691e-05
5.99694436628 	 1.65733e-05
6.03514146415 	 2.07935e-05
6.07333856203 	 1.90669e-05
6.1115356599 	 1.57688e-05
6.14973275778 	 1.57758e-05
6.18792985565 	 1.16587e-05
6.22612695353 	 1.1837e-05
6.2643240514 	 1.24522e-05
6.30252114928 	 1.39391e-05
6.34071824715 	 1.53192e-05
6.37891534502 	 9.76786e-06
6.4171124429 	 1.14121e-05
6.45530954077 	 1.39279e-05
6.49350663865 	 1.38324e-05
6.53170373652 	 1.56862e-05
6.5699008344 	 1.52712e-05
6.60809793227 	 1.69225e-05
6.64629503015 	 1.80328e-05
6.68449212802 	 2.20907e-05
6.72268922589 	 1.68967e-05
6.76088632377 	 1.79896e-05
6.79908342164 	 1.46738e-05
6.83728051952 	 1.42032e-05
6.87547761739 	 1.20134e-05
6.91367471527 	 6.62047e-06
6.95187181314 	 9.24722e-06
6.99006891101 	 8.25311e-06
7.02826600889 	 6.38127e-06
7.06646310676 	 8.02798e-06
7.10466020464 	 7.94625e-06
7.14285730251 	 1.35941e-05
7.18105440039 	 7.26211e-06
7.21925149826 	 6.30437e-06
7.25744859614 	 2.83543e-06
7.29564569401 	 1.72259e-06
7.33384279188 	 6.11117e-06
7.37203988976 	 6.8677e-06
7.41023698763 	 8.17177e-06
7.44843408551 	 7.44188e-06
7.48663118338 	 4.07276e-06
7.52482828126 	 9.38029e-07
7.56302537913 	 4.62742e-06
7.60122247701 	 7.73195e-07
7.63941957488 	 2.19494e-06
7.67761667275 	 1.02451e-06
7.71581377063 	 3.76319e-06
7.7540108685 	 2.02723e-06
7.79220796638 	 6.25113e-06
7.83040506425 	 6.32669e-06
7.86860216213 	 5.97736e-06
7.90679926 	 5.97792e-06
7.94499635787 	 3.3548e-06
7.98319345575 	 1.19596e-06
8.02139055362 	 1.71346e-06
8.0595876515 	 2.56398e-06
8.09778474937 	 5.64993e-06
8.13598184725 	 5.37626e-06
8.17417894512 	 5.35594e-06
8.212376043 	 5.08975e-06
8.25057314087 	 3.56686e-06
8.28877023874 	 3.15056e-06
8.32696733662 	 1.36383e-06
8.36516443449 	 1.99778e-06
8.40336153237 	 3.77947e-06
8.44155863024 	 4.82823e-06
8.47975572812 	 6.49337e-06
8.51795282599 	 7.09852e-06
8.55614992387 	 9.20941e-06
8.59434702174 	 1.15483e-05
8.63254411961 	 1.3824e-05
8.67074121749 	 1.33704e-05
8.70893831536 	 1.37703e-05
8.74713541324 	 1.2036e-05
8.78533251111 	 1.23515e-05
8.82352960899 	 1.04092e-05
8.86172670686 	 1.04436e-05
8.89992380473 	 9.25444e-06
8.93812090261 	 7.38111e-06
8.97631800048 	 6.29073e-06
9.01451509836 	 4.42017e-06
9.05271219623 	 2.23759e-06
9.09090929411 	 9.45148e-07
9.12910639198 	 2.09775e-06
9.16730348986 	 2.11766e-06
9.20550058773 	 3.33437e-06
9.2436976856 	 3.0081e-06
9.28189478348 	 3.48401e-06
9.32009188135 	 4.99581e-06
9.35828897923 	 5.19676e-06
9.3964860771 	 3.83789e-06
9.43468317498 	 4.34584e-06
9.47288027285 	 2.12508e-06
9.51107737073 	 1.70199e-06
9.5492744686 	 2.67926e-06
9.58747156647 	 3.91427e-06
9.62566866435 	 4.43966e-06
9.66386576222 	 3.68536e-06
9.7020628601 	 3.0124e-06
9.74025995797 	 2.61865e-06
9.77845705585 	 1.32027e-06
9.81665415372 	 3.05418e-06
9.85485125159 	 2.34233e-06
9.89304834947 	 4.21627e-06
9.93124544734 	 3.79863e-06
9.96944254522 	 2.60853e-06
10.0076396431 	 1.88457e-06
10.045836741 	 1.23342e-06
10.0840338388 	 1.63204e-06
10.1222309367 	 1.5542e-06
10.1604280346 	 1.03369e-06
10.1986251325 	 6.78374e-07
10.2368222303 	 1.93993e-06
10.2750193282 	 2.05792e-06
10.3132164261 	 1.21901e-06
10.351413524 	 2.38481e-06
10.3896106218 	 2.8409e-06
10.4278077197 	 2.45984e-06
10.4660048176 	 3.28813e-06
10.5042019155 	 2.36223e-06
10.5423990133 	 2.48769e-06
10.5805961112 	 1.46844e-06
10.6187932091 	 9.9704e-07
10.656990307 	 9.88999e-08
10.6951874048 	 1.13088e-06
10.7333845027 	 1.36565e-06
10.7715816006 	 1.78146e-06
10.8097786985 	 1.86685e-06
10.8479757963 	 2.24514e-06
10.8861728942 	 1.57363e-06
10.9243699921 	 2.95919e-06
10.96256709 	 3.16915e-06
11.0007641878 	 3.11347e-06
11.0389612857 	 3.12479e-06
11.0771583836 	 2.89908e-06
11.1153554814 	 3.54789e-06
11.1535525793 	 4.04993e-06
11.1917496772 	 3.41976e-06
11.2299467751 	 3.62704e-06
11.2681438729 	 3.08078e-06
11.3063409708 	 2.43455e-06
11.3445380687 	 2.42495e-06
11.3827351666 	 1.65528e-06
11.4209322644 	 1.95487e-06
11.4591293623 	 2.06704e-06
11.4973264602 	 3.09044e-06
11.5355235581 	 3.57993e-06
11.5737206559 	 3.54871e-06
11.6119177538 	 3.77047e-06
11.6501148517 	 3.4618e-06
11.6883119496 	 3.92458e-06
11.7265090474 	 2.94899e-06
11.7647061453 	 2.20958e-06
11.8029032432 	 2.0309e-06
11.8411003411 	 3.1832e-06
11.8792974389 	 4.43258e-06
11.9174945368 	 4.66589e-06
11.9556916347 	 5.20256e-06
11.9938887326 	 5.50566e-06
12.0320858304 	 5.06907e-06
12.0702829283 	 5.33487e-06
12.1084800262 	 4.41757e-06
12.1466771241 	 4.06342e-06
12.1848742219 	 3.21127e-06
12.2230713198 	 3.39911e-06
12.2612684177 	 2.5741e-06
12.2994655156 	 2.54157e-06
12.3376626134 	 1.8459e-06
12.3758597113 	 1.46217e-06
12.4140568092 	 1.09861e-06
12.4522539071 	 9.28834e-07
12.4904510049 	 9.24139e-07
12.5286481028 	 4.23559e-07
12.5668452007 	 3.26415e-08
12.6050422986 	 3.62697e-07
12.6432393964 	 8.69231e-07
12.6814364943 	 1.3201e-06
12.7196335922 	 1.87927e-06
12.75783069 	 1.72032e-06
12.7960277879 	 1.38053e-06
12.8342248858 	 1.14486e-06
12.8724219837 	 9.46412e-07
12.9106190815 	 5.98084e-07
12.9488161794 	 4.38897e-07
12.9870132773 	 2.07428e-07
13.0252103752 	 6.51305e-07
13.063407473 	 6.39072e-07
13.1016045709 	 9.46587e-07
13.1398016688 	 9.81785e-07
13.1779987667 	 9.17059e-07
13.2161958645 	 7.64316e-07
13.2543929624 	 6.35604e-07
13.2925900603 	 5.87271e-07
13.3307871582 	 6.39653e-07
13.368984256 	 3.27016e-07
13.4071813539 	 5.48645e-07
13.4453784518 	 7.1249e-07
13.4835755497 	 3.60541e-07
13.5217726475 	 1.68882e-07
13.5599697454 	 1.12978e-07
13.5981668433 	 1.97138e-07
13.6363639412 	 1.06405e-07
13.674561039 	 2.72481e-07
13.7127581369 	 2.38071e-07
13.7509552348 	 2.08445e-07
13.7891523327 	 2.54202e-07
13.8273494305 	 2.09071e-07
13.8655465284 	 1.68318e-07
13.9037436263 	 1.46613e-07
13.9419407242 	 9.73295e-08
13.980137822 	 1.10312e-07
14.0183349199 	 7.15278e-08
14.0565320178 	 1.41073e-07
14.0947291157 	 1.33054e-07
14.1329262135 	 1.90515e-07
14.1711233114 	 2.98993e-07
14.2093204093 	 4.36406e-07
14.2475175072 	 4.15827e-07
14.285714605 	 4.44189e-07
14.3239117029 	 4.38754e-07
14.3621088008 	 3.96478e-07
14.4003058986 	 2.77413e-07
14.4385029965 	 2.5632e-07
14.4767000944 	 1.88835e-07
14.5148971923 	 1.70374e-07
14.5530942901 	 9.61714e-08
14.591291388 	 1.40512e-07
14.6294884859 	 1.49636e-07
14.6676855838 	 1.76454e-07
14.7058826816 	 2.60823e-07
14.7440797795 	 1.47444e-07
14.7822768774 	 2.1838e-07
14.8204739753 	 2.59357e-07
14.8586710731 	 3.4557e-07
14.896868171 	 2.85426e-07
14.9350652689 	 3.30335e-07
14.9732623668 	 2.27911e-07
15.0114594646 	 2.05068e-07
15.0496565625 	 2.18752e-07
15.0878536604 	 2.33514e-07
15.1260507583 	 2.70754e-07
15.1642478561 	 2.82539e-07
15.202444954 	 2.50989e-07
15.2406420519 	 2.96434e-07
15.2788391498 	 2.85697e-07
15.3170362476 	 2.21743e-07
15.3552333455 	 1.18675e-07
15.3934304434 	 5.20612e-08
15.4316275413 	 7.47869e-08
15.4698246391 	 9.66549e-08
15.508021737 	 1.37988e-07
15.5462188349 	 1.60652e-07
15.5844159328 	 1.35995e-07
15.6226130306 	 2.10105e-07
15.6608101285 	 1.81809e-07
15.6990072264 	 1.50514e-07
15.7372043243 	 3.42616e-08
15.7754014221 	 1.80639e-08
15.81359852 	 8.34708e-08
15.8517956179 	 1.01362e-07
15.8899927157 	 1.59528e-07
15.9281898136 	 1.60698e-07
15.9663869115 	 1.09709e-07
16.0045840094 	 5.84463e-08
16.0427811072 	 7.55251e-08
16.0809782051 	 1.06399e-07
16.119175303 	 8.71695e-08
16.1573724009 	 1.66043e-07
16.1955694987 	 1.47879e-07
16.2337665966 	 1.50501e-07
16.2719636945 	 1.43911e-07
16.3101607924 	 1.42658e-07
16.3483578902 	 1.28009e-07
16.3865549881 	 9.31527e-08
16.424752086 	 9.82427e-08
16.4629491839 	 9.46702e-08
16.5011462817 	 3.54327e-08
16.5393433796 	 3.98338e-08
16.5775404775 	 3.8131e-08
16.6157375754 	 9.41355e-08
16.6539346732 	 7.24373e-08
16.6921317711 	 6.90346e-08
16.730328869 	 8.94796e-08
16.7685259669 	 7.01853e-08
16.8067230647 	 7.57452e-08
16.8449201626 	 9.5003e-08
16.8831172605 	 8.18214e-08
16.9213143584 	 5.5361e-08
16.9595114562 	 2.86152e-08
16.9977085541 	 4.24647e-08
17.035905652 	 6.89351e-08
17.0741027499 	 9.26387e-08
17.1122998477 	 1.4374e-07
17.1504969456 	 1.4571e-07
17.1886940435 	 1.57832e-07
17.2268911414 	 1.03923e-07
17.2650882392 	 9.89882e-08
17.3032853371 	 7.07291e-08
17.341482435 	 6.9789e-08
17.3796795329 	 7.93303e-08
17.4178766307 	 8.13122e-08
17.4560737286 	 8.51041e-08
17.4942708265 	 8.223e-08
17.5324679243 	 1.01029e-07
17.5706650222 	 7.40539e-08
17.6088621201 	 3.96579e-08
17.647059218 	 1.14232e-08
17.6852563158 	 4.68959e-08
17.7234534137 	 7.65174e-08
17.7616505116 	 1.07434e-07
17.7998476095 	 9.61613e-08
17.8380447073 	 6.56328e-08
17.8762418052 	 2.85003e-08
17.9144389031 	 2.35708e-08
17.952636001 	 2.58696e-08
17.9908330988 	 3.63572e-08
18.0290301967 	 3.07403e-08
18.0672272946 	 4.71229e-08
18.1054243925 	 4.06163e-08
18.1436214903 	 5.35303e-08
18.1818185882 	 6.17771e-08
18.2200156861 	 6.33632e-08
18.258212784 	 5.73431e-08
18.2964098818 	 4.42268e-08
18.3346069797 	 3.80742e-08
18.3728040776 	 4.66603e-08
18.4110011755 	 6.58489e-08
18.4491982733 	 6.72012e-08
18.4873953712 	 4.31887e-08
18.5255924691 	 3.14695e-08
18.563789567 	 2.35101e-08
18.6019866648 	 3.45316e-08
18.6401837627 	 4.97133e-08
18.6783808606 	 4.73779e-08
18.7165779585 	 2.01118e-08
18.7547750563 	 1.06901e-08
18.7929721542 	 2.09472e-08
18.8311692521 	 2.68279e-08
18.86936635 	 2.68934e-08
18.9075634478 	 2.22321e-08
18.9457605457 	 1.48272e-08
18.9839576436 	 4.95127e-09
19.0221547415 	 1.08412e-08
19.0603518393 	 9.95164e-09
19.0985489372 	 1.06991e-08
19.1367460351 	 1.43285e-08
19.1749431329 	 2.31678e-08
19.2131402308 	 2.66603e-08
19.2513373287 	 1.3836e-08
19.2895344266 	 1.58363e-08
19.3277315244 	 1.04993e-08
19.3659286223 	 1.60423e-08
19.4041257202 	 1.94267e-08
19.4423228181 	 3.02872e-08
19.4805199159 	 2.99155e-08
19.5187170138 	 2.02664e-08
19.5569141117 	 1.58309e-08
19.5951112096 	 2.45196e-08
19.6333083074 	 3.51839e-08
19.6715054053 	 2.6818e-08
19.7097025032 	 1.81305e-08
19.7478996011 	 1.24721e-08
19.7860966989 	 1.29174e-08
19.8242937968 	 1.56783e-08
19.8624908947 	 1.85015e-08
19.9006879926 	 1.88913e-08
19.9388850904 	 2.77061e-08
19.9770821883 	 2.39968e-08
20.0152792862 	 1.48507e-08
20.0534763841 	 1.42155e-08
20.0916734819 	 6.08623e-09
20.1298705798 	 5.00315e-09
20.1680676777 	 3.87458e-09
20.2062647756 	 1.2373e-08
20.2444618734 	 1.43785e-08
20.2826589713 	 1.16556e-08
20.3208560692 	 5.74372e-09
20.3590531671 	 1.11267e-08
20.3972502649 	 7.75177e-09
20.4354473628 	 2.78522e-09
20.4736444607 	 6.08031e-09
20.5118415586 	 4.14657e-09
20.5500386564 	 1.3541e-08
20.5882357543 	 1.47045e-08
20.6264328522 	 1.11161e-08
20.66462995 	 4.23027e-09
20.7028270479 	 8.71406e-09
20.7410241458 	 1.70564e-08
20.7792212437 	 2.0305e-08
20.8174183415 	 1.08619e-08
20.8556154394 	 2.05576e-09
20.8938125373 	 1.04522e-08
20.9320096352 	 1.39076e-08
20.970206733 	 1.41142e-08
21.0084038309 	 5.83861e-09
21.0466009288 	 2.36655e-09
21.0847980267 	 1.01578e-08
21.1229951245 	 1.2839e-08
21.1611922224 	 5.32663e-09
21.1993893203 	 3.29873e-09
21.2375864182 	 8.61798e-09
21.275783516 	 1.03875e-08
21.3139806139 	 1.13529e-08
21.3521777118 	 8.3447e-09
21.3903748097 	 5.73281e-09
21.4285719075 	 8.41421e-09
21.4667690054 	 1.09168e-08
21.5049661033 	 1.10556e-08
21.5431632012 	 9.07775e-09
21.581360299 	 5.8015e-09
21.6195573969 	 4.38593e-09
21.6577544948 	 7.70953e-09
21.6959515927 	 1.11956e-08
21.7341486905 	 1.10265e-08
21.7723457884 	 9.07439e-09
21.8105428863 	 7.2183e-09
21.8487399842 	 4.558e-09
21.886937082 	 4.5744e-09
21.9251341799 	 8.59538e-09
21.9633312778 	 9.83141e-09
22.0015283757 	 1.08627e-08
22.0397254735 	 6.68614e-09
22.0779225714 	 6.69805e-09
22.1161196693 	 4.71906e-09
22.1543167672 	 8.87342e-09
22.192513865 	 1.24527e-08
22.2307109629 	 1.28006e-08
22.2689080608 	 8.78743e-09
22.3071051586 	 3.96378e-09
22.3453022565 	 5.58885e-09
22.3834993544 	 1.03766e-08
22.4216964523 	 1.16103e-08
22.4598935501 	 1.12302e-08
22.498090648 	 6.72038e-09
22.5362877459 	 2.70595e-09
22.5744848438 	 8.25258e-09
22.6126819416 	 9.75126e-09
22.6508790395 	 8.66211e-09
22.6890761374 	 3.50141e-09
22.7272732353 	 5.76426e-09
22.7654703331 	 8.42922e-09
22.803667431 	 9.74354e-09
22.8418645289 	 9.81087e-09
22.8800616268 	 9.01319e-09
22.9182587246 	 6.24e-09
22.9564558225 	 6.4951e-09
22.9946529204 	 7.90371e-09
23.0328500183 	 7.21439e-09
23.0710471161 	 8.16817e-09
23.109244214 	 7.82162e-09
23.1474413119 	 6.98715e-09
23.1856384098 	 6.79034e-09
23.2238355076 	 7.74008e-09
23.2620326055 	 7.1273e-09
23.3002297034 	 6.90668e-09
23.3384268013 	 7.39494e-09
23.3766238991 	 7.77871e-09
23.414820997 	 6.79218e-09
23.4530180949 	 5.58083e-09
23.4912151928 	 6.57243e-09
23.5294122906 	 7.2641e-09
23.5676093885 	 7.21046e-09
23.6058064864 	 6.76194e-09
23.6440035843 	 6.89672e-09
23.6822006821 	 8.18077e-09
23.72039778 	 9.00417e-09
23.7585948779 	 7.57121e-09
23.7967919758 	 6.69578e-09
23.8349890736 	 6.77967e-09
23.8731861715 	 6.80739e-09
23.9113832694 	 7.01157e-09
23.9495803672 	 7.46265e-09
23.9877774651 	 7.40162e-09
24.025974563 	 6.64699e-09
24.0641716609 	 6.98965e-09
24.1023687587 	 7.36646e-09
24.1405658566 	 7.64401e-09
24.1787629545 	 7.14103e-09
24.2169600524 	 5.46266e-09
24.2551571502 	 6.22359e-09
24.2933542481 	 7.67847e-09
24.331551346 	 7.88833e-09
24.3697484439 	 7.31031e-09
24.4079455417 	 6.56459e-09
24.4461426396 	 5.64633e-09
24.4843397375 	 6.96275e-09
24.5225368354 	 7.82453e-09
24.5607339332 	 7.49767e-09
24.5989310311 	 6.99352e-09
24.637128129 	 6.58081e-09
24.6753252269 	 6.81362e-09
24.7135223247 	 7.46667e-09
24.7517194226 	 6.76886e-09
24.7899165205 	 6.37631e-09
24.8281136184 	 6.72573e-09
24.8663107162 	 7.24293e-09
24.9045078141 	 7.07585e-09
24.942704912 	 6.41342e-09
24.9809020099 	 6.09957e-09
25.0190991077 	 6.93032e-09
25.0572962056 	 7.53142e-09
25.0954933035 	 7.38818e-09
25.1336904014 	 6.88004e-09
25.1718874992 	 6.2719e-09
25.2100845971 	 5.93737e-09
25.248281695 	 6.69376e-09
25.2864787929 	 6.83873e-09
25.3246758907 	 6.64999e-09
25.3628729886 	 6.4813e-09
25.4010700865 	 6.73086e-09
25.4392671843 	 7.08676e-09
25.4774642822 	 7.38869e-09
25.5156613801 	 6.87901e-09
25.553858478 	 6.53596e-09
25.5920555758 	 6.4423e-09
25.6302526737 	 6.30295e-09
25.6684497716 	 6.56476e-09
25.7066468695 	 6.92641e-09
25.7448439673 	 6.76702e-09
25.7830410652 	 6.63866e-09
25.8212381631 	 6.60358e-09
25.859435261 	 6.34998e-09
25.8976323588 	 6.68137e-09
25.9358294567 	 6.79745e-09
25.9740265546 	 6.61829e-09
26.0122236525 	 6.49017e-09
26.0504207503 	 6.48832e-09
26.0886178482 	 6.5333e-09
26.1268149461 	 6.50404e-09
26.165012044 	 6.42168e-09
26.2032091418 	 6.60818e-09
26.2414062397 	 6.50272e-09
26.2796033376 	 6.2374e-09
26.3178004355 	 6.56951e-09
26.3559975333 	 6.97378e-09
26.3941946312 	 6.76472e-09
26.4323917291 	 6.37364e-09
26.470588827 	 6.20885e-09
26.5087859248 	 6.31579e-09
26.5469830227 	 6.61723e-09
26.5851801206 	 6.45658e-09
26.6233772185 	 6.34994e-09
26.6615743163 	 6.20296e-09
26.6997714142 	 6.39615e-09
26.7379685121 	 6.63501e-09
26.77616561 	 6.77376e-09
26.8143627078 	 6.58205e-09
26.8525598057 	 6.38894e-09
26.8907569036 	 6.14973e-09
26.9289540015 	 6.07254e-09
26.9671510993 	 6.35899e-09
27.0053481972 	 6.47787e-09
27.0435452951 	 6.509e-09
27.0817423929 	 6.42873e-09
27.1199394908 	 6.31224e-09
27.1581365887 	 6.22669e-09
27.1963336866 	 6.29338e-09
27.2345307844 	 6.45493e-09
27.2727278823 	 6.41804e-09
27.3109249802 	 6.26871e-09
27.3491220781 	 6.21084e-09
27.3873191759 	 6.18481e-09
27.4255162738 	 6.27076e-09
27.4637133717 	 6.37878e-09
27.5019104696 	 6.41764e-09
27.5401075674 	 6.35279e-09
27.5783046653 	 6.20906e-09
27.6165017632 	 6.05664e-09
27.6546988611 	 6.24465e-09
27.6928959589 	 6.38375e-09
27.7310930568 	 6.33392e-09
27.7692901547 	 6.16595e-09
27.8074872526 	 6.14131e-09
27.8456843504 	 6.09524e-09
27.8838814483 	 6.28654e-09
27.9220785462 	 6.36285e-09
27.9602756441 	 6.25229e-09
27.9984727419 	 6.11237e-09
28.0366698398 	 6.05485e-09
28.0748669377 	 6.14326e-09
28.1130640356 	 6.2659e-09
28.1512611334 	 6.21353e-09
28.1894582313 	 6.16853e-09
28.2276553292 	 6.09556e-09
28.2658524271 	 6.06482e-09
28.3040495249 	 6.1693e-09
28.3422466228 	 6.17604e-09
28.3804437207 	 6.11361e-09
28.4186408186 	 6.14844e-09
28.4568379164 	 6.13425e-09
28.4950350143 	 6.08487e-09
28.5332321122 	 6.11289e-09
28.57142921 	 6.10418e-09
28.6096263079 	 6.07217e-09
28.6478234058 	 6.03759e-09
28.6860205037 	 6.10128e-09
28.7242176015 	 6.07142e-09
28.7624146994 	 5.9914e-09
28.8006117973 	 6.04174e-09
28.8388088952 	 6.07377e-09
28.877005993 	 6.11047e-09
28.9152030909 	 6.08238e-09
28.9534001888 	 5.98019e-09
28.9915972867 	 5.99639e-09
29.0297943845 	 6.00426e-09
29.0679914824 	 6.04431e-09
29.1061885803 	 6.03761e-09
29.1443856782 	 5.99967e-09
29.182582776 	 5.96754e-09
29.2207798739 	 5.95892e-09
29.2589769718 	 6.00277e-09
29.2971740697 	 5.99751e-09
29.3353711675 	 5.95925e-09
29.3735682654 	 5.95409e-09
29.4117653633 	 5.95717e-09
29.4499624612 	 5.97987e-09
29.488159559 	 5.94989e-09
29.5263566569 	 5.93061e-09
29.5645537548 	 5.97834e-09
29.6027508527 	 5.91873e-09
29.6409479505 	 5.88857e-09
29.6791450484 	 5.89833e-09
29.7173421463 	 5.92661e-09
29.7555392442 	 5.89719e-09
29.793736342 	 5.91406e-09
29.8319334399 	 5.92254e-09
29.8701305378 	 5.90052e-09
29.9083276357 	 5.87739e-09
29.9465247335 	 5.88322e-09
29.9847218314 	 5.88039e-09
30.0229189293 	 5.87287e-09
30.0611160272 	 5.8484e-09
30.099313125 	 5.86485e-09
30.1375102229 	 5.84932e-09
30.1757073208 	 5.86478e-09
30.2139044186 	 5.83164e-09
30.2521015165 	 5.82839e-09
30.2902986144 	 5.80628e-09
30.3284957123 	 5.81959e-09
30.3666928101 	 5.85524e-09
30.404889908 	 5.82897e-09
30.4430870059 	 5.81214e-09
30.4812841038 	 5.81068e-09
30.5194812016 	 5.78475e-09
30.5576782995 	 5.79448e-09
30.5958753974 	 5.76796e-09
30.6340724953 	 5.79588e-09
30.6722695931 	 5.7593e-09
30.710466691 	 5.76359e-09
30.7486637889 	 5.77789e-09
30.7868608868 	 5.79838e-09
30.8250579846 	 5.75457e-09
30.8632550825 	 5.76811e-09
30.9014521804 	 5.75165e-09
30.9396492783 	 5.7473e-09
30.9778463761 	 5.70929e-09
31.016043474 	 5.72907e-09
31.0542405719 	 5.72304e-09
31.0924376698 	 5.71965e-09
31.1306347676 	 5.75157e-09
31.1688318655 	 5.73352e-09
31.2070289634 	 5.69165e-09
31.2452260613 	 5.66968e-09
31.2834231591 	 5.71286e-09
31.321620257 	 5.6983e-09
31.3598173549 	 5.68449e-09
31.3980144528 	 5.68045e-09
31.4362115506 	 5.69524e-09
31.4744086485 	 5.67697e-09
31.5126057464 	 5.67566e-09
31.5508028443 	 5.65021e-09
31.5889999421 	 5.65244e-09
31.62719704 	 5.6233e-09
31.6653941379 	 5.66812e-09
31.7035912358 	 5.66377e-09
31.7417883336 	 5.66854e-09
31.7799854315 	 5.65775e-09
31.8181825294 	 5.6239e-09
31.8563796272 	 5.61453e-09
31.8945767251 	 5.61866e-09
31.932773823 	 5.59015e-09
31.9709709209 	 5.6236e-09
32.0091680187 	 5.59353e-09
32.0473651166 	 5.58651e-09
32.0855622145 	 5.61366e-09
32.1237593124 	 5.62406e-09
32.1619564102 	 5.59603e-09
32.2001535081 	 5.58649e-09
32.238350606 	 5.56413e-09
32.2765477039 	 5.57327e-09
32.3147448017 	 5.59282e-09
32.3529418996 	 5.59815e-09
32.3911389975 	 5.56946e-09
32.4293360954 	 5.56362e-09
32.4675331932 	 5.51593e-09
32.5057302911 	 5.54332e-09
32.543927389 	 5.52543e-09
32.5821244869 	 5.53381e-09
32.6203215847 	 5.53924e-09
32.6585186826 	 5.55373e-09
32.6967157805 	 5.54302e-09
32.7349128784 	 5.56092e-09
32.7731099762 	 5.52588e-09
32.8113070741 	 5.5164e-09
32.849504172 	 5.48988e-09
32.8877012699 	 5.48768e-09
32.9258983677 	 5.4908e-09
32.9640954656 	 5.49967e-09
33.0022925635 	 5.50466e-09
33.0404896614 	 5.51844e-09
33.0786867592 	 5.48173e-09
33.1168838571 	 5.47781e-09
33.155080955 	 5.47171e-09
33.1932780529 	 5.48613e-09
33.2314751507 	 5.463e-09
33.2696722486 	 5.47168e-09
33.3078693465 	 5.47038e-09
33.3460664443 	 5.46597e-09
33.3842635422 	 5.45689e-09
33.4224606401 	 5.44487e-09
33.460657738 	 5.43447e-09
33.4988548358 	 5.42664e-09
33.5370519337 	 5.43588e-09
33.5752490316 	 5.44867e-09
33.6134461295 	 5.42882e-09
33.6516432273 	 5.46102e-09
33.6898403252 	 5.42501e-09
33.7280374231 	 5.41333e-09
33.766234521 	 5.40297e-09
33.8044316188 	 5.40793e-09
33.8426287167 	 5.39833e-09
33.8808258146 	 5.3984e-09
33.9190229125 	 5.39989e-09
33.9572200103 	 5.41949e-09
33.9954171082 	 5.38575e-09
34.0336142061 	 5.39162e-09
34.071811304 	 5.38239e-09
34.1100084018 	 5.39567e-09
34.1482054997 	 5.37156e-09
34.1864025976 	 5.37536e-09
34.2245996955 	 5.36358e-09
34.2627967933 	 5.36571e-09
34.3009938912 	 5.35009e-09
34.3391909891 	 5.36613e-09
34.377388087 	 5.34687e-09
34.4155851848 	 5.35822e-09
34.4537822827 	 5.33791e-09
34.4919793806 	 5.34405e-09
34.5301764785 	 5.34596e-09
34.5683735763 	 5.33292e-09
34.6065706742 	 5.35737e-09
34.6447677721 	 5.3551e-09
34.68296487 	 5.31298e-09
34.7211619678 	 5.3397e-09
34.7593590657 	 5.29907e-09
34.7975561636 	 5.28754e-09
34.8357532615 	 5.30198e-09
34.8739503593 	 5.2959e-09
34.9121474572 	 5.30266e-09
34.9503445551 	 5.32197e-09
34.9885416529 	 5.30262e-09
35.0267387508 	 5.31274e-09
35.0649358487 	 5.29222e-09
35.1031329466 	 5.29442e-09
35.1413300444 	 5.2879e-09
35.1795271423 	 5.29669e-09
35.2177242402 	 5.26828e-09
35.2559213381 	 5.27292e-09
35.2941184359 	 5.24683e-09
35.3323155338 	 5.26407e-09
35.3705126317 	 5.24436e-09
35.4087097296 	 5.25981e-09
35.4469068274 	 5.25979e-09
35.4851039253 	 5.26395e-09
35.5233010232 	 5.25614e-09
35.5614981211 	 5.26317e-09
35.5996952189 	 5.22675e-09
35.6378923168 	 5.26315e-09
35.6760894147 	 5.23393e-09
35.7142865126 	 5.2603e-09
35.7524836104 	 5.22092e-09
35.7906807083 	 5.22596e-09
35.8288778062 	 5.22899e-09
35.8670749041 	 5.21833e-09
35.9052720019 	 5.18043e-09
35.9434690998 	 5.23634e-09
35.9816661977 	 5.17949e-09
36.0198632956 	 5.211e-09
36.0580603934 	 5.20008e-09
36.0962574913 	 5.22765e-09
36.1344545892 	 5.21781e-09
36.1726516871 	 5.19842e-09
36.2108487849 	 5.21274e-09
36.2490458828 	 5.21358e-09
36.2872429807 	 5.14397e-09
36.3254400786 	 5.19443e-09
36.3636371764 	 5.15577e-09
36.4018342743 	 5.15433e-09
36.4400313722 	 5.17815e-09
36.4782284701 	 5.19955e-09
36.5164255679 	 5.16845e-09
36.5546226658 	 5.17205e-09
36.5928197637 	 5.17075e-09
36.6310168615 	 5.15782e-09
36.6692139594 	 5.1509e-09
36.7074110573 	 5.16656e-09
36.7456081552 	 5.14183e-09
36.783805253 	 5.1378e-09
36.8220023509 	 5.14475e-09
36.8601994488 	 5.17001e-09
36.8983965467 	 5.14192e-09
36.9365936445 	 5.12604e-09
36.9747907424 	 5.12603e-09
37.0129878403 	 5.13114e-09
37.0511849382 	 5.10078e-09
37.089382036 	 5.13356e-09
37.1275791339 	 5.14085e-09
37.1657762318 	 5.11453e-09
37.2039733297 	 5.12177e-09
37.2421704275 	 5.12833e-09
37.2803675254 	 5.11364e-09
37.3185646233 	 5.10161e-09
37.3567617212 	 5.10434e-09
37.394958819 	 5.10767e-09
37.4331559169 	 5.09605e-09
37.4713530148 	 5.1009e-09
37.5095501127 	 5.10011e-09
37.5477472105 	 5.07824e-09
37.5859443084 	 5.07997e-09
37.6241414063 	 5.09837e-09
37.6623385042 	 5.07928e-09
37.700535602 	 5.0787e-09
37.7387326999 	 5.10806e-09
37.7769297978 	 5.07094e-09
37.8151268957 	 5.06302e-09
37.8533239935 	 5.06913e-09
37.8915210914 	 5.05987e-09
37.9297181893 	 5.0763e-09
37.9679152872 	 5.06439e-09
38.006112385 	 5.06065e-09
38.0443094829 	 5.07222e-09
38.0825065808 	 5.05988e-09
38.1207036786 	 5.04726e-09
38.1589007765 	 5.03317e-09
38.1970978744 	 5.0506e-09
38.2352949723 	 5.03349e-09
38.2734920701 	 5.04014e-09
38.311689168 	 5.04918e-09
38.3498862659 	 5.04667e-09
38.3880833638 	 5.03776e-09
38.4262804616 	 5.02852e-09
38.4644775595 	 5.03707e-09
38.5026746574 	 5.02195e-09
38.5408717553 	 5.03585e-09
38.5790688531 	 5.03598e-09
38.617265951 	 5.00788e-09
38.6554630489 	 5.01621e-09
38.6936601468 	 5.01518e-09
38.7318572446 	 5.01141e-09
38.7700543425 	 5.01415e-09
38.8082514404 	 4.98914e-09
38.8464485383 	 5.01332e-09
38.8846456361 	 5.00822e-09
38.922842734 	 4.98927e-09
38.9610398319 	 5.02013e-09
38.9992369298 	 5.0053e-09
39.0374340276 	 4.97583e-09
39.0756311255 	 5.00566e-09
39.1138282234 	 4.99529e-09
39.1520253213 	 4.99639e-09
39.1902224191 	 4.97851e-09
39.228419517 	 4.97513e-09
39.2666166149 	 4.97307e-09
39.3048137128 	 4.98527e-09
39.3430108106 	 4.96627e-09
39.3812079085 	 4.96564e-09
39.4194050064 	 4.98072e-09
39.4576021043 	 4.98712e-09
39.4957992021 	 4.95659e-09
39.5339963 	 4.9978e-09
39.5721933979 	 4.95967e-09
39.6103904958 	 4.95527e-09
39.6485875936 	 4.95501e-09
39.6867846915 	 4.95248e-09
39.7249817894 	 4.92639e-09
39.7631788872 	 4.96263e-09
39.8013759851 	 4.94093e-09
39.839573083 	 4.95014e-09
39.8777701809 	 4.93371e-09
39.9159672787 	 4.95746e-09
39.9541643766 	 4.96673e-09
39.9923614745 	 4.95485e-09
40.0305585724 	 4.94245e-09
40.0687556702 	 4.93801e-09
40.1069527681 	 4.92461e-09
40.145149866 	 4.93614e-09
40.1833469639 	 4.90655e-09
40.2215440617 	 4.92952e-09
40.2597411596 	 4.90964e-09
40.2979382575 	 4.91513e-09
40.3361353554 	 4.94271e-09
40.3743324532 	 4.91195e-09
40.4125295511 	 4.92006e-09
40.450726649 	 4.92116e-09
40.4889237469 	 4.92575e-09
40.5271208447 	 4.93199e-09
40.5653179426 	 4.89485e-09
40.6035150405 	 4.91123e-09
40.6417121384 	 4.90994e-09
40.6799092362 	 4.88067e-09
40.7181063341 	 4.89114e-09
40.756303432 	 4.89329e-09
40.7945005299 	 4.91454e-09
40.8326976277 	 4.90544e-09
40.8708947256 	 4.86972e-09
40.9090918235 	 4.9066e-09
40.9472889214 	 4.91191e-09
40.9854860192 	 4.88031e-09
41.0236831171 	 4.89732e-09
41.061880215 	 4.86609e-09
41.1000773129 	 4.88684e-09
41.1382744107 	 4.89073e-09
41.1764715086 	 4.88564e-09
41.2146686065 	 4.88679e-09
41.2528657043 	 4.86245e-09
41.2910628022 	 4.8705e-09
41.3292599001 	 4.87864e-09
41.367456998 	 4.85386e-09
41.4056540958 	 4.87036e-09
41.4438511937 	 4.88494e-09
41.4820482916 	 4.86752e-09
41.5202453895 	 4.83718e-09
41.5584424873 	 4.86117e-09
41.5966395852 	 4.88021e-09
41.6348366831 	 4.84162e-09
41.673033781 	 4.87702e-09
41.7112308788 	 4.86972e-09
41.7494279767 	 4.85019e-09
41.7876250746 	 4.85826e-09
41.8258221725 	 4.85054e-09
41.8640192703 	 4.83048e-09
41.9022163682 	 4.84625e-09
41.9404134661 	 4.83482e-09
41.978610564 	 4.86605e-09
42.0168076618 	 4.83885e-09
42.0550047597 	 4.84968e-09
42.0932018576 	 4.80642e-09
42.1313989555 	 4.84293e-09
42.1695960533 	 4.8257e-09
42.2077931512 	 4.85362e-09
42.2459902491 	 4.83934e-09
42.284187347 	 4.84274e-09
42.3223844448 	 4.82016e-09
42.3605815427 	 4.8424e-09
42.3987786406 	 4.81146e-09
42.4369757385 	 4.85556e-09
42.4751728363 	 4.81464e-09
42.5133699342 	 4.82385e-09
42.5515670321 	 4.81088e-09
42.58976413 	 4.79633e-09
42.6279612278 	 4.79815e-09
42.6661583257 	 4.80785e-09
42.7043554236 	 4.79515e-09
42.7425525215 	 4.8522e-09
42.7807496193 	 4.83429e-09
42.8189467172 	 4.8425e-09
42.8571438151 	 4.81388e-09
42.8953409129 	 4.78869e-09
42.9335380108 	 4.79662e-09
42.9717351087 	 4.78669e-09
43.0099322066 	 4.79961e-09
43.0481293044 	 4.81757e-09
43.0863264023 	 4.80442e-09
43.1245235002 	 4.82006e-09
43.1627205981 	 4.77717e-09
43.2009176959 	 4.77339e-09
43.2391147938 	 4.79801e-09
43.2773118917 	 4.77977e-09
43.3155089896 	 4.80288e-09
43.3537060874 	 4.79753e-09
43.3919031853 	 4.80515e-09
43.4301002832 	 4.79823e-09
43.4682973811 	 4.77726e-09
43.5064944789 	 4.78996e-09
43.5446915768 	 4.78674e-09
43.5828886747 	 4.7691e-09
43.6210857726 	 4.79221e-09
43.6592828704 	 4.78094e-09
43.6974799683 	 4.78019e-09
43.7356770662 	 4.77962e-09
43.7738741641 	 4.7649e-09
43.8120712619 	 4.77008e-09
43.8502683598 	 4.76224e-09
43.8884654577 	 4.78872e-09
43.9266625556 	 4.76856e-09
43.9648596534 	 4.78698e-09
44.0030567513 	 4.78441e-09
44.0412538492 	 4.76706e-09
44.0794509471 	 4.75935e-09
44.1176480449 	 4.77127e-09
44.1558451428 	 4.7499e-09
44.1940422407 	 4.75731e-09
44.2322393386 	 4.75615e-09
44.2704364364 	 4.78299e-09
44.3086335343 	 4.74774e-09
44.3468306322 	 4.76007e-09
44.3850277301 	 4.76671e-09
44.4232248279 	 4.75861e-09
44.4614219258 	 4.74415e-09
44.4996190237 	 4.75085e-09
44.5378161215 	 4.76202e-09
44.5760132194 	 4.75087e-09
44.6142103173 	 4.75773e-09
44.6524074152 	 4.76303e-09
44.690604513 	 4.74994e-09
44.7288016109 	 4.76203e-09
44.7669987088 	 4.73507e-09
44.8051958067 	 4.73373e-09
44.8433929045 	 4.74783e-09
44.8815900024 	 4.72169e-09
44.9197871003 	 4.74093e-09
44.9579841982 	 4.75466e-09
44.996181296 	 4.74098e-09
45.0343783939 	 4.7553e-09
45.0725754918 	 4.75204e-09
45.1107725897 	 4.74806e-09
45.1489696875 	 4.73683e-09
45.1871667854 	 4.71824e-09
45.2253638833 	 4.73277e-09
45.2635609812 	 4.72838e-09
45.301758079 	 4.70655e-09
45.3399551769 	 4.74597e-09
45.3781522748 	 4.743e-09
45.4163493727 	 4.7405e-09
45.4545464705 	 4.73202e-09
45.4927435684 	 4.75121e-09
45.5309406663 	 4.72574e-09
45.5691377642 	 4.70328e-09
45.607334862 	 4.70816e-09
45.6455319599 	 4.74194e-09
45.6837290578 	 4.71743e-09
45.7219261557 	 4.74798e-09
45.7601232535 	 4.73276e-09
45.7983203514 	 4.71995e-09
45.8365174493 	 4.70242e-09
45.8747145472 	 4.72591e-09
45.912911645 	 4.7182e-09
45.9511087429 	 4.70419e-09
45.9893058408 	 4.73338e-09
46.0275029386 	 4.71714e-09
46.0657000365 	 4.71191e-09
46.1038971344 	 4.71938e-09
46.1420942323 	 4.7067e-09
46.1802913301 	 4.71892e-09
46.218488428 	 4.72026e-09
46.2566855259 	 4.71808e-09
46.2948826238 	 4.72268e-09
46.3330797216 	 4.70118e-09
46.3712768195 	 4.71391e-09
46.4094739174 	 4.69515e-09
46.4476710153 	 4.71281e-09
46.4858681131 	 4.71035e-09
46.524065211 	 4.71555e-09
46.5622623089 	 4.70851e-09
46.6004594068 	 4.71264e-09
46.6386565046 	 4.70362e-09
46.6768536025 	 4.70103e-09
46.7150507004 	 4.68502e-09
46.7532477983 	 4.7315e-09
46.7914448961 	 4.70216e-09
46.829641994 	 4.69693e-09
46.8678390919 	 4.70753e-09
46.9060361898 	 4.69112e-09
46.9442332876 	 4.68738e-09
46.9824303855 	 4.73101e-09
47.0206274834 	 4.6852e-09
47.0588245813 	 4.70521e-09
47.0970216791 	 4.69065e-09
47.135218777 	 4.70174e-09
47.1734158749 	 4.70617e-09
47.2116129728 	 4.68918e-09
47.2498100706 	 4.69392e-09
47.2880071685 	 4.69965e-09
47.3262042664 	 4.68904e-09
47.3644013643 	 4.71488e-09
47.4025984621 	 4.68504e-09
47.44079556 	 4.69784e-09
47.4789926579 	 4.69807e-09
47.5171897558 	 4.68543e-09
47.5553868536 	 4.68543e-09
47.5935839515 	 4.69016e-09
47.6317810494 	 4.70232e-09
47.6699781472 	 4.67131e-09
47.7081752451 	 4.69702e-09
47.746372343 	 4.7128e-09
47.7845694409 	 4.67986e-09
47.8227665387 	 4.69519e-09
47.8609636366 	 4.67539e-09
47.8991607345 	 4.68583e-09
47.9373578324 	 4.67656e-09
47.9755549302 	 4.6897e-09
48.0137520281 	 4.69341e-09
48.051949126 	 4.70013e-09
48.0901462239 	 4.69806e-09
48.1283433217 	 4.69558e-09
48.1665404196 	 4.67559e-09
48.2047375175 	 4.70245e-09
48.2429346154 	 4.67019e-09
48.2811317132 	 4.67612e-09
48.3193288111 	 4.65009e-09
48.357525909 	 4.66892e-09
48.3957230069 	 4.68558e-09
48.4339201047 	 4.72595e-09
48.4721172026 	 4.68319e-09
48.5103143005 	 4.70433e-09
48.5485113984 	 4.67533e-09
48.5867084962 	 4.68281e-09
48.6249055941 	 4.66497e-09
48.663102692 	 4.66783e-09
48.7012997899 	 4.69981e-09
48.7394968877 	 4.68998e-09
48.7776939856 	 4.68913e-09
48.8158910835 	 4.69195e-09
48.8540881814 	 4.6329e-09
48.8922852792 	 4.68572e-09
48.9304823771 	 4.69064e-09
48.968679475 	 4.66203e-09
49.0068765729 	 4.69341e-09
49.0450736707 	 4.68805e-09
49.0832707686 	 4.67767e-09
49.1214678665 	 4.67716e-09
49.1596649644 	 4.67482e-09
49.1978620622 	 4.668e-09
49.2360591601 	 4.68624e-09
49.274256258 	 4.68648e-09
49.3124533558 	 4.69998e-09
49.3506504537 	 4.66809e-09
49.3888475516 	 4.68188e-09
49.4270446495 	 4.67965e-09
49.4652417473 	 4.67223e-09
49.5034388452 	 4.66074e-09
49.5416359431 	 4.67747e-09
49.579833041 	 4.66524e-09
49.6180301388 	 4.67568e-09
49.6562272367 	 4.64991e-09
49.6944243346 	 4.7047e-09
49.7326214325 	 4.69924e-09
49.7708185303 	 4.70025e-09
49.8090156282 	 4.68428e-09
49.8472127261 	 4.67642e-09
49.885409824 	 4.65741e-09
49.9236069218 	 4.65405e-09
49.9618040197 	 4.67105e-09
50.0000011176 	 4.67906e-09
