0.0 	 4.62189e-05
0.0624609632949 	 8.84164e-05
0.12492192659 	 8.46811e-05
0.187382889885 	 9.9348e-05
0.24984385318 	 9.94734e-05
0.312304816475 	 9.218e-05
0.37476577977 	 0.000109478
0.437226743064 	 0.000195747
0.499687706359 	 0.000240217
0.562148669654 	 0.000421527
0.624609632949 	 0.000638122
0.687070596244 	 0.000257506
0.749531559539 	 0.00188412
0.811992522834 	 0.0010059
0.874453486129 	 0.000780708
0.936914449424 	 0.00160741
0.999375412719 	 0.00199634
1.06183637601 	 0.00165755
1.12429733931 	 0.00301887
1.1867583026 	 0.00041025
1.2492192659 	 0.0010375
1.31168022919 	 0.00203152
1.37414119249 	 0.0013517
1.43660215578 	 0.00328915
1.49906311908 	 0.00142963
1.56152408237 	 0.00381207
1.62398504567 	 0.00119257
1.68644600896 	 0.00162629
1.74890697226 	 0.00291142
1.81136793555 	 0.000989457
1.87382889885 	 0.00549232
1.93628986214 	 0.00485915
1.99875082544 	 0.00512142
2.06121178873 	 0.00409016
2.12367275203 	 0.00475012
2.18613371532 	 0.00468508
2.24859467862 	 0.00270061
2.31105564191 	 0.00277668
2.37351660521 	 0.00223388
2.4359775685 	 0.00769392
2.4984385318 	 0.00744597
2.56089949509 	 0.00353651
2.62336045839 	 0.00332107
2.68582142168 	 0.00303397
2.74828238498 	 0.00571327
2.81074334827 	 0.00374289
2.87320431157 	 0.00512495
2.93566527486 	 0.00666241
2.99812623816 	 0.0058288
3.06058720145 	 0.00448342
3.12304816475 	 0.00730111
3.18550912804 	 0.00668693
3.24797009134 	 0.0191438
3.31043105463 	 0.0166552
3.37289201793 	 0.00989401
3.43535298122 	 0.00211508
3.49781394452 	 0.0156852
3.56027490781 	 0.0146222
3.62273587111 	 0.0197251
3.6851968344 	 0.0158525
3.7476577977 	 0.0280302
3.81011876099 	 0.0412593
3.87257972429 	 0.0310849
3.93504068758 	 0.018687
3.99750165088 	 0.0121054
4.05996261417 	 0.00816529
4.12242357747 	 0.0160124
4.18488454076 	 0.0183002
4.24734550405 	 0.0119982
4.30980646735 	 0.00451889
4.37226743064 	 0.0127505
4.43472839394 	 0.00272482
4.49718935723 	 0.0123426
4.55965032053 	 0.012691
4.62211128382 	 0.00766741
4.68457224712 	 0.00364647
4.74703321041 	 0.00215836
4.80949417371 	 0.00444129
4.871955137 	 0.00364801
4.9344161003 	 0.00503837
4.99687706359 	 0.00913734
5.05933802689 	 0.0116515
5.12179899018 	 0.00633485
5.18425995348 	 0.00182704
5.24672091677 	 0.00217387
5.30918188007 	 0.00493767
5.37164284336 	 0.00459874
5.43410380666 	 0.0020299
5.49656476995 	 0.00480678
5.55902573325 	 0.0061612
5.62148669654 	 0.00580742
5.68394765984 	 0.004324
5.74640862313 	 0.00520902
5.80886958643 	 0.00585666
5.87133054972 	 0.00592079
5.93379151302 	 0.00252646
5.99625247631 	 0.00126743
6.05871343961 	 0.00253366
6.1211744029 	 0.00248319
6.1836353662 	 0.00117224
6.24609632949 	 0.00164708
6.30855729279 	 0.000741821
6.37101825608 	 0.00154989
6.43347921938 	 0.00330205
6.49594018267 	 0.000316811
6.55840114597 	 0.000715959
6.62086210926 	 0.000736018
6.68332307256 	 0.00223853
6.74578403585 	 0.0041194
6.80824499915 	 0.00309295
6.87070596244 	 0.00306338
6.93316692574 	 0.00326646
6.99562788903 	 0.00220381
7.05808885233 	 0.00191857
7.12054981562 	 0.00116433
7.18301077892 	 0.00206841
7.24547174221 	 0.00161888
7.30793270551 	 0.00125977
7.3703936688 	 0.00100951
7.4328546321 	 0.00112979
7.49531559539 	 0.0019004
7.55777655869 	 0.00271889
7.62023752198 	 0.00180696
7.68269848528 	 0.00196652
7.74515944857 	 0.0011322
7.80762041187 	 0.00101873
7.87008137516 	 0.000621522
7.93254233846 	 0.0013104
7.99500330175 	 0.00191292
8.05746426505 	 0.00224579
8.11992522834 	 0.00191106
8.18238619164 	 0.00188679
8.24484715493 	 0.0010939
8.30730811822 	 0.00140617
8.36976908152 	 0.0030705
8.43223004481 	 0.00318301
8.49469100811 	 0.00290967
8.5571519714 	 0.00349883
8.6196129347 	 0.00294435
8.68207389799 	 0.00169937
8.74453486129 	 0.000705172
8.80699582458 	 0.00127009
8.86945678788 	 0.00274331
8.93191775117 	 0.00363052
8.99437871447 	 0.00344162
9.05683967776 	 0.00278457
9.11930064106 	 0.00217575
9.18176160435 	 0.000927194
9.24422256765 	 0.000507746
9.30668353094 	 0.00175041
9.36914449424 	 0.0015351
9.43160545753 	 0.000610424
9.49406642083 	 0.00102978
9.55652738412 	 0.000369854
9.61898834742 	 0.00173347
9.68144931071 	 0.0020085
9.74391027401 	 0.00342195
9.8063712373 	 0.00138309
9.8688322006 	 0.00193024
9.93129316389 	 0.00241352
9.99375412719 	 0.00202781
10.0562150905 	 0.0002373
10.1186760538 	 0.00181005
10.1811370171 	 0.00181466
10.2435979804 	 0.00263318
10.3060589437 	 0.00111399
10.368519907 	 0.00253306
10.4309808703 	 0.00122381
10.4934418335 	 0.00212402
10.5559027968 	 0.00243113
10.6183637601 	 0.00113406
10.6808247234 	 0.00137183
10.7432856867 	 0.00172953
10.80574665 	 0.00205771
10.8682076133 	 0.000816698
10.9306685766 	 0.00186285
10.9931295399 	 0.00123803
11.0555905032 	 0.000392791
11.1180514665 	 0.00109206
11.1805124298 	 0.00172839
11.2429733931 	 0.00353619
11.3054343564 	 0.00314386
11.3678953197 	 0.00248825
11.430356283 	 0.00184665
11.4928172463 	 0.0003412
11.5552782096 	 0.000506372
11.6177391729 	 0.00131863
11.6802001362 	 0.000821709
11.7426610994 	 0.0014751
11.8051220627 	 0.00249694
11.867583026 	 0.00161818
11.9300439893 	 0.00114696
11.9925049526 	 0.00139412
12.0549659159 	 0.00111321
12.1174268792 	 0.00105484
12.1798878425 	 0.00110514
12.2423488058 	 0.00019826
12.3048097691 	 0.000870465
12.3672707324 	 0.000290985
12.4297316957 	 0.000639414
12.492192659 	 0.000500721
12.5546536223 	 0.000842422
12.6171145856 	 4.67093e-05
12.6795755489 	 0.00086248
12.7420365122 	 0.00122052
12.8044974755 	 0.00159116
12.8669584388 	 0.000258262
12.929419402 	 0.000571487
12.9918803653 	 0.00033853
13.0543413286 	 0.000277116
13.1168022919 	 0.00052373
13.1792632552 	 0.000505979
13.2417242185 	 0.000595596
13.3041851818 	 0.000895899
13.3666461451 	 8.91651e-05
13.4291071084 	 0.000371022
13.4915680717 	 0.000641237
13.554029035 	 0.000778924
13.6164899983 	 0.000728572
13.6789509616 	 0.000325547
13.7414119249 	 0.000639043
13.8038728882 	 0.00032672
13.8663338515 	 0.000248689
13.9287948148 	 0.000228482
13.9912557781 	 0.000179595
14.0537167414 	 0.000217503
14.1161777047 	 0.000486718
14.1786386679 	 0.000459365
14.2410996312 	 0.000379872
14.3035605945 	 0.000291036
14.3660215578 	 7.62541e-05
14.4284825211 	 0.000354871
14.4909434844 	 0.000164151
14.5534044477 	 0.000211393
14.615865411 	 0.000206558
14.6783263743 	 0.000202417
14.7407873376 	 0.000389803
14.8032483009 	 0.000104035
14.8657092642 	 0.000241693
14.9281702275 	 0.00015662
14.9906311908 	 0.000116874
15.0530921541 	 0.000237569
15.1155531174 	 3.97643e-05
15.1780140807 	 0.00018948
15.240475044 	 0.000195356
15.3029360073 	 0.000110074
15.3653969706 	 3.83679e-05
15.4278579338 	 0.000207293
15.4903188971 	 0.000117498
15.5527798604 	 7.23875e-05
15.6152408237 	 3.63153e-05
15.677701787 	 0.000129615
15.7401627503 	 4.12054e-05
15.8026237136 	 0.000276701
15.8650846769 	 0.000270594
15.9275456402 	 0.000191304
15.9900066035 	 0.000227017
16.0524675668 	 9.1831e-05
16.1149285301 	 0.000173401
16.1773894934 	 0.000181676
16.2398504567 	 0.000148647
16.30231142 	 9.01842e-05
16.3647723833 	 0.000155959
16.4272333466 	 5.2339e-05
16.4896943099 	 0.000148157
16.5521552732 	 0.000103171
16.6146162364 	 0.000301645
16.6770771997 	 0.000381835
16.739538163 	 0.000126815
16.8019991263 	 0.000246597
16.8644600896 	 7.78628e-05
16.9269210529 	 0.000108222
16.9893820162 	 9.68819e-05
17.0518429795 	 0.000178438
17.1143039428 	 0.000133408
17.1767649061 	 0.000122823
17.2392258694 	 5.69695e-05
17.3016868327 	 0.000149127
17.364147796 	 0.000204256
17.4266087593 	 8.2267e-05
17.4890697226 	 4.88015e-05
17.5515306859 	 0.000107959
17.6139916492 	 0.000162762
17.6764526125 	 0.000121801
17.7389135758 	 9.88271e-05
17.8013745391 	 3.34615e-05
17.8638355023 	 4.87483e-05
17.9262964656 	 6.38485e-05
17.9887574289 	 0.00020565
18.0512183922 	 6.57923e-05
18.1136793555 	 8.45041e-05
18.1761403188 	 0.000209492
18.2386012821 	 0.000125089
18.3010622454 	 0.000154496
18.3635232087 	 0.000231721
18.425984172 	 0.000188289
18.4884451353 	 8.82432e-05
18.5509060986 	 0.000121666
18.6133670619 	 0.00010566
18.6758280252 	 8.89326e-05
18.7382889885 	 0.000100978
18.8007499518 	 0.000165971
18.8632109151 	 6.70127e-05
18.9256718784 	 0.00017189
18.9881328417 	 0.00031406
19.050593805 	 0.000255654
19.1130547682 	 0.000263493
19.1755157315 	 0.000169051
19.2379766948 	 7.30939e-05
19.3004376581 	 6.07578e-05
19.3628986214 	 8.93622e-05
19.4253595847 	 5.66169e-05
19.487820548 	 0.000132302
19.5502815113 	 2.71378e-05
19.6127424746 	 4.97103e-05
19.6752034379 	 5.20742e-05
19.7376644012 	 9.87447e-05
19.8001253645 	 5.92747e-05
19.8625863278 	 0.000124683
19.9250472911 	 0.000124378
19.9875082544 	 0.000144249
20.0499692177 	 0.000112539
20.112430181 	 3.69977e-05
20.1748911443 	 5.39716e-05
20.2373521076 	 6.38155e-05
20.2998130709 	 4.39523e-05
20.3622740341 	 9.20808e-05
20.4247349974 	 4.75897e-05
20.4871959607 	 3.72483e-05
20.549656924 	 9.2735e-05
20.6121178873 	 0.000160376
20.6745788506 	 9.49718e-05
20.7370398139 	 4.09196e-05
20.7995007772 	 7.88481e-05
20.8619617405 	 8.35079e-05
20.9244227038 	 0.000207451
20.9868836671 	 0.000213416
21.0493446304 	 0.000117962
21.1118055937 	 4.07639e-05
21.174266557 	 7.63999e-05
21.2367275203 	 7.53282e-05
21.2991884836 	 3.89518e-05
21.3616494469 	 6.24032e-05
21.4241104102 	 4.4025e-05
21.4865713735 	 4.97286e-05
21.5490323367 	 7.37575e-05
21.6114933 	 5.59865e-05
21.6739542633 	 8.54966e-05
21.7364152266 	 2.74879e-05
21.7988761899 	 1.0581e-05
21.8613371532 	 4.58209e-05
21.9237981165 	 2.06219e-05
21.9862590798 	 3.49709e-05
22.0487200431 	 0.000120083
22.1111810064 	 3.70627e-05
22.1736419697 	 0.000117007
22.236102933 	 5.2026e-05
22.2985638963 	 6.53512e-05
22.3610248596 	 4.92447e-05
22.4234858229 	 6.34269e-05
22.4859467862 	 5.08303e-05
22.5484077495 	 4.79479e-05
22.6108687128 	 0.000104783
22.6733296761 	 4.50406e-05
22.7357906394 	 5.08921e-05
22.7982516026 	 2.32001e-05
22.8607125659 	 3.41817e-05
22.9231735292 	 3.26904e-05
22.9856344925 	 1.34848e-05
23.0480954558 	 3.66367e-05
23.1105564191 	 3.40535e-05
23.1730173824 	 2.77196e-05
23.2354783457 	 4.814e-05
23.297939309 	 5.50029e-05
23.3604002723 	 4.17978e-05
23.4228612356 	 7.30081e-05
23.4853221989 	 8.92795e-05
23.5477831622 	 6.48171e-05
23.6102441255 	 7.54286e-05
23.6727050888 	 3.3219e-05
23.7351660521 	 5.4549e-05
23.7976270154 	 6.88617e-05
23.8600879787 	 7.91058e-05
23.922548942 	 7.41754e-05
23.9850099053 	 7.80018e-05
24.0474708685 	 1.20333e-05
24.1099318318 	 6.53075e-05
24.1723927951 	 8.07996e-05
24.2348537584 	 5.59784e-05
24.2973147217 	 8.94511e-05
24.359775685 	 7.14422e-05
24.4222366483 	 5.86151e-05
24.4846976116 	 8.72792e-05
24.5471585749 	 5.40201e-05
24.6096195382 	 2.75874e-05
24.6720805015 	 1.63532e-05
24.7345414648 	 2.88428e-05
24.7970024281 	 5.43036e-05
24.8594633914 	 5.89423e-05
24.9219243547 	 6.08133e-05
24.984385318 	 2.05115e-05
25.0468462813 	 5.20839e-05
25.1093072446 	 2.87808e-05
25.1717682079 	 3.2297e-05
25.2342291711 	 3.9667e-05
25.2966901344 	 5.71327e-05
25.3591510977 	 2.82541e-05
25.421612061 	 2.67593e-05
25.4840730243 	 2.61271e-05
25.5465339876 	 1.20919e-05
25.6089949509 	 1.92235e-05
25.6714559142 	 1.37644e-05
25.7339168775 	 2.84081e-05
25.7963778408 	 2.23172e-05
25.8588388041 	 2.63343e-05
25.9212997674 	 1.23073e-05
25.9837607307 	 6.60071e-05
26.046221694 	 1.96379e-05
26.1086826573 	 3.42282e-05
26.1711436206 	 2.34391e-05
26.2336045839 	 1.43881e-05
26.2960655472 	 1.08111e-05
26.3585265105 	 5.6185e-06
26.4209874738 	 2.07629e-05
26.483448437 	 1.6337e-05
26.5459094003 	 2.28046e-05
26.6083703636 	 2.06442e-05
26.6708313269 	 2.59186e-05
26.7332922902 	 2.876e-05
26.7957532535 	 5.17719e-06
26.8582142168 	 8.88204e-06
26.9206751801 	 1.44292e-05
26.9831361434 	 1.73891e-05
27.0455971067 	 5.45579e-06
27.10805807 	 1.32966e-05
27.1705190333 	 1.17124e-05
27.2329799966 	 2.02509e-05
27.2954409599 	 8.81007e-06
27.3579019232 	 1.79895e-05
27.4203628865 	 1.44217e-05
27.4828238498 	 2.0438e-05
27.5452848131 	 1.99633e-05
27.6077457764 	 1.6716e-05
27.6702067397 	 1.18994e-05
27.7326677029 	 1.83976e-05
27.7951286662 	 1.56845e-05
27.8575896295 	 6.07124e-06
27.9200505928 	 1.02865e-05
27.9825115561 	 1.15754e-05
28.0449725194 	 7.19724e-06
28.1074334827 	 9.79125e-06
28.169894446 	 1.96332e-05
28.2323554093 	 1.44911e-05
28.2948163726 	 9.11492e-06
28.3572773359 	 1.69041e-05
28.4197382992 	 4.98001e-06
28.4821992625 	 7.20659e-06
28.5446602258 	 5.54388e-06
28.6071211891 	 1.3248e-05
28.6695821524 	 6.73751e-06
28.7320431157 	 7.39273e-06
28.794504079 	 2.89874e-06
28.8569650423 	 5.15701e-06
28.9194260056 	 6.97218e-06
28.9818869688 	 3.80483e-06
29.0443479321 	 5.10919e-06
29.1068088954 	 9.86667e-06
29.1692698587 	 1.34788e-06
29.231730822 	 3.92441e-06
29.2941917853 	 3.95539e-06
29.3566527486 	 2.33445e-06
29.4191137119 	 4.9024e-06
29.4815746752 	 1.93758e-06
29.5440356385 	 4.4624e-06
29.6064966018 	 1.02623e-05
29.6689575651 	 3.33576e-06
29.7314185284 	 3.33228e-06
29.7938794917 	 4.6866e-06
29.856340455 	 5.64506e-06
29.9188014183 	 1.21902e-06
29.9812623816 	 3.19216e-06
30.0437233449 	 5.73672e-06
30.1061843082 	 3.19229e-06
30.1686452714 	 4.59129e-06
30.2311062347 	 3.13628e-06
30.293567198 	 5.80186e-07
30.3560281613 	 2.9196e-06
30.4184891246 	 2.33477e-06
30.4809500879 	 5.94032e-06
30.5434110512 	 5.08344e-06
30.6058720145 	 1.89315e-06
30.6683329778 	 6.89845e-06
30.7307939411 	 4.17785e-06
30.7932549044 	 2.96448e-06
30.8557158677 	 2.85325e-06
30.918176831 	 2.96458e-06
30.9806377943 	 2.22955e-06
31.0430987576 	 1.44528e-06
31.1055597209 	 8.8548e-07
31.1680206842 	 1.1189e-06
31.2304816475 	 2.61823e-06
31.2929426108 	 2.92497e-06
31.3554035741 	 3.99575e-06
31.4178645373 	 7.14062e-07
31.4803255006 	 2.21081e-06
31.5427864639 	 4.60783e-06
31.6052474272 	 7.53868e-06
31.6677083905 	 5.82159e-06
31.7301693538 	 4.2691e-06
31.7926303171 	 1.82375e-06
31.8550912804 	 9.39837e-07
31.9175522437 	 4.35345e-06
31.980013207 	 4.19414e-06
32.0424741703 	 2.79084e-06
32.1049351336 	 3.13856e-06
32.1673960969 	 5.69142e-06
32.2298570602 	 6.68853e-06
32.2923180235 	 6.28249e-06
32.3547789868 	 2.61575e-06
32.4172399501 	 2.51954e-06
32.4797009134 	 1.40146e-06
32.5421618767 	 9.82841e-07
32.60462284 	 2.62387e-06
32.6670838032 	 2.79679e-06
32.7295447665 	 3.72691e-06
32.7920057298 	 5.3151e-06
32.8544666931 	 4.22799e-06
32.9169276564 	 1.85231e-06
32.9793886197 	 3.65899e-06
33.041849583 	 3.19913e-06
33.1043105463 	 4.56229e-06
33.1667715096 	 3.42762e-06
33.2292324729 	 3.81622e-06
33.2916934362 	 3.3529e-06
33.3541543995 	 3.20485e-06
33.4166153628 	 1.82831e-06
33.4790763261 	 5.11799e-06
33.5415372894 	 7.04348e-06
33.6039982527 	 2.39594e-06
33.666459216 	 3.50355e-06
33.7289201793 	 2.69829e-06
33.7913811426 	 3.41771e-06
33.8538421058 	 4.42667e-06
33.9163030691 	 3.74159e-06
33.9787640324 	 3.01559e-06
34.0412249957 	 1.48619e-06
34.103685959 	 4.39258e-06
34.1661469223 	 5.59949e-06
34.2286078856 	 4.93621e-06
34.2910688489 	 2.58806e-06
34.3535298122 	 1.89028e-06
34.4159907755 	 1.34723e-06
34.4784517388 	 2.31677e-06
34.5409127021 	 2.50006e-06
34.6033736654 	 6.87725e-06
34.6658346287 	 5.99099e-06
34.728295592 	 5.04127e-06
34.7907565553 	 8.6878e-07
34.8532175186 	 1.10427e-06
34.9156784819 	 1.92511e-06
34.9781394452 	 3.84225e-07
35.0406004085 	 1.31112e-06
35.1030613717 	 2.93625e-06
35.165522335 	 2.16219e-06
35.2279832983 	 2.15618e-06
35.2904442616 	 1.37202e-06
35.3529052249 	 1.08598e-06
35.4153661882 	 2.68307e-06
35.4778271515 	 2.96515e-06
35.5402881148 	 3.42699e-06
35.6027490781 	 1.93254e-06
35.6652100414 	 2.52964e-06
35.7276710047 	 1.70183e-06
35.790131968 	 1.53168e-06
35.8525929313 	 2.3316e-06
35.9150538946 	 1.39901e-06
35.9775148579 	 1.60173e-06
36.0399758212 	 4.01211e-06
36.1024367845 	 2.65358e-06
36.1648977478 	 4.66453e-06
36.2273587111 	 2.14908e-06
36.2898196744 	 1.36351e-06
36.3522806376 	 1.66534e-06
36.4147416009 	 1.68604e-06
36.4772025642 	 1.24575e-06
36.5396635275 	 2.00549e-06
36.6021244908 	 9.65529e-07
36.6645854541 	 1.80903e-06
36.7270464174 	 2.99567e-06
36.7895073807 	 9.5252e-07
36.851968344 	 2.71619e-06
36.9144293073 	 1.52236e-06
36.9768902706 	 1.89042e-06
37.0393512339 	 1.39163e-06
37.1018121972 	 9.26228e-07
37.1642731605 	 7.53627e-07
37.2267341238 	 1.17725e-06
37.2891950871 	 1.53847e-06
37.3516560504 	 2.77732e-06
37.4141170137 	 8.41313e-07
37.476577977 	 4.7137e-07
37.5390389402 	 1.3819e-06
37.6014999035 	 1.70321e-06
37.6639608668 	 2.74945e-06
37.7264218301 	 2.71944e-06
37.7888827934 	 1.84797e-06
37.8513437567 	 2.42673e-06
37.91380472 	 2.11695e-06
37.9762656833 	 6.4642e-07
38.0387266466 	 2.03216e-06
38.1011876099 	 3.09362e-06
38.1636485732 	 3.18695e-06
38.2261095365 	 2.03924e-06
38.2885704998 	 7.42969e-07
38.3510314631 	 2.65896e-06
38.4134924264 	 9.1188e-07
38.4759533897 	 9.27746e-07
38.538414353 	 1.22914e-06
38.6008753163 	 2.2048e-06
38.6633362796 	 1.65934e-06
38.7257972429 	 3.79822e-07
38.7882582061 	 1.002e-06
38.8507191694 	 1.9466e-06
38.9131801327 	 2.12422e-06
38.975641096 	 2.67175e-06
39.0381020593 	 2.87573e-06
39.1005630226 	 2.04665e-06
39.1630239859 	 8.13416e-07
39.2254849492 	 8.88555e-07
39.2879459125 	 1.08511e-06
39.3504068758 	 1.46311e-06
39.4128678391 	 1.96549e-06
39.4753288024 	 2.7646e-06
39.5377897657 	 2.70186e-06
39.600250729 	 1.89636e-06
39.6627116923 	 6.10618e-07
39.7251726556 	 1.11982e-06
39.7876336189 	 4.70147e-07
39.8500945822 	 9.49531e-07
39.9125555455 	 1.09963e-06
39.9750165088 	 4.16118e-07
40.037477472 	 1.75414e-06
40.0999384353 	 1.46868e-06
40.1623993986 	 1.39947e-06
40.2248603619 	 7.38873e-07
40.2873213252 	 1.19709e-07
40.3497822885 	 1.85324e-06
40.4122432518 	 1.90795e-06
40.4747042151 	 8.71066e-07
40.5371651784 	 6.76449e-07
40.5996261417 	 7.4201e-07
40.662087105 	 2.08529e-06
40.7245480683 	 1.53766e-06
40.7870090316 	 8.72168e-07
40.8494699949 	 5.66345e-07
40.9119309582 	 1.56544e-06
40.9743919215 	 1.84522e-06
41.0368528848 	 5.37569e-07
41.0993138481 	 1.33212e-06
41.1617748114 	 9.50018e-07
41.2242357747 	 1.83375e-07
41.2866967379 	 1.31761e-06
41.3491577012 	 1.14145e-06
41.4116186645 	 1.5672e-06
41.4740796278 	 1.47785e-06
41.5365405911 	 1.72256e-06
41.5990015544 	 1.33443e-06
41.6614625177 	 1.03322e-06
41.723923481 	 3.73878e-07
41.7863844443 	 9.30937e-07
41.8488454076 	 1.7844e-06
41.9113063709 	 1.31383e-06
41.9737673342 	 1.06061e-06
42.0362282975 	 8.18047e-07
42.0986892608 	 6.39361e-07
42.1611502241 	 7.23202e-07
42.2236111874 	 1.0737e-06
42.2860721507 	 9.41142e-07
42.348533114 	 1.74496e-06
42.4109940773 	 1.38496e-06
42.4734550405 	 1.20347e-06
42.5359160038 	 4.75594e-07
42.5983769671 	 1.17128e-06
42.6608379304 	 1.12322e-06
42.7232988937 	 9.84061e-07
42.785759857 	 1.21227e-06
42.8482208203 	 1.30688e-06
42.9106817836 	 1.68317e-06
42.9731427469 	 8.90213e-07
43.0356037102 	 5.1994e-07
43.0980646735 	 7.61242e-07
43.1605256368 	 1.02634e-06
43.2229866001 	 1.22795e-06
43.2854475634 	 1.43063e-06
43.3479085267 	 1.14389e-06
43.41036949 	 8.01727e-07
43.4728304533 	 1.09191e-06
43.5352914166 	 8.31593e-07
43.5977523799 	 8.29183e-07
43.6602133432 	 1.00706e-06
43.7226743064 	 1.05202e-06
43.7851352697 	 9.28928e-07
43.847596233 	 1.68344e-06
43.9100571963 	 1.40448e-06
43.9725181596 	 1.15041e-06
44.0349791229 	 9.93832e-07
44.0974400862 	 4.88327e-07
44.1599010495 	 1.02129e-06
44.2223620128 	 1.31685e-06
44.2848229761 	 1.1495e-06
44.3472839394 	 6.02534e-07
44.4097449027 	 8.6525e-07
44.472205866 	 7.31983e-07
44.5346668293 	 5.49514e-07
44.5971277926 	 3.6621e-07
44.6595887559 	 1.2312e-06
44.7220497192 	 1.35812e-06
44.7845106825 	 1.27016e-06
44.8469716458 	 1.17555e-06
44.9094326091 	 8.75545e-07
44.9718935723 	 9.19047e-07
45.0343545356 	 6.61273e-07
45.0968154989 	 1.02476e-06
45.1592764622 	 1.24013e-06
45.2217374255 	 1.41951e-06
45.2841983888 	 8.64889e-07
45.3466593521 	 6.27526e-07
45.4091203154 	 7.39049e-07
45.4715812787 	 8.19906e-07
45.534042242 	 9.15494e-07
45.5965032053 	 1.21908e-06
45.6589641686 	 1.35441e-06
45.7214251319 	 1.14934e-06
45.7838860952 	 9.29717e-07
45.8463470585 	 8.7898e-07
45.9088080218 	 9.68405e-07
45.9712689851 	 7.06967e-07
46.0337299484 	 4.07784e-07
46.0961909117 	 1.07732e-06
46.1586518749 	 1.18767e-06
46.2211128382 	 1.11882e-06
46.2835738015 	 8.74467e-07
46.3460347648 	 9.07777e-07
46.4084957281 	 9.22183e-07
46.4709566914 	 1.05087e-06
46.5334176547 	 1.00194e-06
46.595878618 	 8.2204e-07
46.6583395813 	 8.15134e-07
46.7208005446 	 8.66578e-07
46.7832615079 	 1.12202e-06
46.8457224712 	 9.02839e-07
46.9081834345 	 8.49595e-07
46.9706443978 	 7.88694e-07
47.0331053611 	 8.29992e-07
47.0955663244 	 5.98846e-07
47.1580272877 	 8.76158e-07
47.220488251 	 8.34443e-07
47.2829492143 	 8.12653e-07
47.3454101776 	 9.06128e-07
47.4078711408 	 1.11618e-06
47.4703321041 	 9.29529e-07
47.5327930674 	 5.96521e-07
47.5952540307 	 7.92518e-07
47.657714994 	 9.56113e-07
47.7201759573 	 8.36004e-07
47.7826369206 	 8.87375e-07
47.8450978839 	 9.05105e-07
47.9075588472 	 1.01125e-06
47.9700198105 	 8.38279e-07
48.0324807738 	 7.98488e-07
48.0949417371 	 9.31764e-07
48.1574027004 	 8.83701e-07
48.2198636637 	 9.58959e-07
48.282324627 	 9.29103e-07
48.3447855903 	 7.18677e-07
48.4072465536 	 6.69079e-07
48.4697075169 	 9.45502e-07
48.5321684802 	 8.44672e-07
48.5946294435 	 8.09659e-07
48.6570904067 	 9.36022e-07
48.71955137 	 9.71339e-07
48.7820123333 	 9.40958e-07
48.8444732966 	 7.26184e-07
48.9069342599 	 5.57109e-07
48.9693952232 	 8.16095e-07
49.0318561865 	 8.99759e-07
49.0943171498 	 9.20303e-07
49.1567781131 	 8.75003e-07
49.2192390764 	 9.0832e-07
49.2817000397 	 8.31689e-07
49.344161003 	 7.71199e-07
49.4066219663 	 8.3044e-07
49.4690829296 	 8.62276e-07
49.5315438929 	 8.3251e-07
49.5940048562 	 8.59813e-07
49.6564658195 	 8.61294e-07
49.7189267828 	 8.78707e-07
49.7813877461 	 8.53064e-07
49.8438487093 	 7.50845e-07
49.9063096726 	 7.45971e-07
49.9687706359 	 8.29731e-07
50.0312315992 	 8.1018e-07
50.0936925625 	 7.76822e-07
50.1561535258 	 7.77761e-07
50.2186144891 	 9.14187e-07
50.2810754524 	 9.0037e-07
50.3435364157 	 7.8363e-07
50.405997379 	 7.82124e-07
50.4684583423 	 8.9938e-07
50.5309193056 	 8.54416e-07
50.5933802689 	 7.45474e-07
50.6558412322 	 7.89456e-07
50.7183021955 	 8.5672e-07
50.7807631588 	 8.11862e-07
50.8432241221 	 7.99806e-07
50.9056850854 	 7.68714e-07
50.9681460487 	 7.21477e-07
51.030607012 	 7.99293e-07
51.0930679752 	 7.58374e-07
51.1555289385 	 7.13855e-07
51.2179899018 	 7.90133e-07
51.2804508651 	 8.20319e-07
51.3429118284 	 8.075e-07
51.4053727917 	 7.74311e-07
51.467833755 	 7.23626e-07
51.5302947183 	 8.14815e-07
51.5927556816 	 8.44099e-07
51.6552166449 	 7.88387e-07
51.7176776082 	 7.87462e-07
51.7801385715 	 8.01385e-07
51.8425995348 	 7.79938e-07
51.9050604981 	 8.18997e-07
51.9675214614 	 8.52287e-07
52.0299824247 	 7.95766e-07
52.092443388 	 7.68631e-07
52.1549043513 	 7.87275e-07
52.2173653146 	 7.88553e-07
52.2798262779 	 7.61473e-07
52.3422872411 	 7.64137e-07
52.4047482044 	 7.67489e-07
52.4672091677 	 7.90327e-07
52.529670131 	 8.14291e-07
52.5921310943 	 7.13657e-07
52.6545920576 	 7.2886e-07
52.7170530209 	 7.61364e-07
52.7795139842 	 7.55114e-07
52.8419749475 	 7.676e-07
52.9044359108 	 7.70529e-07
52.9668968741 	 7.46341e-07
53.0293578374 	 7.65635e-07
53.0918188007 	 7.85198e-07
53.154279764 	 7.60872e-07
53.2167407273 	 7.52309e-07
53.2792016906 	 7.51788e-07
53.3416626539 	 7.53896e-07
53.4041236172 	 7.60329e-07
53.4665845805 	 7.43785e-07
53.5290455438 	 7.6862e-07
53.591506507 	 7.93278e-07
53.6539674703 	 7.74701e-07
53.7164284336 	 7.56503e-07
53.7788893969 	 7.5141e-07
53.8413503602 	 7.41439e-07
53.9038113235 	 7.73845e-07
53.9662722868 	 7.72104e-07
54.0287332501 	 7.62175e-07
54.0911942134 	 7.62569e-07
54.1536551767 	 7.55405e-07
54.21611614 	 7.46457e-07
54.2785771033 	 7.43384e-07
54.3410380666 	 7.23347e-07
54.4034990299 	 7.20721e-07
54.4659599932 	 7.45535e-07
54.5284209565 	 7.37279e-07
54.5908819198 	 7.47876e-07
54.6533428831 	 7.37887e-07
54.7158038464 	 7.41093e-07
54.7782648096 	 7.37657e-07
54.8407257729 	 7.25131e-07
54.9031867362 	 7.13518e-07
54.9656476995 	 7.28923e-07
55.0281086628 	 7.39001e-07
55.0905696261 	 7.39253e-07
55.1530305894 	 7.32379e-07
55.2154915527 	 7.31217e-07
55.277952516 	 7.44039e-07
55.3404134793 	 7.53505e-07
55.4028744426 	 7.41553e-07
55.4653354059 	 7.34874e-07
55.5277963692 	 7.35832e-07
55.5902573325 	 7.29207e-07
55.6527182958 	 7.19082e-07
55.7151792591 	 7.15449e-07
55.7776402224 	 7.18382e-07
55.8401011857 	 7.26598e-07
55.902562149 	 7.21648e-07
55.9650231123 	 7.1393e-07
56.0274840755 	 7.1712e-07
56.0899450388 	 7.1794e-07
56.1524060021 	 7.23749e-07
56.2148669654 	 7.21167e-07
56.2773279287 	 7.13288e-07
56.339788892 	 7.07224e-07
56.4022498553 	 7.23982e-07
56.4647108186 	 7.16235e-07
56.5271717819 	 7.1588e-07
56.5896327452 	 7.16266e-07
56.6520937085 	 7.13843e-07
56.7145546718 	 7.10428e-07
56.7770156351 	 7.13593e-07
56.8394765984 	 7.122e-07
56.9019375617 	 7.08239e-07
56.964398525 	 7.03573e-07
57.0268594883 	 7.08617e-07
57.0893204516 	 7.14484e-07
57.1517814149 	 7.0973e-07
57.2142423782 	 7.03054e-07
57.2767033414 	 7.06471e-07
57.3391643047 	 7.0879e-07
57.401625268 	 7.118e-07
57.4640862313 	 7.05162e-07
57.5265471946 	 6.95244e-07
57.5890081579 	 6.9171e-07
57.6514691212 	 6.96161e-07
57.7139300845 	 6.92917e-07
57.7763910478 	 6.90105e-07
57.8388520111 	 6.99625e-07
57.9013129744 	 7.04781e-07
57.9637739377 	 7.00297e-07
58.026234901 	 6.96993e-07
58.0886958643 	 6.93968e-07
58.1511568276 	 6.94032e-07
58.2136177909 	 6.94379e-07
58.2760787542 	 6.89508e-07
58.3385397175 	 6.93102e-07
58.4010006808 	 6.95672e-07
58.463461644 	 6.94051e-07
58.5259226073 	 6.87972e-07
58.5883835706 	 6.84248e-07
58.6508445339 	 6.83161e-07
58.7133054972 	 6.8655e-07
58.7757664605 	 6.86106e-07
58.8382274238 	 6.90296e-07
58.9006883871 	 6.85888e-07
58.9631493504 	 6.85017e-07
59.0256103137 	 6.83086e-07
59.088071277 	 6.81219e-07
59.1505322403 	 6.8039e-07
59.2129932036 	 6.80189e-07
59.2754541669 	 6.80182e-07
59.3379151302 	 6.82405e-07
59.4003760935 	 6.826e-07
59.4628370568 	 6.81664e-07
59.5252980201 	 6.81255e-07
59.5877589834 	 6.78102e-07
59.6502199467 	 6.79402e-07
59.7126809099 	 6.78434e-07
59.7751418732 	 6.74371e-07
59.8376028365 	 6.72968e-07
59.9000637998 	 6.76131e-07
59.9625247631 	 6.76441e-07
60.0249857264 	 6.70749e-07
60.0874466897 	 6.6933e-07
60.149907653 	 6.67988e-07
60.2123686163 	 6.64723e-07
60.2748295796 	 6.67812e-07
60.3372905429 	 6.68512e-07
60.3997515062 	 6.70891e-07
60.4622124695 	 6.67452e-07
60.5246734328 	 6.63567e-07
60.5871343961 	 6.61008e-07
60.6495953594 	 6.63752e-07
60.7120563227 	 6.63228e-07
60.774517286 	 6.67145e-07
60.8369782493 	 6.6677e-07
60.8994392126 	 6.64267e-07
60.9619001758 	 6.64384e-07
61.0243611391 	 6.63267e-07
61.0868221024 	 6.61894e-07
61.1492830657 	 6.59679e-07
61.211744029 	 6.60313e-07
61.2742049923 	 6.6214e-07
61.3366659556 	 6.6087e-07
61.3991269189 	 6.59348e-07
61.4615878822 	 6.58943e-07
61.5240488455 	 6.56127e-07
61.5865098088 	 6.52911e-07
61.6489707721 	 6.54798e-07
61.7114317354 	 6.55239e-07
61.7738926987 	 6.53488e-07
61.836353662 	 6.53873e-07
61.8988146253 	 6.53306e-07
61.9612755886 	 6.52278e-07
62.0237365519 	 6.49279e-07
62.0861975152 	 6.4943e-07
62.1486584784 	 6.49605e-07
62.2111194417 	 6.49841e-07
62.273580405 	 6.52083e-07
62.3360413683 	 6.49468e-07
62.3985023316 	 6.47335e-07
62.4609632949 	 6.48891e-07
62.5234242582 	 6.46951e-07
62.5858852215 	 6.44545e-07
62.6483461848 	 6.46264e-07
62.7108071481 	 6.45651e-07
62.7732681114 	 6.43868e-07
62.8357290747 	 6.4327e-07
62.898190038 	 6.42271e-07
62.9606510013 	 6.41346e-07
63.0231119646 	 6.42125e-07
63.0855729279 	 6.40058e-07
63.1480338912 	 6.40596e-07
63.2104948545 	 6.40738e-07
63.2729558178 	 6.41341e-07
63.3354167811 	 6.41204e-07
63.3978777443 	 6.39888e-07
63.4603387076 	 6.38064e-07
63.5227996709 	 6.36646e-07
63.5852606342 	 6.36078e-07
63.6477215975 	 6.37531e-07
63.7101825608 	 6.36673e-07
63.7726435241 	 6.37433e-07
63.8351044874 	 6.3522e-07
63.8975654507 	 6.33181e-07
63.960026414 	 6.3366e-07
64.0224873773 	 6.30799e-07
64.0849483406 	 6.33211e-07
64.1474093039 	 6.31412e-07
64.2098702672 	 6.30413e-07
64.2723312305 	 6.31049e-07
64.3347921938 	 6.30865e-07
64.3972531571 	 6.28404e-07
64.4597141204 	 6.27261e-07
64.5221750837 	 6.28539e-07
64.584636047 	 6.28152e-07
64.6470970102 	 6.27071e-07
64.7095579735 	 6.25424e-07
64.7720189368 	 6.24661e-07
64.8344799001 	 6.25871e-07
64.8969408634 	 6.26209e-07
64.9594018267 	 6.25353e-07
65.02186279 	 6.24688e-07
65.0843237533 	 6.23769e-07
65.1467847166 	 6.23919e-07
65.2092456799 	 6.23564e-07
65.2717066432 	 6.22732e-07
65.3341676065 	 6.21928e-07
65.3966285698 	 6.21231e-07
65.4590895331 	 6.2142e-07
65.5215504964 	 6.20584e-07
65.5840114597 	 6.19424e-07
65.646472423 	 6.19109e-07
65.7089333863 	 6.18961e-07
65.7713943496 	 6.18063e-07
65.8338553129 	 6.17962e-07
65.8963162761 	 6.1611e-07
65.9587772394 	 6.16551e-07
66.0212382027 	 6.16495e-07
66.083699166 	 6.15e-07
66.1461601293 	 6.14987e-07
66.2086210926 	 6.14897e-07
66.2710820559 	 6.13761e-07
66.3335430192 	 6.13819e-07
66.3960039825 	 6.13161e-07
66.4584649458 	 6.1277e-07
66.5209259091 	 6.11823e-07
66.5833868724 	 6.11523e-07
66.6458478357 	 6.10482e-07
66.708308799 	 6.1058e-07
66.7707697623 	 6.11036e-07
66.8332307256 	 6.10054e-07
66.8956916889 	 6.09229e-07
66.9581526522 	 6.07932e-07
67.0206136155 	 6.0836e-07
67.0830745787 	 6.08495e-07
67.145535542 	 6.07655e-07
67.2079965053 	 6.07144e-07
67.2704574686 	 6.06641e-07
67.3329184319 	 6.05665e-07
67.3953793952 	 6.0521e-07
67.4578403585 	 6.05377e-07
67.5203013218 	 6.04405e-07
67.5827622851 	 6.0446e-07
67.6452232484 	 6.04079e-07
67.7076842117 	 6.03538e-07
67.770145175 	 6.02437e-07
67.8326061383 	 6.02819e-07
67.8950671016 	 6.01686e-07
67.9575280649 	 6.00438e-07
68.0199890282 	 6.00221e-07
68.0824499915 	 5.99935e-07
68.1449109548 	 6.00333e-07
68.2073719181 	 5.99458e-07
68.2698328814 	 5.99282e-07
68.3322938446 	 5.99007e-07
68.3947548079 	 5.98508e-07
68.4572157712 	 5.97125e-07
68.5196767345 	 5.96748e-07
68.5821376978 	 5.9715e-07
68.6445986611 	 5.97046e-07
68.7070596244 	 5.96617e-07
68.7695205877 	 5.958e-07
68.831981551 	 5.95597e-07
68.8944425143 	 5.94815e-07
68.9569034776 	 5.9388e-07
69.0193644409 	 5.93427e-07
69.0818254042 	 5.93629e-07
69.1442863675 	 5.9325e-07
69.2067473308 	 5.93006e-07
69.2692082941 	 5.91613e-07
69.3316692574 	 5.91172e-07
69.3941302207 	 5.90967e-07
69.456591184 	 5.90735e-07
69.5190521473 	 5.90209e-07
69.5815131105 	 5.89897e-07
69.6439740738 	 5.89866e-07
69.7064350371 	 5.89418e-07
69.7688960004 	 5.89004e-07
69.8313569637 	 5.88302e-07
69.893817927 	 5.87804e-07
69.9562788903 	 5.87452e-07
70.0187398536 	 5.87866e-07
70.0812008169 	 5.87206e-07
70.1436617802 	 5.86401e-07
70.2061227435 	 5.85665e-07
70.2685837068 	 5.85564e-07
70.3310446701 	 5.85234e-07
70.3935056334 	 5.84755e-07
70.4559665967 	 5.84315e-07
70.51842756 	 5.8404e-07
70.5808885233 	 5.83817e-07
70.6433494866 	 5.83104e-07
70.7058104499 	 5.82582e-07
70.7682714131 	 5.82078e-07
70.8307323764 	 5.81904e-07
70.8931933397 	 5.81615e-07
70.955654303 	 5.81302e-07
71.0181152663 	 5.80634e-07
71.0805762296 	 5.80413e-07
71.1430371929 	 5.8027e-07
71.2054981562 	 5.79775e-07
71.2679591195 	 5.79327e-07
71.3304200828 	 5.79018e-07
71.3928810461 	 5.78684e-07
71.4553420094 	 5.78071e-07
71.5178029727 	 5.77765e-07
71.580263936 	 5.77301e-07
71.6427248993 	 5.77106e-07
71.7051858626 	 5.76756e-07
71.7676468259 	 5.75903e-07
71.8301077892 	 5.75862e-07
71.8925687525 	 5.75362e-07
71.9550297158 	 5.7487e-07
72.017490679 	 5.74946e-07
72.0799516423 	 5.74622e-07
72.1424126056 	 5.73958e-07
72.2048735689 	 5.73601e-07
72.2673345322 	 5.7339e-07
72.3297954955 	 5.73202e-07
72.3922564588 	 5.72853e-07
72.4547174221 	 5.7221e-07
72.5171783854 	 5.71957e-07
72.5796393487 	 5.71782e-07
72.642100312 	 5.71299e-07
72.7045612753 	 5.70728e-07
72.7670222386 	 5.70355e-07
72.8294832019 	 5.70091e-07
72.8919441652 	 5.70103e-07
72.9544051285 	 5.69684e-07
73.0168660918 	 5.69048e-07
73.0793270551 	 5.68733e-07
73.1417880184 	 5.6841e-07
73.2042489817 	 5.67944e-07
73.2667099449 	 5.67527e-07
73.3291709082 	 5.67212e-07
73.3916318715 	 5.67036e-07
73.4540928348 	 5.66701e-07
73.5165537981 	 5.66313e-07
73.5790147614 	 5.66005e-07
73.6414757247 	 5.65699e-07
73.703936688 	 5.65227e-07
73.7663976513 	 5.64894e-07
73.8288586146 	 5.64858e-07
73.8913195779 	 5.64537e-07
73.9537805412 	 5.64011e-07
74.0162415045 	 5.637e-07
74.0787024678 	 5.6341e-07
74.1411634311 	 5.63094e-07
74.2036243944 	 5.62725e-07
74.2660853577 	 5.62432e-07
74.328546321 	 5.62168e-07
74.3910072843 	 5.6168e-07
74.4534682476 	 5.61352e-07
74.5159292108 	 5.6111e-07
74.5783901741 	 5.60842e-07
74.6408511374 	 5.60402e-07
74.7033121007 	 5.60128e-07
74.765773064 	 5.59778e-07
74.8282340273 	 5.59451e-07
74.8906949906 	 5.59224e-07
74.9531559539 	 5.58973e-07
75.0156169172 	 5.58635e-07
75.0780778805 	 5.58369e-07
75.1405388438 	 5.58047e-07
75.2029998071 	 5.57594e-07
75.2654607704 	 5.57253e-07
75.3279217337 	 5.57056e-07
75.390382697 	 5.56768e-07
75.4528436603 	 5.56473e-07
75.5153046236 	 5.56051e-07
75.5777655869 	 5.55841e-07
75.6402265502 	 5.55487e-07
75.7026875134 	 5.55238e-07
75.7651484767 	 5.54895e-07
75.82760944 	 5.54622e-07
75.8900704033 	 5.54383e-07
75.9525313666 	 5.54091e-07
76.0149923299 	 5.53703e-07
76.0774532932 	 5.53422e-07
76.1399142565 	 5.53128e-07
76.2023752198 	 5.52904e-07
76.2648361831 	 5.52569e-07
76.3272971464 	 5.52303e-07
76.3897581097 	 5.52068e-07
76.452219073 	 5.51725e-07
76.5146800363 	 5.51485e-07
76.5771409996 	 5.51108e-07
76.6396019629 	 5.50904e-07
76.7020629262 	 5.50558e-07
76.7645238895 	 5.50343e-07
76.8269848528 	 5.49969e-07
76.8894458161 	 5.49735e-07
76.9519067793 	 5.49413e-07
77.0143677426 	 5.49174e-07
77.0768287059 	 5.48862e-07
77.1392896692 	 5.48659e-07
77.2017506325 	 5.4831e-07
77.2642115958 	 5.48097e-07
77.3266725591 	 5.47859e-07
77.3891335224 	 5.47549e-07
77.4515944857 	 5.47297e-07
77.514055449 	 5.46997e-07
77.5765164123 	 5.46719e-07
77.6389773756 	 5.46385e-07
77.7014383389 	 5.46144e-07
77.7638993022 	 5.45946e-07
77.8263602655 	 5.45675e-07
77.8888212288 	 5.45365e-07
77.9512821921 	 5.4508e-07
78.0137431554 	 5.44821e-07
78.0762041187 	 5.44639e-07
78.138665082 	 5.44382e-07
78.2011260452 	 5.44071e-07
78.2635870085 	 5.43852e-07
78.3260479718 	 5.43612e-07
78.3885089351 	 5.43334e-07
78.4509698984 	 5.43075e-07
78.5134308617 	 5.42787e-07
78.575891825 	 5.42508e-07
78.6383527883 	 5.42289e-07
78.7008137516 	 5.42086e-07
78.7632747149 	 5.41836e-07
78.8257356782 	 5.41575e-07
78.8881966415 	 5.41314e-07
78.9506576048 	 5.41035e-07
79.0131185681 	 5.4075e-07
79.0755795314 	 5.40532e-07
79.1380404947 	 5.4038e-07
79.200501458 	 5.40019e-07
79.2629624213 	 5.39775e-07
79.3254233846 	 5.39601e-07
79.3878843478 	 5.39356e-07
79.4503453111 	 5.39031e-07
79.5128062744 	 5.38853e-07
79.5752672377 	 5.38707e-07
79.637728201 	 5.38438e-07
79.7001891643 	 5.38088e-07
79.7626501276 	 5.37952e-07
79.8251110909 	 5.37687e-07
79.8875720542 	 5.37385e-07
79.9500330175 	 5.37173e-07
80.0124939808 	 5.37042e-07
80.0749549441 	 5.36769e-07
80.1374159074 	 5.3646e-07
80.1998768707 	 5.36307e-07
80.262337834 	 5.36074e-07
80.3247987973 	 5.35809e-07
80.3872597606 	 5.35565e-07
80.4497207239 	 5.35372e-07
80.5121816872 	 5.35145e-07
80.5746426505 	 5.34841e-07
80.6371036137 	 5.34671e-07
80.699564577 	 5.34574e-07
80.7620255403 	 5.34239e-07
80.8244865036 	 5.34015e-07
80.8869474669 	 5.33839e-07
80.9494084302 	 5.33674e-07
81.0118693935 	 5.33405e-07
81.0743303568 	 5.33154e-07
81.1367913201 	 5.32963e-07
81.1992522834 	 5.32683e-07
81.2617132467 	 5.32457e-07
81.32417421 	 5.32291e-07
81.3866351733 	 5.32074e-07
81.4490961366 	 5.31815e-07
81.5115570999 	 5.31665e-07
81.5740180632 	 5.31438e-07
81.6364790265 	 5.31214e-07
81.6989399898 	 5.31065e-07
81.7614009531 	 5.30904e-07
81.8238619164 	 5.30662e-07
81.8863228796 	 5.30428e-07
81.9487838429 	 5.30154e-07
82.0112448062 	 5.3001e-07
82.0737057695 	 5.29819e-07
82.1361667328 	 5.29572e-07
82.1986276961 	 5.29294e-07
82.2610886594 	 5.29198e-07
82.3235496227 	 5.29006e-07
82.386010586 	 5.28827e-07
82.4484715493 	 5.28585e-07
82.5109325126 	 5.28425e-07
82.5733934759 	 5.28203e-07
82.6358544392 	 5.28018e-07
82.6983154025 	 5.27805e-07
82.7607763658 	 5.2765e-07
82.8232373291 	 5.27432e-07
82.8856982924 	 5.27199e-07
82.9481592557 	 5.27002e-07
83.010620219 	 5.26852e-07
83.0730811822 	 5.26669e-07
83.1355421455 	 5.26423e-07
83.1980031088 	 5.26235e-07
83.2604640721 	 5.26035e-07
83.3229250354 	 5.25889e-07
83.3853859987 	 5.25734e-07
83.447846962 	 5.25527e-07
83.5103079253 	 5.25395e-07
83.5727688886 	 5.25207e-07
83.6352298519 	 5.24911e-07
83.6976908152 	 5.24728e-07
83.7601517785 	 5.24591e-07
83.8226127418 	 5.24474e-07
83.8850737051 	 5.24179e-07
83.9475346684 	 5.24101e-07
84.0099956317 	 5.23895e-07
84.072456595 	 5.23777e-07
84.1349175583 	 5.23589e-07
84.1973785216 	 5.23369e-07
84.2598394849 	 5.23147e-07
84.3223004481 	 5.22974e-07
84.3847614114 	 5.22815e-07
84.4472223747 	 5.22652e-07
84.509683338 	 5.22481e-07
84.5721443013 	 5.22377e-07
84.6346052646 	 5.2214e-07
84.6970662279 	 5.21991e-07
84.7595271912 	 5.2181e-07
84.8219881545 	 5.21615e-07
84.8844491178 	 5.21491e-07
84.9469100811 	 5.2131e-07
85.0093710444 	 5.21164e-07
85.0718320077 	 5.2094e-07
85.134292971 	 5.20822e-07
85.1967539343 	 5.20631e-07
85.2592148976 	 5.20441e-07
85.3216758609 	 5.20273e-07
85.3841368242 	 5.20178e-07
85.4465977875 	 5.20035e-07
85.5090587508 	 5.19888e-07
85.571519714 	 5.19717e-07
85.6339806773 	 5.19486e-07
85.6964416406 	 5.19395e-07
85.7589026039 	 5.19221e-07
85.8213635672 	 5.19035e-07
85.8838245305 	 5.18837e-07
85.9462854938 	 5.18774e-07
86.0087464571 	 5.18551e-07
86.0712074204 	 5.18481e-07
86.1336683837 	 5.18274e-07
86.196129347 	 5.18116e-07
86.2585903103 	 5.17956e-07
86.3210512736 	 5.17874e-07
86.3835122369 	 5.17712e-07
86.4459732002 	 5.17543e-07
86.5084341635 	 5.17414e-07
86.5708951268 	 5.17316e-07
86.6333560901 	 5.1708e-07
86.6958170534 	 5.16992e-07
86.7582780167 	 5.16779e-07
86.8207389799 	 5.16664e-07
86.8831999432 	 5.16512e-07
86.9456609065 	 5.16293e-07
87.0081218698 	 5.16251e-07
87.0705828331 	 5.16073e-07
87.1330437964 	 5.15903e-07
87.1955047597 	 5.15794e-07
87.257965723 	 5.15664e-07
87.3204266863 	 5.15582e-07
87.3828876496 	 5.15404e-07
87.4453486129 	 5.15332e-07
87.5078095762 	 5.15243e-07
87.5702705395 	 5.15025e-07
87.6327315028 	 5.14841e-07
87.6951924661 	 5.14738e-07
87.7576534294 	 5.14621e-07
87.8201143927 	 5.14399e-07
87.882575356 	 5.14336e-07
87.9450363193 	 5.14216e-07
88.0074972825 	 5.14086e-07
88.0699582458 	 5.13931e-07
88.1324192091 	 5.13842e-07
88.1948801724 	 5.137e-07
88.2573411357 	 5.13513e-07
88.319802099 	 5.13406e-07
88.3822630623 	 5.13329e-07
88.4447240256 	 5.13249e-07
88.5071849889 	 5.13047e-07
88.5696459522 	 5.12922e-07
88.6321069155 	 5.12837e-07
88.6945678788 	 5.12709e-07
88.7570288421 	 5.12605e-07
88.8194898054 	 5.12499e-07
88.8819507687 	 5.12347e-07
88.944411732 	 5.12206e-07
89.0068726953 	 5.11986e-07
89.0693336586 	 5.11936e-07
89.1317946219 	 5.1187e-07
89.1942555852 	 5.11715e-07
89.2567165484 	 5.11641e-07
89.3191775117 	 5.11542e-07
89.381638475 	 5.11419e-07
89.4440994383 	 5.11308e-07
89.5065604016 	 5.11254e-07
89.5690213649 	 5.11066e-07
89.6314823282 	 5.10869e-07
89.6939432915 	 5.10876e-07
89.7564042548 	 5.10806e-07
89.8188652181 	 5.10571e-07
89.8813261814 	 5.10434e-07
89.9437871447 	 5.10416e-07
90.006248108 	 5.10258e-07
90.0687090713 	 5.10169e-07
90.1311700346 	 5.10104e-07
90.1936309979 	 5.10036e-07
90.2560919612 	 5.09923e-07
90.3185529245 	 5.09756e-07
90.3810138878 	 5.09666e-07
90.4434748511 	 5.09586e-07
90.5059358143 	 5.0952e-07
90.5683967776 	 5.09308e-07
90.6308577409 	 5.09205e-07
90.6933187042 	 5.09202e-07
90.7557796675 	 5.09154e-07
90.8182406308 	 5.0902e-07
90.8807015941 	 5.08843e-07
90.9431625574 	 5.08752e-07
91.0056235207 	 5.08734e-07
91.068084484 	 5.08583e-07
91.1305454473 	 5.08441e-07
91.1930064106 	 5.08455e-07
91.2554673739 	 5.08362e-07
91.3179283372 	 5.08204e-07
91.3803893005 	 5.08034e-07
91.4428502638 	 5.08042e-07
91.5053112271 	 5.0802e-07
91.5677721904 	 5.07811e-07
91.6302331537 	 5.07671e-07
91.6926941169 	 5.07688e-07
91.7551550802 	 5.07647e-07
91.8176160435 	 5.07564e-07
91.8800770068 	 5.0739e-07
91.9425379701 	 5.07403e-07
92.0049989334 	 5.07295e-07
92.0674598967 	 5.07127e-07
92.12992086 	 5.07012e-07
92.1923818233 	 5.06995e-07
92.2548427866 	 5.06906e-07
92.3173037499 	 5.06801e-07
92.3797647132 	 5.06731e-07
92.4422256765 	 5.06736e-07
92.5046866398 	 5.06611e-07
92.5671476031 	 5.06522e-07
92.6296085664 	 5.06423e-07
92.6920695297 	 5.06351e-07
92.754530493 	 5.06365e-07
92.8169914563 	 5.06234e-07
92.8794524196 	 5.0616e-07
92.9419133828 	 5.06013e-07
93.0043743461 	 5.05956e-07
93.0668353094 	 5.05796e-07
93.1292962727 	 5.05795e-07
93.191757236 	 5.058e-07
93.2542181993 	 5.05744e-07
93.3166791626 	 5.05629e-07
93.3791401259 	 5.05657e-07
93.4416010892 	 5.05546e-07
93.5040620525 	 5.05423e-07
93.5665230158 	 5.05325e-07
93.6289839791 	 5.05213e-07
93.6914449424 	 5.05129e-07
93.7539059057 	 5.05065e-07
93.816366869 	 5.05077e-07
93.8788278323 	 5.05001e-07
93.9412887956 	 5.05032e-07
94.0037497589 	 5.04922e-07
94.0662107222 	 5.04862e-07
94.1286716855 	 5.04852e-07
94.1911326487 	 5.04774e-07
94.253593612 	 5.04629e-07
94.3160545753 	 5.04558e-07
94.3785155386 	 5.04549e-07
94.4409765019 	 5.04429e-07
94.5034374652 	 5.04304e-07
94.5658984285 	 5.04339e-07
94.6283593918 	 5.04312e-07
94.6908203551 	 5.0423e-07
94.7532813184 	 5.04167e-07
94.8157422817 	 5.04175e-07
94.878203245 	 5.04076e-07
94.9406642083 	 5.04021e-07
95.0031251716 	 5.03917e-07
95.0655861349 	 5.03908e-07
95.1280470982 	 5.03872e-07
95.1905080615 	 5.03841e-07
95.2529690248 	 5.03714e-07
95.3154299881 	 5.03757e-07
95.3778909513 	 5.03633e-07
95.4403519146 	 5.03655e-07
95.5028128779 	 5.03607e-07
95.5652738412 	 5.03494e-07
95.6277348045 	 5.03488e-07
95.6901957678 	 5.03406e-07
95.7526567311 	 5.03371e-07
95.8151176944 	 5.03326e-07
95.8775786577 	 5.03328e-07
95.940039621 	 5.03243e-07
96.0025005843 	 5.03106e-07
96.0649615476 	 5.03226e-07
96.1274225109 	 5.03237e-07
96.1898834742 	 5.03071e-07
96.2523444375 	 5.03005e-07
96.3148054008 	 5.03046e-07
96.3772663641 	 5.02997e-07
96.4397273274 	 5.02859e-07
96.5021882907 	 5.02923e-07
96.564649254 	 5.02943e-07
96.6271102172 	 5.02798e-07
96.6895711805 	 5.02742e-07
96.7520321438 	 5.02789e-07
96.8144931071 	 5.02728e-07
96.8769540704 	 5.02667e-07
96.9394150337 	 5.02634e-07
97.001875997 	 5.02603e-07
97.0643369603 	 5.02565e-07
97.1267979236 	 5.02549e-07
97.1892588869 	 5.02577e-07
97.2517198502 	 5.02443e-07
97.3141808135 	 5.02433e-07
97.3766417768 	 5.02475e-07
97.4391027401 	 5.0241e-07
97.5015637034 	 5.02396e-07
97.5640246667 	 5.02434e-07
97.62648563 	 5.02355e-07
97.6889465933 	 5.0234e-07
97.7514075566 	 5.02245e-07
97.8138685199 	 5.02305e-07
97.8763294831 	 5.02222e-07
97.9387904464 	 5.02167e-07
98.0012514097 	 5.02246e-07
98.063712373 	 5.02175e-07
98.1261733363 	 5.02203e-07
98.1886342996 	 5.02135e-07
98.2510952629 	 5.02154e-07
98.3135562262 	 5.02065e-07
98.3760171895 	 5.02005e-07
98.4384781528 	 5.0207e-07
98.5009391161 	 5.02078e-07
98.5634000794 	 5.01966e-07
98.6258610427 	 5.01982e-07
98.688322006 	 5.02e-07
98.7507829693 	 5.02009e-07
98.8132439326 	 5.01972e-07
98.8757048959 	 5.02036e-07
98.9381658592 	 5.02014e-07
99.0006268225 	 5.01989e-07
99.0630877858 	 5.01914e-07
99.125548749 	 5.01926e-07
99.1880097123 	 5.01958e-07
99.2504706756 	 5.01901e-07
99.3129316389 	 5.01765e-07
99.3753926022 	 5.01838e-07
99.4378535655 	 5.01903e-07
99.5003145288 	 5.01844e-07
99.5627754921 	 5.01796e-07
99.6252364554 	 5.01895e-07
99.6876974187 	 5.01936e-07
99.750158382 	 5.0192e-07
99.8126193453 	 5.01827e-07
99.8750803086 	 5.01877e-07
99.9375412719 	 5.01884e-07
100.000002235 	 5.01817e-07
