0.0 	 3.22689e-05
0.108342364285 	 0.000118694
0.21668472857 	 0.000899255
0.325027092855 	 0.00104795
0.433369457141 	 0.000699178
0.541711821426 	 0.00221914
0.650054185711 	 0.00104999
0.758396549996 	 0.000573312
0.866738914281 	 0.00141171
0.975081278566 	 0.000228194
1.08342364285 	 0.000145447
1.19176600714 	 0.000186042
1.30010837142 	 0.000125048
1.40845073571 	 0.000309031
1.51679309999 	 0.000221766
1.62513546428 	 0.000201066
1.73347782856 	 0.000216906
1.84182019285 	 6.33744e-05
1.95016255713 	 0.000182127
2.05850492142 	 3.59452e-05
2.1668472857 	 0.000236436
2.27518964999 	 0.00021074
2.38353201427 	 0.000156189
2.49187437856 	 0.000286776
2.60021674284 	 0.000250862
2.70855910713 	 5.36869e-05
2.81690147141 	 0.000152798
2.9252438357 	 9.48155e-05
3.03358619998 	 7.4845e-05
3.14192856427 	 6.59009e-05
3.25027092855 	 0.000126172
3.35861329284 	 0.000136077
3.46695565712 	 0.000180571
3.57529802141 	 0.000326633
3.68364038569 	 0.000236499
3.79198274998 	 0.000242809
3.90032511426 	 0.000171258
4.00866747855 	 5.18866e-05
4.11700984283 	 5.40964e-05
4.22535220712 	 1.97892e-05
4.33369457141 	 3.36278e-05
4.44203693569 	 2.88804e-05
4.55037929998 	 3.53657e-05
4.65872166426 	 3.14956e-05
4.76706402855 	 2.51294e-05
4.87540639283 	 2.30309e-05
4.98374875712 	 6.72768e-06
5.0920911214 	 2.81786e-05
5.20043348569 	 1.42493e-05
5.30877584997 	 1.72133e-05
5.41711821426 	 1.63482e-05
5.52546057854 	 1.27609e-05
5.63380294283 	 1.13457e-05
5.74214530711 	 2.39353e-05
5.8504876714 	 1.97745e-05
5.95883003568 	 2.26724e-05
6.06717239997 	 1.16821e-05
6.17551476425 	 1.01761e-05
6.28385712854 	 6.44322e-06
6.39219949282 	 1.87781e-05
6.50054185711 	 1.81433e-05
6.60888422139 	 1.23877e-05
6.71722658568 	 1.76631e-05
6.82556894996 	 1.31334e-05
6.93391131425 	 1.24548e-05
7.04225367853 	 5.78899e-06
7.15059604282 	 3.9416e-06
7.2589384071 	 7.89786e-06
7.36728077139 	 1.68173e-06
7.47562313567 	 3.83959e-06
7.58396549996 	 6.99908e-06
7.69230786424 	 1.67038e-06
7.80065022853 	 4.17268e-06
7.90899259281 	 1.87172e-06
8.0173349571 	 4.72234e-06
8.12567732138 	 8.68108e-06
8.23401968567 	 2.2988e-06
8.34236204995 	 4.72504e-06
8.45070441424 	 1.18401e-07
8.55904677853 	 4.19418e-06
8.66738914281 	 4.11624e-06
8.7757315071 	 4.87981e-06
8.88407387138 	 3.08611e-06
8.99241623567 	 7.70278e-06
9.10075859995 	 1.65329e-06
9.20910096424 	 2.86818e-06
9.31744332852 	 2.31606e-06
9.42578569281 	 1.63224e-06
9.53412805709 	 3.10451e-06
9.64247042138 	 4.09652e-06
9.75081278566 	 3.18176e-06
9.85915514995 	 4.15297e-06
9.96749751423 	 5.53369e-06
10.0758398785 	 1.72166e-06
10.1841822428 	 1.50692e-06
10.2925246071 	 2.96674e-06
10.4008669714 	 3.5163e-06
10.5092093357 	 5.26671e-06
10.6175516999 	 2.54915e-06
10.7258940642 	 1.88555e-06
10.8342364285 	 2.215e-06
10.9425787928 	 3.24512e-06
11.0509211571 	 1.89941e-06
11.1592635214 	 3.40134e-06
11.2676058857 	 3.21006e-06
11.3759482499 	 1.75931e-06
11.4842906142 	 4.37536e-06
11.5926329785 	 2.55483e-06
11.7009753428 	 3.09976e-06
11.8093177071 	 3.11021e-06
11.9176600714 	 1.54134e-06
12.0260024356 	 3.03667e-06
12.1343447999 	 3.60283e-06
12.2426871642 	 2.483e-06
12.3510295285 	 1.04654e-06
12.4593718928 	 3.09817e-06
12.5677142571 	 3.42755e-07
12.6760566214 	 2.13891e-06
12.7843989856 	 1.90679e-06
12.8927413499 	 1.25451e-06
13.0010837142 	 1.69132e-06
13.1094260785 	 2.15756e-06
13.2177684428 	 3.90427e-07
13.3261108071 	 2.41433e-06
13.4344531714 	 1.3614e-06
13.5427955356 	 1.31891e-06
13.6511378999 	 1.35814e-06
13.7594802642 	 6.56856e-07
13.8678226285 	 8.21588e-07
13.9761649928 	 1.53429e-06
14.0845073571 	 1.53711e-06
14.1928497214 	 1.67075e-06
14.3011920856 	 1.94548e-06
14.4095344499 	 1.84957e-06
14.5178768142 	 1.62492e-06
14.6262191785 	 1.20267e-06
14.7345615428 	 1.06262e-06
14.8429039071 	 1.21239e-06
14.9512462713 	 1.46501e-06
15.0595886356 	 1.40647e-06
15.1679309999 	 1.28644e-06
15.2762733642 	 9.68074e-07
15.3846157285 	 8.67008e-07
15.4929580928 	 8.82865e-07
15.6013004571 	 1.51795e-06
15.7096428213 	 1.39887e-06
15.8179851856 	 1.2081e-06
15.9263275499 	 6.33812e-07
16.0346699142 	 1.32717e-06
16.1430122785 	 1.23061e-06
16.2513546428 	 6.61412e-07
16.3596970071 	 1.1728e-06
16.4680393713 	 1.33756e-06
16.5763817356 	 1.17591e-06
16.6847240999 	 1.40437e-06
16.7930664642 	 9.16342e-07
16.9014088285 	 8.19375e-07
17.0097511928 	 1.14027e-06
17.1180935571 	 1.08028e-06
17.2264359213 	 1.05218e-06
17.3347782856 	 9.25377e-07
17.4431206499 	 9.22012e-07
17.5514630142 	 1.05002e-06
17.6598053785 	 1.09926e-06
17.7681477428 	 9.42733e-07
17.876490107 	 9.41387e-07
17.9848324713 	 1.1553e-06
18.0931748356 	 1.01934e-06
18.2015171999 	 9.8297e-07
18.3098595642 	 1.13655e-06
18.4182019285 	 1.07899e-06
18.5265442928 	 1.04872e-06
18.634886657 	 1.00675e-06
18.7432290213 	 9.82069e-07
18.8515713856 	 9.55866e-07
18.9599137499 	 1.01144e-06
19.0682561142 	 9.33739e-07
19.1765984785 	 9.83306e-07
19.2849408428 	 1.07922e-06
19.393283207 	 1.00482e-06
19.5016255713 	 9.67148e-07
19.6099679356 	 9.90885e-07
19.7183102999 	 8.46439e-07
19.8266526642 	 8.40323e-07
19.9349950285 	 8.36536e-07
20.0433373927 	 8.54732e-07
20.151679757 	 8.46523e-07
20.2600221213 	 9.52071e-07
20.3683644856 	 8.05178e-07
20.4767068499 	 8.62508e-07
20.5850492142 	 8.43342e-07
20.6933915785 	 8.19572e-07
20.8017339427 	 8.74844e-07
20.910076307 	 8.14643e-07
21.0184186713 	 9.10602e-07
21.1267610356 	 8.47182e-07
21.2351033999 	 8.56781e-07
21.3434457642 	 8.35428e-07
21.4517881285 	 8.44555e-07
21.5601304927 	 8.07767e-07
21.668472857 	 8.14199e-07
21.7768152213 	 8.20816e-07
21.8851575856 	 8.08281e-07
21.9934999499 	 8.13799e-07
22.1018423142 	 8.22847e-07
22.2101846785 	 8.17411e-07
22.3185270427 	 7.98126e-07
22.426869407 	 7.85638e-07
22.5352117713 	 8.03166e-07
22.6435541356 	 8.1327e-07
22.7518964999 	 7.63825e-07
22.8602388642 	 7.78826e-07
22.9685812284 	 7.74071e-07
23.0769235927 	 7.91673e-07
23.185265957 	 7.96547e-07
23.2936083213 	 7.82328e-07
23.4019506856 	 7.5938e-07
23.5102930499 	 7.67638e-07
23.6186354142 	 7.65764e-07
23.7269777784 	 7.70723e-07
23.8353201427 	 7.63119e-07
23.943662507 	 7.45431e-07
24.0520048713 	 7.38107e-07
24.1603472356 	 7.42275e-07
24.2686895999 	 7.45132e-07
24.3770319642 	 7.34327e-07
24.4853743284 	 7.31023e-07
24.5937166927 	 7.25594e-07
24.702059057 	 7.33118e-07
24.8104014213 	 7.17127e-07
24.9187437856 	 7.21725e-07
25.0270861499 	 7.07153e-07
25.1354285141 	 7.15195e-07
25.2437708784 	 7.10263e-07
25.3521132427 	 7.01996e-07
25.460455607 	 6.97135e-07
25.5687979713 	 6.96322e-07
25.6771403356 	 7.01916e-07
25.7854826999 	 7.01543e-07
25.8938250641 	 6.96483e-07
26.0021674284 	 6.90389e-07
26.1105097927 	 6.9073e-07
26.218852157 	 6.83371e-07
26.3271945213 	 6.81879e-07
26.4355368856 	 6.77664e-07
26.5438792499 	 6.75582e-07
26.6522216141 	 6.70525e-07
26.7605639784 	 6.7234e-07
26.8689063427 	 6.70921e-07
26.977248707 	 6.69785e-07
27.0855910713 	 6.67956e-07
27.1939334356 	 6.58732e-07
27.3022757999 	 6.57943e-07
27.4106181641 	 6.53023e-07
27.5189605284 	 6.5365e-07
27.6273028927 	 6.5251e-07
27.735645257 	 6.48001e-07
27.8439876213 	 6.46488e-07
27.9523299856 	 6.44454e-07
28.0606723498 	 6.4146e-07
28.1690147141 	 6.39553e-07
28.2773570784 	 6.37714e-07
28.3856994427 	 6.33825e-07
28.494041807 	 6.29692e-07
28.6023841713 	 6.29304e-07
28.7107265356 	 6.2444e-07
28.8190688998 	 6.23451e-07
28.9274112641 	 6.21405e-07
29.0357536284 	 6.19361e-07
29.1440959927 	 6.1854e-07
29.252438357 	 6.16386e-07
29.3607807213 	 6.13038e-07
29.4691230856 	 6.11017e-07
29.5774654498 	 6.0838e-07
29.6858078141 	 6.06562e-07
29.7941501784 	 6.0503e-07
29.9024925427 	 6.01648e-07
30.010834907 	 6.00115e-07
30.1191772713 	 5.98454e-07
30.2275196356 	 5.96675e-07
30.3358619998 	 5.94658e-07
30.4442043641 	 5.91913e-07
30.5525467284 	 5.90104e-07
30.6608890927 	 5.88049e-07
30.769231457 	 5.8635e-07
30.8775738213 	 5.8433e-07
30.9859161855 	 5.82583e-07
31.0942585498 	 5.81102e-07
31.2026009141 	 5.78687e-07
31.3109432784 	 5.7704e-07
31.4192856427 	 5.75541e-07
31.527628007 	 5.7358e-07
31.6359703713 	 5.71371e-07
31.7443127355 	 5.69619e-07
31.8526550998 	 5.67206e-07
31.9609974641 	 5.66044e-07
32.0693398284 	 5.64264e-07
32.1776821927 	 5.62923e-07
32.286024557 	 5.60574e-07
32.3943669213 	 5.58699e-07
32.5027092855 	 5.56961e-07
32.6110516498 	 5.55638e-07
32.7193940141 	 5.53573e-07
32.8277363784 	 5.51946e-07
32.9360787427 	 5.50256e-07
33.044421107 	 5.48339e-07
33.1527634712 	 5.46405e-07
33.2611058355 	 5.44873e-07
33.3694481998 	 5.43214e-07
33.4777905641 	 5.41884e-07
33.5861329284 	 5.40288e-07
33.6944752927 	 5.38695e-07
33.802817657 	 5.37216e-07
33.9111600212 	 5.35347e-07
34.0195023855 	 5.33685e-07
34.1278447498 	 5.31961e-07
34.2361871141 	 5.30597e-07
34.3445294784 	 5.29137e-07
34.4528718427 	 5.27531e-07
34.561214207 	 5.25986e-07
34.6695565712 	 5.2467e-07
34.7778989355 	 5.22942e-07
34.8862412998 	 5.21335e-07
34.9945836641 	 5.20085e-07
35.1029260284 	 5.18424e-07
35.2112683927 	 5.16982e-07
35.319610757 	 5.15699e-07
35.4279531212 	 5.14199e-07
35.5362954855 	 5.12742e-07
35.6446378498 	 5.11277e-07
35.7529802141 	 5.09806e-07
35.8613225784 	 5.08526e-07
35.9696649427 	 5.07199e-07
36.0780073069 	 5.05911e-07
36.1863496712 	 5.04451e-07
36.2946920355 	 5.02899e-07
36.4030343998 	 5.01671e-07
36.5113767641 	 5.00307e-07
36.6197191284 	 4.9887e-07
36.7280614927 	 4.97538e-07
36.8364038569 	 4.96213e-07
36.9447462212 	 4.94904e-07
37.0530885855 	 4.93623e-07
37.1614309498 	 4.92377e-07
37.2697733141 	 4.90961e-07
37.3781156784 	 4.89826e-07
37.4864580427 	 4.88478e-07
37.5948004069 	 4.87225e-07
37.7031427712 	 4.8584e-07
37.8114851355 	 4.84704e-07
37.9198274998 	 4.83404e-07
38.0281698641 	 4.82343e-07
38.1365122284 	 4.81007e-07
38.2448545927 	 4.79773e-07
38.3531969569 	 4.78505e-07
38.4615393212 	 4.77253e-07
38.5698816855 	 4.76079e-07
38.6782240498 	 4.74946e-07
38.7865664141 	 4.73795e-07
38.8949087784 	 4.72608e-07
39.0032511426 	 4.71502e-07
39.1115935069 	 4.70237e-07
39.2199358712 	 4.69105e-07
39.3282782355 	 4.67952e-07
39.4366205998 	 4.66818e-07
39.5449629641 	 4.65631e-07
39.6533053284 	 4.64557e-07
39.7616476926 	 4.63411e-07
39.8699900569 	 4.6236e-07
39.9783324212 	 4.61172e-07
40.0866747855 	 4.60102e-07
40.1950171498 	 4.59007e-07
40.3033595141 	 4.5794e-07
40.4117018784 	 4.56912e-07
40.5200442426 	 4.55837e-07
40.6283866069 	 4.54738e-07
40.7367289712 	 4.53665e-07
40.8450713355 	 4.5262e-07
40.9534136998 	 4.51528e-07
41.0617560641 	 4.50522e-07
41.1700984283 	 4.49485e-07
41.2784407926 	 4.48487e-07
41.3867831569 	 4.47474e-07
41.4951255212 	 4.46406e-07
41.6034678855 	 4.45417e-07
41.7118102498 	 4.44393e-07
41.8201526141 	 4.43402e-07
41.9284949783 	 4.42409e-07
42.0368373426 	 4.41408e-07
42.1451797069 	 4.40434e-07
42.2535220712 	 4.39454e-07
42.3618644355 	 4.3848e-07
42.4702067998 	 4.37528e-07
42.5785491641 	 4.36567e-07
42.6868915283 	 4.35612e-07
42.7952338926 	 4.34665e-07
42.9035762569 	 4.33719e-07
43.0119186212 	 4.32768e-07
43.1202609855 	 4.31833e-07
43.2286033498 	 4.30917e-07
43.3369457141 	 4.30009e-07
43.4452880783 	 4.29065e-07
43.5536304426 	 4.28166e-07
43.6619728069 	 4.27261e-07
43.7703151712 	 4.26373e-07
43.8786575355 	 4.25456e-07
43.9869998998 	 4.24581e-07
44.095342264 	 4.23681e-07
44.2036846283 	 4.22806e-07
44.3120269926 	 4.21926e-07
44.4203693569 	 4.21063e-07
44.5287117212 	 4.20202e-07
44.6370540855 	 4.19339e-07
44.7453964498 	 4.18478e-07
44.853738814 	 4.17613e-07
44.9620811783 	 4.16768e-07
45.0704235426 	 4.15928e-07
45.1787659069 	 4.15092e-07
45.2871082712 	 4.14255e-07
45.3954506355 	 4.13434e-07
45.5037929998 	 4.12612e-07
45.612135364 	 4.11786e-07
45.7204777283 	 4.10975e-07
45.8288200926 	 4.10158e-07
45.9371624569 	 4.09356e-07
46.0455048212 	 4.08559e-07
46.1538471855 	 4.07754e-07
46.2621895498 	 4.06957e-07
46.370531914 	 4.06172e-07
46.4788742783 	 4.05386e-07
46.5872166426 	 4.04607e-07
46.6955590069 	 4.0383e-07
46.8039013712 	 4.0305e-07
46.9122437355 	 4.02295e-07
47.0205860997 	 4.01524e-07
47.128928464 	 4.00761e-07
47.2372708283 	 4.00009e-07
47.3456131926 	 3.99257e-07
47.4539555569 	 3.98512e-07
47.5622979212 	 3.97766e-07
47.6706402855 	 3.97023e-07
47.7789826497 	 3.96287e-07
47.887325014 	 3.95562e-07
47.9956673783 	 3.94826e-07
48.1040097426 	 3.94103e-07
48.2123521069 	 3.93383e-07
48.3206944712 	 3.92666e-07
48.4290368355 	 3.91954e-07
48.5373791997 	 3.91242e-07
48.645721564 	 3.90536e-07
48.7540639283 	 3.89836e-07
48.8624062926 	 3.8914e-07
48.9707486569 	 3.88446e-07
49.0790910212 	 3.87752e-07
49.1874333854 	 3.87064e-07
49.2957757497 	 3.86383e-07
49.404118114 	 3.85701e-07
49.5124604783 	 3.85027e-07
49.6208028426 	 3.84351e-07
49.7291452069 	 3.83678e-07
49.8374875712 	 3.83012e-07
49.9458299354 	 3.82353e-07
50.0541722997 	 3.81696e-07
50.162514664 	 3.81036e-07
50.2708570283 	 3.80387e-07
50.3791993926 	 3.79737e-07
50.4875417569 	 3.7909e-07
50.5958841212 	 3.78446e-07
50.7042264854 	 3.77811e-07
50.8125688497 	 3.77173e-07
50.920911214 	 3.76541e-07
51.0292535783 	 3.75908e-07
51.1375959426 	 3.75285e-07
51.2459383069 	 3.7466e-07
51.3542806712 	 3.74038e-07
51.4626230354 	 3.73423e-07
51.5709653997 	 3.72809e-07
51.679307764 	 3.72197e-07
51.7876501283 	 3.71589e-07
51.8959924926 	 3.70987e-07
52.0043348569 	 3.70385e-07
52.1126772211 	 3.69789e-07
52.2210195854 	 3.69191e-07
52.3293619497 	 3.68601e-07
52.437704314 	 3.68011e-07
52.5460466783 	 3.67426e-07
52.6543890426 	 3.66843e-07
52.7627314069 	 3.66263e-07
52.8710737711 	 3.65687e-07
52.9794161354 	 3.65109e-07
53.0877584997 	 3.64533e-07
53.196100864 	 3.63963e-07
53.3044432283 	 3.634e-07
53.4127855926 	 3.62839e-07
53.5211279569 	 3.62279e-07
53.6294703211 	 3.61718e-07
53.7378126854 	 3.61162e-07
53.8461550497 	 3.60609e-07
53.954497414 	 3.60064e-07
54.0628397783 	 3.59521e-07
54.1711821426 	 3.58977e-07
54.2795245068 	 3.58435e-07
54.3878668711 	 3.57894e-07
54.4962092354 	 3.57357e-07
54.6045515997 	 3.56824e-07
54.712893964 	 3.56293e-07
54.8212363283 	 3.55769e-07
54.9295786926 	 3.55241e-07
55.0379210568 	 3.54718e-07
55.1462634211 	 3.54193e-07
55.2546057854 	 3.53678e-07
55.3629481497 	 3.53165e-07
55.471290514 	 3.52653e-07
55.5796328783 	 3.52144e-07
55.6879752426 	 3.51634e-07
55.7963176068 	 3.51127e-07
55.9046599711 	 3.50625e-07
56.0130023354 	 3.50127e-07
56.1213446997 	 3.49634e-07
56.229687064 	 3.49139e-07
56.3380294283 	 3.48641e-07
56.4463717926 	 3.48152e-07
56.5547141568 	 3.47661e-07
56.6630565211 	 3.47176e-07
56.7713988854 	 3.46696e-07
56.8797412497 	 3.46215e-07
56.988083614 	 3.45734e-07
57.0964259783 	 3.45256e-07
57.2047683425 	 3.4478e-07
57.3131107068 	 3.44315e-07
57.4214530711 	 3.43845e-07
57.5297954354 	 3.43377e-07
57.6381377997 	 3.42913e-07
57.746480164 	 3.42451e-07
57.8548225283 	 3.41991e-07
57.9631648925 	 3.41531e-07
58.0715072568 	 3.41079e-07
58.1798496211 	 3.40624e-07
58.2881919854 	 3.40172e-07
58.3965343497 	 3.39719e-07
58.504876714 	 3.39277e-07
58.6132190783 	 3.38831e-07
58.7215614425 	 3.38389e-07
58.8299038068 	 3.37946e-07
58.9382461711 	 3.37509e-07
59.0465885354 	 3.37074e-07
59.1549308997 	 3.36638e-07
59.263273264 	 3.36206e-07
59.3716156283 	 3.35776e-07
59.4799579925 	 3.3535e-07
59.5883003568 	 3.34923e-07
59.6966427211 	 3.34501e-07
59.8049850854 	 3.34078e-07
59.9133274497 	 3.33659e-07
60.021669814 	 3.33241e-07
60.1300121782 	 3.32826e-07
60.2383545425 	 3.32411e-07
60.3466969068 	 3.31999e-07
60.4550392711 	 3.3159e-07
60.5633816354 	 3.31189e-07
60.6717239997 	 3.30779e-07
60.780066364 	 3.30374e-07
60.8884087282 	 3.29967e-07
60.9967510925 	 3.2957e-07
61.1050934568 	 3.29173e-07
61.2134358211 	 3.2878e-07
61.3217781854 	 3.28387e-07
61.4301205497 	 3.27996e-07
61.538462914 	 3.27603e-07
61.6468052782 	 3.2721e-07
61.7551476425 	 3.26827e-07
61.8634900068 	 3.26445e-07
61.9718323711 	 3.26067e-07
62.0801747354 	 3.2568e-07
62.1885170997 	 3.25298e-07
62.2968594639 	 3.2492e-07
62.4052018282 	 3.24548e-07
62.5135441925 	 3.24176e-07
62.6218865568 	 3.23802e-07
62.7302289211 	 3.23434e-07
62.8385712854 	 3.23064e-07
62.9469136497 	 3.22701e-07
63.0552560139 	 3.22328e-07
63.1635983782 	 3.21972e-07
63.2719407425 	 3.21611e-07
63.3802831068 	 3.21254e-07
63.4886254711 	 3.20889e-07
63.5969678354 	 3.20536e-07
63.7053101997 	 3.20182e-07
63.8136525639 	 3.19833e-07
63.9219949282 	 3.1948e-07
64.0303372925 	 3.19132e-07
64.1386796568 	 3.18786e-07
64.2470220211 	 3.18437e-07
64.3553643854 	 3.18089e-07
64.4637067497 	 3.17748e-07
64.5720491139 	 3.17412e-07
64.6803914782 	 3.17076e-07
64.7887338425 	 3.16734e-07
64.8970762068 	 3.16397e-07
65.0054185711 	 3.16062e-07
65.1137609354 	 3.1573e-07
65.2221032996 	 3.15401e-07
65.3304456639 	 3.15073e-07
65.4387880282 	 3.1475e-07
65.5471303925 	 3.14419e-07
65.6554727568 	 3.14094e-07
65.7638151211 	 3.13769e-07
65.8721574854 	 3.1345e-07
65.9804998496 	 3.13129e-07
66.0888422139 	 3.12812e-07
66.1971845782 	 3.12496e-07
66.3055269425 	 3.12182e-07
66.4138693068 	 3.11867e-07
66.5222116711 	 3.11553e-07
66.6305540354 	 3.11244e-07
66.7388963996 	 3.10934e-07
66.8472387639 	 3.1063e-07
66.9555811282 	 3.10325e-07
67.0639234925 	 3.10022e-07
67.1722658568 	 3.09716e-07
67.2806082211 	 3.09413e-07
67.3889505854 	 3.09115e-07
67.4972929496 	 3.08815e-07
67.6056353139 	 3.08518e-07
67.7139776782 	 3.08223e-07
67.8223200425 	 3.07933e-07
67.9306624068 	 3.07639e-07
68.0390047711 	 3.07346e-07
68.1473471353 	 3.07053e-07
68.2556894996 	 3.06768e-07
68.3640318639 	 3.06483e-07
68.4723742282 	 3.06199e-07
68.5807165925 	 3.05916e-07
68.6890589568 	 3.05632e-07
68.7974013211 	 3.0535e-07
68.9057436853 	 3.05067e-07
69.0140860496 	 3.04787e-07
69.1224284139 	 3.04514e-07
69.2307707782 	 3.04242e-07
69.3391131425 	 3.03968e-07
69.4474555068 	 3.0369e-07
69.5557978711 	 3.03418e-07
69.6641402353 	 3.03151e-07
69.7724825996 	 3.02884e-07
69.8808249639 	 3.02615e-07
69.9891673282 	 3.02348e-07
70.0975096925 	 3.02087e-07
70.2058520568 	 3.01822e-07
70.314194421 	 3.01558e-07
70.4225367853 	 3.01297e-07
70.5308791496 	 3.01043e-07
70.6392215139 	 3.00784e-07
70.7475638782 	 3.00524e-07
70.8559062425 	 3.0027e-07
70.9642486068 	 3.00021e-07
71.072590971 	 2.99768e-07
71.1809333353 	 2.9951e-07
71.2892756996 	 2.9926e-07
71.3976180639 	 2.99012e-07
71.5059604282 	 2.98765e-07
71.6143027925 	 2.98521e-07
71.7226451568 	 2.98278e-07
71.830987521 	 2.98033e-07
71.9393298853 	 2.97784e-07
72.0476722496 	 2.97547e-07
72.1560146139 	 2.9731e-07
72.2643569782 	 2.97074e-07
72.3726993425 	 2.96832e-07
72.4810417068 	 2.96597e-07
72.589384071 	 2.9636e-07
72.6977264353 	 2.96124e-07
72.8060687996 	 2.95895e-07
72.9144111639 	 2.95668e-07
73.0227535282 	 2.95437e-07
73.1310958925 	 2.95202e-07
73.2394382567 	 2.94975e-07
73.347780621 	 2.94749e-07
73.4561229853 	 2.94528e-07
73.5644653496 	 2.94304e-07
73.6728077139 	 2.94082e-07
73.7811500782 	 2.93858e-07
73.8894924425 	 2.93634e-07
73.9978348067 	 2.93416e-07
74.106177171 	 2.93203e-07
74.2145195353 	 2.92987e-07
74.3228618996 	 2.92771e-07
74.4312042639 	 2.92554e-07
74.5395466282 	 2.9234e-07
74.6478889925 	 2.92126e-07
74.7562313567 	 2.91917e-07
74.864573721 	 2.91711e-07
74.9729160853 	 2.915e-07
75.0812584496 	 2.91289e-07
75.1896008139 	 2.91081e-07
75.2979431782 	 2.90882e-07
75.4062855424 	 2.90677e-07
75.5146279067 	 2.90473e-07
75.622970271 	 2.90271e-07
75.7313126353 	 2.90071e-07
75.8396549996 	 2.89869e-07
75.9479973639 	 2.89671e-07
76.0563397282 	 2.89475e-07
76.1646820924 	 2.8928e-07
76.2730244567 	 2.89083e-07
76.381366821 	 2.88888e-07
76.4897091853 	 2.88698e-07
76.5980515496 	 2.88505e-07
76.7063939139 	 2.88312e-07
76.8147362782 	 2.88123e-07
76.9230786424 	 2.87936e-07
77.0314210067 	 2.87749e-07
77.139763371 	 2.87561e-07
77.2481057353 	 2.87374e-07
77.3564480996 	 2.8719e-07
77.4647904639 	 2.87008e-07
77.5731328282 	 2.86827e-07
77.6814751924 	 2.86648e-07
77.7898175567 	 2.86468e-07
77.898159921 	 2.86285e-07
78.0065022853 	 2.86106e-07
78.1148446496 	 2.85931e-07
78.2231870139 	 2.85758e-07
78.3315293781 	 2.8558e-07
78.4398717424 	 2.85407e-07
78.5482141067 	 2.85235e-07
78.656556471 	 2.85063e-07
78.7648988353 	 2.84891e-07
78.8732411996 	 2.84722e-07
78.9815835639 	 2.84559e-07
79.0899259281 	 2.84388e-07
79.1982682924 	 2.84219e-07
79.3066106567 	 2.84052e-07
79.414953021 	 2.83891e-07
79.5232953853 	 2.83727e-07
79.6316377496 	 2.83566e-07
79.7399801139 	 2.83404e-07
79.8483224781 	 2.83245e-07
79.9566648424 	 2.83084e-07
80.0650072067 	 2.82923e-07
80.173349571 	 2.8277e-07
80.2816919353 	 2.82614e-07
80.3900342996 	 2.82458e-07
80.4983766639 	 2.823e-07
80.6067190281 	 2.82146e-07
80.7150613924 	 2.81998e-07
80.8234037567 	 2.81843e-07
80.931746121 	 2.81695e-07
81.0400884853 	 2.81546e-07
81.1484308496 	 2.81395e-07
81.2567732138 	 2.81246e-07
81.3651155781 	 2.81101e-07
81.4734579424 	 2.80958e-07
81.5818003067 	 2.80814e-07
81.690142671 	 2.80668e-07
81.7984850353 	 2.80527e-07
81.9068273996 	 2.80385e-07
82.0151697638 	 2.80242e-07
82.1235121281 	 2.801e-07
82.2318544924 	 2.79965e-07
82.3401968567 	 2.7983e-07
82.448539221 	 2.7969e-07
82.5568815853 	 2.7955e-07
82.6652239496 	 2.79414e-07
82.7735663138 	 2.79286e-07
82.8819086781 	 2.79149e-07
82.9902510424 	 2.7902e-07
83.0985934067 	 2.78888e-07
83.206935771 	 2.78761e-07
83.3152781353 	 2.78626e-07
83.4236204995 	 2.78496e-07
83.5319628638 	 2.78373e-07
83.6403052281 	 2.78248e-07
83.7486475924 	 2.78121e-07
83.8569899567 	 2.77995e-07
83.965332321 	 2.77871e-07
84.0736746853 	 2.77748e-07
84.1820170495 	 2.77625e-07
84.2903594138 	 2.77503e-07
84.3987017781 	 2.77385e-07
84.5070441424 	 2.77265e-07
84.6153865067 	 2.77149e-07
84.723728871 	 2.77027e-07
84.8320712353 	 2.76911e-07
84.9404135995 	 2.76796e-07
85.0487559638 	 2.76682e-07
85.1570983281 	 2.76569e-07
85.2654406924 	 2.76455e-07
85.3737830567 	 2.76344e-07
85.482125421 	 2.76231e-07
85.5904677853 	 2.76123e-07
85.6988101495 	 2.76013e-07
85.8071525138 	 2.75904e-07
85.9154948781 	 2.75794e-07
86.0238372424 	 2.75688e-07
86.1321796067 	 2.75583e-07
86.240521971 	 2.75481e-07
86.3488643352 	 2.75376e-07
86.4572066995 	 2.75271e-07
86.5655490638 	 2.75164e-07
86.6738914281 	 2.75062e-07
86.7822337924 	 2.74966e-07
86.8905761567 	 2.74869e-07
86.998918521 	 2.74771e-07
87.1072608852 	 2.7467e-07
87.2156032495 	 2.74573e-07
87.3239456138 	 2.74474e-07
87.4322879781 	 2.7438e-07
87.5406303424 	 2.74286e-07
87.6489727067 	 2.74197e-07
87.757315071 	 2.74101e-07
87.8656574352 	 2.74006e-07
87.9739997995 	 2.73915e-07
88.0823421638 	 2.73826e-07
88.1906845281 	 2.73738e-07
88.2990268924 	 2.73647e-07
88.4073692567 	 2.7356e-07
88.515711621 	 2.73473e-07
88.6240539852 	 2.73389e-07
88.7323963495 	 2.73303e-07
88.8407387138 	 2.73221e-07
88.9490810781 	 2.73135e-07
89.0574234424 	 2.73051e-07
89.1657658067 	 2.72969e-07
89.2741081709 	 2.72889e-07
89.3824505352 	 2.7281e-07
89.4907928995 	 2.72732e-07
89.5991352638 	 2.72654e-07
89.7074776281 	 2.72575e-07
89.8158199924 	 2.72497e-07
89.9241623567 	 2.72419e-07
90.0325047209 	 2.72346e-07
90.1408470852 	 2.72274e-07
90.2491894495 	 2.72201e-07
90.3575318138 	 2.72129e-07
90.4658741781 	 2.72054e-07
90.5742165424 	 2.71983e-07
90.6825589067 	 2.71915e-07
90.7909012709 	 2.71844e-07
90.8992436352 	 2.71776e-07
91.0075859995 	 2.7171e-07
91.1159283638 	 2.71641e-07
91.2242707281 	 2.71579e-07
91.3326130924 	 2.71509e-07
91.4409554566 	 2.71447e-07
91.5492978209 	 2.71383e-07
91.6576401852 	 2.7132e-07
91.7659825495 	 2.71256e-07
91.8743249138 	 2.71198e-07
91.9826672781 	 2.7114e-07
92.0910096424 	 2.71082e-07
92.1993520066 	 2.71017e-07
92.3076943709 	 2.70958e-07
92.4160367352 	 2.70905e-07
92.5243790995 	 2.7085e-07
92.6327214638 	 2.70792e-07
92.7410638281 	 2.70737e-07
92.8494061924 	 2.70687e-07
92.9577485566 	 2.70632e-07
93.0660909209 	 2.70578e-07
93.1744332852 	 2.70527e-07
93.2827756495 	 2.7048e-07
93.3911180138 	 2.70429e-07
93.4994603781 	 2.70379e-07
93.6078027424 	 2.70328e-07
93.7161451066 	 2.70287e-07
93.8244874709 	 2.70239e-07
93.9328298352 	 2.70193e-07
94.0411721995 	 2.70145e-07
94.1495145638 	 2.70104e-07
94.2578569281 	 2.70058e-07
94.3661992923 	 2.70016e-07
94.4745416566 	 2.69975e-07
94.5828840209 	 2.69936e-07
94.6912263852 	 2.69895e-07
94.7995687495 	 2.69853e-07
94.9079111138 	 2.69814e-07
95.0162534781 	 2.69779e-07
95.1245958423 	 2.69741e-07
95.2329382066 	 2.69709e-07
95.3412805709 	 2.69673e-07
95.4496229352 	 2.69635e-07
95.5579652995 	 2.69598e-07
95.6663076638 	 2.69567e-07
95.7746500281 	 2.69537e-07
95.8829923923 	 2.69509e-07
95.9913347566 	 2.69476e-07
96.0996771209 	 2.69448e-07
96.2080194852 	 2.69415e-07
96.3163618495 	 2.69383e-07
96.4247042138 	 2.6936e-07
96.5330465781 	 2.69338e-07
96.6413889423 	 2.69311e-07
96.7497313066 	 2.6928e-07
96.8580736709 	 2.69255e-07
96.9664160352 	 2.69234e-07
97.0747583995 	 2.69213e-07
97.1831007638 	 2.69191e-07
97.291443128 	 2.69174e-07
97.3997854923 	 2.69151e-07
97.5081278566 	 2.69128e-07
97.6164702209 	 2.69104e-07
97.7248125852 	 2.69095e-07
97.8331549495 	 2.6908e-07
97.9414973138 	 2.69062e-07
98.049839678 	 2.6904e-07
98.1581820423 	 2.69023e-07
98.2665244066 	 2.69011e-07
98.3748667709 	 2.69002e-07
98.4832091352 	 2.68993e-07
98.5915514995 	 2.68981e-07
98.6998938638 	 2.68968e-07
98.808236228 	 2.6895e-07
98.9165785923 	 2.68942e-07
99.0249209566 	 2.68937e-07
99.1332633209 	 2.68935e-07
99.2416056852 	 2.68928e-07
99.3499480495 	 2.68916e-07
99.4582904137 	 2.6891e-07
99.566632778 	 2.68904e-07
99.6749751423 	 2.68902e-07
99.7833175066 	 2.689e-07
99.8916598709 	 2.68901e-07
100.000002235 	 2.68896e-07
