0.0 	 5.08911e-05
0.0481927721615 	 0.000105255
0.0963855443231 	 0.000320943
0.144578316485 	 0.000118739
0.192771088646 	 0.00022372
0.240963860808 	 0.000160038
0.289156632969 	 0.000375759
0.337349405131 	 0.00022739
0.385542177292 	 0.000387736
0.433734949454 	 0.000769571
0.481927721615 	 0.000437167
0.530120493777 	 0.000155491
0.578313265938 	 0.000344397
0.6265060381 	 5.56993e-05
0.674698810261 	 0.000171044
0.722891582423 	 0.000225754
0.771084354584 	 5.8959e-05
0.819277126746 	 0.000147752
0.867469898908 	 8.85947e-05
0.915662671069 	 7.0128e-05
0.963855443231 	 0.000179292
1.01204821539 	 0.000147311
1.06024098755 	 7.18717e-05
1.10843375972 	 0.000209352
1.15662653188 	 0.00011316
1.20481930404 	 0.000163233
1.2530120762 	 0.000120438
1.30120484836 	 0.000130808
1.34939762052 	 0.000161222
1.39759039268 	 0.00023886
1.44578316485 	 0.000103681
1.49397593701 	 8.70276e-05
1.54216870917 	 0.000149596
1.59036148133 	 0.000216971
1.63855425349 	 4.05155e-05
1.68674702565 	 3.89401e-05
1.73493979782 	 7.26611e-05
1.78313256998 	 0.000122547
1.83132534214 	 0.000142239
1.8795181143 	 0.000131101
1.92771088646 	 0.000107494
1.97590365862 	 0.000150216
2.02409643078 	 9.44525e-05
2.07228920295 	 0.000123039
2.12048197511 	 0.00010572
2.16867474727 	 0.000172782
2.21686751943 	 0.000256125
2.26506029159 	 0.000121747
2.31325306375 	 4.64909e-05
2.36144583591 	 5.91716e-05
2.40963860808 	 0.000100599
2.45783138024 	 9.72939e-05
2.5060241524 	 0.000119313
2.55421692456 	 0.000134088
2.60240969672 	 0.000159184
2.65060246888 	 9.90265e-05
2.69879524105 	 1.71202e-05
2.74698801321 	 7.40237e-05
2.79518078537 	 0.000134058
2.84337355753 	 0.000140242
2.89156632969 	 9.52187e-05
2.93975910185 	 0.000106339
2.98795187401 	 0.000134465
3.03614464618 	 0.000253306
3.08433741834 	 0.000168245
3.1325301905 	 6.46002e-05
3.18072296266 	 9.83711e-05
3.22891573482 	 0.000231229
3.27710850698 	 0.000337751
3.32530127915 	 0.00017245
3.37349405131 	 6.57872e-05
3.42168682347 	 2.2072e-05
3.46987959563 	 0.000189164
3.51807236779 	 0.000364094
3.56626513995 	 0.00058766
3.61445791211 	 0.000675873
3.66265068428 	 0.000633061
3.71084345644 	 0.000498685
3.7590362286 	 0.000230583
3.80722900076 	 0.000109187
3.85542177292 	 0.000158486
3.90361454508 	 0.000201452
3.95180731725 	 0.000118654
4.00000008941 	 3.25065e-05
4.04819286157 	 0.000126893
4.09638563373 	 5.80045e-05
4.14457840589 	 8.85749e-05
4.19277117805 	 6.68613e-05
4.24096395021 	 5.62847e-05
4.28915672238 	 5.19678e-05
4.33734949454 	 3.76303e-05
4.3855422667 	 1.39376e-05
4.43373503886 	 2.25882e-05
4.48192781102 	 1.68245e-05
4.53012058318 	 1.89148e-05
4.57831335535 	 1.76194e-05
4.62650612751 	 1.84959e-05
4.67469889967 	 1.16176e-05
4.72289167183 	 1.08007e-05
4.77108444399 	 8.91851e-06
4.81927721615 	 1.70903e-05
4.86746998831 	 1.46839e-05
4.91566276048 	 8.65115e-06
4.96385553264 	 1.00046e-05
5.0120483048 	 1.75973e-05
5.06024107696 	 2.87794e-05
5.10843384912 	 3.5482e-05
5.15662662128 	 2.07934e-05
5.20481939345 	 7.55682e-06
5.25301216561 	 9.28922e-06
5.30120493777 	 1.5577e-05
5.34939770993 	 1.81465e-05
5.39759048209 	 1.13446e-05
5.44578325425 	 6.37158e-06
5.49397602641 	 3.47331e-06
5.54216879858 	 5.1215e-06
5.59036157074 	 1.0155e-05
5.6385543429 	 1.37022e-05
5.68674711506 	 1.09995e-05
5.73493988722 	 1.08639e-05
5.78313265938 	 1.09078e-05
5.83132543155 	 6.15728e-06
5.87951820371 	 2.17552e-06
5.92771097587 	 4.70489e-06
5.97590374803 	 4.42081e-06
6.02409652019 	 1.09336e-06
6.07228929235 	 6.20161e-07
6.12048206451 	 2.76045e-06
6.16867483668 	 4.84006e-06
6.21686760884 	 3.53496e-06
6.265060381 	 4.69532e-06
6.31325315316 	 5.26422e-06
6.36144592532 	 4.83267e-06
6.40963869748 	 5.23655e-06
6.45783146964 	 5.59296e-06
6.50602424181 	 5.78738e-06
6.55421701397 	 5.25808e-06
6.60240978613 	 3.14779e-06
6.65060255829 	 1.4476e-06
6.69879533045 	 1.2948e-06
6.74698810261 	 1.08661e-06
6.79518087478 	 8.17719e-07
6.84337364694 	 2.71924e-06
6.8915664191 	 3.50712e-06
6.93975919126 	 2.98177e-06
6.98795196342 	 2.02956e-06
7.03614473558 	 8.79498e-07
7.08433750774 	 1.69295e-06
7.13253027991 	 2.3231e-06
7.18072305207 	 1.947e-06
7.22891582423 	 1.08128e-06
7.27710859639 	 1.52157e-06
7.32530136855 	 1.917e-06
7.37349414071 	 2.55563e-06
7.42168691288 	 2.37329e-06
7.46987968504 	 2.18371e-06
7.5180724572 	 3.35388e-06
7.56626522936 	 3.10331e-06
7.61445800152 	 2.26459e-06
7.66265077368 	 1.15936e-06
7.71084354584 	 2.35897e-06
7.75903631801 	 1.78289e-06
7.80722909017 	 3.15834e-07
7.85542186233 	 7.49261e-08
7.90361463449 	 9.15773e-07
7.95180740665 	 1.13198e-06
8.00000017881 	 2.11044e-06
8.04819295098 	 3.23615e-06
8.09638572314 	 4.57001e-06
8.1445784953 	 5.01898e-06
8.19277126746 	 5.84182e-06
8.24096403962 	 6.06765e-06
8.28915681178 	 4.46048e-06
8.33734958394 	 2.57629e-06
8.38554235611 	 2.20291e-06
8.43373512827 	 1.59494e-06
8.48192790043 	 1.83354e-06
8.53012067259 	 2.09635e-06
8.57831344475 	 2.76312e-06
8.62650621691 	 2.71726e-06
8.67469898908 	 2.31176e-06
8.72289176124 	 2.3147e-06
8.7710845334 	 2.4623e-06
8.81927730556 	 2.00782e-06
8.86747007772 	 1.43925e-06
8.91566284988 	 2.57734e-06
8.96385562204 	 2.58478e-06
9.01204839421 	 2.21725e-06
9.06024116637 	 1.97377e-06
9.10843393853 	 1.64021e-06
9.15662671069 	 1.14938e-06
9.20481948285 	 1.5132e-06
9.25301225501 	 1.69845e-06
9.30120502718 	 2.60285e-06
9.34939779934 	 2.9987e-06
9.3975905715 	 2.31348e-06
9.44578334366 	 3.12715e-06
9.49397611582 	 3.48504e-06
9.54216888798 	 3.16969e-06
9.59036166014 	 2.63969e-06
9.63855443231 	 2.53186e-06
9.68674720447 	 2.85202e-06
9.73493997663 	 3.33516e-06
9.78313274879 	 4.57927e-06
9.83132552095 	 5.2038e-06
9.87951829311 	 5.42432e-06
9.92771106528 	 5.18392e-06
9.97590383744 	 4.58197e-06
10.0240966096 	 3.71338e-06
10.0722893818 	 4.14344e-06
10.1204821539 	 3.98525e-06
10.1686749261 	 3.73673e-06
10.2168676982 	 2.56159e-06
10.2650604704 	 1.11209e-06
10.3132532426 	 3.37398e-06
10.3614460147 	 4.05198e-06
10.4096387869 	 4.48711e-06
10.4578315591 	 4.67958e-06
10.5060243312 	 3.60151e-06
10.5542171034 	 2.72939e-06
10.6024098755 	 3.08407e-06
10.6506026477 	 3.14895e-06
10.6987954199 	 4.00909e-06
10.746988192 	 4.69827e-06
10.7951809642 	 4.30359e-06
10.8433737363 	 4.13171e-06
10.8915665085 	 3.90885e-06
10.9397592807 	 5.82531e-06
10.9879520528 	 5.55752e-06
11.036144825 	 5.72948e-06
11.0843375972 	 5.64245e-06
11.1325303693 	 4.59539e-06
11.1807231415 	 3.92532e-06
11.2289159136 	 2.96302e-06
11.2771086858 	 1.76609e-06
11.325301458 	 1.69283e-06
11.3734942301 	 9.80215e-07
11.4216870023 	 1.44427e-06
11.4698797744 	 2.17709e-06
11.5180725466 	 2.36186e-06
11.5662653188 	 1.93534e-06
11.6144580909 	 1.99321e-06
11.6626508631 	 1.53854e-06
11.7108436353 	 1.16972e-06
11.7590364074 	 1.65497e-06
11.8072291796 	 2.15831e-06
11.8554219517 	 1.60156e-06
11.9036147239 	 1.44615e-06
11.9518074961 	 7.7061e-07
12.0000002682 	 1.21803e-06
12.0481930404 	 1.3159e-06
12.0963858125 	 2.09601e-06
12.1445785847 	 1.62022e-06
12.1927713569 	 1.83421e-06
12.240964129 	 1.48561e-06
12.2891569012 	 9.60956e-07
12.3373496734 	 1.0141e-06
12.3855424455 	 6.08293e-07
12.4337352177 	 5.28259e-07
12.4819279898 	 4.27241e-07
12.530120762 	 4.16661e-07
12.5783135342 	 4.94016e-07
12.6265063063 	 7.45893e-07
12.6746990785 	 6.19261e-07
12.7228918506 	 8.77176e-07
12.7710846228 	 8.20567e-07
12.819277395 	 4.89165e-07
12.8674701671 	 5.0561e-07
12.9156629393 	 2.08803e-07
12.9638557115 	 2.24184e-07
13.0120484836 	 2.73078e-07
13.0602412558 	 2.74521e-07
13.1084340279 	 3.77102e-07
13.1566268001 	 4.56567e-07
13.2048195723 	 1.8416e-07
13.2530123444 	 2.53299e-07
13.3012051166 	 4.80802e-07
13.3493978887 	 4.29453e-07
13.3975906609 	 3.76323e-07
13.4457834331 	 3.87938e-08
13.4939762052 	 1.7717e-07
13.5421689774 	 2.99487e-07
13.5903617496 	 2.86935e-07
13.6385545217 	 3.57642e-07
13.6867472939 	 2.56345e-07
13.734940066 	 2.79388e-07
13.7831328382 	 2.32271e-07
13.8313256104 	 2.16367e-07
13.8795183825 	 2.52092e-07
13.9277111547 	 3.40518e-07
13.9759039268 	 4.35136e-07
14.024096699 	 7.16524e-07
14.0722894712 	 4.37149e-07
14.1204822433 	 2.87848e-07
14.1686750155 	 8.83679e-08
14.2168677877 	 1.46464e-07
14.2650605598 	 1.9034e-07
14.313253332 	 2.20495e-07
14.3614461041 	 2.75437e-07
14.4096388763 	 2.72862e-07
14.4578316485 	 2.30613e-07
14.5060244206 	 3.10951e-07
14.5542171928 	 2.33464e-07
14.6024099649 	 6.88463e-08
14.6506027371 	 9.16622e-08
14.6987955093 	 4.55922e-08
14.7469882814 	 1.5101e-07
14.7951810536 	 9.45555e-08
14.8433738258 	 8.27866e-08
14.8915665979 	 2.77867e-08
14.9397593701 	 1.5143e-07
14.9879521422 	 1.71712e-07
15.0361449144 	 9.1884e-08
15.0843376866 	 1.11586e-08
15.1325304587 	 4.92768e-08
15.1807232309 	 7.98537e-08
15.228916003 	 5.73236e-09
15.2771087752 	 8.91041e-08
15.3253015474 	 8.22059e-08
15.3734943195 	 4.02847e-08
15.4216870917 	 5.21957e-08
15.4698798639 	 1.14598e-07
15.518072636 	 1.18239e-07
15.5662654082 	 2.8082e-08
15.6144581803 	 5.93437e-08
15.6626509525 	 8.4155e-08
15.7108437247 	 1.08482e-07
15.7590364968 	 1.57965e-07
15.807229269 	 1.49753e-07
15.8554220411 	 1.56074e-07
15.9036148133 	 1.41527e-07
15.9518075855 	 9.60242e-08
16.0000003576 	 3.20694e-08
16.0481931298 	 6.23538e-08
16.096385902 	 5.97762e-08
16.1445786741 	 5.37998e-08
16.1927714463 	 4.23805e-08
16.2409642184 	 4.39221e-08
16.2891569906 	 2.6878e-08
16.3373497628 	 3.80017e-08
16.3855425349 	 5.70288e-08
16.4337353071 	 9.32579e-08
16.4819280792 	 6.42311e-08
16.5301208514 	 7.90768e-08
16.5783136236 	 4.30948e-08
16.6265063957 	 2.97073e-08
16.6746991679 	 5.50429e-08
16.7228919401 	 1.39983e-08
16.7710847122 	 7.84276e-08
16.8192774844 	 5.37091e-08
16.8674702565 	 2.95871e-08
16.9156630287 	 2.09187e-08
16.9638558009 	 4.31311e-08
17.012048573 	 3.33885e-08
17.0602413452 	 1.76367e-08
17.1084341173 	 8.37255e-09
17.1566268895 	 1.85751e-08
17.2048196617 	 5.00294e-08
17.2530124338 	 8.58387e-08
17.301205206 	 5.98279e-08
17.3493979782 	 2.68991e-08
17.3975907503 	 9.0467e-09
17.4457835225 	 2.90396e-08
17.4939762946 	 5.28942e-08
17.5421690668 	 8.9471e-08
17.590361839 	 8.41099e-08
17.6385546111 	 9.26788e-08
17.6867473833 	 6.0299e-08
17.7349401554 	 3.5945e-08
17.7831329276 	 5.14397e-08
17.8313256998 	 3.20655e-08
17.8795184719 	 2.89907e-08
17.9277112441 	 3.23759e-08
17.9759040163 	 6.96562e-08
18.0240967884 	 3.66194e-08
18.0722895606 	 6.11148e-08
18.1204823327 	 6.57596e-08
18.1686751049 	 3.68013e-08
18.2168678771 	 2.06589e-08
18.2650606492 	 3.98994e-08
18.3132534214 	 2.76878e-08
18.3614461935 	 1.01411e-08
18.4096389657 	 5.2244e-08
18.4578317379 	 3.67497e-08
18.50602451 	 4.82427e-08
18.5542172822 	 2.6185e-08
18.6024100544 	 2.82155e-08
18.6506028265 	 2.47138e-08
18.6987955987 	 4.38086e-08
18.7469883708 	 6.81239e-08
18.795181143 	 6.908e-08
18.8433739152 	 2.87712e-08
18.8915666873 	 1.53806e-08
18.9397594595 	 1.71865e-08
18.9879522316 	 5.7204e-08
19.0361450038 	 5.96154e-08
19.084337776 	 4.60841e-08
19.1325305481 	 5.22132e-08
19.1807233203 	 4.37176e-08
19.2289160925 	 4.79231e-08
19.2771088646 	 4.10229e-08
19.3253016368 	 3.25644e-08
19.3734944089 	 3.09696e-08
19.4216871811 	 1.91076e-08
19.4698799533 	 4.15957e-08
19.5180727254 	 3.61754e-08
19.5662654976 	 4.17511e-08
19.6144582697 	 5.31769e-08
19.6626510419 	 2.55636e-08
19.7108438141 	 9.23781e-09
19.7590365862 	 1.67529e-08
19.8072293584 	 3.54797e-08
19.8554221306 	 4.02328e-08
19.9036149027 	 4.26669e-08
19.9518076749 	 5.32753e-08
20.000000447 	 9.4364e-08
20.0481932192 	 2.578e-08
20.0963859914 	 1.01505e-08
20.1445787635 	 2.88744e-08
20.1927715357 	 1.38308e-08
20.2409643078 	 1.43355e-08
20.28915708 	 2.11499e-08
20.3373498522 	 3.96497e-08
20.3855426243 	 4.22928e-08
20.4337353965 	 1.89153e-08
20.4819281687 	 2.61643e-08
20.5301209408 	 4.78834e-08
20.578313713 	 4.07139e-08
20.6265064851 	 3.57027e-08
20.6746992573 	 2.68619e-08
20.7228920295 	 1.30431e-08
20.7710848016 	 3.77718e-08
20.8192775738 	 4.51454e-08
20.8674703459 	 2.66795e-08
20.9156631181 	 1.40387e-08
20.9638558903 	 2.18105e-08
21.0120486624 	 1.76277e-08
21.0602414346 	 4.01777e-08
21.1084342068 	 3.81348e-08
21.1566269789 	 3.40907e-08
21.2048197511 	 2.89527e-08
21.2530125232 	 2.04223e-08
21.3012052954 	 3.83055e-08
21.3493980676 	 3.92998e-08
21.3975908397 	 2.34521e-08
21.4457836119 	 2.89722e-08
21.493976384 	 3.59876e-08
21.5421691562 	 3.65166e-08
21.5903619284 	 3.1027e-08
21.6385547005 	 3.05575e-08
21.6867474727 	 2.12687e-08
21.7349402448 	 1.24208e-08
21.783133017 	 2.0519e-08
21.8313257892 	 1.81438e-08
21.8795185613 	 2.27666e-08
21.9277113335 	 2.53792e-08
21.9759041057 	 2.54822e-08
22.0240968778 	 5.15074e-08
22.07228965 	 2.81678e-08
22.1204824221 	 2.98798e-08
22.1686751943 	 3.80494e-08
22.2168679665 	 2.57564e-08
22.2650607386 	 2.71781e-08
22.3132535108 	 1.66853e-08
22.3614462829 	 2.12368e-08
22.4096390551 	 2.69545e-08
22.4578318273 	 2.8342e-08
22.5060245994 	 2.79468e-08
22.5542173716 	 3.41623e-08
22.6024101438 	 2.7825e-08
22.6506029159 	 2.37371e-08
22.6987956881 	 2.52599e-08
22.7469884602 	 2.10692e-08
22.7951812324 	 2.16988e-08
22.8433740046 	 2.99714e-08
22.8915667767 	 2.42884e-08
22.9397595489 	 2.56191e-08
22.987952321 	 2.45154e-08
23.0361450932 	 2.86297e-08
23.0843378654 	 2.72412e-08
23.1325306375 	 2.57596e-08
23.1807234097 	 2.78682e-08
23.2289161819 	 2.02746e-08
23.277108954 	 2.46516e-08
23.3253017262 	 2.85858e-08
23.3734944983 	 2.74609e-08
23.4216872705 	 2.33233e-08
23.4698800427 	 2.55332e-08
23.5180728148 	 2.32363e-08
23.566265587 	 2.36563e-08
23.6144583591 	 2.59478e-08
23.6626511313 	 2.62059e-08
23.7108439035 	 3.07059e-08
23.7590366756 	 2.7279e-08
23.8072294478 	 2.55402e-08
23.85542222 	 2.21158e-08
23.9036149921 	 2.16852e-08
23.9518077643 	 2.42054e-08
24.0000005364 	 2.74653e-08
24.0481933086 	 2.59241e-08
24.0963860808 	 2.29444e-08
24.1445788529 	 2.48615e-08
24.1927716251 	 2.51437e-08
24.2409643972 	 2.67874e-08
24.2891571694 	 2.39913e-08
24.3373499416 	 2.3067e-08
24.3855427137 	 2.01393e-08
24.4337354859 	 2.36737e-08
24.4819282581 	 2.74324e-08
24.5301210302 	 2.37674e-08
24.5783138024 	 2.4874e-08
24.6265065745 	 2.56858e-08
24.6746993467 	 2.3266e-08
24.7228921189 	 2.63776e-08
24.771084891 	 2.44447e-08
24.8192776632 	 2.32219e-08
24.8674704353 	 2.19987e-08
24.9156632075 	 2.08375e-08
24.9638559797 	 2.45328e-08
25.0120487518 	 2.40707e-08
25.060241524 	 2.40659e-08
25.1084342962 	 2.25548e-08
25.1566270683 	 2.36825e-08
25.2048198405 	 2.32192e-08
25.2530126126 	 2.38971e-08
25.3012053848 	 2.4256e-08
25.349398157 	 2.57581e-08
25.3975909291 	 2.3708e-08
25.4457837013 	 2.35658e-08
25.4939764734 	 2.19398e-08
25.5421692456 	 2.01714e-08
25.5903620178 	 2.1167e-08
25.6385547899 	 2.43223e-08
25.6867475621 	 2.26799e-08
25.7349403343 	 2.3537e-08
25.7831331064 	 2.30743e-08
25.8313258786 	 2.29438e-08
25.8795186507 	 2.29203e-08
25.9277114229 	 2.28554e-08
25.9759041951 	 2.25545e-08
26.0240969672 	 2.73621e-08
26.0722897394 	 2.37845e-08
26.1204825115 	 2.33246e-08
26.1686752837 	 2.20074e-08
26.2168680559 	 2.15735e-08
26.265060828 	 2.19544e-08
26.3132536002 	 2.37459e-08
26.3614463724 	 2.38672e-08
26.4096391445 	 2.28018e-08
26.4578319167 	 2.29284e-08
26.5060246888 	 2.13963e-08
26.554217461 	 2.04941e-08
26.6024102332 	 2.06605e-08
26.6506030053 	 2.10391e-08
26.6987957775 	 2.25595e-08
26.7469885496 	 2.24766e-08
26.7951813218 	 2.28535e-08
26.843374094 	 2.24415e-08
26.8915668661 	 2.18935e-08
26.9397596383 	 2.18383e-08
26.9879524105 	 2.05271e-08
27.0361451826 	 2.12852e-08
27.0843379548 	 2.38021e-08
27.1325307269 	 2.31761e-08
27.1807234991 	 2.17496e-08
27.2289162713 	 2.09945e-08
27.2771090434 	 2.16423e-08
27.3253018156 	 2.20176e-08
27.3734945877 	 2.21871e-08
27.4216873599 	 2.10271e-08
27.4698801321 	 2.2194e-08
27.5180729042 	 2.19223e-08
27.5662656764 	 2.23003e-08
27.6144584486 	 2.03432e-08
27.6626512207 	 2.14889e-08
27.7108439929 	 2.16518e-08
27.759036765 	 2.1859e-08
27.8072295372 	 2.18946e-08
27.8554223094 	 2.12999e-08
27.9036150815 	 2.13221e-08
27.9518078537 	 2.0796e-08
28.0000006258 	 1.87275e-08
28.048193398 	 2.12916e-08
28.0963861702 	 2.20125e-08
28.1445789423 	 2.13848e-08
28.1927717145 	 2.12845e-08
28.2409644867 	 2.14514e-08
28.2891572588 	 2.11966e-08
28.337350031 	 2.07292e-08
28.3855428031 	 2.06501e-08
28.4337355753 	 2.06557e-08
28.4819283475 	 2.10032e-08
28.5301211196 	 2.11102e-08
28.5783138918 	 2.12942e-08
28.6265066639 	 2.13047e-08
28.6746994361 	 2.09541e-08
28.7228922083 	 2.03872e-08
28.7710849804 	 2.01054e-08
28.8192777526 	 2.08052e-08
28.8674705248 	 2.05884e-08
28.9156632969 	 2.0567e-08
28.9638560691 	 2.0263e-08
29.0120488412 	 2.00589e-08
29.0602416134 	 2.01692e-08
29.1084343856 	 2.06545e-08
29.1566271577 	 2.03367e-08
29.2048199299 	 2.04736e-08
29.253012702 	 2.0341e-08
29.3012054742 	 2.05298e-08
29.3493982464 	 2.01226e-08
29.3975910185 	 1.99992e-08
29.4457837907 	 1.99256e-08
29.4939765629 	 2.02427e-08
29.542169335 	 2.01617e-08
29.5903621072 	 2.03571e-08
29.6385548793 	 1.98552e-08
29.6867476515 	 2.00693e-08
29.7349404237 	 2.01235e-08
29.7831331958 	 2.0396e-08
29.831325968 	 1.99027e-08
29.8795187401 	 1.98943e-08
29.9277115123 	 1.99841e-08
29.9759042845 	 2.01714e-08
30.0240970566 	 1.9585e-08
30.0722898288 	 1.96217e-08
30.120482601 	 1.9767e-08
30.1686753731 	 1.98209e-08
30.2168681453 	 1.97164e-08
30.2650609174 	 1.96756e-08
30.3132536896 	 1.97615e-08
30.3614464618 	 1.95214e-08
30.4096392339 	 1.93708e-08
30.4578320061 	 1.95493e-08
30.5060247782 	 1.96241e-08
30.5542175504 	 1.93465e-08
30.6024103226 	 1.93075e-08
30.6506030947 	 1.93951e-08
30.6987958669 	 1.94383e-08
30.7469886391 	 1.94265e-08
30.7951814112 	 1.92923e-08
30.8433741834 	 1.95141e-08
30.8915669555 	 1.94358e-08
30.9397597277 	 1.93181e-08
30.9879524999 	 1.92191e-08
31.036145272 	 1.91033e-08
31.0843380442 	 1.92922e-08
31.1325308163 	 1.91992e-08
31.1807235885 	 1.89643e-08
31.2289163607 	 1.90694e-08
31.2771091328 	 1.89608e-08
31.325301905 	 1.9225e-08
31.3734946772 	 1.9068e-08
31.4216874493 	 1.89421e-08
31.4698802215 	 1.89301e-08
31.5180729936 	 1.89309e-08
31.5662657658 	 1.88941e-08
31.614458538 	 1.88518e-08
31.6626513101 	 1.87082e-08
31.7108440823 	 1.89047e-08
31.7590368544 	 1.89448e-08
31.8072296266 	 1.89388e-08
31.8554223988 	 1.86868e-08
31.9036151709 	 1.86963e-08
31.9518079431 	 1.87751e-08
32.0000007153 	 1.87288e-08
32.0481934874 	 1.86328e-08
32.0963862596 	 1.85305e-08
32.1445790317 	 1.8512e-08
32.1927718039 	 1.85829e-08
32.2409645761 	 1.84575e-08
32.2891573482 	 1.84564e-08
32.3373501204 	 1.83211e-08
32.3855428925 	 1.84254e-08
32.4337356647 	 1.8457e-08
32.4819284369 	 1.83132e-08
32.530121209 	 1.83547e-08
32.5783139812 	 1.8312e-08
32.6265067534 	 1.84414e-08
32.6746995255 	 1.83121e-08
32.7228922977 	 1.83663e-08
32.7710850698 	 1.83499e-08
32.819277842 	 1.8258e-08
32.8674706142 	 1.81736e-08
32.9156633863 	 1.8101e-08
32.9638561585 	 1.81134e-08
33.0120489306 	 1.81089e-08
33.0602417028 	 1.81214e-08
33.108434475 	 1.81936e-08
33.1566272471 	 1.81166e-08
33.2048200193 	 1.80381e-08
33.2530127915 	 1.80458e-08
33.3012055636 	 1.7837e-08
33.3493983358 	 1.78969e-08
33.3975911079 	 1.79253e-08
33.4457838801 	 1.7947e-08
33.4939766523 	 1.78803e-08
33.5421694244 	 1.7935e-08
33.5903621966 	 1.78725e-08
33.6385549687 	 1.77447e-08
33.6867477409 	 1.77853e-08
33.7349405131 	 1.76762e-08
33.7831332852 	 1.76776e-08
33.8313260574 	 1.77464e-08
33.8795188296 	 1.77056e-08
33.9277116017 	 1.76805e-08
33.9759043739 	 1.75513e-08
34.024097146 	 1.75114e-08
34.0722899182 	 1.75273e-08
34.1204826904 	 1.75812e-08
34.1686754625 	 1.75165e-08
34.2168682347 	 1.75957e-08
34.2650610068 	 1.75473e-08
34.313253779 	 1.74839e-08
34.3614465512 	 1.74618e-08
34.4096393233 	 1.75065e-08
34.4578320955 	 1.74467e-08
34.5060248677 	 1.74372e-08
34.5542176398 	 1.74108e-08
34.602410412 	 1.72491e-08
34.6506031841 	 1.72301e-08
34.6987959563 	 1.72822e-08
34.7469887285 	 1.72844e-08
34.7951815006 	 1.73102e-08
34.8433742728 	 1.73973e-08
34.8915670449 	 1.72345e-08
34.9397598171 	 1.71968e-08
34.9879525893 	 1.71305e-08
35.0361453614 	 1.70998e-08
35.0843381336 	 1.71093e-08
35.1325309058 	 1.7081e-08
35.1807236779 	 1.71448e-08
35.2289164501 	 1.71258e-08
35.2771092222 	 1.70366e-08
35.3253019944 	 1.69466e-08
35.3734947666 	 1.69905e-08
35.4216875387 	 1.70492e-08
35.4698803109 	 1.70175e-08
35.518073083 	 1.69044e-08
35.5662658552 	 1.68676e-08
35.6144586274 	 1.68328e-08
35.6626513995 	 1.67307e-08
35.7108441717 	 1.68806e-08
35.7590369439 	 1.67901e-08
35.807229716 	 1.68657e-08
35.8554224882 	 1.68577e-08
35.9036152603 	 1.67313e-08
35.9518080325 	 1.67293e-08
36.0000008047 	 1.66831e-08
36.0481935768 	 1.67153e-08
36.096386349 	 1.6669e-08
36.1445791211 	 1.66299e-08
36.1927718933 	 1.67402e-08
36.2409646655 	 1.66827e-08
36.2891574376 	 1.6667e-08
36.3373502098 	 1.65572e-08
36.385542982 	 1.65463e-08
36.4337357541 	 1.65582e-08
36.4819285263 	 1.65304e-08
36.5301212984 	 1.65212e-08
36.5783140706 	 1.65205e-08
36.6265068428 	 1.64778e-08
36.6746996149 	 1.64277e-08
36.7228923871 	 1.64395e-08
36.7710851592 	 1.63935e-08
36.8192779314 	 1.63577e-08
36.8674707036 	 1.63902e-08
36.9156634757 	 1.63435e-08
36.9638562479 	 1.63132e-08
37.0120490201 	 1.62685e-08
37.0602417922 	 1.62188e-08
37.1084345644 	 1.62379e-08
37.1566273365 	 1.6237e-08
37.2048201087 	 1.62153e-08
37.2530128809 	 1.62401e-08
37.301205653 	 1.62228e-08
37.3493984252 	 1.61991e-08
37.3975911973 	 1.61545e-08
37.4457839695 	 1.61277e-08
37.4939767417 	 1.60947e-08
37.5421695138 	 1.61067e-08
37.590362286 	 1.61021e-08
37.6385550582 	 1.61174e-08
37.6867478303 	 1.60119e-08
37.7349406025 	 1.60313e-08
37.7831333746 	 1.60136e-08
37.8313261468 	 1.60089e-08
37.879518919 	 1.59847e-08
37.9277116911 	 1.59377e-08
37.9759044633 	 1.5972e-08
38.0240972354 	 1.58787e-08
38.0722900076 	 1.59037e-08
38.1204827798 	 1.58717e-08
38.1686755519 	 1.58443e-08
38.2168683241 	 1.5854e-08
38.2650610963 	 1.5839e-08
38.3132538684 	 1.58532e-08
38.3614466406 	 1.57589e-08
38.4096394127 	 1.57718e-08
38.4578321849 	 1.57624e-08
38.5060249571 	 1.5709e-08
38.5542177292 	 1.56774e-08
38.6024105014 	 1.56825e-08
38.6506032735 	 1.57014e-08
38.6987960457 	 1.56779e-08
38.7469888179 	 1.56653e-08
38.79518159 	 1.5638e-08
38.8433743622 	 1.56379e-08
38.8915671344 	 1.56171e-08
38.9397599065 	 1.55731e-08
38.9879526787 	 1.5551e-08
39.0361454508 	 1.55337e-08
39.084338223 	 1.55197e-08
39.1325309952 	 1.55405e-08
39.1807237673 	 1.55056e-08
39.2289165395 	 1.54636e-08
39.2771093116 	 1.54746e-08
39.3253020838 	 1.54393e-08
39.373494856 	 1.54306e-08
39.4216876281 	 1.54047e-08
39.4698804003 	 1.53947e-08
39.5180731725 	 1.53718e-08
39.5662659446 	 1.53842e-08
39.6144587168 	 1.53511e-08
39.6626514889 	 1.53309e-08
39.7108442611 	 1.52891e-08
39.7590370333 	 1.52717e-08
39.8072298054 	 1.52732e-08
39.8554225776 	 1.52827e-08
39.9036153497 	 1.52519e-08
39.9518081219 	 1.52291e-08
40.0000008941 	 1.52271e-08
40.0481936662 	 1.51728e-08
40.0963864384 	 1.51724e-08
40.1445792106 	 1.51953e-08
40.1927719827 	 1.51666e-08
40.2409647549 	 1.51375e-08
40.289157527 	 1.51131e-08
40.3373502992 	 1.50991e-08
40.3855430714 	 1.50635e-08
40.4337358435 	 1.50656e-08
40.4819286157 	 1.50602e-08
40.5301213878 	 1.50463e-08
40.57831416 	 1.50323e-08
40.6265069322 	 1.5015e-08
40.6746997043 	 1.49943e-08
40.7228924765 	 1.49622e-08
40.7710852487 	 1.4939e-08
40.8192780208 	 1.49518e-08
40.867470793 	 1.49455e-08
40.9156635651 	 1.49181e-08
40.9638563373 	 1.49005e-08
41.0120491095 	 1.48791e-08
41.0602418816 	 1.48429e-08
41.1084346538 	 1.48391e-08
41.1566274259 	 1.48436e-08
41.2048201981 	 1.48306e-08
41.2530129703 	 1.48113e-08
41.3012057424 	 1.47895e-08
41.3493985146 	 1.47656e-08
41.3975912868 	 1.47568e-08
41.4457840589 	 1.47496e-08
41.4939768311 	 1.47404e-08
41.5421696032 	 1.47219e-08
41.5903623754 	 1.47119e-08
41.6385551476 	 1.4699e-08
41.6867479197 	 1.46835e-08
41.7349406919 	 1.46589e-08
41.783133464 	 1.46304e-08
41.8313262362 	 1.46144e-08
41.8795190084 	 1.46032e-08
41.9277117805 	 1.4598e-08
41.9759045527 	 1.45827e-08
42.0240973249 	 1.45684e-08
42.072290097 	 1.45595e-08
42.1204828692 	 1.45521e-08
42.1686756413 	 1.45401e-08
42.2168684135 	 1.4518e-08
42.2650611857 	 1.44903e-08
42.3132539578 	 1.44768e-08
42.36144673 	 1.44654e-08
42.4096395021 	 1.44578e-08
42.4578322743 	 1.44444e-08
42.5060250465 	 1.44331e-08
42.5542178186 	 1.44172e-08
42.6024105908 	 1.44119e-08
42.650603363 	 1.43806e-08
42.6987961351 	 1.43721e-08
42.7469889073 	 1.4355e-08
42.7951816794 	 1.43336e-08
42.8433744516 	 1.4332e-08
42.8915672238 	 1.43235e-08
42.9397599959 	 1.43025e-08
42.9879527681 	 1.42818e-08
43.0361455402 	 1.42701e-08
43.0843383124 	 1.42526e-08
43.1325310846 	 1.42415e-08
43.1807238567 	 1.42335e-08
43.2289166289 	 1.42165e-08
43.2771094011 	 1.42133e-08
43.3253021732 	 1.4194e-08
43.3734949454 	 1.41812e-08
43.4216877175 	 1.41671e-08
43.4698804897 	 1.41422e-08
43.5180732619 	 1.41333e-08
43.566266034 	 1.41192e-08
43.6144588062 	 1.41153e-08
43.6626515783 	 1.41001e-08
43.7108443505 	 1.40857e-08
43.7590371227 	 1.4081e-08
43.8072298948 	 1.40606e-08
43.855422667 	 1.4043e-08
43.9036154392 	 1.40375e-08
43.9518082113 	 1.40232e-08
44.0000009835 	 1.40181e-08
44.0481937556 	 1.39883e-08
44.0963865278 	 1.39839e-08
44.1445793 	 1.39634e-08
44.1927720721 	 1.39506e-08
44.2409648443 	 1.39397e-08
44.2891576164 	 1.39267e-08
44.3373503886 	 1.39154e-08
44.3855431608 	 1.39076e-08
44.4337359329 	 1.38913e-08
44.4819287051 	 1.38706e-08
44.5301214773 	 1.38606e-08
44.5783142494 	 1.38455e-08
44.6265070216 	 1.3842e-08
44.6746997937 	 1.38235e-08
44.7228925659 	 1.3812e-08
44.7710853381 	 1.38049e-08
44.8192781102 	 1.37905e-08
44.8674708824 	 1.37764e-08
44.9156636545 	 1.3765e-08
44.9638564267 	 1.37497e-08
45.0120491989 	 1.37401e-08
45.060241971 	 1.37249e-08
45.1084347432 	 1.37161e-08
45.1566275154 	 1.37025e-08
45.2048202875 	 1.36887e-08
45.2530130597 	 1.36771e-08
45.3012058318 	 1.36691e-08
45.349398604 	 1.36578e-08
45.3975913762 	 1.36469e-08
45.4457841483 	 1.36322e-08
45.4939769205 	 1.36163e-08
45.5421696926 	 1.36028e-08
45.5903624648 	 1.35876e-08
45.638555237 	 1.35796e-08
45.6867480091 	 1.35639e-08
45.7349407813 	 1.35544e-08
45.7831335535 	 1.35474e-08
45.8313263256 	 1.35279e-08
45.8795190978 	 1.35189e-08
45.9277118699 	 1.35074e-08
45.9759046421 	 1.35007e-08
46.0240974143 	 1.34931e-08
46.0722901864 	 1.34753e-08
46.1204829586 	 1.34612e-08
46.1686757307 	 1.34456e-08
46.2168685029 	 1.3434e-08
46.2650612751 	 1.34281e-08
46.3132540472 	 1.34165e-08
46.3614468194 	 1.34052e-08
46.4096395916 	 1.33904e-08
46.4578323637 	 1.33817e-08
46.5060251359 	 1.33686e-08
46.554217908 	 1.33598e-08
46.6024106802 	 1.3346e-08
46.6506034524 	 1.33324e-08
46.6987962245 	 1.33226e-08
46.7469889967 	 1.33093e-08
46.7951817688 	 1.33036e-08
46.843374541 	 1.32914e-08
46.8915673132 	 1.32781e-08
46.9397600853 	 1.32692e-08
46.9879528575 	 1.32547e-08
47.0361456297 	 1.32472e-08
47.0843384018 	 1.32322e-08
47.132531174 	 1.32229e-08
47.1807239461 	 1.32103e-08
47.2289167183 	 1.31999e-08
47.2771094905 	 1.31875e-08
47.3253022626 	 1.3177e-08
47.3734950348 	 1.31679e-08
47.4216878069 	 1.31556e-08
47.4698805791 	 1.31451e-08
47.5180733513 	 1.31294e-08
47.5662661234 	 1.31228e-08
47.6144588956 	 1.31116e-08
47.6626516678 	 1.3104e-08
47.7108444399 	 1.30905e-08
47.7590372121 	 1.30802e-08
47.8072299842 	 1.30693e-08
47.8554227564 	 1.30546e-08
47.9036155286 	 1.30458e-08
47.9518083007 	 1.30342e-08
48.0000010729 	 1.30254e-08
48.048193845 	 1.30156e-08
48.0963866172 	 1.30089e-08
48.1445793894 	 1.29952e-08
48.1927721615 	 1.29818e-08
48.2409649337 	 1.29722e-08
48.2891577059 	 1.29594e-08
48.337350478 	 1.29493e-08
48.3855432502 	 1.2941e-08
48.4337360223 	 1.293e-08
48.4819287945 	 1.29222e-08
48.5301215667 	 1.2911e-08
48.5783143388 	 1.29e-08
48.626507111 	 1.28921e-08
48.6746998831 	 1.28758e-08
48.7228926553 	 1.2869e-08
48.7710854275 	 1.28578e-08
48.8192781996 	 1.28483e-08
48.8674709718 	 1.28392e-08
48.915663744 	 1.28271e-08
48.9638565161 	 1.28181e-08
49.0120492883 	 1.28059e-08
49.0602420604 	 1.27974e-08
49.1084348326 	 1.27859e-08
49.1566276048 	 1.27765e-08
49.2048203769 	 1.27666e-08
49.2530131491 	 1.27571e-08
49.3012059212 	 1.27469e-08
49.3493986934 	 1.27366e-08
49.3975914656 	 1.27262e-08
49.4457842377 	 1.27168e-08
49.4939770099 	 1.27055e-08
49.5421697821 	 1.26944e-08
49.5903625542 	 1.26871e-08
49.6385553264 	 1.26773e-08
49.6867480985 	 1.26671e-08
49.7349408707 	 1.26567e-08
49.7831336429 	 1.26465e-08
49.831326415 	 1.26383e-08
49.8795191872 	 1.26289e-08
49.9277119593 	 1.26177e-08
49.9759047315 	 1.26084e-08
50.0240975037 	 1.26e-08
50.0722902758 	 1.25879e-08
50.120483048 	 1.25808e-08
50.1686758202 	 1.2569e-08
50.2168685923 	 1.25591e-08
50.2650613645 	 1.2551e-08
50.3132541366 	 1.2542e-08
50.3614469088 	 1.25306e-08
50.409639681 	 1.25221e-08
50.4578324531 	 1.25145e-08
50.5060252253 	 1.25021e-08
50.5542179974 	 1.24947e-08
50.6024107696 	 1.24818e-08
50.6506035418 	 1.24752e-08
50.6987963139 	 1.24668e-08
50.7469890861 	 1.24563e-08
50.7951818583 	 1.24449e-08
50.8433746304 	 1.24369e-08
50.8915674026 	 1.24285e-08
50.9397601747 	 1.24188e-08
50.9879529469 	 1.24108e-08
51.0361457191 	 1.24009e-08
51.0843384912 	 1.23904e-08
51.1325312634 	 1.23819e-08
51.1807240355 	 1.23732e-08
51.2289168077 	 1.23626e-08
51.2771095799 	 1.23529e-08
51.325302352 	 1.23453e-08
51.3734951242 	 1.23369e-08
51.4216878964 	 1.23277e-08
51.4698806685 	 1.23184e-08
51.5180734407 	 1.23092e-08
51.5662662128 	 1.23003e-08
51.614458985 	 1.22921e-08
51.6626517572 	 1.22816e-08
51.7108445293 	 1.22736e-08
51.7590373015 	 1.22634e-08
51.8072300736 	 1.22565e-08
51.8554228458 	 1.22448e-08
51.903615618 	 1.22358e-08
51.9518083901 	 1.22293e-08
52.0000011623 	 1.22205e-08
52.0481939345 	 1.22124e-08
52.0963867066 	 1.22033e-08
52.1445794788 	 1.2195e-08
52.1927722509 	 1.21844e-08
52.2409650231 	 1.21756e-08
52.2891577953 	 1.21658e-08
52.3373505674 	 1.21592e-08
52.3855433396 	 1.21491e-08
52.4337361117 	 1.21406e-08
52.4819288839 	 1.21344e-08
52.5301216561 	 1.2125e-08
52.5783144282 	 1.21159e-08
52.6265072004 	 1.21075e-08
52.6746999726 	 1.20984e-08
52.7228927447 	 1.20902e-08
52.7710855169 	 1.20806e-08
52.819278289 	 1.20732e-08
52.8674710612 	 1.20638e-08
52.9156638334 	 1.20561e-08
52.9638566055 	 1.20467e-08
53.0120493777 	 1.20388e-08
53.0602421498 	 1.20321e-08
53.108434922 	 1.20224e-08
53.1566276942 	 1.20132e-08
53.2048204663 	 1.20059e-08
53.2530132385 	 1.19974e-08
53.3012060107 	 1.19894e-08
53.3493987828 	 1.198e-08
53.397591555 	 1.19719e-08
53.4457843271 	 1.19648e-08
53.4939770993 	 1.1956e-08
53.5421698715 	 1.19485e-08
53.5903626436 	 1.19402e-08
53.6385554158 	 1.19302e-08
53.6867481879 	 1.19244e-08
53.7349409601 	 1.19146e-08
53.7831337323 	 1.19066e-08
53.8313265044 	 1.18986e-08
53.8795192766 	 1.18905e-08
53.9277120488 	 1.1884e-08
53.9759048209 	 1.18746e-08
54.0240975931 	 1.18678e-08
54.0722903652 	 1.1858e-08
54.1204831374 	 1.1851e-08
54.1686759096 	 1.18428e-08
54.2168686817 	 1.1834e-08
54.2650614539 	 1.18273e-08
54.313254226 	 1.18179e-08
54.3614469982 	 1.18112e-08
54.4096397704 	 1.18041e-08
54.4578325425 	 1.17958e-08
54.5060253147 	 1.17857e-08
54.5542180869 	 1.17795e-08
54.602410859 	 1.17709e-08
54.6506036312 	 1.17622e-08
54.6987964033 	 1.17585e-08
54.7469891755 	 1.17483e-08
54.7951819477 	 1.17421e-08
54.8433747198 	 1.17331e-08
54.891567492 	 1.17243e-08
54.9397602641 	 1.17164e-08
54.9879530363 	 1.17089e-08
55.0361458085 	 1.17016e-08
55.0843385806 	 1.16941e-08
55.1325313528 	 1.1688e-08
55.180724125 	 1.16794e-08
55.2289168971 	 1.16719e-08
55.2771096693 	 1.16636e-08
55.3253024414 	 1.16557e-08
55.3734952136 	 1.16478e-08
55.4216879858 	 1.16417e-08
55.4698807579 	 1.16344e-08
55.5180735301 	 1.16271e-08
55.5662663022 	 1.16191e-08
55.6144590744 	 1.16112e-08
55.6626518466 	 1.16037e-08
55.7108446187 	 1.15974e-08
55.7590373909 	 1.15887e-08
55.8072301631 	 1.15803e-08
55.8554229352 	 1.15745e-08
55.9036157074 	 1.15665e-08
55.9518084795 	 1.156e-08
56.0000012517 	 1.15533e-08
56.0481940239 	 1.15437e-08
56.096386796 	 1.15378e-08
56.1445795682 	 1.15307e-08
56.1927723403 	 1.15222e-08
56.2409651125 	 1.15164e-08
56.2891578847 	 1.1508e-08
56.3373506568 	 1.15007e-08
56.385543429 	 1.14938e-08
56.4337362012 	 1.14867e-08
56.4819289733 	 1.14801e-08
56.5301217455 	 1.14731e-08
56.5783145176 	 1.14648e-08
56.6265072898 	 1.14591e-08
56.674700062 	 1.14507e-08
56.7228928341 	 1.14439e-08
56.7710856063 	 1.14383e-08
56.8192783784 	 1.14291e-08
56.8674711506 	 1.14215e-08
56.9156639228 	 1.1416e-08
56.9638566949 	 1.14084e-08
57.0120494671 	 1.14013e-08
57.0602422393 	 1.13944e-08
57.1084350114 	 1.13877e-08
57.1566277836 	 1.13822e-08
57.2048205557 	 1.13746e-08
57.2530133279 	 1.13666e-08
57.3012061001 	 1.13595e-08
57.3493988722 	 1.13522e-08
57.3975916444 	 1.13452e-08
57.4457844165 	 1.13408e-08
57.4939771887 	 1.13327e-08
57.5421699609 	 1.1326e-08
57.590362733 	 1.13185e-08
57.6385555052 	 1.13127e-08
57.6867482774 	 1.13054e-08
57.7349410495 	 1.12975e-08
57.7831338217 	 1.12918e-08
57.8313265938 	 1.12831e-08
57.879519366 	 1.12785e-08
57.9277121382 	 1.12721e-08
57.9759049103 	 1.12654e-08
58.0240976825 	 1.12587e-08
58.0722904546 	 1.12501e-08
58.1204832268 	 1.12431e-08
58.168675999 	 1.12389e-08
58.2168687711 	 1.12316e-08
58.2650615433 	 1.12259e-08
58.3132543155 	 1.12172e-08
58.3614470876 	 1.12121e-08
58.4096398598 	 1.12044e-08
58.4578326319 	 1.11985e-08
58.5060254041 	 1.11916e-08
58.5542181763 	 1.11841e-08
58.6024109484 	 1.11797e-08
58.6506037206 	 1.11714e-08
58.6987964927 	 1.11663e-08
58.7469892649 	 1.11602e-08
58.7951820371 	 1.11519e-08
58.8433748092 	 1.11461e-08
58.8915675814 	 1.11406e-08
58.9397603536 	 1.11343e-08
58.9879531257 	 1.11262e-08
59.0361458979 	 1.11208e-08
59.08433867 	 1.11132e-08
59.1325314422 	 1.11084e-08
59.1807242144 	 1.11025e-08
59.2289169865 	 1.10948e-08
59.2771097587 	 1.1089e-08
59.3253025308 	 1.10826e-08
59.373495303 	 1.10756e-08
59.4216880752 	 1.10701e-08
59.4698808473 	 1.10652e-08
59.5180736195 	 1.10566e-08
59.5662663917 	 1.10503e-08
59.6144591638 	 1.10435e-08
59.662651936 	 1.10395e-08
59.7108447081 	 1.10339e-08
59.7590374803 	 1.10257e-08
59.8072302525 	 1.10188e-08
59.8554230246 	 1.10144e-08
59.9036157968 	 1.10084e-08
59.9518085689 	 1.10015e-08
60.0000013411 	 1.09959e-08
60.0481941133 	 1.09893e-08
60.0963868854 	 1.09833e-08
60.1445796576 	 1.09784e-08
60.1927724298 	 1.0971e-08
60.2409652019 	 1.09655e-08
60.2891579741 	 1.0958e-08
60.3373507462 	 1.09525e-08
60.3855435184 	 1.09482e-08
60.4337362906 	 1.09408e-08
60.4819290627 	 1.09347e-08
60.5301218349 	 1.09277e-08
60.578314607 	 1.09231e-08
60.6265073792 	 1.09173e-08
60.6747001514 	 1.09121e-08
60.7228929235 	 1.09059e-08
60.7710856957 	 1.08985e-08
60.8192784679 	 1.08933e-08
60.86747124 	 1.0887e-08
60.9156640122 	 1.0881e-08
60.9638567843 	 1.08767e-08
61.0120495565 	 1.08696e-08
61.0602423287 	 1.08637e-08
61.1084351008 	 1.08579e-08
61.156627873 	 1.0853e-08
61.2048206451 	 1.08472e-08
61.2530134173 	 1.08408e-08
61.3012061895 	 1.08343e-08
61.3493989616 	 1.08293e-08
61.3975917338 	 1.08237e-08
61.445784506 	 1.08176e-08
61.4939772781 	 1.08116e-08
61.5421700503 	 1.08052e-08
61.5903628224 	 1.08018e-08
61.6385555946 	 1.07951e-08
61.6867483668 	 1.0789e-08
61.7349411389 	 1.07836e-08
61.7831339111 	 1.07773e-08
61.8313266832 	 1.07716e-08
61.8795194554 	 1.07679e-08
61.9277122276 	 1.07612e-08
61.9759049997 	 1.07555e-08
62.0240977719 	 1.07493e-08
62.0722905441 	 1.07439e-08
62.1204833162 	 1.07395e-08
62.1686760884 	 1.07337e-08
62.2168688605 	 1.07261e-08
62.2650616327 	 1.07212e-08
62.3132544049 	 1.07162e-08
62.361447177 	 1.07117e-08
62.4096399492 	 1.07057e-08
62.4578327213 	 1.06991e-08
62.5060254935 	 1.06958e-08
62.5542182657 	 1.06883e-08
62.6024110378 	 1.06833e-08
62.65060381 	 1.06786e-08
62.6987965822 	 1.06725e-08
62.7469893543 	 1.06674e-08
62.7951821265 	 1.06608e-08
62.8433748986 	 1.0657e-08
62.8915676708 	 1.06514e-08
62.939760443 	 1.06454e-08
62.9879532151 	 1.06399e-08
63.0361459873 	 1.06348e-08
63.0843387594 	 1.06302e-08
63.1325315316 	 1.06238e-08
63.1807243038 	 1.06191e-08
63.2289170759 	 1.06144e-08
63.2771098481 	 1.06081e-08
63.3253026203 	 1.06033e-08
63.3734953924 	 1.05972e-08
63.4216881646 	 1.05935e-08
63.4698809367 	 1.05873e-08
63.5180737089 	 1.0582e-08
63.5662664811 	 1.05763e-08
63.6144592532 	 1.05715e-08
63.6626520254 	 1.05677e-08
63.7108447975 	 1.05614e-08
63.7590375697 	 1.05547e-08
63.8072303419 	 1.0551e-08
63.855423114 	 1.05466e-08
63.9036158862 	 1.05403e-08
63.9518086583 	 1.05362e-08
64.0000014305 	 1.05287e-08
64.0481942027 	 1.05248e-08
64.0963869748 	 1.05227e-08
64.144579747 	 1.05143e-08
64.1927725192 	 1.05106e-08
64.2409652913 	 1.0504e-08
64.2891580635 	 1.04995e-08
64.3373508356 	 1.04957e-08
64.3855436078 	 1.04895e-08
64.43373638 	 1.04848e-08
64.4819291521 	 1.0479e-08
64.5301219243 	 1.0475e-08
64.5783146964 	 1.04696e-08
64.6265074686 	 1.04657e-08
64.6747002408 	 1.04601e-08
64.7228930129 	 1.04545e-08
64.7710857851 	 1.04494e-08
64.8192785573 	 1.04463e-08
64.8674713294 	 1.04411e-08
64.9156641016 	 1.04333e-08
64.9638568737 	 1.04302e-08
65.0120496459 	 1.04242e-08
65.0602424181 	 1.04203e-08
65.1084351902 	 1.0417e-08
65.1566279624 	 1.04109e-08
65.2048207345 	 1.04055e-08
65.2530135067 	 1.04011e-08
65.3012062789 	 1.03961e-08
65.349399051 	 1.03933e-08
65.3975918232 	 1.03858e-08
65.4457845954 	 1.03804e-08
65.4939773675 	 1.03773e-08
65.5421701397 	 1.03719e-08
65.5903629118 	 1.03686e-08
65.638555684 	 1.03623e-08
65.6867484562 	 1.03572e-08
65.7349412283 	 1.03527e-08
65.7831340005 	 1.03494e-08
65.8313267726 	 1.03434e-08
65.8795195448 	 1.03394e-08
65.927712317 	 1.03357e-08
65.9759050891 	 1.03289e-08
66.0240978613 	 1.03246e-08
66.0722906335 	 1.03207e-08
66.1204834056 	 1.03144e-08
66.1686761778 	 1.03113e-08
66.2168689499 	 1.03067e-08
66.2650617221 	 1.03012e-08
66.3132544943 	 1.02989e-08
66.3614472664 	 1.02918e-08
66.4096400386 	 1.02873e-08
66.4578328107 	 1.02837e-08
66.5060255829 	 1.02795e-08
66.5542183551 	 1.02743e-08
66.6024111272 	 1.02697e-08
66.6506038994 	 1.02661e-08
66.6987966716 	 1.02588e-08
66.7469894437 	 1.02566e-08
66.7951822159 	 1.02521e-08
66.843374988 	 1.02469e-08
66.8915677602 	 1.02431e-08
66.9397605324 	 1.02384e-08
66.9879533045 	 1.02317e-08
67.0361460767 	 1.02301e-08
67.0843388488 	 1.02249e-08
67.132531621 	 1.02201e-08
67.1807243932 	 1.02162e-08
67.2289171653 	 1.02109e-08
67.2771099375 	 1.02066e-08
67.3253027097 	 1.02036e-08
67.3734954818 	 1.01982e-08
67.421688254 	 1.01924e-08
67.4698810261 	 1.01899e-08
67.5180737983 	 1.0185e-08
67.5662665705 	 1.01827e-08
67.6144593426 	 1.01773e-08
67.6626521148 	 1.01698e-08
67.7108448869 	 1.01661e-08
67.7590376591 	 1.01644e-08
67.8072304313 	 1.01588e-08
67.8554232034 	 1.01551e-08
67.9036159756 	 1.01504e-08
67.9518087478 	 1.01461e-08
68.0000015199 	 1.01418e-08
68.0481942921 	 1.01392e-08
68.0963870642 	 1.01334e-08
68.1445798364 	 1.01276e-08
68.1927726086 	 1.01254e-08
68.2409653807 	 1.01217e-08
68.2891581529 	 1.01167e-08
68.337350925 	 1.01116e-08
68.3855436972 	 1.01078e-08
68.4337364694 	 1.01039e-08
68.4819292415 	 1.00995e-08
68.5301220137 	 1.00964e-08
68.5783147859 	 1.00904e-08
68.626507558 	 1.00876e-08
68.6747003302 	 1.00842e-08
68.7228931023 	 1.00777e-08
68.7710858745 	 1.00759e-08
68.8192786467 	 1.00698e-08
68.8674714188 	 1.0066e-08
68.915664191 	 1.00623e-08
68.9638569631 	 1.00589e-08
69.0120497353 	 1.00542e-08
69.0602425075 	 1.00524e-08
69.1084352796 	 1.00464e-08
69.1566280518 	 1.00419e-08
69.204820824 	 1.00381e-08
69.2530135961 	 1.00336e-08
69.3012063683 	 1.00311e-08
69.3493991404 	 1.00248e-08
69.3975919126 	 1.00213e-08
69.4457846848 	 1.00186e-08
69.4939774569 	 1.00143e-08
69.5421702291 	 1.00122e-08
69.5903630012 	 1.00054e-08
69.6385557734 	 1.00018e-08
69.6867485456 	 9.99793e-09
69.7349413177 	 9.99432e-09
69.7831340899 	 9.9895e-09
69.8313268621 	 9.9869e-09
69.8795196342 	 9.98312e-09
69.9277124064 	 9.97886e-09
69.9759051785 	 9.97515e-09
70.0240979507 	 9.97052e-09
70.0722907229 	 9.96709e-09
70.120483495 	 9.96284e-09
70.1686762672 	 9.95853e-09
70.2168690393 	 9.95654e-09
70.2650618115 	 9.95193e-09
70.3132545837 	 9.94827e-09
70.3614473558 	 9.94295e-09
70.409640128 	 9.94039e-09
70.4578329002 	 9.93622e-09
70.5060256723 	 9.93243e-09
70.5542184445 	 9.92784e-09
70.6024112166 	 9.925e-09
70.6506039888 	 9.92141e-09
70.698796761 	 9.91707e-09
70.7469895331 	 9.91451e-09
70.7951823053 	 9.91104e-09
70.8433750774 	 9.90604e-09
70.8915678496 	 9.90183e-09
70.9397606218 	 9.8976e-09
70.9879533939 	 9.89509e-09
71.0361461661 	 9.89073e-09
71.0843389383 	 9.88683e-09
71.1325317104 	 9.8842e-09
71.1807244826 	 9.88032e-09
71.2289172547 	 9.87764e-09
71.2771100269 	 9.87365e-09
71.3253027991 	 9.86817e-09
71.3734955712 	 9.8666e-09
71.4216883434 	 9.86171e-09
71.4698811155 	 9.85761e-09
71.5180738877 	 9.85571e-09
71.5662666599 	 9.8505e-09
71.614459432 	 9.84697e-09
71.6626522042 	 9.84438e-09
71.7108449764 	 9.83927e-09
71.7590377485 	 9.83778e-09
71.8072305207 	 9.83246e-09
71.8554232928 	 9.82975e-09
71.903616065 	 9.8259e-09
71.9518088372 	 9.82309e-09
72.0000016093 	 9.81888e-09
72.0481943815 	 9.81444e-09
72.0963871536 	 9.81175e-09
72.1445799258 	 9.80792e-09
72.192772698 	 9.80514e-09
72.2409654701 	 9.80218e-09
72.2891582423 	 9.79799e-09
72.3373510145 	 9.79441e-09
72.3855437866 	 9.79111e-09
72.4337365588 	 9.78683e-09
72.4819293309 	 9.78326e-09
72.5301221031 	 9.78236e-09
72.5783148753 	 9.77648e-09
72.6265076474 	 9.77319e-09
72.6747004196 	 9.77145e-09
72.7228931917 	 9.76644e-09
72.7710859639 	 9.76182e-09
72.8192787361 	 9.76033e-09
72.8674715082 	 9.75639e-09
72.9156642804 	 9.75381e-09
72.9638570526 	 9.75022e-09
73.0120498247 	 9.74597e-09
73.0602425969 	 9.7435e-09
73.108435369 	 9.74165e-09
73.1566281412 	 9.73543e-09
73.2048209134 	 9.73195e-09
73.2530136855 	 9.73055e-09
73.3012064577 	 9.72563e-09
73.3493992298 	 9.7229e-09
73.397592002 	 9.71992e-09
73.4457847742 	 9.71688e-09
73.4939775463 	 9.7139e-09
73.5421703185 	 9.71e-09
73.5903630907 	 9.70645e-09
73.6385558628 	 9.70448e-09
73.686748635 	 9.69945e-09
73.7349414071 	 9.69674e-09
73.7831341793 	 9.69279e-09
73.8313269515 	 9.68971e-09
73.8795197236 	 9.68777e-09
73.9277124958 	 9.68355e-09
73.9759052679 	 9.68143e-09
74.0240980401 	 9.67883e-09
74.0722908123 	 9.6738e-09
74.1204835844 	 9.67245e-09
74.1686763566 	 9.66655e-09
74.2168691288 	 9.66567e-09
74.2650619009 	 9.66198e-09
74.3132546731 	 9.65727e-09
74.3614474452 	 9.65582e-09
74.4096402174 	 9.65223e-09
74.4578329896 	 9.64936e-09
74.5060257617 	 9.64549e-09
74.5542185339 	 9.64197e-09
74.602411306 	 9.64121e-09
74.6506040782 	 9.63644e-09
74.6987968504 	 9.63333e-09
74.7469896225 	 9.63009e-09
74.7951823947 	 9.62824e-09
74.8433751669 	 9.62483e-09
74.891567939 	 9.61994e-09
74.9397607112 	 9.61833e-09
74.9879534833 	 9.61589e-09
75.0361462555 	 9.61199e-09
75.0843390277 	 9.60775e-09
75.1325317998 	 9.60588e-09
75.180724572 	 9.60301e-09
75.2289173441 	 9.6009e-09
75.2771101163 	 9.59718e-09
75.3253028885 	 9.59421e-09
75.3734956606 	 9.59084e-09
75.4216884328 	 9.58847e-09
75.469881205 	 9.58461e-09
75.5180739771 	 9.58141e-09
75.5662667493 	 9.57896e-09
75.6144595214 	 9.57691e-09
75.6626522936 	 9.57233e-09
75.7108450658 	 9.57031e-09
75.7590378379 	 9.5679e-09
75.8072306101 	 9.56341e-09
75.8554233822 	 9.56275e-09
75.9036161544 	 9.55797e-09
75.9518089266 	 9.55648e-09
76.0000016987 	 9.55198e-09
76.0481944709 	 9.54809e-09
76.0963872431 	 9.54886e-09
76.1445800152 	 9.54397e-09
76.1927727874 	 9.54161e-09
76.2409655595 	 9.53824e-09
76.2891583317 	 9.53558e-09
76.3373511039 	 9.53353e-09
76.385543876 	 9.5286e-09
76.4337366482 	 9.52639e-09
76.4819294203 	 9.52526e-09
76.5301221925 	 9.52118e-09
76.5783149647 	 9.51864e-09
76.6265077368 	 9.51593e-09
76.674700509 	 9.51325e-09
76.7228932812 	 9.51064e-09
76.7710860533 	 9.50669e-09
76.8192788255 	 9.50444e-09
76.8674715976 	 9.50205e-09
76.9156643698 	 9.49874e-09
76.963857142 	 9.49624e-09
77.0120499141 	 9.49433e-09
77.0602426863 	 9.49165e-09
77.1084354584 	 9.48756e-09
77.1566282306 	 9.48439e-09
77.2048210028 	 9.48312e-09
77.2530137749 	 9.47938e-09
77.3012065471 	 9.47758e-09
77.3493993193 	 9.47395e-09
77.3975920914 	 9.47172e-09
77.4457848636 	 9.47126e-09
77.4939776357 	 9.46656e-09
77.5421704079 	 9.46305e-09
77.5903631801 	 9.46207e-09
77.6385559522 	 9.45734e-09
77.6867487244 	 9.45714e-09
77.7349414965 	 9.45273e-09
77.7831342687 	 9.45002e-09
77.8313270409 	 9.44874e-09
77.879519813 	 9.44514e-09
77.9277125852 	 9.4426e-09
77.9759053574 	 9.4406e-09
78.0240981295 	 9.4378e-09
78.0722909017 	 9.43501e-09
78.1204836738 	 9.43142e-09
78.168676446 	 9.43059e-09
78.2168692182 	 9.42746e-09
78.2650619903 	 9.42484e-09
78.3132547625 	 9.42159e-09
78.3614475346 	 9.41872e-09
78.4096403068 	 9.41635e-09
78.457833079 	 9.41625e-09
78.5060258511 	 9.41129e-09
78.5542186233 	 9.41012e-09
78.6024113955 	 9.40752e-09
78.6506041676 	 9.40299e-09
78.6987969398 	 9.40278e-09
78.7469897119 	 9.39939e-09
78.7951824841 	 9.39642e-09
78.8433752563 	 9.3952e-09
78.8915680284 	 9.3914e-09
78.9397608006 	 9.39069e-09
78.9879535727 	 9.38688e-09
79.0361463449 	 9.38441e-09
79.0843391171 	 9.38115e-09
79.1325318892 	 9.37953e-09
79.1807246614 	 9.37724e-09
79.2289174336 	 9.37491e-09
79.2771102057 	 9.37233e-09
79.3253029779 	 9.37067e-09
79.37349575 	 9.36715e-09
79.4216885222 	 9.36617e-09
79.4698812944 	 9.36312e-09
79.5180740665 	 9.35937e-09
79.5662668387 	 9.35805e-09
79.6144596108 	 9.3547e-09
79.662652383 	 9.35435e-09
79.7108451552 	 9.35177e-09
79.7590379273 	 9.34788e-09
79.8072306995 	 9.3461e-09
79.8554234717 	 9.34234e-09
79.9036162438 	 9.34268e-09
79.951809016 	 9.34031e-09
80.0000017881 	 9.33722e-09
80.0481945603 	 9.33383e-09
80.0963873325 	 9.33205e-09
80.1445801046 	 9.32961e-09
80.1927728768 	 9.32669e-09
80.2409656489 	 9.32627e-09
80.2891584211 	 9.3234e-09
80.3373511933 	 9.32036e-09
80.3855439654 	 9.31776e-09
80.4337367376 	 9.31709e-09
80.4819295098 	 9.31341e-09
80.5301222819 	 9.3117e-09
80.5783150541 	 9.31043e-09
80.6265078262 	 9.30691e-09
80.6747005984 	 9.30685e-09
80.7228933706 	 9.30253e-09
80.7710861427 	 9.29866e-09
80.8192789149 	 9.29869e-09
80.867471687 	 9.29541e-09
80.9156644592 	 9.2948e-09
80.9638572314 	 9.29219e-09
81.0120500035 	 9.28996e-09
81.0602427757 	 9.28669e-09
81.1084355479 	 9.28432e-09
81.15662832 	 9.28459e-09
81.2048210922 	 9.28175e-09
81.2530138643 	 9.27732e-09
81.3012066365 	 9.27575e-09
81.3493994087 	 9.27441e-09
81.3975921808 	 9.27312e-09
81.445784953 	 9.27086e-09
81.4939777251 	 9.26693e-09
81.5421704973 	 9.26571e-09
81.5903632695 	 9.26446e-09
81.6385560416 	 9.26152e-09
81.6867488138 	 9.26119e-09
81.734941586 	 9.25669e-09
81.7831343581 	 9.25631e-09
81.8313271303 	 9.25228e-09
81.8795199024 	 9.25062e-09
81.9277126746 	 9.24898e-09
81.9759054468 	 9.2471e-09
82.0240982189 	 9.24534e-09
82.0722909911 	 9.24319e-09
82.1204837632 	 9.24135e-09
82.1686765354 	 9.24064e-09
82.2168693076 	 9.2359e-09
82.2650620797 	 9.23505e-09
82.3132548519 	 9.23272e-09
82.3614476241 	 9.23103e-09
82.4096403962 	 9.22946e-09
82.4578331684 	 9.226e-09
82.5060259405 	 9.2247e-09
82.5542187127 	 9.22266e-09
82.6024114849 	 9.2199e-09
82.650604257 	 9.21998e-09
82.6987970292 	 9.21795e-09
82.7469898013 	 9.21461e-09
82.7951825735 	 9.21293e-09
82.8433753457 	 9.21075e-09
82.8915681178 	 9.20933e-09
82.93976089 	 9.20786e-09
82.9879536622 	 9.2052e-09
83.0361464343 	 9.20339e-09
83.0843392065 	 9.20121e-09
83.1325319786 	 9.19962e-09
83.1807247508 	 9.19685e-09
83.228917523 	 9.19675e-09
83.2771102951 	 9.19399e-09
83.3253030673 	 9.19184e-09
83.3734958394 	 9.19115e-09
83.4216886116 	 9.18859e-09
83.4698813838 	 9.1867e-09
83.5180741559 	 9.1833e-09
83.5662669281 	 9.1814e-09
83.6144597003 	 9.17986e-09
83.6626524724 	 9.18053e-09
83.7108452446 	 9.17661e-09
83.7590380167 	 9.17496e-09
83.8072307889 	 9.17329e-09
83.8554235611 	 9.17239e-09
83.9036163332 	 9.17009e-09
83.9518091054 	 9.16796e-09
84.0000018775 	 9.16573e-09
84.0481946497 	 9.16499e-09
84.0963874219 	 9.16224e-09
84.144580194 	 9.16051e-09
84.1927729662 	 9.16037e-09
84.2409657384 	 9.15664e-09
84.2891585105 	 9.15437e-09
84.3373512827 	 9.15448e-09
84.3855440548 	 9.15314e-09
84.433736827 	 9.15086e-09
84.4819295992 	 9.14829e-09
84.5301223713 	 9.14527e-09
84.5783151435 	 9.14467e-09
84.6265079156 	 9.14385e-09
84.6747006878 	 9.14089e-09
84.72289346 	 9.1399e-09
84.7710862321 	 9.13854e-09
84.8192790043 	 9.13629e-09
84.8674717765 	 9.1344e-09
84.9156645486 	 9.13349e-09
84.9638573208 	 9.13135e-09
85.0120500929 	 9.12974e-09
85.0602428651 	 9.128e-09
85.1084356373 	 9.12588e-09
85.1566284094 	 9.12569e-09
85.2048211816 	 9.12319e-09
85.2530139537 	 9.12061e-09
85.3012067259 	 9.11944e-09
85.3493994981 	 9.11851e-09
85.3975922702 	 9.11754e-09
85.4457850424 	 9.11415e-09
85.4939778146 	 9.11312e-09
85.5421705867 	 9.11245e-09
85.5903633589 	 9.10851e-09
85.638556131 	 9.10951e-09
85.6867489032 	 9.10649e-09
85.7349416754 	 9.10501e-09
85.7831344475 	 9.10429e-09
85.8313272197 	 9.10139e-09
85.8795199918 	 9.1006e-09
85.927712764 	 9.09984e-09
85.9759055362 	 9.09624e-09
86.0240983083 	 9.0951e-09
86.0722910805 	 9.0951e-09
86.1204838527 	 9.09215e-09
86.1686766248 	 9.0916e-09
86.216869397 	 9.09042e-09
86.2650621691 	 9.08734e-09
86.3132549413 	 9.08698e-09
86.3614477135 	 9.08492e-09
86.4096404856 	 9.0836e-09
86.4578332578 	 9.08263e-09
86.5060260299 	 9.08043e-09
86.5542188021 	 9.0788e-09
86.6024115743 	 9.07818e-09
86.6506043464 	 9.07603e-09
86.6987971186 	 9.07331e-09
86.7469898908 	 9.07359e-09
86.7951826629 	 9.07133e-09
86.8433754351 	 9.06983e-09
86.8915682072 	 9.06985e-09
86.9397609794 	 9.06772e-09
86.9879537516 	 9.06534e-09
87.0361465237 	 9.06422e-09
87.0843392959 	 9.06399e-09
87.132532068 	 9.06131e-09
87.1807248402 	 9.06034e-09
87.2289176124 	 9.05901e-09
87.2771103845 	 9.05587e-09
87.3253031567 	 9.05643e-09
87.3734959289 	 9.05512e-09
87.421688701 	 9.05326e-09
87.4698814732 	 9.05093e-09
87.5180742453 	 9.05145e-09
87.5662670175 	 9.04794e-09
87.6144597897 	 9.04878e-09
87.6626525618 	 9.04673e-09
87.710845334 	 9.04441e-09
87.7590381061 	 9.04312e-09
87.8072308783 	 9.04188e-09
87.8554236505 	 9.0415e-09
87.9036164226 	 9.03867e-09
87.9518091948 	 9.03866e-09
88.000001967 	 9.03616e-09
88.0481947391 	 9.03722e-09
88.0963875113 	 9.0352e-09
88.1445802834 	 9.03188e-09
88.1927730556 	 9.03216e-09
88.2409658278 	 9.03134e-09
88.2891585999 	 9.02882e-09
88.3373513721 	 9.02625e-09
88.3855441442 	 9.02669e-09
88.4337369164 	 9.02471e-09
88.4819296886 	 9.02389e-09
88.5301224607 	 9.02333e-09
88.5783152329 	 9.02186e-09
88.6265080051 	 9.02082e-09
88.6747007772 	 9.01954e-09
88.7228935494 	 9.01787e-09
88.7710863215 	 9.01594e-09
88.8192790937 	 9.01514e-09
88.8674718659 	 9.01357e-09
88.915664638 	 9.01225e-09
88.9638574102 	 9.01305e-09
89.0120501823 	 9.0097e-09
89.0602429545 	 9.0095e-09
89.1084357267 	 9.00836e-09
89.1566284988 	 9.00785e-09
89.204821271 	 9.00402e-09
89.2530140432 	 9.0049e-09
89.3012068153 	 9.00373e-09
89.3493995875 	 9.00156e-09
89.3975923596 	 9.00122e-09
89.4457851318 	 8.99978e-09
89.493977904 	 8.99821e-09
89.5421706761 	 8.99847e-09
89.5903634483 	 8.99606e-09
89.6385562204 	 8.99623e-09
89.6867489926 	 8.99362e-09
89.7349417648 	 8.99335e-09
89.7831345369 	 8.99138e-09
89.8313273091 	 8.99131e-09
89.8795200813 	 8.98986e-09
89.9277128534 	 8.98832e-09
89.9759056256 	 8.98623e-09
90.0240983977 	 8.98703e-09
90.0722911699 	 8.98391e-09
90.1204839421 	 8.98493e-09
90.1686767142 	 8.98313e-09
90.2168694864 	 8.98273e-09
90.2650622585 	 8.98112e-09
90.3132550307 	 8.98042e-09
90.3614478029 	 8.97932e-09
90.409640575 	 8.97708e-09
90.4578333472 	 8.97692e-09
90.5060261194 	 8.97622e-09
90.5542188915 	 8.97442e-09
90.6024116637 	 8.97479e-09
90.6506044358 	 8.97193e-09
90.698797208 	 8.97196e-09
90.7469899802 	 8.97142e-09
90.7951827523 	 8.96926e-09
90.8433755245 	 8.96827e-09
90.8915682966 	 8.96702e-09
90.9397610688 	 8.96684e-09
90.987953841 	 8.96566e-09
91.0361466131 	 8.96526e-09
91.0843393853 	 8.96452e-09
91.1325321575 	 8.96254e-09
91.1807249296 	 8.96052e-09
91.2289177018 	 8.96025e-09
91.2771104739 	 8.96047e-09
91.3253032461 	 8.95928e-09
91.3734960183 	 8.95807e-09
91.4216887904 	 8.95775e-09
91.4698815626 	 8.95623e-09
91.5180743347 	 8.95614e-09
91.5662671069 	 8.95355e-09
91.6144598791 	 8.95343e-09
91.6626526512 	 8.95356e-09
91.7108454234 	 8.9518e-09
91.7590381956 	 8.95017e-09
91.8072309677 	 8.95013e-09
91.8554237399 	 8.94848e-09
91.903616512 	 8.94834e-09
91.9518092842 	 8.94621e-09
92.0000020564 	 8.94656e-09
92.0481948285 	 8.94638e-09
92.0963876007 	 8.94382e-09
92.1445803728 	 8.94343e-09
92.192773145 	 8.94399e-09
92.2409659172 	 8.94159e-09
92.2891586893 	 8.9411e-09
92.3373514615 	 8.94007e-09
92.3855442337 	 8.93992e-09
92.4337370058 	 8.93866e-09
92.481929778 	 8.93857e-09
92.5301225501 	 8.93631e-09
92.5783153223 	 8.93807e-09
92.6265080945 	 8.93434e-09
92.6747008666 	 8.93502e-09
92.7228936388 	 8.9334e-09
92.7710864109 	 8.93377e-09
92.8192791831 	 8.93234e-09
92.8674719553 	 8.93155e-09
92.9156647274 	 8.93122e-09
92.9638574996 	 8.93064e-09
93.0120502718 	 8.92842e-09
93.0602430439 	 8.92906e-09
93.1084358161 	 8.92773e-09
93.1566285882 	 8.92642e-09
93.2048213604 	 8.92505e-09
93.2530141326 	 8.92654e-09
93.3012069047 	 8.92432e-09
93.3493996769 	 8.92562e-09
93.397592449 	 8.92313e-09
93.4457852212 	 8.92436e-09
93.4939779934 	 8.92078e-09
93.5421707655 	 8.92152e-09
93.5903635377 	 8.9201e-09
93.6385563099 	 8.91926e-09
93.686749082 	 8.9193e-09
93.7349418542 	 8.91876e-09
93.7831346263 	 8.9188e-09
93.8313273985 	 8.91793e-09
93.8795201707 	 8.91684e-09
93.9277129428 	 8.91509e-09
93.975905715 	 8.91542e-09
94.0240984871 	 8.91429e-09
94.0722912593 	 8.91329e-09
94.1204840315 	 8.91375e-09
94.1686768036 	 8.91191e-09
94.2168695758 	 8.91298e-09
94.265062348 	 8.91164e-09
94.3132551201 	 8.91066e-09
94.3614478923 	 8.90978e-09
94.4096406644 	 8.90967e-09
94.4578334366 	 8.90956e-09
94.5060262088 	 8.90851e-09
94.5542189809 	 8.90754e-09
94.6024117531 	 8.90848e-09
94.6506045252 	 8.90603e-09
94.6987972974 	 8.90616e-09
94.7469900696 	 8.9058e-09
94.7951828417 	 8.90412e-09
94.8433756139 	 8.90398e-09
94.8915683861 	 8.90445e-09
94.9397611582 	 8.90282e-09
94.9879539304 	 8.90255e-09
95.0361467025 	 8.90295e-09
95.0843394747 	 8.90172e-09
95.1325322469 	 8.90222e-09
95.180725019 	 8.90073e-09
95.2289177912 	 8.89951e-09
95.2771105633 	 8.89944e-09
95.3253033355 	 8.89976e-09
95.3734961077 	 8.89674e-09
95.4216888798 	 8.89865e-09
95.469881652 	 8.89804e-09
95.5180744242 	 8.89624e-09
95.5662671963 	 8.89748e-09
95.6144599685 	 8.89672e-09
95.6626527406 	 8.89581e-09
95.7108455128 	 8.89522e-09
95.759038285 	 8.8941e-09
95.8072310571 	 8.89458e-09
95.8554238293 	 8.89414e-09
95.9036166014 	 8.89355e-09
95.9518093736 	 8.89148e-09
96.0000021458 	 8.8936e-09
96.0481949179 	 8.89204e-09
96.0963876901 	 8.89182e-09
96.1445804623 	 8.89121e-09
96.1927732344 	 8.89173e-09
96.2409660066 	 8.88968e-09
96.2891587787 	 8.89022e-09
96.3373515509 	 8.89006e-09
96.3855443231 	 8.88898e-09
96.4337370952 	 8.88873e-09
96.4819298674 	 8.88872e-09
96.5301226395 	 8.88737e-09
96.5783154117 	 8.88903e-09
96.6265081839 	 8.88734e-09
96.674700956 	 8.88722e-09
96.7228937282 	 8.88538e-09
96.7710865004 	 8.88613e-09
96.8192792725 	 8.88594e-09
96.8674720447 	 8.88552e-09
96.9156648168 	 8.88528e-09
96.963857589 	 8.88506e-09
97.0120503612 	 8.88572e-09
97.0602431333 	 8.88488e-09
97.1084359055 	 8.88409e-09
97.1566286776 	 8.88303e-09
97.2048214498 	 8.88247e-09
97.253014222 	 8.88296e-09
97.3012069941 	 8.88317e-09
97.3493997663 	 8.88343e-09
97.3975925385 	 8.88212e-09
97.4457853106 	 8.88178e-09
97.4939780828 	 8.88106e-09
97.5421708549 	 8.88205e-09
97.5903636271 	 8.88125e-09
97.6385563993 	 8.87964e-09
97.6867491714 	 8.88072e-09
97.7349419436 	 8.87946e-09
97.7831347157 	 8.88061e-09
97.8313274879 	 8.88122e-09
97.8795202601 	 8.87965e-09
97.9277130322 	 8.88023e-09
97.9759058044 	 8.8783e-09
98.0240985766 	 8.87859e-09
98.0722913487 	 8.87937e-09
98.1204841209 	 8.87764e-09
98.168676893 	 8.87805e-09
98.2168696652 	 8.87858e-09
98.2650624374 	 8.87822e-09
98.3132552095 	 8.8788e-09
98.3614479817 	 8.87782e-09
98.4096407538 	 8.87654e-09
98.457833526 	 8.87682e-09
98.5060262982 	 8.87709e-09
98.5542190703 	 8.87759e-09
98.6024118425 	 8.87694e-09
98.6506046147 	 8.87581e-09
98.6987973868 	 8.87732e-09
98.746990159 	 8.87565e-09
98.7951829311 	 8.87685e-09
98.8433757033 	 8.87588e-09
98.8915684755 	 8.87495e-09
98.9397612476 	 8.87635e-09
98.9879540198 	 8.87468e-09
99.0361467919 	 8.87711e-09
99.0843395641 	 8.87652e-09
99.1325323363 	 8.87524e-09
99.1807251084 	 8.8748e-09
99.2289178806 	 8.87462e-09
99.2771106528 	 8.87462e-09
99.3253034249 	 8.87596e-09
99.3734961971 	 8.87426e-09
99.4216889692 	 8.87442e-09
99.4698817414 	 8.87525e-09
99.5180745136 	 8.87496e-09
99.5662672857 	 8.87563e-09
99.6144600579 	 8.87471e-09
99.66265283 	 8.87397e-09
99.7108456022 	 8.87497e-09
99.7590383744 	 8.87453e-09
99.8072311465 	 8.87479e-09
99.8554239187 	 8.87478e-09
99.9036166909 	 8.87344e-09
99.951809463 	 8.87418e-09
100.000002235 	 8.8751e-09
