0.0 	 1.09641e-05
0.0166168165894 	 4.71141e-05
0.0332336331789 	 0.000283091
0.0498504497683 	 0.000244292
0.0664672663577 	 0.000438299
0.0830840829471 	 0.000843571
0.0997008995366 	 0.000740113
0.116317716126 	 0.0037756
0.132934532715 	 0.000715982
0.149551349305 	 0.003406
0.166168165894 	 0.00145088
0.182784982484 	 0.00309025
0.199401799073 	 0.00189433
0.216018615663 	 0.00148489
0.232635432252 	 0.00107262
0.249252248841 	 0.00227346
0.265869065431 	 0.00213681
0.28248588202 	 0.00101027
0.29910269861 	 0.00315247
0.315719515199 	 0.00573863
0.332336331789 	 0.00626827
0.348953148378 	 0.00392103
0.365569964967 	 0.0024768
0.382186781557 	 0.00421805
0.398803598146 	 0.00366084
0.415420414736 	 0.00165913
0.432037231325 	 0.00662799
0.448654047915 	 0.00645085
0.465270864504 	 0.00460752
0.481887681093 	 0.006276
0.498504497683 	 0.0070394
0.515121314272 	 0.00574404
0.531738130862 	 0.00800927
0.548354947451 	 0.0105865
0.564971764041 	 0.0100247
0.58158858063 	 0.0106265
0.598205397219 	 0.00876262
0.614822213809 	 0.0107337
0.631439030398 	 0.0129105
0.648055846988 	 0.0120867
0.664672663577 	 0.0113228
0.681289480167 	 0.00853121
0.697906296756 	 0.0082463
0.714523113345 	 0.010532
0.731139929935 	 0.0115417
0.747756746524 	 0.00947302
0.764373563114 	 0.00601197
0.780990379703 	 0.00812483
0.797607196293 	 0.0116458
0.814224012882 	 0.0117296
0.830840829471 	 0.0143197
0.847457646061 	 0.0173618
0.86407446265 	 0.0200139
0.88069127924 	 0.0182612
0.897308095829 	 0.016137
0.913924912419 	 0.0131023
0.930541729008 	 0.0107834
0.947158545597 	 0.00647035
0.963775362187 	 0.00718208
0.980392178776 	 0.0115091
0.997008995366 	 0.010356
1.01362581196 	 0.00815466
1.03024262854 	 0.00497217
1.04685944513 	 0.00528608
1.06347626172 	 0.0093861
1.08009307831 	 0.012041
1.0967098949 	 0.0146601
1.11332671149 	 0.012769
1.12994352808 	 0.0098363
1.14656034467 	 0.0107578
1.16317716126 	 0.0098272
1.17979397785 	 0.0100304
1.19641079444 	 0.0103622
1.21302761103 	 0.00678374
1.22964442762 	 0.0104369
1.24626124421 	 0.0117373
1.2628780608 	 0.0130788
1.27949487739 	 0.0169475
1.29611169398 	 0.0142614
1.31272851056 	 0.0182255
1.32934532715 	 0.0160691
1.34596214374 	 0.0200722
1.36257896033 	 0.0262729
1.37919577692 	 0.029067
1.39581259351 	 0.0250397
1.4124294101 	 0.02423
1.42904622669 	 0.0250183
1.44566304328 	 0.02725
1.46227985987 	 0.0296712
1.47889667646 	 0.028484
1.49551349305 	 0.0253167
1.51213030964 	 0.0219469
1.52874712623 	 0.0252233
1.54536394282 	 0.0267378
1.56198075941 	 0.0211799
1.578597576 	 0.0129988
1.59521439259 	 0.00622045
1.61183120917 	 0.00514198
1.62844802576 	 0.00629213
1.64506484235 	 0.00789801
1.66168165894 	 0.00653913
1.67829847553 	 0.00808471
1.69491529212 	 0.00928736
1.71153210871 	 0.00396377
1.7281489253 	 0.0102143
1.74476574189 	 0.0067219
1.76138255848 	 0.00639654
1.77799937507 	 0.00843458
1.79461619166 	 0.0078006
1.81123300825 	 0.00472012
1.82784982484 	 0.0067412
1.84446664143 	 0.00360883
1.86108345802 	 0.00331552
1.87770027461 	 0.00410168
1.89431709119 	 0.00414032
1.91093390778 	 0.00652628
1.92755072437 	 0.00167446
1.94416754096 	 0.0021323
1.96078435755 	 0.00637151
1.97740117414 	 0.00508396
1.99401799073 	 0.0037889
2.01063480732 	 0.00430356
2.02725162391 	 0.0023923
2.0438684405 	 0.00498735
2.06048525709 	 0.00284908
2.07710207368 	 0.00222263
2.09371889027 	 0.00185965
2.11033570686 	 0.00242537
2.12695252345 	 0.00186145
2.14356934004 	 0.00242499
2.16018615663 	 0.00357916
2.17680297321 	 0.00236124
2.1934197898 	 0.00271642
2.21003660639 	 0.0051805
2.22665342298 	 0.00510844
2.24327023957 	 0.00415618
2.25988705616 	 0.00206098
2.27650387275 	 0.00327742
2.29312068934 	 0.00346357
2.30973750593 	 0.00418639
2.32635432252 	 0.0087028
2.34297113911 	 0.00172973
2.3595879557 	 0.00149116
2.37620477229 	 0.00699247
2.39282158888 	 0.0125191
2.40943840547 	 0.0075101
2.42605522206 	 0.0101462
2.44267203865 	 0.0116891
2.45928885524 	 0.0130509
2.47590567182 	 0.00900393
2.49252248841 	 0.00334975
2.509139305 	 0.00171824
2.52575612159 	 0.00291017
2.54237293818 	 0.00521076
2.55898975477 	 0.00463043
2.57560657136 	 0.00780584
2.59222338795 	 0.0054112
2.60884020454 	 0.00665778
2.62545702113 	 0.00871348
2.64207383772 	 0.00676529
2.65869065431 	 0.00286472
2.6753074709 	 0.00434399
2.69192428749 	 0.00553304
2.70854110408 	 0.00209698
2.72515792067 	 0.00403782
2.74177473726 	 0.00433547
2.75839155384 	 0.00498752
2.77500837043 	 0.00740402
2.79162518702 	 0.00519492
2.80824200361 	 0.0142766
2.8248588202 	 0.00540896
2.84147563679 	 0.0111662
2.85809245338 	 0.0182845
2.87470926997 	 0.0177497
2.89132608656 	 0.0197726
2.90794290315 	 0.0105047
2.92455971974 	 0.0142479
2.94117653633 	 0.0221548
2.95779335292 	 0.0181516
2.97441016951 	 0.0224597
2.9910269861 	 0.0179852
3.00764380269 	 0.0263491
3.02426061928 	 0.0129399
3.04087743587 	 0.0133092
3.05749425245 	 0.0105734
3.07411106904 	 0.01103
3.09072788563 	 0.00244754
3.10734470222 	 0.00914963
3.12396151881 	 0.019555
3.1405783354 	 0.00272861
3.15719515199 	 0.00639327
3.17381196858 	 0.00661744
3.19042878517 	 0.0125249
3.20704560176 	 0.00698135
3.22366241835 	 0.00351325
3.24027923494 	 0.00809441
3.25689605153 	 0.00252148
3.27351286812 	 0.0253564
3.29012968471 	 0.0351844
3.3067465013 	 0.0201449
3.32336331789 	 0.0324348
3.33998013447 	 0.033507
3.35659695106 	 0.00288573
3.37321376765 	 0.0224457
3.38983058424 	 0.0338423
3.40644740083 	 0.0471546
3.42306421742 	 0.0366371
3.43968103401 	 0.0249455
3.4562978506 	 0.024112
3.47291466719 	 0.0219488
3.48953148378 	 0.0184361
3.50614830037 	 0.00883943
3.52276511696 	 0.0143797
3.53938193355 	 0.0236262
3.55599875014 	 0.0600373
3.57261556673 	 0.0276739
3.58923238332 	 0.0231034
3.60584919991 	 0.0329245
3.6224660165 	 0.0282308
3.63908283308 	 0.055127
3.65569964967 	 0.0688433
3.67231646626 	 0.055814
3.68893328285 	 0.0463018
3.70555009944 	 0.0502095
3.72216691603 	 0.0559561
3.73878373262 	 0.0374378
3.75540054921 	 0.0131391
3.7720173658 	 0.00616438
3.78863418239 	 0.0299507
3.80525099898 	 0.0409011
3.82186781557 	 0.0221323
3.83848463216 	 0.0037104
3.85510144875 	 0.00563817
3.87171826534 	 0.0156975
3.88833508193 	 0.01185
3.90495189852 	 0.0189815
3.9215687151 	 0.00355561
3.93818553169 	 0.0143374
3.95480234828 	 0.0119267
3.97141916487 	 0.0164145
3.98803598146 	 0.020043
4.00465279805 	 0.00571384
4.02126961464 	 0.00847607
4.03788643123 	 0.0160433
4.05450324782 	 0.0202333
4.07112006441 	 0.00868367
4.087736881 	 0.00325694
4.10435369759 	 0.0134152
4.12097051418 	 0.0171545
4.13758733077 	 0.0141427
4.15420414736 	 0.00755156
4.17082096395 	 0.0028034
4.18743778054 	 0.00789131
4.20405459713 	 0.00841112
4.22067141371 	 0.012702
4.2372882303 	 0.00758831
4.25390504689 	 0.0151617
4.27052186348 	 0.0104049
4.28713868007 	 0.00226144
4.30375549666 	 0.00477313
4.32037231325 	 0.00352951
4.33698912984 	 0.00712129
4.35360594643 	 0.00765124
4.37022276302 	 0.0116371
4.38683957961 	 0.00489927
4.4034563962 	 0.00227415
4.42007321279 	 0.00291729
4.43669002938 	 0.000242035
4.45330684597 	 0.00817058
4.46992366256 	 0.00743402
4.48654047915 	 0.00984757
4.50315729573 	 0.0178965
4.51977411232 	 0.0218219
4.53639092891 	 0.0196158
4.5530077455 	 0.0133953
4.56962456209 	 0.0198703
4.58624137868 	 0.0244966
4.60285819527 	 0.0185542
4.61947501186 	 0.0151822
4.63609182845 	 0.00796808
4.65270864504 	 0.00974903
4.66932546163 	 0.0123135
4.68594227822 	 0.0246717
4.70255909481 	 0.0241778
4.7191759114 	 0.0219314
4.73579272799 	 0.021431
4.75240954458 	 0.0238518
4.76902636117 	 0.0246418
4.78564317776 	 0.0247236
4.80225999434 	 0.025329
4.81887681093 	 0.0228684
4.83549362752 	 0.0254956
4.85211044411 	 0.0210582
4.8687272607 	 0.0131917
4.88534407729 	 0.00391964
4.90196089388 	 0.00545211
4.91857771047 	 0.0123087
4.93519452706 	 0.0141642
4.95181134365 	 0.0153435
4.96842816024 	 0.0181989
4.98504497683 	 0.0213246
5.00166179342 	 0.0156005
5.01827861001 	 0.00812729
5.0348954266 	 0.00555855
5.05151224319 	 0.0101044
5.06812905978 	 0.0186625
5.08474587636 	 0.0188511
5.10136269295 	 0.0130711
5.11797950954 	 0.00883652
5.13459632613 	 0.0101952
5.15121314272 	 0.0124594
5.16782995931 	 0.00800343
5.1844467759 	 0.00541028
5.20106359249 	 0.00707976
5.21768040908 	 0.00536937
5.23429722567 	 0.00688953
5.25091404226 	 0.00422376
5.26753085885 	 0.0131259
5.28414767544 	 0.0196508
5.30076449203 	 0.0179995
5.31738130862 	 0.0208427
5.33399812521 	 0.0157599
5.3506149418 	 0.0052407
5.36723175839 	 0.0128969
5.38384857497 	 0.0138523
5.40046539156 	 0.0131844
5.41708220815 	 0.0081708
5.43369902474 	 0.000355584
5.45031584133 	 0.00439027
5.46693265792 	 0.0084832
5.48354947451 	 0.0123759
5.5001662911 	 0.0114184
5.51678310769 	 0.00882391
5.53339992428 	 0.00615743
5.55001674087 	 0.00338089
5.56663355746 	 0.00527559
5.58325037405 	 0.0132645
5.59986719064 	 0.0119742
5.61648400723 	 0.0157186
5.63310082382 	 0.0206539
5.64971764041 	 0.0191405
5.66633445699 	 0.0213812
5.68295127358 	 0.0214335
5.69956809017 	 0.0190815
5.71618490676 	 0.0129887
5.73280172335 	 0.00110887
5.74941853994 	 0.0126166
5.76603535653 	 0.0142793
5.78265217312 	 0.012013
5.79926898971 	 0.0090861
5.8158858063 	 0.00621319
5.83250262289 	 0.0065043
5.84911943948 	 0.00639956
5.86573625607 	 0.00475671
5.88235307266 	 0.00558014
5.89896988925 	 0.000925746
5.91558670584 	 0.00912402
5.93220352243 	 0.016247
5.94882033902 	 0.0204965
5.9654371556 	 0.0230018
5.98205397219 	 0.0208009
5.99867078878 	 0.0186201
6.01528760537 	 0.017742
6.03190442196 	 0.00962158
6.04852123855 	 0.00220341
6.06513805514 	 0.0118774
6.08175487173 	 0.0199926
6.09837168832 	 0.0189885
6.11498850491 	 0.0182397
6.1316053215 	 0.0115754
6.14822213809 	 0.0100015
6.16483895468 	 0.00619704
6.18145577127 	 0.00242567
6.19807258786 	 0.00610891
6.21468940445 	 0.00799378
6.23130622104 	 0.00426171
6.24792303762 	 0.00204009
6.26453985421 	 0.00981845
6.2811566708 	 0.0116993
6.29777348739 	 0.00779647
6.31439030398 	 0.00304414
6.33100712057 	 0.000544544
6.34762393716 	 0.00362787
6.36424075375 	 0.007963
6.38085757034 	 0.00797388
6.39747438693 	 0.00145552
6.41409120352 	 0.00438733
6.43070802011 	 0.00756534
6.4473248367 	 0.00611509
6.46394165329 	 0.00716119
6.48055846988 	 0.00678647
6.49717528647 	 0.00700927
6.51379210306 	 0.00180955
6.53040891964 	 0.00500046
6.54702573623 	 0.00731579
6.56364255282 	 0.00642919
6.58025936941 	 0.00753505
6.596876186 	 0.00339449
6.61349300259 	 0.00403796
6.63010981918 	 0.0056988
6.64672663577 	 0.00700193
6.66334345236 	 0.00578415
6.67996026895 	 0.00302153
6.69657708554 	 0.00599462
6.71319390213 	 0.00849722
6.72981071872 	 0.00725431
6.74642753531 	 0.00643556
6.7630443519 	 0.00565249
6.77966116849 	 0.00730384
6.79627798508 	 0.00640697
6.81289480167 	 0.010683
6.82951161825 	 0.00672558
6.84612843484 	 0.00332739
6.86274525143 	 0.00355008
6.87936206802 	 0.00498088
6.89597888461 	 0.00783949
6.9125957012 	 0.0090779
6.92921251779 	 0.00764945
6.94582933438 	 0.0044341
6.96244615097 	 0.00185641
6.97906296756 	 0.00160323
6.99567978415 	 0.00448635
7.01229660074 	 0.00608969
7.02891341733 	 0.00462772
7.04553023392 	 0.00455469
7.06214705051 	 0.00879358
7.0787638671 	 0.00707392
7.09538068369 	 0.0074506
7.11199750027 	 0.00236233
7.12861431686 	 0.00405781
7.14523113345 	 0.0037692
7.16184795004 	 0.0036435
7.17846476663 	 0.00424917
7.19508158322 	 0.0043533
7.21169839981 	 0.00545917
7.2283152164 	 0.00627614
7.24493203299 	 0.00690072
7.26154884958 	 0.00586265
7.27816566617 	 0.00156883
7.29478248276 	 0.00409531
7.31139929935 	 0.00546009
7.32801611594 	 0.00655019
7.34463293253 	 0.00565896
7.36124974912 	 0.00614155
7.37786656571 	 0.00525878
7.3944833823 	 0.00392224
7.41110019888 	 0.00122493
7.42771701547 	 0.000491406
7.44433383206 	 0.00270106
7.46095064865 	 0.000520563
7.47756746524 	 0.0013514
7.49418428183 	 0.00239234
7.51080109842 	 0.00233099
7.52741791501 	 0.00172958
7.5440347316 	 0.00233664
7.56065154819 	 0.00397465
7.57726836478 	 0.00399497
7.59388518137 	 0.00542427
7.61050199796 	 0.00319
7.62711881455 	 0.00337871
7.64373563114 	 0.00565616
7.66035244773 	 0.00448593
7.67696926432 	 0.0027517
7.6935860809 	 0.00138277
7.71020289749 	 0.00147614
7.72681971408 	 0.00214531
7.74343653067 	 0.00136453
7.76005334726 	 0.00153451
7.77667016385 	 0.00228562
7.79328698044 	 0.00392511
7.80990379703 	 0.00454936
7.82652061362 	 0.00501269
7.84313743021 	 0.00662263
7.8597542468 	 0.00727346
7.87637106339 	 0.00558598
7.89298787998 	 0.0030439
7.90960469657 	 0.00286178
7.92622151316 	 0.00395021
7.94283832975 	 0.00491602
7.95945514634 	 0.00536824
7.97607196293 	 0.00574582
7.99268877951 	 0.00288327
8.0093055961 	 0.00300242
8.02592241269 	 0.00195651
8.04253922928 	 0.00125029
8.05915604587 	 0.00117891
8.07577286246 	 0.0029635
8.09238967905 	 0.00378618
8.10900649564 	 0.0039883
8.12562331223 	 0.00379519
8.14224012882 	 0.00243118
8.15885694541 	 0.00289513
8.175473762 	 0.00265561
8.19209057859 	 0.00347872
8.20870739518 	 0.00274723
8.22532421177 	 0.00142029
8.24194102836 	 0.00104503
8.25855784495 	 0.00108912
8.27517466153 	 0.00212674
8.29179147812 	 0.00257745
8.30840829471 	 0.00355818
8.3250251113 	 0.00235117
8.34164192789 	 0.00303775
8.35825874448 	 0.00262862
8.37487556107 	 0.0038815
8.39149237766 	 0.00391893
8.40810919425 	 0.00525385
8.42472601084 	 0.0062561
8.44134282743 	 0.005998
8.45795964402 	 0.00734598
8.47457646061 	 0.00633115
8.4911932772 	 0.00398429
8.50781009379 	 0.00379783
8.52442691038 	 0.00432636
8.54104372697 	 0.00485781
8.55766054356 	 0.00288503
8.57427736014 	 0.0020757
8.59089417673 	 0.00140513
8.60751099332 	 0.00225371
8.62412780991 	 0.00210553
8.6407446265 	 0.00200036
8.65736144309 	 0.0019436
8.67397825968 	 0.00316528
8.69059507627 	 0.00360229
8.70721189286 	 0.00518906
8.72382870945 	 0.00488414
8.74044552604 	 0.00359703
8.75706234263 	 0.00333402
8.77367915922 	 0.00144066
8.79029597581 	 0.00282542
8.8069127924 	 0.00211973
8.82352960899 	 0.00625427
8.84014642558 	 0.00725882
8.85676324216 	 0.00600808
8.87338005875 	 0.00410485
8.88999687534 	 0.00553533
8.90661369193 	 0.00615706
8.92323050852 	 0.00673112
8.93984732511 	 0.00405227
8.9564641417 	 0.00188363
8.97308095829 	 0.00245577
8.98969777488 	 0.00211309
9.00631459147 	 0.00239564
9.02293140806 	 0.00159708
9.03954822465 	 0.00177795
9.05616504124 	 0.00263259
9.07278185783 	 0.0011344
9.08939867442 	 0.00313991
9.10601549101 	 0.00437825
9.1226323076 	 0.0035074
9.13924912419 	 0.00430796
9.15586594077 	 0.00502346
9.17248275736 	 0.00441766
9.18909957395 	 0.0036408
9.20571639054 	 0.00207578
9.22233320713 	 0.00145004
9.23895002372 	 0.00195324
9.25556684031 	 0.00394594
9.2721836569 	 0.00394596
9.28880047349 	 0.00413989
9.30541729008 	 0.00305992
9.32203410667 	 0.00465866
9.33865092326 	 0.00687936
9.35526773985 	 0.00901243
9.37188455644 	 0.00713612
9.38850137303 	 0.0047465
9.40511818962 	 0.00302977
9.42173500621 	 0.00531559
9.43835182279 	 0.00844352
9.45496863938 	 0.00729015
9.47158545597 	 0.00729041
9.48820227256 	 0.0110432
9.50481908915 	 0.00908651
9.52143590574 	 0.00869627
9.53805272233 	 0.00836222
9.55466953892 	 0.00909032
9.57128635551 	 0.00599061
9.5879031721 	 0.00570781
9.60451998869 	 0.00756008
9.62113680528 	 0.00759094
9.63775362187 	 0.00814691
9.65437043846 	 0.010308
9.67098725505 	 0.008022
9.68760407164 	 0.00863444
9.70422088823 	 0.00879468
9.72083770482 	 0.00624344
9.7374545214 	 0.00445602
9.75407133799 	 0.00577482
9.77068815458 	 0.00778018
9.78730497117 	 0.00961862
9.80392178776 	 0.00981028
9.82053860435 	 0.00632709
9.83715542094 	 0.00449982
9.85377223753 	 0.00149203
9.87038905412 	 0.00210631
9.88700587071 	 0.00363902
9.9036226873 	 0.00389695
9.92023950389 	 0.00594545
9.93685632048 	 0.0101244
9.95347313707 	 0.00831431
9.97008995366 	 0.00521137
9.98670677025 	 0.00647257
10.0033235868 	 0.00384371
10.0199404034 	 0.00382451
10.03655722 	 0.00177273
10.0531740366 	 0.00114999
10.0697908532 	 0.00391305
10.0864076698 	 0.00350923
10.1030244864 	 0.00731755
10.119641303 	 0.00549688
10.1362581196 	 0.00467907
10.1528749361 	 0.00118895
10.1694917527 	 0.000960863
10.1861085693 	 0.00269511
10.2027253859 	 0.000741384
10.2193422025 	 0.00381815
10.2359590191 	 0.00824956
10.2525758357 	 0.0109586
10.2691926523 	 0.0132211
10.2858094689 	 0.0117
10.3024262854 	 0.0102037
10.319043102 	 0.00507162
10.3356599186 	 0.00228808
10.3522767352 	 0.00120035
10.3688935518 	 0.00351113
10.3855103684 	 0.00472897
10.402127185 	 0.00875405
10.4187440016 	 0.00990869
10.4353608182 	 0.00937241
10.4519776347 	 0.0039404
10.4685944513 	 0.00623119
10.4852112679 	 0.00821107
10.5018280845 	 0.00260329
10.5184449011 	 0.00515549
10.5350617177 	 0.0104112
10.5516785343 	 0.0140552
10.5682953509 	 0.0156318
10.5849121675 	 0.0122001
10.6015289841 	 0.0121744
10.6181458006 	 0.011006
10.6347626172 	 0.0047667
10.6513794338 	 0.00216885
10.6679962504 	 0.00914185
10.684613067 	 0.00827484
10.7012298836 	 0.00904016
10.7178467002 	 0.0069845
10.7344635168 	 0.0104204
10.7510803334 	 0.0080233
10.7676971499 	 0.00532869
10.7843139665 	 0.00212283
10.8009307831 	 0.00145002
10.8175475997 	 0.000891388
10.8341644163 	 0.00403366
10.8507812329 	 0.00532963
10.8673980495 	 0.00643671
10.8840148661 	 0.00619629
10.9006316827 	 0.00650194
10.9172484993 	 0.00610482
10.9338653158 	 0.0039663
10.9504821324 	 0.00287261
10.967098949 	 0.00318922
10.9837157656 	 0.00711259
11.0003325822 	 0.0100561
11.0169493988 	 0.00899944
11.0335662154 	 0.010146
11.050183032 	 0.0150333
11.0667998486 	 0.0123417
11.0834166651 	 0.00912408
11.1000334817 	 0.010502
11.1166502983 	 0.0185356
11.1332671149 	 0.0188559
11.1498839315 	 0.0198221
11.1665007481 	 0.0162777
11.1831175647 	 0.0162896
11.1997343813 	 0.0139799
11.2163511979 	 0.0138759
11.2329680145 	 0.0130026
11.249584831 	 0.0143714
11.2662016476 	 0.0128589
11.2828184642 	 0.0126435
11.2994352808 	 0.0132233
11.3160520974 	 0.0103296
11.332668914 	 0.0105117
11.3492857306 	 0.0117851
11.3659025472 	 0.0140964
11.3825193638 	 0.0123527
11.3991361803 	 0.0105879
11.4157529969 	 0.0127587
11.4323698135 	 0.0160832
11.4489866301 	 0.0168598
11.4656034467 	 0.0133484
11.4822202633 	 0.0102837
11.4988370799 	 0.00768153
11.5154538965 	 0.00950012
11.5320707131 	 0.00698158
11.5486875297 	 0.00590462
11.5653043462 	 0.00826251
11.5819211628 	 0.0107721
11.5985379794 	 0.00876702
11.615154796 	 0.00951678
11.6317716126 	 0.0104034
11.6483884292 	 0.0112678
11.6650052458 	 0.0108033
11.6816220624 	 0.0103599
11.698238879 	 0.0113707
11.7148556955 	 0.00858212
11.7314725121 	 0.0075686
11.7480893287 	 0.0087857
11.7647061453 	 0.00566713
11.7813229619 	 0.00562195
11.7979397785 	 0.00285994
11.8145565951 	 0.00302385
11.8311734117 	 0.00185296
11.8477902283 	 0.00195673
11.8644070449 	 0.0022911
11.8810238614 	 0.0043997
11.897640678 	 0.00449617
11.9142574946 	 0.00629091
11.9308743112 	 0.00763866
11.9474911278 	 0.00737208
11.9641079444 	 0.00920293
11.980724761 	 0.00997692
11.9973415776 	 0.00890253
12.0139583942 	 0.00586364
12.0305752107 	 0.00251312
12.0471920273 	 0.00165219
12.0638088439 	 0.000716203
12.0804256605 	 0.000486204
12.0970424771 	 0.000265875
12.1136592937 	 0.00171096
12.1302761103 	 0.0023452
12.1468929269 	 0.00340919
12.1635097435 	 0.00429374
12.1801265601 	 0.00588155
12.1967433766 	 0.00648015
12.2133601932 	 0.00606339
12.2299770098 	 0.0054238
12.2465938264 	 0.0051165
12.263210643 	 0.00375849
12.2798274596 	 0.00109025
12.2964442762 	 0.00375725
12.3130610928 	 0.00393662
12.3296779094 	 0.00434508
12.3462947259 	 0.00431562
12.3629115425 	 0.00607787
12.3795283591 	 0.006642
12.3961451757 	 0.00650908
12.4127619923 	 0.00738672
12.4293788089 	 0.00794487
12.4459956255 	 0.00584175
12.4626124421 	 0.0041089
12.4792292587 	 0.00588721
12.4958460752 	 0.00710061
12.5124628918 	 0.00640224
12.5290797084 	 0.00585491
12.545696525 	 0.00399591
12.5623133416 	 0.00504081
12.5789301582 	 0.00358767
12.5955469748 	 0.00341699
12.6121637914 	 0.00379381
12.628780608 	 0.00345451
12.6453974246 	 0.00375455
12.6620142411 	 0.00325635
12.6786310577 	 0.00307903
12.6952478743 	 0.00226728
12.7118646909 	 0.00169805
12.7284815075 	 0.00109823
12.7450983241 	 0.000889002
12.7617151407 	 0.000999029
12.7783319573 	 0.00170286
12.7949487739 	 0.00191874
12.8115655904 	 0.00182511
12.828182407 	 0.00150862
12.8447992236 	 0.000603699
12.8614160402 	 0.000656986
12.8780328568 	 0.000511573
12.8946496734 	 0.00134883
12.91126649 	 0.00375784
12.9278833066 	 0.00527083
12.9445001232 	 0.00566164
12.9611169398 	 0.00399758
12.9777337563 	 0.00302763
12.9943505729 	 0.00252531
13.0109673895 	 0.00360274
13.0275842061 	 0.005453
13.0442010227 	 0.0058194
13.0608178393 	 0.00491314
13.0774346559 	 0.00166171
13.0940514725 	 0.00185182
13.1106682891 	 0.00481069
13.1272851056 	 0.00623389
13.1439019222 	 0.00579155
13.1605187388 	 0.00591811
13.1771355554 	 0.00507158
13.193752372 	 0.00525685
13.2103691886 	 0.00579489
13.2269860052 	 0.00604896
13.2436028218 	 0.004683
13.2602196384 	 0.00458569
13.276836455 	 0.00409151
13.2934532715 	 0.00448203
13.3100700881 	 0.00395989
13.3266869047 	 0.00392917
13.3433037213 	 0.00346434
13.3599205379 	 0.00358147
13.3765373545 	 0.00209124
13.3931541711 	 0.00223493
13.4097709877 	 0.00309419
13.4263878043 	 0.00387125
13.4430046208 	 0.0026732
13.4596214374 	 0.00352508
13.476238254 	 0.00324352
13.4928550706 	 0.00294904
13.5094718872 	 0.00288532
13.5260887038 	 0.00346505
13.5427055204 	 0.00358437
13.559322337 	 0.00326627
13.5759391536 	 0.00377588
13.5925559702 	 0.00414157
13.6091727867 	 0.00413408
13.6257896033 	 0.0041022
13.6424064199 	 0.00374995
13.6590232365 	 0.00338947
13.6756400531 	 0.00251275
13.6922568697 	 0.00292634
13.7088736863 	 0.00400458
13.7254905029 	 0.00356358
13.7421073195 	 0.00409465
13.758724136 	 0.00426554
13.7753409526 	 0.00448263
13.7919577692 	 0.00503932
13.8085745858 	 0.00472645
13.8251914024 	 0.00295939
13.841808219 	 0.00179921
13.8584250356 	 0.00122387
13.8750418522 	 0.00153134
13.8916586688 	 0.000589236
13.9082754854 	 0.000204449
13.9248923019 	 0.000723036
13.9415091185 	 0.000937212
13.9581259351 	 0.00178984
13.9747427517 	 0.00155304
13.9913595683 	 0.00194297
14.0079763849 	 0.00171466
14.0245932015 	 0.000252115
14.0412100181 	 0.00131155
14.0578268347 	 0.00208704
14.0744436512 	 0.00215594
14.0910604678 	 0.00343495
14.1076772844 	 0.00331966
14.124294101 	 0.00271327
14.1409109176 	 0.00134085
14.1575277342 	 0.000908626
14.1741445508 	 0.00175057
14.1907613674 	 0.00217447
14.207378184 	 0.00175866
14.2239950005 	 0.00138776
14.2406118171 	 0.000770196
14.2572286337 	 0.000525788
14.2738454503 	 0.000341686
14.2904622669 	 0.000420062
14.3070790835 	 0.000747434
14.3236959001 	 0.000516536
14.3403127167 	 0.00103421
14.3569295333 	 0.00180068
14.3735463499 	 0.00257824
14.3901631664 	 0.00257411
14.406779983 	 0.00229334
14.4233967996 	 0.0018244
14.4400136162 	 0.0022235
14.4566304328 	 0.00227478
14.4732472494 	 0.00201847
14.489864066 	 0.00197348
14.5064808826 	 0.00296554
14.5230976992 	 0.00281015
14.5397145157 	 0.00226933
14.5563313323 	 0.00116719
14.5729481489 	 0.000632001
14.5895649655 	 0.00133729
14.6061817821 	 0.00283843
14.6227985987 	 0.00296069
14.6394154153 	 0.00260853
14.6560322319 	 0.00236083
14.6726490485 	 0.0021714
14.6892658651 	 0.00156979
14.7058826816 	 0.000981624
14.7224994982 	 0.0020152
14.7391163148 	 0.00231131
14.7557331314 	 0.00265332
14.772349948 	 0.0019939
14.7889667646 	 0.00265416
14.8055835812 	 0.00261452
14.8222003978 	 0.00350368
14.8388172144 	 0.00361857
14.8554340309 	 0.00451471
14.8720508475 	 0.00509843
14.8886676641 	 0.00614012
14.9052844807 	 0.00640068
14.9219012973 	 0.00620938
14.9385181139 	 0.00529606
14.9551349305 	 0.00468427
14.9717517471 	 0.00502928
14.9883685637 	 0.00610157
15.0049853803 	 0.0068561
15.0216021968 	 0.00728968
15.0382190134 	 0.00655078
15.05483583 	 0.00639893
15.0714526466 	 0.00597111
15.0880694632 	 0.00488152
15.1046862798 	 0.00416928
15.1213030964 	 0.00406718
15.137919913 	 0.00439724
15.1545367296 	 0.0054518
15.1711535461 	 0.00641648
15.1877703627 	 0.00673283
15.2043871793 	 0.00601298
15.2210039959 	 0.004144
15.2376208125 	 0.00331233
15.2542376291 	 0.00394951
15.2708544457 	 0.00494985
15.2874712623 	 0.00488023
15.3040880789 	 0.00457538
15.3207048955 	 0.0032012
15.337321712 	 0.00264529
15.3539385286 	 0.00276347
15.3705553452 	 0.00223682
15.3871721618 	 0.00169827
15.4037889784 	 0.00178677
15.420405795 	 0.00253609
15.4370226116 	 0.00301047
15.4536394282 	 0.0033228
15.4702562448 	 0.002522
15.4868730613 	 0.00198108
15.5034898779 	 0.00122996
15.5201066945 	 0.000446497
15.5367235111 	 0.000878263
15.5533403277 	 0.00207859
15.5699571443 	 0.00278978
15.5865739609 	 0.00285215
15.6031907775 	 0.00275682
15.6198075941 	 0.00200019
15.6364244107 	 0.00153891
15.6530412272 	 0.00118909
15.6696580438 	 0.00239842
15.6862748604 	 0.00284202
15.702891677 	 0.00279893
15.7195084936 	 0.00330001
15.7361253102 	 0.00286331
15.7527421268 	 0.00288236
15.7693589434 	 0.00333598
15.78597576 	 0.00343253
15.8025925765 	 0.00365336
15.8192093931 	 0.00365551
15.8358262097 	 0.00300919
15.8524430263 	 0.00205482
15.8690598429 	 0.00233776
15.8856766595 	 0.00278239
15.9022934761 	 0.00308509
15.9189102927 	 0.00338173
15.9355271093 	 0.00379413
15.9521439259 	 0.00397084
15.9687607424 	 0.00394276
15.985377559 	 0.00375502
16.0019943756 	 0.00382316
16.0186111922 	 0.00377564
16.0352280088 	 0.00357052
16.0518448254 	 0.00376571
16.068461642 	 0.00408249
16.0850784586 	 0.00359805
16.1016952752 	 0.00395923
16.1183120917 	 0.00416926
16.1349289083 	 0.00430776
16.1515457249 	 0.00415339
16.1681625415 	 0.0040662
16.1847793581 	 0.00334872
16.2013961747 	 0.00215442
16.2180129913 	 0.00149577
16.2346298079 	 0.00160908
16.2512466245 	 0.00177369
16.267863441 	 0.00179859
16.2844802576 	 0.0014655
16.3010970742 	 0.00129025
16.3177138908 	 0.00126024
16.3343307074 	 0.00138591
16.350947524 	 0.00197885
16.3675643406 	 0.00226609
16.3841811572 	 0.0022081
16.4007979738 	 0.00170495
16.4174147904 	 0.000842284
16.4340316069 	 0.000281493
16.4506484235 	 0.000204217
16.4672652401 	 0.000274038
16.4838820567 	 0.000717836
16.5004988733 	 0.00132195
16.5171156899 	 0.00149123
16.5337325065 	 0.00191799
16.5503493231 	 0.00188678
16.5669661397 	 0.00158964
16.5835829562 	 0.00128178
16.6001997728 	 0.000401873
16.6168165894 	 0.00126483
16.633433406 	 0.00170521
16.6500502226 	 0.00209579
16.6666670392 	 0.00203297
16.6832838558 	 0.00126983
16.6999006724 	 0.00112573
16.716517489 	 0.00110722
16.7331343056 	 0.00114087
16.7497511221 	 0.00109113
16.7663679387 	 0.00093892
16.7829847553 	 0.000758079
16.7996015719 	 0.00112898
16.8162183885 	 0.00102157
16.8328352051 	 0.000998728
16.8494520217 	 0.000514044
16.8660688383 	 0.000567926
16.8826856549 	 0.000518968
16.8993024714 	 0.000646447
16.915919288 	 0.000645676
16.9325361046 	 0.000580066
16.9491529212 	 0.000665322
16.9657697378 	 0.000356422
16.9823865544 	 0.000304954
16.999003371 	 0.00038329
17.0156201876 	 0.000458671
17.0322370042 	 0.000157855
17.0488538208 	 0.000423324
17.0654706373 	 0.00132141
17.0820874539 	 0.00163774
17.0987042705 	 0.00153388
17.1153210871 	 0.00116904
17.1319379037 	 0.000960999
17.1485547203 	 0.000320556
17.1651715369 	 0.000681706
17.1817883535 	 0.00114859
17.1984051701 	 0.00107883
17.2150219866 	 0.00110455
17.2316388032 	 0.000914041
17.2482556198 	 0.00112655
17.2648724364 	 0.00121922
17.281489253 	 0.00130598
17.2981060696 	 0.000973568
17.3147228862 	 0.000771983
17.3313397028 	 0.00062667
17.3479565194 	 0.000855298
17.364573336 	 0.000819208
17.3811901525 	 0.000745808
17.3978069691 	 0.000651002
17.4144237857 	 0.000598354
17.4310406023 	 0.00106973
17.4476574189 	 0.000958672
17.4642742355 	 0.00111133
17.4808910521 	 0.00118285
17.4975078687 	 0.00150174
17.5141246853 	 0.00142172
17.5307415018 	 0.00122499
17.5473583184 	 0.000614603
17.563975135 	 0.000300675
17.5805919516 	 0.00114914
17.5972087682 	 0.00129353
17.6138255848 	 0.00142652
17.6304424014 	 0.000960127
17.647059218 	 0.000445391
17.6636760346 	 0.000835195
17.6802928512 	 0.00118466
17.6969096677 	 0.0013538
17.7135264843 	 0.00110977
17.7301433009 	 0.000882044
17.7467601175 	 0.000923559
17.7633769341 	 0.00145709
17.7799937507 	 0.00161952
17.7966105673 	 0.00199017
17.8132273839 	 0.00189858
17.8298442005 	 0.00176772
17.846461017 	 0.00126692
17.8630778336 	 0.000968443
17.8796946502 	 0.0012734
17.8963114668 	 0.00169558
17.9129282834 	 0.00221574
17.9295451 	 0.00227936
17.9461619166 	 0.00179983
17.9627787332 	 0.00124209
17.9793955498 	 0.000675442
17.9960123663 	 0.000520678
18.0126291829 	 0.000650683
18.0292459995 	 0.000416986
18.0458628161 	 0.000525843
18.0624796327 	 0.000390858
18.0790964493 	 0.000243798
18.0957132659 	 5.7739e-05
18.1123300825 	 0.000359904
18.1289468991 	 0.000758826
18.1455637157 	 0.000849879
18.1621805322 	 0.000552666
18.1787973488 	 0.0005314
18.1954141654 	 0.000711871
18.212030982 	 0.000990178
18.2286477986 	 0.00127656
18.2452646152 	 0.00149185
18.2618814318 	 0.00128746
18.2784982484 	 0.00103971
18.295115065 	 0.00103551
18.3117318815 	 0.0010397
18.3283486981 	 0.000911082
18.3449655147 	 0.000417629
18.3615823313 	 0.000692724
18.3781991479 	 0.00089047
18.3948159645 	 0.00117763
18.4114327811 	 0.00124557
18.4280495977 	 0.00149993
18.4446664143 	 0.00141014
18.4612832309 	 0.00127433
18.4779000474 	 0.000841555
18.494516864 	 0.000726785
18.5111336806 	 0.0010295
18.5277504972 	 0.00137703
18.5443673138 	 0.000937304
18.5609841304 	 0.000703428
18.577600947 	 0.000411246
18.5942177636 	 0.000176478
18.6108345802 	 0.000804042
18.6274513967 	 0.00117168
18.6440682133 	 0.00140006
18.6606850299 	 0.00146256
18.6773018465 	 0.00146155
18.6939186631 	 0.00114442
18.7105354797 	 0.000829572
18.7271522963 	 0.000588206
18.7437691129 	 0.000549871
18.7603859295 	 0.000801675
18.7770027461 	 0.00141412
18.7936195626 	 0.00166593
18.8102363792 	 0.00158229
18.8268531958 	 0.00113143
18.8434700124 	 0.000939161
18.860086829 	 0.00132757
18.8767036456 	 0.00137911
18.8933204622 	 0.00143359
18.9099372788 	 0.00148947
18.9265540954 	 0.00150425
18.9431709119 	 0.00108239
18.9597877285 	 0.000600796
18.9764045451 	 0.000504411
18.9930213617 	 0.000548534
19.0096381783 	 0.000685797
19.0262549949 	 0.00061503
19.0428718115 	 0.000527171
19.0594886281 	 0.00058106
19.0761054447 	 0.000370713
19.0927222613 	 0.000598217
19.1093390778 	 0.000519393
19.1259558944 	 0.000856656
19.142572711 	 0.000941635
19.1591895276 	 0.000834028
19.1758063442 	 0.000544376
19.1924231608 	 0.000389663
19.2090399774 	 0.000892137
19.225656794 	 0.000614476
19.2422736106 	 0.000627441
19.2588904271 	 0.00044113
19.2755072437 	 0.000232098
19.2921240603 	 0.000279273
19.3087408769 	 0.000290941
19.3253576935 	 0.000416236
19.3419745101 	 0.000462193
19.3585913267 	 0.000505459
19.3752081433 	 0.000520801
19.3918249599 	 0.00071448
19.4084417765 	 0.000395114
19.425058593 	 0.000116054
19.4416754096 	 0.000431
19.4582922262 	 0.000826568
19.4749090428 	 0.000853481
19.4915258594 	 0.000780698
19.508142676 	 0.000580026
19.5247594926 	 0.000511268
19.5413763092 	 0.000524318
19.5579931258 	 0.000651149
19.5746099423 	 0.000612914
19.5912267589 	 0.000485866
19.6078435755 	 0.00052093
19.6244603921 	 0.000638263
19.6410772087 	 0.000540403
19.6576940253 	 0.000329419
19.6743108419 	 0.000199232
19.6909276585 	 0.000428771
19.7075444751 	 0.00045774
19.7241612917 	 0.000450409
19.7407781082 	 0.000316459
19.7573949248 	 0.000367753
19.7740117414 	 0.000537798
19.790628558 	 0.000897279
19.8072453746 	 0.00104845
19.8238621912 	 0.000977569
19.8404790078 	 0.000586202
19.8570958244 	 0.000471019
19.873712641 	 0.000254534
19.8903294575 	 0.000724772
19.9069462741 	 0.00118007
19.9235630907 	 0.00122702
19.9401799073 	 0.00106601
19.9567967239 	 0.000843797
19.9734135405 	 0.000843116
19.9900303571 	 0.000851581
20.0066471737 	 0.000828797
20.0232639903 	 0.000773251
20.0398808068 	 0.000756003
20.0564976234 	 0.000784781
20.07311444 	 0.000710689
20.0897312566 	 0.00034081
20.1063480732 	 3.63267e-05
20.1229648898 	 0.000540093
20.1395817064 	 0.000593928
20.156198523 	 0.00062942
20.1728153396 	 0.000439414
20.1894321562 	 0.000218146
20.2060489727 	 0.00013198
20.2226657893 	 0.000409125
20.2392826059 	 0.000650629
20.2558994225 	 0.000789167
20.2725162391 	 0.000675693
20.2891330557 	 0.000667557
20.3057498723 	 0.000691943
20.3223666889 	 0.000781963
20.3389835055 	 0.000770158
20.355600322 	 0.000779955
20.3722171386 	 0.000623704
20.3888339552 	 0.000593155
20.4054507718 	 0.000673807
20.4220675884 	 0.000669218
20.438684405 	 0.000574807
20.4553012216 	 0.000381769
20.4719180382 	 0.000487022
20.4885348548 	 0.000454601
20.5051516714 	 0.000518322
20.5217684879 	 0.0005241
20.5383853045 	 0.000661046
20.5550021211 	 0.00068826
20.5716189377 	 0.000769326
20.5882357543 	 0.000707313
20.6048525709 	 0.000560095
20.6214693875 	 0.0004075
20.6380862041 	 0.000691401
20.6547030207 	 0.000777362
20.6713198372 	 0.000726574
20.6879366538 	 0.00042635
20.7045534704 	 0.000365393
20.721170287 	 0.000526317
20.7377871036 	 0.000657129
20.7544039202 	 0.000564557
20.7710207368 	 0.000569233
20.7876375534 	 0.000659047
20.80425437 	 0.000665805
20.8208711866 	 0.000663168
20.8374880031 	 0.000693414
20.8541048197 	 0.000657633
20.8707216363 	 0.000609296
20.8873384529 	 0.000636069
20.9039552695 	 0.000908713
20.9205720861 	 0.00117454
20.9371889027 	 0.00131093
20.9538057193 	 0.00123077
20.9704225359 	 0.0010308
20.9870393524 	 0.00117782
21.003656169 	 0.00127612
21.0202729856 	 0.00116394
21.0368898022 	 0.00107116
21.0535066188 	 0.000893585
21.0701234354 	 0.00103519
21.086740252 	 0.00122717
21.1033570686 	 0.000979735
21.1199738852 	 0.000576098
21.1365907018 	 0.000492979
21.1532075183 	 0.000648664
21.1698243349 	 0.000699422
21.1864411515 	 0.00059814
21.2030579681 	 0.000638784
21.2196747847 	 0.000850754
21.2362916013 	 0.000674321
21.2529084179 	 0.000576573
21.2695252345 	 0.000401421
21.2861420511 	 0.000475227
21.3027588676 	 0.000645226
21.3193756842 	 0.00082405
21.3359925008 	 0.000920372
21.3526093174 	 0.000837898
21.369226134 	 0.000708753
21.3858429506 	 0.000521465
21.4024597672 	 0.000342121
21.4190765838 	 0.000358422
21.4356934004 	 0.00052883
21.452310217 	 0.000645557
21.4689270335 	 0.000706879
21.4855438501 	 0.000570947
21.5021606667 	 0.000414548
21.5187774833 	 0.000385722
21.5353942999 	 0.000425521
21.5520111165 	 0.000359685
21.5686279331 	 0.000242756
21.5852447497 	 0.000321675
21.6018615663 	 0.000454378
21.6184783828 	 0.000418747
21.6350951994 	 0.00034798
21.651712016 	 0.000398749
21.6683288326 	 0.000346
21.6849456492 	 0.000428648
21.7015624658 	 0.000347023
21.7181792824 	 0.000207579
21.734796099 	 0.000132842
21.7514129156 	 7.89484e-05
21.7680297321 	 0.00014259
21.7846465487 	 3.38864e-05
21.8012633653 	 0.000115812
21.8178801819 	 5.5971e-05
21.8344969985 	 4.24718e-05
21.8511138151 	 0.000171176
21.8677306317 	 0.000122836
21.8843474483 	 0.000299239
21.9009642649 	 0.000417211
21.9175810815 	 0.000520961
21.934197898 	 0.000673993
21.9508147146 	 0.000577056
21.9674315312 	 0.000382791
21.9840483478 	 0.000330047
22.0006651644 	 0.000271021
22.017281981 	 0.000282621
22.0338987976 	 0.000253656
22.0505156142 	 0.000251668
22.0671324308 	 0.000174222
22.0837492473 	 5.19599e-05
22.1003660639 	 0.000159742
22.1169828805 	 0.00023903
22.1335996971 	 0.000284589
22.1502165137 	 0.000247827
22.1668333303 	 0.00032001
22.1834501469 	 0.000277418
22.2000669635 	 0.000386889
22.2166837801 	 0.000300679
22.2333005967 	 0.000387097
22.2499174132 	 0.000361989
22.2665342298 	 0.00036491
22.2831510464 	 0.000225216
22.299767863 	 0.000183973
22.3163846796 	 0.000146217
22.3330014962 	 0.000114884
22.3496183128 	 0.000142077
22.3662351294 	 0.000197026
22.382851946 	 0.000223245
22.3994687625 	 0.000297865
22.4160855791 	 0.000307731
22.4327023957 	 0.000256978
22.4493192123 	 0.000254655
22.4659360289 	 0.00015123
22.4825528455 	 0.000265798
22.4991696621 	 0.000292712
22.5157864787 	 0.000268268
22.5324032953 	 0.000264126
22.5490201119 	 0.00022663
22.5656369284 	 0.000208191
22.582253745 	 0.000319428
22.5988705616 	 0.000316777
22.6154873782 	 0.000290405
22.6321041948 	 0.00029642
22.6487210114 	 0.00014963
22.665337828 	 0.000287719
22.6819546446 	 0.000377497
22.6985714612 	 0.000380004
22.7151882777 	 0.000328805
22.7318050943 	 0.00028838
22.7484219109 	 0.000251205
22.7650387275 	 0.000259137
22.7816555441 	 0.000308607
22.7982723607 	 0.000249827
22.8148891773 	 0.000142844
22.8315059939 	 7.48239e-05
22.8481228105 	 7.64387e-05
22.8647396271 	 0.000130122
22.8813564436 	 7.01771e-05
22.8979732602 	 0.000186697
22.9145900768 	 0.000228303
22.9312068934 	 0.000213499
22.94782371 	 0.000139919
22.9644405266 	 8.86972e-05
22.9810573432 	 7.31279e-05
22.9976741598 	 7.17976e-05
23.0142909764 	 0.000170332
23.0309077929 	 0.000193316
23.0475246095 	 8.10699e-05
23.0641414261 	 9.25133e-06
23.0807582427 	 5.32308e-05
23.0973750593 	 3.88143e-05
23.1139918759 	 0.000138844
23.1306086925 	 0.000219012
23.1472255091 	 0.000318155
23.1638423257 	 0.000327282
23.1804591423 	 0.000355722
23.1970759588 	 0.00043407
23.2136927754 	 0.000443334
23.230309592 	 0.000384967
23.2469264086 	 0.000400745
23.2635432252 	 0.000308816
23.2801600418 	 0.000198613
23.2967768584 	 0.000284046
23.313393675 	 0.000214703
23.3300104916 	 0.000160085
23.3466273081 	 0.000184195
23.3632441247 	 0.00011962
23.3798609413 	 0.000203766
23.3964777579 	 0.000231914
23.4130945745 	 0.000177892
23.4297113911 	 0.000113083
23.4463282077 	 0.000112541
23.4629450243 	 0.000121595
23.4795618409 	 0.000181707
23.4961786575 	 0.00020771
23.512795474 	 0.000161293
23.5294122906 	 0.000120267
23.5460291072 	 7.73003e-05
23.5626459238 	 6.1043e-05
23.5792627404 	 9.86759e-05
23.595879557 	 0.000134653
23.6124963736 	 0.000131649
23.6291131902 	 0.000168025
23.6457300068 	 0.000139873
23.6623468233 	 4.35398e-05
23.6789636399 	 7.50945e-05
23.6955804565 	 0.000158971
23.7121972731 	 0.000213313
23.7288140897 	 0.000125217
23.7454309063 	 9.66281e-05
23.7620477229 	 5.00577e-05
23.7786645395 	 8.72761e-05
23.7952813561 	 0.000156633
23.8118981726 	 0.000214179
23.8285149892 	 0.000161737
23.8451318058 	 0.000166959
23.8617486224 	 0.000209448
23.878365439 	 0.00023893
23.8949822556 	 0.000230723
23.9115990722 	 0.000200528
23.9282158888 	 0.000211963
23.9448327054 	 0.000168614
23.961449522 	 0.000180035
23.9780663385 	 0.000248332
23.9946831551 	 0.000258054
24.0112999717 	 0.000241363
24.0279167883 	 0.000308737
24.0445336049 	 0.000261811
24.0611504215 	 0.000220881
24.0777672381 	 0.000200328
24.0943840547 	 0.000206306
24.1110008713 	 0.000133315
24.1276176878 	 0.000152615
24.1442345044 	 0.000172249
24.160851321 	 0.000230872
24.1774681376 	 0.000198446
24.1940849542 	 0.000168672
24.2107017708 	 0.00019445
24.2273185874 	 0.000174195
24.243935404 	 0.000131927
24.2605522206 	 0.000133266
24.2771690372 	 0.000158798
24.2937858537 	 7.28072e-05
24.3104026703 	 3.2647e-05
24.3270194869 	 1.59905e-05
24.3436363035 	 5.87723e-05
24.3602531201 	 6.51303e-05
24.3768699367 	 5.34379e-05
24.3934867533 	 3.43511e-05
24.4101035699 	 6.46898e-05
24.4267203865 	 3.89422e-05
24.443337203 	 3.12441e-05
24.4599540196 	 6.91769e-05
24.4765708362 	 8.58131e-05
24.4931876528 	 7.48809e-05
24.5098044694 	 9.38495e-05
24.526421286 	 7.28447e-05
24.5430381026 	 7.51403e-05
24.5596549192 	 4.65705e-05
24.5762717358 	 5.82656e-05
24.5928885524 	 4.42623e-05
24.6095053689 	 7.0649e-05
24.6261221855 	 0.000103572
24.6427390021 	 0.000132169
24.6593558187 	 0.000141612
24.6759726353 	 0.000100268
24.6925894519 	 4.8907e-05
24.7092062685 	 7.94392e-05
24.7258230851 	 0.00011973
24.7424399017 	 0.000123664
24.7590567182 	 0.000129661
24.7756735348 	 0.000125952
24.7922903514 	 0.000163151
24.808907168 	 0.000146499
24.8255239846 	 0.000112057
24.8421408012 	 9.55383e-05
24.8587576178 	 8.06992e-05
24.8753744344 	 8.37994e-05
24.891991251 	 6.52279e-05
24.9086080676 	 5.73991e-05
24.9252248841 	 4.40867e-05
24.9418417007 	 2.33431e-05
24.9584585173 	 2.35338e-05
24.9750753339 	 2.6098e-05
24.9916921505 	 2.46472e-05
25.0083089671 	 2.62978e-05
25.0249257837 	 1.10247e-05
25.0415426003 	 2.39938e-05
25.0581594169 	 2.688e-05
25.0747762334 	 2.46071e-05
25.09139305 	 2.24243e-05
25.1080098666 	 3.82682e-05
25.1246266832 	 5.23802e-05
25.1412434998 	 4.66662e-05
25.1578603164 	 3.36547e-05
25.174477133 	 1.63567e-05
25.1910939496 	 2.89766e-05
25.2077107662 	 4.54618e-05
25.2243275828 	 5.23477e-05
25.2409443993 	 3.51055e-05
25.2575612159 	 9.09213e-05
25.2741780325 	 9.02051e-05
25.2907948491 	 7.02992e-05
25.3074116657 	 2.25541e-05
25.3240284823 	 7.17104e-05
25.3406452989 	 9.09558e-05
25.3572621155 	 7.88238e-05
25.3738789321 	 0.000111609
25.3904957486 	 5.89504e-05
25.4071125652 	 6.42367e-05
25.4237293818 	 0.00010736
25.4403461984 	 0.00013786
25.456963015 	 0.000167788
25.4735798316 	 0.000153482
25.4901966482 	 0.000115401
25.5068134648 	 8.54416e-05
25.5234302814 	 5.80939e-05
25.5400470979 	 7.36531e-05
25.5566639145 	 8.83348e-05
25.5732807311 	 6.14673e-05
25.5898975477 	 2.24529e-05
25.6065143643 	 4.92925e-05
25.6231311809 	 5.42748e-05
25.6397479975 	 5.66508e-05
25.6563648141 	 4.67317e-05
25.6729816307 	 3.14238e-05
25.6895984473 	 1.00116e-05
25.7062152638 	 2.3588e-05
25.7228320804 	 4.14611e-05
25.739448897 	 4.59569e-05
25.7560657136 	 7.34519e-05
25.7726825302 	 0.000101738
25.7892993468 	 0.000102236
25.8059161634 	 8.76731e-05
25.82253298 	 4.49677e-05
25.8391497966 	 4.20251e-05
25.8557666131 	 3.51824e-05
25.8723834297 	 2.39005e-05
25.8890002463 	 1.96532e-05
25.9056170629 	 2.97933e-05
25.9222338795 	 3.1368e-05
25.9388506961 	 4.03848e-05
25.9554675127 	 3.28836e-05
25.9720843293 	 3.37814e-05
25.9887011459 	 4.54412e-05
26.0053179625 	 4.88194e-05
26.021934779 	 4.58365e-05
26.0385515956 	 3.32148e-05
26.0551684122 	 2.12669e-05
26.0717852288 	 4.41603e-05
26.0884020454 	 6.60053e-05
26.105018862 	 4.70427e-05
26.1216356786 	 3.99593e-05
26.1382524952 	 1.72763e-05
26.1548693118 	 6.00215e-05
26.1714861283 	 7.17721e-05
26.1881029449 	 8.31704e-05
26.2047197615 	 6.55238e-05
26.2213365781 	 8.8043e-05
26.2379533947 	 8.83782e-05
26.2545702113 	 8.25618e-05
26.2711870279 	 7.71671e-05
26.2878038445 	 6.88596e-05
26.3044206611 	 6.33119e-05
26.3210374777 	 8.2899e-05
26.3376542942 	 8.97502e-05
26.3542711108 	 6.45877e-05
26.3708879274 	 3.96539e-05
26.387504744 	 4.91756e-05
26.4041215606 	 8.65604e-05
26.4207383772 	 7.14043e-05
26.4373551938 	 6.85835e-05
26.4539720104 	 5.75873e-05
26.470588827 	 8.24673e-05
26.4872056435 	 0.000103589
26.5038224601 	 0.000102629
26.5204392767 	 0.000111555
26.5370560933 	 0.000121706
26.5536729099 	 0.000138996
26.5702897265 	 0.000132243
26.5869065431 	 0.000127194
26.6035233597 	 0.000127545
26.6201401763 	 9.41717e-05
26.6367569929 	 8.04991e-05
26.6533738094 	 4.98747e-05
26.669990626 	 1.14586e-05
26.6866074426 	 3.057e-05
26.7032242592 	 2.42132e-05
26.7198410758 	 2.39763e-05
26.7364578924 	 2.59596e-05
26.753074709 	 3.2175e-05
26.7696915256 	 2.1025e-05
26.7863083422 	 3.69611e-05
26.8029251587 	 5.22931e-05
26.8195419753 	 4.22558e-05
26.8361587919 	 4.50141e-05
26.8527756085 	 1.70711e-05
26.8693924251 	 4.28835e-05
26.8860092417 	 4.00134e-05
26.9026260583 	 4.62745e-05
26.9192428749 	 4.58682e-05
26.9358596915 	 3.03281e-05
26.9524765081 	 4.80235e-05
26.9690933246 	 7.1538e-05
26.9857101412 	 5.25273e-05
27.0023269578 	 3.86015e-05
27.0189437744 	 2.05904e-05
27.035560591 	 4.33186e-05
27.0521774076 	 5.6071e-05
27.0687942242 	 7.39831e-05
27.0854110408 	 9.2491e-05
27.1020278574 	 9.05209e-05
27.1186446739 	 7.35301e-05
27.1352614905 	 9.85097e-05
27.1518783071 	 5.30839e-05
27.1684951237 	 7.84925e-05
27.1851119403 	 5.42771e-05
27.2017287569 	 4.46961e-05
27.2183455735 	 4.82827e-05
27.2349623901 	 6.33402e-05
27.2515792067 	 6.82424e-05
27.2681960233 	 6.67519e-05
27.2848128398 	 7.25199e-05
27.3014296564 	 7.03571e-05
27.318046473 	 6.8334e-05
27.3346632896 	 5.53891e-05
27.3512801062 	 2.28823e-05
27.3678969228 	 5.59823e-05
27.3845137394 	 0.000105349
27.401130556 	 0.000112511
27.4177473726 	 9.03651e-05
27.4343641891 	 5.47172e-05
27.4509810057 	 5.50604e-05
27.4675978223 	 4.81143e-05
27.4842146389 	 0.00010304
27.5008314555 	 0.000104301
27.5174482721 	 6.88465e-05
27.5340650887 	 4.16061e-05
27.5506819053 	 5.19848e-05
27.5672987219 	 7.99694e-05
27.5839155384 	 6.53557e-05
27.600532355 	 2.31353e-05
27.6171491716 	 3.29659e-05
27.6337659882 	 3.84451e-05
27.6503828048 	 5.29964e-05
27.6669996214 	 5.73071e-05
27.683616438 	 9.21633e-05
27.7002332546 	 9.37642e-05
27.7168500712 	 9.60512e-05
27.7334668878 	 6.81519e-05
27.7500837043 	 5.52936e-05
27.7667005209 	 9.93677e-06
27.7833173375 	 3.01593e-05
27.7999341541 	 6.70417e-05
27.8165509707 	 8.29149e-05
27.8331677873 	 5.9748e-05
27.8497846039 	 3.2827e-05
27.8664014205 	 5.13935e-05
27.8830182371 	 6.55775e-05
27.8996350536 	 4.68611e-05
27.9162518702 	 1.74175e-05
27.9328686868 	 7.08633e-06
27.9494855034 	 6.59024e-05
27.96610232 	 7.72874e-05
27.9827191366 	 7.78901e-05
27.9993359532 	 6.25685e-05
28.0159527698 	 3.62413e-05
28.0325695864 	 7.39283e-06
28.049186403 	 3.80703e-05
28.0658032195 	 4.6828e-05
28.0824200361 	 6.81915e-05
28.0990368527 	 4.45245e-05
28.1156536693 	 5.11608e-05
28.1322704859 	 8.07658e-05
28.1488873025 	 8.01058e-05
28.1655041191 	 8.47029e-05
28.1821209357 	 8.79227e-05
28.1987377523 	 8.06012e-05
28.2153545688 	 6.70151e-05
28.2319713854 	 5.50871e-05
28.248588202 	 9.03242e-05
28.2652050186 	 0.000119027
28.2818218352 	 0.000107353
28.2984386518 	 5.35466e-05
28.3150554684 	 5.48275e-05
28.331672285 	 8.81753e-05
28.3482891016 	 9.56847e-05
28.3649059182 	 8.01718e-05
28.3815227347 	 6.52872e-05
28.3981395513 	 3.94847e-05
28.4147563679 	 8.53591e-05
28.4313731845 	 7.95153e-05
28.4479900011 	 7.88917e-05
28.4646068177 	 7.67197e-05
28.4812236343 	 5.06487e-05
28.4978404509 	 4.56605e-05
28.5144572675 	 6.11578e-05
28.531074084 	 6.05771e-05
28.5476909006 	 6.18837e-05
28.5643077172 	 9.19776e-05
28.5809245338 	 0.000110251
28.5975413504 	 0.000111466
28.614158167 	 0.000105727
28.6307749836 	 0.000103178
28.6473918002 	 8.63347e-05
28.6640086168 	 5.90135e-05
28.6806254334 	 5.65984e-05
28.6972422499 	 4.32929e-05
28.7138590665 	 3.559e-05
28.7304758831 	 4.82512e-05
28.7470926997 	 4.42321e-05
28.7637095163 	 6.88711e-05
28.7803263329 	 4.77877e-05
28.7969431495 	 2.69009e-05
28.8135599661 	 2.91694e-05
28.8301767827 	 3.12283e-05
28.8467935992 	 4.12393e-05
28.8634104158 	 4.68645e-05
28.8800272324 	 2.94133e-05
28.896644049 	 3.20097e-05
28.9132608656 	 3.79177e-05
28.9298776822 	 2.19014e-05
28.9464944988 	 1.74122e-05
28.9631113154 	 3.14471e-05
28.979728132 	 2.86886e-05
28.9963449486 	 1.32816e-05
29.0129617651 	 2.66368e-05
29.0295785817 	 3.44699e-05
29.0461953983 	 4.20129e-05
29.0628122149 	 1.37786e-05
29.0794290315 	 2.08705e-05
29.0960458481 	 3.65001e-05
29.1126626647 	 4.65835e-05
29.1292794813 	 4.28998e-05
29.1458962979 	 6.37385e-05
29.1625131144 	 5.74574e-05
29.179129931 	 2.80314e-05
29.1957467476 	 2.21433e-05
29.2123635642 	 2.9807e-05
29.2289803808 	 2.02386e-05
29.2455971974 	 2.77486e-06
29.262214014 	 1.70572e-05
29.2788308306 	 2.90095e-05
29.2954476472 	 2.85714e-05
29.3120644637 	 4.41991e-06
29.3286812803 	 3.52966e-05
29.3452980969 	 5.62496e-05
29.3619149135 	 7.84956e-05
29.3785317301 	 7.27372e-05
29.3951485467 	 3.78253e-05
29.4117653633 	 3.49043e-05
29.4283821799 	 4.62734e-05
29.4449989965 	 5.40635e-05
29.4616158131 	 9.15841e-06
29.4782326296 	 2.11363e-05
29.4948494462 	 3.56048e-05
29.5114662628 	 4.44148e-05
29.5280830794 	 5.25998e-05
29.544699896 	 2.36658e-05
29.5613167126 	 3.84161e-05
29.5779335292 	 5.17244e-05
29.5945503458 	 5.914e-05
29.6111671624 	 5.21078e-05
29.6277839789 	 4.75198e-05
29.6444007955 	 4.54128e-05
29.6610176121 	 6.60843e-05
29.6776344287 	 8.95945e-05
29.6942512453 	 8.66915e-05
29.7108680619 	 7.18373e-05
29.7274848785 	 8.58365e-05
29.7441016951 	 9.68686e-05
29.7607185117 	 7.98895e-05
29.7773353283 	 7.12621e-05
29.7939521448 	 8.87524e-05
29.8105689614 	 9.04302e-05
29.827185778 	 7.77542e-05
29.8438025946 	 6.12565e-05
29.8604194112 	 5.6224e-05
29.8770362278 	 7.48557e-05
29.8936530444 	 9.80109e-05
29.910269861 	 0.000105341
29.9268866776 	 9.41844e-05
29.9435034941 	 9.45569e-05
29.9601203107 	 7.65267e-05
29.9767371273 	 9.2242e-05
29.9933539439 	 8.85202e-05
30.0099707605 	 6.58942e-05
30.0265875771 	 5.89618e-05
30.0432043937 	 4.75214e-05
30.0598212103 	 5.29857e-05
30.0764380269 	 5.47866e-05
30.0930548435 	 4.24976e-05
30.10967166 	 4.3634e-05
30.1262884766 	 6.31566e-05
30.1429052932 	 6.64522e-05
30.1595221098 	 7.01261e-05
30.1761389264 	 6.65894e-05
30.192755743 	 4.86877e-05
30.2093725596 	 2.76535e-05
30.2259893762 	 4.86655e-05
30.2426061928 	 4.98525e-05
30.2592230093 	 5.30259e-05
30.2758398259 	 5.39738e-05
30.2924566425 	 4.74045e-05
30.3090734591 	 3.15663e-05
30.3256902757 	 1.50184e-05
30.3423070923 	 2.17063e-05
30.3589239089 	 1.70959e-05
30.3755407255 	 8.58366e-06
30.3921575421 	 1.88849e-05
30.4087743587 	 2.53973e-05
30.4253911752 	 1.31119e-05
30.4420079918 	 3.41472e-05
30.4586248084 	 2.52961e-05
30.475241625 	 3.55132e-05
30.4918584416 	 4.58498e-05
30.5084752582 	 4.37075e-05
30.5250920748 	 2.87678e-05
30.5417088914 	 2.08162e-05
30.558325708 	 2.30453e-05
30.5749425245 	 2.71717e-05
30.5915593411 	 3.14447e-05
30.6081761577 	 1.71906e-05
30.6247929743 	 9.18561e-06
30.6414097909 	 2.70109e-05
30.6580266075 	 3.92415e-05
30.6746434241 	 3.90007e-05
30.6912602407 	 5.17823e-05
30.7078770573 	 3.17493e-05
30.7244938739 	 1.93669e-05
30.7411106904 	 3.26558e-05
30.757727507 	 3.57681e-05
30.7743443236 	 2.34903e-05
30.7909611402 	 3.14726e-05
30.8075779568 	 1.4877e-06
30.8241947734 	 1.46525e-05
30.84081159 	 3.54824e-05
30.8574284066 	 4.61659e-05
30.8740452232 	 4.40034e-05
30.8906620397 	 4.33941e-05
30.9072788563 	 4.17555e-05
30.9238956729 	 2.48553e-05
30.9405124895 	 2.24432e-05
30.9571293061 	 1.62128e-05
30.9737461227 	 2.52335e-05
30.9903629393 	 4.18759e-05
31.0069797559 	 5.24237e-05
31.0235965725 	 5.89027e-05
31.0402133891 	 5.36076e-05
31.0568302056 	 5.03529e-05
31.0734470222 	 5.33591e-05
31.0900638388 	 5.16488e-05
31.1066806554 	 4.22816e-05
31.123297472 	 2.25935e-05
31.1399142886 	 2.6485e-05
31.1565311052 	 3.34253e-05
31.1731479218 	 3.7685e-05
31.1897647384 	 4.65745e-05
31.2063815549 	 5.33675e-05
31.2229983715 	 4.14743e-05
31.2396151881 	 3.28255e-05
31.2562320047 	 3.89624e-05
31.2728488213 	 3.99404e-05
31.2894656379 	 4.00047e-05
31.3060824545 	 1.78646e-05
31.3226992711 	 2.31962e-05
31.3393160877 	 3.56524e-05
31.3559329042 	 2.70742e-05
31.3725497208 	 1.64491e-05
31.3891665374 	 3.30897e-06
31.405783354 	 1.4754e-05
31.4224001706 	 2.25067e-05
31.4390169872 	 1.76034e-05
31.4556338038 	 2.30597e-05
31.4722506204 	 3.2125e-05
31.488867437 	 3.00574e-05
31.5054842536 	 3.42896e-05
31.5221010701 	 4.16044e-05
31.5387178867 	 3.5131e-05
31.5553347033 	 2.43643e-05
31.5719515199 	 3.66071e-05
31.5885683365 	 4.08839e-05
31.6051851531 	 4.42446e-05
31.6218019697 	 4.02384e-05
31.6384187863 	 4.99466e-05
31.6550356029 	 4.45568e-05
31.6716524194 	 5.25789e-05
31.688269236 	 5.68727e-05
31.7048860526 	 4.2487e-05
31.7215028692 	 2.65487e-05
31.7381196858 	 2.84492e-05
31.7547365024 	 3.63659e-05
31.771353319 	 4.57813e-05
31.7879701356 	 4.77998e-05
31.8045869522 	 3.49432e-05
31.8212037688 	 3.06251e-05
31.8378205853 	 2.10662e-05
31.8544374019 	 2.26006e-05
31.8710542185 	 2.87213e-05
31.8876710351 	 1.45184e-05
31.9042878517 	 1.20893e-05
31.9209046683 	 2.83855e-05
31.9375214849 	 2.85824e-05
31.9541383015 	 1.18907e-05
31.9707551181 	 1.85987e-05
31.9873719346 	 2.9718e-05
32.0039887512 	 2.02727e-05
32.0206055678 	 9.06064e-06
32.0372223844 	 1.32745e-05
32.053839201 	 1.53085e-05
32.0704560176 	 1.17117e-05
32.0870728342 	 8.79945e-06
32.1036896508 	 6.66517e-06
32.1203064674 	 1.09337e-05
32.136923284 	 2.02725e-05
32.1535401005 	 2.21823e-05
32.1701569171 	 2.44209e-05
32.1867737337 	 1.7883e-05
32.2033905503 	 1.54454e-05
32.2200073669 	 4.21383e-06
32.2366241835 	 4.80138e-06
32.2532410001 	 4.4312e-06
32.2698578167 	 7.68231e-06
32.2864746333 	 3.65383e-06
32.3030914498 	 1.16715e-05
32.3197082664 	 1.56674e-05
32.336325083 	 1.25022e-05
32.3529418996 	 9.75179e-06
32.3695587162 	 4.0044e-06
32.3861755328 	 9.2268e-06
32.4027923494 	 1.31673e-05
32.419409166 	 8.93721e-06
32.4360259826 	 7.82507e-06
32.4526427992 	 1.07847e-05
32.4692596157 	 6.71209e-06
32.4858764323 	 1.86613e-06
32.5024932489 	 7.51023e-06
32.5191100655 	 1.90225e-05
32.5357268821 	 2.23884e-05
32.5523436987 	 1.96614e-05
32.5689605153 	 2.42924e-05
32.5855773319 	 3.42422e-05
32.6021941485 	 3.00652e-05
32.618810965 	 2.82723e-05
32.6354277816 	 2.41771e-05
32.6520445982 	 2.24319e-05
32.6686614148 	 2.35716e-05
32.6852782314 	 1.91763e-05
32.701895048 	 1.30212e-05
32.7185118646 	 8.50992e-06
32.7351286812 	 1.4982e-05
32.7517454978 	 1.62366e-05
32.7683623144 	 1.08317e-05
32.7849791309 	 2.59679e-05
32.8015959475 	 2.84327e-05
32.8182127641 	 2.36908e-05
32.8348295807 	 2.13527e-05
32.8514463973 	 3.74629e-05
32.8680632139 	 4.39938e-05
32.8846800305 	 3.94279e-05
32.9012968471 	 4.15176e-05
32.9179136637 	 4.26163e-05
32.9345304802 	 4.60102e-05
32.9511472968 	 4.38844e-05
32.9677641134 	 3.59824e-05
32.98438093 	 3.13322e-05
33.0009977466 	 2.90205e-05
33.0176145632 	 2.77935e-05
33.0342313798 	 2.03132e-05
33.0508481964 	 2.19463e-05
33.067465013 	 2.47517e-05
33.0840818296 	 2.51566e-05
33.1006986461 	 1.9734e-05
33.1173154627 	 1.08679e-05
33.1339322793 	 8.09903e-06
33.1505490959 	 1.45921e-05
33.1671659125 	 2.56771e-05
33.1837827291 	 1.62373e-05
33.2003995457 	 1.67545e-05
33.2170163623 	 9.90155e-06
33.2336331789 	 4.31526e-06
33.2502499954 	 1.17233e-05
33.266866812 	 1.57965e-05
33.2834836286 	 1.28165e-05
33.3001004452 	 1.301e-05
33.3167172618 	 1.24242e-05
33.3333340784 	 1.10653e-05
33.349950895 	 3.40751e-06
33.3665677116 	 5.40523e-06
33.3831845282 	 4.96772e-06
33.3998013447 	 2.43716e-06
33.4164181613 	 4.92371e-06
33.4330349779 	 6.79396e-06
33.4496517945 	 7.9751e-06
33.4662686111 	 1.94418e-05
33.4828854277 	 2.7963e-05
33.4995022443 	 2.63493e-05
33.5161190609 	 2.16002e-05
33.5327358775 	 1.58343e-05
33.5493526941 	 1.26573e-05
33.5659695106 	 1.70306e-05
33.5825863272 	 2.35114e-05
33.5992031438 	 2.97106e-05
33.6158199604 	 1.78594e-05
33.632436777 	 1.3109e-05
33.6490535936 	 1.90782e-05
33.6656704102 	 1.94461e-05
33.6822872268 	 1.42898e-05
33.6989040434 	 1.39553e-05
33.7155208599 	 2.01964e-05
33.7321376765 	 1.86241e-05
33.7487544931 	 1.6083e-05
33.7653713097 	 1.38762e-05
33.7819881263 	 6.59305e-06
33.7986049429 	 1.09896e-05
33.8152217595 	 7.16756e-06
33.8318385761 	 1.21566e-05
33.8484553927 	 1.36688e-05
33.8650722093 	 1.77573e-05
33.8816890258 	 1.35259e-05
33.8983058424 	 5.91688e-06
33.914922659 	 3.05995e-06
33.9315394756 	 7.45445e-06
33.9481562922 	 7.27627e-06
33.9647731088 	 4.47449e-06
33.9813899254 	 5.88495e-06
33.998006742 	 1.04881e-05
34.0146235586 	 9.65056e-06
34.0312403751 	 1.17163e-05
34.0478571917 	 1.36061e-05
34.0644740083 	 2.10317e-05
34.0810908249 	 2.42342e-05
34.0977076415 	 2.21238e-05
34.1143244581 	 1.97351e-05
34.1309412747 	 2.10584e-05
34.1475580913 	 2.28156e-05
34.1641749079 	 2.00884e-05
34.1807917245 	 1.81445e-05
34.197408541 	 1.37407e-05
34.2140253576 	 2.10506e-05
34.2306421742 	 2.60797e-05
34.2472589908 	 2.98346e-05
34.2638758074 	 2.77246e-05
34.280492624 	 2.56275e-05
34.2971094406 	 2.35366e-05
34.3137262572 	 2.30308e-05
34.3303430738 	 2.02643e-05
34.3469598903 	 2.35129e-05
34.3635767069 	 2.54466e-05
34.3801935235 	 2.3267e-05
34.3968103401 	 2.04329e-05
34.4134271567 	 1.61322e-05
34.4300439733 	 1.70235e-05
34.4466607899 	 1.96817e-05
34.4632776065 	 1.90055e-05
34.4798944231 	 1.7761e-05
34.4965112397 	 1.24804e-05
34.5131280562 	 9.44798e-06
34.5297448728 	 7.77562e-06
34.5463616894 	 5.37758e-06
34.562978506 	 6.88185e-06
34.5795953226 	 1.20473e-05
34.5962121392 	 1.08463e-05
34.6128289558 	 8.25885e-06
34.6294457724 	 4.53663e-06
34.646062589 	 5.23798e-06
34.6626794055 	 1.44298e-06
34.6792962221 	 6.0664e-06
34.6959130387 	 6.56496e-06
34.7125298553 	 4.31663e-06
34.7291466719 	 9.6143e-06
34.7457634885 	 1.21665e-05
34.7623803051 	 8.64234e-06
34.7789971217 	 3.11856e-06
34.7956139383 	 4.49101e-06
34.8122307549 	 5.89602e-06
34.8288475714 	 6.95163e-06
34.845464388 	 1.35166e-06
34.8620812046 	 4.14215e-06
34.8786980212 	 8.28746e-06
34.8953148378 	 6.27328e-06
34.9119316544 	 7.50673e-06
34.928548471 	 9.20819e-06
34.9451652876 	 7.46142e-06
34.9617821042 	 6.249e-06
34.9783989207 	 1.0825e-05
34.9950157373 	 1.06643e-05
35.0116325539 	 1.13962e-05
35.0282493705 	 1.09374e-05
35.0448661871 	 1.3237e-05
35.0614830037 	 1.40749e-05
35.0780998203 	 1.12323e-05
35.0947166369 	 5.43046e-06
35.1113334535 	 2.65532e-06
35.12795027 	 5.13041e-06
35.1445670866 	 5.41292e-06
35.1611839032 	 4.25127e-06
35.1778007198 	 1.2991e-06
35.1944175364 	 4.36261e-06
35.211034353 	 7.82207e-06
35.2276511696 	 1.1147e-05
35.2442679862 	 6.2469e-06
35.2608848028 	 4.74583e-06
35.2775016194 	 3.78009e-06
35.2941184359 	 7.23314e-06
35.3107352525 	 5.72002e-06
35.3273520691 	 5.01245e-06
35.3439688857 	 5.22532e-06
35.3605857023 	 5.83057e-06
35.3772025189 	 4.92605e-06
35.3938193355 	 3.17499e-06
35.4104361521 	 4.42476e-06
35.4270529687 	 5.29449e-06
35.4436697852 	 6.51711e-06
35.4602866018 	 4.74298e-06
35.4769034184 	 5.28424e-06
35.493520235 	 2.99969e-06
35.5101370516 	 1.13667e-06
35.5267538682 	 2.27856e-06
35.5433706848 	 4.91898e-06
35.5599875014 	 4.23329e-06
35.576604318 	 4.63921e-06
35.5932211346 	 4.69778e-06
35.6098379511 	 5.23744e-06
35.6264547677 	 8.38317e-06
35.6430715843 	 6.99486e-06
35.6596884009 	 3.98489e-06
35.6763052175 	 4.76101e-06
35.6929220341 	 6.12341e-06
35.7095388507 	 5.36993e-06
35.7261556673 	 4.62845e-06
35.7427724839 	 4.14728e-06
35.7593893004 	 2.48298e-06
35.776006117 	 4.45899e-07
35.7926229336 	 2.56575e-06
35.8092397502 	 3.81794e-06
35.8258565668 	 3.38468e-06
35.8424733834 	 2.07007e-06
35.8590902 	 2.12034e-06
35.8757070166 	 4.83077e-06
35.8923238332 	 6.39856e-06
35.9089406498 	 7.4442e-06
35.9255574663 	 5.94734e-06
35.9421742829 	 3.90684e-06
35.9587910995 	 3.66257e-06
35.9754079161 	 3.52105e-06
35.9920247327 	 2.34208e-06
36.0086415493 	 1.77065e-06
36.0252583659 	 1.37233e-06
36.0418751825 	 9.63876e-07
36.0584919991 	 1.45149e-06
36.0751088156 	 5.95959e-07
36.0917256322 	 4.81158e-07
36.1083424488 	 1.06916e-06
36.1249592654 	 9.21075e-07
36.141576082 	 1.2896e-06
36.1581928986 	 6.08782e-07
36.1748097152 	 1.18285e-06
36.1914265318 	 1.26977e-06
36.2080433484 	 7.43338e-07
36.224660165 	 1.72346e-06
36.2412769815 	 1.63443e-06
36.2578937981 	 2.90947e-06
36.2745106147 	 2.81374e-06
36.2911274313 	 4.1386e-06
36.3077442479 	 2.97763e-06
36.3243610645 	 1.50474e-06
36.3409778811 	 1.59141e-06
36.3575946977 	 2.81377e-06
36.3742115143 	 3.09647e-06
36.3908283308 	 2.52845e-06
36.4074451474 	 1.33128e-06
36.424061964 	 1.41811e-06
36.4406787806 	 1.52719e-06
36.4572955972 	 2.20091e-06
36.4739124138 	 1.45055e-06
36.4905292304 	 1.30798e-06
36.507146047 	 1.13683e-06
36.5237628636 	 1.00648e-06
36.5403796802 	 2.36709e-06
36.5569964967 	 2.32372e-06
36.5736133133 	 2.40125e-06
36.5902301299 	 2.5391e-06
36.6068469465 	 2.97347e-06
36.6234637631 	 1.93409e-06
36.6400805797 	 1.62585e-06
36.6566973963 	 2.57518e-06
36.6733142129 	 2.60753e-06
36.6899310295 	 2.87257e-06
36.706547846 	 3.33928e-06
36.7231646626 	 3.02608e-06
36.7397814792 	 2.7395e-06
36.7563982958 	 2.32016e-06
36.7730151124 	 2.06419e-06
36.789631929 	 2.17671e-06
36.8062487456 	 2.67542e-06
36.8228655622 	 2.46567e-06
36.8394823788 	 2.08379e-06
36.8560991954 	 1.7965e-06
36.8727160119 	 2.09136e-06
36.8893328285 	 1.69761e-06
36.9059496451 	 1.9198e-06
36.9225664617 	 1.68013e-06
36.9391832783 	 9.25253e-07
36.9558000949 	 5.04273e-07
36.9724169115 	 1.16922e-06
36.9890337281 	 1.55968e-06
37.0056505447 	 1.24202e-06
37.0222673612 	 1.07089e-06
37.0388841778 	 1.60499e-06
37.0555009944 	 1.91762e-06
37.072117811 	 1.24992e-06
37.0887346276 	 1.63569e-06
37.1053514442 	 1.69032e-06
37.1219682608 	 1.21234e-06
37.1385850774 	 1.82062e-06
37.155201894 	 1.21659e-06
37.1718187105 	 1.13686e-06
37.1884355271 	 1.13356e-06
37.2050523437 	 1.23032e-06
37.2216691603 	 1.6763e-06
37.2382859769 	 1.27307e-06
37.2549027935 	 5.701e-07
37.2715196101 	 1.50481e-06
37.2881364267 	 1.7183e-06
37.3047532433 	 1.77207e-06
37.3213700599 	 1.90699e-06
37.3379868764 	 1.33927e-06
37.354603693 	 1.08318e-06
37.3712205096 	 6.08957e-07
37.3878373262 	 1.13166e-07
37.4044541428 	 4.44011e-07
37.4210709594 	 8.0154e-07
37.437687776 	 8.47998e-07
37.4543045926 	 6.37534e-07
37.4709214092 	 7.92744e-07
37.4875382257 	 6.80488e-07
37.5041550423 	 5.90216e-07
37.5207718589 	 2.9671e-07
37.5373886755 	 4.92092e-07
37.5540054921 	 5.87789e-07
37.5706223087 	 2.13099e-07
37.5872391253 	 4.72294e-07
37.6038559419 	 8.83447e-07
37.6204727585 	 1.08957e-06
37.6370895751 	 9.96321e-07
37.6537063916 	 8.34061e-07
37.6703232082 	 8.09854e-07
37.6869400248 	 1.13707e-06
37.7035568414 	 1.12827e-06
37.720173658 	 9.3199e-07
37.7367904746 	 1.10283e-06
37.7534072912 	 1.35443e-06
37.7700241078 	 1.17718e-06
37.7866409244 	 1.05376e-06
37.8032577409 	 1.50872e-06
37.8198745575 	 1.48249e-06
37.8364913741 	 1.41465e-06
37.8531081907 	 1.59584e-06
37.8697250073 	 1.49782e-06
37.8863418239 	 1.52464e-06
37.9029586405 	 1.58567e-06
37.9195754571 	 1.39866e-06
37.9361922737 	 1.38126e-06
37.9528090903 	 1.62728e-06
37.9694259068 	 1.68518e-06
37.9860427234 	 1.54691e-06
38.00265954 	 1.07498e-06
38.0192763566 	 1.08781e-06
38.0358931732 	 9.4951e-07
38.0525099898 	 5.48253e-07
38.0691268064 	 8.16841e-07
38.085743623 	 9.31387e-07
38.1023604396 	 8.5771e-07
38.1189772561 	 6.91664e-07
38.1355940727 	 6.06454e-07
38.1522108893 	 6.02182e-07
38.1688277059 	 6.84038e-07
38.1854445225 	 5.71632e-07
38.2020613391 	 4.93628e-07
38.2186781557 	 4.5566e-07
38.2352949723 	 3.16682e-07
38.2519117889 	 4.68371e-07
38.2685286055 	 5.73013e-07
38.285145422 	 7.57706e-07
38.3017622386 	 7.29222e-07
38.3183790552 	 6.13236e-07
38.3349958718 	 3.38344e-07
38.3516126884 	 5.5112e-07
38.368229505 	 5.53091e-07
38.3848463216 	 5.36881e-07
38.4014631382 	 5.57225e-07
38.4180799548 	 4.99834e-07
38.4346967713 	 6.54578e-07
38.4513135879 	 6.67902e-07
38.4679304045 	 5.49836e-07
38.4845472211 	 5.07904e-07
38.5011640377 	 4.32728e-07
38.5177808543 	 5.08018e-07
38.5343976709 	 4.5201e-07
38.5510144875 	 3.1911e-07
38.5676313041 	 3.82419e-07
38.5842481207 	 6.63902e-07
38.6008649372 	 8.44234e-07
38.6174817538 	 7.0785e-07
38.6340985704 	 5.61712e-07
38.650715387 	 5.52596e-07
38.6673322036 	 5.57532e-07
38.6839490202 	 6.95549e-07
38.7005658368 	 7.19412e-07
38.7171826534 	 6.60773e-07
38.73379947 	 1.04189e-06
38.7504162865 	 1.19276e-06
38.7670331031 	 1.07311e-06
38.7836499197 	 9.03961e-07
38.8002667363 	 9.31687e-07
38.8168835529 	 1.03078e-06
38.8335003695 	 1.02791e-06
38.8501171861 	 1.08807e-06
38.8667340027 	 1.09564e-06
38.8833508193 	 8.87588e-07
38.8999676358 	 7.12908e-07
38.9165844524 	 9.15385e-07
38.933201269 	 9.30957e-07
38.9498180856 	 8.95976e-07
38.9664349022 	 9.06084e-07
38.9830517188 	 9.43128e-07
38.9996685354 	 8.68164e-07
39.016285352 	 6.83244e-07
39.0329021686 	 5.23313e-07
39.0495189852 	 5.77165e-07
39.0661358017 	 7.71439e-07
39.0827526183 	 8.18371e-07
39.0993694349 	 8.08381e-07
39.1159862515 	 7.70223e-07
39.1326030681 	 6.32376e-07
39.1492198847 	 6.39481e-07
39.1658367013 	 7.41279e-07
39.1824535179 	 5.91501e-07
39.1990703345 	 5.3746e-07
39.215687151 	 4.99269e-07
39.2323039676 	 5.51967e-07
39.2489207842 	 5.31847e-07
39.2655376008 	 4.99755e-07
39.2821544174 	 6.37951e-07
39.298771234 	 6.13568e-07
39.3153880506 	 5.89998e-07
39.3320048672 	 6.48086e-07
39.3486216838 	 7.0575e-07
39.3652385004 	 7.93492e-07
39.3818553169 	 8.07586e-07
39.3984721335 	 7.32921e-07
39.4150889501 	 7.0112e-07
39.4317057667 	 6.0141e-07
39.4483225833 	 6.14851e-07
39.4649393999 	 7.14347e-07
39.4815562165 	 7.8326e-07
39.4981730331 	 7.9995e-07
39.5147898497 	 8.55513e-07
39.5314066662 	 7.20788e-07
39.5480234828 	 6.50265e-07
39.5646402994 	 6.85464e-07
39.581257116 	 7.75202e-07
39.5978739326 	 7.8527e-07
39.6144907492 	 8.30342e-07
39.6311075658 	 7.63444e-07
39.6477243824 	 7.38418e-07
39.664341199 	 8.38413e-07
39.6809580156 	 9.56651e-07
39.6975748321 	 9.74521e-07
39.7141916487 	 8.1075e-07
39.7308084653 	 7.33146e-07
39.7474252819 	 7.25497e-07
39.7640420985 	 6.39603e-07
39.7806589151 	 6.00136e-07
39.7972757317 	 6.28072e-07
39.8138925483 	 6.29568e-07
39.8305093649 	 7.41518e-07
39.8471261814 	 8.10342e-07
39.863742998 	 8.05412e-07
39.8803598146 	 6.28312e-07
39.8969766312 	 5.39755e-07
39.9135934478 	 6.16324e-07
39.9302102644 	 6.20914e-07
39.946827081 	 5.90908e-07
39.9634438976 	 4.555e-07
39.9800607142 	 4.23283e-07
39.9966775308 	 4.79403e-07
40.0132943473 	 4.78653e-07
40.0299111639 	 3.62964e-07
40.0465279805 	 3.79654e-07
40.0631447971 	 4.61935e-07
40.0797616137 	 5.02553e-07
40.0963784303 	 5.31052e-07
40.1129952469 	 5.15533e-07
40.1296120635 	 5.72525e-07
40.1462288801 	 6.37496e-07
40.1628456966 	 6.58648e-07
40.1794625132 	 6.23426e-07
40.1960793298 	 5.80618e-07
40.2126961464 	 6.48862e-07
40.229312963 	 7.54561e-07
40.2459297796 	 7.81872e-07
40.2625465962 	 7.58148e-07
40.2791634128 	 8.07201e-07
40.2957802294 	 7.71754e-07
40.312397046 	 7.8227e-07
40.3290138625 	 7.9111e-07
40.3456306791 	 7.70867e-07
40.3622474957 	 7.59072e-07
40.3788643123 	 8.79964e-07
40.3954811289 	 9.52927e-07
40.4120979455 	 9.38794e-07
40.4287147621 	 8.83623e-07
40.4453315787 	 8.46164e-07
40.4619483953 	 7.76112e-07
40.4785652118 	 7.14857e-07
40.4951820284 	 8.16576e-07
40.511798845 	 9.06745e-07
40.5284156616 	 9.01351e-07
40.5450324782 	 8.12192e-07
40.5616492948 	 7.33808e-07
40.5782661114 	 5.95987e-07
40.594882928 	 5.90162e-07
40.6114997446 	 6.61694e-07
40.6281165612 	 7.51593e-07
40.6447333777 	 7.79729e-07
40.6613501943 	 7.39412e-07
40.6779670109 	 7.75941e-07
40.6945838275 	 7.4529e-07
40.7112006441 	 7.52194e-07
40.7278174607 	 7.60468e-07
40.7444342773 	 7.50848e-07
40.7610510939 	 7.01181e-07
40.7776679105 	 6.877e-07
40.794284727 	 6.84386e-07
40.8109015436 	 7.28603e-07
40.8275183602 	 7.49238e-07
40.8441351768 	 7.29367e-07
40.8607519934 	 6.3109e-07
40.87736881 	 5.74237e-07
40.8939856266 	 5.70166e-07
40.9106024432 	 6.22277e-07
40.9272192598 	 6.74219e-07
40.9438360763 	 6.03175e-07
40.9604528929 	 6.04823e-07
40.9770697095 	 6.1509e-07
40.9936865261 	 6.15785e-07
41.0103033427 	 6.2153e-07
41.0269201593 	 6.40641e-07
41.0435369759 	 6.94087e-07
41.0601537925 	 7.11855e-07
41.0767706091 	 6.66237e-07
41.0933874257 	 6.34323e-07
41.1100042422 	 5.98871e-07
41.1266210588 	 5.70233e-07
41.1432378754 	 6.21741e-07
41.159854692 	 6.44705e-07
41.1764715086 	 6.20213e-07
41.1930883252 	 6.37689e-07
41.2097051418 	 6.87657e-07
41.2263219584 	 7.05331e-07
41.242938775 	 6.80499e-07
41.2595555915 	 6.65127e-07
41.2761724081 	 6.71275e-07
41.2927892247 	 7.20249e-07
41.3094060413 	 7.377e-07
41.3260228579 	 7.5154e-07
41.3426396745 	 7.19557e-07
41.3592564911 	 7.40988e-07
41.3758733077 	 7.92653e-07
41.3924901243 	 7.734e-07
41.4091069409 	 7.50641e-07
41.4257237574 	 7.51068e-07
41.442340574 	 7.31432e-07
41.4589573906 	 7.41919e-07
41.4755742072 	 7.84086e-07
41.4921910238 	 7.78483e-07
41.5088078404 	 7.56856e-07
41.525424657 	 7.42469e-07
41.5420414736 	 7.36517e-07
41.5586582902 	 7.23992e-07
41.5752751067 	 7.11372e-07
41.5918919233 	 7.05649e-07
41.6085087399 	 7.02785e-07
41.6251255565 	 6.9171e-07
41.6417423731 	 6.82569e-07
41.6583591897 	 7.09153e-07
41.6749760063 	 7.1664e-07
41.6915928229 	 7.19238e-07
41.7082096395 	 7.03202e-07
41.7248264561 	 6.90846e-07
41.7414432726 	 6.9356e-07
41.7580600892 	 6.93775e-07
41.7746769058 	 7.13394e-07
41.7912937224 	 7.02523e-07
41.807910539 	 7.05639e-07
41.8245273556 	 7.09622e-07
41.8411441722 	 6.91844e-07
41.8577609888 	 6.78403e-07
41.8743778054 	 6.89986e-07
41.8909946219 	 7.01458e-07
41.9076114385 	 6.66195e-07
41.9242282551 	 6.60875e-07
41.9408450717 	 6.84165e-07
41.9574618883 	 6.93184e-07
41.9740787049 	 6.78611e-07
41.9906955215 	 6.59327e-07
42.0073123381 	 6.48312e-07
42.0239291547 	 6.63741e-07
42.0405459713 	 6.83707e-07
42.0571627878 	 6.78633e-07
42.0737796044 	 6.7855e-07
42.090396421 	 6.9509e-07
42.1070132376 	 7.04646e-07
42.1236300542 	 7.11141e-07
42.1402468708 	 7.10865e-07
42.1568636874 	 7.02102e-07
42.173480504 	 6.97782e-07
42.1900973206 	 7.06995e-07
42.2067141371 	 7.15587e-07
42.2233309537 	 7.07925e-07
42.2399477703 	 6.98239e-07
42.2565645869 	 7.03299e-07
42.2731814035 	 7.13499e-07
42.2897982201 	 7.08092e-07
42.3064150367 	 7.10441e-07
42.3230318533 	 7.24936e-07
42.3396486699 	 7.19681e-07
42.3562654865 	 7.28082e-07
42.372882303 	 7.12166e-07
42.3894991196 	 7.06244e-07
42.4061159362 	 6.97681e-07
42.4227327528 	 6.85013e-07
42.4393495694 	 6.86577e-07
42.455966386 	 6.88516e-07
42.4725832026 	 6.92646e-07
42.4892000192 	 6.88903e-07
42.5058168358 	 6.88883e-07
42.5224336523 	 6.83888e-07
42.5390504689 	 6.84304e-07
42.5556672855 	 6.73512e-07
42.5722841021 	 6.71847e-07
42.5889009187 	 6.85681e-07
42.6055177353 	 6.79475e-07
42.6221345519 	 6.86598e-07
42.6387513685 	 6.9761e-07
42.6553681851 	 6.91989e-07
42.6719850016 	 6.88771e-07
42.6886018182 	 6.92384e-07
42.7052186348 	 7.02324e-07
42.7218354514 	 6.92629e-07
42.738452268 	 6.87463e-07
42.7550690846 	 6.83974e-07
42.7716859012 	 6.90855e-07
42.7883027178 	 7.03098e-07
42.8049195344 	 7.12718e-07
42.821536351 	 7.14122e-07
42.8381531675 	 7.1069e-07
42.8547699841 	 6.99279e-07
42.8713868007 	 6.95232e-07
42.8880036173 	 7.00102e-07
42.9046204339 	 7.00158e-07
42.9212372505 	 7.02037e-07
42.9378540671 	 6.9905e-07
42.9544708837 	 7.07516e-07
42.9710877003 	 7.14743e-07
42.9877045168 	 7.19036e-07
43.0043213334 	 7.18281e-07
43.02093815 	 7.12853e-07
43.0375549666 	 7.06205e-07
43.0541717832 	 7.08102e-07
43.0707885998 	 7.13149e-07
43.0874054164 	 7.18029e-07
43.104022233 	 7.20511e-07
43.1206390496 	 7.14357e-07
43.1372558662 	 7.10497e-07
43.1538726827 	 7.04486e-07
43.1704894993 	 7.06281e-07
43.1871063159 	 7.1115e-07
43.2037231325 	 7.13617e-07
43.2203399491 	 7.0866e-07
43.2369567657 	 7.05001e-07
43.2535735823 	 7.02025e-07
43.2701903989 	 7.03938e-07
43.2868072155 	 7.09262e-07
43.303424032 	 7.05156e-07
43.3200408486 	 7.03218e-07
43.3366576652 	 7.02918e-07
43.3532744818 	 7.03743e-07
43.3698912984 	 7.0327e-07
43.386508115 	 7.04073e-07
43.4031249316 	 7.02637e-07
43.4197417482 	 7.02021e-07
43.4363585648 	 7.02652e-07
43.4529753814 	 7.03039e-07
43.4695921979 	 7.07012e-07
43.4862090145 	 7.05677e-07
43.5028258311 	 7.05938e-07
43.5194426477 	 7.0633e-07
43.5360594643 	 7.04111e-07
43.5526762809 	 6.98584e-07
43.5692930975 	 6.95885e-07
43.5859099141 	 6.94981e-07
43.6025267307 	 6.95556e-07
43.6191435472 	 6.98971e-07
43.6357603638 	 6.99956e-07
43.6523771804 	 7.03626e-07
43.668993997 	 7.02886e-07
43.6856108136 	 7.02241e-07
43.7022276302 	 7.03895e-07
43.7188444468 	 7.04258e-07
43.7354612634 	 7.06831e-07
43.75207808 	 7.09609e-07
43.7686948966 	 7.08891e-07
43.7853117131 	 7.05912e-07
43.8019285297 	 7.04278e-07
43.8185453463 	 7.0356e-07
43.8351621629 	 7.03212e-07
43.8517789795 	 7.04974e-07
43.8683957961 	 7.05338e-07
43.8850126127 	 7.01919e-07
43.9016294293 	 6.99835e-07
43.9182462459 	 7.00155e-07
43.9348630624 	 7.0105e-07
43.951479879 	 7.02864e-07
43.9680966956 	 7.04516e-07
43.9847135122 	 7.07183e-07
44.0013303288 	 7.07599e-07
44.0179471454 	 7.07101e-07
44.034563962 	 7.05694e-07
44.0511807786 	 7.06421e-07
44.0677975952 	 7.0711e-07
44.0844144118 	 7.07459e-07
44.1010312283 	 7.07862e-07
44.1176480449 	 7.06561e-07
44.1342648615 	 7.07094e-07
44.1508816781 	 7.06638e-07
44.1674984947 	 7.05481e-07
44.1841153113 	 7.0523e-07
44.2007321279 	 7.04648e-07
44.2173489445 	 7.05444e-07
44.2339657611 	 7.05592e-07
44.2505825776 	 7.05785e-07
44.2671993942 	 7.05852e-07
44.2838162108 	 7.06783e-07
44.3004330274 	 7.0753e-07
44.317049844 	 7.06751e-07
44.3336666606 	 7.0731e-07
44.3502834772 	 7.08507e-07
44.3669002938 	 7.09249e-07
44.3835171104 	 7.09776e-07
44.400133927 	 7.08571e-07
44.4167507435 	 7.07358e-07
44.4333675601 	 7.07079e-07
44.4499843767 	 7.07647e-07
44.4666011933 	 7.07586e-07
44.4832180099 	 7.06368e-07
44.4998348265 	 7.06715e-07
44.5164516431 	 7.07835e-07
44.5330684597 	 7.0816e-07
44.5496852763 	 7.07009e-07
44.5663020928 	 7.06476e-07
44.5829189094 	 7.07048e-07
44.599535726 	 7.08307e-07
44.6161525426 	 7.0884e-07
44.6327693592 	 7.08761e-07
44.6493861758 	 7.0873e-07
44.6660029924 	 7.0826e-07
44.682619809 	 7.08103e-07
44.6992366256 	 7.0831e-07
44.7158534421 	 7.09536e-07
44.7324702587 	 7.09804e-07
44.7490870753 	 7.09458e-07
44.7657038919 	 7.08625e-07
44.7823207085 	 7.08348e-07
44.7989375251 	 7.08889e-07
44.8155543417 	 7.09232e-07
44.8321711583 	 7.09337e-07
44.8487879749 	 7.08849e-07
44.8654047915 	 7.08579e-07
44.882021608 	 7.08293e-07
44.8986384246 	 7.08541e-07
44.9152552412 	 7.08599e-07
44.9318720578 	 7.08665e-07
44.9484888744 	 7.08558e-07
44.965105691 	 7.08975e-07
44.9817225076 	 7.0929e-07
44.9983393242 	 7.08861e-07
45.0149561408 	 7.08751e-07
45.0315729573 	 7.08531e-07
45.0481897739 	 7.0848e-07
45.0648065905 	 7.08649e-07
45.0814234071 	 7.0905e-07
45.0980402237 	 7.08942e-07
45.1146570403 	 7.09049e-07
45.1312738569 	 7.09312e-07
45.1478906735 	 7.0936e-07
45.1645074901 	 7.09228e-07
45.1811243067 	 7.09114e-07
45.1977411232 	 7.09468e-07
45.2143579398 	 7.09793e-07
45.2309747564 	 7.09776e-07
45.247591573 	 7.09751e-07
45.2642083896 	 7.0973e-07
45.2808252062 	 7.0991e-07
45.2974420228 	 7.0993e-07
45.3140588394 	 7.10032e-07
45.330675656 	 7.09894e-07
45.3472924725 	 7.09821e-07
45.3639092891 	 7.09866e-07
45.3805261057 	 7.10128e-07
45.3971429223 	 7.10145e-07
45.4137597389 	 7.10125e-07
45.4303765555 	 7.10031e-07
45.4469933721 	 7.10163e-07
45.4636101887 	 7.10214e-07
45.4802270053 	 7.10114e-07
45.4968438219 	 7.10033e-07
45.5134606384 	 7.09979e-07
45.530077455 	 7.10034e-07
45.5466942716 	 7.1028e-07
45.5633110882 	 7.1042e-07
45.5799279048 	 7.10536e-07
45.5965447214 	 7.10717e-07
45.613161538 	 7.10753e-07
45.6297783546 	 7.10784e-07
45.6463951712 	 7.10784e-07
45.6630119877 	 7.10903e-07
45.6796288043 	 7.10857e-07
45.6962456209 	 7.10935e-07
45.7128624375 	 7.10806e-07
45.7294792541 	 7.10917e-07
45.7460960707 	 7.11119e-07
45.7627128873 	 7.10893e-07
45.7793297039 	 7.10843e-07
45.7959465205 	 7.11003e-07
45.8125633371 	 7.11046e-07
45.8291801536 	 7.11044e-07
45.8457969702 	 7.11187e-07
45.8624137868 	 7.11275e-07
45.8790306034 	 7.1122e-07
45.89564742 	 7.11225e-07
45.9122642366 	 7.11358e-07
45.9288810532 	 7.11314e-07
45.9454978698 	 7.11438e-07
45.9621146864 	 7.11409e-07
45.9787315029 	 7.11371e-07
45.9953483195 	 7.11347e-07
46.0119651361 	 7.11436e-07
46.0285819527 	 7.11649e-07
46.0451987693 	 7.1168e-07
46.0618155859 	 7.11824e-07
46.0784324025 	 7.11875e-07
46.0950492191 	 7.11871e-07
46.1116660357 	 7.11927e-07
46.1282828523 	 7.11794e-07
46.1448996688 	 7.11889e-07
46.1615164854 	 7.12092e-07
46.178133302 	 7.11962e-07
46.1947501186 	 7.11894e-07
46.2113669352 	 7.11921e-07
46.2279837518 	 7.12119e-07
46.2446005684 	 7.11995e-07
46.261217385 	 7.12166e-07
46.2778342016 	 7.12227e-07
46.2944510181 	 7.12283e-07
46.3110678347 	 7.12338e-07
46.3276846513 	 7.12308e-07
46.3443014679 	 7.12292e-07
46.3609182845 	 7.12333e-07
46.3775351011 	 7.123e-07
46.3941519177 	 7.12199e-07
46.4107687343 	 7.12426e-07
46.4273855509 	 7.12596e-07
46.4440023674 	 7.1246e-07
46.460619184 	 7.12584e-07
46.4772360006 	 7.12697e-07
46.4938528172 	 7.12704e-07
46.5104696338 	 7.1259e-07
46.5270864504 	 7.12607e-07
46.543703267 	 7.12604e-07
46.5603200836 	 7.12595e-07
46.5769369002 	 7.12577e-07
46.5935537168 	 7.1266e-07
46.6101705333 	 7.12677e-07
46.6267873499 	 7.12912e-07
46.6434041665 	 7.12913e-07
46.6600209831 	 7.13014e-07
46.6766377997 	 7.12989e-07
46.6932546163 	 7.13038e-07
46.7098714329 	 7.13036e-07
46.7264882495 	 7.13107e-07
46.7431050661 	 7.13078e-07
46.7597218826 	 7.12993e-07
46.7763386992 	 7.13175e-07
46.7929555158 	 7.13228e-07
46.8095723324 	 7.13086e-07
46.826189149 	 7.13102e-07
46.8428059656 	 7.13155e-07
46.8594227822 	 7.13107e-07
46.8760395988 	 7.13159e-07
46.8926564154 	 7.13207e-07
46.909273232 	 7.13318e-07
46.9258900485 	 7.1328e-07
46.9425068651 	 7.13259e-07
46.9591236817 	 7.13404e-07
46.9757404983 	 7.1356e-07
46.9923573149 	 7.13576e-07
47.0089741315 	 7.13621e-07
47.0255909481 	 7.13514e-07
47.0422077647 	 7.13507e-07
47.0588245813 	 7.13478e-07
47.0754413978 	 7.13661e-07
47.0920582144 	 7.13721e-07
47.108675031 	 7.13734e-07
47.1252918476 	 7.13825e-07
47.1419086642 	 7.13918e-07
47.1585254808 	 7.13866e-07
47.1751422974 	 7.13823e-07
47.191759114 	 7.13714e-07
47.2083759306 	 7.13749e-07
47.2249927472 	 7.13582e-07
47.2416095637 	 7.13737e-07
47.2582263803 	 7.13798e-07
47.2748431969 	 7.13839e-07
47.2914600135 	 7.13857e-07
47.3080768301 	 7.13791e-07
47.3246936467 	 7.13869e-07
47.3413104633 	 7.14057e-07
47.3579272799 	 7.14154e-07
47.3745440965 	 7.14201e-07
47.391160913 	 7.14206e-07
47.4077777296 	 7.14258e-07
47.4243945462 	 7.14387e-07
47.4410113628 	 7.14334e-07
47.4576281794 	 7.14267e-07
47.474244996 	 7.14251e-07
47.4908618126 	 7.14253e-07
47.5074786292 	 7.14346e-07
47.5240954458 	 7.14403e-07
47.5407122624 	 7.14365e-07
47.5573290789 	 7.14397e-07
47.5739458955 	 7.14425e-07
47.5905627121 	 7.14318e-07
47.6071795287 	 7.14497e-07
47.6237963453 	 7.14665e-07
47.6404131619 	 7.14506e-07
47.6570299785 	 7.14381e-07
47.6736467951 	 7.14411e-07
47.6902636117 	 7.14574e-07
47.7068804282 	 7.14711e-07
47.7234972448 	 7.14683e-07
47.7401140614 	 7.14563e-07
47.756730878 	 7.14642e-07
47.7733476946 	 7.14614e-07
47.7899645112 	 7.14511e-07
47.8065813278 	 7.14508e-07
47.8231981444 	 7.14698e-07
47.839814961 	 7.14571e-07
47.8564317776 	 7.14523e-07
47.8730485941 	 7.14816e-07
47.8896654107 	 7.1489e-07
47.9062822273 	 7.14581e-07
47.9228990439 	 7.14597e-07
47.9395158605 	 7.14683e-07
47.9561326771 	 7.14831e-07
47.9727494937 	 7.14771e-07
47.9893663103 	 7.14872e-07
48.0059831269 	 7.15086e-07
48.0225999434 	 7.1509e-07
48.03921676 	 7.15048e-07
48.0558335766 	 7.15136e-07
48.0724503932 	 7.1521e-07
48.0890672098 	 7.14934e-07
48.1056840264 	 7.14938e-07
48.122300843 	 7.15052e-07
48.1389176596 	 7.15027e-07
48.1555344762 	 7.15023e-07
48.1721512928 	 7.15184e-07
48.1887681093 	 7.1511e-07
48.2053849259 	 7.15e-07
48.2220017425 	 7.15169e-07
48.2386185591 	 7.15257e-07
48.2552353757 	 7.15235e-07
48.2718521923 	 7.15069e-07
48.2884690089 	 7.15063e-07
48.3050858255 	 7.15162e-07
48.3217026421 	 7.15008e-07
48.3383194586 	 7.14817e-07
48.3549362752 	 7.15028e-07
48.3715530918 	 7.15252e-07
48.3881699084 	 7.15312e-07
48.404786725 	 7.15234e-07
48.4214035416 	 7.15332e-07
48.4380203582 	 7.1551e-07
48.4546371748 	 7.15401e-07
48.4712539914 	 7.15269e-07
48.4878708079 	 7.15295e-07
48.5044876245 	 7.15461e-07
48.5211044411 	 7.15178e-07
48.5377212577 	 7.15252e-07
48.5543380743 	 7.15416e-07
48.5709548909 	 7.15482e-07
48.5875717075 	 7.15435e-07
48.6041885241 	 7.15398e-07
48.6208053407 	 7.15437e-07
48.6374221573 	 7.15585e-07
48.6540389738 	 7.15598e-07
48.6706557904 	 7.1563e-07
48.687272607 	 7.15626e-07
48.7038894236 	 7.15533e-07
48.7205062402 	 7.15397e-07
48.7371230568 	 7.15493e-07
48.7537398734 	 7.15693e-07
48.77035669 	 7.15689e-07
48.7869735066 	 7.15809e-07
48.8035903231 	 7.15855e-07
48.8202071397 	 7.15745e-07
48.8368239563 	 7.15603e-07
48.8534407729 	 7.15684e-07
48.8700575895 	 7.15604e-07
48.8866744061 	 7.15564e-07
48.9032912227 	 7.15656e-07
48.9199080393 	 7.15703e-07
48.9365248559 	 7.15763e-07
48.9531416725 	 7.15796e-07
48.969758489 	 7.15669e-07
48.9863753056 	 7.15601e-07
49.0029921222 	 7.15626e-07
49.0196089388 	 7.15755e-07
49.0362257554 	 7.15675e-07
49.052842572 	 7.15731e-07
49.0694593886 	 7.15897e-07
49.0860762052 	 7.15974e-07
49.1026930218 	 7.15839e-07
49.1193098383 	 7.1581e-07
49.1359266549 	 7.15891e-07
49.1525434715 	 7.15665e-07
49.1691602881 	 7.15478e-07
49.1857771047 	 7.15718e-07
49.2023939213 	 7.15741e-07
49.2190107379 	 7.15709e-07
49.2356275545 	 7.1585e-07
49.2522443711 	 7.16033e-07
49.2688611877 	 7.16105e-07
49.2854780042 	 7.15891e-07
49.3020948208 	 7.15953e-07
49.3187116374 	 7.15951e-07
49.335328454 	 7.15794e-07
49.3519452706 	 7.15685e-07
49.3685620872 	 7.15855e-07
49.3851789038 	 7.1598e-07
49.4017957204 	 7.1594e-07
49.418412537 	 7.15843e-07
49.4350293535 	 7.15944e-07
49.4516461701 	 7.15957e-07
49.4682629867 	 7.1589e-07
49.4848798033 	 7.15881e-07
49.5014966199 	 7.15893e-07
49.5181134365 	 7.15894e-07
49.5347302531 	 7.15934e-07
49.5513470697 	 7.15928e-07
49.5679638863 	 7.1585e-07
49.5845807029 	 7.15928e-07
49.6011975194 	 7.15922e-07
49.617814336 	 7.15857e-07
49.6344311526 	 7.15954e-07
49.6510479692 	 7.16001e-07
49.6676647858 	 7.15996e-07
49.6842816024 	 7.16082e-07
49.700898419 	 7.16219e-07
49.7175152356 	 7.1615e-07
49.7341320522 	 7.16091e-07
49.7507488687 	 7.16006e-07
49.7673656853 	 7.16122e-07
49.7839825019 	 7.1608e-07
49.8005993185 	 7.1601e-07
49.8172161351 	 7.16149e-07
49.8338329517 	 7.16076e-07
49.8504497683 	 7.16075e-07
49.8670665849 	 7.16059e-07
49.8836834015 	 7.16065e-07
49.9003002181 	 7.15973e-07
49.9169170346 	 7.15955e-07
49.9335338512 	 7.15975e-07
49.9501506678 	 7.16014e-07
49.9667674844 	 7.15964e-07
49.983384301 	 7.15888e-07
50.0000011176 	 7.15776e-07
