0.0 	 3.22182e-05
0.108342364285 	 0.000118643
0.21668472857 	 0.000899222
0.325027092855 	 0.00104805
0.433369457141 	 0.000699224
0.541711821426 	 0.00221909
0.650054185711 	 0.00104988
0.758396549996 	 0.000573262
0.866738914281 	 0.00141179
0.975081278566 	 0.000228285
1.08342364285 	 0.000145499
1.19176600714 	 0.00018614
1.30010837142 	 0.000124941
1.40845073571 	 0.000309
1.51679309999 	 0.000221764
1.62513546428 	 0.00020122
1.73347782856 	 0.000216938
1.84182019285 	 6.34706e-05
1.95016255713 	 0.000182107
2.05850492142 	 3.6132e-05
2.1668472857 	 0.000236577
2.27518964999 	 0.000210659
2.38353201427 	 0.000156013
2.49187437856 	 0.000286596
2.60021674284 	 0.000250882
2.70855910713 	 5.39629e-05
2.81690147141 	 0.000153042
2.9252438357 	 9.46399e-05
3.03358619998 	 7.51921e-05
3.14192856427 	 6.54495e-05
3.25027092855 	 0.000126762
3.35861329284 	 0.000137416
3.46695565712 	 0.000184729
3.57529802141 	 0.000347663
3.68364038569 	 0.000248307
3.79198274998 	 0.000248324
3.90032511426 	 0.00017292
4.00866747855 	 5.18752e-05
4.11700984283 	 5.48704e-05
4.22535220712 	 1.94888e-05
4.33369457141 	 3.38723e-05
4.44203693569 	 2.85246e-05
4.55037929998 	 3.53463e-05
4.65872166426 	 3.1487e-05
4.76706402855 	 2.49773e-05
4.87540639283 	 2.33131e-05
4.98374875712 	 6.92803e-06
5.0920911214 	 2.81177e-05
5.20043348569 	 1.42695e-05
5.30877584997 	 1.73804e-05
5.41711821426 	 1.63672e-05
5.52546057854 	 1.29633e-05
5.63380294283 	 1.15342e-05
5.74214530711 	 2.41226e-05
5.8504876714 	 1.9957e-05
5.95883003568 	 2.28102e-05
6.06717239997 	 1.17093e-05
6.17551476425 	 1.03315e-05
6.28385712854 	 6.41035e-06
6.39219949282 	 1.89116e-05
6.50054185711 	 1.82905e-05
6.60888422139 	 1.25154e-05
6.71722658568 	 1.78045e-05
6.82556894996 	 1.31982e-05
6.93391131425 	 1.23636e-05
7.04225367853 	 5.71771e-06
7.15059604282 	 3.99786e-06
7.2589384071 	 7.84041e-06
7.36728077139 	 1.62258e-06
7.47562313567 	 3.94572e-06
7.58396549996 	 7.10978e-06
7.69230786424 	 1.65487e-06
7.80065022853 	 4.2732e-06
7.90899259281 	 1.94063e-06
8.0173349571 	 4.67832e-06
8.12567732138 	 8.66668e-06
8.23401968567 	 2.26624e-06
8.34236204995 	 4.8108e-06
8.45070441424 	 1.01577e-07
8.55904677853 	 4.28802e-06
8.66738914281 	 4.07283e-06
8.7757315071 	 4.93773e-06
8.88407387138 	 3.11718e-06
8.99241623567 	 7.78674e-06
9.10075859995 	 1.6589e-06
9.20910096424 	 2.95845e-06
9.31744332852 	 2.36066e-06
9.42578569281 	 1.66125e-06
9.53412805709 	 3.12925e-06
9.64247042138 	 4.16445e-06
9.75081278566 	 3.28602e-06
9.85915514995 	 4.25132e-06
9.96749751423 	 5.61787e-06
10.0758398785 	 1.74166e-06
10.1841822428 	 1.59413e-06
10.2925246071 	 3.05842e-06
10.4008669714 	 3.66354e-06
10.5092093357 	 5.37811e-06
10.6175516999 	 2.60688e-06
10.7258940642 	 1.89404e-06
10.8342364285 	 2.28925e-06
10.9425787928 	 3.40286e-06
11.0509211571 	 1.95285e-06
11.1592635214 	 3.55515e-06
11.2676058857 	 3.39617e-06
11.3759482499 	 1.87627e-06
11.4842906142 	 4.68297e-06
11.5926329785 	 2.70267e-06
11.7009753428 	 3.254e-06
11.8093177071 	 3.25439e-06
11.9176600714 	 1.66615e-06
12.0260024356 	 3.19153e-06
12.1343447999 	 3.73226e-06
12.2426871642 	 2.58382e-06
12.3510295285 	 1.13025e-06
12.4593718928 	 3.23999e-06
12.5677142571 	 3.31411e-07
12.6760566214 	 2.25661e-06
12.7843989856 	 1.9651e-06
12.8927413499 	 1.26009e-06
13.0010837142 	 1.70771e-06
13.1094260785 	 2.21088e-06
13.2177684428 	 4.44661e-07
13.3261108071 	 2.48507e-06
13.4344531714 	 1.4208e-06
13.5427955356 	 1.36253e-06
13.6511378999 	 1.40225e-06
13.7594802642 	 6.79995e-07
13.8678226285 	 8.62703e-07
13.9761649928 	 1.59291e-06
14.0845073571 	 1.59662e-06
14.1928497214 	 1.72573e-06
14.3011920856 	 1.99576e-06
14.4095344499 	 1.89977e-06
14.5178768142 	 1.66694e-06
14.6262191785 	 1.23128e-06
14.7345615428 	 1.11127e-06
14.8429039071 	 1.25207e-06
14.9512462713 	 1.51125e-06
15.0595886356 	 1.44512e-06
15.1679309999 	 1.31776e-06
15.2762733642 	 1.00712e-06
15.3846157285 	 9.00631e-07
15.4929580928 	 9.23608e-07
15.6013004571 	 1.56624e-06
15.7096428213 	 1.44066e-06
15.8179851856 	 1.24917e-06
15.9263275499 	 6.67159e-07
16.0346699142 	 1.36814e-06
16.1430122785 	 1.26723e-06
16.2513546428 	 6.93115e-07
16.3596970071 	 1.21356e-06
16.4680393713 	 1.37963e-06
16.5763817356 	 1.21564e-06
16.6847240999 	 1.44769e-06
16.7930664642 	 9.50642e-07
16.9014088285 	 8.5078e-07
17.0097511928 	 1.17844e-06
17.1180935571 	 1.11718e-06
17.2264359213 	 1.08842e-06
17.3347782856 	 9.5875e-07
17.4431206499 	 9.55135e-07
17.5514630142 	 1.08578e-06
17.6598053785 	 1.13619e-06
17.7681477428 	 9.75808e-07
17.876490107 	 9.73911e-07
17.9848324713 	 1.1934e-06
18.0931748356 	 1.0544e-06
18.2015171999 	 1.01611e-06
18.3098595642 	 1.17504e-06
18.4182019285 	 1.11586e-06
18.5265442928 	 1.08475e-06
18.634886657 	 1.04123e-06
18.7432290213 	 1.01543e-06
18.8515713856 	 9.89226e-07
18.9599137499 	 1.04674e-06
19.0682561142 	 9.65975e-07
19.1765984785 	 1.01701e-06
19.2849408428 	 1.11798e-06
19.393283207 	 1.0409e-06
19.5016255713 	 1.00156e-06
19.6099679356 	 1.02727e-06
19.7183102999 	 8.74204e-07
19.8266526642 	 8.67862e-07
19.9349950285 	 8.63927e-07
20.0433373927 	 8.83097e-07
20.151679757 	 8.74559e-07
20.2600221213 	 9.86396e-07
20.3683644856 	 8.30488e-07
20.4767068499 	 8.91455e-07
20.5850492142 	 8.71575e-07
20.6933915785 	 8.4636e-07
20.8017339427 	 9.06088e-07
20.910076307 	 8.41264e-07
21.0184186713 	 9.44246e-07
21.1267610356 	 8.75425e-07
21.2351033999 	 8.86779e-07
21.3434457642 	 8.64282e-07
21.4517881285 	 8.73588e-07
21.5601304927 	 8.34677e-07
21.668472857 	 8.41024e-07
21.7768152213 	 8.48878e-07
21.8851575856 	 8.35614e-07
21.9934999499 	 8.42312e-07
22.1018423142 	 8.5112e-07
22.2101846785 	 8.45601e-07
22.3185270427 	 8.25735e-07
22.426869407 	 8.11949e-07
22.5352117713 	 8.31168e-07
22.6435541356 	 8.41803e-07
22.7518964999 	 7.89018e-07
22.8602388642 	 8.0605e-07
22.9685812284 	 8.00884e-07
23.0769235927 	 8.19398e-07
23.185265957 	 8.24679e-07
23.2936083213 	 8.09338e-07
23.4019506856 	 7.85267e-07
23.5102930499 	 7.94068e-07
23.6186354142 	 7.92262e-07
23.7269777784 	 7.97668e-07
23.8353201427 	 7.89621e-07
23.943662507 	 7.7024e-07
24.0520048713 	 7.63258e-07
24.1603472356 	 7.67888e-07
24.2686895999 	 7.70551e-07
24.3770319642 	 7.59079e-07
24.4853743284 	 7.55932e-07
24.5937166927 	 7.50098e-07
24.702059057 	 7.58408e-07
24.8104014213 	 7.41449e-07
24.9187437856 	 7.46293e-07
25.0270861499 	 7.30482e-07
25.1354285141 	 7.40071e-07
25.2437708784 	 7.34669e-07
25.3521132427 	 7.26153e-07
25.460455607 	 7.20516e-07
25.5687979713 	 7.20031e-07
25.6771403356 	 7.26243e-07
25.7854826999 	 7.25997e-07
25.8938250641 	 7.20537e-07
26.0021674284 	 7.14129e-07
26.1105097927 	 7.14391e-07
26.218852157 	 7.06666e-07
26.3271945213 	 7.0511e-07
26.4355368856 	 7.00843e-07
26.5438792499 	 6.98581e-07
26.6522216141 	 6.93669e-07
26.7605639784 	 6.95555e-07
26.8689063427 	 6.94071e-07
26.977248707 	 6.92845e-07
27.0855910713 	 6.91051e-07
27.1939334356 	 6.80993e-07
27.3022757999 	 6.80642e-07
27.4106181641 	 6.75205e-07
27.5189605284 	 6.76109e-07
27.6273028927 	 6.74609e-07
27.735645257 	 6.70209e-07
27.8439876213 	 6.68677e-07
27.9523299856 	 6.66504e-07
28.0606723498 	 6.63237e-07
28.1690147141 	 6.61392e-07
28.2773570784 	 6.59438e-07
28.3856994427 	 6.5553e-07
28.494041807 	 6.51265e-07
28.6023841713 	 6.50529e-07
28.7107265356 	 6.45627e-07
28.8190688998 	 6.4471e-07
28.9274112641 	 6.42694e-07
29.0357536284 	 6.40611e-07
29.1440959927 	 6.39724e-07
29.252438357 	 6.37544e-07
29.3607807213 	 6.34027e-07
29.4691230856 	 6.31828e-07
29.5774654498 	 6.29093e-07
29.6858078141 	 6.27221e-07
29.7941501784 	 6.25708e-07
29.9024925427 	 6.22268e-07
30.010834907 	 6.20703e-07
30.1191772713 	 6.18928e-07
30.2275196356 	 6.17066e-07
30.3358619998 	 6.14979e-07
30.4442043641 	 6.1222e-07
30.5525467284 	 6.1032e-07
30.6608890927 	 6.08181e-07
30.769231457 	 6.06402e-07
30.8775738213 	 6.04329e-07
30.9859161855 	 6.02532e-07
31.0942585498 	 6.00948e-07
31.2026009141 	 5.98484e-07
31.3109432784 	 5.9677e-07
31.4192856427 	 5.95198e-07
31.527628007 	 5.93167e-07
31.6359703713 	 5.90894e-07
31.7443127355 	 5.89083e-07
31.8526550998 	 5.86609e-07
31.9609974641 	 5.85387e-07
32.0693398284 	 5.83548e-07
32.1776821927 	 5.82154e-07
32.286024557 	 5.79729e-07
32.3943669213 	 5.77799e-07
32.5027092855 	 5.76001e-07
32.6110516498 	 5.74635e-07
32.7193940141 	 5.72495e-07
32.8277363784 	 5.70807e-07
32.9360787427 	 5.69064e-07
33.044421107 	 5.67075e-07
33.1527634712 	 5.65074e-07
33.2611058355 	 5.63496e-07
33.3694481998 	 5.61772e-07
33.4777905641 	 5.60402e-07
33.5861329284 	 5.58751e-07
33.6944752927 	 5.57113e-07
33.802817657 	 5.55588e-07
33.9111600212 	 5.53646e-07
34.0195023855 	 5.51915e-07
34.1278447498 	 5.50128e-07
34.2361871141 	 5.4872e-07
34.3445294784 	 5.47218e-07
34.4528718427 	 5.45552e-07
34.561214207 	 5.4396e-07
34.6695565712 	 5.42607e-07
34.7778989355 	 5.40801e-07
34.8862412998 	 5.39133e-07
34.9945836641 	 5.37861e-07
35.1029260284 	 5.36134e-07
35.2112683927 	 5.34635e-07
35.319610757 	 5.33318e-07
35.4279531212 	 5.31764e-07
35.5362954855 	 5.30257e-07
35.6446378498 	 5.28746e-07
35.7529802141 	 5.27223e-07
35.8613225784 	 5.25907e-07
35.9696649427 	 5.24534e-07
36.0780073069 	 5.23208e-07
36.1863496712 	 5.21695e-07
36.2946920355 	 5.20073e-07
36.4030343998 	 5.18824e-07
36.5113767641 	 5.174e-07
36.6197191284 	 5.15908e-07
36.7280614927 	 5.14528e-07
36.8364038569 	 5.1316e-07
36.9447462212 	 5.11814e-07
37.0530885855 	 5.10485e-07
37.1614309498 	 5.09199e-07
37.2697733141 	 5.07726e-07
37.3781156784 	 5.06571e-07
37.4864580427 	 5.05163e-07
37.5948004069 	 5.03869e-07
37.7031427712 	 5.02428e-07
37.8114851355 	 5.01267e-07
37.9198274998 	 4.99919e-07
38.0281698641 	 4.9883e-07
38.1365122284 	 4.97441e-07
38.2448545927 	 4.96158e-07
38.3531969569 	 4.9485e-07
38.4615393212 	 4.93541e-07
38.5698816855 	 4.92334e-07
38.6782240498 	 4.91168e-07
38.7865664141 	 4.89987e-07
38.8949087784 	 4.88753e-07
39.0032511426 	 4.87615e-07
39.1115935069 	 4.86291e-07
39.2199358712 	 4.85123e-07
39.3282782355 	 4.83936e-07
39.4366205998 	 4.82761e-07
39.5449629641 	 4.81537e-07
39.6533053284 	 4.80424e-07
39.7616476926 	 4.79241e-07
39.8699900569 	 4.7815e-07
39.9783324212 	 4.76916e-07
40.0866747855 	 4.75811e-07
40.1950171498 	 4.74683e-07
40.3033595141 	 4.7358e-07
40.4117018784 	 4.72525e-07
40.5200442426 	 4.71415e-07
40.6283866069 	 4.70269e-07
40.7367289712 	 4.69152e-07
40.8450713355 	 4.68078e-07
40.9534136998 	 4.66949e-07
41.0617560641 	 4.65917e-07
41.1700984283 	 4.64836e-07
41.2784407926 	 4.63808e-07
41.3867831569 	 4.62756e-07
41.4951255212 	 4.61649e-07
41.6034678855 	 4.60626e-07
41.7118102498 	 4.59572e-07
41.8201526141 	 4.58548e-07
41.9284949783 	 4.57516e-07
42.0368373426 	 4.56474e-07
42.1451797069 	 4.55473e-07
42.2535220712 	 4.54464e-07
42.3618644355 	 4.53452e-07
42.4702067998 	 4.52469e-07
42.5785491641 	 4.51473e-07
42.6868915283 	 4.50489e-07
42.7952338926 	 4.49506e-07
42.9035762569 	 4.48532e-07
43.0119186212 	 4.47549e-07
43.1202609855 	 4.46581e-07
43.2286033498 	 4.45632e-07
43.3369457141 	 4.4469e-07
43.4452880783 	 4.43716e-07
43.5536304426 	 4.42786e-07
43.6619728069 	 4.41852e-07
43.7703151712 	 4.40931e-07
43.8786575355 	 4.39979e-07
43.9869998998 	 4.39075e-07
44.095342264 	 4.38142e-07
44.2036846283 	 4.37247e-07
44.3120269926 	 4.36338e-07
44.4203693569 	 4.35443e-07
44.5287117212 	 4.34553e-07
44.6370540855 	 4.33658e-07
44.7453964498 	 4.32767e-07
44.853738814 	 4.31871e-07
44.9620811783 	 4.31003e-07
45.0704235426 	 4.30135e-07
45.1787659069 	 4.29262e-07
45.2871082712 	 4.28393e-07
45.3954506355 	 4.27551e-07
45.5037929998 	 4.26701e-07
45.612135364 	 4.25845e-07
45.7204777283 	 4.25005e-07
45.8288200926 	 4.24168e-07
45.9371624569 	 4.23333e-07
46.0455048212 	 4.22508e-07
46.1538471855 	 4.21676e-07
46.2621895498 	 4.20856e-07
46.370531914 	 4.20035e-07
46.4788742783 	 4.19225e-07
46.5872166426 	 4.18423e-07
46.6955590069 	 4.17628e-07
46.8039013712 	 4.16812e-07
46.9122437355 	 4.16027e-07
47.0205860997 	 4.1523e-07
47.128928464 	 4.14437e-07
47.2372708283 	 4.13667e-07
47.3456131926 	 4.12887e-07
47.4539555569 	 4.12119e-07
47.5622979212 	 4.11346e-07
47.6706402855 	 4.10577e-07
47.7789826497 	 4.09812e-07
47.887325014 	 4.09063e-07
47.9956673783 	 4.08308e-07
48.1040097426 	 4.07565e-07
48.2123521069 	 4.06819e-07
48.3206944712 	 4.06069e-07
48.4290368355 	 4.05336e-07
48.5373791997 	 4.04598e-07
48.645721564 	 4.03872e-07
48.7540639283 	 4.03141e-07
48.8624062926 	 4.02423e-07
48.9707486569 	 4.01709e-07
49.0790910212 	 4.00988e-07
49.1874333854 	 4.00277e-07
49.2957757497 	 3.99573e-07
49.404118114 	 3.98872e-07
49.5124604783 	 3.98169e-07
49.6208028426 	 3.97468e-07
49.7291452069 	 3.96777e-07
49.8374875712 	 3.96096e-07
49.9458299354 	 3.95409e-07
50.0541722997 	 3.94726e-07
50.162514664 	 3.94044e-07
50.2708570283 	 3.93373e-07
50.3791993926 	 3.92698e-07
50.4875417569 	 3.92029e-07
50.5958841212 	 3.91366e-07
50.7042264854 	 3.9071e-07
50.8125688497 	 3.90052e-07
50.920911214 	 3.89392e-07
51.0292535783 	 3.88741e-07
51.1375959426 	 3.88094e-07
51.2459383069 	 3.87447e-07
51.3542806712 	 3.86809e-07
51.4626230354 	 3.86175e-07
51.5709653997 	 3.85539e-07
51.679307764 	 3.84902e-07
51.7876501283 	 3.84273e-07
51.8959924926 	 3.83652e-07
52.0043348569 	 3.83029e-07
52.1126772211 	 3.82411e-07
52.2210195854 	 3.81798e-07
52.3293619497 	 3.81185e-07
52.437704314 	 3.80571e-07
52.5460466783 	 3.79964e-07
52.6543890426 	 3.79365e-07
52.7627314069 	 3.78767e-07
52.8710737711 	 3.78166e-07
52.9794161354 	 3.7757e-07
53.0877584997 	 3.76981e-07
53.196100864 	 3.76392e-07
53.3044432283 	 3.75807e-07
53.4127855926 	 3.75224e-07
53.5211279569 	 3.74645e-07
53.6294703211 	 3.74066e-07
53.7378126854 	 3.73491e-07
53.8461550497 	 3.72922e-07
53.954497414 	 3.72358e-07
54.0628397783 	 3.71791e-07
54.1711821426 	 3.71227e-07
54.2795245068 	 3.70667e-07
54.3878668711 	 3.70109e-07
54.4962092354 	 3.69555e-07
54.6045515997 	 3.69005e-07
54.712893964 	 3.68458e-07
54.8212363283 	 3.67909e-07
54.9295786926 	 3.67364e-07
55.0379210568 	 3.66822e-07
55.1462634211 	 3.66287e-07
55.2546057854 	 3.65755e-07
55.3629481497 	 3.65221e-07
55.471290514 	 3.64692e-07
55.5796328783 	 3.64163e-07
55.6879752426 	 3.63637e-07
55.7963176068 	 3.63114e-07
55.9046599711 	 3.62596e-07
56.0130023354 	 3.62078e-07
56.1213446997 	 3.61564e-07
56.229687064 	 3.61048e-07
56.3380294283 	 3.60543e-07
56.4463717926 	 3.60033e-07
56.5547141568 	 3.5953e-07
56.6630565211 	 3.59026e-07
56.7713988854 	 3.58529e-07
56.8797412497 	 3.58033e-07
56.988083614 	 3.5754e-07
57.0964259783 	 3.57043e-07
57.2047683425 	 3.56554e-07
57.3131107068 	 3.56064e-07
57.4214530711 	 3.5558e-07
57.5297954354 	 3.55096e-07
57.6381377997 	 3.54619e-07
57.746480164 	 3.54141e-07
57.8548225283 	 3.53663e-07
57.9631648925 	 3.53186e-07
58.0715072568 	 3.52714e-07
58.1798496211 	 3.52249e-07
58.2881919854 	 3.51784e-07
58.3965343497 	 3.51321e-07
58.504876714 	 3.50856e-07
58.6132190783 	 3.50393e-07
58.7215614425 	 3.49937e-07
58.8299038068 	 3.49485e-07
58.9382461711 	 3.4903e-07
59.0465885354 	 3.48579e-07
59.1549308997 	 3.48131e-07
59.263273264 	 3.47681e-07
59.3716156283 	 3.47236e-07
59.4799579925 	 3.46793e-07
59.5883003568 	 3.46357e-07
59.6966427211 	 3.45918e-07
59.8049850854 	 3.4548e-07
59.9133274497 	 3.45043e-07
60.021669814 	 3.44613e-07
60.1300121782 	 3.44185e-07
60.2383545425 	 3.4376e-07
60.3466969068 	 3.43333e-07
60.4550392711 	 3.42909e-07
60.5633816354 	 3.42487e-07
60.6717239997 	 3.42069e-07
60.780066364 	 3.4165e-07
60.8884087282 	 3.41235e-07
60.9967510925 	 3.4082e-07
61.1050934568 	 3.40409e-07
61.2134358211 	 3.4e-07
61.3217781854 	 3.39593e-07
61.4301205497 	 3.39189e-07
61.538462914 	 3.38784e-07
61.6468052782 	 3.38381e-07
61.7551476425 	 3.37978e-07
61.8634900068 	 3.37585e-07
61.9718323711 	 3.37192e-07
62.0801747354 	 3.36799e-07
62.1885170997 	 3.36401e-07
62.2968594639 	 3.36012e-07
62.4052018282 	 3.35621e-07
62.5135441925 	 3.35238e-07
62.6218865568 	 3.34851e-07
62.7302289211 	 3.34476e-07
62.8385712854 	 3.34094e-07
62.9469136497 	 3.33713e-07
63.0552560139 	 3.33334e-07
63.1635983782 	 3.32959e-07
63.2719407425 	 3.32586e-07
63.3802831068 	 3.32215e-07
63.4886254711 	 3.31846e-07
63.5969678354 	 3.31476e-07
63.7053101997 	 3.3111e-07
63.8136525639 	 3.30744e-07
63.9219949282 	 3.30381e-07
64.0303372925 	 3.30022e-07
64.1386796568 	 3.29661e-07
64.2470220211 	 3.29306e-07
64.3553643854 	 3.2895e-07
64.4637067497 	 3.28598e-07
64.5720491139 	 3.28245e-07
64.6803914782 	 3.27893e-07
64.7887338425 	 3.27545e-07
64.8970762068 	 3.27195e-07
65.0054185711 	 3.26852e-07
65.1137609354 	 3.26508e-07
65.2221032996 	 3.2617e-07
65.3304456639 	 3.25824e-07
65.4387880282 	 3.25485e-07
65.5471303925 	 3.25145e-07
65.6554727568 	 3.24814e-07
65.7638151211 	 3.24478e-07
65.8721574854 	 3.24149e-07
65.9804998496 	 3.23817e-07
66.0888422139 	 3.2349e-07
66.1971845782 	 3.23159e-07
66.3055269425 	 3.22833e-07
66.4138693068 	 3.2251e-07
66.5222116711 	 3.2219e-07
66.6305540354 	 3.21868e-07
66.7388963996 	 3.21547e-07
66.8472387639 	 3.2123e-07
66.9555811282 	 3.20915e-07
67.0639234925 	 3.20598e-07
67.1722658568 	 3.20287e-07
67.2806082211 	 3.19975e-07
67.3889505854 	 3.19663e-07
67.4972929496 	 3.19351e-07
67.6056353139 	 3.19046e-07
67.7139776782 	 3.18746e-07
67.8223200425 	 3.18443e-07
67.9306624068 	 3.1814e-07
68.0390047711 	 3.17835e-07
68.1473471353 	 3.17533e-07
68.2556894996 	 3.17234e-07
68.3640318639 	 3.16941e-07
68.4723742282 	 3.1665e-07
68.5807165925 	 3.16356e-07
68.6890589568 	 3.16057e-07
68.7974013211 	 3.15765e-07
68.9057436853 	 3.15479e-07
69.0140860496 	 3.15194e-07
69.1224284139 	 3.1491e-07
69.2307707782 	 3.14626e-07
69.3391131425 	 3.14343e-07
69.4474555068 	 3.14054e-07
69.5557978711 	 3.13773e-07
69.6641402353 	 3.13497e-07
69.7724825996 	 3.13222e-07
69.8808249639 	 3.12941e-07
69.9891673282 	 3.12667e-07
70.0975096925 	 3.12393e-07
70.2058520568 	 3.12121e-07
70.314194421 	 3.11846e-07
70.4225367853 	 3.11583e-07
70.5308791496 	 3.11318e-07
70.6392215139 	 3.1105e-07
70.7475638782 	 3.10777e-07
70.8559062425 	 3.10517e-07
70.9642486068 	 3.10256e-07
71.072590971 	 3.09996e-07
71.1809333353 	 3.09733e-07
71.2892756996 	 3.09477e-07
71.3976180639 	 3.0922e-07
71.5059604282 	 3.08961e-07
71.6143027925 	 3.08707e-07
71.7226451568 	 3.08454e-07
71.830987521 	 3.08203e-07
71.9393298853 	 3.07947e-07
72.0476722496 	 3.07701e-07
72.1560146139 	 3.07453e-07
72.2643569782 	 3.07211e-07
72.3726993425 	 3.06962e-07
72.4810417068 	 3.0672e-07
72.589384071 	 3.06473e-07
72.6977264353 	 3.06234e-07
72.8060687996 	 3.05994e-07
72.9144111639 	 3.05756e-07
73.0227535282 	 3.05518e-07
73.1310958925 	 3.05278e-07
73.2394382567 	 3.05043e-07
73.347780621 	 3.04808e-07
73.4561229853 	 3.04578e-07
73.5644653496 	 3.04346e-07
73.6728077139 	 3.04117e-07
73.7811500782 	 3.03884e-07
73.8894924425 	 3.03659e-07
73.9978348067 	 3.03431e-07
74.106177171 	 3.03207e-07
74.2145195353 	 3.02981e-07
74.3228618996 	 3.02757e-07
74.4312042639 	 3.02538e-07
74.5395466282 	 3.02316e-07
74.6478889925 	 3.02096e-07
74.7562313567 	 3.01881e-07
74.864573721 	 3.01666e-07
74.9729160853 	 3.01447e-07
75.0812584496 	 3.01231e-07
75.1896008139 	 3.01014e-07
75.2979431782 	 3.00806e-07
75.4062855424 	 3.00595e-07
75.5146279067 	 3.00388e-07
75.622970271 	 3.00176e-07
75.7313126353 	 2.99969e-07
75.8396549996 	 2.99761e-07
75.9479973639 	 2.99554e-07
76.0563397282 	 2.99353e-07
76.1646820924 	 2.99152e-07
76.2730244567 	 2.9895e-07
76.381366821 	 2.98747e-07
76.4897091853 	 2.98545e-07
76.5980515496 	 2.98349e-07
76.7063939139 	 2.98152e-07
76.8147362782 	 2.97957e-07
76.9230786424 	 2.97762e-07
77.0314210067 	 2.97571e-07
77.139763371 	 2.97374e-07
77.2481057353 	 2.97183e-07
77.3564480996 	 2.96991e-07
77.4647904639 	 2.96803e-07
77.5731328282 	 2.96613e-07
77.6814751924 	 2.96423e-07
77.7898175567 	 2.9624e-07
77.898159921 	 2.96056e-07
78.0065022853 	 2.95875e-07
78.1148446496 	 2.95687e-07
78.2231870139 	 2.95507e-07
78.3315293781 	 2.95327e-07
78.4398717424 	 2.95148e-07
78.5482141067 	 2.94967e-07
78.656556471 	 2.94792e-07
78.7648988353 	 2.94616e-07
78.8732411996 	 2.94441e-07
78.9815835639 	 2.94264e-07
79.0899259281 	 2.9409e-07
79.1982682924 	 2.93919e-07
79.3066106567 	 2.93749e-07
79.414953021 	 2.93579e-07
79.5232953853 	 2.93408e-07
79.6316377496 	 2.93243e-07
79.7399801139 	 2.93074e-07
79.8483224781 	 2.92908e-07
79.9566648424 	 2.92744e-07
80.0650072067 	 2.92581e-07
80.173349571 	 2.92418e-07
80.2816919353 	 2.92254e-07
80.3900342996 	 2.92095e-07
80.4983766639 	 2.91937e-07
80.6067190281 	 2.91776e-07
80.7150613924 	 2.9162e-07
80.8234037567 	 2.91463e-07
80.931746121 	 2.91305e-07
81.0400884853 	 2.91151e-07
81.1484308496 	 2.90997e-07
81.2567732138 	 2.90846e-07
81.3651155781 	 2.90694e-07
81.4734579424 	 2.90544e-07
81.5818003067 	 2.90396e-07
81.690142671 	 2.90248e-07
81.7984850353 	 2.90097e-07
81.9068273996 	 2.8995e-07
82.0151697638 	 2.89808e-07
82.1235121281 	 2.89664e-07
82.2318544924 	 2.89517e-07
82.3401968567 	 2.89373e-07
82.448539221 	 2.89234e-07
82.5568815853 	 2.89093e-07
82.6652239496 	 2.8895e-07
82.7735663138 	 2.88813e-07
82.8819086781 	 2.88681e-07
82.9902510424 	 2.88542e-07
83.0985934067 	 2.88402e-07
83.206935771 	 2.88269e-07
83.3152781353 	 2.88137e-07
83.4236204995 	 2.88004e-07
83.5319628638 	 2.87871e-07
83.6403052281 	 2.87741e-07
83.7486475924 	 2.87611e-07
83.8569899567 	 2.87479e-07
83.965332321 	 2.8735e-07
84.0736746853 	 2.87228e-07
84.1820170495 	 2.87101e-07
84.2903594138 	 2.86973e-07
84.3987017781 	 2.86847e-07
84.5070441424 	 2.86726e-07
84.6153865067 	 2.86604e-07
84.723728871 	 2.86482e-07
84.8320712353 	 2.86362e-07
84.9404135995 	 2.86244e-07
85.0487559638 	 2.86124e-07
85.1570983281 	 2.86003e-07
85.2654406924 	 2.85889e-07
85.3737830567 	 2.85776e-07
85.482125421 	 2.85657e-07
85.5904677853 	 2.85541e-07
85.6988101495 	 2.85429e-07
85.8071525138 	 2.85318e-07
85.9154948781 	 2.8521e-07
86.0238372424 	 2.85094e-07
86.1321796067 	 2.84987e-07
86.240521971 	 2.84877e-07
86.3488643352 	 2.84771e-07
86.4572066995 	 2.84665e-07
86.5655490638 	 2.84558e-07
86.6738914281 	 2.84452e-07
86.7822337924 	 2.84349e-07
86.8905761567 	 2.84246e-07
86.998918521 	 2.84144e-07
87.1072608852 	 2.84042e-07
87.2156032495 	 2.83942e-07
87.3239456138 	 2.83844e-07
87.4322879781 	 2.83742e-07
87.5406303424 	 2.83643e-07
87.6489727067 	 2.83548e-07
87.757315071 	 2.83454e-07
87.8656574352 	 2.83358e-07
87.9739997995 	 2.83262e-07
88.0823421638 	 2.83171e-07
88.1906845281 	 2.83079e-07
88.2990268924 	 2.82986e-07
88.4073692567 	 2.82896e-07
88.515711621 	 2.82806e-07
88.6240539852 	 2.82718e-07
88.7323963495 	 2.82627e-07
88.8407387138 	 2.82541e-07
88.9490810781 	 2.82456e-07
89.0574234424 	 2.82373e-07
89.1657658067 	 2.82285e-07
89.2741081709 	 2.82202e-07
89.3824505352 	 2.82118e-07
89.4907928995 	 2.82036e-07
89.5991352638 	 2.81954e-07
89.7074776281 	 2.81877e-07
89.8158199924 	 2.81799e-07
89.9241623567 	 2.81719e-07
90.0325047209 	 2.81637e-07
90.1408470852 	 2.81563e-07
90.2491894495 	 2.81487e-07
90.3575318138 	 2.81412e-07
90.4658741781 	 2.81339e-07
90.5742165424 	 2.81269e-07
90.6825589067 	 2.81194e-07
90.7909012709 	 2.8112e-07
90.8992436352 	 2.81048e-07
91.0075859995 	 2.80976e-07
91.1159283638 	 2.80912e-07
91.2242707281 	 2.80844e-07
91.3326130924 	 2.80779e-07
91.4409554566 	 2.8071e-07
91.5492978209 	 2.80642e-07
91.6576401852 	 2.8058e-07
91.7659825495 	 2.80515e-07
91.8743249138 	 2.80451e-07
91.9826672781 	 2.80388e-07
92.0910096424 	 2.80328e-07
92.1993520066 	 2.80268e-07
92.3076943709 	 2.80207e-07
92.4160367352 	 2.80147e-07
92.5243790995 	 2.80094e-07
92.6327214638 	 2.80035e-07
92.7410638281 	 2.79976e-07
92.8494061924 	 2.79919e-07
92.9577485566 	 2.79868e-07
93.0660909209 	 2.79814e-07
93.1744332852 	 2.7976e-07
93.2827756495 	 2.79707e-07
93.3911180138 	 2.79656e-07
93.4994603781 	 2.79604e-07
93.6078027424 	 2.79553e-07
93.7161451066 	 2.79506e-07
93.8244874709 	 2.79461e-07
93.9328298352 	 2.79413e-07
94.0411721995 	 2.79365e-07
94.1495145638 	 2.79318e-07
94.2578569281 	 2.79275e-07
94.3661992923 	 2.79232e-07
94.4745416566 	 2.7919e-07
94.5828840209 	 2.79143e-07
94.6912263852 	 2.79103e-07
94.7995687495 	 2.7906e-07
94.9079111138 	 2.79026e-07
95.0162534781 	 2.78986e-07
95.1245958423 	 2.78947e-07
95.2329382066 	 2.78908e-07
95.3412805709 	 2.78871e-07
95.4496229352 	 2.78832e-07
95.5579652995 	 2.788e-07
95.6663076638 	 2.78769e-07
95.7746500281 	 2.78742e-07
95.8829923923 	 2.78702e-07
95.9913347566 	 2.78667e-07
96.0996771209 	 2.78636e-07
96.2080194852 	 2.78612e-07
96.3163618495 	 2.7858e-07
96.4247042138 	 2.78554e-07
96.5330465781 	 2.78523e-07
96.6413889423 	 2.78501e-07
96.7497313066 	 2.78469e-07
96.8580736709 	 2.78445e-07
96.9664160352 	 2.78422e-07
97.0747583995 	 2.78401e-07
97.1831007638 	 2.78375e-07
97.291443128 	 2.78353e-07
97.3997854923 	 2.78332e-07
97.5081278566 	 2.78314e-07
97.6164702209 	 2.78292e-07
97.7248125852 	 2.78275e-07
97.8331549495 	 2.78257e-07
97.9414973138 	 2.78239e-07
98.049839678 	 2.78224e-07
98.1581820423 	 2.78208e-07
98.2665244066 	 2.78196e-07
98.3748667709 	 2.7818e-07
98.4832091352 	 2.78169e-07
98.5915514995 	 2.78155e-07
98.6998938638 	 2.78143e-07
98.808236228 	 2.78131e-07
98.9165785923 	 2.78123e-07
99.0249209566 	 2.78113e-07
99.1332633209 	 2.78106e-07
99.2416056852 	 2.781e-07
99.3499480495 	 2.78094e-07
99.4582904137 	 2.78088e-07
99.566632778 	 2.78081e-07
99.6749751423 	 2.78079e-07
99.7833175066 	 2.78075e-07
99.8916598709 	 2.78072e-07
100.000002235 	 2.7807e-07
