0.0 	 0.00020597
0.0186985793259 	 0.000420061
0.0373971586519 	 0.000749962
0.0560957379778 	 0.000289131
0.0747943173038 	 0.000196316
0.0934928966297 	 0.000151136
0.112191475956 	 0.00013237
0.130890055282 	 0.000128389
0.149588634608 	 9.36848e-05
0.168287213934 	 7.93376e-05
0.186985793259 	 0.000145631
0.205684372585 	 9.04071e-05
0.224382951911 	 8.70196e-05
0.243081531237 	 8.35847e-05
0.261780110563 	 0.000115604
0.280478689889 	 0.000182905
0.299177269215 	 0.000191305
0.317875848541 	 6.78076e-05
0.336574427867 	 0.000131629
0.355273007193 	 0.000123057
0.373971586519 	 0.000199756
0.392670165845 	 0.000130729
0.411368745171 	 0.000241248
0.430067324497 	 7.0734e-05
0.448765903823 	 9.5693e-05
0.467464483149 	 0.000214147
0.486163062475 	 0.000121574
0.504861641801 	 0.000273212
0.523560221127 	 0.000192048
0.542258800453 	 0.000244019
0.560957379778 	 0.000214697
0.579655959104 	 0.000254496
0.59835453843 	 0.000107965
0.617053117756 	 0.000127779
0.635751697082 	 0.000135675
0.654450276408 	 0.000115907
0.673148855734 	 0.000109968
0.69184743506 	 5.9915e-05
0.710546014386 	 2.36952e-05
0.729244593712 	 0.000128616
0.747943173038 	 2.52341e-05
0.766641752364 	 4.13413e-05
0.78534033169 	 0.000129483
0.804038911016 	 0.000113402
0.822737490342 	 9.27602e-05
0.841436069668 	 4.48996e-05
0.860134648994 	 6.9546e-05
0.87883322832 	 0.00015871
0.897531807646 	 0.00025003
0.916230386971 	 7.73531e-05
0.934928966297 	 5.48853e-05
0.953627545623 	 0.000117426
0.972326124949 	 9.44435e-05
0.991024704275 	 8.14983e-05
1.0097232836 	 7.41368e-05
1.02842186293 	 0.000135325
1.04712044225 	 6.82152e-05
1.06581902158 	 5.29823e-05
1.08451760091 	 4.80476e-05
1.10321618023 	 6.56644e-05
1.12191475956 	 0.000109961
1.14061333888 	 5.73204e-05
1.15931191821 	 9.95239e-05
1.17801049753 	 0.000125086
1.19670907686 	 4.22616e-05
1.21540765619 	 8.83009e-05
1.23410623551 	 9.59317e-05
1.25280481484 	 5.32818e-05
1.27150339416 	 6.25093e-05
1.29020197349 	 5.86826e-05
1.30890055282 	 0.000112092
1.32759913214 	 6.20681e-05
1.34629771147 	 6.74105e-05
1.36499629079 	 3.37872e-05
1.38369487012 	 2.35313e-05
1.40239344945 	 3.24048e-05
1.42109202877 	 6.74182e-05
1.4397906081 	 6.27412e-05
1.45848918742 	 4.51299e-05
1.47718776675 	 3.92708e-05
1.49588634608 	 6.09291e-05
1.5145849254 	 7.2748e-05
1.53328350473 	 2.25358e-05
1.55198208405 	 4.2152e-05
1.57068066338 	 2.89498e-05
1.58937924271 	 3.69735e-05
1.60807782203 	 6.35578e-05
1.62677640136 	 5.2e-05
1.64547498068 	 1.79031e-05
1.66417356001 	 3.42648e-05
1.68287213934 	 6.88886e-05
1.70157071866 	 5.83277e-05
1.72026929799 	 6.30967e-05
1.73896787731 	 4.24326e-05
1.75766645664 	 2.21596e-05
1.77636503597 	 2.71525e-05
1.79506361529 	 2.11652e-05
1.81376219462 	 1.97812e-05
1.83246077394 	 8.69409e-05
1.85115935327 	 5.68098e-05
1.86985793259 	 5.30921e-05
1.88855651192 	 6.90892e-05
1.90725509125 	 6.55827e-05
1.92595367057 	 6.67415e-05
1.9446522499 	 6.26623e-05
1.96335082922 	 5.47741e-05
1.98204940855 	 3.07985e-05
2.00074798788 	 4.30615e-06
2.0194465672 	 3.18192e-05
2.03814514653 	 3.68402e-05
2.05684372585 	 5.83286e-05
2.07554230518 	 3.99787e-05
2.09424088451 	 4.11019e-05
2.11293946383 	 4.67717e-05
2.13163804316 	 4.79076e-05
2.15033662248 	 4.5532e-05
2.16903520181 	 6.21419e-05
2.18773378114 	 6.64805e-05
2.20643236046 	 4.66859e-05
2.22513093979 	 3.15458e-05
2.24382951911 	 3.86329e-05
2.26252809844 	 3.53642e-05
2.28122667777 	 1.07986e-05
2.29992525709 	 1.69653e-05
2.31862383642 	 1.83435e-05
2.33732241574 	 2.97002e-05
2.35602099507 	 3.63061e-05
2.3747195744 	 8.65569e-06
2.39341815372 	 3.51562e-05
2.41211673305 	 5.54222e-05
2.43081531237 	 6.04922e-05
2.4495138917 	 6.15781e-05
2.46821247103 	 5.13992e-05
2.48691105035 	 4.91163e-05
2.50560962968 	 3.8256e-05
2.524308209 	 2.97356e-05
2.54300678833 	 3.94586e-05
2.56170536765 	 3.63908e-05
2.58040394698 	 4.31014e-05
2.59910252631 	 4.16549e-05
2.61780110563 	 2.00041e-05
2.63649968496 	 1.55897e-05
2.65519826428 	 1.35427e-05
2.67389684361 	 1.35711e-05
2.69259542294 	 2.49822e-05
2.71129400226 	 2.10661e-05
2.72999258159 	 1.94847e-05
2.74869116091 	 4.52075e-06
2.76738974024 	 2.41704e-06
2.78608831957 	 1.21391e-05
2.80478689889 	 3.6796e-05
2.82348547822 	 2.80991e-05
2.84218405754 	 1.58386e-05
2.86088263687 	 1.3066e-05
2.8795812162 	 1.77689e-05
2.89827979552 	 1.32015e-05
2.91697837485 	 2.41899e-06
2.93567695417 	 2.62204e-05
2.9543755335 	 2.54438e-05
2.97307411283 	 1.21232e-05
2.99177269215 	 4.87795e-05
3.01047127148 	 7.81371e-05
3.0291698508 	 6.0176e-05
3.04786843013 	 3.98154e-05
3.06656700946 	 4.51895e-05
3.08526558878 	 5.42457e-05
3.10396416811 	 8.52777e-05
3.12266274743 	 9.65135e-05
3.14136132676 	 9.94299e-05
3.16005990609 	 7.46139e-05
3.17875848541 	 4.33312e-05
3.19745706474 	 2.50499e-05
3.21615564406 	 3.58185e-05
3.23485422339 	 8.5609e-06
3.25355280272 	 4.25597e-05
3.27225138204 	 5.17134e-05
3.29094996137 	 3.98707e-05
3.30964854069 	 3.49589e-05
3.32834712002 	 3.16205e-05
3.34704569934 	 3.81718e-05
3.36574427867 	 2.41678e-05
3.384442858 	 5.15436e-05
3.40314143732 	 0.000109118
3.42184001665 	 5.59102e-05
3.44053859597 	 1.82066e-05
3.4592371753 	 2.36015e-05
3.47793575463 	 5.30383e-05
3.49663433395 	 0.000136016
3.51533291328 	 0.000151083
3.5340314926 	 0.000143634
3.55273007193 	 0.000101548
3.57142865126 	 1.26117e-05
3.59012723058 	 5.77944e-05
3.60882580991 	 3.19903e-05
3.62752438923 	 3.14283e-05
3.64622296856 	 2.62174e-05
3.66492154789 	 0.000109557
3.68362012721 	 0.000116762
3.70231870654 	 0.000110905
3.72101728586 	 7.91121e-05
3.73971586519 	 5.51699e-05
3.75841444452 	 4.34907e-05
3.77711302384 	 1.7941e-05
3.79581160317 	 1.61825e-05
3.81451018249 	 5.1985e-05
3.83320876182 	 2.5092e-05
3.85190734115 	 1.28248e-05
3.87060592047 	 4.23019e-06
3.8893044998 	 4.60965e-06
3.90800307912 	 1.22203e-05
3.92670165845 	 1.18537e-05
3.94540023778 	 2.3242e-05
3.9640988171 	 1.01632e-05
3.98279739643 	 1.12078e-05
4.00149597575 	 1.72775e-05
4.02019455508 	 7.89336e-06
4.0388931344 	 9.448e-06
4.05759171373 	 7.47065e-06
4.07629029306 	 1.03414e-05
4.09498887238 	 1.62174e-05
4.11368745171 	 2.42639e-05
4.13238603103 	 2.44843e-05
4.15108461036 	 2.90095e-05
4.16978318969 	 2.47155e-05
4.18848176901 	 1.11469e-05
4.20718034834 	 1.04728e-05
4.22587892766 	 1.06573e-05
4.24457750699 	 1.09882e-05
4.26327608632 	 1.39274e-05
4.28197466564 	 1.35755e-05
4.30067324497 	 1.00763e-05
4.31937182429 	 8.03205e-06
4.33807040362 	 8.35969e-06
4.35676898295 	 4.12469e-06
4.37546756227 	 7.93163e-06
4.3941661416 	 6.60569e-06
4.41286472092 	 4.95381e-06
4.43156330025 	 3.53328e-06
4.45026187958 	 6.04e-06
4.4689604589 	 7.80386e-06
4.48765903823 	 5.59317e-06
4.50635761755 	 4.73793e-06
4.52505619688 	 4.41264e-06
4.54375477621 	 6.12925e-06
4.56245335553 	 4.94093e-06
4.58115193486 	 2.10792e-06
4.59985051418 	 6.74675e-06
4.61854909351 	 7.75371e-06
4.63724767284 	 8.10809e-06
4.65594625216 	 4.10287e-06
4.67464483149 	 3.15736e-06
4.69334341081 	 5.46471e-06
4.71204199014 	 5.34844e-06
4.73074056947 	 3.90955e-06
4.74943914879 	 9.1588e-06
4.76813772812 	 1.19386e-05
4.78683630744 	 1.17321e-05
4.80553488677 	 9.72949e-06
4.82423346609 	 8.34571e-06
4.84293204542 	 6.25327e-06
4.86163062475 	 5.79106e-06
4.88032920407 	 5.60087e-06
4.8990277834 	 7.08496e-06
4.91772636272 	 7.25055e-06
4.93642494205 	 7.2357e-06
4.95512352138 	 1.17636e-05
4.9738221007 	 1.26821e-05
4.99252068003 	 1.30173e-05
5.01121925935 	 1.17926e-05
5.02991783868 	 9.71893e-06
5.04861641801 	 5.50212e-06
5.06731499733 	 4.82145e-06
5.08601357666 	 7.7257e-06
5.10471215598 	 7.95452e-06
5.12341073531 	 7.89062e-06
5.14210931464 	 8.19916e-06
5.16080789396 	 8.2914e-06
5.17950647329 	 6.24535e-06
5.19820505261 	 6.75733e-06
5.21690363194 	 5.11321e-06
5.23560221127 	 2.98901e-06
5.25430079059 	 1.72453e-06
5.27299936992 	 2.98091e-06
5.29169794924 	 3.93784e-06
5.31039652857 	 5.54079e-06
5.3290951079 	 5.7935e-06
5.34779368722 	 6.30291e-06
5.36649226655 	 6.85605e-06
5.38519084587 	 5.62115e-06
5.4038894252 	 5.32842e-06
5.42258800453 	 6.17489e-06
5.44128658385 	 5.51466e-06
5.45998516318 	 6.25253e-06
5.4786837425 	 6.18482e-06
5.49738232183 	 6.21585e-06
5.51608090115 	 6.58288e-06
5.53477948048 	 6.28534e-06
5.55347805981 	 4.97362e-06
5.57217663913 	 4.0084e-06
5.59087521846 	 4.44777e-06
5.60957379778 	 4.93717e-06
5.62827237711 	 4.6566e-06
5.64697095644 	 2.65762e-06
5.66566953576 	 1.57813e-06
5.68436811509 	 1.66593e-06
5.70306669441 	 1.93962e-06
5.72176527374 	 2.05161e-06
5.74046385307 	 6.90427e-07
5.75916243239 	 1.17764e-06
5.77786101172 	 1.25695e-06
5.79655959104 	 8.97918e-07
5.81525817037 	 1.46167e-06
5.8339567497 	 1.22991e-06
5.85265532902 	 1.75251e-06
5.87135390835 	 1.44036e-06
5.89005248767 	 1.58007e-06
5.908751067 	 2.65004e-06
5.92744964633 	 2.26993e-06
5.94614822565 	 1.82635e-06
5.96484680498 	 1.75623e-06
5.9835453843 	 9.58228e-07
6.00224396363 	 1.62479e-07
6.02094254296 	 5.14914e-07
6.03964112228 	 8.09927e-07
6.05833970161 	 1.19697e-06
6.07703828093 	 1.12731e-06
6.09573686026 	 1.50027e-06
6.11443543959 	 2.09849e-06
6.13313401891 	 2.2446e-06
6.15183259824 	 1.66524e-06
6.17053117756 	 6.20832e-07
6.18922975689 	 1.35592e-06
6.20792833622 	 2.1375e-06
6.22662691554 	 2.83742e-06
6.24532549487 	 2.69979e-06
6.26402407419 	 2.43356e-06
6.28272265352 	 1.72591e-06
6.30142123284 	 1.50248e-06
6.32011981217 	 1.1812e-06
6.3388183915 	 1.35103e-06
6.35751697082 	 1.84552e-06
6.37621555015 	 8.96041e-07
6.39491412947 	 3.51999e-07
6.4136127088 	 3.18346e-07
6.43231128813 	 4.83633e-07
6.45100986745 	 5.93165e-07
6.46970844678 	 4.94118e-07
6.4884070261 	 6.05982e-07
6.50710560543 	 7.27786e-07
6.52580418476 	 5.41124e-07
6.54450276408 	 1.2311e-06
6.56320134341 	 1.18987e-06
6.58189992273 	 7.2626e-07
6.60059850206 	 5.70504e-07
6.61929708139 	 4.96705e-07
6.63799566071 	 7.8404e-07
6.65669424004 	 6.14919e-07
6.67539281936 	 6.97597e-07
6.69409139869 	 5.49652e-07
6.71278997802 	 5.54878e-07
6.73148855734 	 4.28062e-08
6.75018713667 	 4.78249e-07
6.76888571599 	 4.78929e-07
6.78758429532 	 4.90898e-07
6.80628287465 	 6.28365e-07
6.82498145397 	 7.34771e-07
6.8436800333 	 7.89538e-07
6.86237861262 	 5.62548e-07
6.88107719195 	 5.18381e-07
6.89977577128 	 6.39589e-07
6.9184743506 	 9.25831e-07
6.93717292993 	 7.01764e-07
6.95587150925 	 8.36461e-07
6.97457008858 	 6.23673e-07
6.9932686679 	 8.37648e-07
7.01196724723 	 2.84335e-07
7.03066582656 	 6.24132e-07
7.04936440588 	 1.02917e-06
7.06806298521 	 1.13396e-06
7.08676156453 	 1.4071e-06
7.10546014386 	 1.23787e-06
7.12415872319 	 7.75585e-07
7.14285730251 	 4.64277e-07
7.16155588184 	 3.86097e-07
7.18025446116 	 1.15166e-07
7.19895304049 	 5.83702e-07
7.21765161982 	 4.77592e-07
7.23635019914 	 9.01696e-07
7.25504877847 	 8.99592e-07
7.27374735779 	 7.76941e-07
7.29244593712 	 1.3564e-06
7.31114451645 	 1.15692e-06
7.32984309577 	 7.86224e-07
7.3485416751 	 8.89598e-07
7.36724025442 	 1.5151e-06
7.38593883375 	 1.41642e-06
7.40463741308 	 1.3289e-06
7.4233359924 	 1.2219e-06
7.44203457173 	 1.07005e-06
7.46073315105 	 6.03965e-07
7.47943173038 	 6.5961e-07
7.49813030971 	 6.92023e-07
7.51682888903 	 4.08711e-07
7.53552746836 	 6.40954e-07
7.55422604768 	 7.14527e-07
7.57292462701 	 9.25688e-07
7.59162320634 	 8.94794e-07
7.61032178566 	 4.11355e-07
7.62902036499 	 3.00932e-07
7.64771894431 	 8.38438e-07
7.66641752364 	 1.09166e-06
7.68511610296 	 1.79693e-06
7.70381468229 	 1.93844e-06
7.72251326162 	 2.20908e-06
7.74121184094 	 2.12832e-06
7.75991042027 	 1.93878e-06
7.77860899959 	 1.70139e-06
7.79730757892 	 1.97893e-06
7.81600615825 	 1.33212e-06
7.83470473757 	 9.56365e-07
7.8534033169 	 4.49921e-07
7.87210189622 	 1.06062e-06
7.89080047555 	 1.41808e-06
7.90949905488 	 1.23096e-06
7.9281976342 	 3.88712e-07
7.94689621353 	 1.0105e-08
7.96559479285 	 6.34449e-07
7.98429337218 	 7.08733e-07
8.00299195151 	 1.05472e-06
8.02169053083 	 1.02586e-06
8.04038911016 	 1.27005e-06
8.05908768948 	 1.13436e-06
8.07778626881 	 7.02045e-07
8.09648484814 	 2.58859e-07
8.11518342746 	 2.89469e-07
8.13388200679 	 2.51694e-07
8.15258058611 	 3.26579e-07
8.17127916544 	 6.12971e-07
8.18997774477 	 7.15571e-07
8.20867632409 	 9.53849e-07
8.22737490342 	 1.34359e-06
8.24607348274 	 1.1479e-06
8.26477206207 	 8.01035e-07
8.2834706414 	 7.22724e-07
8.30216922072 	 3.19853e-07
8.32086780005 	 1.03989e-06
8.33956637937 	 1.14567e-06
8.3582649587 	 9.24797e-07
8.37696353803 	 4.88862e-07
8.39566211735 	 7.48058e-07
8.41436069668 	 6.7272e-07
8.433059276 	 6.00694e-07
8.45175785533 	 2.74526e-07
8.47045643465 	 2.96806e-07
8.48915501398 	 2.83013e-07
8.50785359331 	 5.18106e-07
8.52655217263 	 4.81829e-07
8.54525075196 	 6.15911e-07
8.56394933128 	 4.57008e-07
8.58264791061 	 2.78157e-07
8.60134648994 	 3.973e-08
8.62004506926 	 1.86799e-07
8.63874364859 	 2.78416e-07
8.65744222791 	 2.12531e-07
8.67614080724 	 4.64813e-07
8.69483938657 	 5.20408e-07
8.71353796589 	 5.86022e-07
8.73223654522 	 1.10387e-07
8.75093512454 	 3.74199e-07
8.76963370387 	 5.51185e-07
8.7883322832 	 2.70247e-07
8.80703086252 	 1.34059e-07
8.82572944185 	 5.87872e-07
8.84442802117 	 7.29813e-07
8.8631266005 	 8.01638e-07
8.88182517983 	 4.98455e-07
8.90052375915 	 5.56251e-07
8.91922233848 	 7.10091e-07
8.9379209178 	 6.86529e-07
8.95661949713 	 6.61747e-07
8.97531807646 	 6.19681e-07
8.99401665578 	 3.48482e-07
9.01271523511 	 1.77419e-07
9.03141381443 	 3.30569e-07
9.05011239376 	 1.49344e-07
9.06881097309 	 3.56759e-07
9.08750955241 	 4.78572e-07
9.10620813174 	 6.2826e-07
9.12490671106 	 4.67473e-07
9.14360529039 	 3.26773e-07
9.16230386971 	 7.8649e-08
9.18100244904 	 2.12809e-07
9.19970102837 	 1.6909e-07
9.21839960769 	 4.62229e-07
9.23709818702 	 7.56113e-07
9.25579676634 	 8.82943e-07
9.27449534567 	 8.72022e-07
9.293193925 	 8.97945e-07
9.31189250432 	 8.8218e-07
9.33059108365 	 6.10457e-07
9.34928966297 	 5.33467e-07
9.3679882423 	 4.10897e-07
9.38668682163 	 6.26931e-07
9.40538540095 	 8.19823e-07
9.42408398028 	 9.10714e-07
9.4427825596 	 7.15541e-07
9.46148113893 	 5.99224e-07
9.48017971826 	 8.25847e-07
9.49887829758 	 7.00234e-07
9.51757687691 	 6.09478e-07
9.53627545623 	 4.70679e-07
9.55497403556 	 2.3301e-07
9.57367261489 	 2.50156e-07
9.59237119421 	 3.4355e-07
9.61106977354 	 2.00127e-07
9.62976835286 	 1.45944e-07
9.64846693219 	 1.8856e-07
9.66716551152 	 3.09792e-07
9.68586409084 	 3.90884e-07
9.70456267017 	 4.68982e-07
9.72326124949 	 4.55242e-07
9.74195982882 	 5.22684e-07
9.76065840815 	 3.13789e-07
9.77935698747 	 3.19537e-07
9.7980555668 	 2.54179e-07
9.81675414612 	 3.16172e-07
9.83545272545 	 1.66085e-07
9.85415130478 	 3.46039e-07
9.8728498841 	 3.52556e-07
9.89154846343 	 2.06719e-07
9.91024704275 	 3.00199e-07
9.92894562208 	 1.92314e-07
9.9476442014 	 7.46537e-08
9.96634278073 	 4.60032e-07
9.98504136006 	 4.4075e-07
10.0037399394 	 4.69362e-07
10.0224385187 	 1.21033e-07
10.041137098 	 1.75197e-07
10.0598356774 	 2.41579e-07
10.0785342567 	 2.73596e-07
10.097232836 	 2.48874e-07
10.1159314153 	 3.32182e-07
10.1346299947 	 4.07979e-07
10.153328574 	 2.58339e-07
10.1720271533 	 2.3475e-07
10.1907257326 	 5.31218e-07
10.209424312 	 7.81123e-07
10.2281228913 	 6.60156e-07
10.2468214706 	 7.68179e-07
10.2655200499 	 7.08774e-07
10.2842186293 	 1.04525e-06
10.3029172086 	 8.50516e-07
10.3216157879 	 8.32962e-07
10.3403143672 	 1.0252e-06
10.3590129466 	 1.06135e-06
10.3777115259 	 8.80006e-07
10.3964101052 	 1.0786e-06
10.4151086846 	 1.41882e-06
10.4338072639 	 1.37678e-06
10.4525058432 	 1.33516e-06
10.4712044225 	 1.41901e-06
10.4899030019 	 1.03835e-06
10.5086015812 	 2.90806e-07
10.5273001605 	 2.5896e-07
10.5459987398 	 3.54282e-07
10.5646973192 	 3.81296e-07
10.5833958985 	 3.44016e-07
10.6020944778 	 3.78613e-07
10.6207930571 	 3.46385e-07
10.6394916365 	 6.73816e-07
10.6581902158 	 6.95117e-07
10.6768887951 	 8.48348e-07
10.6955873744 	 9.00621e-07
10.7142859538 	 1.1558e-06
10.7329845331 	 6.53654e-07
10.7516831124 	 9.39498e-07
10.7703816917 	 8.82331e-07
10.7890802711 	 1.03628e-06
10.8077788504 	 1.37106e-06
10.8264774297 	 1.27095e-06
10.8451760091 	 1.21163e-06
10.8638745884 	 1.11026e-06
10.8825731677 	 8.0456e-07
10.901271747 	 6.99298e-07
10.9199703264 	 7.89028e-07
10.9386689057 	 8.36448e-07
10.957367485 	 8.31028e-07
10.9760660643 	 5.93818e-07
10.9947646437 	 6.63479e-07
11.013463223 	 4.1559e-07
11.0321618023 	 5.44713e-07
11.0508603816 	 1.07269e-06
11.069558961 	 1.37573e-06
11.0882575403 	 1.40996e-06
11.1069561196 	 1.14093e-06
11.1256546989 	 6.55883e-07
11.1443532783 	 1.11719e-07
11.1630518576 	 2.58209e-07
11.1817504369 	 1.52623e-07
11.2004490162 	 3.45217e-07
11.2191475956 	 4.49895e-07
11.2378461749 	 3.9896e-07
11.2565447542 	 8.4104e-07
11.2752433335 	 1.02188e-06
11.2939419129 	 9.29161e-07
11.3126404922 	 1.07954e-06
11.3313390715 	 1.25649e-06
11.3500376509 	 1.37905e-06
11.3687362302 	 1.21546e-06
11.3874348095 	 1.01953e-06
11.4061333888 	 6.04703e-07
11.4248319682 	 4.06211e-07
11.4435305475 	 2.97354e-07
11.4622291268 	 5.26642e-08
11.4809277061 	 4.3321e-07
11.4996262855 	 3.45242e-07
11.5183248648 	 4.16591e-07
11.5370234441 	 5.68942e-07
11.5557220234 	 5.90451e-07
11.5744206028 	 2.15821e-07
11.5931191821 	 2.77866e-07
11.6118177614 	 4.75611e-07
11.6305163407 	 3.08878e-07
11.6492149201 	 2.72199e-07
11.6679134994 	 1.42725e-07
11.6866120787 	 8.8927e-08
11.705310658 	 9.07422e-08
11.7240092374 	 1.01101e-07
11.7427078167 	 1.70992e-07
11.761406396 	 2.10228e-07
11.7801049753 	 2.73788e-07
11.7988035547 	 3.19222e-07
11.817502134 	 4.00922e-07
11.8362007133 	 4.29058e-07
11.8548992927 	 2.94758e-07
11.873597872 	 3.05849e-07
11.8922964513 	 2.30809e-07
11.9109950306 	 1.71814e-07
11.92969361 	 2.16303e-07
11.9483921893 	 2.42227e-07
11.9670907686 	 2.5209e-07
11.9857893479 	 3.02463e-07
12.0044879273 	 2.42782e-07
12.0231865066 	 2.65975e-07
12.0418850859 	 2.89606e-07
12.0605836652 	 3.64089e-07
12.0792822446 	 2.29579e-07
12.0979808239 	 2.44489e-07
12.1166794032 	 2.99582e-07
12.1353779825 	 2.60992e-07
12.1540765619 	 2.37791e-07
12.1727751412 	 1.90157e-07
12.1914737205 	 1.89344e-07
12.2101722998 	 1.92665e-07
12.2288708792 	 2.06845e-07
12.2475694585 	 2.31747e-07
12.2662680378 	 1.58703e-07
12.2849666171 	 1.28058e-07
12.3036651965 	 8.61116e-08
12.3223637758 	 1.08129e-07
12.3410623551 	 1.47235e-07
12.3597609345 	 2.05992e-07
12.3784595138 	 1.81182e-07
12.3971580931 	 1.66193e-07
12.4158566724 	 8.23157e-08
12.4345552518 	 1.43845e-07
12.4532538311 	 1.60197e-07
12.4719524104 	 1.78373e-07
12.4906509897 	 1.80909e-07
12.5093495691 	 1.49598e-07
12.5280481484 	 8.74984e-08
12.5467467277 	 8.94475e-08
12.565445307 	 1.23386e-07
12.5841438864 	 2.5372e-08
12.6028424657 	 4.55131e-08
12.621541045 	 8.31498e-08
12.6402396243 	 1.00728e-07
12.6589382037 	 1.25473e-07
12.677636783 	 1.74376e-07
12.6963353623 	 1.86129e-07
12.7150339416 	 1.60239e-07
12.733732521 	 1.5871e-07
12.7524311003 	 9.26247e-08
12.7711296796 	 3.52412e-08
12.7898282589 	 1.45324e-07
12.8085268383 	 1.88286e-07
12.8272254176 	 1.62662e-07
12.8459239969 	 2.00151e-07
12.8646225763 	 2.05835e-07
12.8833211556 	 1.64435e-07
12.9020197349 	 1.8453e-07
12.9207183142 	 1.63219e-07
12.9394168936 	 1.60417e-07
12.9581154729 	 1.16396e-07
12.9768140522 	 1.21463e-07
12.9955126315 	 1.25022e-07
13.0142112109 	 1.56354e-07
13.0329097902 	 1.54294e-07
13.0516083695 	 1.18649e-07
13.0703069488 	 1.38289e-07
13.0890055282 	 1.37307e-07
13.1077041075 	 1.21448e-07
13.1264026868 	 8.77339e-08
13.1451012661 	 1.13925e-07
13.1637998455 	 1.4809e-07
13.1824984248 	 1.372e-07
13.2011970041 	 1.2458e-07
13.2198955834 	 9.34686e-08
13.2385941628 	 8.68065e-08
13.2572927421 	 1.15174e-07
13.2759913214 	 8.96112e-08
13.2946899007 	 1.03238e-07
13.3133884801 	 8.71633e-08
13.3320870594 	 5.32083e-08
13.3507856387 	 6.34024e-08
13.3694842181 	 3.62129e-08
13.3881827974 	 3.31668e-08
13.4068813767 	 5.86409e-08
13.425579956 	 9.19672e-08
13.4442785354 	 1.26062e-07
13.4629771147 	 1.42173e-07
13.481675694 	 1.20643e-07
13.5003742733 	 9.70587e-08
13.5190728527 	 6.47083e-08
13.537771432 	 4.86899e-08
13.5564700113 	 3.35327e-08
13.5751685906 	 3.33014e-08
13.59386717 	 3.15552e-08
13.6125657493 	 2.16899e-08
13.6312643286 	 4.95972e-08
13.6499629079 	 3.31908e-08
13.6686614873 	 4.79222e-08
13.6873600666 	 3.6142e-08
13.7060586459 	 4.85464e-08
13.7247572252 	 6.3512e-08
13.7434558046 	 6.7107e-08
13.7621543839 	 6.65037e-08
13.7808529632 	 6.55886e-08
13.7995515426 	 5.34717e-08
13.8182501219 	 3.51335e-08
13.8369487012 	 6.22037e-08
13.8556472805 	 1.63468e-08
13.8743458599 	 3.67658e-08
13.8930444392 	 2.82477e-08
13.9117430185 	 4.58674e-08
13.9304415978 	 6.59899e-08
13.9491401772 	 2.29559e-08
13.9678387565 	 1.79387e-08
13.9865373358 	 7.15983e-09
14.0052359151 	 2.53109e-08
14.0239344945 	 5.08114e-08
14.0426330738 	 5.61783e-08
14.0613316531 	 5.4156e-08
14.0800302324 	 3.89247e-08
14.0987288118 	 4.27289e-08
14.1174273911 	 3.37975e-08
14.1361259704 	 6.29612e-09
14.1548245497 	 1.33638e-08
14.1735231291 	 6.06681e-09
14.1922217084 	 4.17536e-08
14.2109202877 	 3.48241e-08
14.229618867 	 4.15394e-08
14.2483174464 	 3.68699e-08
14.2670160257 	 3.30009e-08
14.285714605 	 2.88712e-08
14.3044131844 	 2.86893e-08
14.3231117637 	 3.05479e-08
14.341810343 	 1.90643e-08
14.3605089223 	 1.57152e-08
14.3792075017 	 2.55039e-08
14.397906081 	 3.71808e-08
14.4166046603 	 4.75614e-08
14.4353032396 	 4.26165e-08
14.454001819 	 5.70743e-08
14.4727003983 	 5.94537e-08
14.4913989776 	 4.84115e-08
14.5100975569 	 3.01746e-08
14.5287961363 	 3.14158e-08
14.5474947156 	 4.84577e-08
14.5661932949 	 3.15553e-08
14.5848918742 	 3.77125e-08
14.6035904536 	 3.30558e-08
14.6222890329 	 5.10949e-08
14.6409876122 	 3.46345e-08
14.6596861915 	 3.93572e-08
14.6783847709 	 2.91566e-08
14.6970833502 	 3.20004e-09
14.7157819295 	 1.62021e-08
14.7344805088 	 2.88846e-08
14.7531790882 	 3.00667e-08
14.7718776675 	 4.84321e-08
14.7905762468 	 3.0126e-08
14.8092748262 	 2.71249e-08
14.8279734055 	 1.10046e-08
14.8466719848 	 1.59568e-08
14.8653705641 	 1.79248e-08
14.8840691435 	 3.06785e-08
14.9027677228 	 2.05441e-08
14.9214663021 	 2.11458e-08
14.9401648814 	 2.63582e-08
14.9588634608 	 2.25295e-08
14.9775620401 	 1.4081e-08
14.9962606194 	 1.27124e-08
15.0149591987 	 2.18996e-08
15.0336577781 	 3.49368e-08
15.0523563574 	 1.89268e-08
15.0710549367 	 1.73935e-08
15.089753516 	 2.26701e-08
15.1084520954 	 1.86934e-08
15.1271506747 	 3.16133e-08
15.145849254 	 2.91031e-08
15.1645478333 	 2.3109e-08
15.1832464127 	 1.8601e-08
15.201944992 	 1.81957e-08
15.2206435713 	 2.38662e-08
15.2393421506 	 3.72946e-08
15.25804073 	 2.77129e-08
15.2767393093 	 1.48397e-08
15.2954378886 	 1.50787e-08
15.314136468 	 9.93503e-09
15.3328350473 	 2.02418e-08
15.3515336266 	 1.54056e-08
15.3702322059 	 5.61447e-09
15.3889307853 	 1.5806e-08
15.4076293646 	 1.52151e-08
15.4263279439 	 1.74688e-08
15.4450265232 	 8.28872e-09
15.4637251026 	 1.70554e-08
15.4824236819 	 1.11154e-08
15.5011222612 	 1.61054e-08
15.5198208405 	 2.1174e-08
15.5385194199 	 9.93158e-09
15.5572179992 	 8.28392e-09
15.5759165785 	 9.08366e-09
15.5946151578 	 1.51476e-08
15.6133137372 	 1.04476e-08
15.6320123165 	 3.69527e-09
15.6507108958 	 5.93266e-09
15.6694094751 	 4.52486e-09
15.6881080545 	 8.42939e-09
15.7068066338 	 1.16281e-08
15.7255052131 	 2.00889e-08
15.7442037924 	 1.4974e-08
15.7629023718 	 1.07465e-08
15.7816009511 	 1.1551e-08
15.8002995304 	 9.72747e-09
15.8189981098 	 1.13154e-08
15.8376966891 	 1.02166e-08
15.8563952684 	 6.45153e-09
15.8750938477 	 8.18745e-09
15.8937924271 	 3.67723e-09
15.9124910064 	 9.18737e-09
15.9311895857 	 3.17842e-09
15.949888165 	 1.01227e-09
15.9685867444 	 1.04238e-08
15.9872853237 	 1.29297e-08
16.005983903 	 1.39398e-08
16.0246824823 	 6.86257e-09
16.0433810617 	 8.98226e-09
16.062079641 	 3.99825e-09
16.0807782203 	 6.33285e-09
16.0994767996 	 1.51203e-08
16.118175379 	 1.92271e-08
16.1368739583 	 1.00636e-08
16.1555725376 	 5.54547e-09
16.1742711169 	 1.12007e-08
16.1929696963 	 1.46725e-08
16.2116682756 	 4.76853e-09
16.2303668549 	 5.27757e-09
16.2490654342 	 1.23454e-08
16.2677640136 	 1.23163e-08
16.2864625929 	 1.44861e-08
16.3051611722 	 1.06174e-08
16.3238597516 	 4.17651e-09
16.3425583309 	 2.80121e-09
16.3612569102 	 1.14103e-09
16.3799554895 	 3.68223e-09
16.3986540689 	 9.01143e-09
16.4173526482 	 4.0871e-09
16.4360512275 	 4.85474e-09
16.4547498068 	 8.45041e-09
16.4734483862 	 1.14219e-08
16.4921469655 	 1.79879e-08
16.5108455448 	 1.73565e-08
16.5295441241 	 1.02413e-08
16.5482427035 	 1.56869e-09
16.5669412828 	 7.31811e-09
16.5856398621 	 7.50094e-09
16.6043384414 	 1.01194e-08
16.6230370208 	 1.1691e-08
16.6417356001 	 1.69131e-08
16.6604341794 	 1.92342e-08
16.6791327587 	 1.95277e-08
16.6978313381 	 1.29658e-08
16.7165299174 	 5.8042e-09
16.7352284967 	 1.44356e-08
16.7539270761 	 5.00496e-09
16.7726256554 	 2.48345e-09
16.7913242347 	 2.33004e-09
16.810022814 	 7.54705e-09
16.8287213934 	 1.10574e-08
16.8474199727 	 7.49443e-09
16.866118552 	 6.92257e-09
16.8848171313 	 1.42194e-08
16.9035157107 	 1.33844e-08
16.92221429 	 1.6649e-08
16.9409128693 	 1.62509e-08
16.9596114486 	 2.12637e-08
16.978310028 	 1.97817e-08
16.9970086073 	 1.20586e-08
17.0157071866 	 8.09509e-09
17.0344057659 	 1.16229e-08
17.0531043453 	 1.39065e-08
17.0718029246 	 1.20443e-08
17.0905015039 	 1.69238e-08
17.1092000832 	 1.68797e-08
17.1278986626 	 8.78229e-09
17.1465972419 	 8.14608e-09
17.1652958212 	 1.03162e-08
17.1839944005 	 4.45543e-09
17.2026929799 	 2.65184e-09
17.2213915592 	 1.03883e-08
17.2400901385 	 5.08806e-09
17.2587887179 	 1.17355e-09
17.2774872972 	 2.19718e-09
17.2961858765 	 8.73766e-09
17.3148844558 	 8.10166e-09
17.3335830352 	 7.69411e-09
17.3522816145 	 5.02803e-09
17.3709801938 	 7.71725e-09
17.3896787731 	 6.04208e-09
17.4083773525 	 7.85869e-09
17.4270759318 	 3.62769e-09
17.4457745111 	 3.57943e-09
17.4644730904 	 4.56604e-09
17.4831716698 	 5.7144e-09
17.5018702491 	 1.20713e-08
17.5205688284 	 7.34368e-09
17.5392674077 	 8.19175e-09
17.5579659871 	 5.5796e-09
17.5766645664 	 7.40186e-09
17.5953631457 	 3.69084e-09
17.614061725 	 1.22579e-08
17.6327603044 	 4.26782e-09
17.6514588837 	 2.88014e-09
17.670157463 	 1.88898e-09
17.6888560423 	 1.32832e-09
17.7075546217 	 1.15399e-09
17.726253201 	 4.1686e-09
17.7449517803 	 7.35528e-09
17.7636503597 	 9.84539e-09
17.782348939 	 1.16393e-08
17.8010475183 	 1.52689e-08
17.8197460976 	 8.98985e-09
17.838444677 	 2.5465e-09
17.8571432563 	 1.14534e-09
17.8758418356 	 2.05559e-09
17.8945404149 	 5.95944e-09
17.9132389943 	 6.93744e-09
17.9319375736 	 2.33689e-09
17.9506361529 	 7.22817e-09
17.9693347322 	 7.05078e-09
17.9880333116 	 1.05949e-08
18.0067318909 	 2.65484e-09
18.0254304702 	 5.65376e-09
18.0441290495 	 5.64903e-09
18.0628276289 	 5.75304e-10
18.0815262082 	 9.58957e-09
18.1002247875 	 1.02387e-08
18.1189233668 	 9.73814e-09
18.1376219462 	 7.94103e-09
18.1563205255 	 7.07561e-09
18.1750191048 	 1.37189e-08
18.1937176841 	 7.90671e-09
18.2124162635 	 9.4026e-09
18.2311148428 	 5.74356e-09
18.2498134221 	 1.63928e-09
18.2685120015 	 4.68994e-09
18.2872105808 	 3.54033e-09
18.3059091601 	 9.0367e-09
18.3246077394 	 9.49612e-09
18.3433063188 	 7.1141e-09
18.3620048981 	 4.60041e-09
18.3807034774 	 5.73827e-09
18.3994020567 	 8.99305e-09
18.4181006361 	 5.98593e-09
18.4367992154 	 5.237e-09
18.4554977947 	 7.33778e-09
18.474196374 	 8.84279e-09
18.4928949534 	 8.30847e-09
18.5115935327 	 2.40914e-09
18.530292112 	 7.14721e-09
18.5489906913 	 6.76278e-09
18.5676892707 	 3.64873e-09
18.58638785 	 2.16422e-09
18.6050864293 	 1.83934e-09
18.6237850086 	 3.18705e-09
18.642483588 	 7.13954e-09
18.6611821673 	 7.19012e-09
18.6798807466 	 6.11719e-09
18.6985793259 	 6.33352e-09
18.7172779053 	 7.73984e-10
18.7359764846 	 2.62145e-09
18.7546750639 	 3.72698e-09
18.7733736433 	 3.96847e-09
18.7920722226 	 6.13848e-09
18.8107708019 	 9.25835e-09
18.8294693812 	 1.46975e-08
18.8481679606 	 1.4271e-08
18.8668665399 	 1.45075e-08
18.8855651192 	 7.70813e-09
18.9042636985 	 7.64405e-09
18.9229622779 	 8.26633e-09
18.9416608572 	 6.96236e-09
18.9603594365 	 6.14457e-09
18.9790580158 	 7.76608e-09
18.9977565952 	 9.74475e-09
19.0164551745 	 1.06841e-08
19.0351537538 	 1.00626e-08
19.0538523331 	 1.30424e-08
19.0725509125 	 1.39126e-08
19.0912494918 	 1.40443e-08
19.1099480711 	 1.05918e-08
19.1286466504 	 1.18448e-08
19.1473452298 	 1.50988e-08
19.1660438091 	 9.38974e-09
19.1847423884 	 7.95668e-09
19.2034409677 	 6.58005e-09
19.2221395471 	 6.45374e-09
19.2408381264 	 7.64643e-09
19.2595367057 	 2.37389e-09
19.2782352851 	 1.99302e-09
19.2969338644 	 2.82341e-09
19.3156324437 	 1.43962e-09
19.334331023 	 5.05521e-09
19.3530296024 	 2.46499e-09
19.3717281817 	 2.11438e-09
19.390426761 	 6.18073e-09
19.4091253403 	 5.67439e-09
19.4278239197 	 2.96376e-09
19.446522499 	 3.99985e-09
19.4652210783 	 3.25587e-09
19.4839196576 	 1.85716e-09
19.502618237 	 2.14848e-09
19.5213168163 	 7.03641e-10
19.5400153956 	 1.30898e-09
19.5587139749 	 1.50131e-10
19.5774125543 	 3.76394e-09
19.5961111336 	 3.05784e-09
19.6148097129 	 5.87236e-09
19.6335082922 	 7.81214e-09
19.6522068716 	 6.52102e-09
19.6709054509 	 5.56261e-09
19.6896040302 	 2.76596e-09
19.7083026096 	 6.03712e-09
19.7270011889 	 3.86793e-09
19.7456997682 	 2.2705e-09
19.7643983475 	 1.24727e-09
19.7830969269 	 4.08498e-09
19.8017955062 	 3.80553e-09
19.8204940855 	 3.74609e-09
19.8391926648 	 2.35505e-09
19.8578912442 	 2.11267e-09
19.8765898235 	 1.35266e-09
19.8952884028 	 4.54916e-09
19.9139869821 	 5.58859e-09
19.9326855615 	 2.38469e-09
19.9513841408 	 4.57726e-09
19.9700827201 	 3.67479e-09
19.9887812994 	 6.26741e-09
20.0074798788 	 4.74156e-09
20.0261784581 	 2.36312e-09
20.0448770374 	 1.20571e-09
20.0635756167 	 9.47929e-10
20.0822741961 	 3.46719e-09
20.1009727754 	 2.99152e-09
20.1196713547 	 2.72534e-09
20.138369934 	 2.65533e-09
20.1570685134 	 4.63958e-09
20.1757670927 	 6.99164e-09
20.194465672 	 3.73625e-09
20.2131642514 	 1.01333e-09
20.2318628307 	 2.90311e-09
20.25056141 	 2.65619e-09
20.2692599893 	 3.31532e-09
20.2879585687 	 5.66968e-09
20.306657148 	 5.73806e-09
20.3253557273 	 4.7708e-09
20.3440543066 	 3.74768e-09
20.362752886 	 2.26528e-09
20.3814514653 	 4.97479e-09
20.4001500446 	 4.26083e-09
20.4188486239 	 1.21111e-09
20.4375472033 	 1.71002e-09
20.4562457826 	 2.48902e-09
20.4749443619 	 1.95735e-09
20.4936429412 	 8.58601e-10
20.5123415206 	 1.9517e-09
20.5310400999 	 5.05279e-09
20.5497386792 	 4.09696e-09
20.5684372585 	 8.09754e-11
20.5871358379 	 3.04042e-09
20.6058344172 	 3.5196e-09
20.6245329965 	 2.68587e-09
20.6432315758 	 1.28325e-09
20.6619301552 	 2.40213e-09
20.6806287345 	 3.00084e-09
20.6993273138 	 1.24431e-09
20.7180258932 	 2.15483e-09
20.7367244725 	 1.216e-09
20.7554230518 	 1.31295e-09
20.7741216311 	 4.28771e-10
20.7928202105 	 1.21646e-09
20.8115187898 	 1.04737e-09
20.8302173691 	 2.34095e-09
20.8489159484 	 5.49038e-09
20.8676145278 	 4.19716e-09
20.8863131071 	 2.33622e-09
20.9050116864 	 1.00706e-09
20.9237102657 	 1.01552e-09
20.9424088451 	 2.0492e-09
20.9611074244 	 1.4372e-09
20.9798060037 	 1.24723e-09
20.998504583 	 1.58008e-09
21.0172031624 	 1.21619e-09
21.0359017417 	 1.33919e-09
21.054600321 	 8.18328e-10
21.0732989003 	 1.44599e-09
21.0919974797 	 2.09065e-09
21.110696059 	 3.18966e-09
21.1293946383 	 4.65855e-09
21.1480932176 	 3.48382e-09
21.166791797 	 2.27451e-09
21.1854903763 	 3.06285e-09
21.2041889556 	 9.82884e-10
21.222887535 	 2.53333e-09
21.2415861143 	 2.27632e-09
21.2602846936 	 1.91922e-09
21.2789832729 	 5.90078e-10
21.2976818523 	 1.01137e-09
21.3163804316 	 2.64361e-09
21.3350790109 	 2.67228e-09
21.3537775902 	 3.03846e-09
21.3724761696 	 1.62079e-09
21.3911747489 	 1.19507e-09
21.4098733282 	 3.48352e-09
21.4285719075 	 3.91899e-09
21.4472704869 	 1.79626e-09
21.4659690662 	 2.24069e-09
21.4846676455 	 1.20831e-09
21.5033662248 	 3.335e-09
21.5220648042 	 3.76696e-09
21.5407633835 	 1.61368e-09
21.5594619628 	 1.28475e-09
21.5781605421 	 1.71208e-09
21.5968591215 	 1.13072e-09
21.6155577008 	 7.59095e-10
21.6342562801 	 2.09987e-09
21.6529548594 	 1.13555e-09
21.6716534388 	 1.84487e-10
21.6903520181 	 2.19514e-09
21.7090505974 	 3.29589e-09
21.7277491768 	 2.58524e-09
21.7464477561 	 6.24937e-10
21.7651463354 	 1.53798e-09
21.7838449147 	 2.81612e-09
21.8025434941 	 1.86848e-09
21.8212420734 	 2.13114e-09
21.8399406527 	 1.69569e-09
21.858639232 	 1.35673e-09
21.8773378114 	 2.39083e-09
21.8960363907 	 1.24468e-09
21.91473497 	 1.30193e-09
21.9334335493 	 7.63491e-10
21.9521321287 	 2.58809e-09
21.970830708 	 3.85975e-09
21.9895292873 	 1.83164e-09
22.0082278666 	 1.27223e-09
22.026926446 	 2.22936e-09
22.0456250253 	 1.54709e-09
22.0643236046 	 9.90809e-10
22.0830221839 	 4.62691e-10
22.1017207633 	 7.92963e-10
22.1204193426 	 1.32968e-09
22.1391179219 	 2.27838e-09
22.1578165012 	 1.82275e-09
22.1765150806 	 1.13033e-09
22.1952136599 	 1.61779e-09
22.2139122392 	 1.26366e-09
22.2326108186 	 2.02139e-09
22.2513093979 	 7.36498e-10
22.2700079772 	 3.4598e-10
22.2887065565 	 1.06126e-09
22.3074051359 	 4.03433e-10
22.3261037152 	 1.15417e-09
22.3448022945 	 5.00863e-10
22.3635008738 	 4.81174e-10
22.3821994532 	 1.98183e-09
22.4008980325 	 1.81641e-09
22.4195966118 	 1.59598e-09
22.4382951911 	 1.70142e-09
22.4569937705 	 1.8843e-09
22.4756923498 	 1.1501e-09
22.4943909291 	 4.47456e-10
22.5130895084 	 8.79485e-10
22.5317880878 	 1.5976e-09
22.5504866671 	 2.88887e-09
22.5691852464 	 1.94806e-09
22.5878838257 	 3.76618e-10
22.6065824051 	 1.30749e-09
22.6252809844 	 1.96381e-09
22.6439795637 	 1.23901e-09
22.662678143 	 5.36191e-10
22.6813767224 	 1.4428e-09
22.7000753017 	 1.38721e-09
22.718773881 	 7.61825e-10
22.7374724604 	 9.26117e-10
22.7561710397 	 1.22557e-09
22.774869619 	 2.46774e-09
22.7935681983 	 1.75222e-09
22.8122667777 	 8.29712e-10
22.830965357 	 9.78776e-10
22.8496639363 	 7.26824e-10
22.8683625156 	 7.7091e-10
22.887061095 	 7.22913e-10
22.9057596743 	 4.545e-10
22.9244582536 	 9.54453e-10
22.9431568329 	 1.48373e-09
22.9618554123 	 1.90726e-09
22.9805539916 	 2.47367e-09
22.9992525709 	 2.35049e-09
23.0179511502 	 1.95511e-09
23.0366497296 	 5.44401e-10
23.0553483089 	 1.15158e-09
23.0740468882 	 1.07111e-09
23.0927454675 	 5.85664e-10
23.1114440469 	 1.41679e-09
23.1301426262 	 1.23746e-09
23.1488412055 	 8.96197e-10
23.1675397849 	 9.43036e-10
23.1862383642 	 1.19636e-09
23.2049369435 	 1.29721e-09
23.2236355228 	 8.60609e-10
23.2423341022 	 7.66427e-10
23.2610326815 	 2.92183e-10
23.2797312608 	 3.44306e-10
23.2984298401 	 6.04337e-10
23.3171284195 	 3.74199e-10
23.3358269988 	 1.22235e-09
23.3545255781 	 1.71169e-09
23.3732241574 	 1.21267e-09
23.3919227368 	 1.5464e-09
23.4106213161 	 1.20983e-09
23.4293198954 	 1.05776e-09
23.4480184747 	 6.58886e-10
23.4667170541 	 7.11315e-10
23.4854156334 	 1.38822e-09
23.5041142127 	 1.22451e-09
23.522812792 	 2.04896e-10
23.5415113714 	 2.739e-10
23.5602099507 	 1.03044e-09
23.57890853 	 1.1691e-09
23.5976071093 	 9.66464e-10
23.6163056887 	 2.14935e-09
23.635004268 	 2.20275e-09
23.6537028473 	 8.20794e-10
23.6724014267 	 6.16352e-10
23.691100006 	 5.57002e-10
23.7097985853 	 9.04539e-10
23.7284971646 	 6.59516e-10
23.747195744 	 3.70014e-10
23.7658943233 	 9.32577e-10
23.7845929026 	 2.87504e-10
23.8032914819 	 7.97756e-10
23.8219900613 	 6.79868e-10
23.8406886406 	 6.77929e-10
23.8593872199 	 6.38046e-10
23.8780857992 	 6.75668e-10
23.8967843786 	 6.24601e-10
23.9154829579 	 1.01654e-09
23.9341815372 	 1.2462e-09
23.9528801165 	 1.83859e-09
23.9715786959 	 6.24228e-10
23.9902772752 	 4.87581e-10
24.0089758545 	 6.40679e-10
24.0276744338 	 4.86147e-10
24.0463730132 	 6.29773e-10
24.0650715925 	 1.262e-09
24.0837701718 	 8.54448e-10
24.1024687511 	 3.66922e-10
24.1211673305 	 9.7118e-10
24.1398659098 	 7.44661e-10
24.1585644891 	 5.02028e-10
24.1772630685 	 9.91522e-10
24.1959616478 	 1.5062e-09
24.2146602271 	 1.38732e-09
24.2333588064 	 6.59962e-10
24.2520573858 	 5.15884e-10
24.2707559651 	 8.5649e-10
24.2894545444 	 7.39216e-10
24.3081531237 	 3.21015e-10
24.3268517031 	 5.44551e-10
24.3455502824 	 1.01418e-09
24.3642488617 	 7.47822e-10
24.382947441 	 9.2857e-10
24.4016460204 	 7.18986e-10
24.4203445997 	 3.72142e-10
24.439043179 	 3.64131e-10
24.4577417583 	 7.09525e-10
24.4764403377 	 1.22775e-09
24.495138917 	 1.11846e-09
24.5138374963 	 7.42387e-10
24.5325360756 	 6.59726e-10
24.551234655 	 4.71498e-10
24.5699332343 	 4.34591e-10
24.5886318136 	 6.95244e-10
24.6073303929 	 8.114e-10
24.6260289723 	 8.64665e-10
24.6447275516 	 7.14856e-10
24.6634261309 	 9.9796e-10
24.6821247103 	 7.96196e-10
24.7008232896 	 4.8743e-10
24.7195218689 	 3.92396e-10
24.7382204482 	 1.04857e-09
24.7569190276 	 9.45994e-10
24.7756176069 	 7.53657e-10
24.7943161862 	 8.44836e-10
24.8130147655 	 6.72066e-10
24.8317133449 	 4.95746e-10
24.8504119242 	 6.34883e-10
24.8691105035 	 6.28859e-10
24.8878090828 	 6.81404e-10
24.9065076622 	 6.00429e-10
24.9252062415 	 4.25457e-10
24.9439048208 	 7.18204e-10
24.9626034001 	 5.6708e-10
24.9813019795 	 7.43568e-10
25.0000005588 	 9.5817e-10
25.0186991381 	 5.87818e-10
25.0373977174 	 5.52327e-10
25.0560962968 	 9.98881e-10
25.0747948761 	 1.17577e-09
25.0934934554 	 1.0546e-09
25.1121920347 	 9.02004e-10
25.1308906141 	 5.94072e-10
25.1495891934 	 9.55959e-11
25.1682877727 	 3.18097e-10
25.1869863521 	 6.43911e-10
25.2056849314 	 8.03436e-10
25.2243835107 	 4.23671e-10
25.24308209 	 9.02306e-10
25.2617806694 	 8.10741e-10
25.2804792487 	 4.9726e-10
25.299177828 	 8.66823e-10
25.3178764073 	 8.87991e-10
25.3365749867 	 5.95841e-10
25.355273566 	 9.02344e-10
25.3739721453 	 6.23707e-10
25.3926707246 	 7.56875e-10
25.411369304 	 1.0227e-09
25.4300678833 	 6.65734e-10
25.4487664626 	 8.83357e-10
25.4674650419 	 6.36203e-10
25.4861636213 	 2.21947e-10
25.5048622006 	 6.0139e-10
25.5235607799 	 3.83742e-10
25.5422593592 	 8.00506e-10
25.5609579386 	 7.51761e-10
25.5796565179 	 7.73528e-10
25.5983550972 	 7.88446e-10
25.6170536765 	 5.23017e-10
25.6357522559 	 5.78644e-10
25.6544508352 	 8.27581e-10
25.6731494145 	 6.69677e-10
25.6918479939 	 5.81082e-10
25.7105465732 	 5.94595e-10
25.7292451525 	 6.19529e-10
25.7479437318 	 8.27859e-10
25.7666423112 	 1.02845e-09
25.7853408905 	 8.66511e-10
25.8040394698 	 4.2303e-10
25.8227380491 	 4.83156e-10
25.8414366285 	 8.27651e-10
25.8601352078 	 9.10858e-10
25.8788337871 	 7.7307e-10
25.8975323664 	 6.21501e-10
25.9162309458 	 5.62144e-10
25.9349295251 	 6.35068e-10
25.9536281044 	 6.13816e-10
25.9723266837 	 6.91988e-10
25.9910252631 	 8.12103e-10
26.0097238424 	 4.6387e-10
26.0284224217 	 3.78024e-10
26.047121001 	 6.12044e-10
26.0658195804 	 4.61752e-10
26.0845181597 	 5.98172e-10
26.103216739 	 7.58394e-10
26.1219153184 	 7.13794e-10
26.1406138977 	 6.90714e-10
26.159312477 	 6.55767e-10
26.1780110563 	 6.82183e-10
26.1967096357 	 5.73063e-10
26.215408215 	 6.3407e-10
26.2341067943 	 6.8957e-10
26.2528053736 	 9.31439e-10
26.271503953 	 9.73587e-10
26.2902025323 	 5.38098e-10
26.3089011116 	 8.93843e-10
26.3275996909 	 8.01075e-10
26.3462982703 	 4.47916e-10
26.3649968496 	 7.35391e-10
26.3836954289 	 5.35254e-10
26.4023940082 	 4.1142e-10
26.4210925876 	 5.31077e-10
26.4397911669 	 7.71796e-10
26.4584897462 	 7.87537e-10
26.4771883255 	 6.70554e-10
26.4958869049 	 6.27641e-10
26.5145854842 	 6.74179e-10
26.5332840635 	 4.63341e-10
26.5519826428 	 5.27445e-10
26.5706812222 	 6.09672e-10
26.5893798015 	 6.13874e-10
26.6080783808 	 4.53494e-10
26.6267769602 	 6.23445e-10
26.6454755395 	 8.66515e-10
26.6641741188 	 8.21783e-10
26.6828726981 	 7.17777e-10
26.7015712775 	 8.46096e-10
26.7202698568 	 9.69799e-10
26.7389684361 	 7.3092e-10
26.7576670154 	 5.46077e-10
26.7763655948 	 6.16668e-10
26.7950641741 	 6.33572e-10
26.8137627534 	 4.59218e-10
26.8324613327 	 4.89781e-10
26.8511599121 	 5.57022e-10
26.8698584914 	 6.50397e-10
26.8885570707 	 5.59748e-10
26.90725565 	 5.19639e-10
26.9259542294 	 5.08923e-10
26.9446528087 	 6.01334e-10
26.963351388 	 7.09612e-10
26.9820499673 	 5.31764e-10
27.0007485467 	 5.4135e-10
27.019447126 	 7.06779e-10
27.0381457053 	 6.73829e-10
27.0568442846 	 7.37953e-10
27.075542864 	 8.36902e-10
27.0942414433 	 8.4355e-10
27.1129400226 	 7.27377e-10
27.131638602 	 5.42595e-10
27.1503371813 	 4.65409e-10
27.1690357606 	 5.66316e-10
27.1877343399 	 6.95729e-10
27.2064329193 	 8.11132e-10
27.2251314986 	 8.14857e-10
27.2438300779 	 6.44098e-10
27.2625286572 	 3.44724e-10
27.2812272366 	 5.56233e-10
27.2999258159 	 5.14608e-10
27.3186243952 	 6.01205e-10
27.3373229745 	 6.96972e-10
27.3560215539 	 6.01858e-10
27.3747201332 	 7.54025e-10
27.3934187125 	 6.56195e-10
27.4121172918 	 5.82812e-10
27.4308158712 	 7.36062e-10
27.4495144505 	 6.83815e-10
27.4682130298 	 4.80429e-10
27.4869116091 	 3.44435e-10
27.5056101885 	 6.61978e-10
27.5243087678 	 7.01349e-10
27.5430073471 	 6.79886e-10
27.5617059264 	 7.88008e-10
27.5804045058 	 7.0553e-10
27.5991030851 	 4.86339e-10
27.6178016644 	 5.85259e-10
27.6365002438 	 4.66228e-10
27.6551988231 	 5.90375e-10
27.6738974024 	 6.64689e-10
27.6925959817 	 6.19575e-10
27.7112945611 	 6.52531e-10
27.7299931404 	 7.17356e-10
27.7486917197 	 7.34178e-10
27.767390299 	 6.21886e-10
27.7860888784 	 5.21116e-10
27.8047874577 	 5.60068e-10
27.823486037 	 5.59394e-10
27.8421846163 	 7.4564e-10
27.8608831957 	 6.01708e-10
27.879581775 	 5.6995e-10
27.8982803543 	 6.61187e-10
27.9169789336 	 7.14898e-10
27.935677513 	 5.91959e-10
27.9543760923 	 5.03468e-10
27.9730746716 	 4.54549e-10
27.9917732509 	 5.933e-10
28.0104718303 	 5.92502e-10
28.0291704096 	 6.52197e-10
28.0478689889 	 7.63553e-10
28.0665675682 	 6.98876e-10
28.0852661476 	 7.03106e-10
28.1039647269 	 4.93137e-10
28.1226633062 	 4.20085e-10
28.1413618856 	 5.3264e-10
28.1600604649 	 6.17082e-10
28.1787590442 	 7.66482e-10
28.1974576235 	 8.53699e-10
28.2161562029 	 8.57338e-10
28.2348547822 	 7.93795e-10
28.2535533615 	 5.11174e-10
28.2722519408 	 4.61387e-10
28.2909505202 	 5.7851e-10
28.3096490995 	 5.15673e-10
28.3283476788 	 5.10827e-10
28.3470462581 	 5.16817e-10
28.3657448375 	 6.05757e-10
28.3844434168 	 6.34158e-10
28.4031419961 	 6.62134e-10
28.4218405754 	 5.98142e-10
28.4405391548 	 5.26205e-10
28.4592377341 	 5.09143e-10
28.4779363134 	 6.54283e-10
28.4966348927 	 6.56167e-10
28.5153334721 	 6.47803e-10
28.5340320514 	 7.80223e-10
28.5527306307 	 6.24473e-10
28.57142921 	 6.05023e-10
28.5901277894 	 5.31044e-10
28.6088263687 	 4.31826e-10
28.627524948 	 5.37792e-10
28.6462235274 	 6.49897e-10
28.6649221067 	 6.95022e-10
28.683620686 	 6.81669e-10
28.7023192653 	 6.33689e-10
28.7210178447 	 5.99692e-10
28.739716424 	 4.94969e-10
28.7584150033 	 5.90365e-10
28.7771135826 	 6.20859e-10
28.795812162 	 6.33315e-10
28.8145107413 	 6.9033e-10
28.8332093206 	 5.67855e-10
28.8519078999 	 5.99118e-10
28.8706064793 	 6.05828e-10
28.8893050586 	 4.76973e-10
28.9080036379 	 5.57372e-10
28.9267022172 	 6.47992e-10
28.9454007966 	 6.32897e-10
28.9640993759 	 6.75851e-10
28.9827979552 	 6.32998e-10
29.0014965345 	 6.23643e-10
29.0201951139 	 5.48211e-10
29.0388936932 	 4.59536e-10
29.0575922725 	 5.63685e-10
29.0762908519 	 7.0226e-10
29.0949894312 	 7.0636e-10
29.1136880105 	 6.36839e-10
29.1323865898 	 6.61052e-10
29.1510851692 	 5.74366e-10
29.1697837485 	 5.5774e-10
29.1884823278 	 5.65731e-10
29.2071809071 	 4.7454e-10
29.2258794865 	 5.65155e-10
29.2445780658 	 5.34823e-10
29.2632766451 	 5.36837e-10
29.2819752244 	 5.7417e-10
29.3006738038 	 5.85335e-10
29.3193723831 	 6.633e-10
29.3380709624 	 6.45403e-10
29.3567695417 	 6.55892e-10
29.3754681211 	 5.72474e-10
29.3941667004 	 5.85499e-10
29.4128652797 	 6.0998e-10
29.431563859 	 5.66279e-10
29.4502624384 	 5.81205e-10
29.4689610177 	 6.01443e-10
29.487659597 	 4.9064e-10
29.5063581763 	 4.43628e-10
29.5250567557 	 5.93091e-10
29.543755335 	 6.51444e-10
29.5624539143 	 6.57928e-10
29.5811524937 	 6.81319e-10
29.599851073 	 7.01195e-10
29.6185496523 	 6.45205e-10
29.6372482316 	 5.63509e-10
29.655946811 	 5.86607e-10
29.6746453903 	 5.61102e-10
29.6933439696 	 5.36754e-10
29.7120425489 	 5.7762e-10
29.7307411283 	 5.71006e-10
29.7494397076 	 4.92629e-10
29.7681382869 	 5.43089e-10
29.7868368662 	 6.1589e-10
29.8055354456 	 5.84402e-10
29.8242340249 	 5.18612e-10
29.8429326042 	 5.7797e-10
29.8616311835 	 6.30287e-10
29.8803297629 	 6.41099e-10
29.8990283422 	 5.47663e-10
29.9177269215 	 5.94834e-10
29.9364255008 	 5.91922e-10
29.9551240802 	 6.06788e-10
29.9738226595 	 6.02842e-10
29.9925212388 	 6.08206e-10
30.0112198181 	 5.28683e-10
30.0299183975 	 5.1911e-10
30.0486169768 	 5.42076e-10
30.0673155561 	 5.76564e-10
30.0860141355 	 5.86139e-10
30.1047127148 	 6.30833e-10
30.1234112941 	 6.24399e-10
30.1421098734 	 5.83701e-10
30.1608084528 	 6.34224e-10
30.1795070321 	 5.83389e-10
30.1982056114 	 5.68905e-10
30.2169041907 	 5.65904e-10
30.2356027701 	 5.90886e-10
30.2543013494 	 6.26231e-10
30.2729999287 	 5.5244e-10
30.291698508 	 5.04372e-10
30.3103970874 	 4.93277e-10
30.3290956667 	 5.4282e-10
30.347794246 	 5.98247e-10
30.3664928253 	 6.44496e-10
30.3851914047 	 5.90007e-10
30.403889984 	 5.518e-10
30.4225885633 	 5.52835e-10
30.4412871426 	 5.79614e-10
30.459985722 	 6.3917e-10
30.4786843013 	 6.00068e-10
30.4973828806 	 5.8485e-10
30.5160814599 	 5.42815e-10
30.5347800393 	 5.10873e-10
30.5534786186 	 5.12223e-10
30.5721771979 	 5.81125e-10
30.5908757773 	 6.40254e-10
30.6095743566 	 5.7167e-10
30.6282729359 	 5.4786e-10
30.6469715152 	 6.1399e-10
30.6656700946 	 5.57505e-10
30.6843686739 	 5.30406e-10
30.7030672532 	 5.73956e-10
30.7217658325 	 6.3136e-10
30.7404644119 	 6.22169e-10
30.7591629912 	 5.59858e-10
30.7778615705 	 5.43836e-10
30.7965601498 	 5.34927e-10
30.8152587292 	 5.24938e-10
30.8339573085 	 5.50072e-10
30.8526558878 	 5.97742e-10
30.8713544671 	 6.11889e-10
30.8900530465 	 5.7907e-10
30.9087516258 	 5.7754e-10
30.9274502051 	 5.71055e-10
30.9461487844 	 5.81263e-10
30.9648473638 	 6.03802e-10
30.9835459431 	 5.61247e-10
31.0022445224 	 5.53369e-10
31.0209431017 	 5.66635e-10
31.0396416811 	 5.42189e-10
31.0583402604 	 5.45456e-10
31.0770388397 	 5.48042e-10
31.0957374191 	 5.53716e-10
31.1144359984 	 5.4031e-10
31.1331345777 	 5.57561e-10
31.151833157 	 5.80345e-10
31.1705317364 	 6.01361e-10
31.1892303157 	 5.63394e-10
31.207928895 	 5.81153e-10
31.2266274743 	 5.79606e-10
31.2453260537 	 5.2687e-10
31.264024633 	 5.38978e-10
31.2827232123 	 6.00226e-10
31.3014217916 	 5.64018e-10
31.320120371 	 5.9654e-10
31.3388189503 	 5.6063e-10
31.3575175296 	 5.38324e-10
31.3762161089 	 5.51315e-10
31.3949146883 	 5.57717e-10
31.4136132676 	 5.54014e-10
31.4323118469 	 5.44536e-10
31.4510104262 	 5.98235e-10
31.4697090056 	 5.99604e-10
31.4884075849 	 5.6102e-10
31.5071061642 	 5.54488e-10
31.5258047435 	 5.37551e-10
31.5445033229 	 5.5763e-10
31.5632019022 	 5.60721e-10
31.5819004815 	 5.46436e-10
31.6005990609 	 5.72067e-10
31.6192976402 	 5.59387e-10
31.6379962195 	 5.65824e-10
31.6566947988 	 5.42596e-10
31.6753933782 	 5.66729e-10
31.6940919575 	 5.60527e-10
31.7127905368 	 5.33267e-10
31.7314891161 	 5.48524e-10
31.7501876955 	 5.64516e-10
31.7688862748 	 5.49548e-10
31.7875848541 	 5.98309e-10
31.8062834334 	 5.74339e-10
31.8249820128 	 5.62575e-10
31.8436805921 	 5.6195e-10
31.8623791714 	 5.38864e-10
31.8810777507 	 5.45293e-10
31.8997763301 	 5.46887e-10
31.9184749094 	 5.39855e-10
31.9371734887 	 5.69131e-10
31.955872068 	 5.66779e-10
31.9745706474 	 5.3756e-10
31.9932692267 	 5.36031e-10
32.011967806 	 5.66144e-10
32.0306663854 	 5.73922e-10
32.0493649647 	 5.53772e-10
32.068063544 	 5.49113e-10
32.0867621233 	 5.32817e-10
32.1054607027 	 5.52798e-10
32.124159282 	 5.56146e-10
32.1428578613 	 5.70836e-10
32.1615564406 	 5.51526e-10
32.18025502 	 5.38162e-10
32.1989535993 	 5.38918e-10
32.2176521786 	 5.58213e-10
32.2363507579 	 5.76012e-10
32.2550493373 	 5.70045e-10
32.2737479166 	 5.51144e-10
32.2924464959 	 5.44301e-10
32.3111450752 	 5.55928e-10
32.3298436546 	 5.65124e-10
32.3485422339 	 5.54146e-10
32.3672408132 	 5.42881e-10
32.3859393925 	 5.40793e-10
32.4046379719 	 5.58798e-10
32.4233365512 	 5.62986e-10
32.4420351305 	 5.49567e-10
32.4607337098 	 5.63352e-10
32.4794322892 	 5.56333e-10
32.4981308685 	 5.2583e-10
32.5168294478 	 5.46533e-10
32.5355280272 	 5.20531e-10
32.5542266065 	 5.25239e-10
32.5729251858 	 5.56681e-10
32.5916237651 	 5.71501e-10
32.6103223445 	 5.61727e-10
32.6290209238 	 5.48229e-10
32.6477195031 	 5.48696e-10
32.6664180824 	 5.40941e-10
32.6851166618 	 5.41581e-10
32.7038152411 	 5.46714e-10
32.7225138204 	 5.44336e-10
32.7412123997 	 5.37076e-10
32.7599109791 	 5.37718e-10
32.7786095584 	 5.47692e-10
32.7973081377 	 5.6953e-10
32.816006717 	 5.69852e-10
32.8347052964 	 5.66015e-10
32.8534038757 	 5.50846e-10
32.872102455 	 5.4239e-10
32.8908010343 	 5.36215e-10
32.9094996137 	 5.29764e-10
32.928198193 	 5.4044e-10
32.9468967723 	 5.34899e-10
32.9655953516 	 5.40414e-10
32.984293931 	 5.52814e-10
33.0029925103 	 5.54621e-10
33.0216910896 	 5.50547e-10
33.040389669 	 5.30659e-10
33.0590882483 	 5.30644e-10
33.0777868276 	 5.31983e-10
33.0964854069 	 5.37295e-10
33.1151839863 	 5.55032e-10
33.1338825656 	 5.53667e-10
33.1525811449 	 5.47062e-10
33.1712797242 	 5.3575e-10
33.1899783036 	 5.30926e-10
33.2086768829 	 5.40811e-10
33.2273754622 	 5.47564e-10
33.2460740415 	 5.55401e-10
33.2647726209 	 5.5157e-10
33.2834712002 	 5.42079e-10
33.3021697795 	 5.3589e-10
33.3208683588 	 5.34033e-10
33.3395669382 	 5.33336e-10
33.3582655175 	 5.40529e-10
33.3769640968 	 5.4329e-10
33.3956626761 	 5.37683e-10
33.4143612555 	 5.39381e-10
33.4330598348 	 5.42431e-10
33.4517584141 	 5.40987e-10
33.4704569934 	 5.35719e-10
33.4891555728 	 5.32664e-10
33.5078541521 	 5.29107e-10
33.5265527314 	 5.27761e-10
33.5452513108 	 5.31874e-10
33.5639498901 	 5.49598e-10
33.5826484694 	 5.58142e-10
33.6013470487 	 5.51263e-10
33.6200456281 	 5.45008e-10
33.6387442074 	 5.34388e-10
33.6574427867 	 5.31113e-10
33.676141366 	 5.3135e-10
33.6948399454 	 5.40777e-10
33.7135385247 	 5.34928e-10
33.732237104 	 5.29447e-10
33.7509356833 	 5.22899e-10
33.7696342627 	 5.33141e-10
33.788332842 	 5.33219e-10
33.8070314213 	 5.35585e-10
33.8257300006 	 5.4186e-10
33.84442858 	 5.43958e-10
33.8631271593 	 5.49283e-10
33.8818257386 	 5.43273e-10
33.9005243179 	 5.30371e-10
33.9192228973 	 5.31459e-10
33.9379214766 	 5.2944e-10
33.9566200559 	 5.26796e-10
33.9753186352 	 5.28653e-10
33.9940172146 	 5.33125e-10
34.0127157939 	 5.34111e-10
34.0314143732 	 5.38612e-10
34.0501129526 	 5.35097e-10
34.0688115319 	 5.41118e-10
34.0875101112 	 5.45449e-10
34.1062086905 	 5.39658e-10
34.1249072699 	 5.29999e-10
34.1436058492 	 5.24162e-10
34.1623044285 	 5.26754e-10
34.1810030078 	 5.26828e-10
34.1997015872 	 5.36427e-10
34.2184001665 	 5.2653e-10
34.2370987458 	 5.28442e-10
34.2557973251 	 5.31357e-10
34.2744959045 	 5.40359e-10
34.2931944838 	 5.32022e-10
34.3118930631 	 5.26858e-10
34.3305916424 	 5.27367e-10
34.3492902218 	 5.32686e-10
34.3679888011 	 5.32469e-10
34.3866873804 	 5.30381e-10
34.4053859597 	 5.32576e-10
34.4240845391 	 5.3272e-10
34.4427831184 	 5.33922e-10
34.4614816977 	 5.28406e-10
34.480180277 	 5.29168e-10
34.4988788564 	 5.29745e-10
34.5175774357 	 5.29463e-10
34.536276015 	 5.25327e-10
34.5549745944 	 5.29406e-10
34.5736731737 	 5.27856e-10
34.592371753 	 5.28014e-10
34.6110703323 	 5.29547e-10
34.6297689117 	 5.28799e-10
34.648467491 	 5.26852e-10
34.6671660703 	 5.29102e-10
34.6858646496 	 5.25891e-10
34.704563229 	 5.25362e-10
34.7232618083 	 5.27448e-10
34.7419603876 	 5.29346e-10
34.7606589669 	 5.30657e-10
34.7793575463 	 5.27899e-10
34.7980561256 	 5.26064e-10
34.8167547049 	 5.2315e-10
34.8354532842 	 5.24001e-10
34.8541518636 	 5.26184e-10
34.8728504429 	 5.24563e-10
34.8915490222 	 5.26079e-10
34.9102476015 	 5.26475e-10
34.9289461809 	 5.2487e-10
34.9476447602 	 5.2616e-10
34.9663433395 	 5.24246e-10
34.9850419189 	 5.21466e-10
35.0037404982 	 5.22332e-10
35.0224390775 	 5.2575e-10
35.0411376568 	 5.23473e-10
35.0598362362 	 5.22177e-10
35.0785348155 	 5.24054e-10
35.0972333948 	 5.22606e-10
35.1159319741 	 5.25817e-10
35.1346305535 	 5.25177e-10
35.1533291328 	 5.27467e-10
35.1720277121 	 5.25857e-10
35.1907262914 	 5.21694e-10
35.2094248708 	 5.23687e-10
35.2281234501 	 5.25797e-10
35.2468220294 	 5.2238e-10
35.2655206087 	 5.23034e-10
35.2842191881 	 5.22925e-10
35.3029177674 	 5.20842e-10
35.3216163467 	 5.22817e-10
35.340314926 	 5.19639e-10
35.3590135054 	 5.21226e-10
35.3777120847 	 5.20535e-10
35.396410664 	 5.21198e-10
35.4151092433 	 5.21574e-10
35.4338078227 	 5.22508e-10
35.452506402 	 5.22564e-10
35.4712049813 	 5.20695e-10
35.4899035607 	 5.19182e-10
35.50860214 	 5.17906e-10
35.5273007193 	 5.19981e-10
35.5459992986 	 5.22709e-10
35.564697878 	 5.22011e-10
35.5833964573 	 5.19315e-10
35.6020950366 	 5.17911e-10
35.6207936159 	 5.18552e-10
35.6394921953 	 5.18341e-10
35.6581907746 	 5.18658e-10
35.6768893539 	 5.19213e-10
35.6955879332 	 5.2001e-10
35.7142865126 	 5.19347e-10
35.7329850919 	 5.17935e-10
35.7516836712 	 5.1854e-10
35.7703822505 	 5.19692e-10
35.7890808299 	 5.18349e-10
35.8077794092 	 5.17779e-10
35.8264779885 	 5.18093e-10
35.8451765678 	 5.17772e-10
35.8638751472 	 5.17296e-10
35.8825737265 	 5.17227e-10
35.9012723058 	 5.16583e-10
35.9199708851 	 5.17883e-10
35.9386694645 	 5.19e-10
35.9573680438 	 5.18778e-10
35.9760666231 	 5.16531e-10
35.9947652025 	 5.15019e-10
36.0134637818 	 5.15574e-10
36.0321623611 	 5.16609e-10
36.0508609404 	 5.18905e-10
36.0695595198 	 5.17728e-10
36.0882580991 	 5.16178e-10
36.1069566784 	 5.14215e-10
36.1256552577 	 5.13635e-10
36.1443538371 	 5.13832e-10
36.1630524164 	 5.13225e-10
36.1817509957 	 5.16467e-10
36.200449575 	 5.15286e-10
36.2191481544 	 5.16013e-10
36.2378467337 	 5.16401e-10
36.256545313 	 5.15001e-10
36.2752438923 	 5.13468e-10
36.2939424717 	 5.14279e-10
36.312641051 	 5.14883e-10
36.3313396303 	 5.14715e-10
36.3500382096 	 5.14109e-10
36.368736789 	 5.12194e-10
36.3874353683 	 5.11421e-10
36.4061339476 	 5.13807e-10
36.4248325269 	 5.14226e-10
36.4435311063 	 5.13866e-10
36.4622296856 	 5.13038e-10
36.4809282649 	 5.11857e-10
36.4996268443 	 5.12829e-10
36.5183254236 	 5.12661e-10
36.5370240029 	 5.12227e-10
36.5557225822 	 5.11859e-10
36.5744211616 	 5.11909e-10
36.5931197409 	 5.11833e-10
36.6118183202 	 5.12034e-10
36.6305168995 	 5.11039e-10
36.6492154789 	 5.10187e-10
36.6679140582 	 5.11205e-10
36.6866126375 	 5.12043e-10
36.7053112168 	 5.10675e-10
36.7240097962 	 5.12219e-10
36.7427083755 	 5.11841e-10
36.7614069548 	 5.12298e-10
36.7801055341 	 5.11429e-10
36.7988041135 	 5.10368e-10
36.8175026928 	 5.10396e-10
36.8362012721 	 5.09775e-10
36.8548998514 	 5.08741e-10
36.8735984308 	 5.08731e-10
36.8922970101 	 5.09563e-10
36.9109955894 	 5.09664e-10
36.9296941687 	 5.0982e-10
36.9483927481 	 5.07584e-10
36.9670913274 	 5.08659e-10
36.9857899067 	 5.09717e-10
37.0044884861 	 5.09377e-10
37.0231870654 	 5.09306e-10
37.0418856447 	 5.09439e-10
37.060584224 	 5.08676e-10
37.0792828034 	 5.08058e-10
37.0979813827 	 5.08231e-10
37.116679962 	 5.08301e-10
37.1353785413 	 5.07842e-10
37.1540771207 	 5.08225e-10
37.1727757 	 5.08176e-10
37.1914742793 	 5.07484e-10
37.2101728586 	 5.06911e-10
37.228871438 	 5.07711e-10
37.2475700173 	 5.08718e-10
37.2662685966 	 5.07766e-10
37.2849671759 	 5.07557e-10
37.3036657553 	 5.06631e-10
37.3223643346 	 5.06263e-10
37.3410629139 	 5.0628e-10
37.3597614932 	 5.06377e-10
37.3784600726 	 5.05356e-10
37.3971586519 	 5.06558e-10
37.4158572312 	 5.06509e-10
37.4345558105 	 5.06411e-10
37.4532543899 	 5.0599e-10
37.4719529692 	 5.0565e-10
37.4906515485 	 5.04872e-10
37.5093501279 	 5.05577e-10
37.5280487072 	 5.05763e-10
37.5467472865 	 5.0482e-10
37.5654458658 	 5.03704e-10
37.5841444452 	 5.05294e-10
37.6028430245 	 5.05384e-10
37.6215416038 	 5.04446e-10
37.6402401831 	 5.0336e-10
37.6589387625 	 5.03551e-10
37.6776373418 	 5.03425e-10
37.6963359211 	 5.0445e-10
37.7150345004 	 5.04106e-10
37.7337330798 	 5.03919e-10
37.7524316591 	 5.03915e-10
37.7711302384 	 5.04743e-10
37.7898288177 	 5.05041e-10
37.8085273971 	 5.03202e-10
37.8272259764 	 5.03124e-10
37.8459245557 	 5.03857e-10
37.864623135 	 5.02645e-10
37.8833217144 	 5.02439e-10
37.9020202937 	 5.02577e-10
37.920718873 	 5.02668e-10
37.9394174524 	 5.0191e-10
37.9581160317 	 5.01777e-10
37.976814611 	 5.03279e-10
37.9955131903 	 5.0238e-10
38.0142117697 	 5.02621e-10
38.032910349 	 5.02113e-10
38.0516089283 	 5.02379e-10
38.0703075076 	 5.02428e-10
38.089006087 	 5.01907e-10
38.1077046663 	 5.01985e-10
38.1264032456 	 5.01389e-10
38.1451018249 	 5.01788e-10
38.1638004043 	 5.01294e-10
38.1824989836 	 5.00561e-10
38.2011975629 	 5.00969e-10
38.2198961422 	 5.00752e-10
38.2385947216 	 5.00537e-10
38.2572933009 	 5.01009e-10
38.2759918802 	 5.00591e-10
38.2946904595 	 5.01042e-10
38.3133890389 	 5.01122e-10
38.3320876182 	 5.003e-10
38.3507861975 	 5.00358e-10
38.3694847768 	 4.99688e-10
38.3881833562 	 5.00094e-10
38.4068819355 	 4.99712e-10
38.4255805148 	 4.99074e-10
38.4442790942 	 4.99773e-10
38.4629776735 	 4.9954e-10
38.4816762528 	 4.98579e-10
38.5003748321 	 4.9805e-10
38.5190734115 	 4.98953e-10
38.5377719908 	 4.98906e-10
38.5564705701 	 4.99348e-10
38.5751691494 	 4.98496e-10
38.5938677288 	 4.98822e-10
38.6125663081 	 4.98262e-10
38.6312648874 	 4.97636e-10
38.6499634667 	 4.97565e-10
38.6686620461 	 4.97199e-10
38.6873606254 	 4.98343e-10
38.7060592047 	 4.98414e-10
38.724757784 	 4.97971e-10
38.7434563634 	 4.97471e-10
38.7621549427 	 4.97339e-10
38.780853522 	 4.97802e-10
38.7995521013 	 4.97364e-10
38.8182506807 	 4.9746e-10
38.83694926 	 4.97441e-10
38.8556478393 	 4.98282e-10
38.8743464186 	 4.97631e-10
38.893044998 	 4.968e-10
38.9117435773 	 4.96812e-10
38.9304421566 	 4.96254e-10
38.949140736 	 4.96037e-10
38.9678393153 	 4.95858e-10
38.9865378946 	 4.94948e-10
39.0052364739 	 4.95556e-10
39.0239350533 	 4.95845e-10
39.0426336326 	 4.95671e-10
39.0613322119 	 4.95697e-10
39.0800307912 	 4.96189e-10
39.0987293706 	 4.95932e-10
39.1174279499 	 4.95314e-10
39.1361265292 	 4.95809e-10
39.1548251085 	 4.95874e-10
39.1735236879 	 4.95887e-10
39.1922222672 	 4.94198e-10
39.2109208465 	 4.94044e-10
39.2296194258 	 4.94211e-10
39.2483180052 	 4.94628e-10
39.2670165845 	 4.93831e-10
39.2857151638 	 4.9405e-10
39.3044137431 	 4.9382e-10
39.3231123225 	 4.94478e-10
39.3418109018 	 4.94059e-10
39.3605094811 	 4.94204e-10
39.3792080604 	 4.94382e-10
39.3979066398 	 4.94297e-10
39.4166052191 	 4.94546e-10
39.4353037984 	 4.94412e-10
39.4540023778 	 4.93471e-10
39.4727009571 	 4.93126e-10
39.4913995364 	 4.93363e-10
39.5100981157 	 4.93039e-10
39.5287966951 	 4.93166e-10
39.5474952744 	 4.9305e-10
39.5661938537 	 4.93282e-10
39.584892433 	 4.93493e-10
39.6035910124 	 4.93138e-10
39.6222895917 	 4.92537e-10
39.640988171 	 4.92111e-10
39.6596867503 	 4.91882e-10
39.6783853297 	 4.91695e-10
39.697083909 	 4.92091e-10
39.7157824883 	 4.92162e-10
39.7344810676 	 4.9156e-10
39.753179647 	 4.91435e-10
39.7718782263 	 4.9107e-10
39.7905768056 	 4.9154e-10
39.8092753849 	 4.91503e-10
39.8279739643 	 4.91412e-10
39.8466725436 	 4.91553e-10
39.8653711229 	 4.91752e-10
39.8840697022 	 4.92476e-10
39.9027682816 	 4.91103e-10
39.9214668609 	 4.90332e-10
39.9401654402 	 4.91367e-10
39.9588640196 	 4.91321e-10
39.9775625989 	 4.91473e-10
39.9962611782 	 4.90251e-10
40.0149597575 	 4.90091e-10
40.0336583369 	 4.91246e-10
40.0523569162 	 4.90482e-10
40.0710554955 	 4.90642e-10
40.0897540748 	 4.89956e-10
40.1084526542 	 4.89995e-10
40.1271512335 	 4.89951e-10
40.1458498128 	 4.89951e-10
40.1645483921 	 4.89957e-10
40.1832469715 	 4.90614e-10
40.2019455508 	 4.90089e-10
40.2206441301 	 4.90283e-10
40.2393427094 	 4.89294e-10
40.2580412888 	 4.88826e-10
40.2767398681 	 4.89173e-10
40.2954384474 	 4.89285e-10
40.3141370267 	 4.88754e-10
40.3328356061 	 4.89222e-10
40.3515341854 	 4.88877e-10
40.3702327647 	 4.89269e-10
40.388931344 	 4.88805e-10
40.4076299234 	 4.89119e-10
40.4263285027 	 4.89377e-10
40.445027082 	 4.89185e-10
40.4637256614 	 4.89133e-10
40.4824242407 	 4.8861e-10
40.50112282 	 4.8844e-10
40.5198213993 	 4.88231e-10
40.5385199787 	 4.87772e-10
40.557218558 	 4.8704e-10
40.5759171373 	 4.87067e-10
40.5946157166 	 4.87485e-10
40.613314296 	 4.87214e-10
40.6320128753 	 4.87771e-10
40.6507114546 	 4.88125e-10
40.6694100339 	 4.86918e-10
40.6881086133 	 4.88007e-10
40.7068071926 	 4.87205e-10
40.7255057719 	 4.86664e-10
40.7442043512 	 4.85974e-10
40.7629029306 	 4.86157e-10
40.7816015099 	 4.85875e-10
40.8003000892 	 4.86127e-10
40.8189986685 	 4.87041e-10
40.8376972479 	 4.87538e-10
40.8563958272 	 4.86494e-10
40.8750944065 	 4.8647e-10
40.8937929859 	 4.86658e-10
40.9124915652 	 4.86288e-10
40.9311901445 	 4.85646e-10
40.9498887238 	 4.85732e-10
40.9685873032 	 4.85656e-10
40.9872858825 	 4.85149e-10
41.0059844618 	 4.85276e-10
41.0246830411 	 4.84185e-10
41.0433816205 	 4.84907e-10
41.0620801998 	 4.85706e-10
41.0807787791 	 4.85726e-10
41.0994773584 	 4.85654e-10
41.1181759378 	 4.85921e-10
41.1368745171 	 4.86235e-10
41.1555730964 	 4.85679e-10
41.1742716757 	 4.84979e-10
41.1929702551 	 4.84897e-10
41.2116688344 	 4.84919e-10
41.2303674137 	 4.84417e-10
41.249065993 	 4.85455e-10
41.2677645724 	 4.8508e-10
41.2864631517 	 4.84591e-10
41.305161731 	 4.85072e-10
41.3238603103 	 4.84694e-10
41.3425588897 	 4.84028e-10
41.361257469 	 4.84967e-10
41.3799560483 	 4.84732e-10
41.3986546277 	 4.83789e-10
41.417353207 	 4.83979e-10
41.4360517863 	 4.85111e-10
41.4547503656 	 4.83843e-10
41.473448945 	 4.82816e-10
41.4921475243 	 4.83449e-10
41.5108461036 	 4.83664e-10
41.5295446829 	 4.83033e-10
41.5482432623 	 4.84413e-10
41.5669418416 	 4.83737e-10
41.5856404209 	 4.83486e-10
41.6043390002 	 4.83635e-10
41.6230375796 	 4.83656e-10
41.6417361589 	 4.82791e-10
41.6604347382 	 4.82101e-10
41.6791333175 	 4.82636e-10
41.6978318969 	 4.82628e-10
41.7165304762 	 4.82218e-10
41.7352290555 	 4.81376e-10
41.7539276348 	 4.81883e-10
41.7726262142 	 4.81515e-10
41.7913247935 	 4.81869e-10
41.8100233728 	 4.82752e-10
41.8287219521 	 4.81916e-10
41.8474205315 	 4.81849e-10
41.8661191108 	 4.82567e-10
41.8848176901 	 4.82117e-10
41.9035162695 	 4.81271e-10
41.9222148488 	 4.81125e-10
41.9409134281 	 4.81216e-10
41.9596120074 	 4.8183e-10
41.9783105868 	 4.81937e-10
41.9970091661 	 4.8194e-10
42.0157077454 	 4.80948e-10
42.0344063247 	 4.81696e-10
42.0531049041 	 4.8173e-10
42.0718034834 	 4.81455e-10
42.0905020627 	 4.8134e-10
42.109200642 	 4.80761e-10
42.1278992214 	 4.80752e-10
42.1465978007 	 4.80943e-10
42.16529638 	 4.80506e-10
42.1839949593 	 4.80427e-10
42.2026935387 	 4.8112e-10
42.221392118 	 4.80725e-10
42.2400906973 	 4.80438e-10
42.2587892766 	 4.80246e-10
42.277487856 	 4.80514e-10
42.2961864353 	 4.81091e-10
42.3148850146 	 4.80429e-10
42.3335835939 	 4.80281e-10
42.3522821733 	 4.8034e-10
42.3709807526 	 4.79924e-10
42.3896793319 	 4.80002e-10
42.4083779113 	 4.80521e-10
42.4270764906 	 4.80597e-10
42.4457750699 	 4.7993e-10
42.4644736492 	 4.79702e-10
42.4831722286 	 4.7945e-10
42.5018708079 	 4.81059e-10
42.5205693872 	 4.80334e-10
42.5392679665 	 4.7939e-10
42.5579665459 	 4.79679e-10
42.5766651252 	 4.79445e-10
42.5953637045 	 4.80088e-10
42.6140622838 	 4.79451e-10
42.6327608632 	 4.78549e-10
42.6514594425 	 4.78736e-10
42.6701580218 	 4.78891e-10
42.6888566011 	 4.78754e-10
42.7075551805 	 4.78267e-10
42.7262537598 	 4.77937e-10
42.7449523391 	 4.79349e-10
42.7636509184 	 4.79184e-10
42.7823494978 	 4.79022e-10
42.8010480771 	 4.78507e-10
42.8197466564 	 4.78917e-10
42.8384452357 	 4.78143e-10
42.8571438151 	 4.77683e-10
42.8758423944 	 4.78205e-10
42.8945409737 	 4.77427e-10
42.9132395531 	 4.78445e-10
42.9319381324 	 4.7837e-10
42.9506367117 	 4.78335e-10
42.969335291 	 4.77369e-10
42.9880338704 	 4.78043e-10
43.0067324497 	 4.77623e-10
43.025431029 	 4.77027e-10
43.0441296083 	 4.78076e-10
43.0628281877 	 4.78166e-10
43.081526767 	 4.78031e-10
43.1002253463 	 4.77548e-10
43.1189239256 	 4.77327e-10
43.137622505 	 4.77855e-10
43.1563210843 	 4.77327e-10
43.1750196636 	 4.77046e-10
43.1937182429 	 4.77232e-10
43.2124168223 	 4.77879e-10
43.2311154016 	 4.77558e-10
43.2498139809 	 4.7767e-10
43.2685125602 	 4.77273e-10
43.2872111396 	 4.76659e-10
43.3059097189 	 4.76381e-10
43.3246082982 	 4.76488e-10
43.3433068775 	 4.76381e-10
43.3620054569 	 4.76354e-10
43.3807040362 	 4.7652e-10
43.3994026155 	 4.76403e-10
43.4181011949 	 4.76424e-10
43.4367997742 	 4.7634e-10
43.4554983535 	 4.76508e-10
43.4741969328 	 4.76215e-10
43.4928955122 	 4.75153e-10
43.5115940915 	 4.76339e-10
43.5302926708 	 4.76584e-10
43.5489912501 	 4.76706e-10
43.5676898295 	 4.76279e-10
43.5863884088 	 4.75137e-10
43.6050869881 	 4.76477e-10
43.6237855674 	 4.76015e-10
43.6424841468 	 4.74932e-10
43.6611827261 	 4.76081e-10
43.6798813054 	 4.75766e-10
43.6985798847 	 4.75409e-10
43.7172784641 	 4.74844e-10
43.7359770434 	 4.75117e-10
43.7546756227 	 4.74532e-10
43.773374202 	 4.74726e-10
43.7920727814 	 4.74555e-10
43.8107713607 	 4.74897e-10
43.82946994 	 4.75403e-10
43.8481685193 	 4.75323e-10
43.8668670987 	 4.75075e-10
43.885565678 	 4.74535e-10
43.9042642573 	 4.75634e-10
43.9229628367 	 4.75657e-10
43.941661416 	 4.75115e-10
43.9603599953 	 4.74599e-10
43.9790585746 	 4.75563e-10
43.997757154 	 4.7544e-10
44.0164557333 	 4.74694e-10
44.0351543126 	 4.74063e-10
44.0538528919 	 4.74507e-10
44.0725514713 	 4.75262e-10
44.0912500506 	 4.75079e-10
44.1099486299 	 4.74351e-10
44.1286472092 	 4.74358e-10
44.1473457886 	 4.74581e-10
44.1660443679 	 4.74633e-10
44.1847429472 	 4.74685e-10
44.2034415265 	 4.74036e-10
44.2221401059 	 4.73837e-10
44.2408386852 	 4.73848e-10
44.2595372645 	 4.73465e-10
44.2782358438 	 4.73307e-10
44.2969344232 	 4.7273e-10
44.3156330025 	 4.73628e-10
44.3343315818 	 4.73611e-10
44.3530301612 	 4.73842e-10
44.3717287405 	 4.74587e-10
44.3904273198 	 4.73288e-10
44.4091258991 	 4.73789e-10
44.4278244785 	 4.73296e-10
44.4465230578 	 4.72973e-10
44.4652216371 	 4.72604e-10
44.4839202164 	 4.72486e-10
44.5026187958 	 4.72165e-10
44.5213173751 	 4.72773e-10
44.5400159544 	 4.72748e-10
44.5587145337 	 4.73441e-10
44.5774131131 	 4.72796e-10
44.5961116924 	 4.73658e-10
44.6148102717 	 4.73347e-10
44.633508851 	 4.7196e-10
44.6522074304 	 4.72636e-10
44.6709060097 	 4.72317e-10
44.689604589 	 4.72711e-10
44.7083031683 	 4.72029e-10
44.7270017477 	 4.72576e-10
44.745700327 	 4.72497e-10
44.7643989063 	 4.73318e-10
44.7830974856 	 4.74267e-10
44.801796065 	 4.72961e-10
44.8204946443 	 4.72445e-10
44.8391932236 	 4.73062e-10
44.857891803 	 4.72143e-10
44.8765903823 	 4.7256e-10
44.8952889616 	 4.72571e-10
44.9139875409 	 4.71633e-10
44.9326861203 	 4.7174e-10
44.9513846996 	 4.7272e-10
44.9700832789 	 4.72858e-10
44.9887818582 	 4.72325e-10
45.0074804376 	 4.71526e-10
45.0261790169 	 4.71794e-10
45.0448775962 	 4.72616e-10
45.0635761755 	 4.71324e-10
45.0822747549 	 4.71456e-10
45.1009733342 	 4.71663e-10
45.1196719135 	 4.71566e-10
45.1383704928 	 4.71703e-10
45.1570690722 	 4.70454e-10
45.1757676515 	 4.70877e-10
45.1944662308 	 4.72021e-10
45.2131648101 	 4.72089e-10
45.2318633895 	 4.71913e-10
45.2505619688 	 4.71896e-10
45.2692605481 	 4.71749e-10
45.2879591274 	 4.71209e-10
45.3066577068 	 4.72309e-10
45.3253562861 	 4.70549e-10
45.3440548654 	 4.70474e-10
45.3627534448 	 4.70545e-10
45.3814520241 	 4.71191e-10
45.4001506034 	 4.70383e-10
45.4188491827 	 4.70396e-10
45.4375477621 	 4.71701e-10
45.4562463414 	 4.71512e-10
45.4749449207 	 4.71586e-10
45.4936435 	 4.71318e-10
45.5123420794 	 4.71595e-10
45.5310406587 	 4.71179e-10
45.549739238 	 4.71014e-10
45.5684378173 	 4.70598e-10
45.5871363967 	 4.70773e-10
45.605834976 	 4.70265e-10
45.6245335553 	 4.71062e-10
45.6432321346 	 4.70841e-10
45.661930714 	 4.70549e-10
45.6806292933 	 4.70309e-10
45.6993278726 	 4.70331e-10
45.7180264519 	 4.70947e-10
45.7367250313 	 4.71129e-10
45.7554236106 	 4.69772e-10
45.7741221899 	 4.69159e-10
45.7928207692 	 4.69884e-10
45.8115193486 	 4.69615e-10
45.8302179279 	 4.69411e-10
45.8489165072 	 4.69608e-10
45.8676150866 	 4.69767e-10
45.8863136659 	 4.70302e-10
45.9050122452 	 4.70949e-10
45.9237108245 	 4.70857e-10
45.9424094039 	 4.70137e-10
45.9611079832 	 4.69725e-10
45.9798065625 	 4.68954e-10
45.9985051418 	 4.69686e-10
46.0172037212 	 4.69098e-10
46.0359023005 	 4.69105e-10
46.0546008798 	 4.69675e-10
46.0732994591 	 4.68883e-10
46.0919980385 	 4.69381e-10
46.1106966178 	 4.69038e-10
46.1293951971 	 4.68872e-10
46.1480937764 	 4.69055e-10
46.1667923558 	 4.69228e-10
46.1854909351 	 4.68603e-10
46.2041895144 	 4.69006e-10
46.2228880937 	 4.69403e-10
46.2415866731 	 4.69284e-10
46.2602852524 	 4.68842e-10
46.2789838317 	 4.6918e-10
46.297682411 	 4.69291e-10
46.3163809904 	 4.68802e-10
46.3350795697 	 4.69184e-10
46.353778149 	 4.69869e-10
46.3724767284 	 4.69461e-10
46.3911753077 	 4.70209e-10
46.409873887 	 4.70746e-10
46.4285724663 	 4.69407e-10
46.4472710457 	 4.69146e-10
46.465969625 	 4.69226e-10
46.4846682043 	 4.68553e-10
46.5033667836 	 4.68257e-10
46.522065363 	 4.6898e-10
46.5407639423 	 4.69556e-10
46.5594625216 	 4.69167e-10
46.5781611009 	 4.70046e-10
46.5968596803 	 4.6952e-10
46.6155582596 	 4.6909e-10
46.6342568389 	 4.69204e-10
46.6529554182 	 4.68916e-10
46.6716539976 	 4.68419e-10
46.6903525769 	 4.68404e-10
46.7090511562 	 4.69431e-10
46.7277497355 	 4.68392e-10
46.7464483149 	 4.69034e-10
46.7651468942 	 4.68807e-10
46.7838454735 	 4.69222e-10
46.8025440528 	 4.69457e-10
46.8212426322 	 4.68514e-10
46.8399412115 	 4.68172e-10
46.8586397908 	 4.68566e-10
46.8773383702 	 4.67818e-10
46.8960369495 	 4.67868e-10
46.9147355288 	 4.67867e-10
46.9334341081 	 4.67442e-10
46.9521326875 	 4.68099e-10
46.9708312668 	 4.68036e-10
46.9895298461 	 4.67025e-10
47.0082284254 	 4.68218e-10
47.0269270048 	 4.68539e-10
47.0456255841 	 4.6766e-10
47.0643241634 	 4.679e-10
47.0830227427 	 4.67592e-10
47.1017213221 	 4.67346e-10
47.1204199014 	 4.68074e-10
47.1391184807 	 4.67796e-10
47.15781706 	 4.67796e-10
47.1765156394 	 4.68237e-10
47.1952142187 	 4.68103e-10
47.213912798 	 4.68635e-10
47.2326113773 	 4.67995e-10
47.2513099567 	 4.69031e-10
47.270008536 	 4.68681e-10
47.2887071153 	 4.68188e-10
47.3074056947 	 4.67458e-10
47.326104274 	 4.66815e-10
47.3448028533 	 4.67083e-10
47.3635014326 	 4.683e-10
47.382200012 	 4.66397e-10
47.4008985913 	 4.66485e-10
47.4195971706 	 4.66693e-10
47.4382957499 	 4.67711e-10
47.4569943293 	 4.67406e-10
47.4756929086 	 4.66616e-10
47.4943914879 	 4.68187e-10
47.5130900672 	 4.67488e-10
47.5317886466 	 4.67387e-10
47.5504872259 	 4.68107e-10
47.5691858052 	 4.67362e-10
47.5878843845 	 4.66757e-10
47.6065829639 	 4.66715e-10
47.6252815432 	 4.66805e-10
47.6439801225 	 4.67167e-10
47.6626787018 	 4.67311e-10
47.6813772812 	 4.68188e-10
47.7000758605 	 4.68096e-10
47.7187744398 	 4.67845e-10
47.7374730191 	 4.67884e-10
47.7561715985 	 4.6744e-10
47.7748701778 	 4.66473e-10
47.7935687571 	 4.67359e-10
47.8122673365 	 4.67621e-10
47.8309659158 	 4.675e-10
47.8496644951 	 4.67444e-10
47.8683630744 	 4.67441e-10
47.8870616538 	 4.66883e-10
47.9057602331 	 4.67433e-10
47.9244588124 	 4.67794e-10
47.9431573917 	 4.6739e-10
47.9618559711 	 4.67285e-10
47.9805545504 	 4.67649e-10
47.9992531297 	 4.66301e-10
48.017951709 	 4.66416e-10
48.0366502884 	 4.67412e-10
48.0553488677 	 4.66937e-10
48.074047447 	 4.66889e-10
48.0927460263 	 4.67109e-10
48.1114446057 	 4.67158e-10
48.130143185 	 4.66904e-10
48.1488417643 	 4.66464e-10
48.1675403436 	 4.66864e-10
48.186238923 	 4.66664e-10
48.2049375023 	 4.65916e-10
48.2236360816 	 4.65702e-10
48.2423346609 	 4.657e-10
48.2610332403 	 4.66534e-10
48.2797318196 	 4.66726e-10
48.2984303989 	 4.67054e-10
48.3171289783 	 4.67568e-10
48.3358275576 	 4.67131e-10
48.3545261369 	 4.66449e-10
48.3732247162 	 4.66446e-10
48.3919232956 	 4.6665e-10
48.4106218749 	 4.66964e-10
48.4293204542 	 4.66446e-10
48.4480190335 	 4.65944e-10
48.4667176129 	 4.66298e-10
48.4854161922 	 4.66901e-10
48.5041147715 	 4.66771e-10
48.5228133508 	 4.66371e-10
48.5415119302 	 4.6602e-10
48.5602105095 	 4.67318e-10
48.5789090888 	 4.66603e-10
48.5976076681 	 4.6744e-10
48.6163062475 	 4.668e-10
48.6350048268 	 4.66564e-10
48.6537034061 	 4.66628e-10
48.6724019854 	 4.66589e-10
48.6911005648 	 4.65742e-10
48.7097991441 	 4.65899e-10
48.7284977234 	 4.66446e-10
48.7471963027 	 4.65939e-10
48.7658948821 	 4.66177e-10
48.7845934614 	 4.66703e-10
48.8032920407 	 4.66367e-10
48.8219906201 	 4.65425e-10
48.8406891994 	 4.65637e-10
48.8593877787 	 4.6556e-10
48.878086358 	 4.66154e-10
48.8967849374 	 4.65398e-10
48.9154835167 	 4.65229e-10
48.934182096 	 4.66208e-10
48.9528806753 	 4.6671e-10
48.9715792547 	 4.66811e-10
48.990277834 	 4.66593e-10
49.0089764133 	 4.66018e-10
49.0276749926 	 4.67043e-10
49.046373572 	 4.65268e-10
49.0650721513 	 4.6576e-10
49.0837707306 	 4.65928e-10
49.1024693099 	 4.66026e-10
49.1211678893 	 4.66447e-10
49.1398664686 	 4.66289e-10
49.1585650479 	 4.66312e-10
49.1772636272 	 4.67053e-10
49.1959622066 	 4.67065e-10
49.2146607859 	 4.66723e-10
49.2333593652 	 4.66042e-10
49.2520579445 	 4.66135e-10
49.2707565239 	 4.66251e-10
49.2894551032 	 4.65742e-10
49.3081536825 	 4.65931e-10
49.3268522619 	 4.65273e-10
49.3455508412 	 4.65395e-10
49.3642494205 	 4.64871e-10
49.3829479998 	 4.6494e-10
49.4016465792 	 4.65307e-10
49.4203451585 	 4.65982e-10
49.4390437378 	 4.66146e-10
49.4577423171 	 4.67086e-10
49.4764408965 	 4.65936e-10
49.4951394758 	 4.66699e-10
49.5138380551 	 4.66112e-10
49.5325366344 	 4.66657e-10
49.5512352138 	 4.6638e-10
49.5699337931 	 4.66623e-10
49.5886323724 	 4.65514e-10
49.6073309517 	 4.65851e-10
49.6260295311 	 4.66137e-10
49.6447281104 	 4.66239e-10
49.6634266897 	 4.66707e-10
49.682125269 	 4.65518e-10
49.7008238484 	 4.66857e-10
49.7195224277 	 4.66632e-10
49.738221007 	 4.67364e-10
49.7569195863 	 4.67089e-10
49.7756181657 	 4.66247e-10
49.794316745 	 4.66021e-10
49.8130153243 	 4.66266e-10
49.8317139037 	 4.65791e-10
49.850412483 	 4.652e-10
49.8691110623 	 4.64911e-10
49.8878096416 	 4.65504e-10
49.906508221 	 4.66152e-10
49.9252068003 	 4.66687e-10
49.9439053796 	 4.65676e-10
49.9626039589 	 4.66053e-10
49.9813025383 	 4.65876e-10
50.0000011176 	 4.6623e-10
