0.0 	 1.32773e-05
0.0624609632949 	 2.84995e-05
0.12492192659 	 7.63831e-05
0.187382889885 	 2.28076e-05
0.24984385318 	 1.2028e-05
0.312304816475 	 3.72776e-06
0.37476577977 	 9.55736e-06
0.437226743064 	 1.61623e-05
0.499687706359 	 2.18717e-05
0.562148669654 	 3.42871e-05
0.624609632949 	 3.58056e-05
0.687070596244 	 1.27323e-05
0.749531559539 	 8.08763e-05
0.811992522834 	 3.6597e-05
0.874453486129 	 2.47814e-05
0.936914449424 	 4.78853e-05
0.999375412719 	 5.21698e-05
1.06183637601 	 3.59147e-05
1.12429733931 	 6.13254e-05
1.1867583026 	 9.07063e-06
1.2492192659 	 1.76164e-05
1.31168022919 	 2.88254e-05
1.37414119249 	 1.7207e-05
1.43660215578 	 4.10275e-05
1.49906311908 	 1.70909e-05
1.56152408237 	 3.97153e-05
1.62398504567 	 1.16392e-05
1.68644600896 	 1.36387e-05
1.74890697226 	 2.38208e-05
1.81136793555 	 7.09871e-06
1.87382889885 	 4.03089e-05
1.93628986214 	 3.29646e-05
1.99875082544 	 3.25959e-05
2.06121178873 	 2.38156e-05
2.12367275203 	 2.61827e-05
2.18613371532 	 2.43114e-05
2.24859467862 	 1.36988e-05
2.31105564191 	 1.28429e-05
2.37351660521 	 1.02578e-05
2.4359775685 	 3.26877e-05
2.4984385318 	 3.06349e-05
2.56089949509 	 1.35821e-05
2.62336045839 	 1.25893e-05
2.68582142168 	 1.03673e-05
2.74828238498 	 1.94826e-05
2.81074334827 	 1.21494e-05
2.87320431157 	 1.56609e-05
2.93566527486 	 1.92588e-05
2.99812623816 	 1.67095e-05
3.06058720145 	 1.24136e-05
3.12304816475 	 1.8625e-05
3.18550912804 	 1.69495e-05
3.24797009134 	 4.56152e-05
3.31043105463 	 3.79998e-05
3.37289201793 	 2.14804e-05
3.43535298122 	 4.51727e-06
3.49781394452 	 3.05224e-05
3.56027490781 	 2.59266e-05
3.62273587111 	 3.39734e-05
3.6851968344 	 2.72773e-05
3.7476577977 	 4.82142e-05
3.81011876099 	 6.98971e-05
3.87257972429 	 5.15276e-05
3.93504068758 	 3.01802e-05
3.99750165088 	 1.89808e-05
4.05996261417 	 1.24847e-05
4.12242357747 	 2.36751e-05
4.18488454076 	 2.62403e-05
4.24734550405 	 1.66858e-05
4.30980646735 	 6.05926e-06
4.37226743064 	 1.67641e-05
4.43472839394 	 3.42341e-06
4.49718935723 	 1.5385e-05
4.55965032053 	 1.54575e-05
4.62211128382 	 9.10391e-06
4.68457224712 	 4.12851e-06
4.74703321041 	 2.42602e-06
4.80949417371 	 4.90728e-06
4.871955137 	 3.86944e-06
4.9344161003 	 5.27797e-06
4.99687706359 	 9.23068e-06
5.05933802689 	 1.14104e-05
5.12179899018 	 6.04539e-06
5.18425995348 	 1.74457e-06
5.24672091677 	 1.93006e-06
5.30918188007 	 4.36231e-06
5.37164284336 	 4.03679e-06
5.43410380666 	 1.72489e-06
5.49656476995 	 4.05549e-06
5.55902573325 	 5.07914e-06
5.62148669654 	 4.63259e-06
5.68394765984 	 3.31737e-06
5.74640862313 	 3.9343e-06
5.80886958643 	 4.39313e-06
5.87133054972 	 4.37658e-06
5.93379151302 	 1.83685e-06
5.99625247631 	 9.3558e-07
6.05871343961 	 1.78704e-06
6.1211744029 	 1.68279e-06
6.1836353662 	 7.95161e-07
6.24609632949 	 1.07247e-06
6.30855729279 	 4.3715e-07
6.37101825608 	 9.96887e-07
6.43347921938 	 1.99503e-06
6.49594018267 	 2.32528e-07
6.55840114597 	 3.86465e-07
6.62086210926 	 3.88635e-07
6.68332307256 	 1.29241e-06
6.74578403585 	 2.26328e-06
6.80824499915 	 1.63613e-06
6.87070596244 	 1.59132e-06
6.93316692574 	 1.66987e-06
6.99562788903 	 1.12599e-06
7.05808885233 	 9.88243e-07
7.12054981562 	 5.43279e-07
7.18301077892 	 1.02432e-06
7.24547174221 	 8.09555e-07
7.30793270551 	 6.01553e-07
7.3703936688 	 4.51951e-07
7.4328546321 	 5.41971e-07
7.49531559539 	 8.80202e-07
7.55777655869 	 1.22034e-06
7.62023752198 	 7.85356e-07
7.68269848528 	 8.05967e-07
7.74515944857 	 4.59151e-07
7.80762041187 	 4.08151e-07
7.87008137516 	 2.4997e-07
7.93254233846 	 5.49078e-07
7.99500330175 	 7.33325e-07
8.05746426505 	 8.34572e-07
8.11992522834 	 7.07271e-07
8.18238619164 	 6.78667e-07
8.24484715493 	 4.01989e-07
8.30730811822 	 5.12306e-07
8.36976908152 	 1.1097e-06
8.43223004481 	 1.14189e-06
8.49469100811 	 1.01441e-06
8.5571519714 	 1.16735e-06
8.6196129347 	 9.72163e-07
8.68207389799 	 5.70787e-07
8.74453486129 	 2.50211e-07
8.80699582458 	 4.00964e-07
8.86945678788 	 8.87008e-07
8.93191775117 	 1.14841e-06
8.99437871447 	 1.05255e-06
9.05683967776 	 8.2534e-07
9.11930064106 	 6.26233e-07
9.18176160435 	 2.57519e-07
9.24422256765 	 1.47424e-07
9.30668353094 	 4.88508e-07
9.36914449424 	 4.53056e-07
9.43160545753 	 1.87848e-07
9.49406642083 	 2.59422e-07
9.55652738412 	 9.16409e-08
9.61898834742 	 4.41678e-07
9.68144931071 	 5.13942e-07
9.74391027401 	 8.97086e-07
9.8063712373 	 3.71321e-07
9.8688322006 	 5.02415e-07
9.93129316389 	 6.0892e-07
9.99375412719 	 4.94729e-07
10.0562150905 	 5.73262e-08
10.1186760538 	 4.37449e-07
10.1811370171 	 4.13341e-07
10.2435979804 	 5.88052e-07
10.3060589437 	 2.32416e-07
10.368519907 	 5.42642e-07
10.4309808703 	 2.51693e-07
10.4934418335 	 4.37429e-07
10.5559027968 	 5.10107e-07
10.6183637601 	 2.47592e-07
10.6808247234 	 2.84914e-07
10.7432856867 	 3.6217e-07
10.80574665 	 4.19641e-07
10.8682076133 	 1.73247e-07
10.9306685766 	 3.60927e-07
10.9931295399 	 2.12945e-07
11.0555905032 	 8.6606e-08
11.1180514665 	 1.80235e-07
11.1805124298 	 2.8675e-07
11.2429733931 	 6.21849e-07
11.3054343564 	 5.44548e-07
11.3678953197 	 4.13447e-07
11.430356283 	 2.90416e-07
11.4928172463 	 5.81204e-08
11.5552782096 	 8.48698e-08
11.6177391729 	 2.11092e-07
11.6802001362 	 1.35228e-07
11.7426610994 	 2.21869e-07
11.8051220627 	 3.76229e-07
11.867583026 	 2.50496e-07
11.9300439893 	 1.90107e-07
11.9925049526 	 2.02162e-07
12.0549659159 	 1.62637e-07
12.1174268792 	 1.74021e-07
12.1798878425 	 1.77961e-07
12.2423488058 	 2.02583e-08
12.3048097691 	 1.34571e-07
12.3672707324 	 5.39624e-08
12.4297316957 	 8.79561e-08
12.492192659 	 7.47069e-08
12.5546536223 	 1.29714e-07
12.6171145856 	 1.34868e-08
12.6795755489 	 1.25612e-07
12.7420365122 	 1.63555e-07
12.8044974755 	 2.24015e-07
12.8669584388 	 3.56254e-08
12.929419402 	 9.1066e-08
12.9918803653 	 5.76104e-08
13.0543413286 	 4.05353e-08
13.1168022919 	 7.95583e-08
13.1792632552 	 8.00067e-08
13.2417242185 	 8.78376e-08
13.3041851818 	 1.27879e-07
13.3666461451 	 1.83238e-08
13.4291071084 	 5.73584e-08
13.4915680717 	 8.50532e-08
13.554029035 	 9.04488e-08
13.6164899983 	 8.23561e-08
13.6789509616 	 3.06748e-08
13.7414119249 	 7.15929e-08
13.8038728882 	 3.96518e-08
13.8663338515 	 4.06658e-08
13.9287948148 	 2.69659e-08
13.9912557781 	 1.88507e-08
14.0537167414 	 1.86381e-08
14.1161777047 	 6.0527e-08
14.1786386679 	 6.13823e-08
14.2410996312 	 4.99038e-08
14.3035605945 	 2.76331e-08
14.3660215578 	 1.0425e-08
14.4284825211 	 5.00622e-08
14.4909434844 	 2.75957e-08
14.5534044477 	 2.56797e-08
14.615865411 	 1.40681e-08
14.6783263743 	 2.23954e-08
14.7407873376 	 5.13642e-08
14.8032483009 	 1.95013e-08
14.8657092642 	 1.73678e-08
14.9281702275 	 1.66757e-08
14.9906311908 	 2.02923e-08
15.0530921541 	 3.35782e-08
15.1155531174 	 9.94092e-09
15.1780140807 	 1.15327e-08
15.240475044 	 2.64927e-08
15.3029360073 	 1.84334e-08
15.3653969706 	 4.89894e-09
15.4278579338 	 2.67734e-08
15.4903188971 	 1.75582e-08
15.5527798604 	 6.85997e-09
15.6152408237 	 4.64958e-09
15.677701787 	 5.17137e-09
15.7401627503 	 1.05768e-08
15.8026237136 	 2.62646e-08
15.8650846769 	 1.79505e-08
15.9275456402 	 1.44932e-08
15.9900066035 	 2.05774e-08
16.0524675668 	 1.33316e-08
16.1149285301 	 1.99022e-08
16.1773894934 	 2.19633e-08
16.2398504567 	 2.0507e-08
16.30231142 	 1.09301e-08
16.3647723833 	 1.41333e-08
16.4272333466 	 1.03898e-08
16.4896943099 	 1.90646e-08
16.5521552732 	 1.36681e-08
16.6146162364 	 2.04603e-08
16.6770771997 	 3.0257e-08
16.739538163 	 1.02164e-08
16.8019991263 	 2.63609e-08
16.8644600896 	 1.05668e-08
16.9269210529 	 4.43064e-09
16.9893820162 	 9.71988e-09
17.0518429795 	 1.87012e-08
17.1143039428 	 1.48915e-08
17.1767649061 	 1.5225e-08
17.2392258694 	 2.92383e-09
17.3016868327 	 1.31516e-08
17.364147796 	 1.18549e-08
17.4266087593 	 1.04642e-08
17.4890697226 	 8.3969e-09
17.5515306859 	 1.45052e-08
17.6139916492 	 1.8027e-08
17.6764526125 	 1.18706e-08
17.7389135758 	 1.34647e-08
17.8013745391 	 8.49239e-09
17.8638355023 	 9.30188e-09
17.9262964656 	 6.05125e-09
17.9887574289 	 1.18263e-08
18.0512183922 	 2.93929e-09
18.1136793555 	 5.65693e-09
18.1761403188 	 8.95349e-09
18.2386012821 	 2.65418e-09
18.3010622454 	 7.60311e-09
18.3635232087 	 1.72465e-08
18.425984172 	 1.58627e-08
18.4884451353 	 1.00369e-08
18.5509060986 	 1.33962e-08
18.6133670619 	 1.25565e-08
18.6758280252 	 8.85218e-09
18.7382889885 	 6.96815e-09
18.8007499518 	 1.28826e-08
18.8632109151 	 3.97875e-09
18.9256718784 	 1.12272e-08
18.9881328417 	 2.36084e-08
19.050593805 	 1.96335e-08
19.1130547682 	 1.89591e-08
19.1755157315 	 8.10859e-09
19.2379766948 	 2.28524e-09
19.3004376581 	 1.78317e-09
19.3628986214 	 7.39697e-09
19.4253595847 	 3.57213e-09
19.487820548 	 4.01662e-09
19.5502815113 	 3.68627e-09
19.6127424746 	 4.68221e-09
19.6752034379 	 3.86577e-09
19.7376644012 	 4.08392e-09
19.8001253645 	 5.18995e-09
19.8625863278 	 7.19877e-09
19.9250472911 	 9.11259e-09
19.9875082544 	 1.25629e-08
20.0499692177 	 1.02949e-08
20.112430181 	 5.49439e-09
20.1748911443 	 7.52219e-09
20.2373521076 	 4.65606e-09
20.2998130709 	 6.61149e-09
20.3622740341 	 9.44433e-09
20.4247349974 	 5.97706e-09
20.4871959607 	 4.96633e-09
20.549656924 	 8.15339e-09
20.6121178873 	 6.43458e-09
20.6745788506 	 5.39016e-09
20.7370398139 	 6.58885e-09
20.7995007772 	 2.64295e-09
20.8619617405 	 7.59202e-10
20.9244227038 	 5.4211e-09
20.9868836671 	 1.05233e-08
21.0493446304 	 9.85544e-09
21.1118055937 	 6.31113e-09
21.174266557 	 1.17716e-09
21.2367275203 	 6.7797e-09
21.2991884836 	 6.14912e-09
21.3616494469 	 7.04439e-09
21.4241104102 	 5.13962e-09
21.4865713735 	 2.9422e-09
21.5490323367 	 6.67192e-09
21.6114933 	 6.70825e-09
21.6739542633 	 7.97604e-09
21.7364152266 	 3.35784e-09
21.7988761899 	 3.8164e-09
21.8613371532 	 3.87796e-09
21.9237981165 	 4.95424e-09
21.9862590798 	 2.89544e-09
22.0487200431 	 1.78057e-09
22.1111810064 	 4.47493e-09
22.1736419697 	 8.85766e-09
22.236102933 	 6.18126e-09
22.2985638963 	 6.35582e-09
22.3610248596 	 5.38283e-09
22.4234858229 	 2.37615e-09
22.4859467862 	 5.61359e-09
22.5484077495 	 5.16167e-09
22.6108687128 	 6.37772e-10
22.6733296761 	 2.16942e-09
22.7357906394 	 5.65e-09
22.7982516026 	 2.95762e-09
22.8607125659 	 4.34842e-09
22.9231735292 	 4.94777e-09
22.9856344925 	 3.81913e-09
23.0480954558 	 5.04602e-09
23.1105564191 	 3.63071e-09
23.1730173824 	 3.59807e-09
23.2354783457 	 1.94943e-09
23.297939309 	 4.14865e-09
23.3604002723 	 4.87711e-09
23.4228612356 	 2.98373e-09
23.4853221989 	 3.0886e-09
23.5477831622 	 5.66315e-09
23.6102441255 	 4.61674e-09
23.6727050888 	 2.90177e-09
23.7351660521 	 3.92072e-09
23.7976270154 	 4.67691e-09
23.8600879787 	 4.70929e-09
23.922548942 	 5.78134e-09
23.9850099053 	 5.21819e-09
24.0474708685 	 3.76472e-09
24.1099318318 	 3.91088e-09
24.1723927951 	 2.20806e-09
24.2348537584 	 1.59869e-09
24.2973147217 	 4.22708e-09
24.359775685 	 4.58298e-09
24.4222366483 	 5.04179e-09
24.4846976116 	 6.02889e-09
24.5471585749 	 3.7437e-09
24.6096195382 	 2.56092e-09
24.6720805015 	 2.90971e-09
24.7345414648 	 2.32554e-09
24.7970024281 	 2.54831e-09
24.8594633914 	 5.03879e-09
24.9219243547 	 4.53061e-09
24.984385318 	 3.13584e-09
25.0468462813 	 1.62287e-09
25.1093072446 	 2.32037e-09
25.1717682079 	 2.28101e-09
25.2342291711 	 2.94753e-09
25.2966901344 	 4.16186e-09
25.3591510977 	 3.5832e-09
25.421612061 	 3.60319e-09
25.4840730243 	 3.57633e-09
25.5465339876 	 2.6768e-09
25.6089949509 	 3.05322e-09
25.6714559142 	 3.09112e-09
25.7339168775 	 3.77622e-09
25.7963778408 	 3.05724e-09
25.8588388041 	 3.68382e-09
25.9212997674 	 3.26188e-09
25.9837607307 	 3.69693e-09
26.046221694 	 2.74794e-09
26.1086826573 	 2.42393e-09
26.1711436206 	 2.60616e-09
26.2336045839 	 2.75019e-09
26.2960655472 	 3.14134e-09
26.3585265105 	 2.73485e-09
26.4209874738 	 2.61888e-09
26.483448437 	 3.25042e-09
26.5459094003 	 2.93601e-09
26.6083703636 	 2.26424e-09
26.6708313269 	 2.92011e-09
26.7332922902 	 3.51331e-09
26.7957532535 	 2.78957e-09
26.8582142168 	 2.66521e-09
26.9206751801 	 3.08666e-09
26.9831361434 	 2.44747e-09
27.0455971067 	 2.75026e-09
27.10805807 	 2.75412e-09
27.1705190333 	 2.94065e-09
27.2329799966 	 2.88693e-09
27.2954409599 	 2.8318e-09
27.3579019232 	 3.0496e-09
27.4203628865 	 2.69992e-09
27.4828238498 	 2.50451e-09
27.5452848131 	 2.10397e-09
27.6077457764 	 2.54481e-09
27.6702067397 	 2.63521e-09
27.7326677029 	 3.01335e-09
27.7951286662 	 2.80759e-09
27.8575896295 	 2.40097e-09
27.9200505928 	 2.32245e-09
27.9825115561 	 2.65541e-09
28.0449725194 	 2.32766e-09
28.1074334827 	 2.55019e-09
28.169894446 	 2.87968e-09
28.2323554093 	 2.32291e-09
28.2948163726 	 2.24858e-09
28.3572773359 	 2.06579e-09
28.4197382992 	 2.54807e-09
28.4821992625 	 2.47956e-09
28.5446602258 	 2.53845e-09
28.6071211891 	 2.58271e-09
28.6695821524 	 2.53847e-09
28.7320431157 	 2.38474e-09
28.794504079 	 2.31623e-09
28.8569650423 	 2.38884e-09
28.9194260056 	 2.33761e-09
28.9818869688 	 2.39501e-09
29.0443479321 	 2.42606e-09
29.1068088954 	 2.54972e-09
29.1692698587 	 2.31692e-09
29.231730822 	 2.39083e-09
29.2941917853 	 2.29178e-09
29.3566527486 	 2.2654e-09
29.4191137119 	 2.25962e-09
29.4815746752 	 2.23942e-09
29.5440356385 	 2.16211e-09
29.6064966018 	 2.46394e-09
29.6689575651 	 2.24979e-09
29.7314185284 	 2.13912e-09
29.7938794917 	 2.17907e-09
29.856340455 	 2.16467e-09
29.9188014183 	 2.21464e-09
29.9812623816 	 2.16333e-09
30.0437233449 	 2.08207e-09
30.1061843082 	 2.18336e-09
30.1686452714 	 2.25636e-09
30.2311062347 	 2.20553e-09
30.293567198 	 2.14064e-09
30.3560281613 	 2.08248e-09
30.4184891246 	 2.14014e-09
30.4809500879 	 2.19749e-09
30.5434110512 	 2.14453e-09
30.6058720145 	 2.10398e-09
30.6683329778 	 2.19723e-09
30.7307939411 	 2.16472e-09
30.7932549044 	 2.09926e-09
30.8557158677 	 2.10598e-09
30.918176831 	 2.10083e-09
30.9806377943 	 2.07917e-09
31.0430987576 	 2.04226e-09
31.1055597209 	 2.03163e-09
31.1680206842 	 2.01282e-09
31.2304816475 	 2.04681e-09
31.2929426108 	 2.05164e-09
31.3554035741 	 1.92441e-09
31.4178645373 	 1.97692e-09
31.4803255006 	 1.92718e-09
31.5427864639 	 1.86154e-09
31.6052474272 	 1.93112e-09
31.6677083905 	 2.03887e-09
31.7301693538 	 2.01554e-09
31.7926303171 	 1.95146e-09
31.8550912804 	 1.9286e-09
31.9175522437 	 1.98148e-09
31.980013207 	 1.9738e-09
32.0424741703 	 1.88113e-09
32.1049351336 	 1.82528e-09
32.1673960969 	 1.87615e-09
32.2298570602 	 1.96498e-09
32.2923180235 	 1.98236e-09
32.3547789868 	 1.88221e-09
32.4172399501 	 1.8071e-09
32.4797009134 	 1.85862e-09
32.5421618767 	 1.84903e-09
32.60462284 	 1.86638e-09
32.6670838032 	 1.84181e-09
32.7295447665 	 1.87204e-09
32.7920057298 	 1.8928e-09
32.8544666931 	 1.83914e-09
32.9169276564 	 1.76254e-09
32.9793886197 	 1.74945e-09
33.041849583 	 1.81935e-09
33.1043105463 	 1.84774e-09
33.1667715096 	 1.82083e-09
33.2292324729 	 1.80821e-09
33.2916934362 	 1.76537e-09
33.3541543995 	 1.7158e-09
33.4166153628 	 1.71674e-09
33.4790763261 	 1.66839e-09
33.5415372894 	 1.76495e-09
33.6039982527 	 1.74889e-09
33.666459216 	 1.734e-09
33.7289201793 	 1.66234e-09
33.7913811426 	 1.67554e-09
33.8538421058 	 1.72364e-09
33.9163030691 	 1.73931e-09
33.9787640324 	 1.71734e-09
34.0412249957 	 1.67613e-09
34.103685959 	 1.70244e-09
34.1661469223 	 1.74125e-09
34.2286078856 	 1.70431e-09
34.2910688489 	 1.62257e-09
34.3535298122 	 1.63215e-09
34.4159907755 	 1.62198e-09
34.4784517388 	 1.61714e-09
34.5409127021 	 1.6402e-09
34.6033736654 	 1.66893e-09
34.6658346287 	 1.69329e-09
34.728295592 	 1.6514e-09
34.7907565553 	 1.58747e-09
34.8532175186 	 1.58036e-09
34.9156784819 	 1.59171e-09
34.9781394452 	 1.58049e-09
35.0406004085 	 1.59169e-09
35.1030613717 	 1.55931e-09
35.165522335 	 1.58805e-09
35.2279832983 	 1.58498e-09
35.2904442616 	 1.56886e-09
35.3529052249 	 1.55823e-09
35.4153661882 	 1.51148e-09
35.4778271515 	 1.52903e-09
35.5402881148 	 1.56976e-09
35.6027490781 	 1.53257e-09
35.6652100414 	 1.54898e-09
35.7276710047 	 1.53172e-09
35.790131968 	 1.52437e-09
35.8525929313 	 1.52338e-09
35.9150538946 	 1.4913e-09
35.9775148579 	 1.47064e-09
36.0399758212 	 1.47307e-09
36.1024367845 	 1.50381e-09
36.1648977478 	 1.5242e-09
36.2273587111 	 1.49297e-09
36.2898196744 	 1.47768e-09
36.3522806376 	 1.4776e-09
36.4147416009 	 1.46757e-09
36.4772025642 	 1.45609e-09
36.5396635275 	 1.46516e-09
36.6021244908 	 1.43146e-09
36.6645854541 	 1.42022e-09
36.7270464174 	 1.45041e-09
36.7895073807 	 1.43194e-09
36.851968344 	 1.42788e-09
36.9144293073 	 1.42869e-09
36.9768902706 	 1.40736e-09
37.0393512339 	 1.40924e-09
37.1018121972 	 1.40406e-09
37.1642731605 	 1.39909e-09
37.2267341238 	 1.39663e-09
37.2891950871 	 1.39492e-09
37.3516560504 	 1.39116e-09
37.4141170137 	 1.38147e-09
37.476577977 	 1.36575e-09
37.5390389402 	 1.35413e-09
37.6014999035 	 1.36454e-09
37.6639608668 	 1.36193e-09
37.7264218301 	 1.35867e-09
37.7888827934 	 1.36108e-09
37.8513437567 	 1.35813e-09
37.91380472 	 1.35681e-09
37.9762656833 	 1.33579e-09
38.0387266466 	 1.3334e-09
38.1011876099 	 1.34583e-09
38.1636485732 	 1.34817e-09
38.2261095365 	 1.316e-09
38.2885704998 	 1.30108e-09
38.3510314631 	 1.32361e-09
38.4134924264 	 1.30592e-09
38.4759533897 	 1.2868e-09
38.538414353 	 1.28703e-09
38.6008753163 	 1.29766e-09
38.6633362796 	 1.29672e-09
38.7257972429 	 1.27246e-09
38.7882582061 	 1.26566e-09
38.8507191694 	 1.27324e-09
38.9131801327 	 1.26199e-09
38.975641096 	 1.26399e-09
39.0381020593 	 1.27783e-09
39.1005630226 	 1.26854e-09
39.1630239859 	 1.25252e-09
39.2254849492 	 1.24746e-09
39.2879459125 	 1.2369e-09
39.3504068758 	 1.23802e-09
39.4128678391 	 1.24205e-09
39.4753288024 	 1.23596e-09
39.5377897657 	 1.24203e-09
39.600250729 	 1.23429e-09
39.6627116923 	 1.21735e-09
39.7251726556 	 1.21738e-09
39.7876336189 	 1.20735e-09
39.8500945822 	 1.20845e-09
39.9125555455 	 1.20675e-09
39.9750165088 	 1.19065e-09
40.037477472 	 1.19766e-09
40.0999384353 	 1.19459e-09
40.1623993986 	 1.191e-09
40.2248603619 	 1.18351e-09
40.2873213252 	 1.17279e-09
40.3497822885 	 1.17253e-09
40.4122432518 	 1.17861e-09
40.4747042151 	 1.16673e-09
40.5371651784 	 1.15726e-09
40.5996261417 	 1.15575e-09
40.662087105 	 1.16192e-09
40.7245480683 	 1.15705e-09
40.7870090316 	 1.1499e-09
40.8494699949 	 1.13983e-09
40.9119309582 	 1.14483e-09
40.9743919215 	 1.14447e-09
41.0368528848 	 1.13179e-09
41.0993138481 	 1.13121e-09
41.1617748114 	 1.12823e-09
41.2242357747 	 1.11577e-09
41.2866967379 	 1.11487e-09
41.3491577012 	 1.11442e-09
41.4116186645 	 1.1135e-09
41.4740796278 	 1.10853e-09
41.5365405911 	 1.10743e-09
41.5990015544 	 1.10424e-09
41.6614625177 	 1.0999e-09
41.723923481 	 1.09107e-09
41.7863844443 	 1.08492e-09
41.8488454076 	 1.09189e-09
41.9113063709 	 1.0866e-09
41.9737673342 	 1.08202e-09
42.0362282975 	 1.0739e-09
42.0986892608 	 1.07113e-09
42.1611502241 	 1.06712e-09
42.2236111874 	 1.0647e-09
42.2860721507 	 1.0585e-09
42.348533114 	 1.06329e-09
42.4109940773 	 1.06029e-09
42.4734550405 	 1.05616e-09
42.5359160038 	 1.04517e-09
42.5983769671 	 1.04147e-09
42.6608379304 	 1.03965e-09
42.7232988937 	 1.0397e-09
42.785759857 	 1.03722e-09
42.8482208203 	 1.03239e-09
42.9106817836 	 1.03489e-09
42.9731427469 	 1.02671e-09
43.0356037102 	 1.02196e-09
43.0980646735 	 1.01887e-09
43.1605256368 	 1.01284e-09
43.2229866001 	 1.01133e-09
43.2854475634 	 1.0129e-09
43.3479085267 	 1.00879e-09
43.41036949 	 1.00326e-09
43.4728304533 	 1.0006e-09
43.5352914166 	 9.96638e-10
43.5977523799 	 9.94408e-10
43.6602133432 	 9.90263e-10
43.7226743064 	 9.87729e-10
43.7851352697 	 9.84779e-10
43.847596233 	 9.8336e-10
43.9100571963 	 9.82826e-10
43.9725181596 	 9.79369e-10
44.0349791229 	 9.74165e-10
44.0974400862 	 9.68492e-10
44.1599010495 	 9.64588e-10
44.2223620128 	 9.65078e-10
44.2848229761 	 9.64283e-10
44.3472839394 	 9.56627e-10
44.4097449027 	 9.55024e-10
44.472205866 	 9.51791e-10
44.5346668293 	 9.48267e-10
44.5971277926 	 9.42232e-10
44.6595887559 	 9.4005e-10
44.7220497192 	 9.40935e-10
44.7845106825 	 9.38685e-10
44.8469716458 	 9.36693e-10
44.9094326091 	 9.32879e-10
44.9718935723 	 9.28567e-10
45.0343545356 	 9.25062e-10
45.0968154989 	 9.21779e-10
45.1592764622 	 9.20799e-10
45.2217374255 	 9.20196e-10
45.2841983888 	 9.16369e-10
45.3466593521 	 9.12006e-10
45.4091203154 	 9.08496e-10
45.4715812787 	 9.06651e-10
45.534042242 	 9.03522e-10
45.5965032053 	 9.00715e-10
45.6589641686 	 8.99454e-10
45.7214251319 	 8.97356e-10
45.7838860952 	 8.9451e-10
45.8463470585 	 8.91561e-10
45.9088080218 	 8.87765e-10
45.9712689851 	 8.85694e-10
46.0337299484 	 8.81394e-10
46.0961909117 	 8.79136e-10
46.1586518749 	 8.77047e-10
46.2211128382 	 8.75433e-10
46.2835738015 	 8.72419e-10
46.3460347648 	 8.69709e-10
46.4084957281 	 8.66771e-10
46.4709566914 	 8.65175e-10
46.5334176547 	 8.62659e-10
46.595878618 	 8.6013e-10
46.6583395813 	 8.57501e-10
46.7208005446 	 8.53727e-10
46.7832615079 	 8.52183e-10
46.8457224712 	 8.4994e-10
46.9081834345 	 8.47277e-10
46.9706443978 	 8.44779e-10
47.0331053611 	 8.41627e-10
47.0955663244 	 8.39003e-10
47.1580272877 	 8.36616e-10
47.220488251 	 8.33613e-10
47.2829492143 	 8.3116e-10
47.3454101776 	 8.28836e-10
47.4078711408 	 8.2765e-10
47.4703321041 	 8.25999e-10
47.5327930674 	 8.21683e-10
47.5952540307 	 8.19269e-10
47.657714994 	 8.17306e-10
47.7201759573 	 8.15206e-10
47.7826369206 	 8.12341e-10
47.8450978839 	 8.10133e-10
47.9075588472 	 8.08702e-10
47.9700198105 	 8.05816e-10
48.0324807738 	 8.03603e-10
48.0949417371 	 8.00919e-10
48.1574027004 	 7.98636e-10
48.2198636637 	 7.96979e-10
48.282324627 	 7.94902e-10
48.3447855903 	 7.92019e-10
48.4072465536 	 7.89098e-10
48.4697075169 	 7.8681e-10
48.5321684802 	 7.85376e-10
48.5946294435 	 7.82907e-10
48.6570904067 	 7.8038e-10
48.71955137 	 7.78779e-10
48.7820123333 	 7.76847e-10
48.8444732966 	 7.7447e-10
48.9069342599 	 7.71138e-10
48.9693952232 	 7.68553e-10
49.0318561865 	 7.66686e-10
49.0943171498 	 7.65453e-10
49.1567781131 	 7.6327e-10
49.2192390764 	 7.60985e-10
49.2817000397 	 7.58483e-10
49.344161003 	 7.56242e-10
49.4066219663 	 7.54292e-10
49.4690829296 	 7.52283e-10
49.5315438929 	 7.50304e-10
49.5940048562 	 7.47892e-10
49.6564658195 	 7.46123e-10
49.7189267828 	 7.44024e-10
49.7813877461 	 7.41933e-10
49.8438487093 	 7.39248e-10
49.9063096726 	 7.3737e-10
49.9687706359 	 7.35352e-10
50.0312315992 	 7.33519e-10
50.0936925625 	 7.31323e-10
50.1561535258 	 7.28776e-10
50.2186144891 	 7.27464e-10
50.2810754524 	 7.25532e-10
50.3435364157 	 7.2324e-10
50.405997379 	 7.20916e-10
50.4684583423 	 7.19088e-10
50.5309193056 	 7.17324e-10
50.5933802689 	 7.15105e-10
50.6558412322 	 7.12931e-10
50.7183021955 	 7.11303e-10
50.7807631588 	 7.0905e-10
50.8432241221 	 7.07398e-10
50.9056850854 	 7.05579e-10
50.9681460487 	 7.03316e-10
51.030607012 	 7.01623e-10
51.0930679752 	 6.99499e-10
51.1555289385 	 6.97311e-10
51.2179899018 	 6.95297e-10
51.2804508651 	 6.93434e-10
51.3429118284 	 6.91864e-10
51.4053727917 	 6.89662e-10
51.467833755 	 6.879e-10
51.5302947183 	 6.85888e-10
51.5927556816 	 6.84291e-10
51.6552166449 	 6.82424e-10
51.7176776082 	 6.80515e-10
51.7801385715 	 6.78326e-10
51.8425995348 	 6.76272e-10
51.9050604981 	 6.74652e-10
51.9675214614 	 6.73148e-10
52.0299824247 	 6.7145e-10
52.092443388 	 6.69398e-10
52.1549043513 	 6.67501e-10
52.2173653146 	 6.65754e-10
52.2798262779 	 6.63925e-10
52.3422872411 	 6.61773e-10
52.4047482044 	 6.60146e-10
52.4672091677 	 6.58604e-10
52.529670131 	 6.56953e-10
52.5921310943 	 6.55004e-10
52.6545920576 	 6.53158e-10
52.7170530209 	 6.51351e-10
52.7795139842 	 6.49536e-10
52.8419749475 	 6.47585e-10
52.9044359108 	 6.46119e-10
52.9668968741 	 6.44589e-10
53.0293578374 	 6.42751e-10
53.0918188007 	 6.40889e-10
53.154279764 	 6.39084e-10
53.2167407273 	 6.37378e-10
53.2792016906 	 6.35664e-10
53.3416626539 	 6.33856e-10
53.4041236172 	 6.32135e-10
53.4665845805 	 6.30255e-10
53.5290455438 	 6.28861e-10
53.591506507 	 6.27231e-10
53.6539674703 	 6.2574e-10
53.7164284336 	 6.23693e-10
53.7788893969 	 6.22279e-10
53.8413503602 	 6.20546e-10
53.9038113235 	 6.18939e-10
53.9662722868 	 6.17217e-10
54.0287332501 	 6.15819e-10
54.0911942134 	 6.14182e-10
54.1536551767 	 6.12429e-10
54.21611614 	 6.10644e-10
54.2785771033 	 6.09092e-10
54.3410380666 	 6.07502e-10
54.4034990299 	 6.05914e-10
54.4659599932 	 6.04336e-10
54.5284209565 	 6.0265e-10
54.5908819198 	 6.01081e-10
54.6533428831 	 5.99289e-10
54.7158038464 	 5.97793e-10
54.7782648096 	 5.96222e-10
54.8407257729 	 5.94765e-10
54.9031867362 	 5.93127e-10
54.9656476995 	 5.91753e-10
55.0281086628 	 5.89911e-10
55.0905696261 	 5.88582e-10
55.1530305894 	 5.8713e-10
55.2154915527 	 5.85257e-10
55.277952516 	 5.83543e-10
55.3404134793 	 5.82153e-10
55.4028744426 	 5.81004e-10
55.4653354059 	 5.79248e-10
55.5277963692 	 5.77753e-10
55.5902573325 	 5.76292e-10
55.6527182958 	 5.74638e-10
55.7151792591 	 5.73414e-10
55.7776402224 	 5.71706e-10
55.8401011857 	 5.70261e-10
55.902562149 	 5.68705e-10
55.9650231123 	 5.67526e-10
56.0274840755 	 5.65887e-10
56.0899450388 	 5.64257e-10
56.1524060021 	 5.62739e-10
56.2148669654 	 5.61338e-10
56.2773279287 	 5.59836e-10
56.339788892 	 5.58475e-10
56.4022498553 	 5.57133e-10
56.4647108186 	 5.55569e-10
56.5271717819 	 5.54164e-10
56.5896327452 	 5.52562e-10
56.6520937085 	 5.51347e-10
56.7145546718 	 5.49622e-10
56.7770156351 	 5.48608e-10
56.8394765984 	 5.46987e-10
56.9019375617 	 5.45562e-10
56.964398525 	 5.441e-10
57.0268594883 	 5.42876e-10
57.0893204516 	 5.4143e-10
57.1517814149 	 5.3997e-10
57.2142423782 	 5.38499e-10
57.2767033414 	 5.37299e-10
57.3391643047 	 5.35953e-10
57.401625268 	 5.34494e-10
57.4640862313 	 5.33148e-10
57.5265471946 	 5.31917e-10
57.5890081579 	 5.30328e-10
57.6514691212 	 5.29086e-10
57.7139300845 	 5.27548e-10
57.7763910478 	 5.26461e-10
57.8388520111 	 5.24829e-10
57.9013129744 	 5.2373e-10
57.9637739377 	 5.22334e-10
58.026234901 	 5.20968e-10
58.0886958643 	 5.19418e-10
58.1511568276 	 5.17936e-10
58.2136177909 	 5.1702e-10
58.2760787542 	 5.15535e-10
58.3385397175 	 5.14401e-10
58.4010006808 	 5.13117e-10
58.463461644 	 5.11741e-10
58.5259226073 	 5.10096e-10
58.5883835706 	 5.09097e-10
58.6508445339 	 5.08012e-10
58.7133054972 	 5.06742e-10
58.7757664605 	 5.05088e-10
58.8382274238 	 5.04174e-10
58.9006883871 	 5.02863e-10
58.9631493504 	 5.01347e-10
59.0256103137 	 5.0014e-10
59.088071277 	 4.98829e-10
59.1505322403 	 4.97564e-10
59.2129932036 	 4.9621e-10
59.2754541669 	 4.95305e-10
59.3379151302 	 4.93998e-10
59.4003760935 	 4.92542e-10
59.4628370568 	 4.91432e-10
59.5252980201 	 4.90138e-10
59.5877589834 	 4.88759e-10
59.6502199467 	 4.87637e-10
59.7126809099 	 4.8663e-10
59.7751418732 	 4.85151e-10
59.8376028365 	 4.84009e-10
59.9000637998 	 4.82881e-10
59.9625247631 	 4.81698e-10
60.0249857264 	 4.80288e-10
60.0874466897 	 4.79091e-10
60.149907653 	 4.77943e-10
60.2123686163 	 4.76884e-10
60.2748295796 	 4.75715e-10
60.3372905429 	 4.7436e-10
60.3997515062 	 4.73112e-10
60.4622124695 	 4.71954e-10
60.5246734328 	 4.70726e-10
60.5871343961 	 4.69727e-10
60.6495953594 	 4.68564e-10
60.7120563227 	 4.67391e-10
60.774517286 	 4.66169e-10
60.8369782493 	 4.65138e-10
60.8994392126 	 4.63873e-10
60.9619001758 	 4.62647e-10
61.0243611391 	 4.61514e-10
61.0868221024 	 4.60549e-10
61.1492830657 	 4.5919e-10
61.211744029 	 4.58088e-10
61.2742049923 	 4.57027e-10
61.3366659556 	 4.55848e-10
61.3991269189 	 4.54595e-10
61.4615878822 	 4.53439e-10
61.5240488455 	 4.52661e-10
61.5865098088 	 4.51335e-10
61.6489707721 	 4.50172e-10
61.7114317354 	 4.49119e-10
61.7738926987 	 4.48127e-10
61.836353662 	 4.46771e-10
61.8988146253 	 4.45763e-10
61.9612755886 	 4.44658e-10
62.0237365519 	 4.43729e-10
62.0861975152 	 4.42433e-10
62.1486584784 	 4.41559e-10
62.2111194417 	 4.40235e-10
62.273580405 	 4.39234e-10
62.3360413683 	 4.38317e-10
62.3985023316 	 4.37236e-10
62.4609632949 	 4.35905e-10
62.5234242582 	 4.34718e-10
62.5858852215 	 4.33892e-10
62.6483461848 	 4.3284e-10
62.7108071481 	 4.31743e-10
62.7732681114 	 4.3059e-10
62.8357290747 	 4.29611e-10
62.898190038 	 4.2832e-10
62.9606510013 	 4.27479e-10
63.0231119646 	 4.26597e-10
63.0855729279 	 4.25539e-10
63.1480338912 	 4.243e-10
63.2104948545 	 4.23402e-10
63.2729558178 	 4.22347e-10
63.3354167811 	 4.213e-10
63.3978777443 	 4.20159e-10
63.4603387076 	 4.19312e-10
63.5227996709 	 4.18138e-10
63.5852606342 	 4.17207e-10
63.6477215975 	 4.16142e-10
63.7101825608 	 4.15443e-10
63.7726435241 	 4.13982e-10
63.8351044874 	 4.13066e-10
63.8975654507 	 4.12023e-10
63.960026414 	 4.11379e-10
64.0224873773 	 4.10044e-10
64.0849483406 	 4.09045e-10
64.1474093039 	 4.07938e-10
64.2098702672 	 4.07149e-10
64.2723312305 	 4.05998e-10
64.3347921938 	 4.05025e-10
64.3972531571 	 4.04082e-10
64.4597141204 	 4.03101e-10
64.5221750837 	 4.0234e-10
64.584636047 	 4.0139e-10
64.6470970102 	 4.00334e-10
64.7095579735 	 3.99233e-10
64.7720189368 	 3.98307e-10
64.8344799001 	 3.9727e-10
64.8969408634 	 3.96467e-10
64.9594018267 	 3.9555e-10
65.02186279 	 3.94592e-10
65.0843237533 	 3.93383e-10
65.1467847166 	 3.92455e-10
65.2092456799 	 3.91579e-10
65.2717066432 	 3.90592e-10
65.3341676065 	 3.8968e-10
65.3966285698 	 3.88812e-10
65.4590895331 	 3.87938e-10
65.5215504964 	 3.86951e-10
65.5840114597 	 3.85955e-10
65.646472423 	 3.85191e-10
65.7089333863 	 3.8409e-10
65.7713943496 	 3.8317e-10
65.8338553129 	 3.82195e-10
65.8963162761 	 3.81528e-10
65.9587772394 	 3.80545e-10
66.0212382027 	 3.79618e-10
66.083699166 	 3.78728e-10
66.1461601293 	 3.77903e-10
66.2086210926 	 3.76751e-10
66.2710820559 	 3.75611e-10
66.3335430192 	 3.74987e-10
66.3960039825 	 3.74075e-10
66.4584649458 	 3.73117e-10
66.5209259091 	 3.72248e-10
66.5833868724 	 3.71448e-10
66.6458478357 	 3.7064e-10
66.708308799 	 3.69469e-10
66.7707697623 	 3.68494e-10
66.8332307256 	 3.67871e-10
66.8956916889 	 3.67003e-10
66.9581526522 	 3.66171e-10
67.0206136155 	 3.65356e-10
67.0830745787 	 3.64327e-10
67.145535542 	 3.63541e-10
67.2079965053 	 3.62553e-10
67.2704574686 	 3.61842e-10
67.3329184319 	 3.61033e-10
67.3953793952 	 3.60276e-10
67.4578403585 	 3.59325e-10
67.5203013218 	 3.58334e-10
67.5827622851 	 3.57575e-10
67.6452232484 	 3.5666e-10
67.7076842117 	 3.55693e-10
67.770145175 	 3.548e-10
67.8326061383 	 3.53951e-10
67.8950671016 	 3.53178e-10
67.9575280649 	 3.52268e-10
68.0199890282 	 3.51635e-10
68.0824499915 	 3.50533e-10
68.1449109548 	 3.49753e-10
68.2073719181 	 3.49092e-10
68.2698328814 	 3.48201e-10
68.3322938446 	 3.47385e-10
68.3947548079 	 3.46443e-10
68.4572157712 	 3.45841e-10
68.5196767345 	 3.45126e-10
68.5821376978 	 3.44299e-10
68.6445986611 	 3.43351e-10
68.7070596244 	 3.42609e-10
68.7695205877 	 3.41617e-10
68.831981551 	 3.41073e-10
68.8944425143 	 3.39957e-10
68.9569034776 	 3.39328e-10
69.0193644409 	 3.38332e-10
69.0818254042 	 3.37653e-10
69.1442863675 	 3.36643e-10
69.2067473308 	 3.35876e-10
69.2692082941 	 3.35286e-10
69.3316692574 	 3.34487e-10
69.3941302207 	 3.33594e-10
69.456591184 	 3.32959e-10
69.5190521473 	 3.32247e-10
69.5815131105 	 3.31109e-10
69.6439740738 	 3.30328e-10
69.7064350371 	 3.29791e-10
69.7688960004 	 3.29033e-10
69.8313569637 	 3.28222e-10
69.893817927 	 3.27442e-10
69.9562788903 	 3.26944e-10
70.0187398536 	 3.26043e-10
70.0812008169 	 3.25313e-10
70.1436617802 	 3.24526e-10
70.2061227435 	 3.23607e-10
70.2685837068 	 3.22874e-10
70.3310446701 	 3.22046e-10
70.3935056334 	 3.21318e-10
70.4559665967 	 3.20375e-10
70.51842756 	 3.19668e-10
70.5808885233 	 3.18903e-10
70.6433494866 	 3.18352e-10
70.7058104499 	 3.17615e-10
70.7682714131 	 3.16816e-10
70.8307323764 	 3.15856e-10
70.8931933397 	 3.15329e-10
70.955654303 	 3.14674e-10
71.0181152663 	 3.13947e-10
71.0805762296 	 3.13064e-10
71.1430371929 	 3.12346e-10
71.2054981562 	 3.11655e-10
71.2679591195 	 3.10978e-10
71.3304200828 	 3.10274e-10
71.3928810461 	 3.0968e-10
71.4553420094 	 3.08978e-10
71.5178029727 	 3.08258e-10
71.580263936 	 3.07278e-10
71.6427248993 	 3.06835e-10
71.7051858626 	 3.05813e-10
71.7676468259 	 3.05048e-10
71.8301077892 	 3.04196e-10
71.8925687525 	 3.03835e-10
71.9550297158 	 3.03023e-10
72.017490679 	 3.02235e-10
72.0799516423 	 3.01349e-10
72.1424126056 	 3.0091e-10
72.2048735689 	 3.00276e-10
72.2673345322 	 2.99463e-10
72.3297954955 	 2.98901e-10
72.3922564588 	 2.98193e-10
72.4547174221 	 2.97483e-10
72.5171783854 	 2.96574e-10
72.5796393487 	 2.96116e-10
72.642100312 	 2.9541e-10
72.7045612753 	 2.94557e-10
72.7670222386 	 2.94003e-10
72.8294832019 	 2.93599e-10
72.8919441652 	 2.92622e-10
72.9544051285 	 2.92008e-10
73.0168660918 	 2.91182e-10
73.0793270551 	 2.9081e-10
73.1417880184 	 2.89924e-10
73.2042489817 	 2.89189e-10
73.2667099449 	 2.88587e-10
73.3291709082 	 2.87796e-10
73.3916318715 	 2.8715e-10
73.4540928348 	 2.8645e-10
73.5165537981 	 2.85828e-10
73.5790147614 	 2.8527e-10
73.6414757247 	 2.84423e-10
73.703936688 	 2.84145e-10
73.7663976513 	 2.83307e-10
73.8288586146 	 2.82921e-10
73.8913195779 	 2.82091e-10
73.9537805412 	 2.81269e-10
74.0162415045 	 2.80554e-10
74.0787024678 	 2.80165e-10
74.1411634311 	 2.79395e-10
74.2036243944 	 2.78714e-10
74.2660853577 	 2.78038e-10
74.328546321 	 2.77568e-10
74.3910072843 	 2.76797e-10
74.4534682476 	 2.76082e-10
74.5159292108 	 2.75359e-10
74.5783901741 	 2.74852e-10
74.6408511374 	 2.74217e-10
74.7033121007 	 2.73391e-10
74.765773064 	 2.73043e-10
74.8282340273 	 2.72513e-10
74.8906949906 	 2.71699e-10
74.9531559539 	 2.71098e-10
75.0156169172 	 2.70497e-10
75.0780778805 	 2.69812e-10
75.1405388438 	 2.69312e-10
75.2029998071 	 2.68697e-10
75.2654607704 	 2.68195e-10
75.3279217337 	 2.67358e-10
75.390382697 	 2.66837e-10
75.4528436603 	 2.66308e-10
75.5153046236 	 2.65581e-10
75.5777655869 	 2.64991e-10
75.6402265502 	 2.6452e-10
75.7026875134 	 2.63847e-10
75.7651484767 	 2.63202e-10
75.82760944 	 2.6227e-10
75.8900704033 	 2.6209e-10
75.9525313666 	 2.612e-10
76.0149923299 	 2.60582e-10
76.0774532932 	 2.59958e-10
76.1399142565 	 2.59359e-10
76.2023752198 	 2.59089e-10
76.2648361831 	 2.5852e-10
76.3272971464 	 2.57965e-10
76.3897581097 	 2.57196e-10
76.452219073 	 2.56613e-10
76.5146800363 	 2.56028e-10
76.5771409996 	 2.55489e-10
76.6396019629 	 2.54847e-10
76.7020629262 	 2.54266e-10
76.7645238895 	 2.53852e-10
76.8269848528 	 2.53355e-10
76.8894458161 	 2.52348e-10
76.9519067793 	 2.52053e-10
77.0143677426 	 2.51459e-10
77.0768287059 	 2.50891e-10
77.1392896692 	 2.50217e-10
77.2017506325 	 2.49668e-10
77.2642115958 	 2.49188e-10
77.3266725591 	 2.48407e-10
77.3891335224 	 2.47796e-10
77.4515944857 	 2.47274e-10
77.514055449 	 2.46685e-10
77.5765164123 	 2.46316e-10
77.6389773756 	 2.45828e-10
77.7014383389 	 2.45373e-10
77.7638993022 	 2.44768e-10
77.8263602655 	 2.4402e-10
77.8888212288 	 2.43648e-10
77.9512821921 	 2.42962e-10
78.0137431554 	 2.42445e-10
78.0762041187 	 2.41984e-10
78.138665082 	 2.41412e-10
78.2011260452 	 2.4084e-10
78.2635870085 	 2.40379e-10
78.3260479718 	 2.39914e-10
78.3885089351 	 2.3908e-10
78.4509698984 	 2.38544e-10
78.5134308617 	 2.38221e-10
78.575891825 	 2.37677e-10
78.6383527883 	 2.37221e-10
78.7008137516 	 2.36345e-10
78.7632747149 	 2.35946e-10
78.8257356782 	 2.35382e-10
78.8881966415 	 2.3499e-10
78.9506576048 	 2.34273e-10
79.0131185681 	 2.33729e-10
79.0755795314 	 2.33223e-10
79.1380404947 	 2.32883e-10
79.200501458 	 2.32259e-10
79.2629624213 	 2.31946e-10
79.3254233846 	 2.31365e-10
79.3878843478 	 2.30827e-10
79.4503453111 	 2.30319e-10
79.5128062744 	 2.29718e-10
79.5752672377 	 2.29378e-10
79.637728201 	 2.28777e-10
79.7001891643 	 2.28239e-10
79.7626501276 	 2.27689e-10
79.8251110909 	 2.27151e-10
79.8875720542 	 2.26816e-10
79.9500330175 	 2.26269e-10
80.0124939808 	 2.2567e-10
80.0749549441 	 2.25107e-10
80.1374159074 	 2.24689e-10
80.1998768707 	 2.24193e-10
80.262337834 	 2.2371e-10
80.3247987973 	 2.23136e-10
80.3872597606 	 2.22763e-10
80.4497207239 	 2.22171e-10
80.5121816872 	 2.21628e-10
80.5746426505 	 2.21109e-10
80.6371036137 	 2.20505e-10
80.699564577 	 2.2041e-10
80.7620255403 	 2.19731e-10
80.8244865036 	 2.19277e-10
80.8869474669 	 2.18777e-10
80.9494084302 	 2.1861e-10
81.0118693935 	 2.18023e-10
81.0743303568 	 2.1735e-10
81.1367913201 	 2.16801e-10
81.1992522834 	 2.16506e-10
81.2617132467 	 2.16226e-10
81.32417421 	 2.15617e-10
81.3866351733 	 2.15192e-10
81.4490961366 	 2.14594e-10
81.5115570999 	 2.1398e-10
81.5740180632 	 2.13487e-10
81.6364790265 	 2.13012e-10
81.6989399898 	 2.12475e-10
81.7614009531 	 2.12085e-10
81.8238619164 	 2.11831e-10
81.8863228796 	 2.11213e-10
81.9487838429 	 2.1093e-10
82.0112448062 	 2.10373e-10
82.0737057695 	 2.10067e-10
82.1361667328 	 2.0929e-10
82.1986276961 	 2.08976e-10
82.2610886594 	 2.08751e-10
82.3235496227 	 2.08149e-10
82.386010586 	 2.07712e-10
82.4484715493 	 2.07259e-10
82.5109325126 	 2.06848e-10
82.5733934759 	 2.06328e-10
82.6358544392 	 2.05891e-10
82.6983154025 	 2.05543e-10
82.7607763658 	 2.05124e-10
82.8232373291 	 2.04865e-10
82.8856982924 	 2.04396e-10
82.9481592557 	 2.03513e-10
83.010620219 	 2.03054e-10
83.0730811822 	 2.02605e-10
83.1355421455 	 2.02382e-10
83.1980031088 	 2.01862e-10
83.2604640721 	 2.01449e-10
83.3229250354 	 2.01198e-10
83.3853859987 	 2.0076e-10
83.447846962 	 2.0034e-10
83.5103079253 	 1.99664e-10
83.5727688886 	 1.99446e-10
83.6352298519 	 1.99125e-10
83.6976908152 	 1.9857e-10
83.7601517785 	 1.98222e-10
83.8226127418 	 1.97805e-10
83.8850737051 	 1.97643e-10
83.9475346684 	 1.969e-10
84.0099956317 	 1.96472e-10
84.072456595 	 1.96229e-10
84.1349175583 	 1.95899e-10
84.1973785216 	 1.95347e-10
84.2598394849 	 1.94822e-10
84.3223004481 	 1.94697e-10
84.3847614114 	 1.9396e-10
84.4472223747 	 1.93399e-10
84.509683338 	 1.92991e-10
84.5721443013 	 1.92475e-10
84.6346052646 	 1.92292e-10
84.6970662279 	 1.92299e-10
84.7595271912 	 1.91867e-10
84.8219881545 	 1.91474e-10
84.8844491178 	 1.91076e-10
84.9469100811 	 1.90664e-10
85.0093710444 	 1.89916e-10
85.0718320077 	 1.89637e-10
85.134292971 	 1.89432e-10
85.1967539343 	 1.89009e-10
85.2592148976 	 1.88529e-10
85.3216758609 	 1.88258e-10
85.3841368242 	 1.87959e-10
85.4465977875 	 1.87617e-10
85.5090587508 	 1.86838e-10
85.571519714 	 1.8652e-10
85.6339806773 	 1.86182e-10
85.6964416406 	 1.86074e-10
85.7589026039 	 1.85583e-10
85.8213635672 	 1.85141e-10
85.8838245305 	 1.84846e-10
85.9462854938 	 1.8427e-10
86.0087464571 	 1.8393e-10
86.0712074204 	 1.83571e-10
86.1336683837 	 1.83391e-10
86.196129347 	 1.82963e-10
86.2585903103 	 1.82633e-10
86.3210512736 	 1.8245e-10
86.3835122369 	 1.82038e-10
86.4459732002 	 1.81462e-10
86.5084341635 	 1.81259e-10
86.5708951268 	 1.80725e-10
86.6333560901 	 1.80595e-10
86.6958170534 	 1.80164e-10
86.7582780167 	 1.79901e-10
86.8207389799 	 1.79509e-10
86.8831999432 	 1.78993e-10
86.9456609065 	 1.78807e-10
87.0081218698 	 1.78325e-10
87.0705828331 	 1.77974e-10
87.1330437964 	 1.7756e-10
87.1955047597 	 1.77274e-10
87.257965723 	 1.76944e-10
87.3204266863 	 1.7667e-10
87.3828876496 	 1.76252e-10
87.4453486129 	 1.75796e-10
87.5078095762 	 1.75511e-10
87.5702705395 	 1.75639e-10
87.6327315028 	 1.7515e-10
87.6951924661 	 1.74697e-10
87.7576534294 	 1.74586e-10
87.8201143927 	 1.74364e-10
87.882575356 	 1.73799e-10
87.9450363193 	 1.73235e-10
88.0074972825 	 1.72853e-10
88.0699582458 	 1.72539e-10
88.1324192091 	 1.72313e-10
88.1948801724 	 1.72207e-10
88.2573411357 	 1.71876e-10
88.319802099 	 1.71451e-10
88.3822630623 	 1.71078e-10
88.4447240256 	 1.70638e-10
88.5071849889 	 1.70705e-10
88.5696459522 	 1.70234e-10
88.6321069155 	 1.7003e-10
88.6945678788 	 1.69606e-10
88.7570288421 	 1.69238e-10
88.8194898054 	 1.69036e-10
88.8819507687 	 1.68711e-10
88.944411732 	 1.68371e-10
89.0068726953 	 1.68059e-10
89.0693336586 	 1.67778e-10
89.1317946219 	 1.67804e-10
89.1942555852 	 1.67255e-10
89.2567165484 	 1.66933e-10
89.3191775117 	 1.66816e-10
89.381638475 	 1.66295e-10
89.4440994383 	 1.66058e-10
89.5065604016 	 1.65672e-10
89.5690213649 	 1.65412e-10
89.6314823282 	 1.65084e-10
89.6939432915 	 1.64795e-10
89.7564042548 	 1.6487e-10
89.8188652181 	 1.64439e-10
89.8813261814 	 1.6399e-10
89.9437871447 	 1.63717e-10
90.006248108 	 1.6334e-10
90.0687090713 	 1.63174e-10
90.1311700346 	 1.62792e-10
90.1936309979 	 1.62747e-10
90.2560919612 	 1.62584e-10
90.3185529245 	 1.62164e-10
90.3810138878 	 1.62095e-10
90.4434748511 	 1.61762e-10
90.5059358143 	 1.61669e-10
90.5683967776 	 1.6108e-10
90.6308577409 	 1.60921e-10
90.6933187042 	 1.60796e-10
90.7557796675 	 1.60271e-10
90.8182406308 	 1.59985e-10
90.8807015941 	 1.59834e-10
90.9431625574 	 1.59546e-10
91.0056235207 	 1.59274e-10
91.068084484 	 1.58781e-10
91.1305454473 	 1.58895e-10
91.1930064106 	 1.58636e-10
91.2554673739 	 1.58471e-10
91.3179283372 	 1.58266e-10
91.3803893005 	 1.57838e-10
91.4428502638 	 1.57641e-10
91.5053112271 	 1.57391e-10
91.5677721904 	 1.5724e-10
91.6302331537 	 1.56814e-10
91.6926941169 	 1.56607e-10
91.7551550802 	 1.56642e-10
91.8176160435 	 1.56423e-10
91.8800770068 	 1.55899e-10
91.9425379701 	 1.55674e-10
92.0049989334 	 1.55607e-10
92.0674598967 	 1.55323e-10
92.12992086 	 1.55085e-10
92.1923818233 	 1.54878e-10
92.2548427866 	 1.5466e-10
92.3173037499 	 1.54468e-10
92.3797647132 	 1.54102e-10
92.4422256765 	 1.53965e-10
92.5046866398 	 1.53782e-10
92.5671476031 	 1.53629e-10
92.6296085664 	 1.53427e-10
92.6920695297 	 1.5318e-10
92.754530493 	 1.53084e-10
92.8169914563 	 1.52709e-10
92.8794524196 	 1.52643e-10
92.9419133828 	 1.52264e-10
93.0043743461 	 1.52151e-10
93.0668353094 	 1.51998e-10
93.1292962727 	 1.51843e-10
93.191757236 	 1.51661e-10
93.2542181993 	 1.51417e-10
93.3166791626 	 1.51426e-10
93.3791401259 	 1.51105e-10
93.4416010892 	 1.50809e-10
93.5040620525 	 1.50629e-10
93.5665230158 	 1.50394e-10
93.6289839791 	 1.50225e-10
93.6914449424 	 1.49895e-10
93.7539059057 	 1.49722e-10
93.816366869 	 1.49831e-10
93.8788278323 	 1.49649e-10
93.9412887956 	 1.49368e-10
94.0037497589 	 1.49243e-10
94.0662107222 	 1.48835e-10
94.1286716855 	 1.48961e-10
94.1911326487 	 1.48696e-10
94.253593612 	 1.48545e-10
94.3160545753 	 1.48394e-10
94.3785155386 	 1.48229e-10
94.4409765019 	 1.48186e-10
94.5034374652 	 1.47618e-10
94.5658984285 	 1.47787e-10
94.6283593918 	 1.47465e-10
94.6908203551 	 1.47629e-10
94.7532813184 	 1.47328e-10
94.8157422817 	 1.47286e-10
94.878203245 	 1.47044e-10
94.9406642083 	 1.46899e-10
95.0031251716 	 1.46401e-10
95.0655861349 	 1.46318e-10
95.1280470982 	 1.46297e-10
95.1905080615 	 1.46443e-10
95.2529690248 	 1.46065e-10
95.3154299881 	 1.46052e-10
95.3778909513 	 1.4586e-10
95.4403519146 	 1.45728e-10
95.5028128779 	 1.45621e-10
95.5652738412 	 1.45416e-10
95.6277348045 	 1.45285e-10
95.6901957678 	 1.45271e-10
95.7526567311 	 1.45026e-10
95.8151176944 	 1.44926e-10
95.8775786577 	 1.44683e-10
95.940039621 	 1.44774e-10
96.0025005843 	 1.4465e-10
96.0649615476 	 1.44324e-10
96.1274225109 	 1.44323e-10
96.1898834742 	 1.44301e-10
96.2523444375 	 1.44305e-10
96.3148054008 	 1.43977e-10
96.3772663641 	 1.4403e-10
96.4397273274 	 1.43686e-10
96.5021882907 	 1.43755e-10
96.564649254 	 1.43503e-10
96.6271102172 	 1.43549e-10
96.6895711805 	 1.43209e-10
96.7520321438 	 1.4332e-10
96.8144931071 	 1.43332e-10
96.8769540704 	 1.43218e-10
96.9394150337 	 1.42883e-10
97.001875997 	 1.42736e-10
97.0643369603 	 1.42823e-10
97.1267979236 	 1.42855e-10
97.1892588869 	 1.42803e-10
97.2517198502 	 1.42648e-10
97.3141808135 	 1.42554e-10
97.3766417768 	 1.42305e-10
97.4391027401 	 1.4226e-10
97.5015637034 	 1.42473e-10
97.5640246667 	 1.42346e-10
97.62648563 	 1.42025e-10
97.6889465933 	 1.41976e-10
97.7514075566 	 1.42061e-10
97.8138685199 	 1.42109e-10
97.8763294831 	 1.41897e-10
97.9387904464 	 1.41591e-10
98.0012514097 	 1.4167e-10
98.063712373 	 1.41798e-10
98.1261733363 	 1.41595e-10
98.1886342996 	 1.41424e-10
98.2510952629 	 1.41376e-10
98.3135562262 	 1.41552e-10
98.3760171895 	 1.4161e-10
98.4384781528 	 1.41443e-10
98.5009391161 	 1.41142e-10
98.5634000794 	 1.41125e-10
98.6258610427 	 1.41308e-10
98.688322006 	 1.41322e-10
98.7507829693 	 1.41077e-10
98.8132439326 	 1.41157e-10
98.8757048959 	 1.40996e-10
98.9381658592 	 1.41098e-10
99.0006268225 	 1.41075e-10
99.0630877858 	 1.41029e-10
99.125548749 	 1.41029e-10
99.1880097123 	 1.40927e-10
99.2504706756 	 1.40922e-10
99.3129316389 	 1.41011e-10
99.3753926022 	 1.40784e-10
99.4378535655 	 1.40642e-10
99.5003145288 	 1.40784e-10
99.5627754921 	 1.40756e-10
99.6252364554 	 1.40901e-10
99.6876974187 	 1.40922e-10
99.750158382 	 1.40766e-10
99.8126193453 	 1.4067e-10
99.8750803086 	 1.40903e-10
99.9375412719 	 1.40912e-10
100.000002235 	 1.40636e-10
