0.0 	 6.12637e-06
0.0166168165894 	 3.76913e-05
0.0332336331789 	 0.000278819
0.0498504497683 	 0.000246362
0.0664672663577 	 0.000441175
0.0830840829471 	 0.000845226
0.0997008995366 	 0.000738753
0.116317716126 	 0.00378479
0.132934532715 	 0.000718601
0.149551349305 	 0.00340282
0.166168165894 	 0.00145666
0.182784982484 	 0.00309399
0.199401799073 	 0.00188627
0.216018615663 	 0.0014752
0.232635432252 	 0.00106331
0.249252248841 	 0.00226492
0.265869065431 	 0.00213289
0.28248588202 	 0.00101355
0.29910269861 	 0.00315346
0.315719515199 	 0.005729
0.332336331789 	 0.00626172
0.348953148378 	 0.00392417
0.365569964967 	 0.00247228
0.382186781557 	 0.00421892
0.398803598146 	 0.00366859
0.415420414736 	 0.00166546
0.432037231325 	 0.00663585
0.448654047915 	 0.00646047
0.465270864504 	 0.00461726
0.481887681093 	 0.00628393
0.498504497683 	 0.00704598
0.515121314272 	 0.00574994
0.531738130862 	 0.00801181
0.548354947451 	 0.0105857
0.564971764041 	 0.0100177
0.58158858063 	 0.0106175
0.598205397219 	 0.00875302
0.614822213809 	 0.0107237
0.631439030398 	 0.0129014
0.648055846988 	 0.0120809
0.664672663577 	 0.0113219
0.681289480167 	 0.00853426
0.697906296756 	 0.00825099
0.714523113345 	 0.0105371
0.731139929935 	 0.0115515
0.747756746524 	 0.00948226
0.764373563114 	 0.00602055
0.780990379703 	 0.00813362
0.797607196293 	 0.0116495
0.814224012882 	 0.0117277
0.830840829471 	 0.0143148
0.847457646061 	 0.0173519
0.86407446265 	 0.0200049
0.88069127924 	 0.0182566
0.897308095829 	 0.0161394
0.913924912419 	 0.0131112
0.930541729008 	 0.0107934
0.947158545597 	 0.00647926
0.963775362187 	 0.00719217
0.980392178776 	 0.0115159
0.997008995366 	 0.0103545
1.01362581196 	 0.00814733
1.03024262854 	 0.00496271
1.04685944513 	 0.00527728
1.06347626172 	 0.00937611
1.08009307831 	 0.0120303
1.0967098949 	 0.0146546
1.11332671149 	 0.0127688
1.12994352808 	 0.00984327
1.14656034467 	 0.0107641
1.16317716126 	 0.00983774
1.17979397785 	 0.0100409
1.19641079444 	 0.0103702
1.21302761103 	 0.00678735
1.22964442762 	 0.0104403
1.24626124421 	 0.0117327
1.2628780608 	 0.0130702
1.27949487739 	 0.0169363
1.29611169398 	 0.0142509
1.31272851056 	 0.0182172
1.32934532715 	 0.0160652
1.34596214374 	 0.0200707
1.36257896033 	 0.0262771
1.37919577692 	 0.0290762
1.39581259351 	 0.0250503
1.4124294101 	 0.0242397
1.42904622669 	 0.0250258
1.44566304328 	 0.0272534
1.46227985987 	 0.029669
1.47889667646 	 0.0284755
1.49551349305 	 0.0253046
1.51213030964 	 0.0219341
1.52874712623 	 0.0252107
1.54536394282 	 0.0267317
1.56198075941 	 0.0211815
1.578597576 	 0.0130085
1.59521439259 	 0.00623144
1.61183120917 	 0.00515332
1.62844802576 	 0.00630381
1.64506484235 	 0.00790275
1.66168165894 	 0.00652791
1.67829847553 	 0.00807472
1.69491529212 	 0.00928663
1.71153210871 	 0.00397115
1.7281489253 	 0.0102245
1.74476574189 	 0.00673379
1.76138255848 	 0.00640859
1.77799937507 	 0.00844518
1.79461619166 	 0.00780573
1.81123300825 	 0.00472125
1.82784982484 	 0.00674319
1.84446664143 	 0.00359928
1.86108345802 	 0.00330646
1.87770027461 	 0.00410688
1.89431709119 	 0.00412991
1.91093390778 	 0.00651187
1.92755072437 	 0.0016777
1.94416754096 	 0.0021441
1.96078435755 	 0.00636934
1.97740117414 	 0.00507263
1.99401799073 	 0.00377798
2.01063480732 	 0.00429319
2.02725162391 	 0.00237868
2.0438684405 	 0.00498959
2.06048525709 	 0.00283436
2.07710207368 	 0.00220813
2.09371889027 	 0.00187381
2.11033570686 	 0.00241275
2.12695252345 	 0.00186834
2.14356934004 	 0.00241124
2.16018615663 	 0.00358639
2.17680297321 	 0.00237554
2.1934197898 	 0.00272767
2.21003660639 	 0.00516929
2.22665342298 	 0.00509622
2.24327023957 	 0.00415669
2.25988705616 	 0.00207521
2.27650387275 	 0.0032807
2.29312068934 	 0.00345817
2.30973750593 	 0.004176
2.32635432252 	 0.00868367
2.34297113911 	 0.00171217
2.3595879557 	 0.0014746
2.37620477229 	 0.00697432
2.39282158888 	 0.0124975
2.40943840547 	 0.00749713
2.42605522206 	 0.0101371
2.44267203865 	 0.0116889
2.45928885524 	 0.0130615
2.47590567182 	 0.00900687
2.49252248841 	 0.00334164
2.509139305 	 0.00169893
2.52575612159 	 0.00289346
2.54237293818 	 0.00519066
2.55898975477 	 0.00461668
2.57560657136 	 0.00779962
2.59222338795 	 0.00541345
2.60884020454 	 0.0066315
2.62545702113 	 0.0087016
2.64207383772 	 0.00677883
2.65869065431 	 0.00284432
2.6753074709 	 0.00436071
2.69192428749 	 0.00550676
2.70854110408 	 0.00209595
2.72515792067 	 0.00402084
2.74177473726 	 0.00431319
2.75839155384 	 0.00500382
2.77500837043 	 0.00736928
2.79162518702 	 0.00517354
2.80824200361 	 0.0142625
2.8248588202 	 0.00541663
2.84147563679 	 0.0111677
2.85809245338 	 0.0182735
2.87470926997 	 0.0177287
2.89132608656 	 0.019722
2.90794290315 	 0.0104583
2.92455971974 	 0.0141846
2.94117653633 	 0.0220654
2.95779335292 	 0.0180872
2.97441016951 	 0.0223977
2.9910269861 	 0.0179539
3.00764380269 	 0.0262787
3.02426061928 	 0.0128787
3.04087743587 	 0.0132218
3.05749425245 	 0.0105177
3.07411106904 	 0.0109541
3.09072788563 	 0.00247141
3.10734470222 	 0.00912373
3.12396151881 	 0.0194745
3.1405783354 	 0.00269394
3.15719515199 	 0.00638735
3.17381196858 	 0.00660646
3.19042878517 	 0.0124336
3.20704560176 	 0.00692868
3.22366241835 	 0.00349189
3.24027923494 	 0.00802485
3.25689605153 	 0.00254149
3.27351286812 	 0.025042
3.29012968471 	 0.0346263
3.3067465013 	 0.019738
3.32336331789 	 0.031731
3.33998013447 	 0.0327604
3.35659695106 	 0.00283445
3.37321376765 	 0.0217478
3.38983058424 	 0.0326566
3.40644740083 	 0.0454005
3.42306421742 	 0.0350902
3.43968103401 	 0.0236875
3.4562978506 	 0.0225525
3.47291466719 	 0.0203206
3.48953148378 	 0.0169732
3.50614830037 	 0.00806606
3.52276511696 	 0.0125503
3.53938193355 	 0.0205251
3.55599875014 	 0.0507944
3.57261556673 	 0.0230305
3.58923238332 	 0.0188826
3.60584919991 	 0.027192
3.6224660165 	 0.0235524
3.63908283308 	 0.0464683
3.65569964967 	 0.0591526
3.67231646626 	 0.0488
3.68893328285 	 0.0412158
3.70555009944 	 0.0454502
3.72216691603 	 0.0513275
3.73878373262 	 0.0347988
3.75540054921 	 0.0123732
3.7720173658 	 0.0057813
3.78863418239 	 0.0284403
3.80525099898 	 0.0391979
3.82186781557 	 0.0212836
3.83848463216 	 0.00352815
3.85510144875 	 0.00542616
3.87171826534 	 0.0151922
3.88833508193 	 0.0114933
3.90495189852 	 0.0185512
3.9215687151 	 0.00351924
3.93818553169 	 0.0140564
3.95480234828 	 0.0116611
3.97141916487 	 0.016121
3.98803598146 	 0.0196911
4.00465279805 	 0.00558502
4.02126961464 	 0.00831965
4.03788643123 	 0.0157907
4.05450324782 	 0.0199673
4.07112006441 	 0.00860751
4.087736881 	 0.00323728
4.10435369759 	 0.0132947
4.12097051418 	 0.0169782
4.13758733077 	 0.0139833
4.15420414736 	 0.00744946
4.17082096395 	 0.00275814
4.18743778054 	 0.00779322
4.20405459713 	 0.00832922
4.22067141371 	 0.0125734
4.2372882303 	 0.00752313
4.25390504689 	 0.01506
4.27052186348 	 0.010348
4.28713868007 	 0.00222308
4.30375549666 	 0.00476195
4.32037231325 	 0.00352462
4.33698912984 	 0.00707918
4.35360594643 	 0.00758636
4.37022276302 	 0.0115457
4.38683957961 	 0.00487226
4.4034563962 	 0.0022798
4.42007321279 	 0.00291898
4.43669002938 	 0.000240094
4.45330684597 	 0.00812588
4.46992366256 	 0.00738017
4.48654047915 	 0.00978087
4.50315729573 	 0.0177884
4.51977411232 	 0.0217012
4.53639092891 	 0.0195161
4.5530077455 	 0.0133259
4.56962456209 	 0.0197798
4.58624137868 	 0.0243905
4.60285819527 	 0.018484
4.61947501186 	 0.01513
4.63609182845 	 0.00794808
4.65270864504 	 0.00971718
4.66932546163 	 0.0122751
4.68594227822 	 0.0245833
4.70255909481 	 0.0240917
4.7191759114 	 0.0218516
4.73579272799 	 0.0213529
4.75240954458 	 0.0237605
4.76902636117 	 0.0245423
4.78564317776 	 0.0246214
4.80225999434 	 0.0252223
4.81887681093 	 0.0227719
4.83549362752 	 0.0253939
4.85211044411 	 0.0209841
4.8687272607 	 0.0131542
4.88534407729 	 0.00390877
4.90196089388 	 0.00543063
4.91857771047 	 0.0122745
4.93519452706 	 0.0141263
4.95181134365 	 0.0152979
4.96842816024 	 0.0181352
4.98504497683 	 0.0212434
5.00166179342 	 0.0155395
5.01827861001 	 0.00809698
5.0348954266 	 0.00553303
5.05151224319 	 0.0100629
5.06812905978 	 0.0185991
5.08474587636 	 0.0187957
5.10136269295 	 0.0130382
5.11797950954 	 0.00881829
5.13459632613 	 0.0101724
5.15121314272 	 0.0124295
5.16782995931 	 0.00798164
5.1844467759 	 0.00538451
5.20106359249 	 0.00706127
5.21768040908 	 0.00536107
5.23429722567 	 0.00687738
5.25091404226 	 0.0042163
5.26753085885 	 0.0130939
5.28414767544 	 0.0196003
5.30076449203 	 0.0179523
5.31738130862 	 0.0207824
5.33399812521 	 0.0157094
5.3506149418 	 0.00521786
5.36723175839 	 0.0128592
5.38384857497 	 0.0138058
5.40046539156 	 0.0131379
5.41708220815 	 0.00814607
5.43369902474 	 0.000348171
5.45031584133 	 0.00438372
5.46693265792 	 0.00846405
5.48354947451 	 0.012337
5.5001662911 	 0.0113779
5.51678310769 	 0.00879666
5.53339992428 	 0.00614637
5.55001674087 	 0.00336432
5.56663355746 	 0.00525357
5.58325037405 	 0.0132298
5.59986719064 	 0.0119463
5.61648400723 	 0.0156798
5.63310082382 	 0.0205979
5.64971764041 	 0.0190857
5.66633445699 	 0.0213163
5.68295127358 	 0.0213665
5.69956809017 	 0.0190195
5.71618490676 	 0.0129474
5.73280172335 	 0.00111134
5.74941853994 	 0.0125765
5.76603535653 	 0.0142314
5.78265217312 	 0.0119736
5.79926898971 	 0.00906153
5.8158858063 	 0.00619563
5.83250262289 	 0.00647929
5.84911943948 	 0.00637481
5.86573625607 	 0.00473702
5.88235307266 	 0.00556401
5.89896988925 	 0.000918523
5.91558670584 	 0.00909468
5.93220352243 	 0.0161934
5.94882033902 	 0.0204294
5.9654371556 	 0.0229292
5.98205397219 	 0.0207373
5.99867078878 	 0.0185648
6.01528760537 	 0.0176916
6.03190442196 	 0.00959745
6.04852123855 	 0.00220167
6.06513805514 	 0.0118402
6.08175487173 	 0.0199338
6.09837168832 	 0.0189346
6.11498850491 	 0.0181874
6.1316053215 	 0.0115423
6.14822213809 	 0.00997255
6.16483895468 	 0.0061758
6.18145577127 	 0.0024211
6.19807258786 	 0.0060939
6.21468940445 	 0.00796951
6.23130622104 	 0.00424583
6.24792303762 	 0.00203835
6.26453985421 	 0.00979005
6.2811566708 	 0.0116596
6.29777348739 	 0.00776636
6.31439030398 	 0.00302934
6.33100712057 	 0.000545478
6.34762393716 	 0.00361682
6.36424075375 	 0.00793363
6.38085757034 	 0.00794229
6.39747438693 	 0.00144723
6.41409120352 	 0.00436773
6.43070802011 	 0.00753616
6.4473248367 	 0.00609514
6.46394165329 	 0.00713878
6.48055846988 	 0.00676652
6.49717528647 	 0.00698452
6.51379210306 	 0.00180125
6.53040891964 	 0.00498435
6.54702573623 	 0.00728822
6.56364255282 	 0.00640224
6.58025936941 	 0.00750314
6.596876186 	 0.00337774
6.61349300259 	 0.00401907
6.63010981918 	 0.00567327
6.64672663577 	 0.00697173
6.66334345236 	 0.00576008
6.67996026895 	 0.00300657
6.69657708554 	 0.00596757
6.71319390213 	 0.00846207
6.72981071872 	 0.00722536
6.74642753531 	 0.00641052
6.7630443519 	 0.00563084
6.77966116849 	 0.00727574
6.79627798508 	 0.00638315
6.81289480167 	 0.0106429
6.82951161825 	 0.00670173
6.84612843484 	 0.00331718
6.86274525143 	 0.00353897
6.87936206802 	 0.00496361
6.89597888461 	 0.00780913
6.9125957012 	 0.00904032
6.92921251779 	 0.00761482
6.94582933438 	 0.00441157
6.96244615097 	 0.00184509
6.97906296756 	 0.0015948
6.99567978415 	 0.00446597
7.01229660074 	 0.0060586
7.02891341733 	 0.00460305
7.04553023392 	 0.00453018
7.06214705051 	 0.00874968
7.0787638671 	 0.00704059
7.09538068369 	 0.00741674
7.11199750027 	 0.00235419
7.12861431686 	 0.00404001
7.14523113345 	 0.00375345
7.16184795004 	 0.00362872
7.17846476663 	 0.00422581
7.19508158322 	 0.00432913
7.21169839981 	 0.00543188
7.2283152164 	 0.00624594
7.24493203299 	 0.00686798
7.26154884958 	 0.00583526
7.27816566617 	 0.00156378
7.29478248276 	 0.00407676
7.31139929935 	 0.00543396
7.32801611594 	 0.00651715
7.34463293253 	 0.00562956
7.36124974912 	 0.00610804
7.37786656571 	 0.00522844
7.3944833823 	 0.00389784
7.41110019888 	 0.00121492
7.42771701547 	 0.000486165
7.44433383206 	 0.00268433
7.46095064865 	 0.000519075
7.47756746524 	 0.00134452
7.49418428183 	 0.00237692
7.51080109842 	 0.00231438
7.52741791501 	 0.00171987
7.5440347316 	 0.00232128
7.56065154819 	 0.00394842
7.57726836478 	 0.00396692
7.59388518137 	 0.00538648
7.61050199796 	 0.00316646
7.62711881455 	 0.00335361
7.64373563114 	 0.00561657
7.66035244773 	 0.00445525
7.67696926432 	 0.00273519
7.6935860809 	 0.00137578
7.71020289749 	 0.00146337
7.72681971408 	 0.00212927
7.74343653067 	 0.0013575
7.76005334726 	 0.0015207
7.77667016385 	 0.00226635
7.79328698044 	 0.00389556
7.80990379703 	 0.00451497
7.82652061362 	 0.00497562
7.84313743021 	 0.00657396
7.8597542468 	 0.00721981
7.87637106339 	 0.00554447
7.89298787998 	 0.00302058
7.90960469657 	 0.00284132
7.92622151316 	 0.00392028
7.94283832975 	 0.0048763
7.95945514634 	 0.00532262
7.97607196293 	 0.00569549
7.99268877951 	 0.00285609
8.0093055961 	 0.00297407
8.02592241269 	 0.00193759
8.04253922928 	 0.00123785
8.05915604587 	 0.00116581
8.07577286246 	 0.00293433
8.09238967905 	 0.00375028
8.10900649564 	 0.00395202
8.12562331223 	 0.00376137
8.14224012882 	 0.0024101
8.15885694541 	 0.00286943
8.175473762 	 0.00263188
8.19209057859 	 0.00344569
8.20870739518 	 0.0027194
8.22532421177 	 0.0014035
8.24194102836 	 0.00103564
8.25855784495 	 0.00107982
8.27517466153 	 0.00210634
8.29179147812 	 0.00255096
8.30840829471 	 0.00351947
8.3250251113 	 0.00232459
8.34164192789 	 0.00300263
8.35825874448 	 0.00259759
8.37487556107 	 0.0038345
8.39149237766 	 0.00387085
8.40810919425 	 0.00518904
8.42472601084 	 0.0061787
8.44134282743 	 0.00592397
8.45795964402 	 0.00725543
8.47457646061 	 0.00625308
8.4911932772 	 0.00393551
8.50781009379 	 0.00375068
8.52442691038 	 0.00427115
8.54104372697 	 0.00479282
8.55766054356 	 0.00284427
8.57427736014 	 0.00204527
8.59089417673 	 0.00138687
8.60751099332 	 0.00222309
8.62412780991 	 0.00207416
8.6407446265 	 0.00196908
8.65736144309 	 0.0019128
8.67397825968 	 0.00311649
8.69059507627 	 0.00354756
8.70721189286 	 0.00511018
8.72382870945 	 0.00480916
8.74044552604 	 0.00354091
8.75706234263 	 0.00328091
8.77367915922 	 0.0014174
8.79029597581 	 0.00277967
8.8069127924 	 0.00208555
8.82352960899 	 0.00614719
8.84014642558 	 0.00713091
8.85676324216 	 0.00589922
8.87338005875 	 0.00402872
8.88999687534 	 0.00543171
8.90661369193 	 0.00603944
8.92323050852 	 0.0066009
8.93984732511 	 0.00397268
8.9564641417 	 0.00184612
8.97308095829 	 0.00240669
8.98969777488 	 0.00207126
9.00631459147 	 0.00234781
9.02293140806 	 0.00156224
9.03954822465 	 0.00173791
9.05616504124 	 0.00257456
9.07278185783 	 0.00111058
9.08939867442 	 0.00307077
9.10601549101 	 0.00427926
9.1226323076 	 0.00342533
9.13924912419 	 0.0042052
9.15586594077 	 0.00490029
9.17248275736 	 0.00430694
9.18909957395 	 0.00354859
9.20571639054 	 0.00202149
9.22233320713 	 0.0014106
9.23895002372 	 0.00190044
9.25556684031 	 0.00384073
9.2721836569 	 0.00383939
9.28880047349 	 0.00402518
9.30541729008 	 0.00297355
9.32203410667 	 0.00452373
9.33865092326 	 0.00667553
9.35526773985 	 0.00873987
9.37188455644 	 0.0069155
9.38850137303 	 0.00459647
9.40511818962 	 0.0029317
9.42173500621 	 0.00514153
9.43835182279 	 0.00816243
9.45496863938 	 0.00704271
9.47158545597 	 0.00703815
9.48820227256 	 0.0106548
9.50481908915 	 0.00876128
9.52143590574 	 0.00837866
9.53805272233 	 0.00805102
9.55466953892 	 0.00874579
9.57128635551 	 0.00575975
9.5879031721 	 0.00548271
9.60451998869 	 0.00725613
9.62113680528 	 0.00727979
9.63775362187 	 0.00780601
9.65437043846 	 0.00986813
9.67098725505 	 0.00767313
9.68760407164 	 0.00825107
9.70422088823 	 0.00839607
9.72083770482 	 0.00595494
9.7374545214 	 0.0042462
9.75407133799 	 0.00549667
9.77068815458 	 0.00739693
9.78730497117 	 0.00913417
9.80392178776 	 0.00930502
9.82053860435 	 0.00599407
9.83715542094 	 0.00425743
9.85377223753 	 0.00140852
9.87038905412 	 0.00198939
9.88700587071 	 0.00343131
9.9036226873 	 0.00366924
9.92023950389 	 0.00559036
9.93685632048 	 0.00950463
9.95347313707 	 0.00779287
9.97008995366 	 0.00487673
9.98670677025 	 0.00604817
10.0033235868 	 0.00358519
10.0199404034 	 0.00356161
10.03655722 	 0.00164745
10.0531740366 	 0.00106733
10.0697908532 	 0.00362569
10.0864076698 	 0.00324562
10.1030244864 	 0.00675749
10.119641303 	 0.00506748
10.1362581196 	 0.00430597
10.1528749361 	 0.00109308
10.1694917527 	 0.000881107
10.1861085693 	 0.00246596
10.2027253859 	 0.000675284
10.2193422025 	 0.00347583
10.2359590191 	 0.0074957
10.2525758357 	 0.00993551
10.2691926523 	 0.0119591
10.2858094689 	 0.0105581
10.3024262854 	 0.00918498
10.319043102 	 0.00455362
10.3356599186 	 0.00204842
10.3522767352 	 0.00107315
10.3688935518 	 0.00312938
10.3855103684 	 0.00420289
10.402127185 	 0.00775797
10.4187440016 	 0.008756
10.4353608182 	 0.00825795
10.4519776347 	 0.00346096
10.4685944513 	 0.00545894
10.4852112679 	 0.00717082
10.5018280845 	 0.00226564
10.5184449011 	 0.0044761
10.5350617177 	 0.00900989
10.5516785343 	 0.0121247
10.5682953509 	 0.0134416
10.5849121675 	 0.010457
10.6015289841 	 0.0104015
10.6181458006 	 0.00937314
10.6347626172 	 0.00404686
10.6513794338 	 0.00183544
10.6679962504 	 0.00771047
10.684613067 	 0.00695633
10.7012298836 	 0.00757565
10.7178467002 	 0.00583434
10.7344635168 	 0.00867818
10.7510803334 	 0.00666174
10.7676971499 	 0.00441142
10.7843139665 	 0.00175185
10.8009307831 	 0.00119215
10.8175475997 	 0.00073229
10.8341644163 	 0.00329929
10.8507812329 	 0.0043476
10.8673980495 	 0.00523703
10.8840148661 	 0.00502974
10.9006316827 	 0.00526589
10.9172484993 	 0.00493324
10.9338653158 	 0.00319823
10.9504821324 	 0.00231042
10.967098949 	 0.00256228
10.9837157656 	 0.00570334
11.0003325822 	 0.0080504
11.0169493988 	 0.00719422
11.0335662154 	 0.00810063
11.050183032 	 0.0119904
11.0667998486 	 0.00983468
11.0834166651 	 0.0072654
11.1000334817 	 0.00835845
11.1166502983 	 0.0147479
11.1332671149 	 0.0150003
11.1498839315 	 0.0157692
11.1665007481 	 0.0129518
11.1831175647 	 0.0129659
11.1997343813 	 0.0111333
11.2163511979 	 0.011058
11.2329680145 	 0.0103704
11.249584831 	 0.0114734
11.2662016476 	 0.0102776
11.2828184642 	 0.0101183
11.2994352808 	 0.010597
11.3160520974 	 0.00829057
11.332668914 	 0.00845025
11.3492857306 	 0.00949027
11.3659025472 	 0.0113724
11.3825193638 	 0.00998489
11.3991361803 	 0.00857557
11.4157529969 	 0.010355
11.4323698135 	 0.0130811
11.4489866301 	 0.0137431
11.4656034467 	 0.0109056
11.4822202633 	 0.00842121
11.4988370799 	 0.00630532
11.5154538965 	 0.00781653
11.5320707131 	 0.00575831
11.5486875297 	 0.00488207
11.5653043462 	 0.00684808
11.5819211628 	 0.0089497
11.5985379794 	 0.00730192
11.615154796 	 0.0079458
11.6317716126 	 0.00870737
11.6483884292 	 0.00945388
11.6650052458 	 0.00908625
11.6816220624 	 0.00873457
11.698238879 	 0.00960964
11.7148556955 	 0.00727009
11.7314725121 	 0.00642679
11.7480893287 	 0.00747777
11.7647061453 	 0.00483427
11.7813229619 	 0.00480675
11.7979397785 	 0.00245034
11.8145565951 	 0.0025967
11.8311734117 	 0.00159475
11.8477902283 	 0.00168794
11.8644070449 	 0.00198156
11.8810238614 	 0.0038133
11.897640678 	 0.00390519
11.9142574946 	 0.00547473
11.9308743112 	 0.00666059
11.9474911278 	 0.00644064
11.9641079444 	 0.0080555
11.980724761 	 0.00874931
11.9973415776 	 0.00782136
12.0139583942 	 0.00516069
12.0305752107 	 0.00221549
12.0471920273 	 0.00145875
12.0638088439 	 0.000633919
12.0804256605 	 0.000430572
12.0970424771 	 0.000236061
12.1136592937 	 0.00152248
12.1302761103 	 0.00208974
12.1468929269 	 0.0030422
12.1635097435 	 0.00383701
12.1801265601 	 0.00526351
12.1967433766 	 0.00580729
12.2133601932 	 0.00544142
12.2299770098 	 0.00487408
12.2465938264 	 0.00460412
12.263210643 	 0.0033866
12.2798274596 	 0.000984772
12.2964442762 	 0.00339493
12.3130610928 	 0.00356096
12.3296779094 	 0.00393533
12.3462947259 	 0.00391338
12.3629115425 	 0.00551805
12.3795283591 	 0.00603724
12.3961451757 	 0.00592306
12.4127619923 	 0.00672925
12.4293788089 	 0.00724577
12.4459956255 	 0.0053333
12.4626124421 	 0.00375495
12.4792292587 	 0.00538568
12.4958460752 	 0.00650247
12.5124628918 	 0.00586892
12.5290797084 	 0.00537258
12.545696525 	 0.00367006
12.5623133416 	 0.004634
12.5789301582 	 0.00330135
12.5955469748 	 0.00314697
12.6121637914 	 0.00349714
12.628780608 	 0.00318726
12.6453974246 	 0.0034669
12.6620142411 	 0.00300938
12.6786310577 	 0.00284767
12.6952478743 	 0.00209827
12.7118646909 	 0.00157211
12.7284815075 	 0.00101712
12.7450983241 	 0.000823695
12.7617151407 	 0.000926156
12.7783319573 	 0.00158068
12.7949487739 	 0.00178249
12.8115655904 	 0.00169702
12.828182407 	 0.00140439
12.8447992236 	 0.000562834
12.8614160402 	 0.000612843
12.8780328568 	 0.0004777
12.8946496734 	 0.00125812
12.91126649 	 0.003506
12.9278833066 	 0.00492015
12.9445001232 	 0.0052881
12.9611169398 	 0.00373604
12.9777337563 	 0.00283128
12.9943505729 	 0.00236223
13.0109673895 	 0.00337193
13.0275842061 	 0.00510657
13.0442010227 	 0.00545283
13.0608178393 	 0.00460617
13.0774346559 	 0.00155918
13.0940514725 	 0.00173718
13.1106682891 	 0.00451531
13.1272851056 	 0.00585406
13.1439019222 	 0.00544121
13.1605187388 	 0.00556236
13.1771355554 	 0.00476871
13.193752372 	 0.00494477
13.2103691886 	 0.00545277
13.2269860052 	 0.0056937
13.2436028218 	 0.00440938
13.2602196384 	 0.00431935
13.276836455 	 0.00385521
13.2934532715 	 0.00422424
13.3100700881 	 0.00373313
13.3266869047 	 0.00370527
13.3433037213 	 0.00326763
13.3599205379 	 0.00337896
13.3765373545 	 0.0019733
13.3931541711 	 0.00210954
13.4097709877 	 0.00292181
13.4263878043 	 0.00365629
13.4430046208 	 0.00252516
13.4596214374 	 0.00333098
13.476238254 	 0.00306563
13.4928550706 	 0.00278814
13.5094718872 	 0.00272851
13.5260887038 	 0.00327769
13.5427055204 	 0.00339147
13.559322337 	 0.00309124
13.5759391536 	 0.00357459
13.5925559702 	 0.00392193
13.6091727867 	 0.0039158
13.6257896033 	 0.00388646
13.6424064199 	 0.0035536
13.6590232365 	 0.00321273
13.6756400531 	 0.00238236
13.6922568697 	 0.00277482
13.7088736863 	 0.00379756
13.7254905029 	 0.00337998
13.7421073195 	 0.00388415
13.758724136 	 0.00404668
13.7753409526 	 0.004253
13.7919577692 	 0.00478161
13.8085745858 	 0.00448505
13.8251914024 	 0.00280805
13.841808219 	 0.00170709
13.8584250356 	 0.00116105
13.8750418522 	 0.00145317
13.8916586688 	 0.000559282
13.9082754854 	 0.000193359
13.9248923019 	 0.000687389
13.9415091185 	 0.000890948
13.9581259351 	 0.00170083
13.9747427517 	 0.00147559
13.9913595683 	 0.00184581
14.0079763849 	 0.00162876
14.0245932015 	 0.000239257
14.0412100181 	 0.00124698
14.0578268347 	 0.00198372
14.0744436512 	 0.00204908
14.0910604678 	 0.00326452
14.1076772844 	 0.00315483
14.124294101 	 0.00257836
14.1409109176 	 0.00127386
14.1575277342 	 0.000863023
14.1741445508 	 0.00166352
14.1907613674 	 0.00206653
14.207378184 	 0.00167126
14.2239950005 	 0.00131895
14.2406118171 	 0.000732068
14.2572286337 	 0.000500186
14.2738454503 	 0.000324965
14.2904622669 	 0.000399497
14.3070790835 	 0.000710482
14.3236959001 	 0.000490777
14.3403127167 	 0.000983131
14.3569295333 	 0.00171191
14.3735463499 	 0.00245086
14.3901631664 	 0.00244671
14.406779983 	 0.00217973
14.4233967996 	 0.00173383
14.4400136162 	 0.00211326
14.4566304328 	 0.00216205
14.4732472494 	 0.00191859
14.489864066 	 0.00187548
14.5064808826 	 0.00281868
14.5230976992 	 0.00267122
14.5397145157 	 0.00215761
14.5563313323 	 0.00111008
14.5729481489 	 0.000600351
14.5895649655 	 0.00127059
14.6061817821 	 0.00269742
14.6227985987 	 0.00281398
14.6394154153 	 0.00247937
14.6560322319 	 0.00224377
14.6726490485 	 0.00206332
14.6892658651 	 0.00149153
14.7058826816 	 0.000932612
14.7224994982 	 0.0019143
14.7391163148 	 0.00219504
14.7557331314 	 0.00251941
14.772349948 	 0.00189284
14.7889667646 	 0.00251952
14.8055835812 	 0.0024816
14.8222003978 	 0.00332537
14.8388172144 	 0.00343403
14.8554340309 	 0.00428412
14.8720508475 	 0.00483757
14.8886676641 	 0.00582546
14.9052844807 	 0.00607208
14.9219012973 	 0.00589002
14.9385181139 	 0.00502311
14.9551349305 	 0.00444228
14.9717517471 	 0.00476877
14.9883685637 	 0.00578485
15.0049853803 	 0.00649947
15.0216021968 	 0.00690961
15.0382190134 	 0.00620848
15.05483583 	 0.00606374
15.0714526466 	 0.00565755
15.0880694632 	 0.00462456
15.1046862798 	 0.00394925
15.1213030964 	 0.0038519
15.137919913 	 0.00416367
15.1545367296 	 0.00516119
15.1711535461 	 0.00607325
15.1877703627 	 0.00637142
15.2043871793 	 0.00568907
15.2210039959 	 0.00392009
15.2376208125 	 0.00313295
15.2542376291 	 0.0037348
15.2708544457 	 0.00467952
15.2874712623 	 0.00461261
15.3040880789 	 0.00432334
15.3207048955 	 0.00302413
15.337321712 	 0.00249843
15.3539385286 	 0.00260942
15.3705553452 	 0.0021116
15.3871721618 	 0.00160294
15.4037889784 	 0.00168621
15.420405795 	 0.00239266
15.4370226116 	 0.00283928
15.4536394282 	 0.00313282
15.4702562448 	 0.00237704
15.4868730613 	 0.00186646
15.5034898779 	 0.0011582
15.5201066945 	 0.000420723
15.5367235111 	 0.000827687
15.5533403277 	 0.00195728
15.5699571443 	 0.00262583
15.5865739609 	 0.00268351
15.6031907775 	 0.00259294
15.6198075941 	 0.00188051
15.6364244107 	 0.00144632
15.6530412272 	 0.0011174
15.6696580438 	 0.00225317
15.6862748604 	 0.00266911
15.702891677 	 0.00262765
15.7195084936 	 0.00309706
15.7361253102 	 0.00268626
15.7527421268 	 0.00270323
15.7693589434 	 0.00312766
15.78597576 	 0.00321706
15.8025925765 	 0.00342285
15.8192093931 	 0.00342367
15.8358262097 	 0.00281725
15.8524430263 	 0.00192286
15.8690598429 	 0.00218694
15.8856766595 	 0.00260204
15.9022934761 	 0.00288412
15.9189102927 	 0.00316032
15.9355271093 	 0.00354447
15.9521439259 	 0.0037082
15.9687607424 	 0.00368058
15.985377559 	 0.00350397
16.0019943756 	 0.00356618
16.0186111922 	 0.00352054
16.0352280088 	 0.0033279
16.0518448254 	 0.00350841
16.068461642 	 0.00380205
16.0850784586 	 0.00334954
16.1016952752 	 0.00368426
16.1183120917 	 0.0038781
16.1349289083 	 0.00400525
16.1515457249 	 0.0038601
16.1681625415 	 0.0037775
16.1847793581 	 0.0031097
16.2013961747 	 0.00199994
16.2180129913 	 0.00138803
16.2346298079 	 0.00149232
16.2512466245 	 0.00164422
16.267863441 	 0.00166651
16.2844802576 	 0.00135732
16.3010970742 	 0.00119448
16.3177138908 	 0.0011661
16.3343307074 	 0.00128159
16.350947524 	 0.00182882
16.3675643406 	 0.00209308
16.3841811572 	 0.00203825
16.4007979738 	 0.00157276
16.4174147904 	 0.000776379
16.4340316069 	 0.00025927
16.4506484235 	 0.000187959
16.4672652401 	 0.000252069
16.4838820567 	 0.000659715
16.5004988733 	 0.00121495
16.5171156899 	 0.00137025
16.5337325065 	 0.00176168
16.5503493231 	 0.00173204
16.5669661397 	 0.00145851
16.5835829562 	 0.0011754
16.6001997728 	 0.0003687
16.6168165894 	 0.00115847
16.633433406 	 0.00156064
16.6500502226 	 0.00191665
16.6666670392 	 0.00185788
16.6832838558 	 0.00115968
16.6999006724 	 0.00102745
16.716517489 	 0.00100967
16.7331343056 	 0.00103964
16.7497511221 	 0.000993497
16.7663679387 	 0.000854287
16.7829847553 	 0.000689188
16.7996015719 	 0.0010256
16.8162183885 	 0.000927192
16.8328352051 	 0.000905792
16.8494520217 	 0.000465737
16.8660688383 	 0.000514418
16.8826856549 	 0.000469901
16.8993024714 	 0.0005851
16.915919288 	 0.000584068
16.9325361046 	 0.000524646
16.9491529212 	 0.000601159
16.9657697378 	 0.000321823
16.9823865544 	 0.000274394
16.999003371 	 0.00034541
17.0156201876 	 0.000413296
17.0322370042 	 0.000141987
17.0488538208 	 0.000380163
17.0654706373 	 0.00118673
17.0820874539 	 0.00146978
17.0987042705 	 0.00137544
17.1153210871 	 0.00104735
17.1319379037 	 0.000860028
17.1485547203 	 0.00028684
17.1651715369 	 0.000609513
17.1817883535 	 0.00102572
17.1984051701 	 0.00096249
17.2150219866 	 0.000984396
17.2316388032 	 0.000813861
17.2482556198 	 0.00100212
17.2648724364 	 0.00108347
17.281489253 	 0.00115936
17.2981060696 	 0.000863344
17.3147228862 	 0.000683807
17.3313397028 	 0.000554617
17.3479565194 	 0.000756228
17.364573336 	 0.000723746
17.3811901525 	 0.000658224
17.3978069691 	 0.000573863
17.4144237857 	 0.000527052
17.4310406023 	 0.000941406
17.4476574189 	 0.000842799
17.4642742355 	 0.00097613
17.4808910521 	 0.00103793
17.4975078687 	 0.00131648
17.5141246853 	 0.00124506
17.5307415018 	 0.00107177
17.5473583184 	 0.000537064
17.563975135 	 0.000262169
17.5805919516 	 0.00100225
17.5972087682 	 0.0011271
17.6138255848 	 0.00124192
17.6304424014 	 0.000835144
17.647059218 	 0.000386805
17.6636760346 	 0.000724573
17.6802928512 	 0.00102697
17.6969096677 	 0.00117266
17.7135264843 	 0.000960477
17.7301433009 	 0.000762601
17.7467601175 	 0.000797447
17.7633769341 	 0.00125701
17.7799937507 	 0.00139584
17.7966105673 	 0.0017137
17.8132273839 	 0.00163325
17.8298442005 	 0.00151916
17.846461017 	 0.00108777
17.8630778336 	 0.000830732
17.8796946502 	 0.00109101
17.8963114668 	 0.00145097
17.9129282834 	 0.00189378
17.9295451 	 0.00194576
17.9461619166 	 0.00153451
17.9627787332 	 0.00105754
17.9793955498 	 0.000574207
17.9960123663 	 0.000442048
18.0126291829 	 0.000551968
18.0292459995 	 0.000353435
18.0458628161 	 0.000445866
18.0624796327 	 0.00033131
18.0790964493 	 0.000206227
18.0957132659 	 4.92644e-05
18.1123300825 	 0.000304176
18.1289468991 	 0.000639997
18.1455637157 	 0.000715823
18.1621805322 	 0.00046495
18.1787973488 	 0.000446514
18.1954141654 	 0.000597516
18.212030982 	 0.000830176
18.2286477986 	 0.00106916
18.2452646152 	 0.00124804
18.2618814318 	 0.00107579
18.2784982484 	 0.000867788
18.295115065 	 0.000863436
18.3117318815 	 0.000866078
18.3283486981 	 0.000758179
18.3449655147 	 0.000347007
18.3615823313 	 0.000575211
18.3781991479 	 0.000738874
18.3948159645 	 0.000976418
18.4114327811 	 0.00103184
18.4280495977 	 0.00124162
18.4446664143 	 0.00116641
18.4612832309 	 0.00105328
18.4779000474 	 0.0006951
18.494516864 	 0.00059961
18.5111336806 	 0.00084872
18.5277504972 	 0.00113445
18.5443673138 	 0.00077181
18.5609841304 	 0.000578965
18.577600947 	 0.000338375
18.5942177636 	 0.000144907
18.6108345802 	 0.000659472
18.6274513967 	 0.000960721
18.6440682133 	 0.00114728
18.6606850299 	 0.00119779
18.6773018465 	 0.0011962
18.6939186631 	 0.00093611
18.7105354797 	 0.000678239
18.7271522963 	 0.000480746
18.7437691129 	 0.000449159
18.7603859295 	 0.00065423
18.7770027461 	 0.00115297
18.7936195626 	 0.00135732
18.8102363792 	 0.00128823
18.8268531958 	 0.000920658
18.8434700124 	 0.000763726
18.860086829 	 0.00107908
18.8767036456 	 0.00112026
18.8933204622 	 0.00116383
18.9099372788 	 0.0012085
18.9265540954 	 0.0012199
18.9431709119 	 0.000877348
18.9597877285 	 0.000486621
18.9764045451 	 0.000408275
18.9930213617 	 0.000443957
19.0096381783 	 0.000555124
19.0262549949 	 0.000497707
19.0428718115 	 0.000426755
19.0594886281 	 0.000470521
19.0761054447 	 0.000300289
19.0927222613 	 0.000484149
19.1093390778 	 0.00041968
19.1259558944 	 0.00069206
19.142572711 	 0.000760665
19.1591895276 	 0.000673809
19.1758063442 	 0.000440012
19.1924231608 	 0.000314663
19.2090399774 	 0.000720894
19.225656794 	 0.00049678
19.2422736106 	 0.000507306
19.2588904271 	 0.000356764
19.2755072437 	 0.000187916
19.2921240603 	 0.000226041
19.3087408769 	 0.000235436
19.3253576935 	 0.000336638
19.3419745101 	 0.000373556
19.3585913267 	 0.000408341
19.3752081433 	 0.000420528
19.3918249599 	 0.000576774
19.4084417765 	 0.000318735
19.425058593 	 9.32796e-05
19.4416754096 	 0.000348058
19.4582922262 	 0.000667538
19.4749090428 	 0.000689462
19.4915258594 	 0.000630893
19.508142676 	 0.000468908
19.5247594926 	 0.000413389
19.5413763092 	 0.000424116
19.5579931258 	 0.000526916
19.5746099423 	 0.000496196
19.5912267589 	 0.000393525
19.6078435755 	 0.000422063
19.6244603921 	 0.00051721
19.6410772087 	 0.000438067
19.6576940253 	 0.00026693
19.6743108419 	 0.000161078
19.6909276585 	 0.000347686
19.7075444751 	 0.000371433
19.7241612917 	 0.000365608
19.7407781082 	 0.000257089
19.7573949248 	 0.000298665
19.7740117414 	 0.000436722
19.790628558 	 0.000728551
19.8072453746 	 0.000851344
19.8238621912 	 0.000793859
19.8404790078 	 0.000476194
19.8570958244 	 0.000382477
19.873712641 	 0.00020723
19.8903294575 	 0.000589302
19.9069462741 	 0.000959262
19.9235630907 	 0.000997356
19.9401799073 	 0.00086652
19.9567967239 	 0.000685881
19.9734135405 	 0.000685431
19.9900303571 	 0.000692323
20.0066471737 	 0.000673832
20.0232639903 	 0.000628715
20.0398808068 	 0.000614753
20.0564976234 	 0.000638255
20.07311444 	 0.000578122
20.0897312566 	 0.000277337
20.1063480732 	 2.9476e-05
20.1229648898 	 0.00043937
20.1395817064 	 0.000483161
20.156198523 	 0.00051216
20.1728153396 	 0.000357731
20.1894321562 	 0.000177706
20.2060489727 	 0.000107964
20.2226657893 	 0.000332804
20.2392826059 	 0.000529413
20.2558994225 	 0.000642297
20.2725162391 	 0.00054997
20.2891330557 	 0.000543477
20.3057498723 	 0.000563387
20.3223666889 	 0.000636703
20.3389835055 	 0.000627142
20.355600322 	 0.000635258
20.3722171386 	 0.000508055
20.3888339552 	 0.000483147
20.4054507718 	 0.000548688
20.4220675884 	 0.000544805
20.438684405 	 0.000467748
20.4553012216 	 0.000310646
20.4719180382 	 0.000396085
20.4885348548 	 0.000369385
20.5051516714 	 0.000421021
20.5217684879 	 0.00042551
20.5383853045 	 0.000536469
20.5550021211 	 0.000558223
20.5716189377 	 0.00062375
20.5882357543 	 0.000573283
20.6048525709 	 0.000453769
20.6214693875 	 0.000329998
20.6380862041 	 0.000559813
20.6547030207 	 0.000629443
20.6713198372 	 0.000588344
20.6879366538 	 0.000345313
20.7045534704 	 0.000295851
20.721170287 	 0.000425814
20.7377871036 	 0.00053123
20.7544039202 	 0.000456059
20.7710207368 	 0.000459406
20.7876375534 	 0.000531286
20.80425437 	 0.000536259
20.8208711866 	 0.000533742
20.8374880031 	 0.000557695
20.8541048197 	 0.000528561
20.8707216363 	 0.000489361
20.8873384529 	 0.000510559
20.9039552695 	 0.000729147
20.9205720861 	 0.000941989
20.9371889027 	 0.00105082
20.9538057193 	 0.00098603
20.9704225359 	 0.000825313
20.9870393524 	 0.000942416
21.003656169 	 0.00102038
21.0202729856 	 0.000930115
21.0368898022 	 0.000855389
21.0535066188 	 0.000713093
21.0701234354 	 0.000825432
21.086740252 	 0.000977676
21.1033570686 	 0.000779969
21.1199738852 	 0.000458399
21.1365907018 	 0.000392073
21.1532075183 	 0.000515328
21.1698243349 	 0.000555094
21.1864411515 	 0.000474394
21.2030579681 	 0.000506149
21.2196747847 	 0.000673375
21.2362916013 	 0.000533227
21.2529084179 	 0.000455515
21.2695252345 	 0.000316956
21.2861420511 	 0.000374911
21.3027588676 	 0.000508545
21.3193756842 	 0.000648749
21.3359925008 	 0.000723765
21.3526093174 	 0.00065819
21.369226134 	 0.000556115
21.3858429506 	 0.000408627
21.4024597672 	 0.00026774
21.4190765838 	 0.000280585
21.4356934004 	 0.000413572
21.452310217 	 0.000504355
21.4689270335 	 0.00055162
21.4855438501 	 0.00044502
21.5021606667 	 0.000322715
21.5187774833 	 0.0003
21.5353942999 	 0.000330688
21.5520111165 	 0.000279226
21.5686279331 	 0.000188135
21.5852447497 	 0.000249237
21.6018615663 	 0.000351955
21.6184783828 	 0.00032408
21.6350951994 	 0.000269015
21.651712016 	 0.000308148
21.6683288326 	 0.000267246
21.6849456492 	 0.000331018
21.7015624658 	 0.000268069
21.7181792824 	 0.000160546
21.734796099 	 0.000102731
21.7514129156 	 6.05035e-05
21.7680297321 	 0.000109472
21.7846465487 	 2.59564e-05
21.8012633653 	 8.85079e-05
21.8178801819 	 4.26279e-05
21.8344969985 	 3.28665e-05
21.8511138151 	 0.00013117
21.8677306317 	 9.37896e-05
21.8843474483 	 0.000229048
21.9009642649 	 0.00031884
21.9175810815 	 0.000397778
21.934197898 	 0.000514413
21.9508147146 	 0.000440194
21.9674315312 	 0.000291877
21.9840483478 	 0.000251435
22.0006651644 	 0.000206405
22.017281981 	 0.000215027
22.0338987976 	 0.000193067
22.0505156142 	 0.000191597
22.0671324308 	 0.000132639
22.0837492473 	 3.98531e-05
22.1003660639 	 0.000120832
22.1169828805 	 0.000181233
22.1335996971 	 0.000215703
22.1502165137 	 0.000187867
22.1668333303 	 0.000242501
22.1834501469 	 0.000210185
22.2000669635 	 0.000293037
22.2166837801 	 0.000227749
22.2333005967 	 0.000293124
22.2499174132 	 0.000274055
22.2665342298 	 0.000276177
22.2831510464 	 0.000170545
22.299767863 	 0.000139355
22.3163846796 	 0.000110799
22.3330014962 	 8.70634e-05
22.3496183128 	 0.000107584
22.3662351294 	 0.000148966
22.382851946 	 0.000168705
22.3994687625 	 0.000224867
22.4160855791 	 0.000232143
22.4327023957 	 0.000193671
22.4493192123 	 0.000191702
22.4659360289 	 0.000113731
22.4825528455 	 0.000199921
22.4991696621 	 0.000219939
22.5157864787 	 0.000201327
22.5324032953 	 0.00019817
22.5490201119 	 0.000170082
22.5656369284 	 0.00015628
22.582253745 	 0.000240133
22.5988705616 	 0.000238387
22.6154873782 	 0.000218631
22.6321041948 	 0.000223152
22.6487210114 	 0.000112863
22.665337828 	 0.000216577
22.6819546446 	 0.000283868
22.6985714612 	 0.000285633
22.7151882777 	 0.000247081
22.7318050943 	 0.000216475
22.7484219109 	 0.000188477
22.7650387275 	 0.0001944
22.7816555441 	 0.000231406
22.7982723607 	 0.000187198
22.8148891773 	 0.000107068
22.8315059939 	 5.66562e-05
22.8481228105 	 5.78396e-05
22.8647396271 	 9.76561e-05
22.8813564436 	 5.25836e-05
22.8979732602 	 0.000140272
22.9145900768 	 0.000171363
22.9312068934 	 0.000160117
22.94782371 	 0.000104786
22.9644405266 	 6.62761e-05
22.9810573432 	 5.45797e-05
22.9976741598 	 5.35894e-05
23.0142909764 	 0.00012781
23.0309077929 	 0.000145135
23.0475246095 	 6.06849e-05
23.0641414261 	 7.12268e-06
23.0807582427 	 3.97667e-05
23.0973750593 	 2.9446e-05
23.1139918759 	 0.000104462
23.1306086925 	 0.000164896
23.1472255091 	 0.000239794
23.1638423257 	 0.000246792
23.1804591423 	 0.000268446
23.1970759588 	 0.000327956
23.2136927754 	 0.000335348
23.230309592 	 0.000291388
23.2469264086 	 0.000303665
23.2635432252 	 0.000234325
23.2801600418 	 0.000150911
23.2967768584 	 0.000215928
23.313393675 	 0.000163442
23.3300104916 	 0.000122068
23.3466273081 	 0.000140494
23.3632441247 	 9.14649e-05
23.3798609413 	 0.000155572
23.3964777579 	 0.000177154
23.4130945745 	 0.000135992
23.4297113911 	 8.6645e-05
23.4463282077 	 8.62338e-05
23.4629450243 	 9.32932e-05
23.4795618409 	 0.000139158
23.4961786575 	 0.000159059
23.512795474 	 0.000123364
23.5294122906 	 9.18147e-05
23.5460291072 	 5.91242e-05
23.5626459238 	 4.73433e-05
23.5792627404 	 7.63309e-05
23.595879557 	 0.000103708
23.6124963736 	 0.000101255
23.6291131902 	 0.000129321
23.6457300068 	 0.000107684
23.6623468233 	 3.36606e-05
23.6789636399 	 5.81419e-05
23.6955804565 	 0.000122858
23.7121972731 	 0.000165201
23.7288140897 	 9.70463e-05
23.7454309063 	 7.51931e-05
23.7620477229 	 3.91601e-05
23.7786645395 	 6.77574e-05
23.7952813561 	 0.000122045
23.8118981726 	 0.000167403
23.8285149892 	 0.000126844
23.8451318058 	 0.000131083
23.8617486224 	 0.000164777
23.878365439 	 0.000188393
23.8949822556 	 0.000182254
23.9115990722 	 0.00015877
23.9282158888 	 0.000168094
23.9448327054 	 0.000134047
23.961449522 	 0.000143333
23.9780663385 	 0.000197878
23.9946831551 	 0.000205959
24.0112999717 	 0.000192983
24.0279167883 	 0.000247107
24.0445336049 	 0.00020985
24.0611504215 	 0.00017732
24.0777672381 	 0.000161101
24.0943840547 	 0.000166067
24.1110008713 	 0.000107514
24.1276176878 	 0.000123379
24.1442345044 	 0.000139614
24.160851321 	 0.000187271
24.1774681376 	 0.000161184
24.1940849542 	 0.000137184
24.2107017708 	 0.000158531
24.2273185874 	 0.000142226
24.243935404 	 0.000107853
24.2605522206 	 0.000109225
24.2771690372 	 0.000130638
24.2937858537 	 6.01942e-05
24.3104026703 	 2.72451e-05
24.3270194869 	 1.37195e-05
24.3436363035 	 4.85892e-05
24.3602531201 	 5.39347e-05
24.3768699367 	 4.43388e-05
24.3934867533 	 2.84657e-05
24.4101035699 	 5.41417e-05
24.4267203865 	 3.27027e-05
24.443337203 	 2.66076e-05
24.4599540196 	 5.85814e-05
24.4765708362 	 7.32238e-05
24.4931876528 	 6.424e-05
24.5098044694 	 8.0662e-05
24.526421286 	 6.26898e-05
24.5430381026 	 6.47369e-05
24.5596549192 	 4.01872e-05
24.5762717358 	 5.00134e-05
24.5928885524 	 3.84582e-05
24.6095053689 	 6.18808e-05
24.6261221855 	 9.07036e-05
24.6427390021 	 0.00011571
24.6593558187 	 0.000124216
24.6759726353 	 8.80419e-05
24.6925894519 	 4.29117e-05
24.7092062685 	 7.01627e-05
24.7258230851 	 0.000106161
24.7424399017 	 0.00010989
24.7590567182 	 0.000115598
24.7756735348 	 0.000112618
24.7922903514 	 0.000146496
24.808907168 	 0.000131954
24.8255239846 	 0.000101282
24.8421408012 	 8.66857e-05
24.8587576178 	 7.34737e-05
24.8753744344 	 7.67374e-05
24.891991251 	 5.98616e-05
24.9086080676 	 5.29613e-05
24.9252248841 	 4.10075e-05
24.9418417007 	 2.20018e-05
24.9584585173 	 2.21002e-05
24.9750753339 	 2.39736e-05
24.9916921505 	 2.2765e-05
25.0083089671 	 2.45955e-05
25.0249257837 	 1.03513e-05
25.0415426003 	 2.24403e-05
25.0581594169 	 2.57965e-05
25.0747762334 	 2.34567e-05
25.09139305 	 2.0992e-05
25.1080098666 	 3.62131e-05
25.1246266832 	 4.99087e-05
25.1412434998 	 4.47223e-05
25.1578603164 	 3.25066e-05
25.174477133 	 1.59978e-05
25.1910939496 	 2.78188e-05
25.2077107662 	 4.38699e-05
25.2243275828 	 5.07223e-05
25.2409443993 	 3.39876e-05
25.2575612159 	 8.88816e-05
25.2741780325 	 8.85608e-05
25.2907948491 	 6.9311e-05
25.3074116657 	 2.2119e-05
25.3240284823 	 7.08493e-05
25.3406452989 	 9.01705e-05
25.3572621155 	 7.84232e-05
25.3738789321 	 0.000111311
25.3904957486 	 5.90698e-05
25.4071125652 	 6.43556e-05
25.4237293818 	 0.000107658
25.4403461984 	 0.000138552
25.456963015 	 0.000168965
25.4735798316 	 0.00015486
25.4901966482 	 0.000116671
25.5068134648 	 8.65252e-05
25.5234302814 	 5.90242e-05
25.5400470979 	 7.48397e-05
25.5566639145 	 8.97356e-05
25.5732807311 	 6.23723e-05
25.5898975477 	 2.29116e-05
25.6065143643 	 5.03706e-05
25.6231311809 	 5.53167e-05
25.6397479975 	 5.76898e-05
25.6563648141 	 4.74955e-05
25.6729816307 	 3.17275e-05
25.6895984473 	 9.86194e-06
25.7062152638 	 2.42189e-05
25.7228320804 	 4.24651e-05
25.739448897 	 4.7029e-05
25.7560657136 	 7.49288e-05
25.7726825302 	 0.00010354
25.7892993468 	 0.000103803
25.8059161634 	 8.87776e-05
25.82253298 	 4.52942e-05
25.8391497966 	 4.22865e-05
25.8557666131 	 3.52835e-05
25.8723834297 	 2.38553e-05
25.8890002463 	 1.95825e-05
25.9056170629 	 2.97387e-05
25.9222338795 	 3.12571e-05
25.9388506961 	 4.049e-05
25.9554675127 	 3.2984e-05
25.9720843293 	 3.39437e-05
25.9887011459 	 4.57345e-05
26.0053179625 	 4.8998e-05
26.021934779 	 4.58554e-05
26.0385515956 	 3.31478e-05
26.0551684122 	 2.1119e-05
26.0717852288 	 4.37794e-05
26.0884020454 	 6.50711e-05
26.105018862 	 4.61498e-05
26.1216356786 	 3.89924e-05
26.1382524952 	 1.66089e-05
26.1548693118 	 5.83356e-05
26.1714861283 	 6.96336e-05
26.1881029449 	 8.06095e-05
26.2047197615 	 6.35302e-05
26.2213365781 	 8.52969e-05
26.2379533947 	 8.54622e-05
26.2545702113 	 7.96193e-05
26.2711870279 	 7.41044e-05
26.2878038445 	 6.58675e-05
26.3044206611 	 6.03423e-05
26.3210374777 	 7.87127e-05
26.3376542942 	 8.47717e-05
26.3542711108 	 6.06592e-05
26.3708879274 	 3.70216e-05
26.387504744 	 4.59554e-05
26.4041215606 	 8.06378e-05
26.4207383772 	 6.61371e-05
26.4373551938 	 6.33026e-05
26.4539720104 	 5.29522e-05
26.470588827 	 7.567e-05
26.4872056435 	 9.47486e-05
26.5038224601 	 9.35452e-05
26.5204392767 	 0.000101359
26.5370560933 	 0.000110251
26.5536729099 	 0.000125572
26.5702897265 	 0.00011915
26.5869065431 	 0.000114302
26.6035233597 	 0.000114297
26.6201401763 	 8.42942e-05
26.6367569929 	 7.19079e-05
26.6533738094 	 4.45939e-05
26.669990626 	 1.04796e-05
26.6866074426 	 2.6739e-05
26.7032242592 	 2.13512e-05
26.7198410758 	 2.08305e-05
26.7364578924 	 2.25353e-05
26.753074709 	 2.81591e-05
26.7696915256 	 1.82922e-05
26.7863083422 	 3.1695e-05
26.8029251587 	 4.4953e-05
26.8195419753 	 3.6354e-05
26.8361587919 	 3.87586e-05
26.8527756085 	 1.49103e-05
26.8693924251 	 3.6435e-05
26.8860092417 	 3.39198e-05
26.9026260583 	 3.91306e-05
26.9192428749 	 3.88545e-05
26.9358596915 	 2.5708e-05
26.9524765081 	 4.0308e-05
26.9690933246 	 5.98878e-05
26.9857101412 	 4.39751e-05
27.0023269578 	 3.2327e-05
27.0189437744 	 1.73599e-05
27.035560591 	 3.59522e-05
27.0521774076 	 4.6339e-05
27.0687942242 	 6.08468e-05
27.0854110408 	 7.5793e-05
27.1020278574 	 7.39145e-05
27.1186446739 	 5.98531e-05
27.1352614905 	 7.96355e-05
27.1518783071 	 4.27658e-05
27.1684951237 	 6.29778e-05
27.1851119403 	 4.32051e-05
27.2017287569 	 3.53207e-05
27.2183455735 	 3.80733e-05
27.2349623901 	 4.99726e-05
27.2515792067 	 5.38215e-05
27.2681960233 	 5.27731e-05
27.2848128398 	 5.73173e-05
27.3014296564 	 5.56518e-05
27.318046473 	 5.39152e-05
27.3346632896 	 4.37147e-05
27.3512801062 	 1.82132e-05
27.3678969228 	 4.38788e-05
27.3845137394 	 8.21641e-05
27.401130556 	 8.75034e-05
27.4177473726 	 7.00828e-05
27.4343641891 	 4.23863e-05
27.4509810057 	 4.25053e-05
27.4675978223 	 3.7174e-05
27.4842146389 	 7.91284e-05
27.5008314555 	 7.97675e-05
27.5174482721 	 5.23683e-05
27.5340650887 	 3.13636e-05
27.5506819053 	 3.95005e-05
27.5672987219 	 6.04039e-05
27.5839155384 	 4.90825e-05
27.600532355 	 1.71137e-05
27.6171491716 	 2.49594e-05
27.6337659882 	 2.88416e-05
27.6503828048 	 3.95986e-05
27.6669996214 	 4.2649e-05
27.683616438 	 6.85219e-05
27.7002332546 	 6.94209e-05
27.7168500712 	 7.08824e-05
27.7334668878 	 5.00755e-05
27.7500837043 	 4.06763e-05
27.7667005209 	 7.42242e-06
27.7833173375 	 2.24102e-05
27.7999341541 	 4.9159e-05
27.8165509707 	 6.04693e-05
27.8331677873 	 4.33229e-05
27.8497846039 	 2.35725e-05
27.8664014205 	 3.70676e-05
27.8830182371 	 4.73699e-05
27.8996350536 	 3.37751e-05
27.9162518702 	 1.24259e-05
27.9328686868 	 4.75277e-06
27.9494855034 	 4.74245e-05
27.96610232 	 5.5373e-05
27.9827191366 	 5.58098e-05
27.9993359532 	 4.48941e-05
28.0159527698 	 2.59935e-05
28.0325695864 	 4.96355e-06
28.049186403 	 2.68324e-05
28.0658032195 	 3.30754e-05
28.0824200361 	 4.83839e-05
28.0990368527 	 3.141e-05
28.1156536693 	 3.61238e-05
28.1322704859 	 5.7265e-05
28.1488873025 	 5.67731e-05
28.1655041191 	 6.0099e-05
28.1821209357 	 6.23994e-05
28.1987377523 	 5.72221e-05
28.2153545688 	 4.76439e-05
28.2319713854 	 3.91447e-05
28.248588202 	 6.38624e-05
28.2652050186 	 8.40712e-05
28.2818218352 	 7.56863e-05
28.2984386518 	 3.77366e-05
28.3150554684 	 3.87895e-05
28.331672285 	 6.20329e-05
28.3482891016 	 6.70228e-05
28.3649059182 	 5.58313e-05
28.3815227347 	 4.53321e-05
28.3981395513 	 2.7478e-05
28.4147563679 	 5.92984e-05
28.4313731845 	 5.49784e-05
28.4479900011 	 5.43045e-05
28.4646068177 	 5.26475e-05
28.4812236343 	 3.45628e-05
28.4978404509 	 3.11203e-05
28.5144572675 	 4.1738e-05
28.531074084 	 4.12772e-05
28.5476909006 	 4.21339e-05
28.5643077172 	 6.27604e-05
28.5809245338 	 7.53126e-05
28.5975413504 	 7.61477e-05
28.614158167 	 7.22773e-05
28.6307749836 	 7.06254e-05
28.6473918002 	 5.92142e-05
28.6640086168 	 4.05057e-05
28.6806254334 	 3.88359e-05
28.6972422499 	 2.97506e-05
28.7138590665 	 2.44839e-05
28.7304758831 	 3.30969e-05
28.7470926997 	 3.03761e-05
28.7637095163 	 4.71137e-05
28.7803263329 	 3.28437e-05
28.7969431495 	 1.86395e-05
28.8135599661 	 1.99184e-05
28.8301767827 	 2.11631e-05
28.8467935992 	 2.82676e-05
28.8634104158 	 3.20652e-05
28.8800272324 	 2.02741e-05
28.896644049 	 2.20076e-05
28.9132608656 	 2.59598e-05
28.9298776822 	 1.51726e-05
28.9464944988 	 1.21222e-05
28.9631113154 	 2.15518e-05
28.979728132 	 1.96118e-05
28.9963449486 	 9.27485e-06
29.0129617651 	 1.82053e-05
29.0295785817 	 2.34747e-05
29.0461953983 	 2.83222e-05
29.0628122149 	 9.02394e-06
29.0794290315 	 1.40494e-05
29.0960458481 	 2.47191e-05
29.1126626647 	 3.14626e-05
29.1292794813 	 2.89457e-05
29.1458962979 	 4.27065e-05
29.1625131144 	 3.83075e-05
29.179129931 	 1.84786e-05
29.1957467476 	 1.45228e-05
29.2123635642 	 1.94697e-05
29.2289803808 	 1.29409e-05
29.2455971974 	 1.88687e-06
29.262214014 	 1.15895e-05
29.2788308306 	 1.96133e-05
29.2954476472 	 1.92092e-05
29.3120644637 	 3.3139e-06
29.3286812803 	 2.36823e-05
29.3452980969 	 3.74799e-05
29.3619149135 	 5.19564e-05
29.3785317301 	 4.7814e-05
29.3951485467 	 2.46202e-05
29.4117653633 	 2.29937e-05
29.4283821799 	 3.02944e-05
29.4449989965 	 3.51361e-05
29.4616158131 	 5.58049e-06
29.4782326296 	 1.39582e-05
29.4948494462 	 2.33018e-05
29.5114662628 	 2.8644e-05
29.5280830794 	 3.38658e-05
29.544699896 	 1.56119e-05
29.5613167126 	 2.54919e-05
29.5779335292 	 3.40306e-05
29.5945503458 	 3.86706e-05
29.6111671624 	 3.37874e-05
29.6277839789 	 3.06587e-05
29.6444007955 	 2.93269e-05
29.6610176121 	 4.28152e-05
29.6776344287 	 5.79048e-05
29.6942512453 	 5.58406e-05
29.7108680619 	 4.60763e-05
29.7274848785 	 5.50878e-05
29.7441016951 	 6.2136e-05
29.7607185117 	 5.11222e-05
29.7773353283 	 4.55176e-05
29.7939521448 	 5.67597e-05
29.8105689614 	 5.7863e-05
29.827185778 	 4.97675e-05
29.8438025946 	 3.90937e-05
29.8604194112 	 3.57544e-05
29.8770362278 	 4.76347e-05
29.8936530444 	 6.25461e-05
29.910269861 	 6.7319e-05
29.9268866776 	 6.0251e-05
29.9435034941 	 6.0529e-05
29.9601203107 	 4.90222e-05
29.9767371273 	 5.90854e-05
29.9933539439 	 5.67789e-05
30.0099707605 	 4.23688e-05
30.0265875771 	 3.79627e-05
30.0432043937 	 3.05917e-05
30.0598212103 	 3.40845e-05
30.0764380269 	 3.52142e-05
30.0930548435 	 2.73933e-05
30.10967166 	 2.81525e-05
30.1262884766 	 4.04308e-05
30.1429052932 	 4.2603e-05
30.1595221098 	 4.49302e-05
30.1761389264 	 4.26483e-05
30.192755743 	 3.12239e-05
30.2093725596 	 1.79495e-05
30.2259893762 	 3.12303e-05
30.2426061928 	 3.19377e-05
30.2592230093 	 3.38415e-05
30.2758398259 	 3.43195e-05
30.2924566425 	 2.98448e-05
30.3090734591 	 1.96087e-05
30.3256902757 	 9.40223e-06
30.3423070923 	 1.36856e-05
30.3589239089 	 1.06118e-05
30.3755407255 	 5.00758e-06
30.3921575421 	 1.13851e-05
30.4087743587 	 1.56633e-05
30.4253911752 	 8.28081e-06
30.4420079918 	 2.16594e-05
30.4586248084 	 1.62457e-05
30.475241625 	 2.26279e-05
30.4918584416 	 2.90463e-05
30.5084752582 	 2.75516e-05
30.5250920748 	 1.79731e-05
30.5417088914 	 1.32264e-05
30.558325708 	 1.45796e-05
30.5749425245 	 1.69739e-05
30.5915593411 	 1.96459e-05
30.6081761577 	 1.06285e-05
30.6247929743 	 5.74557e-06
30.6414097909 	 1.69586e-05
30.6580266075 	 2.43055e-05
30.6746434241 	 2.38121e-05
30.6912602407 	 3.15862e-05
30.7078770573 	 1.91013e-05
30.7244938739 	 1.14349e-05
30.7411106904 	 1.96258e-05
30.757727507 	 2.15232e-05
30.7743443236 	 1.40844e-05
30.7909611402 	 1.90034e-05
30.8075779568 	 9.49983e-07
30.8241947734 	 8.54756e-06
30.84081159 	 2.13693e-05
30.8574284066 	 2.83106e-05
30.8740452232 	 2.71956e-05
30.8906620397 	 2.68746e-05
30.9072788563 	 2.58959e-05
30.9238956729 	 1.54548e-05
30.9405124895 	 1.39881e-05
30.9571293061 	 1.02464e-05
30.9737461227 	 1.56774e-05
30.9903629393 	 2.5781e-05
31.0069797559 	 3.20764e-05
31.0235965725 	 3.56907e-05
31.0402133891 	 3.22835e-05
31.0568302056 	 3.01787e-05
31.0734470222 	 3.17691e-05
31.0900638388 	 3.061e-05
31.1066806554 	 2.48979e-05
31.123297472 	 1.30629e-05
31.1399142886 	 1.54754e-05
31.1565311052 	 1.955e-05
31.1731479218 	 2.20353e-05
31.1897647384 	 2.73029e-05
31.2063815549 	 3.13508e-05
31.2229983715 	 2.43448e-05
31.2396151881 	 1.9174e-05
31.2562320047 	 2.28575e-05
31.2728488213 	 2.36366e-05
31.2894656379 	 2.38551e-05
31.3060824545 	 1.08109e-05
31.3226992711 	 1.343e-05
31.3393160877 	 2.11189e-05
31.3559329042 	 1.64216e-05
31.3725497208 	 1.01844e-05
31.3891665374 	 2.29928e-06
31.405783354 	 8.36792e-06
31.4224001706 	 1.33074e-05
31.4390169872 	 1.05417e-05
31.4556338038 	 1.38064e-05
31.4722506204 	 1.91211e-05
31.488867437 	 1.79729e-05
31.5054842536 	 2.04843e-05
31.5221010701 	 2.46834e-05
31.5387178867 	 2.08266e-05
31.5553347033 	 1.4522e-05
31.5719515199 	 2.15556e-05
31.5885683365 	 2.37977e-05
31.6051851531 	 2.55613e-05
31.6218019697 	 2.30716e-05
31.6384187863 	 2.85725e-05
31.6550356029 	 2.5246e-05
31.6716524194 	 2.97482e-05
31.688269236 	 3.21258e-05
31.7048860526 	 2.38977e-05
31.7215028692 	 1.48071e-05
31.7381196858 	 1.57702e-05
31.7547365024 	 2.03078e-05
31.771353319 	 2.576e-05
31.7879701356 	 2.70166e-05
31.8045869522 	 2.00294e-05
31.8212037688 	 1.76299e-05
31.8378205853 	 1.19891e-05
31.8544374019 	 1.29823e-05
31.8710542185 	 1.65325e-05
31.8876710351 	 8.58417e-06
31.9042878517 	 6.85451e-06
31.9209046683 	 1.63137e-05
31.9375214849 	 1.65313e-05
31.9541383015 	 7.13543e-06
31.9707551181 	 1.08159e-05
31.9873719346 	 1.71232e-05
32.0039887512 	 1.17421e-05
32.0206055678 	 5.37053e-06
32.0372223844 	 7.86699e-06
32.053839201 	 9.02295e-06
32.0704560176 	 6.68139e-06
32.0870728342 	 4.72356e-06
32.1036896508 	 3.83583e-06
32.1203064674 	 6.46653e-06
32.136923284 	 1.16933e-05
32.1535401005 	 1.26881e-05
32.1701569171 	 1.36556e-05
32.1867737337 	 9.71333e-06
32.2033905503 	 8.25306e-06
32.2200073669 	 1.86326e-06
32.2366241835 	 2.15955e-06
32.2532410001 	 2.5224e-06
32.2698578167 	 3.75924e-06
32.2864746333 	 1.80932e-06
32.3030914498 	 6.76087e-06
32.3197082664 	 8.90469e-06
32.336325083 	 6.85671e-06
32.3529418996 	 4.95575e-06
32.3695587162 	 1.62414e-06
32.3861755328 	 4.89786e-06
32.4027923494 	 6.56071e-06
32.419409166 	 4.52402e-06
32.4360259826 	 4.70261e-06
32.4526427992 	 6.00569e-06
32.4692596157 	 3.06686e-06
32.4858764323 	 7.40292e-07
32.5024932489 	 4.42027e-06
32.5191100655 	 1.02721e-05
32.5357268821 	 1.15357e-05
32.5523436987 	 9.96238e-06
32.5689605153 	 1.23314e-05
32.5855773319 	 1.7511e-05
32.6021941485 	 1.53742e-05
32.618810965 	 1.45205e-05
32.6354277816 	 1.24978e-05
32.6520445982 	 1.16018e-05
32.6686614148 	 1.24581e-05
32.6852782314 	 1.03459e-05
32.701895048 	 7.26573e-06
32.7185118646 	 3.94048e-06
32.7351286812 	 7.69203e-06
32.7517454978 	 8.53233e-06
32.7683623144 	 5.52693e-06
32.7849791309 	 1.33428e-05
32.8015959475 	 1.48663e-05
32.8182127641 	 1.25291e-05
32.8348295807 	 1.12688e-05
32.8514463973 	 1.95406e-05
32.8680632139 	 2.30173e-05
32.8846800305 	 2.07275e-05
32.9012968471 	 2.17654e-05
32.9179136637 	 2.22798e-05
32.9345304802 	 2.39322e-05
32.9511472968 	 2.2686e-05
32.9677641134 	 1.85025e-05
32.98438093 	 1.6072e-05
33.0009977466 	 1.47274e-05
33.0176145632 	 1.38755e-05
33.0342313798 	 1.01575e-05
33.0508481964 	 1.09123e-05
33.067465013 	 1.22704e-05
33.0840818296 	 1.21833e-05
33.1006986461 	 9.32857e-06
33.1173154627 	 4.94677e-06
33.1339322793 	 3.63867e-06
33.1505490959 	 6.99718e-06
33.1671659125 	 1.22148e-05
33.1837827291 	 7.55119e-06
33.2003995457 	 8.06395e-06
33.2170163623 	 5.10835e-06
33.2336331789 	 2.50562e-06
33.2502499954 	 5.33014e-06
33.266866812 	 7.75518e-06
33.2834836286 	 6.54761e-06
33.3001004452 	 6.92345e-06
33.3167172618 	 6.66667e-06
33.3333340784 	 5.88845e-06
33.349950895 	 2.1891e-06
33.3665677116 	 3.12616e-06
33.3831845282 	 2.98082e-06
33.3998013447 	 1.4067e-06
33.4164181613 	 2.87663e-06
33.4330349779 	 3.86782e-06
33.4496517945 	 4.18195e-06
33.4662686111 	 9.96119e-06
33.4828854277 	 1.40777e-05
33.4995022443 	 1.30942e-05
33.5161190609 	 1.05854e-05
33.5327358775 	 7.6268e-06
33.5493526941 	 6.14585e-06
33.5659695106 	 8.45902e-06
33.5825863272 	 1.12796e-05
33.5992031438 	 1.40113e-05
33.6158199604 	 8.08344e-06
33.632436777 	 5.80921e-06
33.6490535936 	 8.63713e-06
33.6656704102 	 8.70339e-06
33.6822872268 	 6.1986e-06
33.6989040434 	 6.04006e-06
33.7155208599 	 8.97408e-06
33.7321376765 	 8.32843e-06
33.7487544931 	 7.19114e-06
33.7653713097 	 6.45135e-06
33.7819881263 	 3.29378e-06
33.7986049429 	 5.28334e-06
33.8152217595 	 3.89638e-06
33.8318385761 	 6.29426e-06
33.8484553927 	 6.76413e-06
33.8650722093 	 8.1585e-06
33.8816890258 	 5.75361e-06
33.8983058424 	 2.16578e-06
33.914922659 	 1.14e-06
33.9315394756 	 3.00939e-06
33.9481562922 	 2.80006e-06
33.9647731088 	 1.54806e-06
33.9813899254 	 2.40553e-06
33.998006742 	 4.55873e-06
34.0146235586 	 3.91401e-06
34.0312403751 	 4.86412e-06
34.0478571917 	 5.70365e-06
34.0644740083 	 9.10464e-06
34.0810908249 	 1.05528e-05
34.0977076415 	 9.62293e-06
34.1143244581 	 8.57361e-06
34.1309412747 	 9.19246e-06
34.1475580913 	 1.00765e-05
34.1641749079 	 9.05187e-06
34.1807917245 	 8.04077e-06
34.197408541 	 5.95564e-06
34.2140253576 	 9.2808e-06
34.2306421742 	 1.16599e-05
34.2472589908 	 1.35942e-05
34.2638758074 	 1.27309e-05
34.280492624 	 1.19025e-05
34.2971094406 	 1.09321e-05
34.3137262572 	 1.08282e-05
34.3303430738 	 9.60065e-06
34.3469598903 	 1.10497e-05
34.3635767069 	 1.19965e-05
34.3801935235 	 1.1089e-05
34.3968103401 	 9.82842e-06
34.4134271567 	 7.87993e-06
34.4300439733 	 8.25026e-06
34.4466607899 	 9.46473e-06
34.4632776065 	 9.13417e-06
34.4798944231 	 8.47008e-06
34.4965112397 	 6.00017e-06
34.5131280562 	 4.69923e-06
34.5297448728 	 3.96097e-06
34.5463616894 	 2.97875e-06
34.562978506 	 3.69846e-06
34.5795953226 	 5.97381e-06
34.5962121392 	 5.264e-06
34.6128289558 	 3.94099e-06
34.6294457724 	 2.53892e-06
34.646062589 	 2.72957e-06
34.6626794055 	 1.13557e-06
34.6792962221 	 3.24621e-06
34.6959130387 	 3.47247e-06
34.7125298553 	 2.49684e-06
34.7291466719 	 4.88073e-06
34.7457634885 	 5.75151e-06
34.7623803051 	 3.74508e-06
34.7789971217 	 9.04258e-07
34.7956139383 	 2.53714e-06
34.8122307549 	 3.0271e-06
34.8288475714 	 3.07304e-06
34.845464388 	 4.46392e-07
34.8620812046 	 2.4606e-06
34.8786980212 	 4.22577e-06
34.8953148378 	 3.14921e-06
34.9119316544 	 3.78473e-06
34.928548471 	 4.24851e-06
34.9451652876 	 3.38476e-06
34.9617821042 	 2.83297e-06
34.9783989207 	 4.92223e-06
34.9950157373 	 4.70939e-06
35.0116325539 	 4.79267e-06
35.0282493705 	 4.47918e-06
35.0448661871 	 5.28715e-06
35.0614830037 	 5.53511e-06
35.0780998203 	 4.31033e-06
35.0947166369 	 1.92884e-06
35.1113334535 	 6.67939e-07
35.12795027 	 1.60386e-06
35.1445670866 	 1.78061e-06
35.1611839032 	 1.42228e-06
35.1778007198 	 2.0189e-07
35.1944175364 	 1.30282e-06
35.211034353 	 2.78103e-06
35.2276511696 	 4.50947e-06
35.2442679862 	 2.81816e-06
35.2608848028 	 2.16053e-06
35.2775016194 	 1.71347e-06
35.2941184359 	 3.42084e-06
35.3107352525 	 3.06466e-06
35.3273520691 	 2.73629e-06
35.3439688857 	 2.93254e-06
35.3605857023 	 3.1525e-06
35.3772025189 	 2.53502e-06
35.3938193355 	 1.64127e-06
35.4104361521 	 2.05084e-06
35.4270529687 	 2.18854e-06
35.4436697852 	 2.23448e-06
35.4602866018 	 1.41207e-06
35.4769034184 	 1.81117e-06
35.493520235 	 1.30253e-06
35.5101370516 	 1.15904e-06
35.5267538682 	 8.15193e-07
35.5433706848 	 1.50928e-06
35.5599875014 	 1.20232e-06
35.576604318 	 1.4918e-06
35.5932211346 	 1.54077e-06
35.6098379511 	 1.80021e-06
35.6264547677 	 3.44401e-06
35.6430715843 	 3.18805e-06
35.6596884009 	 2.09041e-06
35.6763052175 	 2.14638e-06
35.6929220341 	 2.93809e-06
35.7095388507 	 2.74661e-06
35.7261556673 	 2.58268e-06
35.7427724839 	 2.44298e-06
35.7593893004 	 1.7586e-06
35.776006117 	 6.7657e-07
35.7926229336 	 1.27592e-06
35.8092397502 	 2.11401e-06
35.8258565668 	 2.09801e-06
35.8424733834 	 1.51402e-06
35.8590902 	 1.04564e-06
35.8757070166 	 2.32696e-06
35.8923238332 	 3.3459e-06
35.9089406498 	 3.94231e-06
35.9255574663 	 3.27588e-06
35.9421742829 	 2.36941e-06
35.9587910995 	 2.24553e-06
35.9754079161 	 2.07442e-06
35.9920247327 	 1.34516e-06
36.0086415493 	 1.10488e-06
36.0252583659 	 8.71158e-07
36.0418751825 	 1.00295e-06
36.0584919991 	 1.0648e-06
36.0751088156 	 7.76512e-07
36.0917256322 	 7.96561e-07
36.1083424488 	 1.02883e-06
36.1249592654 	 7.21761e-07
36.141576082 	 1.73191e-07
36.1581928986 	 4.36164e-07
36.1748097152 	 4.2179e-07
36.1914265318 	 5.88681e-07
36.2080433484 	 5.80594e-07
36.224660165 	 6.82079e-07
36.2412769815 	 9.25537e-07
36.2578937981 	 1.65781e-06
36.2745106147 	 1.76224e-06
36.2911274313 	 2.52568e-06
36.3077442479 	 2.03005e-06
36.3243610645 	 1.32549e-06
36.3409778811 	 1.38883e-06
36.3575946977 	 1.95306e-06
36.3742115143 	 1.934e-06
36.3908283308 	 1.30572e-06
36.4074451474 	 8.03912e-07
36.424061964 	 5.79546e-07
36.4406787806 	 8.27624e-07
36.4572955972 	 8.89803e-07
36.4739124138 	 5.52858e-07
36.4905292304 	 3.03105e-07
36.507146047 	 2.01532e-07
36.5237628636 	 3.45698e-07
36.5403796802 	 5.24313e-07
36.5569964967 	 3.95108e-07
36.5736133133 	 4.32537e-07
36.5902301299 	 6.04606e-07
36.6068469465 	 9.38185e-07
36.6234637631 	 8.42409e-07
36.6400805797 	 5.5421e-07
36.6566973963 	 6.71684e-07
36.6733142129 	 9.77032e-07
36.6899310295 	 1.17676e-06
36.706547846 	 1.54242e-06
36.7231646626 	 1.54402e-06
36.7397814792 	 1.53584e-06
36.7563982958 	 1.35604e-06
36.7730151124 	 1.21399e-06
36.789631929 	 1.39775e-06
36.8062487456 	 1.52263e-06
36.8228655622 	 1.6896e-06
36.8394823788 	 1.52982e-06
36.8560991954 	 1.31692e-06
36.8727160119 	 1.54915e-06
36.8893328285 	 1.39837e-06
36.9059496451 	 1.49379e-06
36.9225664617 	 1.45745e-06
36.9391832783 	 1.14831e-06
36.9558000949 	 8.42375e-07
36.9724169115 	 9.0028e-07
36.9890337281 	 1.31159e-06
37.0056505447 	 1.25456e-06
37.0222673612 	 8.59335e-07
37.0388841778 	 1.17975e-06
37.0555009944 	 1.45657e-06
37.072117811 	 1.10519e-06
37.0887346276 	 1.36337e-06
37.1053514442 	 1.46052e-06
37.1219682608 	 1.20264e-06
37.1385850774 	 1.52123e-06
37.155201894 	 1.28721e-06
37.1718187105 	 1.16988e-06
37.1884355271 	 1.22094e-06
37.2050523437 	 1.21738e-06
37.2216691603 	 1.51459e-06
37.2382859769 	 1.34509e-06
37.2549027935 	 8.33648e-07
37.2715196101 	 1.32586e-06
37.2881364267 	 1.50656e-06
37.3047532433 	 1.59355e-06
37.3213700599 	 1.66759e-06
37.3379868764 	 1.37638e-06
37.354603693 	 1.17786e-06
37.3712205096 	 9.25411e-07
37.3878373262 	 6.54042e-07
37.4044541428 	 8.36133e-07
37.4210709594 	 1.09909e-06
37.437687776 	 1.1347e-06
37.4543045926 	 1.02929e-06
37.4709214092 	 1.11277e-06
37.4875382257 	 1.04514e-06
37.5041550423 	 9.31117e-07
37.5207718589 	 8.15009e-07
37.5373886755 	 9.45319e-07
37.5540054921 	 9.85407e-07
37.5706223087 	 7.999e-07
37.5872391253 	 8.56084e-07
37.6038559419 	 9.06631e-07
37.6204727585 	 7.07268e-07
37.6370895751 	 3.09532e-07
37.6537063916 	 2.85704e-07
37.6703232082 	 3.01642e-07
37.6869400248 	 2.23389e-07
37.7035568414 	 3.43635e-07
37.720173658 	 4.37308e-07
37.7367904746 	 2.29311e-07
37.7534072912 	 5.52787e-07
37.7700241078 	 7.39448e-07
37.7866409244 	 6.11175e-07
37.8032577409 	 8.07492e-07
37.8198745575 	 8.31352e-07
37.8364913741 	 8.57344e-07
37.8531081907 	 9.87675e-07
37.8697250073 	 1.03759e-06
37.8863418239 	 1.11481e-06
37.9029586405 	 1.23189e-06
37.9195754571 	 1.15717e-06
37.9361922737 	 1.1793e-06
37.9528090903 	 1.29059e-06
37.9694259068 	 1.42403e-06
37.9860427234 	 1.44608e-06
38.00265954 	 1.18985e-06
38.0192763566 	 1.20384e-06
38.0358931732 	 1.16001e-06
38.0525099898 	 9.48106e-07
38.0691268064 	 1.00046e-06
38.085743623 	 1.08445e-06
38.1023604396 	 1.11032e-06
38.1189772561 	 1.00773e-06
38.1355940727 	 9.62001e-07
38.1522108893 	 9.6625e-07
38.1688277059 	 1.00443e-06
38.1854445225 	 9.45463e-07
38.2020613391 	 8.95145e-07
38.2186781557 	 8.92739e-07
38.2352949723 	 7.35267e-07
38.2519117889 	 7.2778e-07
38.2685286055 	 8.16822e-07
38.285145422 	 9.41806e-07
38.3017622386 	 9.92811e-07
38.3183790552 	 9.65169e-07
38.3349958718 	 7.50663e-07
38.3516126884 	 8.35968e-07
38.368229505 	 8.27924e-07
38.3848463216 	 7.94631e-07
38.4014631382 	 8.77956e-07
38.4180799548 	 7.76286e-07
38.4346967713 	 8.23286e-07
38.4513135879 	 9.2951e-07
38.4679304045 	 8.79944e-07
38.4845472211 	 8.6299e-07
38.5011640377 	 7.83343e-07
38.5177808543 	 7.7259e-07
38.5343976709 	 8.12369e-07
38.5510144875 	 7.35171e-07
38.5676313041 	 6.50373e-07
38.5842481207 	 7.16427e-07
38.6008649372 	 8.56609e-07
38.6174817538 	 8.50594e-07
38.6340985704 	 8.12373e-07
38.650715387 	 7.32151e-07
38.6673322036 	 7.29485e-07
38.6839490202 	 7.54656e-07
38.7005658368 	 7.79511e-07
38.7171826534 	 7.26371e-07
38.73379947 	 7.86527e-07
38.7504162865 	 9.82069e-07
38.7670331031 	 1.02755e-06
38.7836499197 	 9.30897e-07
38.8002667363 	 9.40123e-07
38.8168835529 	 9.97148e-07
38.8335003695 	 1.00486e-06
38.8501171861 	 1.05326e-06
38.8667340027 	 1.12235e-06
38.8833508193 	 1.02601e-06
38.8999676358 	 9.18202e-07
38.9165844524 	 9.86938e-07
38.933201269 	 1.01395e-06
38.9498180856 	 1.0344e-06
38.9664349022 	 1.00785e-06
38.9830517188 	 1.06273e-06
38.9996685354 	 1.05542e-06
39.016285352 	 9.73485e-07
39.0329021686 	 8.81982e-07
39.0495189852 	 8.49797e-07
39.0661358017 	 9.12433e-07
39.0827526183 	 9.61436e-07
39.0993694349 	 9.86292e-07
39.1159862515 	 9.91288e-07
39.1326030681 	 9.24246e-07
39.1492198847 	 8.95001e-07
39.1658367013 	 9.60793e-07
39.1824535179 	 9.14642e-07
39.1990703345 	 8.8823e-07
39.215687151 	 8.45512e-07
39.2323039676 	 8.61719e-07
39.2489207842 	 8.46093e-07
39.2655376008 	 8.00536e-07
39.2821544174 	 8.54108e-07
39.298771234 	 8.68405e-07
39.3153880506 	 8.25405e-07
39.3320048672 	 8.34374e-07
39.3486216838 	 8.59826e-07
39.3652385004 	 8.98771e-07
39.3818553169 	 9.38085e-07
39.3984721335 	 9.22319e-07
39.4150889501 	 9.25562e-07
39.4317057667 	 8.79864e-07
39.4483225833 	 8.35354e-07
39.4649393999 	 8.65434e-07
39.4815562165 	 8.87123e-07
39.4981730331 	 9.32157e-07
39.5147898497 	 9.73715e-07
39.5314066662 	 9.32746e-07
39.5480234828 	 8.75583e-07
39.5646402994 	 8.70584e-07
39.581257116 	 9.07688e-07
39.5978739326 	 9.29896e-07
39.6144907492 	 9.55238e-07
39.6311075658 	 9.34565e-07
39.6477243824 	 9.14007e-07
39.664341199 	 9.14588e-07
39.6809580156 	 9.9435e-07
39.6975748321 	 1.03836e-06
39.7141916487 	 9.92631e-07
39.7308084653 	 9.61064e-07
39.7474252819 	 9.62152e-07
39.7640420985 	 9.12708e-07
39.7806589151 	 9.00796e-07
39.7972757317 	 8.91912e-07
39.8138925483 	 8.8223e-07
39.8305093649 	 9.28066e-07
39.8471261814 	 9.73506e-07
39.863742998 	 9.85594e-07
39.8803598146 	 9.27517e-07
39.8969766312 	 8.94924e-07
39.9135934478 	 8.9939e-07
39.9302102644 	 9.23081e-07
39.946827081 	 9.19285e-07
39.9634438976 	 8.74937e-07
39.9800607142 	 8.44179e-07
39.9966775308 	 8.46277e-07
40.0132943473 	 8.57959e-07
40.0299111639 	 8.11409e-07
40.0465279805 	 8.00739e-07
40.0631447971 	 8.02217e-07
40.0797616137 	 8.25955e-07
40.0963784303 	 8.23194e-07
40.1129952469 	 8.06054e-07
40.1296120635 	 8.02955e-07
40.1462288801 	 8.23261e-07
40.1628456966 	 8.49902e-07
40.1794625132 	 8.48706e-07
40.1960793298 	 8.29778e-07
40.2126961464 	 8.10098e-07
40.229312963 	 8.46157e-07
40.2459297796 	 8.72212e-07
40.2625465962 	 8.7546e-07
40.2791634128 	 8.7969e-07
40.2957802294 	 8.91722e-07
40.312397046 	 8.78964e-07
40.3290138625 	 8.90739e-07
40.3456306791 	 8.9139e-07
40.3622474957 	 8.76969e-07
40.3788643123 	 9.04347e-07
40.3954811289 	 9.35256e-07
40.4120979455 	 9.52543e-07
40.4287147621 	 9.47367e-07
40.4453315787 	 9.52624e-07
40.4619483953 	 9.27115e-07
40.4785652118 	 9.10904e-07
40.4951820284 	 9.13021e-07
40.511798845 	 9.46803e-07
40.5284156616 	 9.72235e-07
40.5450324782 	 9.65737e-07
40.5616492948 	 9.46574e-07
40.5782661114 	 9.04423e-07
40.594882928 	 8.82552e-07
40.6114997446 	 8.77767e-07
40.6281165612 	 9.10785e-07
40.6447333777 	 9.1355e-07
40.6613501943 	 9.14687e-07
40.6779670109 	 9.21883e-07
40.6945838275 	 9.23569e-07
40.7112006441 	 9.28409e-07
40.7278174607 	 9.25287e-07
40.7444342773 	 9.27502e-07
40.7610510939 	 9.18823e-07
40.7776679105 	 9.18495e-07
40.794284727 	 9.15293e-07
40.8109015436 	 9.16745e-07
40.8275183602 	 9.2533e-07
40.8441351768 	 9.3809e-07
40.8607519934 	 9.21003e-07
40.87736881 	 9.07177e-07
40.8939856266 	 8.85276e-07
40.9106024432 	 8.9378e-07
40.9272192598 	 9.1102e-07
40.9438360763 	 8.96803e-07
40.9604528929 	 8.9048e-07
40.9770697095 	 8.82206e-07
40.9936865261 	 8.88724e-07
41.0103033427 	 8.86464e-07
41.0269201593 	 8.86131e-07
41.0435369759 	 8.92792e-07
41.0601537925 	 9.06886e-07
41.0767706091 	 9.03457e-07
41.0933874257 	 9.00612e-07
41.1100042422 	 8.96974e-07
41.1266210588 	 8.8277e-07
41.1432378754 	 8.79287e-07
41.159854692 	 8.8231e-07
41.1764715086 	 8.85377e-07
41.1930883252 	 8.75343e-07
41.2097051418 	 8.76091e-07
41.2263219584 	 8.88615e-07
41.242938775 	 8.9155e-07
41.2595555915 	 8.86205e-07
41.2761724081 	 8.76507e-07
41.2927892247 	 8.85996e-07
41.3094060413 	 8.85741e-07
41.3260228579 	 9.02594e-07
41.3426396745 	 8.92847e-07
41.3592564911 	 8.91892e-07
41.3758733077 	 8.98387e-07
41.3924901243 	 9.04894e-07
41.4091069409 	 9.06887e-07
41.4257237574 	 9.07036e-07
41.442340574 	 9.03012e-07
41.4589573906 	 9.00433e-07
41.4755742072 	 9.08174e-07
41.4921910238 	 9.16036e-07
41.5088078404 	 9.18303e-07
41.525424657 	 9.13146e-07
41.5420414736 	 9.15544e-07
41.5586582902 	 9.13996e-07
41.5752751067 	 9.10145e-07
41.5918919233 	 9.11712e-07
41.6085087399 	 9.09534e-07
41.6251255565 	 9.08387e-07
41.6417423731 	 9.03899e-07
41.6583591897 	 9.05347e-07
41.6749760063 	 9.06378e-07
41.6915928229 	 9.12225e-07
41.7082096395 	 9.10522e-07
41.7248264561 	 9.08698e-07
41.7414432726 	 9.07724e-07
41.7580600892 	 9.02119e-07
41.7746769058 	 9.05877e-07
41.7912937224 	 9.08601e-07
41.807910539 	 9.09434e-07
41.8245273556 	 9.1088e-07
41.8411441722 	 9.11797e-07
41.8577609888 	 9.04618e-07
41.8743778054 	 9.05983e-07
41.8909946219 	 9.11356e-07
41.9076114385 	 9.09717e-07
41.9242282551 	 9.05582e-07
41.9408450717 	 9.01633e-07
41.9574618883 	 9.06078e-07
41.9740787049 	 9.0994e-07
41.9906955215 	 9.07504e-07
42.0073123381 	 9.01787e-07
42.0239291547 	 8.98785e-07
42.0405459713 	 8.99097e-07
42.0571627878 	 9.01599e-07
42.0737796044 	 8.99296e-07
42.090396421 	 8.98813e-07
42.1070132376 	 8.99545e-07
42.1236300542 	 9.02597e-07
42.1402468708 	 9.0381e-07
42.1568636874 	 9.0366e-07
42.173480504 	 9.02715e-07
42.1900973206 	 9.01269e-07
42.2067141371 	 9.04689e-07
42.2233309537 	 9.0546e-07
42.2399477703 	 9.05429e-07
42.2565645869 	 9.03246e-07
42.2731814035 	 9.03868e-07
42.2897982201 	 9.0482e-07
42.3064150367 	 9.03463e-07
42.3230318533 	 9.03813e-07
42.3396486699 	 9.05512e-07
42.3562654865 	 9.09039e-07
42.372882303 	 9.10508e-07
42.3894991196 	 9.10911e-07
42.4061159362 	 9.09472e-07
42.4227327528 	 9.0999e-07
42.4393495694 	 9.07368e-07
42.455966386 	 9.07739e-07
42.4725832026 	 9.07329e-07
42.4892000192 	 9.08009e-07
42.5058168358 	 9.07767e-07
42.5224336523 	 9.07303e-07
42.5390504689 	 9.07641e-07
42.5556672855 	 9.07694e-07
42.5722841021 	 9.06316e-07
42.5889009187 	 9.05264e-07
42.6055177353 	 9.05474e-07
42.6221345519 	 9.0408e-07
42.6387513685 	 9.03964e-07
42.6553681851 	 9.05687e-07
42.6719850016 	 9.05751e-07
42.6886018182 	 9.04364e-07
42.7052186348 	 9.04878e-07
42.7218354514 	 9.06216e-07
42.738452268 	 9.05579e-07
42.7550690846 	 9.05057e-07
42.7716859012 	 9.03451e-07
42.7883027178 	 9.02451e-07
42.8049195344 	 9.02763e-07
42.821536351 	 9.04142e-07
42.8381531675 	 9.05693e-07
42.8547699841 	 9.06744e-07
42.8713868007 	 9.0612e-07
42.8880036173 	 9.04789e-07
42.9046204339 	 9.05449e-07
42.9212372505 	 9.05128e-07
42.9378540671 	 9.04823e-07
42.9544708837 	 9.03714e-07
42.9710877003 	 9.03828e-07
42.9877045168 	 9.04347e-07
43.0043213334 	 9.05581e-07
43.02093815 	 9.06567e-07
43.0375549666 	 9.06345e-07
43.0541717832 	 9.05562e-07
43.0707885998 	 9.04868e-07
43.0874054164 	 9.05235e-07
43.104022233 	 9.05838e-07
43.1206390496 	 9.07056e-07
43.1372558662 	 9.07319e-07
43.1538726827 	 9.07849e-07
43.1704894993 	 9.07023e-07
43.1871063159 	 9.0666e-07
43.2037231325 	 9.07313e-07
43.2203399491 	 9.07918e-07
43.2369567657 	 9.08195e-07
43.2535735823 	 9.07437e-07
43.2701903989 	 9.0716e-07
43.2868072155 	 9.06948e-07
43.303424032 	 9.07934e-07
43.3200408486 	 9.0823e-07
43.3366576652 	 9.07925e-07
43.3532744818 	 9.07913e-07
43.3698912984 	 9.07632e-07
43.386508115 	 9.07816e-07
43.4031249316 	 9.08288e-07
43.4197417482 	 9.08385e-07
43.4363585648 	 9.08237e-07
43.4529753814 	 9.0794e-07
43.4695921979 	 9.0776e-07
43.4862090145 	 9.08023e-07
43.5028258311 	 9.08008e-07
43.5194426477 	 9.08348e-07
43.5360594643 	 9.084e-07
43.5526762809 	 9.09121e-07
43.5692930975 	 9.0922e-07
43.5859099141 	 9.0903e-07
43.6025267307 	 9.08758e-07
43.6191435472 	 9.08432e-07
43.6357603638 	 9.08434e-07
43.6523771804 	 9.08181e-07
43.668993997 	 9.08268e-07
43.6856108136 	 9.08296e-07
43.7022276302 	 9.08007e-07
43.7188444468 	 9.07814e-07
43.7354612634 	 9.07579e-07
43.75207808 	 9.07757e-07
43.7686948966 	 9.08042e-07
43.7853117131 	 9.08312e-07
43.8019285297 	 9.086e-07
43.8185453463 	 9.08732e-07
43.8351621629 	 9.08811e-07
43.8517789795 	 9.08594e-07
43.8683957961 	 9.08635e-07
43.8850126127 	 9.09173e-07
43.9016294293 	 9.09428e-07
43.9182462459 	 9.09185e-07
43.9348630624 	 9.09181e-07
43.951479879 	 9.08979e-07
43.9680966956 	 9.08733e-07
43.9847135122 	 9.08485e-07
44.0013303288 	 9.08462e-07
44.0179471454 	 9.0865e-07
44.034563962 	 9.0881e-07
44.0511807786 	 9.08774e-07
44.0677975952 	 9.08718e-07
44.0844144118 	 9.08766e-07
44.1010312283 	 9.08698e-07
44.1176480449 	 9.0908e-07
44.1342648615 	 9.08941e-07
44.1508816781 	 9.08939e-07
44.1674984947 	 9.09182e-07
44.1841153113 	 9.09327e-07
44.2007321279 	 9.09367e-07
44.2173489445 	 9.09332e-07
44.2339657611 	 9.09361e-07
44.2505825776 	 9.09434e-07
44.2671993942 	 9.09358e-07
44.2838162108 	 9.09269e-07
44.3004330274 	 9.09344e-07
44.317049844 	 9.09453e-07
44.3336666606 	 9.09297e-07
44.3502834772 	 9.09214e-07
44.3669002938 	 9.09083e-07
44.3835171104 	 9.09005e-07
44.400133927 	 9.09136e-07
44.4167507435 	 9.09394e-07
44.4333675601 	 9.0959e-07
44.4499843767 	 9.09671e-07
44.4666011933 	 9.09638e-07
44.4832180099 	 9.09678e-07
44.4998348265 	 9.09912e-07
44.5164516431 	 9.0971e-07
44.5330684597 	 9.09699e-07
44.5496852763 	 9.09819e-07
44.5663020928 	 9.10005e-07
44.5829189094 	 9.10016e-07
44.599535726 	 9.09875e-07
44.6161525426 	 9.09832e-07
44.6327693592 	 9.09872e-07
44.6493861758 	 9.09816e-07
44.6660029924 	 9.09738e-07
44.682619809 	 9.0994e-07
44.6992366256 	 9.10069e-07
44.7158534421 	 9.09914e-07
44.7324702587 	 9.10028e-07
44.7490870753 	 9.10022e-07
44.7657038919 	 9.09858e-07
44.7823207085 	 9.10085e-07
44.7989375251 	 9.10162e-07
44.8155543417 	 9.10071e-07
44.8321711583 	 9.09865e-07
44.8487879749 	 9.10153e-07
44.8654047915 	 9.10271e-07
44.882021608 	 9.10179e-07
44.8986384246 	 9.10041e-07
44.9152552412 	 9.10196e-07
44.9318720578 	 9.103e-07
44.9484888744 	 9.10324e-07
44.965105691 	 9.10484e-07
44.9817225076 	 9.10659e-07
44.9983393242 	 9.10635e-07
45.0149561408 	 9.1058e-07
45.0315729573 	 9.10668e-07
45.0481897739 	 9.10667e-07
45.0648065905 	 9.10645e-07
45.0814234071 	 9.10445e-07
45.0980402237 	 9.10624e-07
45.1146570403 	 9.10641e-07
45.1312738569 	 9.10821e-07
45.1478906735 	 9.10857e-07
45.1645074901 	 9.10908e-07
45.1811243067 	 9.10783e-07
45.1977411232 	 9.10733e-07
45.2143579398 	 9.10865e-07
45.2309747564 	 9.10862e-07
45.247591573 	 9.10817e-07
45.2642083896 	 9.10976e-07
45.2808252062 	 9.11038e-07
45.2974420228 	 9.1094e-07
45.3140588394 	 9.10897e-07
45.330675656 	 9.10969e-07
45.3472924725 	 9.10966e-07
45.3639092891 	 9.11002e-07
45.3805261057 	 9.10985e-07
45.3971429223 	 9.11037e-07
45.4137597389 	 9.11145e-07
45.4303765555 	 9.11021e-07
45.4469933721 	 9.11078e-07
45.4636101887 	 9.11146e-07
45.4802270053 	 9.11099e-07
45.4968438219 	 9.11128e-07
45.5134606384 	 9.11192e-07
45.530077455 	 9.11257e-07
45.5466942716 	 9.11251e-07
45.5633110882 	 9.11293e-07
45.5799279048 	 9.11292e-07
45.5965447214 	 9.11315e-07
45.613161538 	 9.11363e-07
45.6297783546 	 9.11381e-07
45.6463951712 	 9.11456e-07
45.6630119877 	 9.11463e-07
45.6796288043 	 9.11419e-07
45.6962456209 	 9.11414e-07
45.7128624375 	 9.11455e-07
45.7294792541 	 9.11577e-07
45.7460960707 	 9.11556e-07
45.7627128873 	 9.116e-07
45.7793297039 	 9.11665e-07
45.7959465205 	 9.11621e-07
45.8125633371 	 9.11633e-07
45.8291801536 	 9.1169e-07
45.8457969702 	 9.11614e-07
45.8624137868 	 9.1171e-07
45.8790306034 	 9.11711e-07
45.89564742 	 9.11644e-07
45.9122642366 	 9.11754e-07
45.9288810532 	 9.11871e-07
45.9454978698 	 9.1182e-07
45.9621146864 	 9.11769e-07
45.9787315029 	 9.11875e-07
45.9953483195 	 9.11961e-07
46.0119651361 	 9.11989e-07
46.0285819527 	 9.12037e-07
46.0451987693 	 9.12013e-07
46.0618155859 	 9.11956e-07
46.0784324025 	 9.1188e-07
46.0950492191 	 9.11905e-07
46.1116660357 	 9.11901e-07
46.1282828523 	 9.11854e-07
46.1448996688 	 9.12011e-07
46.1615164854 	 9.11865e-07
46.178133302 	 9.12083e-07
46.1947501186 	 9.12114e-07
46.2113669352 	 9.12218e-07
46.2279837518 	 9.12249e-07
46.2446005684 	 9.12272e-07
46.261217385 	 9.1223e-07
46.2778342016 	 9.12392e-07
46.2944510181 	 9.12289e-07
46.3110678347 	 9.12326e-07
46.3276846513 	 9.12303e-07
46.3443014679 	 9.1223e-07
46.3609182845 	 9.12082e-07
46.3775351011 	 9.1214e-07
46.3941519177 	 9.12313e-07
46.4107687343 	 9.12421e-07
46.4273855509 	 9.12407e-07
46.4440023674 	 9.12467e-07
46.460619184 	 9.12418e-07
46.4772360006 	 9.12292e-07
46.4938528172 	 9.12413e-07
46.5104696338 	 9.12722e-07
46.5270864504 	 9.1249e-07
46.543703267 	 9.12547e-07
46.5603200836 	 9.12547e-07
46.5769369002 	 9.12663e-07
46.5935537168 	 9.12552e-07
46.6101705333 	 9.1264e-07
46.6267873499 	 9.12589e-07
46.6434041665 	 9.12652e-07
46.6600209831 	 9.12715e-07
46.6766377997 	 9.12678e-07
46.6932546163 	 9.1259e-07
46.7098714329 	 9.12626e-07
46.7264882495 	 9.12721e-07
46.7431050661 	 9.12584e-07
46.7597218826 	 9.12549e-07
46.7763386992 	 9.1268e-07
46.7929555158 	 9.1257e-07
46.8095723324 	 9.12665e-07
46.826189149 	 9.12712e-07
46.8428059656 	 9.12607e-07
46.8594227822 	 9.12737e-07
46.8760395988 	 9.12675e-07
46.8926564154 	 9.12726e-07
46.909273232 	 9.12869e-07
46.9258900485 	 9.12874e-07
46.9425068651 	 9.12881e-07
46.9591236817 	 9.13014e-07
46.9757404983 	 9.1288e-07
46.9923573149 	 9.1292e-07
47.0089741315 	 9.13032e-07
47.0255909481 	 9.1319e-07
47.0422077647 	 9.12985e-07
47.0588245813 	 9.12957e-07
47.0754413978 	 9.1287e-07
47.0920582144 	 9.13031e-07
47.108675031 	 9.12925e-07
47.1252918476 	 9.12927e-07
47.1419086642 	 9.12991e-07
47.1585254808 	 9.12958e-07
47.1751422974 	 9.12847e-07
47.191759114 	 9.13055e-07
47.2083759306 	 9.13146e-07
47.2249927472 	 9.13342e-07
47.2416095637 	 9.13204e-07
47.2582263803 	 9.13262e-07
47.2748431969 	 9.13239e-07
47.2914600135 	 9.13234e-07
47.3080768301 	 9.13331e-07
47.3246936467 	 9.13406e-07
47.3413104633 	 9.13148e-07
47.3579272799 	 9.13101e-07
47.3745440965 	 9.13181e-07
47.391160913 	 9.13291e-07
47.4077777296 	 9.13276e-07
47.4243945462 	 9.1327e-07
47.4410113628 	 9.13427e-07
47.4576281794 	 9.13315e-07
47.474244996 	 9.13339e-07
47.4908618126 	 9.13418e-07
47.5074786292 	 9.13643e-07
47.5240954458 	 9.13519e-07
47.5407122624 	 9.13466e-07
47.5573290789 	 9.13616e-07
47.5739458955 	 9.13554e-07
47.5905627121 	 9.13625e-07
47.6071795287 	 9.13423e-07
47.6237963453 	 9.13301e-07
47.6404131619 	 9.13359e-07
47.6570299785 	 9.13346e-07
47.6736467951 	 9.13467e-07
47.6902636117 	 9.13436e-07
47.7068804282 	 9.13462e-07
47.7234972448 	 9.13385e-07
47.7401140614 	 9.13245e-07
47.756730878 	 9.13359e-07
47.7733476946 	 9.13445e-07
47.7899645112 	 9.13367e-07
47.8065813278 	 9.1341e-07
47.8231981444 	 9.13617e-07
47.839814961 	 9.13651e-07
47.8564317776 	 9.13552e-07
47.8730485941 	 9.13714e-07
47.8896654107 	 9.13641e-07
47.9062822273 	 9.13552e-07
47.9228990439 	 9.1356e-07
47.9395158605 	 9.13687e-07
47.9561326771 	 9.13755e-07
47.9727494937 	 9.13786e-07
47.9893663103 	 9.13844e-07
48.0059831269 	 9.13857e-07
48.0225999434 	 9.13698e-07
48.03921676 	 9.13811e-07
48.0558335766 	 9.13799e-07
48.0724503932 	 9.13771e-07
48.0890672098 	 9.13753e-07
48.1056840264 	 9.13886e-07
48.122300843 	 9.13922e-07
48.1389176596 	 9.13923e-07
48.1555344762 	 9.13997e-07
48.1721512928 	 9.13799e-07
48.1887681093 	 9.13702e-07
48.2053849259 	 9.13656e-07
48.2220017425 	 9.13774e-07
48.2386185591 	 9.13822e-07
48.2552353757 	 9.1364e-07
48.2718521923 	 9.13729e-07
48.2884690089 	 9.13777e-07
48.3050858255 	 9.13656e-07
48.3217026421 	 9.13686e-07
48.3383194586 	 9.13681e-07
48.3549362752 	 9.1395e-07
48.3715530918 	 9.14015e-07
48.3881699084 	 9.14027e-07
48.404786725 	 9.13998e-07
48.4214035416 	 9.14015e-07
48.4380203582 	 9.13917e-07
48.4546371748 	 9.13951e-07
48.4712539914 	 9.14052e-07
48.4878708079 	 9.1387e-07
48.5044876245 	 9.13746e-07
48.5211044411 	 9.13922e-07
48.5377212577 	 9.13986e-07
48.5543380743 	 9.14035e-07
48.5709548909 	 9.1408e-07
48.5875717075 	 9.14131e-07
48.6041885241 	 9.14166e-07
48.6208053407 	 9.14178e-07
48.6374221573 	 9.1423e-07
48.6540389738 	 9.14177e-07
48.6706557904 	 9.13966e-07
48.687272607 	 9.13886e-07
48.7038894236 	 9.13992e-07
48.7205062402 	 9.1403e-07
48.7371230568 	 9.13972e-07
48.7537398734 	 9.13892e-07
48.77035669 	 9.1401e-07
48.7869735066 	 9.14107e-07
48.8035903231 	 9.14129e-07
48.8202071397 	 9.14197e-07
48.8368239563 	 9.14244e-07
48.8534407729 	 9.14224e-07
48.8700575895 	 9.13921e-07
48.8866744061 	 9.14064e-07
48.9032912227 	 9.14065e-07
48.9199080393 	 9.14096e-07
48.9365248559 	 9.14011e-07
48.9531416725 	 9.13959e-07
48.969758489 	 9.14006e-07
48.9863753056 	 9.14027e-07
49.0029921222 	 9.14098e-07
49.0196089388 	 9.14091e-07
49.0362257554 	 9.14159e-07
49.052842572 	 9.14166e-07
49.0694593886 	 9.14311e-07
49.0860762052 	 9.14397e-07
49.1026930218 	 9.1449e-07
49.1193098383 	 9.14209e-07
49.1359266549 	 9.14228e-07
49.1525434715 	 9.1417e-07
49.1691602881 	 9.14127e-07
49.1857771047 	 9.14117e-07
49.2023939213 	 9.1421e-07
49.2190107379 	 9.14255e-07
49.2356275545 	 9.14264e-07
49.2522443711 	 9.14325e-07
49.2688611877 	 9.14155e-07
49.2854780042 	 9.14229e-07
49.3020948208 	 9.14363e-07
49.3187116374 	 9.14364e-07
49.335328454 	 9.14178e-07
49.3519452706 	 9.14163e-07
49.3685620872 	 9.142e-07
49.3851789038 	 9.14218e-07
49.4017957204 	 9.14178e-07
49.418412537 	 9.1424e-07
49.4350293535 	 9.14273e-07
49.4516461701 	 9.14248e-07
49.4682629867 	 9.14169e-07
49.4848798033 	 9.14196e-07
49.5014966199 	 9.14094e-07
49.5181134365 	 9.14235e-07
49.5347302531 	 9.14183e-07
49.5513470697 	 9.14224e-07
49.5679638863 	 9.14247e-07
49.5845807029 	 9.14236e-07
49.6011975194 	 9.14133e-07
49.617814336 	 9.14192e-07
49.6344311526 	 9.14246e-07
49.6510479692 	 9.14331e-07
49.6676647858 	 9.14326e-07
49.6842816024 	 9.14329e-07
49.700898419 	 9.14233e-07
49.7175152356 	 9.14243e-07
49.7341320522 	 9.14271e-07
49.7507488687 	 9.14456e-07
49.7673656853 	 9.14443e-07
49.7839825019 	 9.14439e-07
49.8005993185 	 9.14372e-07
49.8172161351 	 9.14451e-07
49.8338329517 	 9.14306e-07
49.8504497683 	 9.14303e-07
49.8670665849 	 9.14409e-07
49.8836834015 	 9.1438e-07
49.9003002181 	 9.14215e-07
49.9169170346 	 9.14223e-07
49.9335338512 	 9.14451e-07
49.9501506678 	 9.1432e-07
49.9667674844 	 9.14206e-07
49.983384301 	 9.14192e-07
50.0000011176 	 9.14309e-07
