0.0 	 1.32646e-05
0.0624609632949 	 2.84762e-05
0.12492192659 	 7.63727e-05
0.187382889885 	 2.2809e-05
0.24984385318 	 1.20302e-05
0.312304816475 	 3.72525e-06
0.37476577977 	 9.55901e-06
0.437226743064 	 1.61793e-05
0.499687706359 	 2.18735e-05
0.562148669654 	 3.42828e-05
0.624609632949 	 3.58299e-05
0.687070596244 	 1.27333e-05
0.749531559539 	 8.09027e-05
0.811992522834 	 3.66118e-05
0.874453486129 	 2.47896e-05
0.936914449424 	 4.78702e-05
0.999375412719 	 5.21524e-05
1.06183637601 	 3.59323e-05
1.12429733931 	 6.1314e-05
1.1867583026 	 9.0424e-06
1.2492192659 	 1.76014e-05
1.31168022919 	 2.88488e-05
1.37414119249 	 1.72288e-05
1.43660215578 	 4.10119e-05
1.49906311908 	 1.70636e-05
1.56152408237 	 3.97132e-05
1.62398504567 	 1.16322e-05
1.68644600896 	 1.36716e-05
1.74890697226 	 2.38342e-05
1.81136793555 	 7.12278e-06
1.87382889885 	 4.02787e-05
1.93628986214 	 3.296e-05
1.99875082544 	 3.25917e-05
2.06121178873 	 2.38552e-05
2.12367275203 	 2.62211e-05
2.18613371532 	 2.43546e-05
2.24859467862 	 1.36876e-05
2.31105564191 	 1.2875e-05
2.37351660521 	 1.02399e-05
2.4359775685 	 3.27143e-05
2.4984385318 	 3.05969e-05
2.56089949509 	 1.35947e-05
2.62336045839 	 1.25445e-05
2.68582142168 	 1.04165e-05
2.74828238498 	 1.94436e-05
2.81074334827 	 1.21285e-05
2.87320431157 	 1.56831e-05
2.93566527486 	 1.93521e-05
2.99812623816 	 1.66672e-05
3.06058720145 	 1.23567e-05
3.12304816475 	 1.87587e-05
3.18550912804 	 1.69133e-05
3.24797009134 	 4.59066e-05
3.31043105463 	 3.84338e-05
3.37289201793 	 2.18836e-05
3.43535298122 	 4.62412e-06
3.49781394452 	 3.2279e-05
3.56027490781 	 2.90464e-05
3.62273587111 	 3.81674e-05
3.6851968344 	 2.93671e-05
3.7476577977 	 5.03715e-05
3.81011876099 	 7.20248e-05
3.87257972429 	 5.25804e-05
3.93504068758 	 3.06508e-05
3.99750165088 	 1.90975e-05
4.05996261417 	 1.26711e-05
4.12242357747 	 2.37852e-05
4.18488454076 	 2.63171e-05
4.24734550405 	 1.67307e-05
4.30980646735 	 6.03503e-06
4.37226743064 	 1.68117e-05
4.43472839394 	 3.3936e-06
4.49718935723 	 1.54456e-05
4.55965032053 	 1.55415e-05
4.62211128382 	 9.15258e-06
4.68457224712 	 4.10352e-06
4.74703321041 	 2.44442e-06
4.80949417371 	 4.94679e-06
4.871955137 	 3.86968e-06
4.9344161003 	 5.312e-06
4.99687706359 	 9.24541e-06
5.05933802689 	 1.14049e-05
5.12179899018 	 6.04305e-06
5.18425995348 	 1.76257e-06
5.24672091677 	 1.91256e-06
5.30918188007 	 4.3528e-06
5.37164284336 	 4.05315e-06
5.43410380666 	 1.72835e-06
5.49656476995 	 4.0787e-06
5.55902573325 	 5.10554e-06
5.62148669654 	 4.63887e-06
5.68394765984 	 3.30568e-06
5.74640862313 	 3.93039e-06
5.80886958643 	 4.40843e-06
5.87133054972 	 4.39889e-06
5.93379151302 	 1.84737e-06
5.99625247631 	 9.51153e-07
6.05871343961 	 1.8038e-06
6.1211744029 	 1.68866e-06
6.1836353662 	 8.02219e-07
6.24609632949 	 1.07625e-06
6.30855729279 	 4.29173e-07
6.37101825608 	 1.00767e-06
6.43347921938 	 1.99501e-06
6.49594018267 	 2.43992e-07
6.55840114597 	 3.78907e-07
6.62086210926 	 3.81943e-07
6.68332307256 	 1.30277e-06
6.74578403585 	 2.26467e-06
6.80824499915 	 1.62982e-06
6.87070596244 	 1.58581e-06
6.93316692574 	 1.66525e-06
6.99562788903 	 1.1283e-06
7.05808885233 	 9.96225e-07
7.12054981562 	 5.37303e-07
7.18301077892 	 1.03174e-06
7.24547174221 	 8.19949e-07
7.30793270551 	 6.06097e-07
7.3703936688 	 4.50723e-07
7.4328546321 	 5.50387e-07
7.49531559539 	 8.90107e-07
7.55777655869 	 1.23034e-06
7.62023752198 	 7.89299e-07
7.68269848528 	 8.02583e-07
7.74515944857 	 4.58071e-07
7.80762041187 	 4.0791e-07
7.87008137516 	 2.51171e-07
7.93254233846 	 5.57387e-07
7.99500330175 	 7.33469e-07
8.05746426505 	 8.32037e-07
8.11992522834 	 7.0714e-07
8.18238619164 	 6.7679e-07
8.24484715493 	 4.04263e-07
8.30730811822 	 5.15928e-07
8.36976908152 	 1.11932e-06
8.43223004481 	 1.15405e-06
8.49469100811 	 1.02304e-06
8.5571519714 	 1.17067e-06
8.6196129347 	 9.75881e-07
8.68207389799 	 5.76774e-07
8.74453486129 	 2.56574e-07
8.80699582458 	 4.02872e-07
8.86945678788 	 8.98611e-07
8.93191775117 	 1.16293e-06
8.99437871447 	 1.06284e-06
9.05683967776 	 8.31223e-07
9.11930064106 	 6.28747e-07
9.18176160435 	 2.57427e-07
9.24422256765 	 1.49137e-07
9.30668353094 	 4.92486e-07
9.36914449424 	 4.63321e-07
9.43160545753 	 1.94516e-07
9.49406642083 	 2.59705e-07
9.55652738412 	 9.30273e-08
9.61898834742 	 4.46155e-07
9.68144931071 	 5.2144e-07
9.74391027401 	 9.18232e-07
9.8063712373 	 3.83318e-07
9.8688322006 	 5.17852e-07
9.93129316389 	 6.28136e-07
9.99375412719 	 5.10415e-07
10.0562150905 	 6.08671e-08
10.1186760538 	 4.54873e-07
10.1811370171 	 4.28451e-07
10.2435979804 	 6.10352e-07
10.3060589437 	 2.39632e-07
10.368519907 	 5.65569e-07
10.4309808703 	 2.61978e-07
10.4934418335 	 4.59582e-07
10.5559027968 	 5.40083e-07
10.6183637601 	 2.64924e-07
10.6808247234 	 3.05376e-07
10.7432856867 	 3.92969e-07
10.80574665 	 4.57794e-07
10.8682076133 	 1.91433e-07
10.9306685766 	 4.00142e-07
10.9931295399 	 2.36219e-07
11.0555905032 	 9.7496e-08
11.1180514665 	 2.02453e-07
11.1805124298 	 3.2525e-07
11.2429733931 	 7.11089e-07
11.3054343564 	 6.26216e-07
11.3678953197 	 4.77129e-07
11.430356283 	 3.35631e-07
11.4928172463 	 6.73996e-08
11.5552782096 	 9.78125e-08
11.6177391729 	 2.43042e-07
11.6802001362 	 1.54936e-07
11.7426610994 	 2.54656e-07
11.8051220627 	 4.28201e-07
11.867583026 	 2.85053e-07
11.9300439893 	 2.15119e-07
11.9925049526 	 2.2549e-07
12.0549659159 	 1.82042e-07
12.1174268792 	 1.9368e-07
12.1798878425 	 1.95903e-07
12.2423488058 	 2.29569e-08
12.3048097691 	 1.48433e-07
12.3672707324 	 5.87071e-08
12.4297316957 	 9.34331e-08
12.492192659 	 7.9307e-08
12.5546536223 	 1.40935e-07
12.6171145856 	 1.60844e-08
12.6795755489 	 1.32807e-07
12.7420365122 	 1.72192e-07
12.8044974755 	 2.38576e-07
12.8669584388 	 3.90567e-08
12.929419402 	 9.77004e-08
12.9918803653 	 6.13873e-08
13.0543413286 	 4.41449e-08
13.1168022919 	 8.51911e-08
13.1792632552 	 8.52133e-08
13.2417242185 	 9.20544e-08
13.3041851818 	 1.3387e-07
13.3666461451 	 1.95989e-08
13.4291071084 	 6.02974e-08
13.4915680717 	 8.78045e-08
13.554029035 	 9.23228e-08
13.6164899983 	 8.40715e-08
13.6789509616 	 3.06146e-08
13.7414119249 	 7.36518e-08
13.8038728882 	 4.20034e-08
13.8663338515 	 4.32043e-08
13.9287948148 	 2.72033e-08
13.9912557781 	 1.86467e-08
14.0537167414 	 1.90941e-08
14.1161777047 	 6.36678e-08
14.1786386679 	 6.48476e-08
14.2410996312 	 5.28824e-08
14.3035605945 	 2.71726e-08
14.3660215578 	 1.21371e-08
14.4284825211 	 5.29492e-08
14.4909434844 	 2.95244e-08
14.5534044477 	 2.63626e-08
14.615865411 	 1.35689e-08
14.6783263743 	 2.39695e-08
14.7407873376 	 5.42538e-08
14.8032483009 	 2.10897e-08
14.8657092642 	 1.64867e-08
14.9281702275 	 1.69842e-08
14.9906311908 	 2.18616e-08
15.0530921541 	 3.56897e-08
15.1155531174 	 1.11549e-08
15.1780140807 	 1.05563e-08
15.240475044 	 2.85304e-08
15.3029360073 	 2.02493e-08
15.3653969706 	 6.11473e-09
15.4278579338 	 2.82283e-08
15.4903188971 	 1.88041e-08
15.5527798604 	 7.44545e-09
15.6152408237 	 5.95269e-09
15.677701787 	 4.21587e-09
15.7401627503 	 1.18383e-08
15.8026237136 	 2.68579e-08
15.8650846769 	 1.73325e-08
15.9275456402 	 1.51356e-08
15.9900066035 	 2.17523e-08
16.0524675668 	 1.48208e-08
16.1149285301 	 2.15051e-08
16.1773894934 	 2.37089e-08
16.2398504567 	 2.22431e-08
16.30231142 	 1.17889e-08
16.3647723833 	 1.467e-08
16.4272333466 	 1.17736e-08
16.4896943099 	 2.04983e-08
16.5521552732 	 1.47909e-08
16.6146162364 	 2.03704e-08
16.6770771997 	 3.14658e-08
16.739538163 	 1.11373e-08
16.8019991263 	 2.80445e-08
16.8644600896 	 1.15901e-08
16.9269210529 	 4.31867e-09
16.9893820162 	 1.04959e-08
17.0518429795 	 2.02485e-08
17.1143039428 	 1.62969e-08
17.1767649061 	 1.67076e-08
17.2392258694 	 3.87989e-09
17.3016868327 	 1.39821e-08
17.364147796 	 1.22366e-08
17.4266087593 	 1.1698e-08
17.4890697226 	 9.57272e-09
17.5515306859 	 1.59579e-08
17.6139916492 	 1.95839e-08
17.6764526125 	 1.28739e-08
17.7389135758 	 1.48925e-08
17.8013745391 	 9.64068e-09
17.8638355023 	 1.04706e-08
17.9262964656 	 6.83656e-09
17.9887574289 	 1.22351e-08
18.0512183922 	 3.5487e-09
18.1136793555 	 6.26887e-09
18.1761403188 	 8.88835e-09
18.2386012821 	 2.19081e-09
18.3010622454 	 8.07026e-09
18.3635232087 	 1.86957e-08
18.425984172 	 1.73722e-08
18.4884451353 	 1.12508e-08
18.5509060986 	 1.48547e-08
18.6133670619 	 1.39981e-08
18.6758280252 	 9.95407e-09
18.7382889885 	 7.80893e-09
18.8007499518 	 1.41411e-08
18.8632109151 	 4.60021e-09
18.9256718784 	 1.23519e-08
18.9881328417 	 2.59673e-08
19.050593805 	 2.16293e-08
19.1130547682 	 2.08568e-08
19.1755157315 	 8.75678e-09
19.2379766948 	 2.8021e-09
19.3004376581 	 2.3414e-09
19.3628986214 	 8.33895e-09
19.4253595847 	 4.24599e-09
19.487820548 	 4.26477e-09
19.5502815113 	 4.39229e-09
19.6127424746 	 5.4765e-09
19.6752034379 	 4.49684e-09
19.7376644012 	 4.70025e-09
19.8001253645 	 6.03851e-09
19.8625863278 	 8.21307e-09
19.9250472911 	 1.04108e-08
19.9875082544 	 1.42678e-08
20.0499692177 	 1.17051e-08
20.112430181 	 6.32469e-09
20.1748911443 	 8.67318e-09
20.2373521076 	 5.47372e-09
20.2998130709 	 7.59845e-09
20.3622740341 	 1.08407e-08
20.4247349974 	 6.97048e-09
20.4871959607 	 5.70429e-09
20.549656924 	 9.29027e-09
20.6121178873 	 7.12117e-09
20.6745788506 	 6.0412e-09
20.7370398139 	 7.61308e-09
20.7995007772 	 2.89875e-09
20.8619617405 	 8.58797e-10
20.9244227038 	 6.17996e-09
20.9868836671 	 1.22777e-08
21.0493446304 	 1.13901e-08
21.1118055937 	 7.3215e-09
21.174266557 	 1.29919e-09
21.2367275203 	 7.95271e-09
21.2991884836 	 7.11705e-09
21.3616494469 	 8.17893e-09
21.4241104102 	 5.83914e-09
21.4865713735 	 3.30086e-09
21.5490323367 	 7.82549e-09
21.6114933 	 7.75849e-09
21.6739542633 	 9.17612e-09
21.7364152266 	 4.00622e-09
21.7988761899 	 4.43109e-09
21.8613371532 	 4.34992e-09
21.9237981165 	 5.71742e-09
21.9862590798 	 3.32533e-09
22.0487200431 	 2.29895e-09
22.1111810064 	 5.30656e-09
22.1736419697 	 1.02006e-08
22.236102933 	 7.12908e-09
22.2985638963 	 7.22225e-09
22.3610248596 	 6.10406e-09
22.4234858229 	 2.58533e-09
22.4859467862 	 6.5541e-09
22.5484077495 	 5.84862e-09
22.6108687128 	 9.90007e-10
22.6733296761 	 2.52397e-09
22.7357906394 	 6.44758e-09
22.7982516026 	 3.44701e-09
22.8607125659 	 5.13053e-09
22.9231735292 	 5.68305e-09
22.9856344925 	 4.40281e-09
23.0480954558 	 5.86593e-09
23.1105564191 	 4.11927e-09
23.1730173824 	 4.27313e-09
23.2354783457 	 2.39068e-09
23.297939309 	 4.94742e-09
23.3604002723 	 5.57735e-09
23.4228612356 	 3.24988e-09
23.4853221989 	 3.81153e-09
23.5477831622 	 6.61145e-09
23.6102441255 	 5.168e-09
23.6727050888 	 3.30168e-09
23.7351660521 	 4.69005e-09
23.7976270154 	 5.56282e-09
23.8600879787 	 5.62292e-09
23.922548942 	 6.62651e-09
23.9850099053 	 5.9168e-09
24.0474708685 	 4.39873e-09
24.1099318318 	 4.37857e-09
24.1723927951 	 2.33143e-09
24.2348537584 	 1.95516e-09
24.2973147217 	 5.13068e-09
24.359775685 	 5.48788e-09
24.4222366483 	 5.93835e-09
24.4846976116 	 6.97289e-09
24.5471585749 	 4.21323e-09
24.6096195382 	 2.91784e-09
24.6720805015 	 3.34248e-09
24.7345414648 	 2.68663e-09
24.7970024281 	 3.14476e-09
24.8594633914 	 5.90317e-09
24.9219243547 	 5.17662e-09
24.984385318 	 3.57859e-09
25.0468462813 	 1.79904e-09
25.1093072446 	 2.73196e-09
25.1717682079 	 2.71235e-09
25.2342291711 	 3.57947e-09
25.2966901344 	 5.01396e-09
25.3591510977 	 4.26198e-09
25.421612061 	 4.13702e-09
25.4840730243 	 4.10641e-09
25.5465339876 	 3.10699e-09
25.6089949509 	 3.63253e-09
25.6714559142 	 3.54449e-09
25.7339168775 	 4.43782e-09
25.7963778408 	 3.65401e-09
25.8588388041 	 4.32591e-09
25.9212997674 	 3.78407e-09
25.9837607307 	 4.10301e-09
26.046221694 	 3.10695e-09
26.1086826573 	 2.96099e-09
26.1711436206 	 3.13147e-09
26.2336045839 	 3.26422e-09
26.2960655472 	 3.67313e-09
26.3585265105 	 3.15989e-09
26.4209874738 	 3.14202e-09
26.483448437 	 3.78474e-09
26.5459094003 	 3.31005e-09
26.6083703636 	 2.59227e-09
26.6708313269 	 3.5283e-09
26.7332922902 	 4.11374e-09
26.7957532535 	 3.21988e-09
26.8582142168 	 3.14637e-09
26.9206751801 	 3.57966e-09
26.9831361434 	 2.9272e-09
27.0455971067 	 3.22767e-09
27.10805807 	 3.27675e-09
27.1705190333 	 3.44949e-09
27.2329799966 	 3.2595e-09
27.2954409599 	 3.3219e-09
27.3579019232 	 3.50887e-09
27.4203628865 	 3.05847e-09
27.4828238498 	 2.79275e-09
27.5452848131 	 2.47611e-09
27.6077457764 	 3.06289e-09
27.6702067397 	 3.13518e-09
27.7326677029 	 3.50851e-09
27.7951286662 	 3.19134e-09
27.8575896295 	 2.78201e-09
27.9200505928 	 2.74923e-09
27.9825115561 	 3.14659e-09
28.0449725194 	 2.71174e-09
28.1074334827 	 3.02529e-09
28.169894446 	 3.26784e-09
28.2323554093 	 2.62135e-09
28.2948163726 	 2.64984e-09
28.3572773359 	 2.47477e-09
28.4197382992 	 2.9692e-09
28.4821992625 	 2.9269e-09
28.5446602258 	 2.95758e-09
28.6071211891 	 3.06172e-09
28.6695821524 	 2.96089e-09
28.7320431157 	 2.72567e-09
28.794504079 	 2.71489e-09
28.8569650423 	 2.81183e-09
28.9194260056 	 2.76965e-09
28.9818869688 	 2.80211e-09
29.0443479321 	 2.83324e-09
29.1068088954 	 2.92626e-09
29.1692698587 	 2.68908e-09
29.231730822 	 2.77375e-09
29.2941917853 	 2.64294e-09
29.3566527486 	 2.62603e-09
29.4191137119 	 2.66529e-09
29.4815746752 	 2.62447e-09
29.5440356385 	 2.55321e-09
29.6064966018 	 2.80588e-09
29.6689575651 	 2.59927e-09
29.7314185284 	 2.50215e-09
29.7938794917 	 2.57325e-09
29.856340455 	 2.5623e-09
29.9188014183 	 2.57939e-09
29.9812623816 	 2.5442e-09
30.0437233449 	 2.47239e-09
30.1061843082 	 2.55754e-09
30.1686452714 	 2.60419e-09
30.2311062347 	 2.56714e-09
30.293567198 	 2.49852e-09
30.3560281613 	 2.45184e-09
30.4184891246 	 2.50109e-09
30.4809500879 	 2.56166e-09
30.5434110512 	 2.51e-09
30.6058720145 	 2.45941e-09
30.6683329778 	 2.5536e-09
30.7307939411 	 2.50642e-09
30.7932549044 	 2.4376e-09
30.8557158677 	 2.45243e-09
30.918176831 	 2.43902e-09
30.9806377943 	 2.42173e-09
31.0430987576 	 2.38128e-09
31.1055597209 	 2.37159e-09
31.1680206842 	 2.3508e-09
31.2304816475 	 2.38151e-09
31.2929426108 	 2.38761e-09
31.3554035741 	 2.25834e-09
31.4178645373 	 2.31218e-09
31.4803255006 	 2.26265e-09
31.5427864639 	 2.19625e-09
31.6052474272 	 2.26582e-09
31.6677083905 	 2.36923e-09
31.7301693538 	 2.34404e-09
31.7926303171 	 2.27862e-09
31.8550912804 	 2.25398e-09
31.9175522437 	 2.30657e-09
31.980013207 	 2.29731e-09
32.0424741703 	 2.20098e-09
32.1049351336 	 2.14216e-09
32.1673960969 	 2.19389e-09
32.2298570602 	 2.2859e-09
32.2923180235 	 2.30426e-09
32.3547789868 	 2.198e-09
32.4172399501 	 2.11667e-09
32.4797009134 	 2.17129e-09
32.5421618767 	 2.16012e-09
32.60462284 	 2.17842e-09
32.6670838032 	 2.15104e-09
32.7295447665 	 2.18404e-09
32.7920057298 	 2.20669e-09
32.8544666931 	 2.14747e-09
32.9169276564 	 2.06139e-09
32.9793886197 	 2.04555e-09
33.041849583 	 2.12419e-09
33.1043105463 	 2.15642e-09
33.1667715096 	 2.12564e-09
33.2292324729 	 2.1113e-09
33.2916934362 	 2.0622e-09
33.3541543995 	 2.00494e-09
33.4166153628 	 2.00587e-09
33.4790763261 	 1.94956e-09
33.5415372894 	 2.06252e-09
33.6039982527 	 2.04326e-09
33.666459216 	 2.02541e-09
33.7289201793 	 1.94127e-09
33.7913811426 	 1.95782e-09
33.8538421058 	 2.01509e-09
33.9163030691 	 2.03295e-09
33.9787640324 	 2.00752e-09
34.0412249957 	 1.9584e-09
34.103685959 	 1.99108e-09
34.1661469223 	 2.03708e-09
34.2286078856 	 1.99092e-09
34.2910688489 	 1.89291e-09
34.3535298122 	 1.90642e-09
34.4159907755 	 1.89412e-09
34.4784517388 	 1.88921e-09
34.5409127021 	 1.91778e-09
34.6033736654 	 1.95592e-09
34.6658346287 	 1.9819e-09
34.728295592 	 1.92891e-09
34.7907565553 	 1.85353e-09
34.8532175186 	 1.84409e-09
34.9156784819 	 1.86054e-09
34.9781394452 	 1.84509e-09
35.0406004085 	 1.85971e-09
35.1030613717 	 1.82285e-09
35.165522335 	 1.85756e-09
35.2279832983 	 1.85292e-09
35.2904442616 	 1.83379e-09
35.3529052249 	 1.82124e-09
35.4153661882 	 1.76435e-09
35.4778271515 	 1.7884e-09
35.5402881148 	 1.83797e-09
35.6027490781 	 1.79258e-09
35.6652100414 	 1.81237e-09
35.7276710047 	 1.78964e-09
35.790131968 	 1.78107e-09
35.8525929313 	 1.78283e-09
35.9150538946 	 1.74248e-09
35.9775148579 	 1.71523e-09
36.0399758212 	 1.7242e-09
36.1024367845 	 1.76082e-09
36.1648977478 	 1.78781e-09
36.2273587111 	 1.74515e-09
36.2898196744 	 1.7262e-09
36.3522806376 	 1.727e-09
36.4147416009 	 1.71687e-09
36.4772025642 	 1.70284e-09
36.5396635275 	 1.71452e-09
36.6021244908 	 1.67012e-09
36.6645854541 	 1.65983e-09
36.7270464174 	 1.6999e-09
36.7895073807 	 1.67429e-09
36.851968344 	 1.67257e-09
36.9144293073 	 1.6711e-09
36.9768902706 	 1.64095e-09
37.0393512339 	 1.6486e-09
37.1018121972 	 1.6417e-09
37.1642731605 	 1.63536e-09
37.2267341238 	 1.63352e-09
37.2891950871 	 1.63249e-09
37.3516560504 	 1.63066e-09
37.4141170137 	 1.61478e-09
37.476577977 	 1.59461e-09
37.5390389402 	 1.58308e-09
37.6014999035 	 1.59736e-09
37.6639608668 	 1.59671e-09
37.7264218301 	 1.59244e-09
37.7888827934 	 1.59359e-09
37.8513437567 	 1.5916e-09
37.91380472 	 1.58789e-09
37.9762656833 	 1.56199e-09
38.0387266466 	 1.56197e-09
38.1011876099 	 1.57864e-09
38.1636485732 	 1.57831e-09
38.2261095365 	 1.53453e-09
38.2885704998 	 1.5203e-09
38.3510314631 	 1.55211e-09
38.4134924264 	 1.52619e-09
38.4759533897 	 1.50389e-09
38.538414353 	 1.50585e-09
38.6008753163 	 1.52106e-09
38.6633362796 	 1.51683e-09
38.7257972429 	 1.48645e-09
38.7882582061 	 1.47975e-09
38.8507191694 	 1.49206e-09
38.9131801327 	 1.47854e-09
38.975641096 	 1.48251e-09
39.0381020593 	 1.49935e-09
39.1005630226 	 1.48365e-09
39.1630239859 	 1.46414e-09
39.2254849492 	 1.46003e-09
39.2879459125 	 1.44741e-09
39.3504068758 	 1.45007e-09
39.4128678391 	 1.45589e-09
39.4753288024 	 1.45086e-09
39.5377897657 	 1.45766e-09
39.600250729 	 1.44582e-09
39.6627116923 	 1.42299e-09
39.7251726556 	 1.4256e-09
39.7876336189 	 1.41267e-09
39.8500945822 	 1.41465e-09
39.9125555455 	 1.41231e-09
39.9750165088 	 1.39215e-09
40.037477472 	 1.40394e-09
40.0999384353 	 1.39996e-09
40.1623993986 	 1.3956e-09
40.2248603619 	 1.38513e-09
40.2873213252 	 1.37153e-09
40.3497822885 	 1.37493e-09
40.4122432518 	 1.38258e-09
40.4747042151 	 1.36642e-09
40.5371651784 	 1.35416e-09
40.5996261417 	 1.35337e-09
40.662087105 	 1.36373e-09
40.7245480683 	 1.35646e-09
40.7870090316 	 1.34619e-09
40.8494699949 	 1.33402e-09
40.9119309582 	 1.34225e-09
40.9743919215 	 1.34245e-09
41.0368528848 	 1.32491e-09
41.0993138481 	 1.32604e-09
41.1617748114 	 1.32123e-09
41.2242357747 	 1.30523e-09
41.2866967379 	 1.30681e-09
41.3491577012 	 1.30633e-09
41.4116186645 	 1.30627e-09
41.4740796278 	 1.30013e-09
41.5365405911 	 1.29945e-09
41.5990015544 	 1.29488e-09
41.6614625177 	 1.28821e-09
41.723923481 	 1.27733e-09
41.7863844443 	 1.27073e-09
41.8488454076 	 1.28183e-09
41.9113063709 	 1.27464e-09
41.9737673342 	 1.26832e-09
42.0362282975 	 1.25813e-09
42.0986892608 	 1.25458e-09
42.1611502241 	 1.25031e-09
42.2236111874 	 1.24845e-09
42.2860721507 	 1.24056e-09
42.348533114 	 1.248e-09
42.4109940773 	 1.24389e-09
42.4734550405 	 1.23842e-09
42.5359160038 	 1.22423e-09
42.5983769671 	 1.22075e-09
42.6608379304 	 1.21927e-09
42.7232988937 	 1.21926e-09
42.785759857 	 1.21708e-09
42.8482208203 	 1.21143e-09
42.9106817836 	 1.21521e-09
42.9731427469 	 1.20381e-09
43.0356037102 	 1.19749e-09
43.0980646735 	 1.19484e-09
43.1605256368 	 1.18777e-09
43.2229866001 	 1.18666e-09
43.2854475634 	 1.18933e-09
43.3479085267 	 1.18387e-09
43.41036949 	 1.1765e-09
43.4728304533 	 1.17394e-09
43.5352914166 	 1.16894e-09
43.5977523799 	 1.16603e-09
43.6602133432 	 1.16179e-09
43.7226743064 	 1.15911e-09
43.7851352697 	 1.15535e-09
43.847596233 	 1.15554e-09
43.9100571963 	 1.15411e-09
43.9725181596 	 1.14929e-09
44.0349791229 	 1.14333e-09
44.0974400862 	 1.13577e-09
44.1599010495 	 1.13168e-09
44.2223620128 	 1.13363e-09
44.2848229761 	 1.13179e-09
44.3472839394 	 1.12213e-09
44.4097449027 	 1.12064e-09
44.472205866 	 1.11656e-09
44.5346668293 	 1.11216e-09
44.5971277926 	 1.10433e-09
44.6595887559 	 1.1036e-09
44.7220497192 	 1.10574e-09
44.7845106825 	 1.10285e-09
44.8469716458 	 1.10059e-09
44.9094326091 	 1.09507e-09
44.9718935723 	 1.09008e-09
45.0343545356 	 1.08515e-09
45.0968154989 	 1.08213e-09
45.1592764622 	 1.08213e-09
45.2217374255 	 1.08196e-09
45.2841983888 	 1.07569e-09
45.3466593521 	 1.07045e-09
45.4091203154 	 1.0664e-09
45.4715812787 	 1.06464e-09
45.534042242 	 1.06115e-09
45.5965032053 	 1.05855e-09
45.6589641686 	 1.0577e-09
45.7214251319 	 1.05506e-09
45.7838860952 	 1.0509e-09
45.8463470585 	 1.04717e-09
45.9088080218 	 1.04322e-09
45.9712689851 	 1.03996e-09
46.0337299484 	 1.03418e-09
46.0961909117 	 1.03327e-09
46.1586518749 	 1.03131e-09
46.2211128382 	 1.02915e-09
46.2835738015 	 1.02495e-09
46.3460347648 	 1.02199e-09
46.4084957281 	 1.01849e-09
46.4709566914 	 1.01699e-09
46.5334176547 	 1.01412e-09
46.595878618 	 1.01066e-09
46.6583395813 	 1.00784e-09
46.7208005446 	 1.00347e-09
46.7832615079 	 1.00236e-09
46.8457224712 	 9.98981e-10
46.9081834345 	 9.96143e-10
46.9706443978 	 9.92991e-10
47.0331053611 	 9.89477e-10
47.0955663244 	 9.85318e-10
47.1580272877 	 9.83671e-10
47.220488251 	 9.79765e-10
47.2829492143 	 9.77143e-10
47.3454101776 	 9.74744e-10
47.4078711408 	 9.73814e-10
47.4703321041 	 9.7126e-10
47.5327930674 	 9.65744e-10
47.5952540307 	 9.63141e-10
47.657714994 	 9.61587e-10
47.7201759573 	 9.58538e-10
47.7826369206 	 9.55454e-10
47.8450978839 	 9.53106e-10
47.9075588472 	 9.51795e-10
47.9700198105 	 9.47919e-10
48.0324807738 	 9.45114e-10
48.0949417371 	 9.42373e-10
48.1574027004 	 9.3972e-10
48.2198636637 	 9.37838e-10
48.282324627 	 9.35517e-10
48.3447855903 	 9.31288e-10
48.4072465536 	 9.28001e-10
48.4697075169 	 9.26186e-10
48.5321684802 	 9.24373e-10
48.5946294435 	 9.21487e-10
48.6570904067 	 9.18593e-10
48.71955137 	 9.16837e-10
48.7820123333 	 9.14726e-10
48.8444732966 	 9.11419e-10
48.9069342599 	 9.06739e-10
48.9693952232 	 9.04345e-10
49.0318561865 	 9.02282e-10
49.0943171498 	 9.01481e-10
49.1567781131 	 8.98706e-10
49.2192390764 	 8.96433e-10
49.2817000397 	 8.92859e-10
49.344161003 	 8.90211e-10
49.4066219663 	 8.88251e-10
49.4690829296 	 8.86148e-10
49.5315438929 	 8.83394e-10
49.5940048562 	 8.80958e-10
49.6564658195 	 8.78745e-10
49.7189267828 	 8.76749e-10
49.7813877461 	 8.73707e-10
49.8438487093 	 8.70907e-10
49.9063096726 	 8.68263e-10
49.9687706359 	 8.66355e-10
50.0312315992 	 8.63927e-10
50.0936925625 	 8.61253e-10
50.1561535258 	 8.58447e-10
50.2186144891 	 8.57314e-10
50.2810754524 	 8.54942e-10
50.3435364157 	 8.52283e-10
50.405997379 	 8.49358e-10
50.4684583423 	 8.47862e-10
50.5309193056 	 8.45594e-10
50.5933802689 	 8.42602e-10
50.6558412322 	 8.40512e-10
50.7183021955 	 8.38557e-10
50.7807631588 	 8.36305e-10
50.8432241221 	 8.3372e-10
50.9056850854 	 8.31687e-10
50.9681460487 	 8.28668e-10
51.030607012 	 8.2692e-10
51.0930679752 	 8.24593e-10
51.1555289385 	 8.21814e-10
51.2179899018 	 8.19761e-10
51.2804508651 	 8.17681e-10
51.3429118284 	 8.15613e-10
51.4053727917 	 8.13472e-10
51.467833755 	 8.10923e-10
51.5302947183 	 8.09198e-10
51.5927556816 	 8.07321e-10
51.6552166449 	 8.04834e-10
51.7176776082 	 8.02751e-10
51.7801385715 	 8.00408e-10
51.8425995348 	 7.9801e-10
51.9050604981 	 7.9625e-10
51.9675214614 	 7.94388e-10
52.0299824247 	 7.92236e-10
52.092443388 	 7.89574e-10
52.1549043513 	 7.87756e-10
52.2173653146 	 7.85626e-10
52.2798262779 	 7.83389e-10
52.3422872411 	 7.81285e-10
52.4047482044 	 7.79277e-10
52.4672091677 	 7.7724e-10
52.529670131 	 7.75636e-10
52.5921310943 	 7.72788e-10
52.6545920576 	 7.70833e-10
52.7170530209 	 7.68934e-10
52.7795139842 	 7.67012e-10
52.8419749475 	 7.64813e-10
52.9044359108 	 7.62625e-10
52.9668968741 	 7.60877e-10
53.0293578374 	 7.58807e-10
53.0918188007 	 7.57074e-10
53.154279764 	 7.54824e-10
53.2167407273 	 7.52866e-10
53.2792016906 	 7.50918e-10
53.3416626539 	 7.48808e-10
53.4041236172 	 7.4675e-10
53.4665845805 	 7.44797e-10
53.5290455438 	 7.42971e-10
53.591506507 	 7.41321e-10
53.6539674703 	 7.39034e-10
53.7164284336 	 7.37238e-10
53.7788893969 	 7.3529e-10
53.8413503602 	 7.33268e-10
53.9038113235 	 7.31305e-10
53.9662722868 	 7.29408e-10
54.0287332501 	 7.27711e-10
54.0911942134 	 7.26035e-10
54.1536551767 	 7.2402e-10
54.21611614 	 7.22185e-10
54.2785771033 	 7.20034e-10
54.3410380666 	 7.18251e-10
54.4034990299 	 7.16206e-10
54.4659599932 	 7.14517e-10
54.5284209565 	 7.12563e-10
54.5908819198 	 7.10914e-10
54.6533428831 	 7.09025e-10
54.7158038464 	 7.0708e-10
54.7782648096 	 7.05245e-10
54.8407257729 	 7.03248e-10
54.9031867362 	 7.01636e-10
54.9656476995 	 6.99674e-10
55.0281086628 	 6.98015e-10
55.0905696261 	 6.96182e-10
55.1530305894 	 6.94534e-10
55.2154915527 	 6.92676e-10
55.277952516 	 6.90856e-10
55.3404134793 	 6.88927e-10
55.4028744426 	 6.87532e-10
55.4653354059 	 6.856e-10
55.5277963692 	 6.83886e-10
55.5902573325 	 6.82066e-10
55.6527182958 	 6.80749e-10
55.7151792591 	 6.78802e-10
55.7776402224 	 6.76812e-10
55.8401011857 	 6.75263e-10
55.902562149 	 6.73419e-10
55.9650231123 	 6.71828e-10
56.0274840755 	 6.69992e-10
56.0899450388 	 6.68295e-10
56.1524060021 	 6.6662e-10
56.2148669654 	 6.65195e-10
56.2773279287 	 6.63372e-10
56.339788892 	 6.61454e-10
56.4022498553 	 6.59634e-10
56.4647108186 	 6.58112e-10
56.5271717819 	 6.56502e-10
56.5896327452 	 6.54905e-10
56.6520937085 	 6.53275e-10
56.7145546718 	 6.51576e-10
56.7770156351 	 6.50041e-10
56.8394765984 	 6.48321e-10
56.9019375617 	 6.46558e-10
56.964398525 	 6.45239e-10
57.0268594883 	 6.43462e-10
57.0893204516 	 6.42033e-10
57.1517814149 	 6.40161e-10
57.2142423782 	 6.38714e-10
57.2767033414 	 6.3708e-10
57.3391643047 	 6.35493e-10
57.401625268 	 6.34038e-10
57.4640862313 	 6.32247e-10
57.5265471946 	 6.30808e-10
57.5890081579 	 6.29149e-10
57.6514691212 	 6.27567e-10
57.7139300845 	 6.25836e-10
57.7763910478 	 6.24426e-10
57.8388520111 	 6.22861e-10
57.9013129744 	 6.21275e-10
57.9637739377 	 6.19524e-10
58.026234901 	 6.18421e-10
58.0886958643 	 6.16598e-10
58.1511568276 	 6.15163e-10
58.2136177909 	 6.1358e-10
58.2760787542 	 6.12203e-10
58.3385397175 	 6.10714e-10
58.4010006808 	 6.08958e-10
58.463461644 	 6.0749e-10
58.5259226073 	 6.06214e-10
58.5883835706 	 6.04621e-10
58.6508445339 	 6.03175e-10
58.7133054972 	 6.01641e-10
58.7757664605 	 6.00278e-10
58.8382274238 	 5.98873e-10
58.9006883871 	 5.97409e-10
58.9631493504 	 5.95767e-10
59.0256103137 	 5.94308e-10
59.088071277 	 5.9282e-10
59.1505322403 	 5.91493e-10
59.2129932036 	 5.89827e-10
59.2754541669 	 5.88383e-10
59.3379151302 	 5.86891e-10
59.4003760935 	 5.85482e-10
59.4628370568 	 5.84027e-10
59.5252980201 	 5.82719e-10
59.5877589834 	 5.81316e-10
59.6502199467 	 5.79834e-10
59.7126809099 	 5.78616e-10
59.7751418732 	 5.77118e-10
59.8376028365 	 5.75628e-10
59.9000637998 	 5.74177e-10
59.9625247631 	 5.7295e-10
60.0249857264 	 5.71527e-10
60.0874466897 	 5.70185e-10
60.149907653 	 5.68935e-10
60.2123686163 	 5.67393e-10
60.2748295796 	 5.65908e-10
60.3372905429 	 5.64608e-10
60.3997515062 	 5.63168e-10
60.4622124695 	 5.61844e-10
60.5246734328 	 5.60595e-10
60.5871343961 	 5.59148e-10
60.6495953594 	 5.57748e-10
60.7120563227 	 5.56563e-10
60.774517286 	 5.55094e-10
60.8369782493 	 5.53641e-10
60.8994392126 	 5.52281e-10
60.9619001758 	 5.51153e-10
61.0243611391 	 5.49655e-10
61.0868221024 	 5.48523e-10
61.1492830657 	 5.47243e-10
61.211744029 	 5.45933e-10
61.2742049923 	 5.44574e-10
61.3366659556 	 5.43302e-10
61.3991269189 	 5.41871e-10
61.4615878822 	 5.40741e-10
61.5240488455 	 5.39458e-10
61.5865098088 	 5.38038e-10
61.6489707721 	 5.36767e-10
61.7114317354 	 5.35785e-10
61.7738926987 	 5.34279e-10
61.836353662 	 5.32886e-10
61.8988146253 	 5.31553e-10
61.9612755886 	 5.30403e-10
62.0237365519 	 5.29055e-10
62.0861975152 	 5.27659e-10
62.1486584784 	 5.26656e-10
62.2111194417 	 5.25404e-10
62.273580405 	 5.2404e-10
62.3360413683 	 5.22793e-10
62.3985023316 	 5.21595e-10
62.4609632949 	 5.20499e-10
62.5234242582 	 5.19095e-10
62.5858852215 	 5.17987e-10
62.6483461848 	 5.16882e-10
62.7108071481 	 5.15675e-10
62.7732681114 	 5.14282e-10
62.8357290747 	 5.13089e-10
62.898190038 	 5.11785e-10
62.9606510013 	 5.10552e-10
63.0231119646 	 5.09588e-10
63.0855729279 	 5.08396e-10
63.1480338912 	 5.07136e-10
63.2104948545 	 5.05771e-10
63.2729558178 	 5.04646e-10
63.3354167811 	 5.03418e-10
63.3978777443 	 5.02228e-10
63.4603387076 	 5.00984e-10
63.5227996709 	 4.99887e-10
63.5852606342 	 4.98766e-10
63.6477215975 	 4.97604e-10
63.7101825608 	 4.96324e-10
63.7726435241 	 4.95326e-10
63.8351044874 	 4.94181e-10
63.8975654507 	 4.92905e-10
63.960026414 	 4.91982e-10
64.0224873773 	 4.90736e-10
64.0849483406 	 4.89629e-10
64.1474093039 	 4.88377e-10
64.2098702672 	 4.87198e-10
64.2723312305 	 4.86113e-10
64.3347921938 	 4.84991e-10
64.3972531571 	 4.83985e-10
64.4597141204 	 4.82716e-10
64.5221750837 	 4.81562e-10
64.584636047 	 4.80514e-10
64.6470970102 	 4.79479e-10
64.7095579735 	 4.78127e-10
64.7720189368 	 4.76883e-10
64.8344799001 	 4.7597e-10
64.8969408634 	 4.74826e-10
64.9594018267 	 4.73859e-10
65.02186279 	 4.72757e-10
65.0843237533 	 4.71942e-10
65.1467847166 	 4.70514e-10
65.2092456799 	 4.69517e-10
65.2717066432 	 4.68354e-10
65.3341676065 	 4.67333e-10
65.3966285698 	 4.66253e-10
65.4590895331 	 4.65029e-10
65.5215504964 	 4.64154e-10
65.5840114597 	 4.63039e-10
65.646472423 	 4.62096e-10
65.7089333863 	 4.60848e-10
65.7713943496 	 4.59844e-10
65.8338553129 	 4.58662e-10
65.8963162761 	 4.5771e-10
65.9587772394 	 4.56867e-10
66.0212382027 	 4.55694e-10
66.083699166 	 4.545e-10
66.1461601293 	 4.53537e-10
66.2086210926 	 4.52423e-10
66.2710820559 	 4.51332e-10
66.3335430192 	 4.50553e-10
66.3960039825 	 4.49288e-10
66.4584649458 	 4.48546e-10
66.5209259091 	 4.47267e-10
66.5833868724 	 4.46401e-10
66.6458478357 	 4.45301e-10
66.708308799 	 4.44374e-10
66.7707697623 	 4.43247e-10
66.8332307256 	 4.42111e-10
66.8956916889 	 4.4141e-10
66.9581526522 	 4.40352e-10
67.0206136155 	 4.39274e-10
67.0830745787 	 4.38342e-10
67.145535542 	 4.37309e-10
67.2079965053 	 4.36406e-10
67.2704574686 	 4.35325e-10
67.3329184319 	 4.34244e-10
67.3953793952 	 4.3322e-10
67.4578403585 	 4.32432e-10
67.5203013218 	 4.31262e-10
67.5827622851 	 4.30427e-10
67.6452232484 	 4.29352e-10
67.7076842117 	 4.28505e-10
67.770145175 	 4.27464e-10
67.8326061383 	 4.26462e-10
67.8950671016 	 4.25463e-10
67.9575280649 	 4.24748e-10
68.0199890282 	 4.23744e-10
68.0824499915 	 4.22582e-10
68.1449109548 	 4.21684e-10
68.2073719181 	 4.20751e-10
68.2698328814 	 4.19956e-10
68.3322938446 	 4.18922e-10
68.3947548079 	 4.17937e-10
68.4572157712 	 4.16897e-10
68.5196767345 	 4.16147e-10
68.5821376978 	 4.15157e-10
68.6445986611 	 4.14296e-10
68.7070596244 	 4.13257e-10
68.7695205877 	 4.12478e-10
68.831981551 	 4.11562e-10
68.8944425143 	 4.10656e-10
68.9569034776 	 4.09665e-10
69.0193644409 	 4.08716e-10
69.0818254042 	 4.07685e-10
69.1442863675 	 4.06823e-10
69.2067473308 	 4.05795e-10
69.2692082941 	 4.05273e-10
69.3316692574 	 4.04069e-10
69.3941302207 	 4.03072e-10
69.456591184 	 4.02292e-10
69.5190521473 	 4.01545e-10
69.5815131105 	 4.00674e-10
69.6439740738 	 3.99696e-10
69.7064350371 	 3.98675e-10
69.7688960004 	 3.9779e-10
69.8313569637 	 3.97019e-10
69.893817927 	 3.96181e-10
69.9562788903 	 3.95145e-10
70.0187398536 	 3.94494e-10
70.0812008169 	 3.93754e-10
70.1436617802 	 3.92805e-10
70.2061227435 	 3.91837e-10
70.2685837068 	 3.90813e-10
70.3310446701 	 3.90121e-10
70.3935056334 	 3.8918e-10
70.4559665967 	 3.88443e-10
70.51842756 	 3.87395e-10
70.5808885233 	 3.86758e-10
70.6433494866 	 3.85854e-10
70.7058104499 	 3.85045e-10
70.7682714131 	 3.84025e-10
70.8307323764 	 3.83199e-10
70.8931933397 	 3.82291e-10
70.955654303 	 3.81578e-10
71.0181152663 	 3.80742e-10
71.0805762296 	 3.79913e-10
71.1430371929 	 3.79052e-10
71.2054981562 	 3.78124e-10
71.2679591195 	 3.77365e-10
71.3304200828 	 3.76572e-10
71.3928810461 	 3.75655e-10
71.4553420094 	 3.75062e-10
71.5178029727 	 3.74181e-10
71.580263936 	 3.734e-10
71.6427248993 	 3.72381e-10
71.7051858626 	 3.71883e-10
71.7676468259 	 3.7084e-10
71.8301077892 	 3.69947e-10
71.8925687525 	 3.69085e-10
71.9550297158 	 3.68472e-10
72.017490679 	 3.67715e-10
72.0799516423 	 3.66967e-10
72.1424126056 	 3.66177e-10
72.2048735689 	 3.65524e-10
72.2673345322 	 3.64454e-10
72.3297954955 	 3.63507e-10
72.3922564588 	 3.6273e-10
72.4547174221 	 3.61966e-10
72.5171783854 	 3.61276e-10
72.5796393487 	 3.60519e-10
72.642100312 	 3.59894e-10
72.7045612753 	 3.58833e-10
72.7670222386 	 3.58253e-10
72.8294832019 	 3.57595e-10
72.8919441652 	 3.5667e-10
72.9544051285 	 3.55842e-10
73.0168660918 	 3.55307e-10
73.0793270551 	 3.54531e-10
73.1417880184 	 3.53496e-10
73.2042489817 	 3.5271e-10
73.2667099449 	 3.52127e-10
73.3291709082 	 3.51323e-10
73.3916318715 	 3.50475e-10
73.4540928348 	 3.49737e-10
73.5165537981 	 3.49258e-10
73.5790147614 	 3.48469e-10
73.6414757247 	 3.47677e-10
73.703936688 	 3.46832e-10
73.7663976513 	 3.46081e-10
73.8288586146 	 3.45197e-10
73.8913195779 	 3.44359e-10
73.9537805412 	 3.43855e-10
74.0162415045 	 3.43143e-10
74.0787024678 	 3.42447e-10
74.1411634311 	 3.41905e-10
74.2036243944 	 3.40982e-10
74.2660853577 	 3.40012e-10
74.328546321 	 3.39552e-10
74.3910072843 	 3.38832e-10
74.4534682476 	 3.38248e-10
74.5159292108 	 3.37247e-10
74.5783901741 	 3.36998e-10
74.6408511374 	 3.35978e-10
74.7033121007 	 3.35026e-10
74.765773064 	 3.34346e-10
74.8282340273 	 3.33863e-10
74.8906949906 	 3.33209e-10
74.9531559539 	 3.32411e-10
75.0156169172 	 3.31801e-10
75.0780778805 	 3.3109e-10
75.1405388438 	 3.30152e-10
75.2029998071 	 3.29682e-10
75.2654607704 	 3.28766e-10
75.3279217337 	 3.28143e-10
75.390382697 	 3.27411e-10
75.4528436603 	 3.26919e-10
75.5153046236 	 3.26298e-10
75.5777655869 	 3.25435e-10
75.6402265502 	 3.2474e-10
75.7026875134 	 3.24155e-10
75.7651484767 	 3.23395e-10
75.82760944 	 3.22737e-10
75.8900704033 	 3.22005e-10
75.9525313666 	 3.2162e-10
76.0149923299 	 3.20858e-10
76.0774532932 	 3.20191e-10
76.1399142565 	 3.19565e-10
76.2023752198 	 3.18686e-10
76.2648361831 	 3.17827e-10
76.3272971464 	 3.17293e-10
76.3897581097 	 3.16631e-10
76.452219073 	 3.16139e-10
76.5146800363 	 3.15553e-10
76.5771409996 	 3.14936e-10
76.6396019629 	 3.14289e-10
76.7020629262 	 3.13319e-10
76.7645238895 	 3.13039e-10
76.8269848528 	 3.12189e-10
76.8894458161 	 3.11553e-10
76.9519067793 	 3.10824e-10
77.0143677426 	 3.10471e-10
77.0768287059 	 3.09724e-10
77.1392896692 	 3.089e-10
77.2017506325 	 3.08276e-10
77.2642115958 	 3.07873e-10
77.3266725591 	 3.06939e-10
77.3891335224 	 3.06474e-10
77.4515944857 	 3.05733e-10
77.514055449 	 3.05122e-10
77.5765164123 	 3.04542e-10
77.6389773756 	 3.04081e-10
77.7014383389 	 3.03264e-10
77.7638993022 	 3.02599e-10
77.8263602655 	 3.02094e-10
77.8888212288 	 3.0171e-10
77.9512821921 	 3.00836e-10
78.0137431554 	 3.0028e-10
78.0762041187 	 2.99797e-10
78.138665082 	 2.99222e-10
78.2011260452 	 2.98385e-10
78.2635870085 	 2.97668e-10
78.3260479718 	 2.97606e-10
78.3885089351 	 2.96719e-10
78.4509698984 	 2.96007e-10
78.5134308617 	 2.95555e-10
78.575891825 	 2.94922e-10
78.6383527883 	 2.94188e-10
78.7008137516 	 2.9345e-10
78.7632747149 	 2.9296e-10
78.8257356782 	 2.92507e-10
78.8881966415 	 2.91835e-10
78.9506576048 	 2.91242e-10
79.0131185681 	 2.90739e-10
79.0755795314 	 2.90186e-10
79.1380404947 	 2.89547e-10
79.200501458 	 2.89077e-10
79.2629624213 	 2.88625e-10
79.3254233846 	 2.87804e-10
79.3878843478 	 2.87197e-10
79.4503453111 	 2.86802e-10
79.5128062744 	 2.86189e-10
79.5752672377 	 2.85636e-10
79.637728201 	 2.84886e-10
79.7001891643 	 2.84483e-10
79.7626501276 	 2.8383e-10
79.8251110909 	 2.83364e-10
79.8875720542 	 2.82982e-10
79.9500330175 	 2.82306e-10
80.0124939808 	 2.81473e-10
80.0749549441 	 2.80916e-10
80.1374159074 	 2.80347e-10
80.1998768707 	 2.79886e-10
80.262337834 	 2.79279e-10
80.3247987973 	 2.79014e-10
80.3872597606 	 2.78093e-10
80.4497207239 	 2.7777e-10
80.5121816872 	 2.77381e-10
80.5746426505 	 2.76943e-10
80.6371036137 	 2.75988e-10
80.699564577 	 2.75748e-10
80.7620255403 	 2.75322e-10
80.8244865036 	 2.74722e-10
80.8869474669 	 2.73918e-10
80.9494084302 	 2.73523e-10
81.0118693935 	 2.72979e-10
81.0743303568 	 2.72535e-10
81.1367913201 	 2.7202e-10
81.1992522834 	 2.7157e-10
81.2617132467 	 2.70876e-10
81.32417421 	 2.70082e-10
81.3866351733 	 2.6987e-10
81.4490961366 	 2.69413e-10
81.5115570999 	 2.687e-10
81.5740180632 	 2.68079e-10
81.6364790265 	 2.67687e-10
81.6989399898 	 2.67106e-10
81.7614009531 	 2.66715e-10
81.8238619164 	 2.66406e-10
81.8863228796 	 2.65898e-10
81.9487838429 	 2.65145e-10
82.0112448062 	 2.64957e-10
82.0737057695 	 2.64277e-10
82.1361667328 	 2.63832e-10
82.1986276961 	 2.63039e-10
82.2610886594 	 2.63085e-10
82.3235496227 	 2.62127e-10
82.386010586 	 2.61927e-10
82.4484715493 	 2.61308e-10
82.5109325126 	 2.60839e-10
82.5733934759 	 2.6023e-10
82.6358544392 	 2.59807e-10
82.6983154025 	 2.59576e-10
82.7607763658 	 2.58768e-10
82.8232373291 	 2.58254e-10
82.8856982924 	 2.57708e-10
82.9481592557 	 2.5765e-10
83.010620219 	 2.56881e-10
83.0730811822 	 2.56212e-10
83.1355421455 	 2.55855e-10
83.1980031088 	 2.55626e-10
83.2604640721 	 2.55155e-10
83.3229250354 	 2.54621e-10
83.3853859987 	 2.5409e-10
83.447846962 	 2.53697e-10
83.5103079253 	 2.5316e-10
83.5727688886 	 2.52853e-10
83.6352298519 	 2.52313e-10
83.6976908152 	 2.51751e-10
83.7601517785 	 2.5129e-10
83.8226127418 	 2.51142e-10
83.8850737051 	 2.50709e-10
83.9475346684 	 2.49945e-10
84.0099956317 	 2.49348e-10
84.072456595 	 2.49258e-10
84.1349175583 	 2.48513e-10
84.1973785216 	 2.4823e-10
84.2598394849 	 2.47821e-10
84.3223004481 	 2.47581e-10
84.3847614114 	 2.46667e-10
84.4472223747 	 2.46328e-10
84.509683338 	 2.45983e-10
84.5721443013 	 2.45481e-10
84.6346052646 	 2.45207e-10
84.6970662279 	 2.4456e-10
84.7595271912 	 2.44465e-10
84.8219881545 	 2.4401e-10
84.8844491178 	 2.43532e-10
84.9469100811 	 2.43084e-10
85.0093710444 	 2.42471e-10
85.0718320077 	 2.42261e-10
85.134292971 	 2.4181e-10
85.1967539343 	 2.41378e-10
85.2592148976 	 2.40807e-10
85.3216758609 	 2.40507e-10
85.3841368242 	 2.4035e-10
85.4465977875 	 2.39711e-10
85.5090587508 	 2.39041e-10
85.571519714 	 2.38889e-10
85.6339806773 	 2.38221e-10
85.6964416406 	 2.38059e-10
85.7589026039 	 2.37578e-10
85.8213635672 	 2.37305e-10
85.8838245305 	 2.36923e-10
85.9462854938 	 2.36315e-10
86.0087464571 	 2.35999e-10
86.0712074204 	 2.35564e-10
86.1336683837 	 2.35373e-10
86.196129347 	 2.34691e-10
86.2585903103 	 2.34725e-10
86.3210512736 	 2.34213e-10
86.3835122369 	 2.33816e-10
86.4459732002 	 2.33386e-10
86.5084341635 	 2.32864e-10
86.5708951268 	 2.32411e-10
86.6333560901 	 2.32137e-10
86.6958170534 	 2.31834e-10
86.7582780167 	 2.31547e-10
86.8207389799 	 2.30995e-10
86.8831999432 	 2.3073e-10
86.9456609065 	 2.30344e-10
87.0081218698 	 2.29976e-10
87.0705828331 	 2.293e-10
87.1330437964 	 2.28953e-10
87.1955047597 	 2.28831e-10
87.257965723 	 2.28638e-10
87.3204266863 	 2.28115e-10
87.3828876496 	 2.27675e-10
87.4453486129 	 2.27202e-10
87.5078095762 	 2.27046e-10
87.5702705395 	 2.26717e-10
87.6327315028 	 2.26319e-10
87.6951924661 	 2.25971e-10
87.7576534294 	 2.25802e-10
87.8201143927 	 2.25311e-10
87.882575356 	 2.24707e-10
87.9450363193 	 2.24736e-10
88.0074972825 	 2.24038e-10
88.0699582458 	 2.23885e-10
88.1324192091 	 2.23326e-10
88.1948801724 	 2.23172e-10
88.2573411357 	 2.23069e-10
88.319802099 	 2.22625e-10
88.3822630623 	 2.22065e-10
88.4447240256 	 2.21623e-10
88.5071849889 	 2.21587e-10
88.5696459522 	 2.21171e-10
88.6321069155 	 2.20794e-10
88.6945678788 	 2.20579e-10
88.7570288421 	 2.20161e-10
88.8194898054 	 2.20038e-10
88.8819507687 	 2.19832e-10
88.944411732 	 2.19171e-10
89.0068726953 	 2.18793e-10
89.0693336586 	 2.187e-10
89.1317946219 	 2.18479e-10
89.1942555852 	 2.18003e-10
89.2567165484 	 2.17662e-10
89.3191775117 	 2.17485e-10
89.381638475 	 2.17021e-10
89.4440994383 	 2.16523e-10
89.5065604016 	 2.16247e-10
89.5690213649 	 2.15968e-10
89.6314823282 	 2.15745e-10
89.6939432915 	 2.15471e-10
89.7564042548 	 2.15564e-10
89.8188652181 	 2.14864e-10
89.8813261814 	 2.14631e-10
89.9437871447 	 2.14347e-10
90.006248108 	 2.14089e-10
90.0687090713 	 2.13649e-10
90.1311700346 	 2.13501e-10
90.1936309979 	 2.13261e-10
90.2560919612 	 2.13006e-10
90.3185529245 	 2.12699e-10
90.3810138878 	 2.12416e-10
90.4434748511 	 2.12185e-10
90.5059358143 	 2.11779e-10
90.5683967776 	 2.11452e-10
90.6308577409 	 2.11309e-10
90.6933187042 	 2.11145e-10
90.7557796675 	 2.10743e-10
90.8182406308 	 2.10292e-10
90.8807015941 	 2.10179e-10
90.9431625574 	 2.09775e-10
91.0056235207 	 2.09576e-10
91.068084484 	 2.0937e-10
91.1305454473 	 2.09109e-10
91.1930064106 	 2.08987e-10
91.2554673739 	 2.08735e-10
91.3179283372 	 2.08274e-10
91.3803893005 	 2.07964e-10
91.4428502638 	 2.07792e-10
91.5053112271 	 2.07641e-10
91.5677721904 	 2.07363e-10
91.6302331537 	 2.07112e-10
91.6926941169 	 2.06875e-10
91.7551550802 	 2.06506e-10
91.8176160435 	 2.06503e-10
91.8800770068 	 2.05915e-10
91.9425379701 	 2.05817e-10
92.0049989334 	 2.05798e-10
92.0674598967 	 2.05608e-10
92.12992086 	 2.05155e-10
92.1923818233 	 2.04773e-10
92.2548427866 	 2.04902e-10
92.3173037499 	 2.04526e-10
92.3797647132 	 2.04173e-10
92.4422256765 	 2.04091e-10
92.5046866398 	 2.03664e-10
92.5671476031 	 2.03735e-10
92.6296085664 	 2.03429e-10
92.6920695297 	 2.03333e-10
92.754530493 	 2.02874e-10
92.8169914563 	 2.02703e-10
92.8794524196 	 2.02616e-10
92.9419133828 	 2.02178e-10
93.0043743461 	 2.02107e-10
93.0668353094 	 2.02013e-10
93.1292962727 	 2.01712e-10
93.191757236 	 2.01476e-10
93.2542181993 	 2.01227e-10
93.3166791626 	 2.01165e-10
93.3791401259 	 2.00959e-10
93.4416010892 	 2.00602e-10
93.5040620525 	 2.00483e-10
93.5665230158 	 2.00134e-10
93.6289839791 	 2.00245e-10
93.6914449424 	 1.99994e-10
93.7539059057 	 1.99769e-10
93.816366869 	 1.99637e-10
93.8788278323 	 1.99422e-10
93.9412887956 	 1.99317e-10
94.0037497589 	 1.98848e-10
94.0662107222 	 1.9892e-10
94.1286716855 	 1.98708e-10
94.1911326487 	 1.98515e-10
94.253593612 	 1.98361e-10
94.3160545753 	 1.98077e-10
94.3785155386 	 1.97902e-10
94.4409765019 	 1.9763e-10
94.5034374652 	 1.97768e-10
94.5658984285 	 1.9743e-10
94.6283593918 	 1.97217e-10
94.6908203551 	 1.97204e-10
94.7532813184 	 1.97127e-10
94.8157422817 	 1.96795e-10
94.878203245 	 1.96664e-10
94.9406642083 	 1.96575e-10
95.0031251716 	 1.96505e-10
95.0655861349 	 1.96167e-10
95.1280470982 	 1.96215e-10
95.1905080615 	 1.95996e-10
95.2529690248 	 1.95762e-10
95.3154299881 	 1.95651e-10
95.3778909513 	 1.95692e-10
95.4403519146 	 1.95458e-10
95.5028128779 	 1.95235e-10
95.5652738412 	 1.95103e-10
95.6277348045 	 1.94997e-10
95.6901957678 	 1.94681e-10
95.7526567311 	 1.94857e-10
95.8151176944 	 1.9461e-10
95.8775786577 	 1.94392e-10
95.940039621 	 1.94234e-10
96.0025005843 	 1.94281e-10
96.0649615476 	 1.94181e-10
96.1274225109 	 1.93932e-10
96.1898834742 	 1.93754e-10
96.2523444375 	 1.93681e-10
96.3148054008 	 1.93646e-10
96.3772663641 	 1.93657e-10
96.4397273274 	 1.93437e-10
96.5021882907 	 1.93129e-10
96.564649254 	 1.93318e-10
96.6271102172 	 1.93018e-10
96.6895711805 	 1.93111e-10
96.7520321438 	 1.93054e-10
96.8144931071 	 1.92939e-10
96.8769540704 	 1.92631e-10
96.9394150337 	 1.92461e-10
97.001875997 	 1.92538e-10
97.0643369603 	 1.92537e-10
97.1267979236 	 1.92373e-10
97.1892588869 	 1.9234e-10
97.2517198502 	 1.91979e-10
97.3141808135 	 1.92139e-10
97.3766417768 	 1.91838e-10
97.4391027401 	 1.91853e-10
97.5015637034 	 1.91813e-10
97.5640246667 	 1.91782e-10
97.62648563 	 1.9182e-10
97.6889465933 	 1.91743e-10
97.7514075566 	 1.91557e-10
97.8138685199 	 1.91373e-10
97.8763294831 	 1.91419e-10
97.9387904464 	 1.91536e-10
98.0012514097 	 1.91297e-10
98.063712373 	 1.91293e-10
98.1261733363 	 1.9116e-10
98.1886342996 	 1.91002e-10
98.2510952629 	 1.9108e-10
98.3135562262 	 1.90881e-10
98.3760171895 	 1.91149e-10
98.4384781528 	 1.91005e-10
98.5009391161 	 1.90736e-10
98.5634000794 	 1.90855e-10
98.6258610427 	 1.90676e-10
98.688322006 	 1.90877e-10
98.7507829693 	 1.90614e-10
98.8132439326 	 1.90565e-10
98.8757048959 	 1.90574e-10
98.9381658592 	 1.9047e-10
99.0006268225 	 1.90535e-10
99.0630877858 	 1.9053e-10
99.125548749 	 1.90642e-10
99.1880097123 	 1.90557e-10
99.2504706756 	 1.90531e-10
99.3129316389 	 1.90524e-10
99.3753926022 	 1.9039e-10
99.4378535655 	 1.90378e-10
99.5003145288 	 1.90443e-10
99.5627754921 	 1.90309e-10
99.6252364554 	 1.90196e-10
99.6876974187 	 1.90351e-10
99.750158382 	 1.90425e-10
99.8126193453 	 1.90231e-10
99.8750803086 	 1.90129e-10
99.9375412719 	 1.90379e-10
100.000002235 	 1.90128e-10
