0.0 	 4.88797e-06
0.0166168165894 	 3.53011e-05
0.0332336331789 	 0.000277768
0.0498504497683 	 0.000246949
0.0664672663577 	 0.00044194
0.0830840829471 	 0.000845665
0.0997008995366 	 0.000738421
0.116317716126 	 0.00378715
0.132934532715 	 0.000719295
0.149551349305 	 0.00340202
0.166168165894 	 0.00145815
0.182784982484 	 0.00309496
0.199401799073 	 0.00188421
0.216018615663 	 0.00147272
0.232635432252 	 0.00106092
0.249252248841 	 0.00226273
0.265869065431 	 0.00213189
0.28248588202 	 0.0010144
0.29910269861 	 0.00315373
0.315719515199 	 0.00572653
0.332336331789 	 0.00626003
0.348953148378 	 0.00392497
0.365569964967 	 0.00247111
0.382186781557 	 0.00421913
0.398803598146 	 0.00367057
0.415420414736 	 0.00166708
0.432037231325 	 0.00663785
0.448654047915 	 0.00646293
0.465270864504 	 0.00461974
0.481887681093 	 0.00628597
0.498504497683 	 0.00704768
0.515121314272 	 0.00575146
0.531738130862 	 0.00801248
0.548354947451 	 0.0105855
0.564971764041 	 0.0100159
0.58158858063 	 0.0106151
0.598205397219 	 0.00875056
0.614822213809 	 0.0107211
0.631439030398 	 0.012899
0.648055846988 	 0.0120794
0.664672663577 	 0.0113217
0.681289480167 	 0.00853501
0.697906296756 	 0.00825217
0.714523113345 	 0.0105384
0.731139929935 	 0.011554
0.747756746524 	 0.00948462
0.764373563114 	 0.00602275
0.780990379703 	 0.00813587
0.797607196293 	 0.0116504
0.814224012882 	 0.0117272
0.830840829471 	 0.0143135
0.847457646061 	 0.0173494
0.86407446265 	 0.0200025
0.88069127924 	 0.0182554
0.897308095829 	 0.0161399
0.913924912419 	 0.0131134
0.930541729008 	 0.010796
0.947158545597 	 0.00648154
0.963775362187 	 0.00719474
0.980392178776 	 0.0115177
0.997008995366 	 0.0103542
1.01362581196 	 0.00814545
1.03024262854 	 0.00496029
1.04685944513 	 0.00527503
1.06347626172 	 0.00937353
1.08009307831 	 0.0120275
1.0967098949 	 0.0146531
1.11332671149 	 0.0127686
1.12994352808 	 0.00984498
1.14656034467 	 0.0107657
1.16317716126 	 0.00984038
1.17979397785 	 0.0100435
1.19641079444 	 0.0103722
1.21302761103 	 0.00678828
1.22964442762 	 0.0104411
1.24626124421 	 0.0117316
1.2628780608 	 0.013068
1.27949487739 	 0.0169333
1.29611169398 	 0.0142481
1.31272851056 	 0.0182149
1.32934532715 	 0.0160641
1.34596214374 	 0.0200701
1.36257896033 	 0.0262779
1.37919577692 	 0.0290782
1.39581259351 	 0.0250527
1.4124294101 	 0.024242
1.42904622669 	 0.0250274
1.44566304328 	 0.027254
1.46227985987 	 0.0296681
1.47889667646 	 0.028473
1.49551349305 	 0.0253012
1.51213030964 	 0.0219305
1.52874712623 	 0.0252072
1.54536394282 	 0.0267297
1.56198075941 	 0.0211815
1.578597576 	 0.0130107
1.59521439259 	 0.00623413
1.61183120917 	 0.00515613
1.62844802576 	 0.0063067
1.64506484235 	 0.00790388
1.66168165894 	 0.00652494
1.67829847553 	 0.00807196
1.69491529212 	 0.00928619
1.71153210871 	 0.00397291
1.7281489253 	 0.0102268
1.74476574189 	 0.00673669
1.76138255848 	 0.00641154
1.77799937507 	 0.00844772
1.79461619166 	 0.00780691
1.81123300825 	 0.00472149
1.82784982484 	 0.00674359
1.84446664143 	 0.00359679
1.86108345802 	 0.00330411
1.87770027461 	 0.00410815
1.89431709119 	 0.00412716
1.91093390778 	 0.00650796
1.92755072437 	 0.00167841
1.94416754096 	 0.00214709
1.96078435755 	 0.00636863
1.97740117414 	 0.00506959
1.99401799073 	 0.00377509
2.01063480732 	 0.00429029
2.02725162391 	 0.00237512
2.0438684405 	 0.00498985
2.06048525709 	 0.00283047
2.07710207368 	 0.00220428
2.09371889027 	 0.00187733
2.11033570686 	 0.00240934
2.12695252345 	 0.0018701
2.14356934004 	 0.00240764
2.16018615663 	 0.00358795
2.17680297321 	 0.00237902
2.1934197898 	 0.00273044
2.21003660639 	 0.00516615
2.22665342298 	 0.0050928
2.24327023957 	 0.00415641
2.25988705616 	 0.00207865
2.27650387275 	 0.0032814
2.29312068934 	 0.00345662
2.30973750593 	 0.00417308
2.32635432252 	 0.00867801
2.34297113911 	 0.00170752
2.3595879557 	 0.00147017
2.37620477229 	 0.00696901
2.39282158888 	 0.0124905
2.40943840547 	 0.00749284
2.42605522206 	 0.0101334
2.44267203865 	 0.0116873
2.45928885524 	 0.0130624
2.47590567182 	 0.00900652
2.49252248841 	 0.00333924
2.509139305 	 0.00169378
2.52575612159 	 0.00288883
2.54237293818 	 0.00518475
2.55898975477 	 0.00461225
2.57560657136 	 0.00779648
2.59222338795 	 0.00541317
2.60884020454 	 0.00662349
2.62545702113 	 0.00869659
2.64207383772 	 0.00678077
2.65869065431 	 0.00283836
2.6753074709 	 0.00436396
2.69192428749 	 0.00549873
2.70854110408 	 0.00209498
2.72515792067 	 0.00401522
2.74177473726 	 0.0043061
2.75839155384 	 0.00500645
2.77500837043 	 0.00735795
2.79162518702 	 0.00516612
2.80824200361 	 0.0142536
2.8248588202 	 0.00541636
2.84147563679 	 0.0111634
2.85809245338 	 0.0182629
2.87470926997 	 0.0177154
2.89132608656 	 0.0196998
2.90794290315 	 0.0104413
2.92455971974 	 0.0141609
2.94117653633 	 0.0220297
2.95779335292 	 0.0180593
2.97441016951 	 0.0223669
2.9910269861 	 0.0179332
3.00764380269 	 0.0262412
3.02426061928 	 0.0128531
3.04087743587 	 0.013188
3.05749425245 	 0.0104935
3.07411106904 	 0.0109236
3.09072788563 	 0.00247483
3.10734470222 	 0.00910637
3.12396151881 	 0.0194297
3.1405783354 	 0.00268193
3.15719515199 	 0.00637658
3.17381196858 	 0.00659302
3.19042878517 	 0.0123893
3.20704560176 	 0.00690266
3.22366241835 	 0.00347976
3.24027923494 	 0.00798856
3.25689605153 	 0.00254012
3.27351286812 	 0.0248934
3.29012968471 	 0.0343798
3.3067465013 	 0.0195685
3.32336331789 	 0.0314334
3.33998013447 	 0.0324328
3.35659695106 	 0.00280756
3.37321376765 	 0.021457
3.38983058424 	 0.032162
3.40644740083 	 0.0446503
3.42306421742 	 0.0344317
3.43968103401 	 0.023167
3.4562978506 	 0.0219438
3.47291466719 	 0.0196914
3.48953148378 	 0.0163996
3.50614830037 	 0.00776338
3.52276511696 	 0.0119263
3.53938193355 	 0.0194575
3.55599875014 	 0.0477892
3.57261556673 	 0.0215685
3.58923238332 	 0.0176002
3.60584919991 	 0.0254122
3.6224660165 	 0.0220717
3.63908283308 	 0.0436813
3.65569964967 	 0.0559192
3.67231646626 	 0.0463863
3.68893328285 	 0.0394056
3.70555009944 	 0.0436999
3.72216691603 	 0.0495815
3.73878373262 	 0.0337699
3.75540054921 	 0.0120621
3.7720173658 	 0.00563459
3.78863418239 	 0.0278343
3.80525099898 	 0.0384836
3.82186781557 	 0.0209294
3.83848463216 	 0.00346092
3.85510144875 	 0.00534332
3.87171826534 	 0.0149873
3.88833508193 	 0.0113486
3.90495189852 	 0.0183604
3.9215687151 	 0.00349527
3.93818553169 	 0.0139323
3.95480234828 	 0.011553
3.97141916487 	 0.0159927
3.98803598146 	 0.019541
4.00465279805 	 0.00553614
4.02126961464 	 0.00825677
4.03788643123 	 0.0156851
4.05450324782 	 0.0198498
4.07112006441 	 0.00856775
4.087736881 	 0.00322473
4.10435369759 	 0.0132356
4.12097051418 	 0.0168992
4.13758733077 	 0.0139159
4.15420414736 	 0.00740957
4.17082096395 	 0.0027415
4.18743778054 	 0.00775497
4.20405459713 	 0.00829436
4.22067141371 	 0.0125206
4.2372882303 	 0.00749474
4.25390504689 	 0.0150116
4.27052186348 	 0.0103188
4.28713868007 	 0.00221018
4.30375549666 	 0.0047527
4.32037231325 	 0.00351893
4.33698912984 	 0.0070598
4.35360594643 	 0.00756073
4.37022276302 	 0.0115087
4.38683957961 	 0.0048595
4.4034563962 	 0.00227861
4.42007321279 	 0.00291626
4.43669002938 	 0.000239806
4.45330684597 	 0.00810622
4.46992366256 	 0.00735904
4.48654047915 	 0.0097542
4.50315729573 	 0.0177434
4.51977411232 	 0.0216496
4.53639092891 	 0.0194722
4.5530077455 	 0.0132957
4.56962456209 	 0.0197387
4.58624137868 	 0.0243417
4.60285819527 	 0.01845
4.61947501186 	 0.0151037
4.63609182845 	 0.00793629
4.65270864504 	 0.00970089
4.66932546163 	 0.0122553
4.68594227822 	 0.0245411
4.70255909481 	 0.0240508
4.7191759114 	 0.0218144
4.73579272799 	 0.0213168
4.75240954458 	 0.0237194
4.76902636117 	 0.0244988
4.78564317776 	 0.0245773
4.80225999434 	 0.0251767
4.81887681093 	 0.0227309
4.83549362752 	 0.0253498
4.85211044411 	 0.0209503
4.8687272607 	 0.0131354
4.88534407729 	 0.00390345
4.90196089388 	 0.00542129
4.91857771047 	 0.0122574
4.93519452706 	 0.0141072
4.95181134365 	 0.0152762
4.96842816024 	 0.0181071
4.98504497683 	 0.0212088
5.00166179342 	 0.0155138
5.01827861001 	 0.00808389
5.0348954266 	 0.00552288
5.05151224319 	 0.0100459
5.06812905978 	 0.018571
5.08474587636 	 0.0187696
5.10136269295 	 0.0130215
5.11797950954 	 0.00880816
5.13459632613 	 0.0101603
5.15121314272 	 0.0124142
5.16782995931 	 0.00797132
5.1844467759 	 0.00537465
5.20106359249 	 0.00705215
5.21768040908 	 0.00535566
5.23429722567 	 0.00687013
5.25091404226 	 0.00421177
5.26753085885 	 0.0130779
5.28414767544 	 0.0195757
5.30076449203 	 0.0179296
5.31738130862 	 0.0207548
5.33399812521 	 0.0156873
5.3506149418 	 0.00520899
5.36723175839 	 0.0128421
5.38384857497 	 0.0137858
5.40046539156 	 0.0131183
5.41708220815 	 0.00813487
5.43369902474 	 0.000346015
5.45031584133 	 0.00437942
5.46693265792 	 0.00845428
5.48354947451 	 0.01232
5.5001662911 	 0.0113609
5.51678310769 	 0.00878445
5.53339992428 	 0.00613991
5.55001674087 	 0.00335815
5.56663355746 	 0.00524483
5.58325037405 	 0.0132131
5.59986719064 	 0.0119322
5.61648400723 	 0.0156607
5.63310082382 	 0.0205716
5.64971764041 	 0.0190606
5.66633445699 	 0.0212873
5.68295127358 	 0.0213369
5.69956809017 	 0.0189924
5.71618490676 	 0.0129291
5.73280172335 	 0.00111135
5.74941853994 	 0.0125588
5.76603535653 	 0.0142106
5.78265217312 	 0.0119563
5.79926898971 	 0.00904972
5.8158858063 	 0.0061875
5.83250262289 	 0.00646901
5.84911943948 	 0.00636459
5.86573625607 	 0.00472907
5.88235307266 	 0.00555641
5.89896988925 	 0.000916056
5.91558670584 	 0.00908166
5.93220352243 	 0.0161697
5.94882033902 	 0.0203995
5.9654371556 	 0.0228963
5.98205397219 	 0.020708
5.99867078878 	 0.018539
6.01528760537 	 0.0176675
6.03190442196 	 0.00958518
6.04852123855 	 0.00219986
6.06513805514 	 0.0118231
6.08175487173 	 0.0199058
6.09837168832 	 0.0189086
6.11498850491 	 0.0181622
6.1316053215 	 0.0115264
6.14822213809 	 0.00995868
6.16483895468 	 0.00616637
6.18145577127 	 0.00241828
6.19807258786 	 0.00608603
6.21468940445 	 0.00795803
6.23130622104 	 0.00423898
6.24792303762 	 0.00203651
6.26453985421 	 0.00977615
6.2811566708 	 0.0116414
6.29777348739 	 0.00775331
6.31439030398 	 0.00302343
6.33100712057 	 0.000545286
6.34762393716 	 0.00361152
6.36424075375 	 0.00792055
6.38085757034 	 0.00792852
6.39747438693 	 0.00144412
6.41409120352 	 0.00435956
6.43070802011 	 0.00752316
6.4473248367 	 0.0060855
6.46394165329 	 0.00712773
6.48055846988 	 0.00675641
6.49717528647 	 0.00697302
6.51379210306 	 0.00179783
6.53040891964 	 0.00497651
6.54702573623 	 0.00727564
6.56364255282 	 0.00639044
6.58025936941 	 0.00748914
6.596876186 	 0.00337079
6.61349300259 	 0.00401109
6.63010981918 	 0.00566222
6.64672663577 	 0.00695839
6.66334345236 	 0.00574921
6.67996026895 	 0.00300026
6.69657708554 	 0.00595572
6.71319390213 	 0.00844602
6.72981071872 	 0.00721187
6.74642753531 	 0.00639866
6.7630443519 	 0.00562047
6.77966116849 	 0.00726227
6.79627798508 	 0.0063715
6.81289480167 	 0.0106234
6.82951161825 	 0.00668975
6.84612843484 	 0.00331166
6.86274525143 	 0.00353298
6.87936206802 	 0.00495472
6.89597888461 	 0.0077943
6.9125957012 	 0.00902246
6.92921251779 	 0.00759896
6.94582933438 	 0.00440171
6.96244615097 	 0.00184042
6.97906296756 	 0.00159117
6.99567978415 	 0.00445652
7.01229660074 	 0.00604478
7.02891341733 	 0.00459224
7.04553023392 	 0.00451943
7.06214705051 	 0.0087297
7.0787638671 	 0.00702493
7.09538068369 	 0.0074005
7.11199750027 	 0.00234967
7.12861431686 	 0.00403123
7.14523113345 	 0.00374547
7.16184795004 	 0.00362114
7.17846476663 	 0.00421537
7.19508158322 	 0.00431825
7.21169839981 	 0.00541894
7.2283152164 	 0.00623132
7.24493203299 	 0.00685196
7.26154884958 	 0.00582173
7.27816566617 	 0.00156072
7.29478248276 	 0.00406736
7.31139929935 	 0.00542101
7.32801611594 	 0.00650112
7.34463293253 	 0.00561545
7.36124974912 	 0.00609224
7.37786656571 	 0.00521442
7.3944833823 	 0.00388689
7.41110019888 	 0.00121085
7.42771701547 	 0.00048419
7.44433383206 	 0.00267672
7.46095064865 	 0.000518077
7.47756746524 	 0.00134108
7.49418428183 	 0.00236994
7.51080109842 	 0.00230712
7.52741791501 	 0.00171516
7.5440347316 	 0.00231427
7.56065154819 	 0.0039364
7.57726836478 	 0.00395433
7.59388518137 	 0.00536935
7.61050199796 	 0.00315599
7.62711881455 	 0.00334244
7.64373563114 	 0.00559838
7.66035244773 	 0.00444092
7.67696926432 	 0.00272695
7.6935860809 	 0.00137194
7.71020289749 	 0.0014579
7.72681971408 	 0.00212191
7.74343653067 	 0.00135362
7.76005334726 	 0.0015148
7.77667016385 	 0.00225785
7.79328698044 	 0.00388178
7.80990379703 	 0.00449889
7.82652061362 	 0.00495802
7.84313743021 	 0.00655069
7.8597542468 	 0.00719408
7.87637106339 	 0.00552455
7.89298787998 	 0.00300951
7.90960469657 	 0.0028312
7.92622151316 	 0.00390582
7.94283832975 	 0.00485757
7.95945514634 	 0.00530147
7.97607196293 	 0.00567234
7.99268877951 	 0.0028439
8.0093055961 	 0.0029613
8.02592241269 	 0.00192909
8.04253922928 	 0.00123229
8.05915604587 	 0.00116022
8.07577286246 	 0.00292114
8.09238967905 	 0.00373368
8.10900649564 	 0.00393483
8.12562331223 	 0.0037451
8.14224012882 	 0.00239976
8.15885694541 	 0.00285691
8.175473762 	 0.0026203
8.19209057859 	 0.00342994
8.20870739518 	 0.00270645
8.22532421177 	 0.00139615
8.24194102836 	 0.00103094
8.25855784495 	 0.00107502
8.27517466153 	 0.00209636
8.29179147812 	 0.00253835
8.30840829471 	 0.00350141
8.3250251113 	 0.00231234
8.34164192789 	 0.0029865
8.35825874448 	 0.00258338
8.37487556107 	 0.00381307
8.39149237766 	 0.00384893
8.40810919425 	 0.00515937
8.42472601084 	 0.00614311
8.44134282743 	 0.00588967
8.45795964402 	 0.00721321
8.47457646061 	 0.00621647
8.4911932772 	 0.00391242
8.50781009379 	 0.00372837
8.52442691038 	 0.0042452
8.54104372697 	 0.00476274
8.55766054356 	 0.00282575
8.57427736014 	 0.00203155
8.59089417673 	 0.00137812
8.60751099332 	 0.00220867
8.62412780991 	 0.00205991
8.6407446265 	 0.00195506
8.65736144309 	 0.00189898
8.67397825968 	 0.00309419
8.69059507627 	 0.00352222
8.70721189286 	 0.00507346
8.72382870945 	 0.0047742
8.74044552604 	 0.00351478
8.75706234263 	 0.00325625
8.77367915922 	 0.00140661
8.79029597581 	 0.00275832
8.8069127924 	 0.00206945
8.82352960899 	 0.00609779
8.84014642558 	 0.00707228
8.85676324216 	 0.00584962
8.87338005875 	 0.00399417
8.88999687534 	 0.00538457
8.90661369193 	 0.00598605
8.92323050852 	 0.00654174
8.93984732511 	 0.00393651
8.9564641417 	 0.00182906
8.97308095829 	 0.00238427
8.98969777488 	 0.00205194
9.00631459147 	 0.00232566
9.02293140806 	 0.00154664
9.03954822465 	 0.00172009
9.05616504124 	 0.00254832
9.07278185783 	 0.00109949
9.08939867442 	 0.00303908
9.10601549101 	 0.00423413
9.1226323076 	 0.00338823
9.13924912419 	 0.00415883
9.15586594077 	 0.004845
9.17248275736 	 0.00425738
9.18909957395 	 0.00350722
9.20571639054 	 0.00199731
9.22233320713 	 0.00139321
9.23895002372 	 0.00187695
9.25556684031 	 0.00379332
9.2721836569 	 0.00379131
9.28880047349 	 0.00397367
9.30541729008 	 0.00293482
9.32203410667 	 0.00446348
9.33865092326 	 0.0065848
9.35526773985 	 0.0086188
9.37188455644 	 0.00681778
9.38850137303 	 0.00453019
9.40511818962 	 0.00288853
9.42173500621 	 0.00506477
9.43835182279 	 0.00803852
9.45496863938 	 0.0069338
9.47158545597 	 0.00692729
9.48820227256 	 0.0104842
9.50481908915 	 0.0086185
9.52143590574 	 0.0082395
9.53805272233 	 0.00791484
9.55466953892 	 0.00859519
9.57128635551 	 0.00565888
9.5879031721 	 0.00538467
9.60451998869 	 0.00712395
9.62113680528 	 0.00714469
9.63775362187 	 0.0076583
9.65437043846 	 0.00967786
9.67098725505 	 0.00752244
9.68760407164 	 0.00808584
9.70422088823 	 0.00822464
9.72083770482 	 0.00583107
9.7374545214 	 0.00415624
9.75407133799 	 0.00537778
9.77068815458 	 0.00723361
9.78730497117 	 0.00892831
9.80392178776 	 0.00909096
9.82053860435 	 0.00585336
9.83715542094 	 0.00415536
9.85377223753 	 0.00137369
9.87038905412 	 0.00194017
9.88700587071 	 0.00334433
9.9036226873 	 0.00357423
9.92023950389 	 0.00544266
9.93685632048 	 0.00924791
9.95347313707 	 0.00757775
9.97008995366 	 0.00473921
9.98670677025 	 0.00587424
10.0033235868 	 0.00347975
10.0199404034 	 0.00345473
10.03655722 	 0.00159681
10.0531740366 	 0.00103396
10.0697908532 	 0.00351008
10.0864076698 	 0.00313999
10.1030244864 	 0.00653361
10.119641303 	 0.00489638
10.1362581196 	 0.0041578
10.1528749361 	 0.00105499
10.1694917527 	 0.000849624
10.1861085693 	 0.002376
10.2027253859 	 0.00064969
10.2193422025 	 0.00334304
10.2359590191 	 0.00720424
10.2525758357 	 0.00954167
10.2691926523 	 0.0114755
10.2858094689 	 0.0101227
10.3024262854 	 0.00879855
10.319043102 	 0.00435816
10.3356599186 	 0.00195855
10.3522767352 	 0.00102554
10.3688935518 	 0.00298742
10.3855103684 	 0.0040084
10.402127185 	 0.00739188
10.4187440016 	 0.00833482
10.4353608182 	 0.00785313
10.4519776347 	 0.00328791
10.4685944513 	 0.00518159
10.4852112679 	 0.00679958
10.5018280845 	 0.00214597
10.5184449011 	 0.00423642
10.5350617177 	 0.00851871
10.5516785343 	 0.0114523
10.5682953509 	 0.0126835
10.5849121675 	 0.00985738
10.6015289841 	 0.00979552
10.6181458006 	 0.00881848
10.6347626172 	 0.00380384
10.6513794338 	 0.00172356
10.6679962504 	 0.00723326
10.684613067 	 0.00651952
10.7012298836 	 0.00709343
10.7178467002 	 0.00545793
10.7344635168 	 0.00811133
10.7510803334 	 0.00622133
10.7676971499 	 0.0041164
10.7843139665 	 0.00163323
10.8009307831 	 0.00111023
10.8175475997 	 0.000681912
10.8341644163 	 0.00306836
10.8507812329 	 0.00404035
10.8673980495 	 0.00486352
10.8840148661 	 0.0046682
10.9006316827 	 0.00488448
10.9172484993 	 0.00457326
10.9338653158 	 0.00296319
10.9504821324 	 0.0021391
10.967098949 	 0.00237176
10.9837157656 	 0.00527655
11.0003325822 	 0.00744477
11.0169493988 	 0.00665057
11.0335662154 	 0.00748608
11.050183032 	 0.0110779
11.0667998486 	 0.00908412
11.0834166651 	 0.0067097
11.1000334817 	 0.00771821
11.1166502983 	 0.0136173
11.1332671149 	 0.0138498
11.1498839315 	 0.0145598
11.1665007481 	 0.0119591
11.1831175647 	 0.0119733
11.1997343813 	 0.0102823
11.2163511979 	 0.0102147
11.2329680145 	 0.00958148
11.249584831 	 0.0106033
11.2662016476 	 0.00950096
11.2828184642 	 0.00935679
11.2994352808 	 0.00980305
11.3160520974 	 0.0076725
11.332668914 	 0.00782353
11.3492857306 	 0.0087904
11.3659025472 	 0.0105389
11.3825193638 	 0.0092578
11.3991361803 	 0.00795538
11.4157529969 	 0.00961131
11.4323698135 	 0.0121487
11.4489866301 	 0.0127711
11.4656034467 	 0.0101406
11.4822202633 	 0.00783548
11.4988370799 	 0.00587062
11.5154538965 	 0.00728236
11.5320707131 	 0.00536844
11.5486875297 	 0.00455467
11.5653043462 	 0.00639312
11.5819211628 	 0.00836086
11.5985379794 	 0.00682632
11.615154796 	 0.00743348
11.6317716126 	 0.0081517
11.6483884292 	 0.00885683
11.6650052458 	 0.00851848
11.6816220624 	 0.00819463
11.698238879 	 0.00902193
11.7148556955 	 0.00683026
11.7314725121 	 0.00604229
11.7480893287 	 0.00703533
11.7647061453 	 0.00455132
11.7813229619 	 0.00452857
11.7979397785 	 0.00231
11.8145565951 	 0.00244971
11.8311734117 	 0.00150545
11.8477902283 	 0.00159456
11.8644070449 	 0.00187349
11.8810238614 	 0.00360778
11.897640678 	 0.00369725
11.9142574946 	 0.00518647
11.9308743112 	 0.00631386
11.9474911278 	 0.00610918
11.9641079444 	 0.00764563
11.980724761 	 0.00830918
11.9973415776 	 0.00743232
12.0139583942 	 0.00490683
12.0305752107 	 0.00210764
12.0471920273 	 0.00138845
12.0638088439 	 0.000603801
12.0804256605 	 0.000410192
12.0970424771 	 0.000225168
12.1136592937 	 0.0014529
12.1302761103 	 0.00199519
12.1468929269 	 0.00290599
12.1635097435 	 0.00366701
12.1801265601 	 0.00503278
12.1967433766 	 0.00555539
12.2133601932 	 0.00520791
12.2299770098 	 0.00466713
12.2465938264 	 0.00441067
12.263210643 	 0.00324578
12.2798274596 	 0.00094456
12.2964442762 	 0.00325701
12.3130610928 	 0.00341765
12.3296779094 	 0.00377861
12.3462947259 	 0.00375914
12.3629115425 	 0.0053028
12.3795283591 	 0.00580414
12.3961451757 	 0.00569665
12.4127619923 	 0.00647461
12.4293788089 	 0.00697435
12.4459956255 	 0.00513544
12.4626124421 	 0.00361693
12.4792292587 	 0.00518969
12.4958460752 	 0.0062682
12.5124628918 	 0.00565954
12.5290797084 	 0.00518279
12.545696525 	 0.00354157
12.5623133416 	 0.00447329
12.5789301582 	 0.00318796
12.5955469748 	 0.00303984
12.6121637914 	 0.00337921
12.628780608 	 0.0030808
12.6453974246 	 0.00335212
12.6620142411 	 0.00291064
12.6786310577 	 0.00275506
12.6952478743 	 0.00203056
12.7118646909 	 0.00152167
12.7284815075 	 0.000984655
12.7450983241 	 0.000797554
12.7617151407 	 0.000896917
12.7783319573 	 0.00153141
12.7949487739 	 0.00172741
12.8115655904 	 0.0016451
12.828182407 	 0.00136198
12.8447992236 	 0.000546129
12.8614160402 	 0.000594771
12.8780328568 	 0.000463771
12.8946496734 	 0.00122116
12.91126649 	 0.00340332
12.9278833066 	 0.00477697
12.9445001232 	 0.00513531
12.9611169398 	 0.00362886
12.9777337563 	 0.00275067
12.9943505729 	 0.00229527
13.0109673895 	 0.00327705
13.0275842061 	 0.00496392
13.0442010227 	 0.00530164
13.0608178393 	 0.00447936
13.0774346559 	 0.00151669
13.0940514725 	 0.00168977
13.1106682891 	 0.004393
13.1272851056 	 0.00569656
13.1439019222 	 0.00529575
13.1605187388 	 0.00541452
13.1771355554 	 0.0046427
13.193752372 	 0.00481481
13.2103691886 	 0.0053102
13.2269860052 	 0.00554556
13.2436028218 	 0.00429523
13.2602196384 	 0.00420811
13.276836455 	 0.00375644
13.2934532715 	 0.00411644
13.3100700881 	 0.00363827
13.3266869047 	 0.00361154
13.3433037213 	 0.00318526
13.3599205379 	 0.00329412
13.3765373545 	 0.00192391
13.3931541711 	 0.00205697
13.4097709877 	 0.00284941
13.4263878043 	 0.00356596
13.4430046208 	 0.00246295
13.4596214374 	 0.0032493
13.476238254 	 0.00299073
13.4928550706 	 0.0027203
13.5094718872 	 0.00266234
13.5260887038 	 0.00319855
13.5427055204 	 0.00330991
13.559322337 	 0.00301717
13.5759391536 	 0.0034893
13.5925559702 	 0.00382875
13.6091727867 	 0.00382312
13.6257896033 	 0.00379479
13.6424064199 	 0.00347009
13.6590232365 	 0.0031375
13.6756400531 	 0.00232679
13.6922568697 	 0.00271023
13.7088736863 	 0.00370933
13.7254905029 	 0.00330168
13.7421073195 	 0.00379436
13.758724136 	 0.00395331
13.7753409526 	 0.00415505
13.7919577692 	 0.00467166
13.8085745858 	 0.00438206
13.8251914024 	 0.00274355
13.841808219 	 0.00166787
13.8584250356 	 0.00113434
13.8750418522 	 0.00141989
13.8916586688 	 0.000546538
13.9082754854 	 0.000188754
13.9248923019 	 0.000671984
13.9415091185 	 0.000870985
13.9581259351 	 0.00166258
13.9747427517 	 0.00144237
13.9913595683 	 0.00180419
14.0079763849 	 0.001592
14.0245932015 	 0.000233825
14.0412100181 	 0.00121916
14.0578268347 	 0.00193931
14.0744436512 	 0.00200319
14.0910604678 	 0.00319134
14.1076772844 	 0.00308407
14.124294101 	 0.00252048
14.1409109176 	 0.00124516
14.1575277342 	 0.000843538
14.1741445508 	 0.00162618
14.1907613674 	 0.00202019
14.207378184 	 0.00163374
14.2239950005 	 0.00128936
14.2406118171 	 0.000715643
14.2572286337 	 0.000489071
14.2738454503 	 0.000317771
14.2904622669 	 0.000390641
14.3070790835 	 0.000694606
14.3236959001 	 0.000479753
14.3403127167 	 0.000961154
14.3569295333 	 0.00167365
14.3735463499 	 0.00239598
14.3901631664 	 0.00239184
14.406779983 	 0.00213079
14.4233967996 	 0.00169485
14.4400136162 	 0.00206575
14.4566304328 	 0.00211343
14.4732472494 	 0.00187546
14.489864066 	 0.00183321
14.5064808826 	 0.00275524
14.5230976992 	 0.00261113
14.5397145157 	 0.00210919
14.5563313323 	 0.00108525
14.5729481489 	 0.000586746
14.5895649655 	 0.00124177
14.6061817821 	 0.0026364
14.6227985987 	 0.00275039
14.6394154153 	 0.00242335
14.6560322319 	 0.00219301
14.6726490485 	 0.00201651
14.6892658651 	 0.00145765
14.7058826816 	 0.000911401
14.7224994982 	 0.00187063
14.7391163148 	 0.00214477
14.7557331314 	 0.00246155
14.772349948 	 0.00184921
14.7889667646 	 0.00246136
14.8055835812 	 0.0024242
14.8222003978 	 0.00324833
14.8388172144 	 0.0033543
14.8554340309 	 0.00418446
14.8720508475 	 0.0047248
14.8886676641 	 0.0056894
14.9052844807 	 0.00592997
14.9219012973 	 0.00575187
14.9385181139 	 0.00490503
14.9551349305 	 0.00433759
14.9717517471 	 0.0046561
14.9883685637 	 0.00564786
15.0049853803 	 0.0063452
15.0216021968 	 0.0067452
15.0382190134 	 0.00606039
15.05483583 	 0.00591873
15.0714526466 	 0.0055219
15.0880694632 	 0.0045134
15.1046862798 	 0.00385406
15.1213030964 	 0.00375877
15.137919913 	 0.00406267
15.1545367296 	 0.00503557
15.1711535461 	 0.00592493
15.1877703627 	 0.00621531
15.2043871793 	 0.00554921
15.2210039959 	 0.00382342
15.2376208125 	 0.00305549
15.2542376291 	 0.00364211
15.2708544457 	 0.00456291
15.2874712623 	 0.00449722
15.3040880789 	 0.00421474
15.3207048955 	 0.00294787
15.337321712 	 0.0024352
15.3539385286 	 0.00254312
15.3705553452 	 0.00205774
15.3871721618 	 0.00156193
15.4037889784 	 0.00164294
15.420405795 	 0.00233099
15.4370226116 	 0.00276573
15.4536394282 	 0.00305127
15.4702562448 	 0.00231487
15.4868730613 	 0.00181737
15.5034898779 	 0.00112753
15.5201066945 	 0.000409624
15.5367235111 	 0.000805895
15.5533403277 	 0.00190523
15.5699571443 	 0.00255558
15.5865739609 	 0.00261133
15.6031907775 	 0.00252285
15.6198075941 	 0.00182939
15.6364244107 	 0.00140681
15.6530412272 	 0.00108679
15.6696580438 	 0.00219118
15.6862748604 	 0.00259533
15.702891677 	 0.00255463
15.7195084936 	 0.00301059
15.7361253102 	 0.00261087
15.7527421268 	 0.00262701
15.7693589434 	 0.00303906
15.78597576 	 0.00312548
15.8025925765 	 0.00332492
15.8192093931 	 0.00332524
15.8358262097 	 0.00273582
15.8524430263 	 0.00186695
15.8690598429 	 0.00212306
15.8856766595 	 0.00252569
15.9022934761 	 0.00279909
15.9189102927 	 0.00306669
15.9355271093 	 0.00343894
15.9521439259 	 0.00359724
15.9687607424 	 0.00356989
15.985377559 	 0.00339805
16.0019943756 	 0.00345783
16.0186111922 	 0.00341304
16.0352280088 	 0.00322573
16.0518448254 	 0.00340015
16.068461642 	 0.00368413
16.0850784586 	 0.00324511
16.1016952752 	 0.00356879
16.1183120917 	 0.00375592
16.1349289083 	 0.0038784
16.1515457249 	 0.00373721
16.1681625415 	 0.00365662
16.1847793581 	 0.00300968
16.2013961747 	 0.00193533
16.2180129913 	 0.00134297
16.2346298079 	 0.00144355
16.2512466245 	 0.0015902
16.267863441 	 0.00161145
16.2844802576 	 0.00131226
16.3010970742 	 0.00115462
16.3177138908 	 0.00112695
16.3343307074 	 0.00123827
16.350947524 	 0.0017666
16.3675643406 	 0.00202144
16.3841811572 	 0.00196802
16.4007979738 	 0.00151819
16.4174147904 	 0.000749238
16.4340316069 	 0.000250145
16.4506484235 	 0.000181277
16.4672652401 	 0.000243076
16.4838820567 	 0.000635952
16.5004988733 	 0.00117113
16.5171156899 	 0.00132068
16.5337325065 	 0.00169766
16.5503493231 	 0.00166874
16.5669661397 	 0.00140492
16.5835829562 	 0.00113197
16.6001997728 	 0.00035511
16.6168165894 	 0.00111515
16.633433406 	 0.00150186
16.6500502226 	 0.00184396
16.6666670392 	 0.00178695
16.6832838558 	 0.00111513
16.6999006724 	 0.000987749
16.716517489 	 0.000970343
16.7331343056 	 0.000998894
16.7497511221 	 0.00095427
16.7663679387 	 0.000820336
16.7829847553 	 0.000661604
16.7996015719 	 0.000984275
16.8162183885 	 0.000889537
16.8328352051 	 0.000868766
16.8494520217 	 0.000446533
16.8660688383 	 0.000493144
16.8826856549 	 0.000450398
16.8993024714 	 0.000560726
16.915919288 	 0.000559614
16.9325361046 	 0.000502644
16.9491529212 	 0.000575753
16.9657697378 	 0.000308147
16.9823865544 	 0.000262433
16.999003371 	 0.000330489
17.0156201876 	 0.000395419
17.0322370042 	 0.000135775
17.0488538208 	 0.000363304
17.0654706373 	 0.0011341
17.0820874539 	 0.00140423
17.0987042705 	 0.00131373
17.1153210871 	 0.00100004
17.1319379037 	 0.000820874
17.1485547203 	 0.000273767
17.1651715369 	 0.000581556
17.1817883535 	 0.000978266
17.1984051701 	 0.000917657
17.2150219866 	 0.0009382
17.2316388032 	 0.000775422
17.2482556198 	 0.000954477
17.2648724364 	 0.0010316
17.281489253 	 0.00110346
17.2981060696 	 0.000821418
17.3147228862 	 0.000650349
17.3313397028 	 0.000527327
17.3479565194 	 0.000718778
17.364573336 	 0.000687717
17.3811901525 	 0.00062524
17.3978069691 	 0.000544886
17.4144237857 	 0.000500311
17.4310406023 	 0.000893361
17.4476574189 	 0.00079951
17.4642742355 	 0.000925713
17.4808910521 	 0.000983991
17.4975078687 	 0.00124767
17.5141246853 	 0.00117958
17.5307415018 	 0.00101508
17.5473583184 	 0.000508448
17.563975135 	 0.000248027
17.5805919516 	 0.000948262
17.5972087682 	 0.00106605
17.6138255848 	 0.00117433
17.6304424014 	 0.000789459
17.647059218 	 0.000365454
17.6636760346 	 0.000684355
17.6802928512 	 0.000969736
17.6969096677 	 0.00110702
17.7135264843 	 0.000906471
17.7301433009 	 0.000719484
17.7467601175 	 0.000752042
17.7633769341 	 0.00118511
17.7799937507 	 0.00131563
17.7966105673 	 0.00161474
17.8132273839 	 0.00153848
17.8298442005 	 0.00143057
17.846461017 	 0.00102405
17.8630778336 	 0.000781843
17.8796946502 	 0.00102641
17.8963114668 	 0.00136455
17.9129282834 	 0.00178031
17.9295451 	 0.00182848
17.9461619166 	 0.00144145
17.9627787332 	 0.000992977
17.9793955498 	 0.000538892
17.9960123663 	 0.000414688
18.0126291829 	 0.000517677
18.0292459995 	 0.000331392
18.0458628161 	 0.000418135
18.0624796327 	 0.000310693
18.0790964493 	 0.000193272
18.0957132659 	 4.63092e-05
18.1123300825 	 0.000284997
18.1289468991 	 0.000599247
18.1455637157 	 0.000669968
18.1621805322 	 0.000435016
18.1787973488 	 0.000417612
18.1954141654 	 0.00055866
18.212030982 	 0.000775923
18.2286477986 	 0.000998974
18.2452646152 	 0.00116571
18.2618814318 	 0.00100446
18.2784982484 	 0.000809971
18.295115065 	 0.000805682
18.3117318815 	 0.000807911
18.3283486981 	 0.000707047
18.3449655147 	 0.000323445
18.3615823313 	 0.000536072
18.3781991479 	 0.00068846
18.3948159645 	 0.000909608
18.4114327811 	 0.000960989
18.4280495977 	 0.00115613
18.4446664143 	 0.00108587
18.4612832309 	 0.000980333
18.4779000474 	 0.000646839
18.494516864 	 0.000557779
18.5111336806 	 0.000789348
18.5277504972 	 0.00105489
18.5443673138 	 0.0007176
18.5609841304 	 0.000538243
18.577600947 	 0.000314553
18.5942177636 	 0.000134604
18.6108345802 	 0.000612411
18.6274513967 	 0.000892113
18.6440682133 	 0.00106518
18.6606850299 	 0.00111188
18.6773018465 	 0.0011102
18.6939186631 	 0.000868678
18.7105354797 	 0.000629298
18.7271522963 	 0.00044602
18.7437691129 	 0.000416646
18.7603859295 	 0.000606681
18.7770027461 	 0.00106885
18.7936195626 	 0.00125802
18.8102363792 	 0.00119371
18.8268531958 	 0.000852964
18.8434700124 	 0.000707429
18.860086829 	 0.000999377
18.8767036456 	 0.0010373
18.8933204622 	 0.00107743
18.9099372788 	 0.00111855
18.9265540954 	 0.00112892
18.9431709119 	 0.000811761
18.9597877285 	 0.000450117
18.9764045451 	 0.000377558
18.9930213617 	 0.000410539
19.0096381783 	 0.000513358
19.0262549949 	 0.00046021
19.0428718115 	 0.000394646
19.0594886281 	 0.000435166
19.0761054447 	 0.00027777
19.0927222613 	 0.000447687
19.1093390778 	 0.00038784
19.1259558944 	 0.000639473
19.142572711 	 0.000702814
19.1591895276 	 0.000622558
19.1758063442 	 0.000406594
19.1924231608 	 0.000290649
19.2090399774 	 0.000666029
19.225656794 	 0.000459038
19.2422736106 	 0.000468763
19.2588904271 	 0.000329682
19.2755072437 	 0.000173716
19.2921240603 	 0.000208919
19.3087408769 	 0.000217576
19.3253576935 	 0.000311013
19.3419745101 	 0.000345021
19.3585913267 	 0.000377061
19.3752081433 	 0.000388215
19.3918249599 	 0.000532351
19.4084417765 	 0.000294077
19.425058593 	 8.59419e-05
19.4416754096 	 0.000321227
19.4582922262 	 0.000616008
19.4749090428 	 0.000636233
19.4915258594 	 0.000582203
19.508142676 	 0.000432735
19.5247594926 	 0.000381483
19.5413763092 	 0.000391404
19.5579931258 	 0.000486304
19.5746099423 	 0.000457982
19.5912267589 	 0.000363242
19.6078435755 	 0.000389595
19.6244603921 	 0.00047741
19.6410772087 	 0.000404378
19.6576940253 	 0.000246356
19.6743108419 	 0.000148496
19.6909276585 	 0.000320859
19.7075444751 	 0.000342834
19.7241612917 	 0.000337466
19.7407781082 	 0.00023735
19.7573949248 	 0.000275658
19.7740117414 	 0.000403029
19.790628558 	 0.00067225
19.8072453746 	 0.000785494
19.8238621912 	 0.000732404
19.8404790078 	 0.000439343
19.8570958244 	 0.000352794
19.873712641 	 0.000191305
19.8903294575 	 0.000543688
19.9069462741 	 0.000884836
19.9235630907 	 0.000919852
19.9401799073 	 0.000799111
19.9567967239 	 0.000632456
19.9734135405 	 0.000632009
19.9900303571 	 0.000638296
20.0066471737 	 0.00062119
20.0232639903 	 0.000579552
20.0398808068 	 0.000566642
20.0564976234 	 0.000588276
20.07311444 	 0.000532833
20.0897312566 	 0.000255607
20.1063480732 	 2.71599e-05
20.1229648898 	 0.000404869
20.1395817064 	 0.000445164
20.156198523 	 0.000471877
20.1728153396 	 0.000329615
20.1894321562 	 0.000163754
20.2060489727 	 9.96491e-05
20.2226657893 	 0.000306517
20.2392826059 	 0.000487597
20.2558994225 	 0.000591565
20.2725162391 	 0.000506501
20.2891330557 	 0.00050053
20.3057498723 	 0.000518856
20.3223666889 	 0.000586355
20.3389835055 	 0.000577539
20.355600322 	 0.000585039
20.3722171386 	 0.000467895
20.3888339552 	 0.000444933
20.4054507718 	 0.000505224
20.4220675884 	 0.000501589
20.438684405 	 0.000430574
20.4553012216 	 0.000285952
20.4719180382 	 0.000364515
20.4885348548 	 0.000339824
20.5051516714 	 0.000387271
20.5217684879 	 0.000391322
20.5383853045 	 0.000493277
20.5550021211 	 0.000513154
20.5716189377 	 0.0005733
20.5882357543 	 0.000526842
20.6048525709 	 0.000416939
20.6214693875 	 0.00030316
20.6380862041 	 0.000514277
20.6547030207 	 0.000578263
20.6713198372 	 0.00054053
20.6879366538 	 0.000317285
20.7045534704 	 0.000271813
20.721170287 	 0.000391128
20.7377871036 	 0.000487844
20.7544039202 	 0.000418725
20.7710207368 	 0.000421673
20.7876375534 	 0.000487457
20.80425437 	 0.000491875
20.8208711866 	 0.000489454
20.8374880031 	 0.000511305
20.8541048197 	 0.000484494
20.8707216363 	 0.000448471
20.8873384529 	 0.000467822
20.9039552695 	 0.000668071
20.9205720861 	 0.000862994
20.9371889027 	 0.000962576
20.9538057193 	 0.000903119
20.9704225359 	 0.000755797
20.9870393524 	 0.000862911
21.003656169 	 0.000934155
21.0202729856 	 0.000851401
21.0368898022 	 0.000782872
21.0535066188 	 0.000652532
21.0701234354 	 0.000755185
21.086740252 	 0.000894289
21.1033570686 	 0.00071333
21.1199738852 	 0.000419208
21.1365907018 	 0.00035852
21.1532075183 	 0.000471082
21.1698243349 	 0.000507308
21.1864411515 	 0.000433495
21.2030579681 	 0.000462404
21.2196747847 	 0.000614995
21.2362916013 	 0.000486892
21.2529084179 	 0.000415845
21.2695252345 	 0.000289334
21.2861420511 	 0.000342165
21.3027588676 	 0.00046401
21.3193756842 	 0.000591752
21.3359925008 	 0.000659979
21.3526093174 	 0.000600014
21.369226134 	 0.00050681
21.3858429506 	 0.000372262
21.4024597672 	 0.00024383
21.4190765838 	 0.000255604
21.4356934004 	 0.000376645
21.452310217 	 0.000459203
21.4689270335 	 0.000502068
21.4855438501 	 0.000404912
21.5021606667 	 0.000293532
21.5187774833 	 0.000272816
21.5353942999 	 0.000300663
21.5520111165 	 0.000253809
21.5686279331 	 0.000170915
21.5852447497 	 0.000226439
21.6018615663 	 0.000319771
21.6184783828 	 0.000294382
21.6350951994 	 0.000244292
21.651712016 	 0.000279823
21.6683288326 	 0.000242658
21.6849456492 	 0.000300587
21.7015624658 	 0.00024349
21.7181792824 	 0.000145929
21.734796099 	 9.34077e-05
21.7514129156 	 5.48368e-05
21.7680297321 	 9.92865e-05
21.7846465487 	 2.34895e-05
21.8012633653 	 8.01292e-05
21.8178801819 	 3.85239e-05
21.8344969985 	 2.98883e-05
21.8511138151 	 0.000118963
21.8677306317 	 8.49531e-05
21.8843474483 	 0.000207676
21.9009642649 	 0.000288926
21.9175810815 	 0.000360362
21.934197898 	 0.000465993
21.9508147146 	 0.000398715
21.9674315312 	 0.000264349
21.9840483478 	 0.000227668
22.0006651644 	 0.000186889
22.017281981 	 0.000194648
22.0338987976 	 0.000174815
22.0505156142 	 0.000173524
22.0671324308 	 0.000120135
22.0837492473 	 3.61977e-05
22.1003660639 	 0.000109205
22.1169828805 	 0.00016395
22.1335996971 	 0.000195137
22.1502165137 	 0.000169979
22.1668333303 	 0.000219418
22.1834501469 	 0.000190182
22.2000669635 	 0.000265165
22.2166837801 	 0.00020611
22.2333005967 	 0.000265292
22.2499174132 	 0.000248047
22.2665342298 	 0.000249978
22.2831510464 	 0.000154426
22.299767863 	 0.000126205
22.3163846796 	 0.000100363
22.3330014962 	 7.88989e-05
22.3496183128 	 9.74625e-05
22.3662351294 	 0.000134881
22.382851946 	 0.000152725
22.3994687625 	 0.000203509
22.4160855791 	 0.000210071
22.4327023957 	 0.000175223
22.4493192123 	 0.000173385
22.4659360289 	 0.000102848
22.4825528455 	 0.00018079
22.4991696621 	 0.000198822
22.5157864787 	 0.000181911
22.5324032953 	 0.000179026
22.5490201119 	 0.000153666
22.5656369284 	 0.000141214
22.582253745 	 0.000217145
22.5988705616 	 0.000215687
22.6154873782 	 0.000197872
22.6321041948 	 0.000201996
22.6487210114 	 0.000102252
22.665337828 	 0.000196071
22.6819546446 	 0.000256927
22.6985714612 	 0.000258508
22.7151882777 	 0.000223619
22.7318050943 	 0.000195857
22.7484219109 	 0.000170508
22.7650387275 	 0.000175866
22.7816555441 	 0.000209301
22.7982723607 	 0.000169262
22.8148891773 	 9.67932e-05
22.8315059939 	 5.14362e-05
22.8481228105 	 5.25331e-05
22.8647396271 	 8.84211e-05
22.8813564436 	 4.76027e-05
22.8979732602 	 0.000127063
22.9145900768 	 0.000155157
22.9312068934 	 0.00014492
22.94782371 	 9.47725e-05
22.9644405266 	 5.98889e-05
22.9810573432 	 4.9297e-05
22.9976741598 	 4.84072e-05
23.0142909764 	 0.000115739
23.0309077929 	 0.000131439
23.0475246095 	 5.48758e-05
23.0641414261 	 6.563e-06
23.0807582427 	 3.59233e-05
23.0973750593 	 2.68262e-05
23.1139918759 	 9.47469e-05
23.1306086925 	 0.000149574
23.1472255091 	 0.000217592
23.1638423257 	 0.000223977
23.1804591423 	 0.0002437
23.1970759588 	 0.00029786
23.2136927754 	 0.000304716
23.230309592 	 0.000264841
23.2469264086 	 0.000276132
23.2635432252 	 0.000213196
23.2801600418 	 0.000137369
23.2967768584 	 0.00019662
23.313393675 	 0.000148911
23.3300104916 	 0.000111291
23.3466273081 	 0.000128116
23.3632441247 	 8.34865e-05
23.3798609413 	 0.000141911
23.3964777579 	 0.000161656
23.4130945745 	 0.000124159
23.4297113911 	 7.91869e-05
23.4463282077 	 7.88195e-05
23.4629450243 	 8.53051e-05
23.4795618409 	 0.000127151
23.4961786575 	 0.000145326
23.512795474 	 0.000112661
23.5294122906 	 8.37684e-05
23.5460291072 	 5.39332e-05
23.5626459238 	 4.34321e-05
23.5792627404 	 7.00043e-05
23.595879557 	 9.49699e-05
23.6124963736 	 9.26663e-05
23.6291131902 	 0.000118354
23.6457300068 	 9.85122e-05
23.6623468233 	 3.0802e-05
23.6789636399 	 5.33625e-05
23.6955804565 	 0.00011259
23.7121972731 	 0.00015146
23.7288140897 	 8.8969e-05
23.7454309063 	 6.90173e-05
23.7620477229 	 3.59934e-05
23.7786645395 	 6.21414e-05
23.7952813561 	 0.0001121
23.8118981726 	 0.000153928
23.8285149892 	 0.000116758
23.8451318058 	 0.000120699
23.8617486224 	 0.000151839
23.878365439 	 0.000173746
23.8949822556 	 0.000168182
23.9115990722 	 0.000146629
23.9282158888 	 0.000155323
23.9448327054 	 0.000123969
23.961449522 	 0.000132607
23.9780663385 	 0.000183114
23.9946831551 	 0.000190686
24.0112999717 	 0.000178774
24.0279167883 	 0.000228972
24.0445336049 	 0.000194537
24.0611504215 	 0.000164457
24.0777672381 	 0.000149489
24.0943840547 	 0.000154121
24.1110008713 	 9.98468e-05
24.1276176878 	 0.000114652
24.1442345044 	 0.000129828
24.160851321 	 0.000174134
24.1774681376 	 0.000149916
24.1940849542 	 0.000127623
24.2107017708 	 0.000147567
24.2273185874 	 0.000132404
24.243935404 	 0.000100427
24.2605522206 	 0.000101756
24.2771690372 	 0.00012182
24.2937858537 	 5.61851e-05
24.3104026703 	 2.54896e-05
24.3270194869 	 1.29738e-05
24.3436363035 	 4.53746e-05
24.3602531201 	 5.03434e-05
24.3768699367 	 4.13846e-05
24.3934867533 	 2.65355e-05
24.4101035699 	 5.06491e-05
24.4267203865 	 3.05987e-05
24.443337203 	 2.50061e-05
24.4599540196 	 5.49658e-05
24.4765708362 	 6.88817e-05
24.4931876528 	 6.05336e-05
24.5098044694 	 7.60596e-05
24.526421286 	 5.91422e-05
24.5430381026 	 6.10738e-05
24.5596549192 	 3.79353e-05
24.5762717358 	 4.70644e-05
24.5928885524 	 3.62756e-05
24.6095053689 	 5.8561e-05
24.6261221855 	 8.58315e-05
24.6427390021 	 0.000109432
24.6593558187 	 0.000117491
24.6759726353 	 8.3265e-05
24.6925894519 	 4.05641e-05
24.7092062685 	 6.64281e-05
24.7258230851 	 0.000100571
24.7424399017 	 0.000104108
24.7590567182 	 0.000109577
24.7756735348 	 0.00010679
24.7922903514 	 0.000139015
24.808907168 	 0.000125271
24.8255239846 	 9.6195e-05
24.8421408012 	 8.23831e-05
24.8587576178 	 6.98608e-05
24.8753744344 	 7.30656e-05
24.891991251 	 5.69963e-05
24.9086080676 	 5.04856e-05
24.9252248841 	 3.91767e-05
24.9418417007 	 2.11029e-05
24.9584585173 	 2.11426e-05
24.9750753339 	 2.27802e-05
24.9916921505 	 2.16264e-05
25.0083089671 	 2.34462e-05
25.0249257837 	 9.85913e-06
25.0415426003 	 2.1363e-05
25.0581594169 	 2.47781e-05
25.0747762334 	 2.25049e-05
25.09139305 	 1.99702e-05
25.1080098666 	 3.45625e-05
25.1246266832 	 4.76926e-05
25.1412434998 	 4.27827e-05
25.1578603164 	 3.1153e-05
25.174477133 	 1.53799e-05
25.1910939496 	 2.66032e-05
25.2077107662 	 4.19637e-05
25.2243275828 	 4.8554e-05
25.2409443993 	 3.24997e-05
25.2575612159 	 8.52352e-05
25.2741780325 	 8.49943e-05
25.2907948491 	 6.6571e-05
25.3074116657 	 2.11764e-05
25.3240284823 	 6.80108e-05
25.3406452989 	 8.66128e-05
25.3572621155 	 7.53762e-05
25.3738789321 	 0.000107024
25.3904957486 	 5.6852e-05
25.4071125652 	 6.18956e-05
25.4237293818 	 0.000103532
25.4403461984 	 0.000133285
25.456963015 	 0.000162583
25.4735798316 	 0.000149049
25.4901966482 	 0.000112324
25.5068134648 	 8.33205e-05
25.5234302814 	 5.68809e-05
25.5400470979 	 7.20894e-05
25.5566639145 	 8.63977e-05
25.5732807311 	 6.00148e-05
25.5898975477 	 2.20958e-05
25.6065143643 	 4.85461e-05
25.6231311809 	 5.32579e-05
25.6397479975 	 5.55104e-05
25.6563648141 	 4.56594e-05
25.6729816307 	 3.04174e-05
25.6895984473 	 9.35502e-06
25.7062152638 	 2.33353e-05
25.7228320804 	 4.08888e-05
25.739448897 	 4.52731e-05
25.7560657136 	 7.20391e-05
25.7726825302 	 9.94541e-05
25.7892993468 	 9.96176e-05
25.8059161634 	 8.5108e-05
25.82253298 	 4.3333e-05
25.8391497966 	 4.04434e-05
25.8557666131 	 3.3699e-05
25.8723834297 	 2.27478e-05
25.8890002463 	 1.86706e-05
25.9056170629 	 2.83675e-05
25.9222338795 	 2.97918e-05
25.9388506961 	 3.86756e-05
25.9554675127 	 3.15147e-05
25.9720843293 	 3.24645e-05
25.9887011459 	 4.38048e-05
26.0053179625 	 4.69066e-05
26.021934779 	 4.38656e-05
26.0385515956 	 3.16991e-05
26.0551684122 	 2.01752e-05
26.0717852288 	 4.17852e-05
26.0884020454 	 6.19873e-05
26.105018862 	 4.39013e-05
26.1216356786 	 3.70296e-05
26.1382524952 	 1.56853e-05
26.1548693118 	 5.53517e-05
26.1714861283 	 6.60431e-05
26.1881029449 	 7.64547e-05
26.2047197615 	 6.02884e-05
26.2213365781 	 8.0978e-05
26.2379533947 	 8.11347e-05
26.2545702113 	 7.55563e-05
26.2711870279 	 7.0262e-05
26.2878038445 	 6.23989e-05
26.3044206611 	 5.71211e-05
26.3210374777 	 7.44393e-05
26.3376542942 	 8.00513e-05
26.3542711108 	 5.71909e-05
26.3708879274 	 3.48518e-05
26.387504744 	 4.33084e-05
26.4041215606 	 7.59276e-05
26.4207383772 	 6.21676e-05
26.4373551938 	 5.94611e-05
26.4539720104 	 4.97023e-05
26.470588827 	 7.10045e-05
26.4872056435 	 8.88408e-05
26.5038224601 	 8.76494e-05
26.5204392767 	 9.49097e-05
26.5370560933 	 0.000103176
26.5536729099 	 0.00011746
26.5702897265 	 0.000111399
26.5869065431 	 0.000106823
26.6035233597 	 0.000106769
26.6201401763 	 7.87545e-05
26.6367569929 	 6.71718e-05
26.6533738094 	 4.17047e-05
26.669990626 	 9.89673e-06
26.6866074426 	 2.48063e-05
26.7032242592 	 1.98779e-05
26.7198410758 	 1.92924e-05
26.7364578924 	 2.08783e-05
26.753074709 	 2.61955e-05
26.7696915256 	 1.69791e-05
26.7863083422 	 2.92866e-05
26.8029251587 	 4.16061e-05
26.8195419753 	 3.36751e-05
26.8361587919 	 3.59423e-05
26.8527756085 	 1.39133e-05
26.8693924251 	 3.36408e-05
26.8860092417 	 3.13071e-05
26.9026260583 	 3.61047e-05
26.9192428749 	 3.59006e-05
26.9358596915 	 2.37683e-05
26.9524765081 	 3.71448e-05
26.9690933246 	 5.51741e-05
26.9857101412 	 4.05383e-05
27.0023269578 	 2.98292e-05
27.0189437744 	 1.60604e-05
27.035560591 	 3.30726e-05
27.0521774076 	 4.25834e-05
27.0687942242 	 5.58374e-05
27.0854110408 	 6.95001e-05
27.1020278574 	 6.77221e-05
27.1186446739 	 5.48032e-05
27.1352614905 	 7.27485e-05
27.1518783071 	 3.90418e-05
27.1684951237 	 5.74135e-05
27.1851119403 	 3.92796e-05
27.2017287569 	 3.20141e-05
27.2183455735 	 3.44973e-05
27.2349623901 	 4.53e-05
27.2515792067 	 4.8797e-05
27.2681960233 	 4.7909e-05
27.2848128398 	 5.20528e-05
27.3014296564 	 5.05843e-05
27.318046473 	 4.89738e-05
27.3346632896 	 3.97337e-05
27.3512801062 	 1.66106e-05
27.3678969228 	 3.97924e-05
27.3845137394 	 7.44073e-05
27.401130556 	 7.91886e-05
27.4177473726 	 6.33838e-05
27.4343641891 	 3.83385e-05
27.4509810057 	 3.84062e-05
27.4675978223 	 3.36107e-05
27.4842146389 	 7.13688e-05
27.5008314555 	 7.18511e-05
27.5174482721 	 4.70888e-05
27.5340650887 	 2.81087e-05
27.5506819053 	 3.55299e-05
27.5672987219 	 5.42024e-05
27.5839155384 	 4.39504e-05
27.600532355 	 1.52389e-05
27.6171491716 	 2.24502e-05
27.6337659882 	 2.5849e-05
27.6503828048 	 3.54306e-05
27.6669996214 	 3.81031e-05
27.683616438 	 6.11964e-05
27.7002332546 	 6.18999e-05
27.7168500712 	 6.31229e-05
27.7334668878 	 4.45105e-05
27.7500837043 	 3.61713e-05
27.7667005209 	 6.63446e-06
27.7833173375 	 2.00534e-05
27.7999341541 	 4.37285e-05
27.8165509707 	 5.36619e-05
27.8331677873 	 3.83497e-05
27.8497846039 	 2.07862e-05
27.8664014205 	 3.27518e-05
27.8830182371 	 4.18818e-05
27.8996350536 	 2.98308e-05
27.9162518702 	 1.09175e-05
27.9328686868 	 4.07714e-06
27.9494855034 	 4.19227e-05
27.96610232 	 4.88406e-05
27.9827191366 	 4.92259e-05
27.9993359532 	 3.9621e-05
28.0159527698 	 2.29326e-05
28.0325695864 	 4.24187e-06
28.049186403 	 2.3516e-05
28.0658032195 	 2.90151e-05
28.0824200361 	 4.25334e-05
28.0990368527 	 2.75418e-05
28.1156536693 	 3.16932e-05
28.1322704859 	 5.03477e-05
28.1488873025 	 4.99128e-05
28.1655041191 	 5.28723e-05
28.1821209357 	 5.49126e-05
28.1987377523 	 5.0372e-05
28.2153545688 	 4.19743e-05
28.2319713854 	 3.44801e-05
28.248588202 	 5.6142e-05
28.2652050186 	 7.39027e-05
28.2818218352 	 6.65015e-05
28.2984386518 	 3.31699e-05
28.3150554684 	 3.41296e-05
28.331672285 	 5.44714e-05
28.3482891016 	 5.87557e-05
28.3649059182 	 4.88296e-05
28.3815227347 	 3.96029e-05
28.3981395513 	 2.40434e-05
28.4147563679 	 5.18202e-05
28.4313731845 	 4.79468e-05
28.4479900011 	 4.72604e-05
28.4646068177 	 4.57471e-05
28.4812236343 	 2.99579e-05
28.4978404509 	 2.69704e-05
28.5144572675 	 3.61892e-05
28.531074084 	 3.57631e-05
28.5476909006 	 3.64886e-05
28.5643077172 	 5.44156e-05
28.5809245338 	 6.53266e-05
28.5975413504 	 6.60535e-05
28.614158167 	 6.27166e-05
28.6307749836 	 6.13227e-05
28.6473918002 	 5.14644e-05
28.6640086168 	 3.52128e-05
28.6806254334 	 3.37585e-05
28.6972422499 	 2.58765e-05
28.7138590665 	 2.13049e-05
28.7304758831 	 2.87697e-05
28.7470926997 	 2.64213e-05
28.7637095163 	 4.09216e-05
28.7803263329 	 2.86016e-05
28.7969431495 	 1.63013e-05
28.8135599661 	 1.72732e-05
28.8301767827 	 1.82887e-05
28.8467935992 	 2.45803e-05
28.8634104158 	 2.78747e-05
28.8800272324 	 1.76796e-05
28.896644049 	 1.91728e-05
28.9132608656 	 2.25774e-05
28.9298776822 	 1.32635e-05
28.9464944988 	 1.06318e-05
28.9631113154 	 1.87512e-05
28.979728132 	 1.70613e-05
28.9963449486 	 8.15647e-06
29.0129617651 	 1.58086e-05
29.0295785817 	 2.03786e-05
29.0461953983 	 2.44849e-05
29.0628122149 	 7.71957e-06
29.0794290315 	 1.2104e-05
29.0960458481 	 2.1384e-05
29.1126626647 	 2.7204e-05
29.1292794813 	 2.50264e-05
29.1458962979 	 3.68042e-05
29.1625131144 	 3.29482e-05
29.179129931 	 1.58255e-05
29.1957467476 	 1.24144e-05
29.2123635642 	 1.65942e-05
29.2289803808 	 1.08909e-05
29.2455971974 	 1.64232e-06
29.262214014 	 1.00322e-05
29.2788308306 	 1.69705e-05
29.2954476472 	 1.65962e-05
29.3120644637 	 3.01676e-06
29.3286812803 	 2.04084e-05
29.3452980969 	 3.2211e-05
29.3619149135 	 4.45296e-05
29.3785317301 	 4.08564e-05
29.3951485467 	 2.09498e-05
29.4117653633 	 1.96866e-05
29.4283821799 	 2.58494e-05
29.4449989965 	 2.98617e-05
29.4616158131 	 4.60061e-06
29.4782326296 	 1.19804e-05
29.4948494462 	 1.98902e-05
29.5114662628 	 2.42533e-05
29.5280830794 	 2.86211e-05
29.544699896 	 1.33295e-05
29.5613167126 	 2.18745e-05
29.5779335292 	 2.90969e-05
29.5945503458 	 3.2972e-05
29.6111671624 	 2.86975e-05
29.6277839789 	 2.59764e-05
29.6444007955 	 2.48638e-05
29.6610176121 	 3.63445e-05
29.6776344287 	 4.90798e-05
29.6942512453 	 4.72468e-05
29.7108680619 	 3.88973e-05
29.7274848785 	 4.65154e-05
29.7441016951 	 5.24415e-05
29.7607185117 	 4.3092e-05
29.7773353283 	 3.83364e-05
29.7939521448 	 4.78317e-05
29.8105689614 	 4.87588e-05
29.827185778 	 4.19332e-05
29.8438025946 	 3.2888e-05
29.8604194112 	 3.00289e-05
29.8770362278 	 4.00372e-05
29.8936530444 	 5.26382e-05
29.910269861 	 5.66913e-05
29.9268866776 	 5.07601e-05
29.9435034941 	 5.10119e-05
29.9601203107 	 4.1324e-05
29.9767371273 	 4.98142e-05
29.9933539439 	 4.7906e-05
30.0099707605 	 3.57886e-05
30.0265875771 	 3.20897e-05
30.0432043937 	 2.58501e-05
30.0598212103 	 2.87974e-05
30.0764380269 	 2.97424e-05
30.0930548435 	 2.31674e-05
30.10967166 	 2.38286e-05
30.1262884766 	 3.40857e-05
30.1429052932 	 3.59586e-05
30.1595221098 	 3.79215e-05
30.1761389264 	 3.60067e-05
30.192755743 	 2.63942e-05
30.2093725596 	 1.52636e-05
30.2259893762 	 2.63949e-05
30.2426061928 	 2.69781e-05
30.2592230093 	 2.85448e-05
30.2758398259 	 2.89038e-05
30.2924566425 	 2.50238e-05
30.3090734591 	 1.63373e-05
30.3256902757 	 7.89631e-06
30.3423070923 	 1.15119e-05
30.3589239089 	 8.86603e-06
30.3755407255 	 4.05558e-06
30.3921575421 	 9.3323e-06
30.4087743587 	 1.29447e-05
30.4253911752 	 6.91499e-06
30.4420079918 	 1.81821e-05
30.4586248084 	 1.37316e-05
30.475241625 	 1.90624e-05
30.4918584416 	 2.44259e-05
30.5084752582 	 2.31328e-05
30.5250920748 	 1.50477e-05
30.5417088914 	 1.1174e-05
30.558325708 	 1.22892e-05
30.5749425245 	 1.42171e-05
30.5915593411 	 1.64495e-05
30.6081761577 	 8.87854e-06
30.6247929743 	 4.85797e-06
30.6414097909 	 1.42418e-05
30.6580266075 	 2.02607e-05
30.6746434241 	 1.96967e-05
30.6912602407 	 2.60971e-05
30.7078770573 	 1.56636e-05
30.7244938739 	 9.26524e-06
30.7411106904 	 1.609e-05
30.757727507 	 1.76211e-05
30.7743443236 	 1.14907e-05
30.7909611402 	 1.55732e-05
30.8075779568 	 9.20755e-07
30.8241947734 	 6.86625e-06
30.84081159 	 1.75009e-05
30.8574284066 	 2.34184e-05
30.8740452232 	 2.26027e-05
30.8906620397 	 2.23735e-05
30.9072788563 	 2.15917e-05
30.9238956729 	 1.29445e-05
30.9405124895 	 1.17345e-05
30.9571293061 	 8.66013e-06
30.9737461227 	 1.31268e-05
30.9903629393 	 2.1461e-05
31.0069797559 	 2.66236e-05
31.0235965725 	 2.94914e-05
31.0402133891 	 2.66007e-05
31.0568302056 	 2.48092e-05
31.0734470222 	 2.60135e-05
31.0900638388 	 2.49947e-05
31.1066806554 	 2.02511e-05
31.123297472 	 1.05243e-05
31.1399142886 	 1.25682e-05
31.1565311052 	 1.58694e-05
31.1731479218 	 1.78737e-05
31.1897647384 	 2.21703e-05
31.2063815549 	 2.54739e-05
31.2229983715 	 1.97555e-05
31.2396151881 	 1.55133e-05
31.2562320047 	 1.85447e-05
31.2728488213 	 1.92676e-05
31.2894656379 	 1.95336e-05
31.3060824545 	 8.90581e-06
31.3226992711 	 1.08106e-05
31.3393160877 	 1.7237e-05
31.3559329042 	 1.35951e-05
31.3725497208 	 8.52942e-06
31.3891665374 	 2.08447e-06
31.405783354 	 6.65383e-06
31.4224001706 	 1.08497e-05
31.4390169872 	 8.6518e-06
31.4556338038 	 1.13495e-05
31.4722506204 	 1.56907e-05
31.488867437 	 1.47973e-05
31.5054842536 	 1.68893e-05
31.5221010701 	 2.03066e-05
31.5387178867 	 1.71493e-05
31.5553347033 	 1.20117e-05
31.5719515199 	 1.77062e-05
31.5885683365 	 1.94425e-05
31.6051851531 	 2.0803e-05
31.6218019697 	 1.8709e-05
31.6384187863 	 2.3131e-05
31.6550356029 	 2.03253e-05
31.6716524194 	 2.39173e-05
31.688269236 	 2.57789e-05
31.7048860526 	 1.91133e-05
31.7215028692 	 1.17688e-05
31.7381196858 	 1.25158e-05
31.7547365024 	 1.61874e-05
31.771353319 	 2.06238e-05
31.7879701356 	 2.16865e-05
31.8045869522 	 1.61977e-05
31.8212037688 	 1.42943e-05
31.8378205853 	 9.64218e-06
31.8544374019 	 1.05066e-05
31.8710542185 	 1.342e-05
31.8876710351 	 7.06015e-06
31.9042878517 	 5.49126e-06
31.9209046683 	 1.32495e-05
31.9375214849 	 1.35007e-05
31.9541383015 	 5.92782e-06
31.9707551181 	 8.84335e-06
31.9873719346 	 1.39978e-05
32.0039887512 	 9.66556e-06
32.0206055678 	 4.51834e-06
32.0372223844 	 6.51018e-06
32.053839201 	 7.47763e-06
32.0704560176 	 5.51691e-06
32.0870728342 	 3.8068e-06
32.1036896508 	 3.1017e-06
32.1203064674 	 5.34253e-06
32.136923284 	 9.60171e-06
32.1535401005 	 1.03988e-05
32.1701569171 	 1.10989e-05
32.1867737337 	 7.80429e-06
32.2033905503 	 6.58191e-06
32.2200073669 	 1.36051e-06
32.2366241835 	 1.48542e-06
32.2532410001 	 2.16539e-06
32.2698578167 	 2.87105e-06
32.2864746333 	 1.34176e-06
32.3030914498 	 5.54991e-06
32.3197082664 	 7.33324e-06
32.336325083 	 5.59166e-06
32.3529418996 	 3.88643e-06
32.3695587162 	 1.04239e-06
32.3861755328 	 3.96278e-06
32.4027923494 	 5.01476e-06
32.419409166 	 3.42191e-06
32.4360259826 	 3.95155e-06
32.4526427992 	 4.95802e-06
32.4692596157 	 2.23525e-06
32.4858764323 	 6.69439e-07
32.5024932489 	 3.75109e-06
32.5191100655 	 8.30432e-06
32.5357268821 	 9.06325e-06
32.5523436987 	 7.74541e-06
32.5689605153 	 9.57282e-06
32.5855773319 	 1.36016e-05
32.6021941485 	 1.19118e-05
32.618810965 	 1.12679e-05
32.6354277816 	 9.72341e-06
32.6520445982 	 9.02814e-06
32.6686614148 	 9.82792e-06
32.6852782314 	 8.26304e-06
32.701895048 	 5.91761e-06
32.7185118646 	 2.85e-06
32.7351286812 	 5.95385e-06
32.7517454978 	 6.70641e-06
32.7683623144 	 4.25199e-06
32.7849791309 	 1.03948e-05
32.8015959475 	 1.17187e-05
32.8182127641 	 9.94464e-06
32.8348295807 	 8.92929e-06
32.8514463973 	 1.54356e-05
32.8680632139 	 1.82584e-05
32.8846800305 	 1.65263e-05
32.9012968471 	 1.7342e-05
32.9179136637 	 1.77559e-05
32.9345304802 	 1.90475e-05
32.9511472968 	 1.80347e-05
32.9677641134 	 1.47033e-05
32.98438093 	 1.27771e-05
33.0009977466 	 1.16592e-05
33.0176145632 	 1.08913e-05
33.0342313798 	 8.01762e-06
33.0508481964 	 8.58044e-06
33.067465013 	 9.62195e-06
33.0840818296 	 9.39419e-06
33.1006986461 	 7.05783e-06
33.1173154627 	 3.59842e-06
33.1339322793 	 2.74961e-06
33.1505490959 	 5.43826e-06
33.1671659125 	 9.28751e-06
33.1837827291 	 5.61838e-06
33.2003995457 	 6.09958e-06
33.2170163623 	 4.00865e-06
33.2336331789 	 2.08519e-06
33.2502499954 	 3.89025e-06
33.266866812 	 5.94261e-06
33.2834836286 	 5.13539e-06
33.3001004452 	 5.59794e-06
33.3167172618 	 5.43769e-06
33.3333340784 	 4.85384e-06
33.349950895 	 1.98217e-06
33.3665677116 	 2.61663e-06
33.3831845282 	 2.55342e-06
33.3998013447 	 1.33374e-06
33.4164181613 	 2.41934e-06
33.4330349779 	 3.24882e-06
33.4496517945 	 3.32936e-06
33.4662686111 	 7.95106e-06
33.4828854277 	 1.12005e-05
33.4995022443 	 1.04097e-05
33.5161190609 	 8.39712e-06
33.5327358775 	 6.03751e-06
33.5493526941 	 4.91605e-06
33.5659695106 	 6.78448e-06
33.5825863272 	 8.86158e-06
33.5992031438 	 1.08687e-05
33.6158199604 	 6.13657e-06
33.632436777 	 4.38281e-06
33.6490535936 	 6.55997e-06
33.6656704102 	 6.53209e-06
33.6822872268 	 4.53658e-06
33.6989040434 	 4.43374e-06
33.7155208599 	 6.67077e-06
33.7321376765 	 6.1523e-06
33.7487544931 	 5.2928e-06
33.7653713097 	 4.84396e-06
33.7819881263 	 2.56045e-06
33.7986049429 	 4.04144e-06
33.8152217595 	 3.20795e-06
33.8318385761 	 5.11464e-06
33.8484553927 	 5.47799e-06
33.8650722093 	 6.35315e-06
33.8816890258 	 4.22564e-06
33.8983058424 	 1.4211e-06
33.914922659 	 9.6389e-07
33.9315394756 	 2.22097e-06
33.9481562922 	 1.93723e-06
33.9647731088 	 9.00698e-07
33.9813899254 	 1.86251e-06
33.998006742 	 3.50947e-06
34.0146235586 	 2.83091e-06
34.0312403751 	 3.56003e-06
34.0478571917 	 4.17583e-06
34.0644740083 	 6.77161e-06
34.0810908249 	 7.82576e-06
34.0977076415 	 7.09607e-06
34.1143244581 	 6.29582e-06
34.1309412747 	 6.77449e-06
34.1475580913 	 7.47653e-06
34.1641749079 	 6.77704e-06
34.1807917245 	 5.9549e-06
34.197408541 	 4.33128e-06
34.2140253576 	 6.87791e-06
34.2306421742 	 8.73671e-06
34.2472589908 	 1.03196e-05
34.2638758074 	 9.70882e-06
34.280492624 	 9.14328e-06
34.2971094406 	 8.39283e-06
34.3137262572 	 8.38924e-06
34.3303430738 	 7.46943e-06
34.3469598903 	 8.5706e-06
34.3635767069 	 9.34988e-06
34.3801935235 	 8.72697e-06
34.3968103401 	 7.80497e-06
34.4134271567 	 6.30037e-06
34.4300439733 	 6.54919e-06
34.4466607899 	 7.51692e-06
34.4632776065 	 7.29866e-06
34.4798944231 	 6.79304e-06
34.4965112397 	 4.88636e-06
34.5131280562 	 3.90221e-06
34.5297448728 	 3.33939e-06
34.5463616894 	 2.5897e-06
34.562978506 	 3.10945e-06
34.5795953226 	 4.87938e-06
34.5962121392 	 4.3284e-06
34.6128289558 	 3.2806e-06
34.6294457724 	 2.25573e-06
34.646062589 	 2.38911e-06
34.6626794055 	 1.18256e-06
34.6792962221 	 2.79782e-06
34.6959130387 	 2.97091e-06
34.7125298553 	 2.22237e-06
34.7291466719 	 4.03635e-06
34.7457634885 	 4.68935e-06
34.7623803051 	 3.01474e-06
34.7789971217 	 7.16716e-07
34.7956139383 	 2.25746e-06
34.8122307549 	 2.62273e-06
34.8288475714 	 2.54457e-06
34.845464388 	 4.55944e-07
34.8620812046 	 2.17716e-06
34.8786980212 	 3.54996e-06
34.8953148378 	 2.71184e-06
34.9119316544 	 3.21061e-06
34.928548471 	 3.50376e-06
34.9451652876 	 2.81952e-06
34.9617821042 	 2.39803e-06
34.9783989207 	 4.00794e-06
34.9950157373 	 3.79705e-06
35.0116325539 	 3.75489e-06
35.0282493705 	 3.45739e-06
35.0448661871 	 3.93209e-06
35.0614830037 	 3.98583e-06
35.0780998203 	 2.9795e-06
35.0947166369 	 1.18284e-06
35.1113334535 	 2.6015e-07
35.12795027 	 9.88964e-07
35.1445670866 	 1.03738e-06
35.1611839032 	 8.09857e-07
35.1778007198 	 3.65325e-07
35.1944175364 	 8.58557e-07
35.211034353 	 1.82251e-06
35.2276511696 	 3.16896e-06
35.2442679862 	 2.08982e-06
35.2608848028 	 1.60511e-06
35.2775016194 	 1.27201e-06
35.2941184359 	 2.62729e-06
35.3107352525 	 2.53701e-06
35.3273520691 	 2.27626e-06
35.3439688857 	 2.51426e-06
35.3605857023 	 2.73942e-06
35.3772025189 	 2.25956e-06
35.3938193355 	 1.56301e-06
35.4104361521 	 1.83927e-06
35.4270529687 	 1.85914e-06
35.4436697852 	 1.55123e-06
35.4602866018 	 8.12208e-07
35.4769034184 	 1.07271e-06
35.493520235 	 9.52351e-07
35.5101370516 	 1.18361e-06
35.5267538682 	 8.69899e-07
35.5433706848 	 9.7435e-07
35.5599875014 	 6.09414e-07
35.576604318 	 8.18605e-07
35.5932211346 	 8.62521e-07
35.6098379511 	 1.06572e-06
35.6264547677 	 2.40967e-06
35.6430715843 	 2.37998e-06
35.6596884009 	 1.67977e-06
35.6763052175 	 1.57606e-06
35.6929220341 	 2.25858e-06
35.7095388507 	 2.18919e-06
35.7261556673 	 2.16019e-06
35.7427724839 	 2.10483e-06
35.7593893004 	 1.63349e-06
35.776006117 	 8.50331e-07
35.7926229336 	 1.01118e-06
35.8092397502 	 1.74314e-06
35.8258565668 	 1.83335e-06
35.8424733834 	 1.39453e-06
35.8590902 	 8.49046e-07
35.8757070166 	 1.77621e-06
35.8923238332 	 2.7183e-06
35.9089406498 	 3.28124e-06
35.9255574663 	 2.84809e-06
35.9421742829 	 2.15302e-06
35.9587910995 	 2.06292e-06
35.9754079161 	 1.94055e-06
35.9920247327 	 1.36947e-06
36.0086415493 	 1.18982e-06
36.0252583659 	 1.01102e-06
36.0418751825 	 1.10951e-06
36.0584919991 	 1.16465e-06
36.0751088156 	 9.36217e-07
36.0917256322 	 8.82768e-07
36.1083424488 	 1.1339e-06
36.1249592654 	 9.01906e-07
36.141576082 	 4.77055e-07
36.1581928986 	 6.68967e-07
36.1748097152 	 4.97025e-07
36.1914265318 	 5.8827e-07
36.2080433484 	 6.79194e-07
36.224660165 	 5.61888e-07
36.2412769815 	 8.16686e-07
36.2578937981 	 1.36822e-06
36.2745106147 	 1.51717e-06
36.2911274313 	 2.19747e-06
36.3077442479 	 1.88294e-06
36.3243610645 	 1.3585e-06
36.3409778811 	 1.40069e-06
36.3575946977 	 1.83407e-06
36.3742115143 	 1.84684e-06
36.3908283308 	 1.33258e-06
36.4074451474 	 9.67031e-07
36.424061964 	 7.79806e-07
36.4406787806 	 9.79528e-07
36.4572955972 	 9.76407e-07
36.4739124138 	 7.56099e-07
36.4905292304 	 5.73363e-07
36.507146047 	 5.0553e-07
36.5237628636 	 6.19224e-07
36.5403796802 	 5.35124e-07
36.5569964967 	 3.26145e-07
36.5736133133 	 7.20135e-08
36.5902301299 	 1.65445e-07
36.6068469465 	 4.64537e-07
36.6234637631 	 6.54608e-07
36.6400805797 	 4.63261e-07
36.6566973963 	 2.40514e-07
36.6733142129 	 6.18031e-07
36.6899310295 	 7.83938e-07
36.706547846 	 1.10564e-06
36.7231646626 	 1.18112e-06
36.7397814792 	 1.23714e-06
36.7563982958 	 1.12212e-06
36.7730151124 	 1.01766e-06
36.789631929 	 1.20021e-06
36.8062487456 	 1.23197e-06
36.8228655622 	 1.48173e-06
36.8394823788 	 1.37597e-06
36.8560991954 	 1.18808e-06
36.8727160119 	 1.39642e-06
36.8893328285 	 1.30579e-06
36.9059496451 	 1.36862e-06
36.9225664617 	 1.38521e-06
36.9391832783 	 1.19515e-06
36.9558000949 	 9.26352e-07
36.9724169115 	 8.70072e-07
36.9890337281 	 1.22994e-06
37.0056505447 	 1.23691e-06
37.0222673612 	 8.48893e-07
37.0388841778 	 1.06934e-06
37.0555009944 	 1.31673e-06
37.072117811 	 1.06109e-06
37.0887346276 	 1.27037e-06
37.1053514442 	 1.37741e-06
37.1219682608 	 1.17747e-06
37.1385850774 	 1.41855e-06
37.155201894 	 1.28465e-06
37.1718187105 	 1.15501e-06
37.1884355271 	 1.21778e-06
37.2050523437 	 1.18847e-06
37.2216691603 	 1.45045e-06
37.2382859769 	 1.35676e-06
37.2549027935 	 9.09343e-07
37.2715196101 	 1.25024e-06
37.2881364267 	 1.42086e-06
37.3047532433 	 1.53313e-06
37.3213700599 	 1.6285e-06
37.3379868764 	 1.40637e-06
37.354603693 	 1.27193e-06
37.3712205096 	 1.07226e-06
37.3878373262 	 8.30633e-07
37.4044541428 	 9.31971e-07
37.4210709594 	 1.1506e-06
37.437687776 	 1.18646e-06
37.4543045926 	 1.10926e-06
37.4709214092 	 1.19598e-06
37.4875382257 	 1.15044e-06
37.5041550423 	 1.0775e-06
37.5207718589 	 9.76848e-07
37.5373886755 	 1.07399e-06
37.5540054921 	 1.10967e-06
37.5706223087 	 9.58537e-07
37.5872391253 	 1.01998e-06
37.6038559419 	 1.07409e-06
37.6204727585 	 9.13863e-07
37.6370895751 	 6.06611e-07
37.6537063916 	 5.82809e-07
37.6703232082 	 5.41638e-07
37.6869400248 	 4.07048e-07
37.7035568414 	 4.41739e-07
37.720173658 	 5.45577e-07
37.7367904746 	 4.18663e-07
37.7534072912 	 4.93859e-07
37.7700241078 	 7.02743e-07
37.7866409244 	 6.26332e-07
37.8032577409 	 6.76649e-07
37.8198745575 	 7.069e-07
37.8364913741 	 7.50609e-07
37.8531081907 	 8.35418e-07
37.8697250073 	 9.13448e-07
37.8863418239 	 9.89091e-07
37.9029586405 	 1.10273e-06
37.9195754571 	 1.0656e-06
37.9361922737 	 1.09432e-06
37.9528090903 	 1.15789e-06
37.9694259068 	 1.29956e-06
37.9860427234 	 1.36716e-06
38.00265954 	 1.18232e-06
38.0192763566 	 1.19585e-06
38.0358931732 	 1.18094e-06
38.0525099898 	 1.03326e-06
38.0691268064 	 1.02972e-06
38.085743623 	 1.0955e-06
38.1023604396 	 1.14591e-06
38.1189772561 	 1.06753e-06
38.1355940727 	 1.03625e-06
38.1522108893 	 1.04219e-06
38.1688277059 	 1.06593e-06
38.1854445225 	 1.02629e-06
38.2020613391 	 9.88581e-07
38.2186781557 	 9.94863e-07
38.2352949723 	 8.67343e-07
38.2519117889 	 8.36759e-07
38.2685286055 	 8.95946e-07
38.285145422 	 9.81012e-07
38.3017622386 	 1.04247e-06
38.3183790552 	 1.04021e-06
38.3349958718 	 8.77457e-07
38.3516126884 	 9.17969e-07
38.368229505 	 9.09963e-07
38.3848463216 	 8.82206e-07
38.4014631382 	 9.58642e-07
38.4180799548 	 8.72532e-07
38.4346967713 	 8.85979e-07
38.4513135879 	 9.88381e-07
38.4679304045 	 9.62206e-07
38.4845472211 	 9.53729e-07
38.5011640377 	 8.90964e-07
38.5177808543 	 8.67726e-07
38.5343976709 	 9.14721e-07
38.5510144875 	 8.67303e-07
38.5676313041 	 7.89977e-07
38.5842481207 	 7.8944e-07
38.6008649372 	 8.77046e-07
38.6174817538 	 9.00549e-07
38.6340985704 	 8.93728e-07
38.650715387 	 8.23954e-07
38.6673322036 	 8.2078e-07
38.6839490202 	 8.15262e-07
38.7005658368 	 8.32139e-07
38.7171826534 	 7.97879e-07
38.73379947 	 7.65182e-07
38.7504162865 	 9.20667e-07
38.7670331031 	 9.98968e-07
38.7836499197 	 9.37e-07
38.8002667363 	 9.40304e-07
38.8168835529 	 9.77067e-07
38.8335003695 	 9.86087e-07
38.8501171861 	 1.02429e-06
38.8667340027 	 1.10263e-06
38.8833508193 	 1.04486e-06
38.8999676358 	 9.67472e-07
38.9165844524 	 9.94228e-07
38.933201269 	 1.02052e-06
38.9498180856 	 1.0533e-06
38.9664349022 	 1.02009e-06
38.9830517188 	 1.07465e-06
38.9996685354 	 1.08813e-06
39.016285352 	 1.03967e-06
39.0329021686 	 9.72457e-07
39.0495189852 	 9.25836e-07
39.0661358017 	 9.48748e-07
39.0827526183 	 9.90768e-07
39.0993694349 	 1.02133e-06
39.1159862515 	 1.03809e-06
39.1326030681 	 9.94443e-07
39.1492198847 	 9.59638e-07
39.1658367013 	 1.00904e-06
39.1824535179 	 9.93534e-07
39.1990703345 	 9.76269e-07
39.215687151 	 9.37268e-07
39.2323039676 	 9.43182e-07
39.2489207842 	 9.3094e-07
39.2655376008 	 8.92366e-07
39.2821544174 	 9.17782e-07
39.298771234 	 9.36989e-07
39.3153880506 	 8.9886e-07
39.3320048672 	 8.96369e-07
39.3486216838 	 9.09778e-07
39.3652385004 	 9.3088e-07
39.3818553169 	 9.69229e-07
39.3984721335 	 9.68515e-07
39.4150889501 	 9.79196e-07
39.4317057667 	 9.51047e-07
39.4483225833 	 9.03812e-07
39.4649393999 	 9.14207e-07
39.4815562165 	 9.22393e-07
39.4981730331 	 9.65181e-07
39.5147898497 	 9.98792e-07
39.5314066662 	 9.83302e-07
39.5480234828 	 9.36689e-07
39.5646402994 	 9.2494e-07
39.581257116 	 9.44854e-07
39.5978739326 	 9.66179e-07
39.6144907492 	 9.84329e-07
39.6311075658 	 9.7586e-07
39.6477243824 	 9.59375e-07
39.664341199 	 9.40469e-07
39.6809580156 	 1.00106e-06
39.6975748321 	 1.04867e-06
39.7141916487 	 1.03428e-06
39.7308084653 	 1.01443e-06
39.7474252819 	 1.01774e-06
39.7640420985 	 9.78201e-07
39.7806589151 	 9.73216e-07
39.7972757317 	 9.57711e-07
39.8138925483 	 9.47068e-07
39.8305093649 	 9.73817e-07
39.8471261814 	 1.01106e-06
39.863742998 	 1.02734e-06
39.8803598146 	 9.9839e-07
39.8969766312 	 9.79281e-07
39.9135934478 	 9.67449e-07
39.9302102644 	 9.94074e-07
39.946827081 	 9.96697e-07
39.9634438976 	 9.7411e-07
39.9800607142 	 9.44601e-07
39.9966775308 	 9.36652e-07
40.0132943473 	 9.48678e-07
40.0299111639 	 9.21529e-07
40.0465279805 	 9.09075e-07
40.0631447971 	 8.98773e-07
40.0797616137 	 9.13635e-07
40.0963784303 	 9.07096e-07
40.1129952469 	 8.94837e-07
40.1296120635 	 8.84648e-07
40.1462288801 	 8.92143e-07
40.1628456966 	 9.1224e-07
40.1794625132 	 9.16164e-07
40.1960793298 	 9.05916e-07
40.2126961464 	 8.80805e-07
40.229312963 	 8.95773e-07
40.2459297796 	 9.14271e-07
40.2625465962 	 9.20879e-07
40.2791634128 	 9.17713e-07
40.2957802294 	 9.34025e-07
40.312397046 	 9.20791e-07
40.3290138625 	 9.30407e-07
40.3456306791 	 9.34012e-07
40.3622474957 	 9.22878e-07
40.3788643123 	 9.3e-07
40.3954811289 	 9.48021e-07
40.4120979455 	 9.67062e-07
40.4287147621 	 9.70546e-07
40.4453315787 	 9.82142e-07
40.4619483953 	 9.67659e-07
40.4785652118 	 9.61412e-07
40.4951820284 	 9.4845e-07
40.511798845 	 9.67462e-07
40.5284156616 	 9.94311e-07
40.5450324782 	 1.00269e-06
40.5616492948 	 9.9501e-07
40.5782661114 	 9.72685e-07
40.594882928 	 9.51898e-07
40.6114997446 	 9.3809e-07
40.6281165612 	 9.55453e-07
40.6447333777 	 9.54398e-07
40.6613501943 	 9.61334e-07
40.6779670109 	 9.63152e-07
40.6945838275 	 9.68911e-07
40.7112006441 	 9.72672e-07
40.7278174607 	 9.6859e-07
40.7444342773 	 9.72095e-07
40.7610510939 	 9.70691e-07
40.7776679105 	 9.72169e-07
40.794284727 	 9.69388e-07
40.8109015436 	 9.64696e-07
40.8275183602 	 9.69855e-07
40.8441351768 	 9.85107e-07
40.8607519934 	 9.81856e-07
40.87736881 	 9.75958e-07
40.8939856266 	 9.56368e-07
40.9106024432 	 9.57382e-07
40.9272192598 	 9.66317e-07
40.9438360763 	 9.62447e-07
40.9604528929 	 9.56722e-07
40.9770697095 	 9.48719e-07
40.9936865261 	 9.54092e-07
41.0103033427 	 9.51386e-07
41.0269201593 	 9.49008e-07
41.0435369759 	 9.48229e-07
41.0601537925 	 9.57813e-07
41.0767706091 	 9.60324e-07
41.0933874257 	 9.61718e-07
41.1100042422 	 9.62742e-07
41.1266210588 	 9.5435e-07
41.1432378754 	 9.45871e-07
41.159854692 	 9.45708e-07
41.1764715086 	 9.50952e-07
41.1930883252 	 9.41565e-07
41.2097051418 	 9.36834e-07
41.2263219584 	 9.4431e-07
41.242938775 	 9.49125e-07
41.2595555915 	 9.46894e-07
41.2761724081 	 9.39277e-07
41.2927892247 	 9.41169e-07
41.3094060413 	 9.39085e-07
41.3260228579 	 9.5044e-07
41.3426396745 	 9.46346e-07
41.3592564911 	 9.43588e-07
41.3758733077 	 9.43049e-07
41.3924901243 	 9.49983e-07
41.4091069409 	 9.53995e-07
41.4257237574 	 9.54122e-07
41.442340574 	 9.53086e-07
41.4589573906 	 9.4996e-07
41.4755742072 	 9.51345e-07
41.4921910238 	 9.5793e-07
41.5088078404 	 9.61948e-07
41.525424657 	 9.59552e-07
41.5420414736 	 9.62031e-07
41.5586582902 	 9.62009e-07
41.5752751067 	 9.60472e-07
41.5918919233 	 9.62162e-07
41.6085087399 	 9.60824e-07
41.6251255565 	 9.61024e-07
41.6417423731 	 9.58649e-07
41.6583591897 	 9.57009e-07
41.6749760063 	 9.57189e-07
41.6915928229 	 9.61101e-07
41.7082096395 	 9.61446e-07
41.7248264561 	 9.61326e-07
41.7414432726 	 9.60437e-07
41.7580600892 	 9.56367e-07
41.7746769058 	 9.57065e-07
41.7912937224 	 9.60154e-07
41.807910539 	 9.60567e-07
41.8245273556 	 9.60965e-07
41.8411441722 	 9.63299e-07
41.8577609888 	 9.59752e-07
41.8743778054 	 9.59577e-07
41.8909946219 	 9.61908e-07
41.9076114385 	 9.64066e-07
41.9242282551 	 9.61904e-07
41.9408450717 	 9.57316e-07
41.9574618883 	 9.59167e-07
41.9740787049 	 9.62921e-07
41.9906955215 	 9.63207e-07
42.0073123381 	 9.60685e-07
42.0239291547 	 9.57729e-07
42.0405459713 	 9.56303e-07
42.0571627878 	 9.58198e-07
42.0737796044 	 9.56745e-07
42.090396421 	 9.54995e-07
42.1070132376 	 9.54558e-07
42.1236300542 	 9.55626e-07
42.1402468708 	 9.56388e-07
42.1568636874 	 9.57272e-07
42.173480504 	 9.57094e-07
42.1900973206 	 9.55689e-07
42.2067141371 	 9.56647e-07
42.2233309537 	 9.57845e-07
42.2399477703 	 9.58633e-07
42.2565645869 	 9.57129e-07
42.2731814035 	 9.56499e-07
42.2897982201 	 9.57523e-07
42.3064150367 	 9.56847e-07
42.3230318533 	 9.55635e-07
42.3396486699 	 9.56945e-07
42.3562654865 	 9.57919e-07
42.372882303 	 9.59978e-07
42.3894991196 	 9.6063e-07
42.4061159362 	 9.60607e-07
42.4227327528 	 9.61969e-07
42.4393495694 	 9.60633e-07
42.455966386 	 9.60694e-07
42.4725832026 	 9.60315e-07
42.4892000192 	 9.60821e-07
42.5058168358 	 9.60591e-07
42.5224336523 	 9.60761e-07
42.5390504689 	 9.61016e-07
42.5556672855 	 9.62091e-07
42.5722841021 	 9.61705e-07
42.5889009187 	 9.60123e-07
42.6055177353 	 9.60817e-07
42.6221345519 	 9.59701e-07
42.6387513685 	 9.586e-07
42.6553681851 	 9.59824e-07
42.6719850016 	 9.60256e-07
42.6886018182 	 9.59412e-07
42.7052186348 	 9.58725e-07
42.7218354514 	 9.60153e-07
42.738452268 	 9.60373e-07
42.7550690846 	 9.60562e-07
42.7716859012 	 9.59599e-07
42.7883027178 	 9.58223e-07
42.8049195344 	 9.5718e-07
42.821536351 	 9.57618e-07
42.8381531675 	 9.58439e-07
42.8547699841 	 9.59669e-07
42.8713868007 	 9.59875e-07
42.8880036173 	 9.59227e-07
42.9046204339 	 9.59449e-07
42.9212372505 	 9.5923e-07
42.9378540671 	 9.59561e-07
42.9544708837 	 9.58642e-07
42.9710877003 	 9.58014e-07
42.9877045168 	 9.57616e-07
43.0043213334 	 9.57852e-07
43.02093815 	 9.58575e-07
43.0375549666 	 9.59375e-07
43.0541717832 	 9.59082e-07
43.0707885998 	 9.58668e-07
43.0874054164 	 9.58156e-07
43.104022233 	 9.58077e-07
43.1206390496 	 9.58694e-07
43.1372558662 	 9.59102e-07
43.1538726827 	 9.5978e-07
43.1704894993 	 9.5961e-07
43.1871063159 	 9.59077e-07
43.2037231325 	 9.58854e-07
43.2203399491 	 9.5948e-07
43.2369567657 	 9.60018e-07
43.2535735823 	 9.60409e-07
43.2701903989 	 9.60133e-07
43.2868072155 	 9.59586e-07
43.303424032 	 9.59953e-07
43.3200408486 	 9.60186e-07
43.3366576652 	 9.60164e-07
43.3532744818 	 9.60142e-07
43.3698912984 	 9.60286e-07
43.386508115 	 9.60176e-07
43.4031249316 	 9.60209e-07
43.4197417482 	 9.6041e-07
43.4363585648 	 9.60536e-07
43.4529753814 	 9.60658e-07
43.4695921979 	 9.60083e-07
43.4862090145 	 9.60117e-07
43.5028258311 	 9.60187e-07
43.5194426477 	 9.5997e-07
43.5360594643 	 9.60167e-07
43.5526762809 	 9.60709e-07
43.5692930975 	 9.61296e-07
43.5859099141 	 9.61594e-07
43.6025267307 	 9.6158e-07
43.6191435472 	 9.61306e-07
43.6357603638 	 9.61472e-07
43.6523771804 	 9.61125e-07
43.668993997 	 9.61059e-07
43.6856108136 	 9.61235e-07
43.7022276302 	 9.61298e-07
43.7188444468 	 9.61356e-07
43.7354612634 	 9.61023e-07
43.75207808 	 9.60496e-07
43.7686948966 	 9.6032e-07
43.7853117131 	 9.60729e-07
43.8019285297 	 9.60809e-07
43.8185453463 	 9.60835e-07
43.8351621629 	 9.61084e-07
43.8517789795 	 9.60964e-07
43.8683957961 	 9.60881e-07
43.8850126127 	 9.61144e-07
43.9016294293 	 9.61484e-07
43.9182462459 	 9.61753e-07
43.9348630624 	 9.61908e-07
43.951479879 	 9.6183e-07
43.9680966956 	 9.61689e-07
43.9847135122 	 9.61499e-07
44.0013303288 	 9.61443e-07
44.0179471454 	 9.61443e-07
44.034563962 	 9.61539e-07
44.0511807786 	 9.61508e-07
44.0677975952 	 9.61429e-07
44.0844144118 	 9.61441e-07
44.1010312283 	 9.61499e-07
44.1176480449 	 9.61476e-07
44.1342648615 	 9.61503e-07
44.1508816781 	 9.61316e-07
44.1674984947 	 9.61313e-07
44.1841153113 	 9.61583e-07
44.2007321279 	 9.61823e-07
44.2173489445 	 9.61643e-07
44.2339657611 	 9.61754e-07
44.2505825776 	 9.6195e-07
44.2671993942 	 9.6189e-07
44.2838162108 	 9.61803e-07
44.3004330274 	 9.61665e-07
44.317049844 	 9.61741e-07
44.3336666606 	 9.61957e-07
44.3502834772 	 9.61979e-07
44.3669002938 	 9.61822e-07
44.3835171104 	 9.61926e-07
44.400133927 	 9.61895e-07
44.4167507435 	 9.61986e-07
44.4333675601 	 9.61833e-07
44.4499843767 	 9.61919e-07
44.4666011933 	 9.62026e-07
44.4832180099 	 9.62081e-07
44.4998348265 	 9.62113e-07
44.5164516431 	 9.6223e-07
44.5330684597 	 9.62061e-07
44.5496852763 	 9.62148e-07
44.5663020928 	 9.62103e-07
44.5829189094 	 9.62228e-07
44.599535726 	 9.62225e-07
44.6161525426 	 9.62137e-07
44.6327693592 	 9.62088e-07
44.6493861758 	 9.6241e-07
44.6660029924 	 9.62345e-07
44.682619809 	 9.62359e-07
44.6992366256 	 9.62369e-07
44.7158534421 	 9.62294e-07
44.7324702587 	 9.62379e-07
44.7490870753 	 9.62459e-07
44.7657038919 	 9.62361e-07
44.7823207085 	 9.62443e-07
44.7989375251 	 9.62399e-07
44.8155543417 	 9.62389e-07
44.8321711583 	 9.62367e-07
44.8487879749 	 9.62261e-07
44.8654047915 	 9.62303e-07
44.882021608 	 9.62279e-07
44.8986384246 	 9.62296e-07
44.9152552412 	 9.6245e-07
44.9318720578 	 9.62543e-07
44.9484888744 	 9.6269e-07
44.965105691 	 9.62668e-07
44.9817225076 	 9.62538e-07
44.9983393242 	 9.62504e-07
45.0149561408 	 9.62573e-07
45.0315729573 	 9.62604e-07
45.0481897739 	 9.62556e-07
45.0648065905 	 9.62742e-07
45.0814234071 	 9.62745e-07
45.0980402237 	 9.62853e-07
45.1146570403 	 9.62797e-07
45.1312738569 	 9.62842e-07
45.1478906735 	 9.62962e-07
45.1645074901 	 9.62905e-07
45.1811243067 	 9.62859e-07
45.1977411232 	 9.63024e-07
45.2143579398 	 9.63086e-07
45.2309747564 	 9.62977e-07
45.247591573 	 9.62892e-07
45.2642083896 	 9.62956e-07
45.2808252062 	 9.63161e-07
45.2974420228 	 9.63069e-07
45.3140588394 	 9.62961e-07
45.330675656 	 9.63053e-07
45.3472924725 	 9.63284e-07
45.3639092891 	 9.63207e-07
45.3805261057 	 9.63146e-07
45.3971429223 	 9.63073e-07
45.4137597389 	 9.6318e-07
45.4303765555 	 9.63101e-07
45.4469933721 	 9.63195e-07
45.4636101887 	 9.63341e-07
45.4802270053 	 9.63291e-07
45.4968438219 	 9.63208e-07
45.5134606384 	 9.63338e-07
45.530077455 	 9.6327e-07
45.5466942716 	 9.63269e-07
45.5633110882 	 9.6315e-07
45.5799279048 	 9.63069e-07
45.5965447214 	 9.63213e-07
45.613161538 	 9.63254e-07
45.6297783546 	 9.63364e-07
45.6463951712 	 9.63452e-07
45.6630119877 	 9.63526e-07
45.6796288043 	 9.63346e-07
45.6962456209 	 9.63386e-07
45.7128624375 	 9.63467e-07
45.7294792541 	 9.63505e-07
45.7460960707 	 9.63455e-07
45.7627128873 	 9.63343e-07
45.7793297039 	 9.63503e-07
45.7959465205 	 9.63672e-07
45.8125633371 	 9.63637e-07
45.8291801536 	 9.63728e-07
45.8457969702 	 9.63671e-07
45.8624137868 	 9.63611e-07
45.8790306034 	 9.63561e-07
45.89564742 	 9.63615e-07
45.9122642366 	 9.63588e-07
45.9288810532 	 9.63575e-07
45.9454978698 	 9.63464e-07
45.9621146864 	 9.63571e-07
45.9787315029 	 9.63723e-07
45.9953483195 	 9.6379e-07
46.0119651361 	 9.6376e-07
46.0285819527 	 9.63894e-07
46.0451987693 	 9.63706e-07
46.0618155859 	 9.63797e-07
46.0784324025 	 9.63791e-07
46.0950492191 	 9.63829e-07
46.1116660357 	 9.63787e-07
46.1282828523 	 9.63816e-07
46.1448996688 	 9.63854e-07
46.1615164854 	 9.63912e-07
46.178133302 	 9.63945e-07
46.1947501186 	 9.64042e-07
46.2113669352 	 9.63918e-07
46.2279837518 	 9.64015e-07
46.2446005684 	 9.64002e-07
46.261217385 	 9.64043e-07
46.2778342016 	 9.63908e-07
46.2944510181 	 9.63997e-07
46.3110678347 	 9.64032e-07
46.3276846513 	 9.64154e-07
46.3443014679 	 9.64236e-07
46.3609182845 	 9.64101e-07
46.3775351011 	 9.6408e-07
46.3941519177 	 9.64105e-07
46.4107687343 	 9.63944e-07
46.4273855509 	 9.64096e-07
46.4440023674 	 9.64227e-07
46.460619184 	 9.64264e-07
46.4772360006 	 9.64281e-07
46.4938528172 	 9.64326e-07
46.5104696338 	 9.64295e-07
46.5270864504 	 9.64226e-07
46.543703267 	 9.64218e-07
46.5603200836 	 9.64282e-07
46.5769369002 	 9.64264e-07
46.5935537168 	 9.64272e-07
46.6101705333 	 9.64314e-07
46.6267873499 	 9.64279e-07
46.6434041665 	 9.6431e-07
46.6600209831 	 9.64242e-07
46.6766377997 	 9.64314e-07
46.6932546163 	 9.64328e-07
46.7098714329 	 9.64489e-07
46.7264882495 	 9.64508e-07
46.7431050661 	 9.64642e-07
46.7597218826 	 9.64636e-07
46.7763386992 	 9.64468e-07
46.7929555158 	 9.64448e-07
46.8095723324 	 9.64507e-07
46.826189149 	 9.6441e-07
46.8428059656 	 9.64343e-07
46.8594227822 	 9.64471e-07
46.8760395988 	 9.64514e-07
46.8926564154 	 9.64522e-07
46.909273232 	 9.64651e-07
46.9258900485 	 9.64689e-07
46.9425068651 	 9.64585e-07
46.9591236817 	 9.64584e-07
46.9757404983 	 9.64624e-07
46.9923573149 	 9.64652e-07
47.0089741315 	 9.64669e-07
47.0255909481 	 9.64592e-07
47.0422077647 	 9.64534e-07
47.0588245813 	 9.64475e-07
47.0754413978 	 9.64588e-07
47.0920582144 	 9.64527e-07
47.108675031 	 9.64667e-07
47.1252918476 	 9.64674e-07
47.1419086642 	 9.64582e-07
47.1585254808 	 9.64588e-07
47.1751422974 	 9.64678e-07
47.191759114 	 9.6465e-07
47.2083759306 	 9.64712e-07
47.2249927472 	 9.6473e-07
47.2416095637 	 9.64706e-07
47.2582263803 	 9.64745e-07
47.2748431969 	 9.64696e-07
47.2914600135 	 9.64663e-07
47.3080768301 	 9.64743e-07
47.3246936467 	 9.64715e-07
47.3413104633 	 9.64642e-07
47.3579272799 	 9.64853e-07
47.3745440965 	 9.64841e-07
47.391160913 	 9.64642e-07
47.4077777296 	 9.64702e-07
47.4243945462 	 9.64861e-07
47.4410113628 	 9.64985e-07
47.4576281794 	 9.6489e-07
47.474244996 	 9.64919e-07
47.4908618126 	 9.64935e-07
47.5074786292 	 9.64781e-07
47.5240954458 	 9.6485e-07
47.5407122624 	 9.64972e-07
47.5573290789 	 9.64966e-07
47.5739458955 	 9.64937e-07
47.5905627121 	 9.64915e-07
47.6071795287 	 9.64917e-07
47.6237963453 	 9.65028e-07
47.6404131619 	 9.65147e-07
47.6570299785 	 9.65071e-07
47.6736467951 	 9.65049e-07
47.6902636117 	 9.64976e-07
47.7068804282 	 9.64878e-07
47.7234972448 	 9.64878e-07
47.7401140614 	 9.64866e-07
47.756730878 	 9.64866e-07
47.7733476946 	 9.65028e-07
47.7899645112 	 9.6512e-07
47.8065813278 	 9.65266e-07
47.8231981444 	 9.65135e-07
47.839814961 	 9.65184e-07
47.8564317776 	 9.6516e-07
47.8730485941 	 9.65341e-07
47.8896654107 	 9.65347e-07
47.9062822273 	 9.65246e-07
47.9228990439 	 9.65156e-07
47.9395158605 	 9.65161e-07
47.9561326771 	 9.65274e-07
47.9727494937 	 9.6538e-07
47.9893663103 	 9.65402e-07
48.0059831269 	 9.6531e-07
48.0225999434 	 9.65266e-07
48.03921676 	 9.65378e-07
48.0558335766 	 9.65225e-07
48.0724503932 	 9.65183e-07
48.0890672098 	 9.65325e-07
48.1056840264 	 9.65285e-07
48.122300843 	 9.65176e-07
48.1389176596 	 9.65176e-07
48.1555344762 	 9.65314e-07
48.1721512928 	 9.65337e-07
48.1887681093 	 9.65201e-07
48.2053849259 	 9.65155e-07
48.2220017425 	 9.6512e-07
48.2386185591 	 9.65058e-07
48.2552353757 	 9.65159e-07
48.2718521923 	 9.65219e-07
48.2884690089 	 9.65218e-07
48.3050858255 	 9.6518e-07
48.3217026421 	 9.65359e-07
48.3383194586 	 9.65334e-07
48.3549362752 	 9.65339e-07
48.3715530918 	 9.6511e-07
48.3881699084 	 9.65325e-07
48.404786725 	 9.65446e-07
48.4214035416 	 9.65439e-07
48.4380203582 	 9.65299e-07
48.4546371748 	 9.65441e-07
48.4712539914 	 9.65354e-07
48.4878708079 	 9.65343e-07
48.5044876245 	 9.65445e-07
48.5211044411 	 9.65639e-07
48.5377212577 	 9.65532e-07
48.5543380743 	 9.65518e-07
48.5709548909 	 9.65534e-07
48.5875717075 	 9.65566e-07
48.6041885241 	 9.65514e-07
48.6208053407 	 9.65435e-07
48.6374221573 	 9.6534e-07
48.6540389738 	 9.65323e-07
48.6706557904 	 9.65233e-07
48.687272607 	 9.65332e-07
48.7038894236 	 9.65484e-07
48.7205062402 	 9.65533e-07
48.7371230568 	 9.65434e-07
48.7537398734 	 9.65389e-07
48.77035669 	 9.6539e-07
48.7869735066 	 9.65309e-07
48.8035903231 	 9.65534e-07
48.8202071397 	 9.65463e-07
48.8368239563 	 9.65472e-07
48.8534407729 	 9.65425e-07
48.8700575895 	 9.65541e-07
48.8866744061 	 9.65593e-07
48.9032912227 	 9.65661e-07
48.9199080393 	 9.65598e-07
48.9365248559 	 9.65531e-07
48.9531416725 	 9.65435e-07
48.969758489 	 9.654e-07
48.9863753056 	 9.65452e-07
49.0029921222 	 9.65491e-07
49.0196089388 	 9.65473e-07
49.0362257554 	 9.65664e-07
49.052842572 	 9.65705e-07
49.0694593886 	 9.65854e-07
49.0860762052 	 9.65686e-07
49.1026930218 	 9.65464e-07
49.1193098383 	 9.65319e-07
49.1359266549 	 9.65568e-07
49.1525434715 	 9.65505e-07
49.1691602881 	 9.65541e-07
49.1857771047 	 9.65634e-07
49.2023939213 	 9.65634e-07
49.2190107379 	 9.65521e-07
49.2356275545 	 9.65501e-07
49.2522443711 	 9.6571e-07
49.2688611877 	 9.65568e-07
49.2854780042 	 9.65602e-07
49.3020948208 	 9.65625e-07
49.3187116374 	 9.65592e-07
49.335328454 	 9.65601e-07
49.3519452706 	 9.65743e-07
49.3685620872 	 9.65653e-07
49.3851789038 	 9.65452e-07
49.4017957204 	 9.65437e-07
49.418412537 	 9.65551e-07
49.4350293535 	 9.65608e-07
49.4516461701 	 9.65608e-07
49.4682629867 	 9.65647e-07
49.4848798033 	 9.65678e-07
49.5014966199 	 9.65763e-07
49.5181134365 	 9.6564e-07
49.5347302531 	 9.65655e-07
49.5513470697 	 9.65609e-07
49.5679638863 	 9.65675e-07
49.5845807029 	 9.65637e-07
49.6011975194 	 9.65608e-07
49.617814336 	 9.6563e-07
49.6344311526 	 9.65665e-07
49.6510479692 	 9.65663e-07
49.6676647858 	 9.65765e-07
49.6842816024 	 9.65656e-07
49.700898419 	 9.65681e-07
49.7175152356 	 9.65634e-07
49.7341320522 	 9.65717e-07
49.7507488687 	 9.65677e-07
49.7673656853 	 9.65557e-07
49.7839825019 	 9.65697e-07
49.8005993185 	 9.65733e-07
49.8172161351 	 9.65798e-07
49.8338329517 	 9.65671e-07
49.8504497683 	 9.65643e-07
49.8670665849 	 9.6569e-07
49.8836834015 	 9.6562e-07
49.9003002181 	 9.65553e-07
49.9169170346 	 9.65674e-07
49.9335338512 	 9.65762e-07
49.9501506678 	 9.65605e-07
49.9667674844 	 9.65468e-07
49.983384301 	 9.65619e-07
50.0000011176 	 9.65638e-07
