0.0 	 7.01039e-07
0.0166168165894 	 5.21094e-06
0.0332336331789 	 3.41287e-05
0.0498504497683 	 9.68467e-05
0.0664672663577 	 0.000211855
0.0830840829471 	 0.000404733
0.0997008995366 	 0.000488578
0.116317716126 	 0.000295732
0.132934532715 	 0.00172809
0.149551349305 	 0.003226
0.166168165894 	 0.00251905
0.182784982484 	 0.00197053
0.199401799073 	 0.00180803
0.216018615663 	 0.0023536
0.232635432252 	 0.00360265
0.249252248841 	 0.00178947
0.265869065431 	 0.00354097
0.28248588202 	 0.00290224
0.29910269861 	 0.00258012
0.315719515199 	 0.00152734
0.332336331789 	 0.00288058
0.348953148378 	 0.00725704
0.365569964967 	 0.00618731
0.382186781557 	 0.00259236
0.398803598146 	 0.00447197
0.415420414736 	 0.00795751
0.432037231325 	 0.00596255
0.448654047915 	 0.00193707
0.465270864504 	 0.00629432
0.481887681093 	 0.00754209
0.498504497683 	 0.00699956
0.515121314272 	 0.00503711
0.531738130862 	 0.00697977
0.548354947451 	 0.00602693
0.564971764041 	 0.0103182
0.58158858063 	 0.00904329
0.598205397219 	 0.0126773
0.614822213809 	 0.00428771
0.631439030398 	 0.0092763
0.648055846988 	 0.0104359
0.664672663577 	 0.0101906
0.681289480167 	 0.0105514
0.697906296756 	 0.0153517
0.714523113345 	 0.0156667
0.731139929935 	 0.0191584
0.747756746524 	 0.0229862
0.764373563114 	 0.0204764
0.780990379703 	 0.0192052
0.797607196293 	 0.0237581
0.814224012882 	 0.026134
0.830840829471 	 0.0255318
0.847457646061 	 0.0299439
0.86407446265 	 0.033675
0.88069127924 	 0.0322826
0.897308095829 	 0.0309924
0.913924912419 	 0.0313819
0.930541729008 	 0.0378295
0.947158545597 	 0.038183
0.963775362187 	 0.0397927
0.980392178776 	 0.0473474
0.997008995366 	 0.0440692
1.01362581196 	 0.0363272
1.03024262854 	 0.0232287
1.04685944513 	 0.0191651
1.06347626172 	 0.0198663
1.08009307831 	 0.0204058
1.0967098949 	 0.0204961
1.11332671149 	 0.0236074
1.12994352808 	 0.0158811
1.14656034467 	 0.0187475
1.16317716126 	 0.0245055
1.17979397785 	 0.0322304
1.19641079444 	 0.024194
1.21302761103 	 0.0185728
1.22964442762 	 0.0106041
1.24626124421 	 0.00866982
1.2628780608 	 0.0026603
1.27949487739 	 0.0151904
1.29611169398 	 0.0162252
1.31272851056 	 0.0148242
1.32934532715 	 0.0246987
1.34596214374 	 0.0375022
1.36257896033 	 0.0490238
1.37919577692 	 0.0412458
1.39581259351 	 0.0265062
1.4124294101 	 0.0217552
1.42904622669 	 0.0339724
1.44566304328 	 0.0418993
1.46227985987 	 0.0300368
1.47889667646 	 0.030625
1.49551349305 	 0.0276191
1.51213030964 	 0.0313498
1.52874712623 	 0.0365469
1.54536394282 	 0.0417037
1.56198075941 	 0.0286454
1.578597576 	 0.0185067
1.59521439259 	 0.00270692
1.61183120917 	 0.00236069
1.62844802576 	 0.00529178
1.64506484235 	 0.0060932
1.66168165894 	 0.0129979
1.67829847553 	 0.0190355
1.69491529212 	 0.0324849
1.71153210871 	 0.0263656
1.7281489253 	 0.0201361
1.74476574189 	 0.00716494
1.76138255848 	 0.00804108
1.77799937507 	 0.0122414
1.79461619166 	 0.0103568
1.81123300825 	 0.014504
1.82784982484 	 0.0174092
1.84446664143 	 0.0220237
1.86108345802 	 0.0179613
1.87770027461 	 0.0237377
1.89431709119 	 0.0264707
1.91093390778 	 0.0252163
1.92755072437 	 0.0350931
1.94416754096 	 0.0296718
1.96078435755 	 0.0229499
1.97740117414 	 0.0220164
1.99401799073 	 0.0288186
2.01063480732 	 0.0358704
2.02725162391 	 0.0291768
2.0438684405 	 0.0275679
2.06048525709 	 0.00670561
2.07710207368 	 0.00705554
2.09371889027 	 0.0139262
2.11033570686 	 0.0175161
2.12695252345 	 0.0233639
2.14356934004 	 0.0151287
2.16018615663 	 0.00736759
2.17680297321 	 0.00621263
2.1934197898 	 0.00142731
2.21003660639 	 0.00587332
2.22665342298 	 0.0053882
2.24327023957 	 0.0117643
2.25988705616 	 0.0104039
2.27650387275 	 0.0124394
2.29312068934 	 0.01425
2.30973750593 	 0.024626
2.32635432252 	 0.0187122
2.34297113911 	 0.0211132
2.3595879557 	 0.00841157
2.37620477229 	 0.0217945
2.39282158888 	 0.0346616
2.40943840547 	 0.0324267
2.42605522206 	 0.0307211
2.44267203865 	 0.00172248
2.45928885524 	 0.0130176
2.47590567182 	 0.0184932
2.49252248841 	 0.0207366
2.509139305 	 0.0174107
2.52575612159 	 0.00938809
2.54237293818 	 0.00107123
2.55898975477 	 0.00520778
2.57560657136 	 0.00865606
2.59222338795 	 0.014345
2.60884020454 	 0.0129449
2.62545702113 	 0.0229427
2.64207383772 	 0.0182068
2.65869065431 	 0.00517986
2.6753074709 	 0.00836938
2.69192428749 	 0.0295068
2.70854110408 	 0.0448789
2.72515792067 	 0.032132
2.74177473726 	 0.0214289
2.75839155384 	 0.0457292
2.77500837043 	 0.0609673
2.79162518702 	 0.0388024
2.80824200361 	 0.0197235
2.8248588202 	 0.0354528
2.84147563679 	 0.0371614
2.85809245338 	 0.0566432
2.87470926997 	 0.0378755
2.89132608656 	 0.0206089
2.90794290315 	 0.0633364
2.92455971974 	 0.0432604
2.94117653633 	 0.0404677
2.95779335292 	 0.0306252
2.97441016951 	 0.0342887
2.9910269861 	 0.0385595
3.00764380269 	 0.0198231
3.02426061928 	 0.0300585
3.04087743587 	 0.00473029
3.05749425245 	 0.0373115
3.07411106904 	 0.0270723
3.09072788563 	 0.0266708
3.10734470222 	 0.0192343
3.12396151881 	 0.0530186
3.1405783354 	 0.0726573
3.15719515199 	 0.0852559
3.17381196858 	 0.0614407
3.19042878517 	 0.0394595
3.20704560176 	 0.0821997
3.22366241835 	 0.111824
3.24027923494 	 0.0869245
3.25689605153 	 0.0472083
3.27351286812 	 0.0457145
3.29012968471 	 0.0756585
3.3067465013 	 0.0866137
3.32336331789 	 0.0448278
3.33998013447 	 0.0171871
3.35659695106 	 0.0782078
3.37321376765 	 0.120284
3.38983058424 	 0.0880863
3.40644740083 	 0.0613425
3.42306421742 	 0.000848166
3.43968103401 	 0.0381125
3.4562978506 	 0.0592432
3.47291466719 	 0.113086
3.48953148378 	 0.0851212
3.50614830037 	 0.142514
3.52276511696 	 0.179155
3.53938193355 	 0.253833
3.55599875014 	 0.227587
3.57261556673 	 0.121272
3.58923238332 	 0.123882
3.60584919991 	 0.168477
3.6224660165 	 0.154049
3.63908283308 	 0.321607
3.65569964967 	 0.172919
3.67231646626 	 0.0762241
3.68893328285 	 0.0672052
3.70555009944 	 0.0886545
3.72216691603 	 0.119565
3.73878373262 	 0.0372935
3.75540054921 	 0.108585
3.7720173658 	 0.124373
3.78863418239 	 0.140017
3.80525099898 	 0.109751
3.82186781557 	 0.0279771
3.83848463216 	 0.0651338
3.85510144875 	 0.0465867
3.87171826534 	 0.0467854
3.88833508193 	 0.0423415
3.90495189852 	 0.0490509
3.9215687151 	 0.0640753
3.93818553169 	 0.0505695
3.95480234828 	 0.0487703
3.97141916487 	 0.0379099
3.98803598146 	 0.053598
4.00465279805 	 0.0201032
4.02126961464 	 0.0332713
4.03788643123 	 0.0544438
4.05450324782 	 0.034329
4.07112006441 	 0.0341327
4.087736881 	 0.0371678
4.10435369759 	 0.0294722
4.12097051418 	 0.0510396
4.13758733077 	 0.0396846
4.15420414736 	 0.0255684
4.17082096395 	 0.0114328
4.18743778054 	 0.0223977
4.20405459713 	 0.03672
4.22067141371 	 0.0209919
4.2372882303 	 0.0293989
4.25390504689 	 0.0161646
4.27052186348 	 0.0215192
4.28713868007 	 0.0138136
4.30375549666 	 0.0144087
4.32037231325 	 0.00442828
4.33698912984 	 0.00788911
4.35360594643 	 0.0211887
4.37022276302 	 0.00597125
4.38683957961 	 0.0252696
4.4034563962 	 0.0161077
4.42007321279 	 0.0199228
4.43669002938 	 0.0213764
4.45330684597 	 0.0156264
4.46992366256 	 0.0133092
4.48654047915 	 0.01179
4.50315729573 	 0.0083462
4.51977411232 	 0.008139
4.53639092891 	 0.00863736
4.5530077455 	 0.00778995
4.56962456209 	 0.00199053
4.58624137868 	 0.00826501
4.60285819527 	 0.0109242
4.61947501186 	 0.0110877
4.63609182845 	 0.00653115
4.65270864504 	 0.0034219
4.66932546163 	 0.00482526
4.68594227822 	 0.00343071
4.70255909481 	 0.00484781
4.7191759114 	 0.0136689
4.73579272799 	 0.0117236
4.75240954458 	 0.0141411
4.76902636117 	 0.0128987
4.78564317776 	 0.000627034
4.80225999434 	 0.00710852
4.81887681093 	 0.00684754
4.83549362752 	 0.00376069
4.85211044411 	 0.00833683
4.8687272607 	 0.00788909
4.88534407729 	 0.00237611
4.90196089388 	 0.00745978
4.91857771047 	 0.00553888
4.93519452706 	 0.00129791
4.95181134365 	 0.000837661
4.96842816024 	 0.00919222
4.98504497683 	 0.013678
5.00166179342 	 0.0152462
5.01827861001 	 0.00706229
5.0348954266 	 0.00130772
5.05151224319 	 0.00497737
5.06812905978 	 0.00587287
5.08474587636 	 0.00704665
5.10136269295 	 0.00450717
5.11797950954 	 0.0035624
5.13459632613 	 0.00765538
5.15121314272 	 0.00773482
5.16782995931 	 0.00409025
5.1844467759 	 0.00722716
5.20106359249 	 0.00562069
5.21768040908 	 0.00534107
5.23429722567 	 0.00581988
5.25091404226 	 0.00475662
5.26753085885 	 0.00760807
5.28414767544 	 0.00814136
5.30076449203 	 0.00498883
5.31738130862 	 0.00669289
5.33399812521 	 0.00519247
5.3506149418 	 0.00597918
5.36723175839 	 0.00657293
5.38384857497 	 0.00442758
5.40046539156 	 0.00723254
5.41708220815 	 0.00640718
5.43369902474 	 0.00197921
5.45031584133 	 0.00163325
5.46693265792 	 0.00234107
5.48354947451 	 0.00339562
5.5001662911 	 0.00595398
5.51678310769 	 0.00587082
5.53339992428 	 0.00535549
5.55001674087 	 0.00288248
5.56663355746 	 0.00403089
5.58325037405 	 0.00813281
5.59986719064 	 0.0121848
5.61648400723 	 0.0102391
5.63310082382 	 0.00954047
5.64971764041 	 0.00625046
5.66633445699 	 0.00813525
5.68295127358 	 0.00624988
5.69956809017 	 0.00903271
5.71618490676 	 0.00716876
5.73280172335 	 0.00899476
5.74941853994 	 0.0119113
5.76603535653 	 0.0118383
5.78265217312 	 0.00667674
5.79926898971 	 0.00363013
5.8158858063 	 0.00337976
5.83250262289 	 0.00424787
5.84911943948 	 0.00188015
5.86573625607 	 0.00385898
5.88235307266 	 0.0054772
5.89896988925 	 0.00249143
5.91558670584 	 0.00158084
5.93220352243 	 0.00340122
5.94882033902 	 0.00480189
5.9654371556 	 0.00621048
5.98205397219 	 0.00641178
5.99867078878 	 0.00621325
6.01528760537 	 0.00732848
6.03190442196 	 0.00407317
6.04852123855 	 0.0032412
6.06513805514 	 0.00426711
6.08175487173 	 0.00515315
6.09837168832 	 0.00578962
6.11498850491 	 0.00749951
6.1316053215 	 0.00575679
6.14822213809 	 0.00354942
6.16483895468 	 0.00272035
6.18145577127 	 0.00334467
6.19807258786 	 0.00203195
6.21468940445 	 0.00235195
6.23130622104 	 0.00244342
6.24792303762 	 0.00344254
6.26453985421 	 0.00266649
6.2811566708 	 0.00245365
6.29777348739 	 0.00287815
6.31439030398 	 0.00509148
6.33100712057 	 0.00439397
6.34762393716 	 0.00346557
6.36424075375 	 0.000647621
6.38085757034 	 0.00276754
6.39747438693 	 0.00396326
6.41409120352 	 0.00481406
6.43070802011 	 0.00523676
6.4473248367 	 0.00414163
6.46394165329 	 0.00317794
6.48055846988 	 0.00365291
6.49717528647 	 0.0019172
6.51379210306 	 0.00110104
6.53040891964 	 0.00230129
6.54702573623 	 0.000876838
6.56364255282 	 0.0013826
6.58025936941 	 0.00164421
6.596876186 	 0.00102202
6.61349300259 	 0.00202278
6.63010981918 	 0.00466924
6.64672663577 	 0.00431034
6.66334345236 	 0.00315799
6.67996026895 	 0.00161034
6.69657708554 	 0.00125947
6.71319390213 	 0.00190856
6.72981071872 	 0.00175236
6.74642753531 	 0.0037896
6.7630443519 	 0.00409779
6.77966116849 	 0.0027821
6.79627798508 	 0.00120041
6.81289480167 	 0.00261108
6.82951161825 	 0.00143479
6.84612843484 	 0.00196086
6.86274525143 	 0.00069496
6.87936206802 	 0.000651316
6.89597888461 	 0.00319035
6.9125957012 	 0.00154332
6.92921251779 	 0.00204665
6.94582933438 	 0.00159741
6.96244615097 	 0.00219431
6.97906296756 	 0.00150602
6.99567978415 	 0.00319801
7.01229660074 	 0.00308858
7.02891341733 	 0.00323321
7.04553023392 	 0.000950952
7.06214705051 	 0.0010949
7.0787638671 	 6.87402e-05
7.09538068369 	 0.00135418
7.11199750027 	 0.000894662
7.12861431686 	 0.00127229
7.14523113345 	 0.00111688
7.16184795004 	 0.00161713
7.17846476663 	 0.000511646
7.19508158322 	 0.0021108
7.21169839981 	 0.000418791
7.2283152164 	 0.00118488
7.24493203299 	 0.00243423
7.26154884958 	 0.00140297
7.27816566617 	 0.00214201
7.29478248276 	 0.00189652
7.31139929935 	 0.00268674
7.32801611594 	 0.00266772
7.34463293253 	 0.00371219
7.36124974912 	 0.0031407
7.37786656571 	 0.00186274
7.3944833823 	 0.00295693
7.41110019888 	 0.0037027
7.42771701547 	 0.0037311
7.44433383206 	 0.00282673
7.46095064865 	 0.00387079
7.47756746524 	 0.00257012
7.49418428183 	 0.00195756
7.51080109842 	 0.00276212
7.52741791501 	 0.00316145
7.5440347316 	 0.00180689
7.56065154819 	 0.00057745
7.57726836478 	 0.00184789
7.59388518137 	 0.00347627
7.61050199796 	 0.00318142
7.62711881455 	 0.0019219
7.64373563114 	 0.000799237
7.66035244773 	 0.00188897
7.67696926432 	 0.00304271
7.6935860809 	 0.00272349
7.71020289749 	 0.00375993
7.72681971408 	 0.00304068
7.74343653067 	 0.00240729
7.76005334726 	 0.00105955
7.77667016385 	 0.00219599
7.79328698044 	 0.00363202
7.80990379703 	 0.00384091
7.82652061362 	 0.00256877
7.84313743021 	 0.0037288
7.8597542468 	 0.00294364
7.87637106339 	 0.00144783
7.89298787998 	 0.000256949
7.90960469657 	 0.000388969
7.92622151316 	 0.000445489
7.94283832975 	 0.000464498
7.95945514634 	 0.00105087
7.97607196293 	 0.00110896
7.99268877951 	 0.00375025
8.0093055961 	 0.00118896
8.02592241269 	 0.00172347
8.04253922928 	 0.00290678
8.05915604587 	 0.00258719
8.07577286246 	 0.00368916
8.09238967905 	 0.00191345
8.10900649564 	 0.000966124
8.12562331223 	 0.00292481
8.14224012882 	 0.00247014
8.15885694541 	 0.00189359
8.175473762 	 0.00175314
8.19209057859 	 0.00126021
8.20870739518 	 0.000709235
8.22532421177 	 0.00114241
8.24194102836 	 0.00184296
8.25855784495 	 0.00183894
8.27517466153 	 0.00136112
8.29179147812 	 0.00132887
8.30840829471 	 0.00206257
8.3250251113 	 0.00216158
8.34164192789 	 0.00129056
8.35825874448 	 0.00255258
8.37487556107 	 0.0021649
8.39149237766 	 0.00111526
8.40810919425 	 0.00241033
8.42472601084 	 0.00255267
8.44134282743 	 0.00133459
8.45795964402 	 0.00053126
8.47457646061 	 0.00105015
8.4911932772 	 0.000940726
8.50781009379 	 0.000915502
8.52442691038 	 0.00367101
8.54104372697 	 0.00120216
8.55766054356 	 0.00258216
8.57427736014 	 0.00097455
8.59089417673 	 0.00188622
8.60751099332 	 0.00236467
8.62412780991 	 0.00333891
8.6407446265 	 0.00163365
8.65736144309 	 0.00295975
8.67397825968 	 0.00277252
8.69059507627 	 0.00245345
8.70721189286 	 0.00115978
8.72382870945 	 0.00147925
8.74044552604 	 0.0025776
8.75706234263 	 0.00176406
8.77367915922 	 0.00288839
8.79029597581 	 0.00147469
8.8069127924 	 0.00138632
8.82352960899 	 0.00111847
8.84014642558 	 0.00130839
8.85676324216 	 0.00207088
8.87338005875 	 0.00392421
8.88999687534 	 0.00421362
8.90661369193 	 0.00378432
8.92323050852 	 0.00510703
8.93984732511 	 0.00379845
8.9564641417 	 0.00251994
8.97308095829 	 0.000460722
8.98969777488 	 0.00226779
9.00631459147 	 0.00416113
9.02293140806 	 0.0039798
9.03954822465 	 0.00292545
9.05616504124 	 0.00316029
9.07278185783 	 0.00292377
9.08939867442 	 0.00146891
9.10601549101 	 0.00228112
9.1226323076 	 0.00150639
9.13924912419 	 0.00127734
9.15586594077 	 0.000945741
9.17248275736 	 0.000701018
9.18909957395 	 0.0020653
9.20571639054 	 0.000807473
9.22233320713 	 0.00137593
9.23895002372 	 0.00162936
9.25556684031 	 0.00195726
9.2721836569 	 0.00321782
9.28880047349 	 0.00214667
9.30541729008 	 0.00153034
9.32203410667 	 0.00136714
9.33865092326 	 0.00336863
9.35526773985 	 0.00222832
9.37188455644 	 0.00225775
9.38850137303 	 0.000931588
9.40511818962 	 0.00182578
9.42173500621 	 0.000967366
9.43835182279 	 0.00173809
9.45496863938 	 0.00198728
9.47158545597 	 0.000643169
9.48820227256 	 0.00103363
9.50481908915 	 0.00119826
9.52143590574 	 0.00252039
9.53805272233 	 0.0028882
9.55466953892 	 0.00318546
9.57128635551 	 0.00289395
9.5879031721 	 0.00224915
9.60451998869 	 0.0023267
9.62113680528 	 0.00356943
9.63775362187 	 0.00391839
9.65437043846 	 0.00517513
9.67098725505 	 0.00661982
9.68760407164 	 0.00584755
9.70422088823 	 0.00609602
9.72083770482 	 0.00444388
9.7374545214 	 0.00142823
9.75407133799 	 0.00308302
9.77068815458 	 0.00633437
9.78730497117 	 0.00519693
9.80392178776 	 0.00582557
9.82053860435 	 0.00532786
9.83715542094 	 0.00576181
9.85377223753 	 0.00522911
9.87038905412 	 0.00437184
9.88700587071 	 0.00491723
9.9036226873 	 0.00304643
9.92023950389 	 0.00316275
9.93685632048 	 0.000195448
9.95347313707 	 0.00205666
9.97008995366 	 0.0030384
9.98670677025 	 0.00114741
10.0033235868 	 0.0014234
10.0199404034 	 0.000950968
10.03655722 	 0.000515074
10.0531740366 	 0.00147088
10.0697908532 	 0.002687
10.0864076698 	 0.00439731
10.1030244864 	 0.00305505
10.119641303 	 0.00317467
10.1362581196 	 0.0034354
10.1528749361 	 0.0018844
10.1694917527 	 0.00325555
10.1861085693 	 0.0039567
10.2027253859 	 0.00584794
10.2193422025 	 0.00329216
10.2359590191 	 0.00296561
10.2525758357 	 0.00232048
10.2691926523 	 0.00256967
10.2858094689 	 0.00342953
10.3024262854 	 0.00342847
10.319043102 	 0.00506111
10.3356599186 	 0.00342441
10.3522767352 	 0.0013412
10.3688935518 	 0.00037884
10.3855103684 	 0.00219282
10.402127185 	 0.00238524
10.4187440016 	 0.00218541
10.4353608182 	 0.00241569
10.4519776347 	 0.00183531
10.4685944513 	 0.000489418
10.4852112679 	 0.00225104
10.5018280845 	 0.00408136
10.5184449011 	 0.00431029
10.5350617177 	 0.0042357
10.5516785343 	 0.00413231
10.5682953509 	 0.00559652
10.5849121675 	 0.00630462
10.6015289841 	 0.00733392
10.6181458006 	 0.00619714
10.6347626172 	 0.00528739
10.6513794338 	 0.00434045
10.6679962504 	 0.00247931
10.684613067 	 0.00365249
10.7012298836 	 0.00261647
10.7178467002 	 0.00138194
10.7344635168 	 0.00238039
10.7510803334 	 0.00360036
10.7676971499 	 0.00294095
10.7843139665 	 0.00364466
10.8009307831 	 0.00426059
10.8175475997 	 0.00490625
10.8341644163 	 0.00421004
10.8507812329 	 0.0047116
10.8673980495 	 0.00336343
10.8840148661 	 0.00334964
10.9006316827 	 0.00555911
10.9172484993 	 0.00503183
10.9338653158 	 0.00583425
10.9504821324 	 0.00353216
10.967098949 	 0.00360221
10.9837157656 	 0.00312943
11.0003325822 	 0.00325662
11.0169493988 	 0.00437617
11.0335662154 	 0.00437702
11.050183032 	 0.00449741
11.0667998486 	 0.00146718
11.0834166651 	 0.00257034
11.1000334817 	 0.00342426
11.1166502983 	 0.00338854
11.1332671149 	 0.00215495
11.1498839315 	 0.00297265
11.1665007481 	 0.0031422
11.1831175647 	 0.00365954
11.1997343813 	 0.00303021
11.2163511979 	 0.00195151
11.2329680145 	 0.000272888
11.249584831 	 0.00108268
11.2662016476 	 0.00240942
11.2828184642 	 0.00304813
11.2994352808 	 0.00184198
11.3160520974 	 0.000334071
11.332668914 	 0.000394921
11.3492857306 	 0.0010652
11.3659025472 	 0.0018678
11.3825193638 	 0.00118856
11.3991361803 	 0.000723736
11.4157529969 	 0.00100505
11.4323698135 	 0.00192898
11.4489866301 	 0.00237235
11.4656034467 	 0.00260163
11.4822202633 	 0.00245708
11.4988370799 	 0.00448168
11.5154538965 	 0.00502276
11.5320707131 	 0.00475849
11.5486875297 	 0.00286563
11.5653043462 	 0.002762
11.5819211628 	 0.00134389
11.5985379794 	 0.00191581
11.615154796 	 0.00309346
11.6317716126 	 0.00183317
11.6483884292 	 0.00197514
11.6650052458 	 0.00304491
11.6816220624 	 0.00499362
11.698238879 	 0.00338473
11.7148556955 	 0.00231944
11.7314725121 	 0.00297123
11.7480893287 	 0.00210938
11.7647061453 	 0.00191385
11.7813229619 	 0.00139195
11.7979397785 	 0.00115843
11.8145565951 	 0.000256957
11.8311734117 	 0.000832174
11.8477902283 	 0.000659071
11.8644070449 	 0.00097745
11.8810238614 	 0.00234686
11.897640678 	 0.00260018
11.9142574946 	 0.00107784
11.9308743112 	 0.00136541
11.9474911278 	 0.000862306
11.9641079444 	 0.000502401
11.980724761 	 0.00121824
11.9973415776 	 0.000821542
12.0139583942 	 0.000757273
12.0305752107 	 0.00130124
12.0471920273 	 0.00221863
12.0638088439 	 0.00305833
12.0804256605 	 0.00349439
12.0970424771 	 0.0023104
12.1136592937 	 0.00208571
12.1302761103 	 0.00131159
12.1468929269 	 0.00136319
12.1635097435 	 0.00172724
12.1801265601 	 0.00128409
12.1967433766 	 0.00191809
12.2133601932 	 0.00234519
12.2299770098 	 0.00221774
12.2465938264 	 0.00183031
12.263210643 	 0.0034053
12.2798274596 	 0.00267252
12.2964442762 	 0.00176102
12.3130610928 	 0.00167265
12.3296779094 	 0.00247909
12.3462947259 	 0.0027512
12.3629115425 	 0.00192589
12.3795283591 	 0.00181524
12.3961451757 	 0.00294179
12.4127619923 	 0.00280831
12.4293788089 	 0.00145115
12.4459956255 	 0.000311896
12.4626124421 	 0.00123444
12.4792292587 	 0.00152022
12.4958460752 	 0.00159075
12.5124628918 	 0.00130053
12.5290797084 	 0.000601963
12.545696525 	 0.000283352
12.5623133416 	 0.000553437
12.5789301582 	 0.000873301
12.5955469748 	 0.000524774
12.6121637914 	 0.000592863
12.628780608 	 0.00194304
12.6453974246 	 0.00177011
12.6620142411 	 0.00143408
12.6786310577 	 0.00198465
12.6952478743 	 0.00197728
12.7118646909 	 0.00107426
12.7284815075 	 0.00136124
12.7450983241 	 0.00181789
12.7617151407 	 0.00158342
12.7783319573 	 0.00237107
12.7949487739 	 0.00215565
12.8115655904 	 0.00185718
12.828182407 	 0.00117268
12.8447992236 	 0.000822714
12.8614160402 	 0.000851298
12.8780328568 	 0.00126125
12.8946496734 	 0.0015889
12.91126649 	 0.00265551
12.9278833066 	 0.00286145
12.9445001232 	 0.00181086
12.9611169398 	 0.000959419
12.9777337563 	 0.000318623
12.9943505729 	 0.00146627
13.0109673895 	 0.00182227
13.0275842061 	 0.00140227
13.0442010227 	 0.000738492
13.0608178393 	 0.000976351
13.0774346559 	 0.0024797
13.0940514725 	 0.00226172
13.1106682891 	 0.00181324
13.1272851056 	 0.00126512
13.1439019222 	 0.00104603
13.1605187388 	 0.000943327
13.1771355554 	 0.00063377
13.193752372 	 0.00088034
13.2103691886 	 0.00116538
13.2269860052 	 0.00159968
13.2436028218 	 0.00105405
13.2602196384 	 0.000538866
13.276836455 	 0.000720891
13.2934532715 	 0.000319426
13.3100700881 	 0.000632291
13.3266869047 	 0.000565415
13.3433037213 	 0.000718213
13.3599205379 	 0.000891749
13.3765373545 	 0.000597094
13.3931541711 	 0.00139293
13.4097709877 	 0.00113775
13.4263878043 	 0.00126508
13.4430046208 	 0.000864691
13.4596214374 	 0.00124722
13.476238254 	 0.0020764
13.4928550706 	 0.00227521
13.5094718872 	 0.00206176
13.5260887038 	 0.00204841
13.5427055204 	 0.00232757
13.559322337 	 0.0024639
13.5759391536 	 0.00273566
13.5925559702 	 0.00255875
13.6091727867 	 0.00227682
13.6257896033 	 0.00175448
13.6424064199 	 0.00215516
13.6590232365 	 0.00238495
13.6756400531 	 0.0020923
13.6922568697 	 0.00162827
13.7088736863 	 0.00187771
13.7254905029 	 0.00251972
13.7421073195 	 0.00206117
13.758724136 	 0.00229169
13.7753409526 	 0.00207628
13.7919577692 	 0.00238607
13.8085745858 	 0.00223164
13.8251914024 	 0.00215264
13.841808219 	 0.00140727
13.8584250356 	 0.00110361
13.8750418522 	 0.000931741
13.8916586688 	 0.000601908
13.9082754854 	 0.000388423
13.9248923019 	 0.000360858
13.9415091185 	 0.000333857
13.9581259351 	 0.000243223
13.9747427517 	 0.000183202
13.9913595683 	 0.000518456
14.0079763849 	 0.000512954
14.0245932015 	 0.000332161
14.0412100181 	 0.000630143
14.0578268347 	 0.000864804
14.0744436512 	 0.000920823
14.0910604678 	 0.0013088
14.1076772844 	 0.00105713
14.124294101 	 0.00116301
14.1409109176 	 0.00102397
14.1575277342 	 0.000427502
14.1741445508 	 0.000645476
14.1907613674 	 0.000675136
14.207378184 	 0.000306369
14.2239950005 	 0.000703521
14.2406118171 	 0.000653807
14.2572286337 	 0.000612918
14.2738454503 	 0.000245688
14.2904622669 	 0.0002496
14.3070790835 	 0.00038086
14.3236959001 	 0.000438998
14.3403127167 	 0.000755846
14.3569295333 	 0.000937024
14.3735463499 	 0.000981834
14.3901631664 	 0.000629769
14.406779983 	 0.000145907
14.4233967996 	 0.000414551
14.4400136162 	 0.000850159
14.4566304328 	 0.000861832
14.4732472494 	 0.000707653
14.489864066 	 0.000142837
14.5064808826 	 0.000243938
14.5230976992 	 0.00040818
14.5397145157 	 0.000709025
14.5563313323 	 0.000334108
14.5729481489 	 0.00024083
14.5895649655 	 0.000269424
14.6061817821 	 4.64224e-05
14.6227985987 	 0.00037909
14.6394154153 	 0.000571364
14.6560322319 	 0.000380536
14.6726490485 	 0.000269217
14.6892658651 	 0.00025034
14.7058826816 	 0.000240897
14.7224994982 	 0.000165318
14.7391163148 	 0.000537075
14.7557331314 	 0.00033426
14.772349948 	 0.000356173
14.7889667646 	 0.000473813
14.8055835812 	 0.000630258
14.8222003978 	 0.000676091
14.8388172144 	 0.000589732
14.8554340309 	 0.000843213
14.8720508475 	 0.000953458
14.8886676641 	 0.000962848
14.9052844807 	 0.000956603
14.9219012973 	 0.00106984
14.9385181139 	 0.000827163
14.9551349305 	 0.000792121
14.9717517471 	 0.000745022
14.9883685637 	 0.000657774
15.0049853803 	 0.000939612
15.0216021968 	 0.000818407
15.0382190134 	 0.000863123
15.05483583 	 0.000919374
15.0714526466 	 0.00110206
15.0880694632 	 0.000857855
15.1046862798 	 0.0010476
15.1213030964 	 0.00110847
15.137919913 	 0.000804774
15.1545367296 	 0.000780544
15.1711535461 	 0.00103858
15.1877703627 	 0.00125328
15.2043871793 	 0.00121977
15.2210039959 	 0.000847895
15.2376208125 	 0.000382774
15.2542376291 	 0.00042213
15.2708544457 	 0.00055806
15.2874712623 	 0.000742054
15.3040880789 	 0.000826804
15.3207048955 	 0.00038877
15.337321712 	 0.000410125
15.3539385286 	 0.000497697
15.3705553452 	 0.000448271
15.3871721618 	 0.000377951
15.4037889784 	 0.00019754
15.420405795 	 0.000388741
15.4370226116 	 0.000617774
15.4536394282 	 0.000522941
15.4702562448 	 0.000545717
15.4868730613 	 0.000804949
15.5034898779 	 0.000166132
15.5201066945 	 0.000182422
15.5367235111 	 5.39787e-05
15.5533403277 	 3.2334e-05
15.5699571443 	 0.000156601
15.5865739609 	 0.000213661
15.6031907775 	 0.000192001
15.6198075941 	 0.000552151
15.6364244107 	 0.000412108
15.6530412272 	 6.10343e-05
15.6696580438 	 0.000429557
15.6862748604 	 0.000245273
15.702891677 	 0.000438733
15.7195084936 	 0.000659739
15.7361253102 	 0.000408991
15.7527421268 	 0.000233307
15.7693589434 	 0.000370641
15.78597576 	 0.000262131
15.8025925765 	 0.000338159
15.8192093931 	 0.000578646
15.8358262097 	 0.000461657
15.8524430263 	 0.000224258
15.8690598429 	 0.000204519
15.8856766595 	 0.000171747
15.9022934761 	 0.00059926
15.9189102927 	 0.000702324
15.9355271093 	 0.000670876
15.9521439259 	 0.000535508
15.9687607424 	 0.000318782
15.985377559 	 0.000230798
16.0019943756 	 0.000305726
16.0186111922 	 0.000171139
16.0352280088 	 0.000111301
16.0518448254 	 0.000211914
16.068461642 	 0.000337176
16.0850784586 	 0.000199261
16.1016952752 	 0.000158354
16.1183120917 	 0.000340534
16.1349289083 	 0.000222758
16.1515457249 	 0.0001099
16.1681625415 	 0.000282658
16.1847793581 	 9.24902e-05
16.2013961747 	 0.000166794
16.2180129913 	 0.000207191
16.2346298079 	 0.000122984
16.2512466245 	 0.000254371
16.267863441 	 0.000250545
16.2844802576 	 0.000137119
16.3010970742 	 0.000188978
16.3177138908 	 8.88341e-06
16.3343307074 	 0.000150749
16.350947524 	 0.000123052
16.3675643406 	 0.000131938
16.3841811572 	 0.000183417
16.4007979738 	 0.00024757
16.4174147904 	 0.000113753
16.4340316069 	 0.00013755
16.4506484235 	 0.000313153
16.4672652401 	 0.000302445
16.4838820567 	 0.000511578
16.5004988733 	 0.000671097
16.5171156899 	 0.000734227
16.5337325065 	 0.000524992
16.5503493231 	 0.000108486
16.5669661397 	 8.47539e-05
16.5835829562 	 0.000216072
16.6001997728 	 0.000191293
16.6168165894 	 0.000320095
16.633433406 	 0.00030063
16.6500502226 	 0.000354353
16.6666670392 	 0.000279835
16.6832838558 	 0.000256782
16.6999006724 	 0.00024218
16.716517489 	 0.000211772
16.7331343056 	 0.000241257
16.7497511221 	 0.000257717
16.7663679387 	 0.000250212
16.7829847553 	 0.000340037
16.7996015719 	 0.000296027
16.8162183885 	 5.45502e-05
16.8328352051 	 0.000164533
16.8494520217 	 0.000308183
16.8660688383 	 0.000330489
16.8826856549 	 0.000113586
16.8993024714 	 8.47581e-05
16.915919288 	 5.35885e-05
16.9325361046 	 0.000180139
16.9491529212 	 0.000186114
16.9657697378 	 0.000225428
16.9823865544 	 0.000252746
16.999003371 	 0.000222196
17.0156201876 	 0.000180913
17.0322370042 	 0.000257326
17.0488538208 	 0.000441084
17.0654706373 	 0.000400861
17.0820874539 	 0.000592954
17.0987042705 	 0.00054868
17.1153210871 	 0.000539162
17.1319379037 	 0.000421967
17.1485547203 	 0.000274505
17.1651715369 	 0.000206484
17.1817883535 	 0.00049934
17.1984051701 	 0.000447008
17.2150219866 	 0.000538912
17.2316388032 	 0.000659153
17.2482556198 	 0.000594854
17.2648724364 	 0.000488381
17.281489253 	 0.000349706
17.2981060696 	 0.000318507
17.3147228862 	 0.000281063
17.3313397028 	 0.000249979
17.3479565194 	 0.00020337
17.364573336 	 0.00018123
17.3811901525 	 0.000181662
17.3978069691 	 0.000305313
17.4144237857 	 0.000365148
17.4310406023 	 0.00043752
17.4476574189 	 0.000405414
17.4642742355 	 0.000321568
17.4808910521 	 0.000367732
17.4975078687 	 0.00038248
17.5141246853 	 0.000388084
17.5307415018 	 0.000369579
17.5473583184 	 0.00023754
17.563975135 	 0.000382695
17.5805919516 	 0.000394079
17.5972087682 	 0.000504444
17.6138255848 	 0.000431383
17.6304424014 	 0.000326405
17.647059218 	 0.000363067
17.6636760346 	 0.000304525
17.6802928512 	 0.000439757
17.6969096677 	 0.000465044
17.7135264843 	 0.000358767
17.7301433009 	 0.000516183
17.7467601175 	 0.000569861
17.7633769341 	 0.000495691
17.7799937507 	 0.000438998
17.7966105673 	 0.000329917
17.8132273839 	 0.000332729
17.8298442005 	 0.000274918
17.846461017 	 0.000151307
17.8630778336 	 0.000147235
17.8796946502 	 0.000194647
17.8963114668 	 0.000319194
17.9129282834 	 0.000195642
17.9295451 	 9.43248e-05
17.9461619166 	 8.05392e-05
17.9627787332 	 8.76833e-05
17.9793955498 	 0.000103881
17.9960123663 	 4.10135e-05
18.0126291829 	 0.000123535
18.0292459995 	 0.000222759
18.0458628161 	 0.000283759
18.0624796327 	 0.000140328
18.0790964493 	 0.000164007
18.0957132659 	 0.000109874
18.1123300825 	 0.000125027
18.1289468991 	 8.81415e-05
18.1455637157 	 0.000119151
18.1621805322 	 8.78009e-05
18.1787973488 	 0.000162669
18.1954141654 	 0.000128305
18.212030982 	 0.000191302
18.2286477986 	 4.71437e-05
18.2452646152 	 9.0052e-05
18.2618814318 	 0.00011313
18.2784982484 	 0.000143291
18.295115065 	 0.000245802
18.3117318815 	 0.000252679
18.3283486981 	 0.000367856
18.3449655147 	 0.000248785
18.3615823313 	 0.000118863
18.3781991479 	 0.000230229
18.3948159645 	 0.000235116
18.4114327811 	 0.000253979
18.4280495977 	 0.00022361
18.4446664143 	 0.000191187
18.4612832309 	 0.000264664
18.4779000474 	 0.000210236
18.494516864 	 0.000364176
18.5111336806 	 0.000407065
18.5277504972 	 0.000455914
18.5443673138 	 0.000439784
18.5609841304 	 0.000439475
18.577600947 	 0.000260339
18.5942177636 	 0.000112241
18.6108345802 	 0.000242327
18.6274513967 	 0.000270555
18.6440682133 	 0.000363158
18.6606850299 	 0.000484041
18.6773018465 	 0.000421513
18.6939186631 	 0.000457171
18.7105354797 	 0.000307391
18.7271522963 	 0.000278344
18.7437691129 	 0.000358974
18.7603859295 	 0.000311227
18.7770027461 	 0.000320507
18.7936195626 	 0.000235884
18.8102363792 	 0.00035638
18.8268531958 	 0.000325557
18.8434700124 	 0.000356153
18.860086829 	 0.000183814
18.8767036456 	 0.000145086
18.8933204622 	 0.000175143
18.9099372788 	 9.91941e-05
18.9265540954 	 9.74908e-05
18.9431709119 	 3.90497e-05
18.9597877285 	 0.000135635
18.9764045451 	 0.000222987
18.9930213617 	 5.2262e-05
19.0096381783 	 0.000117424
19.0262549949 	 0.000208611
19.0428718115 	 0.000258217
19.0594886281 	 0.000253532
19.0761054447 	 0.000156616
19.0927222613 	 0.000179946
19.1093390778 	 0.000159417
19.1259558944 	 0.000150411
19.142572711 	 0.000237676
19.1591895276 	 0.000125611
19.1758063442 	 7.73089e-05
19.1924231608 	 0.000175893
19.2090399774 	 0.000273935
19.225656794 	 0.000220203
19.2422736106 	 0.000230117
19.2588904271 	 0.000129378
19.2755072437 	 0.000165201
19.2921240603 	 8.63318e-05
19.3087408769 	 0.000126471
19.3253576935 	 0.000164796
19.3419745101 	 0.000127859
19.3585913267 	 0.000126835
19.3752081433 	 0.000283317
19.3918249599 	 0.000260162
19.4084417765 	 0.000136835
19.425058593 	 2.59306e-05
19.4416754096 	 4.84231e-05
19.4582922262 	 2.79897e-05
19.4749090428 	 0.000110689
19.4915258594 	 4.90086e-05
19.508142676 	 0.000111518
19.5247594926 	 7.01654e-05
19.5413763092 	 9.76265e-06
19.5579931258 	 8.2124e-05
19.5746099423 	 0.000107568
19.5912267589 	 0.000183694
19.6078435755 	 0.000123344
19.6244603921 	 0.000105527
19.6410772087 	 8.77309e-05
19.6576940253 	 0.000105651
19.6743108419 	 0.000159379
19.6909276585 	 0.00017428
19.7075444751 	 0.00010849
19.7241612917 	 0.00020739
19.7407781082 	 0.000183343
19.7573949248 	 7.50428e-05
19.7740117414 	 3.40925e-05
19.790628558 	 9.75776e-05
19.8072453746 	 5.20871e-05
19.8238621912 	 1.66644e-07
19.8404790078 	 0.000164763
19.8570958244 	 0.000150154
19.873712641 	 5.38985e-05
19.8903294575 	 9.31021e-05
19.9069462741 	 0.000130473
19.9235630907 	 8.51198e-05
19.9401799073 	 0.000152134
19.9567967239 	 0.000147997
19.9734135405 	 5.51116e-05
19.9900303571 	 0.00016191
20.0066471737 	 0.000113718
20.0232639903 	 0.000136014
20.0398808068 	 8.43892e-05
20.0564976234 	 5.42267e-05
20.07311444 	 8.43525e-06
20.0897312566 	 1.0079e-05
20.1063480732 	 0.000107412
20.1229648898 	 0.000105319
20.1395817064 	 1.30438e-05
20.156198523 	 2.27814e-05
20.1728153396 	 5.77806e-05
20.1894321562 	 7.08686e-05
20.2060489727 	 0.000113071
20.2226657893 	 0.00021114
20.2392826059 	 0.000246187
20.2558994225 	 0.000170455
20.2725162391 	 0.000133915
20.2891330557 	 6.04761e-05
20.3057498723 	 5.19039e-05
20.3223666889 	 9.77673e-05
20.3389835055 	 0.000179616
20.355600322 	 0.00021075
20.3722171386 	 8.94157e-05
20.3888339552 	 9.78813e-05
20.4054507718 	 0.000100413
20.4220675884 	 3.44041e-05
20.438684405 	 0.000100856
20.4553012216 	 0.00011469
20.4719180382 	 0.000101345
20.4885348548 	 0.000119606
20.5051516714 	 7.29015e-05
20.5217684879 	 5.89832e-05
20.5383853045 	 0.000105225
20.5550021211 	 0.0001711
20.5716189377 	 0.000144605
20.5882357543 	 4.29121e-05
20.6048525709 	 2.72291e-05
20.6214693875 	 7.44634e-05
20.6380862041 	 4.82177e-05
20.6547030207 	 0.000128046
20.6713198372 	 0.000162339
20.6879366538 	 0.000190566
20.7045534704 	 4.95713e-05
20.721170287 	 5.27011e-05
20.7377871036 	 0.000111016
20.7544039202 	 0.000121114
20.7710207368 	 6.29134e-05
20.7876375534 	 0.00010435
20.80425437 	 0.000105203
20.8208711866 	 5.68148e-05
20.8374880031 	 1.07488e-05
20.8541048197 	 4.62575e-05
20.8707216363 	 4.01333e-05
20.8873384529 	 7.23932e-05
20.9039552695 	 4.36896e-05
20.9205720861 	 5.25707e-05
20.9371889027 	 5.61897e-05
20.9538057193 	 1.98616e-05
20.9704225359 	 4.72028e-05
20.9870393524 	 9.49981e-05
21.003656169 	 0.000151081
21.0202729856 	 9.75679e-05
21.0368898022 	 5.50475e-05
21.0535066188 	 8.83719e-05
21.0701234354 	 0.00011087
21.086740252 	 0.000149346
21.1033570686 	 0.000151338
21.1199738852 	 0.000118856
21.1365907018 	 9.34083e-05
21.1532075183 	 0.000110572
21.1698243349 	 8.96894e-05
21.1864411515 	 0.00013542
21.2030579681 	 0.000226068
21.2196747847 	 0.000207208
21.2362916013 	 0.000226144
21.2529084179 	 0.00020507
21.2695252345 	 9.02106e-05
21.2861420511 	 6.35516e-05
21.3027588676 	 7.86881e-05
21.3193756842 	 8.04405e-05
21.3359925008 	 9.08043e-06
21.3526093174 	 7.69592e-05
21.369226134 	 0.000105315
21.3858429506 	 0.000100298
21.4024597672 	 5.59826e-05
21.4190765838 	 5.72795e-05
21.4356934004 	 0.000121638
21.452310217 	 0.000122717
21.4689270335 	 1.26674e-05
21.4855438501 	 8.50456e-05
21.5021606667 	 0.000120652
21.5187774833 	 0.000161656
21.5353942999 	 0.000142506
21.5520111165 	 0.000106324
21.5686279331 	 0.000101127
21.5852447497 	 1.71996e-05
21.6018615663 	 9.99082e-05
21.6184783828 	 9.86547e-05
21.6350951994 	 9.53772e-05
21.651712016 	 8.68519e-05
21.6683288326 	 2.75413e-05
21.6849456492 	 8.56023e-05
21.7015624658 	 5.82889e-05
21.7181792824 	 5.53816e-05
21.734796099 	 1.74157e-05
21.7514129156 	 3.78621e-05
21.7680297321 	 6.80319e-05
21.7846465487 	 7.50854e-05
21.8012633653 	 0.000114755
21.8178801819 	 6.95541e-05
21.8344969985 	 5.22404e-05
21.8511138151 	 3.71382e-05
21.8677306317 	 3.43229e-05
21.8843474483 	 8.22961e-05
21.9009642649 	 0.000109013
21.9175810815 	 5.12536e-05
21.934197898 	 5.40734e-05
21.9508147146 	 8.24793e-05
21.9674315312 	 4.85409e-05
21.9840483478 	 2.58414e-05
22.0006651644 	 5.67498e-05
22.017281981 	 4.43851e-05
22.0338987976 	 4.07556e-05
22.0505156142 	 8.78105e-06
22.0671324308 	 2.81458e-05
22.0837492473 	 2.37333e-05
22.1003660639 	 4.44292e-05
22.1169828805 	 4.22073e-05
22.1335996971 	 1.84018e-05
22.1502165137 	 4.48442e-05
22.1668333303 	 5.85613e-05
22.1834501469 	 6.96976e-05
22.2000669635 	 7.53114e-05
22.2166837801 	 7.27598e-05
22.2333005967 	 5.89755e-05
22.2499174132 	 0.00010193
22.2665342298 	 6.12949e-05
22.2831510464 	 6.62632e-05
22.299767863 	 5.15704e-05
22.3163846796 	 4.99955e-05
22.3330014962 	 4.34396e-05
22.3496183128 	 9.09693e-05
22.3662351294 	 5.08476e-05
22.382851946 	 7.01967e-05
22.3994687625 	 7.92996e-05
22.4160855791 	 8.29506e-05
22.4327023957 	 5.10552e-05
22.4493192123 	 3.16178e-05
22.4659360289 	 4.40711e-05
22.4825528455 	 7.57879e-05
22.4991696621 	 0.000114259
22.5157864787 	 9.32436e-05
22.5324032953 	 6.5967e-05
22.5490201119 	 7.64982e-05
22.5656369284 	 9.35615e-05
22.582253745 	 1.97616e-05
22.5988705616 	 3.39282e-05
22.6154873782 	 2.07544e-05
22.6321041948 	 4.6594e-05
22.6487210114 	 5.41319e-05
22.665337828 	 7.5825e-05
22.6819546446 	 0.000121232
22.6985714612 	 0.000108238
22.7151882777 	 6.13791e-05
22.7318050943 	 8.88368e-05
22.7484219109 	 7.58788e-05
22.7650387275 	 6.85104e-05
22.7816555441 	 9.21041e-05
22.7982723607 	 5.28657e-05
22.8148891773 	 6.46274e-05
22.8315059939 	 0.000114523
22.8481228105 	 0.000101294
22.8647396271 	 8.1882e-05
22.8813564436 	 9.24367e-05
22.8979732602 	 9.76406e-05
22.9145900768 	 7.85078e-05
22.9312068934 	 2.16657e-05
22.94782371 	 4.94523e-05
22.9644405266 	 4.70739e-05
22.9810573432 	 3.35853e-05
22.9976741598 	 2.67995e-05
23.0142909764 	 1.12281e-05
23.0309077929 	 1.10063e-05
23.0475246095 	 3.11668e-05
23.0641414261 	 6.08867e-05
23.0807582427 	 8.91984e-05
23.0973750593 	 6.38946e-05
23.1139918759 	 8.33671e-05
23.1306086925 	 6.40575e-05
23.1472255091 	 3.71392e-06
23.1638423257 	 4.75428e-05
23.1804591423 	 3.8654e-05
23.1970759588 	 5.96937e-05
23.2136927754 	 3.73606e-05
23.230309592 	 2.64706e-05
23.2469264086 	 4.85393e-05
23.2635432252 	 2.86272e-05
23.2801600418 	 4.20985e-05
23.2967768584 	 3.70708e-05
23.313393675 	 3.39728e-05
23.3300104916 	 3.50619e-05
23.3466273081 	 2.90439e-05
23.3632441247 	 2.29504e-05
23.3798609413 	 3.26787e-05
23.3964777579 	 6.33097e-06
23.4130945745 	 1.39651e-05
23.4297113911 	 2.83887e-05
23.4463282077 	 1.22819e-05
23.4629450243 	 1.34315e-05
23.4795618409 	 2.14672e-05
23.4961786575 	 1.47704e-05
23.512795474 	 4.01144e-05
23.5294122906 	 3.56279e-05
23.5460291072 	 5.81867e-05
23.5626459238 	 5.05637e-05
23.5792627404 	 2.60455e-05
23.595879557 	 3.35492e-05
23.6124963736 	 5.70251e-05
23.6291131902 	 3.97647e-05
23.6457300068 	 6.4842e-05
23.6623468233 	 5.16106e-05
23.6789636399 	 5.65993e-05
23.6955804565 	 6.3981e-05
23.7121972731 	 3.87623e-05
23.7288140897 	 2.28733e-05
23.7454309063 	 5.38589e-05
23.7620477229 	 6.66112e-05
23.7786645395 	 5.17116e-05
23.7952813561 	 4.20304e-05
23.8118981726 	 1.36053e-05
23.8285149892 	 1.13786e-05
23.8451318058 	 5.29455e-05
23.8617486224 	 2.44183e-05
23.878365439 	 2.38406e-05
23.8949822556 	 1.68883e-05
23.9115990722 	 2.68123e-05
23.9282158888 	 6.28366e-05
23.9448327054 	 6.04501e-05
23.961449522 	 2.99999e-05
23.9780663385 	 3.03975e-05
23.9946831551 	 1.61194e-05
24.0112999717 	 1.38846e-05
24.0279167883 	 2.2169e-05
24.0445336049 	 3.65584e-05
24.0611504215 	 4.48822e-05
24.0777672381 	 5.27223e-05
24.0943840547 	 5.89954e-05
24.1110008713 	 7.29176e-05
24.1276176878 	 5.8771e-05
24.1442345044 	 2.94128e-05
24.160851321 	 1.7918e-05
24.1774681376 	 4.88059e-05
24.1940849542 	 6.10363e-05
24.2107017708 	 4.91262e-05
24.2273185874 	 3.86436e-05
24.243935404 	 4.59999e-05
24.2605522206 	 2.68425e-05
24.2771690372 	 5.60234e-05
24.2937858537 	 5.80544e-05
24.3104026703 	 3.99655e-05
24.3270194869 	 3.5477e-05
24.3436363035 	 2.6948e-05
24.3602531201 	 4.21382e-05
24.3768699367 	 4.5443e-05
24.3934867533 	 2.77981e-05
24.4101035699 	 2.63322e-05
24.4267203865 	 7.53096e-06
24.443337203 	 3.03566e-05
24.4599540196 	 2.2559e-05
24.4765708362 	 1.58472e-05
24.4931876528 	 6.75612e-06
24.5098044694 	 3.4097e-05
24.526421286 	 1.4767e-05
24.5430381026 	 5.85409e-06
24.5596549192 	 1.49775e-05
24.5762717358 	 6.3142e-06
24.5928885524 	 2.69342e-05
24.6095053689 	 3.3903e-05
24.6261221855 	 2.32295e-05
24.6427390021 	 1.0525e-05
24.6593558187 	 8.72332e-06
24.6759726353 	 2.43042e-05
24.6925894519 	 4.3828e-05
24.7092062685 	 2.40797e-05
24.7258230851 	 4.71823e-05
24.7424399017 	 4.57651e-05
24.7590567182 	 1.40612e-05
24.7756735348 	 1.90791e-05
24.7922903514 	 1.17561e-05
24.808907168 	 1.23365e-05
24.8255239846 	 2.45251e-05
24.8421408012 	 2.51593e-05
24.8587576178 	 2.11059e-05
24.8753744344 	 2.21597e-05
24.891991251 	 4.52661e-05
24.9086080676 	 3.84111e-05
24.9252248841 	 2.3015e-05
24.9418417007 	 3.11114e-05
24.9584585173 	 2.86276e-05
24.9750753339 	 3.52536e-05
24.9916921505 	 9.5019e-06
25.0083089671 	 1.76169e-05
25.0249257837 	 2.01466e-05
25.0415426003 	 9.58039e-06
25.0581594169 	 2.98586e-05
25.0747762334 	 2.74888e-05
25.09139305 	 2.92984e-05
25.1080098666 	 1.49032e-05
25.1246266832 	 1.20077e-05
25.1412434998 	 9.71111e-06
25.1578603164 	 1.32621e-05
25.174477133 	 1.59922e-05
25.1910939496 	 5.26469e-06
25.2077107662 	 2.83703e-05
25.2243275828 	 5.97647e-06
25.2409443993 	 1.4173e-05
25.2575612159 	 3.84327e-05
25.2741780325 	 2.39936e-05
25.2907948491 	 1.6394e-05
25.3074116657 	 2.35685e-05
25.3240284823 	 2.63462e-05
25.3406452989 	 1.77032e-05
25.3572621155 	 1.42381e-05
25.3738789321 	 1.74401e-05
25.3904957486 	 2.44306e-05
25.4071125652 	 3.48418e-05
25.4237293818 	 3.55477e-05
25.4403461984 	 1.08168e-05
25.456963015 	 2.62451e-05
25.4735798316 	 5.59945e-05
25.4901966482 	 2.66484e-05
25.5068134648 	 2.25393e-05
25.5234302814 	 9.48989e-06
25.5400470979 	 1.08646e-05
25.5566639145 	 2.14013e-05
25.5732807311 	 3.44955e-05
25.5898975477 	 3.02375e-05
25.6065143643 	 2.04751e-05
25.6231311809 	 1.19481e-05
25.6397479975 	 1.0742e-05
25.6563648141 	 3.39327e-06
25.6729816307 	 1.10775e-05
25.6895984473 	 2.47608e-05
25.7062152638 	 3.9951e-05
25.7228320804 	 3.22912e-05
25.739448897 	 1.89347e-05
25.7560657136 	 9.5342e-06
25.7726825302 	 1.24336e-05
25.7892993468 	 1.88681e-05
25.8059161634 	 1.54893e-05
25.82253298 	 1.86097e-05
25.8391497966 	 2.14891e-05
25.8557666131 	 2.68409e-05
25.8723834297 	 9.78193e-06
25.8890002463 	 1.28929e-05
25.9056170629 	 2.73008e-05
25.9222338795 	 2.00067e-05
25.9388506961 	 8.01007e-06
25.9554675127 	 8.21513e-06
25.9720843293 	 3.20918e-05
25.9887011459 	 3.33089e-05
26.0053179625 	 2.01661e-05
26.021934779 	 1.67542e-05
26.0385515956 	 2.12028e-05
26.0551684122 	 1.84786e-05
26.0717852288 	 1.33437e-05
26.0884020454 	 1.0699e-05
26.105018862 	 1.80904e-05
26.1216356786 	 1.95941e-05
26.1382524952 	 1.20678e-05
26.1548693118 	 1.65085e-05
26.1714861283 	 2.39218e-05
26.1881029449 	 1.90291e-05
26.2047197615 	 1.66547e-05
26.2213365781 	 2.68548e-06
26.2379533947 	 2.14315e-05
26.2545702113 	 2.22575e-05
26.2711870279 	 3.95788e-05
26.2878038445 	 2.63449e-05
26.3044206611 	 4.20751e-05
26.3210374777 	 4.14352e-05
26.3376542942 	 3.60852e-05
26.3542711108 	 2.35181e-05
26.3708879274 	 1.55605e-05
26.387504744 	 2.11982e-05
26.4041215606 	 1.75401e-05
26.4207383772 	 2.12465e-05
26.4373551938 	 3.0462e-05
26.4539720104 	 1.49433e-05
26.470588827 	 2.0509e-05
26.4872056435 	 1.63369e-05
26.5038224601 	 9.75266e-06
26.5204392767 	 1.98431e-05
26.5370560933 	 1.53868e-05
26.5536729099 	 1.56132e-05
26.5702897265 	 9.76436e-06
26.5869065431 	 6.11419e-06
26.6035233597 	 1.07402e-05
26.6201401763 	 1.8701e-05
26.6367569929 	 1.34732e-05
26.6533738094 	 6.3027e-06
26.669990626 	 1.57659e-05
26.6866074426 	 3.14635e-05
26.7032242592 	 4.2851e-05
26.7198410758 	 4.61311e-05
26.7364578924 	 3.9364e-05
26.753074709 	 2.54504e-05
26.7696915256 	 2.62463e-05
26.7863083422 	 2.85963e-05
26.8029251587 	 8.9957e-06
26.8195419753 	 1.15683e-05
26.8361587919 	 1.27863e-05
26.8527756085 	 3.67514e-05
26.8693924251 	 2.89205e-05
26.8860092417 	 9.87481e-06
26.9026260583 	 2.5848e-05
26.9192428749 	 4.00938e-05
26.9358596915 	 1.37644e-05
26.9524765081 	 4.41865e-05
26.9690933246 	 4.41878e-05
26.9857101412 	 2.214e-05
27.0023269578 	 2.16467e-05
27.0189437744 	 2.00724e-05
27.035560591 	 6.47539e-06
27.0521774076 	 1.66174e-05
27.0687942242 	 2.18313e-05
27.0854110408 	 2.21314e-05
27.1020278574 	 1.69821e-05
27.1186446739 	 1.80813e-05
27.1352614905 	 6.98383e-06
27.1518783071 	 3.79602e-07
27.1684951237 	 1.2813e-05
27.1851119403 	 1.87482e-05
27.2017287569 	 1.23796e-05
27.2183455735 	 8.64475e-06
27.2349623901 	 8.21869e-06
27.2515792067 	 1.40761e-05
27.2681960233 	 1.38462e-05
27.2848128398 	 1.89947e-05
27.3014296564 	 1.99859e-05
27.318046473 	 2.02135e-05
27.3346632896 	 1.65851e-05
27.3512801062 	 1.05748e-05
27.3678969228 	 1.66286e-05
27.3845137394 	 1.87869e-05
27.401130556 	 1.79209e-05
27.4177473726 	 2.63881e-05
27.4343641891 	 1.73766e-05
27.4509810057 	 1.26408e-05
27.4675978223 	 9.13154e-06
27.4842146389 	 1.27751e-05
27.5008314555 	 5.71627e-06
27.5174482721 	 9.03683e-06
27.5340650887 	 1.47832e-05
27.5506819053 	 1.44565e-05
27.5672987219 	 2.00329e-05
27.5839155384 	 1.55543e-05
27.600532355 	 8.30466e-06
27.6171491716 	 2.98463e-06
27.6337659882 	 1.66371e-05
27.6503828048 	 1.7156e-05
27.6669996214 	 1.89948e-05
27.683616438 	 1.9411e-05
27.7002332546 	 1.40188e-05
27.7168500712 	 1.68265e-05
27.7334668878 	 2.09179e-05
27.7500837043 	 2.79014e-05
27.7667005209 	 3.03216e-05
27.7833173375 	 2.2125e-05
27.7999341541 	 1.2779e-05
27.8165509707 	 3.45042e-06
27.8331677873 	 3.07907e-06
27.8497846039 	 8.3121e-06
27.8664014205 	 1.26311e-05
27.8830182371 	 3.96698e-06
27.8996350536 	 2.07977e-05
27.9162518702 	 2.34891e-05
27.9328686868 	 2.5042e-05
27.9494855034 	 1.94559e-05
27.96610232 	 1.16339e-05
27.9827191366 	 9.29153e-06
27.9993359532 	 9.71783e-06
28.0159527698 	 1.63354e-05
28.0325695864 	 2.07678e-05
28.049186403 	 2.01509e-05
28.0658032195 	 8.83133e-06
28.0824200361 	 5.188e-06
28.0990368527 	 8.21118e-06
28.1156536693 	 6.91428e-06
28.1322704859 	 1.52337e-05
28.1488873025 	 2.67644e-05
28.1655041191 	 1.82717e-05
28.1821209357 	 1.31752e-05
28.1987377523 	 1.36523e-05
28.2153545688 	 1.35532e-05
28.2319713854 	 8.63603e-06
28.248588202 	 4.56915e-06
28.2652050186 	 1.26906e-05
28.2818218352 	 7.94313e-06
28.2984386518 	 1.56633e-05
28.3150554684 	 1.06606e-05
28.331672285 	 1.53038e-05
28.3482891016 	 2.09878e-05
28.3649059182 	 2.60768e-05
28.3815227347 	 2.48189e-05
28.3981395513 	 1.40225e-05
28.4147563679 	 1.25171e-05
28.4313731845 	 2.40705e-05
28.4479900011 	 2.28969e-05
28.4646068177 	 9.21835e-06
28.4812236343 	 8.01073e-06
28.4978404509 	 1.87215e-05
28.5144572675 	 1.95318e-05
28.531074084 	 1.5595e-05
28.5476909006 	 1.03565e-05
28.5643077172 	 5.77738e-06
28.5809245338 	 4.73484e-06
28.5975413504 	 7.47201e-06
28.614158167 	 9.24239e-06
28.6307749836 	 8.93209e-06
28.6473918002 	 9.36574e-06
28.6640086168 	 7.66595e-06
28.6806254334 	 6.11261e-06
28.6972422499 	 1.31226e-05
28.7138590665 	 1.17331e-05
28.7304758831 	 2.15799e-05
28.7470926997 	 2.91999e-05
28.7637095163 	 1.48477e-05
28.7803263329 	 1.4483e-05
28.7969431495 	 3.00735e-05
28.8135599661 	 3.31252e-05
28.8301767827 	 3.17164e-05
28.8467935992 	 3.44784e-05
28.8634104158 	 1.08094e-05
28.8800272324 	 1.528e-05
28.896644049 	 1.9241e-05
28.9132608656 	 6.33176e-06
28.9298776822 	 1.22447e-05
28.9464944988 	 1.64636e-05
28.9631113154 	 9.6084e-06
28.979728132 	 6.0004e-06
28.9963449486 	 8.03234e-06
29.0129617651 	 1.70506e-05
29.0295785817 	 1.06418e-05
29.0461953983 	 6.19175e-06
29.0628122149 	 1.30405e-05
29.0794290315 	 4.71526e-06
29.0960458481 	 7.92811e-06
29.1126626647 	 1.00172e-05
29.1292794813 	 7.31238e-06
29.1458962979 	 1.60591e-05
29.1625131144 	 1.0576e-05
29.179129931 	 8.25466e-06
29.1957467476 	 1.54343e-05
29.2123635642 	 1.42346e-05
29.2289803808 	 6.53616e-06
29.2455971974 	 8.21582e-06
29.262214014 	 8.71813e-06
29.2788308306 	 3.75451e-06
29.2954476472 	 1.34424e-05
29.3120644637 	 1.59354e-05
29.3286812803 	 1.3559e-05
29.3452980969 	 6.02183e-06
29.3619149135 	 1.26975e-05
29.3785317301 	 9.78433e-06
29.3951485467 	 4.83333e-06
29.4117653633 	 5.37451e-06
29.4283821799 	 1.15132e-05
29.4449989965 	 1.3903e-05
29.4616158131 	 1.78152e-05
29.4782326296 	 2.06182e-05
29.4948494462 	 1.3349e-05
29.5114662628 	 1.79784e-05
29.5280830794 	 2.4357e-05
29.544699896 	 1.54282e-05
29.5613167126 	 1.22365e-05
29.5779335292 	 1.75026e-05
29.5945503458 	 1.67422e-05
29.6111671624 	 1.86019e-05
29.6277839789 	 1.34407e-05
29.6444007955 	 1.03057e-05
29.6610176121 	 1.18384e-05
29.6776344287 	 1.0051e-05
29.6942512453 	 2.80075e-06
29.7108680619 	 6.00005e-06
29.7274848785 	 2.07369e-06
29.7441016951 	 1.0652e-05
29.7607185117 	 1.38657e-05
29.7773353283 	 5.09732e-06
29.7939521448 	 5.43499e-06
29.8105689614 	 8.413e-06
29.827185778 	 1.10762e-05
29.8438025946 	 6.48686e-06
29.8604194112 	 1.10479e-06
29.8770362278 	 9.47027e-06
29.8936530444 	 4.19186e-06
29.910269861 	 5.44702e-06
29.9268866776 	 1.11767e-05
29.9435034941 	 5.40082e-06
29.9601203107 	 9.65425e-06
29.9767371273 	 1.47004e-05
29.9933539439 	 9.73075e-06
30.0099707605 	 1.27182e-05
30.0265875771 	 1.3361e-05
30.0432043937 	 1.26689e-05
30.0598212103 	 2.32196e-05
30.0764380269 	 2.27354e-05
30.0930548435 	 1.82983e-05
30.10967166 	 1.98953e-05
30.1262884766 	 1.32847e-05
30.1429052932 	 1.20565e-05
30.1595221098 	 2.46181e-05
30.1761389264 	 2.1276e-05
30.192755743 	 1.37701e-05
30.2093725596 	 1.96672e-05
30.2259893762 	 1.69485e-05
30.2426061928 	 1.19063e-05
30.2592230093 	 8.05623e-06
30.2758398259 	 6.67469e-06
30.2924566425 	 3.35251e-06
30.3090734591 	 8.91351e-06
30.3256902757 	 3.86753e-06
30.3423070923 	 6.37052e-06
30.3589239089 	 1.19025e-05
30.3755407255 	 8.86693e-06
30.3921575421 	 1.10707e-05
30.4087743587 	 7.92468e-06
30.4253911752 	 8.33591e-06
30.4420079918 	 1.2048e-05
30.4586248084 	 1.05397e-05
30.475241625 	 1.26592e-05
30.4918584416 	 1.53124e-05
30.5084752582 	 1.24799e-05
30.5250920748 	 7.07845e-06
30.5417088914 	 1.50213e-05
30.558325708 	 1.62059e-05
30.5749425245 	 1.01895e-05
30.5915593411 	 9.44315e-06
30.6081761577 	 7.01194e-06
30.6247929743 	 6.65452e-06
30.6414097909 	 1.06312e-05
30.6580266075 	 1.44376e-05
30.6746434241 	 8.98405e-06
30.6912602407 	 1.26139e-05
30.7078770573 	 8.45624e-06
30.7244938739 	 1.01421e-05
30.7411106904 	 1.03638e-05
30.757727507 	 2.89008e-06
30.7743443236 	 1.11341e-05
30.7909611402 	 8.96493e-06
30.8075779568 	 2.28912e-06
30.8241947734 	 3.51748e-06
30.84081159 	 4.58957e-06
30.8574284066 	 1.78857e-06
30.8740452232 	 2.34305e-06
30.8906620397 	 2.32503e-06
30.9072788563 	 3.63782e-06
30.9238956729 	 3.98803e-06
30.9405124895 	 2.14729e-06
30.9571293061 	 3.43928e-06
30.9737461227 	 1.93052e-06
30.9903629393 	 6.32928e-06
31.0069797559 	 7.54589e-06
31.0235965725 	 3.65718e-06
31.0402133891 	 8.75115e-06
31.0568302056 	 6.64213e-06
31.0734470222 	 1.45702e-06
31.0900638388 	 4.33994e-06
31.1066806554 	 1.23339e-05
31.123297472 	 1.23133e-05
31.1399142886 	 1.08173e-05
31.1565311052 	 7.08409e-06
31.1731479218 	 8.56876e-06
31.1897647384 	 1.03725e-05
31.2063815549 	 2.64944e-06
31.2229983715 	 1.03594e-06
31.2396151881 	 2.86453e-06
31.2562320047 	 6.3394e-06
31.2728488213 	 1.00823e-05
31.2894656379 	 8.25507e-06
31.3060824545 	 3.02839e-06
31.3226992711 	 7.8123e-06
31.3393160877 	 1.39178e-05
31.3559329042 	 4.45875e-06
31.3725497208 	 1.44044e-06
31.3891665374 	 4.07167e-06
31.405783354 	 3.99256e-06
31.4224001706 	 5.85332e-06
31.4390169872 	 6.45742e-06
31.4556338038 	 1.19965e-05
31.4722506204 	 1.35358e-05
31.488867437 	 6.0181e-06
31.5054842536 	 5.94253e-06
31.5221010701 	 7.09314e-06
31.5387178867 	 9.19441e-06
31.5553347033 	 7.29313e-06
31.5719515199 	 3.79654e-06
31.5885683365 	 3.30064e-06
31.6051851531 	 4.01202e-06
31.6218019697 	 4.19705e-06
31.6384187863 	 3.63397e-06
31.6550356029 	 3.38624e-06
31.6716524194 	 3.47234e-06
31.688269236 	 4.27478e-06
31.7048860526 	 2.39268e-06
31.7215028692 	 5.71214e-06
31.7381196858 	 8.47624e-06
31.7547365024 	 7.56263e-06
31.771353319 	 2.60902e-07
31.7879701356 	 7.82534e-06
31.8045869522 	 6.21708e-06
31.8212037688 	 5.7521e-06
31.8378205853 	 3.83828e-06
31.8544374019 	 5.66304e-06
31.8710542185 	 7.28904e-06
31.8876710351 	 8.65276e-06
31.9042878517 	 4.23319e-06
31.9209046683 	 1.5782e-06
31.9375214849 	 6.89456e-06
31.9541383015 	 5.63391e-06
31.9707551181 	 5.60445e-06
31.9873719346 	 2.84844e-06
32.0039887512 	 5.45768e-06
32.0206055678 	 7.5325e-06
32.0372223844 	 6.92685e-06
32.053839201 	 6.50906e-06
32.0704560176 	 6.82297e-06
32.0870728342 	 4.67019e-06
32.1036896508 	 4.28073e-06
32.1203064674 	 5.36512e-06
32.136923284 	 5.25733e-06
32.1535401005 	 5.04255e-06
32.1701569171 	 2.80029e-06
32.1867737337 	 2.45944e-06
32.2033905503 	 2.89781e-06
32.2200073669 	 8.66042e-07
32.2366241835 	 1.61221e-06
32.2532410001 	 1.45253e-06
32.2698578167 	 1.54169e-06
32.2864746333 	 2.80395e-06
32.3030914498 	 3.40465e-06
32.3197082664 	 1.69551e-06
32.336325083 	 2.09355e-06
32.3529418996 	 2.65451e-06
32.3695587162 	 3.30712e-06
32.3861755328 	 2.99007e-06
32.4027923494 	 3.18578e-06
32.419409166 	 6.92308e-07
32.4360259826 	 2.16342e-07
32.4526427992 	 1.68663e-06
32.4692596157 	 4.44988e-06
32.4858764323 	 4.78452e-06
32.5024932489 	 3.08757e-06
32.5191100655 	 3.79468e-06
32.5357268821 	 6.34404e-06
32.5523436987 	 6.83333e-06
32.5689605153 	 4.48849e-06
32.5855773319 	 5.48606e-06
32.6021941485 	 2.54804e-06
32.618810965 	 1.44583e-06
32.6354277816 	 4.44715e-06
32.6520445982 	 5.86187e-06
32.6686614148 	 4.18549e-06
32.6852782314 	 2.01547e-06
32.701895048 	 1.24949e-06
32.7185118646 	 2.60614e-06
32.7351286812 	 2.39385e-06
32.7517454978 	 3.48087e-06
32.7683623144 	 3.1242e-06
32.7849791309 	 1.98786e-06
32.8015959475 	 1.10353e-06
32.8182127641 	 4.4155e-06
32.8348295807 	 6.66543e-06
32.8514463973 	 6.62191e-06
32.8680632139 	 1.35136e-06
32.8846800305 	 3.03203e-06
32.9012968471 	 5.25021e-06
32.9179136637 	 2.69825e-06
32.9345304802 	 4.39684e-06
32.9511472968 	 1.37995e-06
32.9677641134 	 2.7398e-06
32.98438093 	 1.9582e-06
33.0009977466 	 3.10662e-06
33.0176145632 	 3.79183e-06
33.0342313798 	 3.93818e-06
33.0508481964 	 4.92457e-06
33.067465013 	 4.10173e-06
33.0840818296 	 2.50221e-06
33.1006986461 	 2.50471e-06
33.1173154627 	 2.06908e-06
33.1339322793 	 2.27035e-06
33.1505490959 	 1.72847e-06
33.1671659125 	 9.68531e-07
33.1837827291 	 2.86136e-06
33.2003995457 	 1.57515e-06
33.2170163623 	 2.21936e-06
33.2336331789 	 3.18555e-06
33.2502499954 	 1.68895e-06
33.266866812 	 1.35133e-06
33.2834836286 	 1.32339e-06
33.3001004452 	 1.16109e-06
33.3167172618 	 2.13261e-06
33.3333340784 	 3.78736e-06
33.349950895 	 4.50827e-06
33.3665677116 	 3.67105e-06
33.3831845282 	 3.38585e-06
33.3998013447 	 4.94999e-06
33.4164181613 	 3.29228e-06
33.4330349779 	 4.72547e-06
33.4496517945 	 3.82584e-06
33.4662686111 	 3.09369e-06
33.4828854277 	 2.60782e-06
33.4995022443 	 4.02492e-06
33.5161190609 	 3.07827e-06
33.5327358775 	 7.33192e-07
33.5493526941 	 1.56539e-06
33.5659695106 	 2.53901e-06
33.5825863272 	 3.02123e-06
33.5992031438 	 2.70727e-06
33.6158199604 	 2.68044e-06
33.632436777 	 3.29153e-06
33.6490535936 	 2.52764e-06
33.6656704102 	 3.85525e-06
33.6822872268 	 3.97986e-06
33.6989040434 	 3.47149e-06
33.7155208599 	 2.00191e-06
33.7321376765 	 2.65079e-06
33.7487544931 	 2.82871e-06
33.7653713097 	 2.11199e-06
33.7819881263 	 2.88036e-06
33.7986049429 	 3.0272e-06
33.8152217595 	 1.23331e-06
33.8318385761 	 2.4155e-06
33.8484553927 	 4.86527e-07
33.8650722093 	 5.09546e-07
33.8816890258 	 8.14349e-07
33.8983058424 	 9.69958e-07
33.914922659 	 2.47219e-06
33.9315394756 	 3.28335e-06
33.9481562922 	 2.77142e-06
33.9647731088 	 2.26727e-06
33.9813899254 	 1.99277e-06
33.998006742 	 1.26572e-06
34.0146235586 	 9.58757e-07
34.0312403751 	 7.94493e-07
34.0478571917 	 5.39728e-07
34.0644740083 	 1.15213e-06
34.0810908249 	 2.60597e-06
34.0977076415 	 2.19499e-06
34.1143244581 	 1.12756e-06
34.1309412747 	 3.28018e-07
34.1475580913 	 2.07021e-06
34.1641749079 	 2.41762e-06
34.1807917245 	 2.3148e-06
34.197408541 	 6.01937e-07
34.2140253576 	 1.31087e-06
34.2306421742 	 1.98966e-06
34.2472589908 	 2.45042e-06
34.2638758074 	 1.79879e-06
34.280492624 	 9.43339e-07
34.2971094406 	 2.22062e-07
34.3137262572 	 1.03248e-06
34.3303430738 	 1.85689e-06
34.3469598903 	 1.08861e-06
34.3635767069 	 8.70024e-07
34.3801935235 	 1.03221e-06
34.3968103401 	 1.08925e-06
34.4134271567 	 2.83735e-06
34.4300439733 	 3.54309e-06
34.4466607899 	 2.82447e-06
34.4632776065 	 2.94249e-06
34.4798944231 	 3.71257e-06
34.4965112397 	 2.66937e-06
34.5131280562 	 2.71524e-06
34.5297448728 	 2.65904e-06
34.5463616894 	 2.94301e-06
34.562978506 	 2.46195e-06
34.5795953226 	 3.03789e-06
34.5962121392 	 3.06813e-06
34.6128289558 	 2.16452e-06
34.6294457724 	 2.1496e-06
34.646062589 	 2.42063e-06
34.6626794055 	 3.29452e-06
34.6792962221 	 3.11403e-06
34.6959130387 	 2.30499e-06
34.7125298553 	 6.6225e-07
34.7291466719 	 4.01975e-07
34.7457634885 	 1.57514e-06
34.7623803051 	 1.68312e-06
34.7789971217 	 1.25218e-06
34.7956139383 	 1.05059e-06
34.8122307549 	 8.58325e-07
34.8288475714 	 1.55625e-06
34.845464388 	 1.73105e-06
34.8620812046 	 9.83289e-07
34.8786980212 	 4.73062e-07
34.8953148378 	 1.12929e-06
34.9119316544 	 3.94217e-07
34.928548471 	 1.78652e-06
34.9451652876 	 1.75228e-06
34.9617821042 	 1.8764e-06
34.9783989207 	 2.74423e-06
34.9950157373 	 2.21131e-06
35.0116325539 	 1.5929e-06
35.0282493705 	 4.05876e-07
35.0448661871 	 9.95002e-08
35.0614830037 	 1.16792e-06
35.0780998203 	 8.83773e-07
35.0947166369 	 1.38611e-06
35.1113334535 	 1.18167e-06
35.12795027 	 1.09774e-06
35.1445670866 	 1.34428e-06
35.1611839032 	 1.22408e-06
35.1778007198 	 1.42983e-06
35.1944175364 	 1.06859e-06
35.211034353 	 5.49192e-07
35.2276511696 	 4.96995e-07
35.2442679862 	 1.30917e-06
35.2608848028 	 9.45066e-07
35.2775016194 	 2.39536e-07
35.2941184359 	 8.48383e-07
35.3107352525 	 1.74944e-06
35.3273520691 	 1.65329e-06
35.3439688857 	 1.38215e-06
35.3605857023 	 1.07277e-06
35.3772025189 	 1.64421e-06
35.3938193355 	 1.57553e-06
35.4104361521 	 1.59032e-06
35.4270529687 	 1.48921e-06
35.4436697852 	 1.27967e-06
35.4602866018 	 1.71281e-06
35.4769034184 	 1.77647e-06
35.493520235 	 1.7848e-06
35.5101370516 	 1.76426e-06
35.5267538682 	 1.22055e-06
35.5433706848 	 9.51763e-07
35.5599875014 	 1.34487e-06
35.576604318 	 1.53403e-06
35.5932211346 	 1.94471e-06
35.6098379511 	 1.71243e-06
35.6264547677 	 8.41439e-07
35.6430715843 	 6.79583e-07
35.6596884009 	 9.30187e-07
35.6763052175 	 7.3283e-07
35.6929220341 	 1.37683e-07
35.7095388507 	 9.76834e-07
35.7261556673 	 8.3722e-07
35.7427724839 	 9.96955e-07
35.7593893004 	 1.43539e-06
35.776006117 	 1.58473e-06
35.7926229336 	 1.39096e-06
35.8092397502 	 1.5744e-06
35.8258565668 	 1.21792e-06
35.8424733834 	 1.7111e-06
35.8590902 	 1.87031e-06
35.8757070166 	 1.12863e-06
35.8923238332 	 8.37125e-07
35.9089406498 	 1.00011e-06
35.9255574663 	 1.10574e-06
35.9421742829 	 1.66186e-06
35.9587910995 	 1.77553e-06
35.9754079161 	 1.47156e-06
35.9920247327 	 1.46805e-06
36.0086415493 	 1.73735e-06
36.0252583659 	 1.80839e-06
36.0418751825 	 1.49157e-06
36.0584919991 	 1.26771e-06
36.0751088156 	 1.30005e-06
36.0917256322 	 1.41078e-06
36.1083424488 	 1.35639e-06
36.1249592654 	 1.3514e-06
36.141576082 	 8.92355e-07
36.1581928986 	 2.66921e-07
36.1748097152 	 1.17406e-06
36.1914265318 	 9.53328e-07
36.2080433484 	 9.22026e-07
36.224660165 	 9.52215e-07
36.2412769815 	 1.06803e-06
36.2578937981 	 1.07895e-06
36.2745106147 	 1.3244e-06
36.2911274313 	 1.59302e-06
36.3077442479 	 1.61464e-06
36.3243610645 	 1.44185e-06
36.3409778811 	 1.23152e-06
36.3575946977 	 1.36235e-06
36.3742115143 	 1.49495e-06
36.3908283308 	 1.61516e-06
36.4074451474 	 1.60091e-06
36.424061964 	 1.73966e-06
36.4406787806 	 1.25505e-06
36.4572955972 	 1.39162e-06
36.4739124138 	 1.40324e-06
36.4905292304 	 1.14273e-06
36.507146047 	 9.67015e-07
36.5237628636 	 1.22257e-06
36.5403796802 	 1.00999e-06
36.5569964967 	 9.32732e-07
36.5736133133 	 8.16115e-07
36.5902301299 	 9.59558e-07
36.6068469465 	 8.96318e-07
36.6234637631 	 1.29883e-06
36.6400805797 	 1.4463e-06
36.6566973963 	 1.37483e-06
36.6733142129 	 1.01524e-06
36.6899310295 	 1.0318e-06
36.706547846 	 1.23097e-06
36.7231646626 	 1.43142e-06
36.7397814792 	 1.44844e-06
36.7563982958 	 1.41103e-06
36.7730151124 	 1.17035e-06
36.789631929 	 1.00012e-06
36.8062487456 	 1.05938e-06
36.8228655622 	 9.62026e-07
36.8394823788 	 7.14215e-07
36.8560991954 	 8.56884e-07
36.8727160119 	 1.18081e-06
36.8893328285 	 1.03803e-06
36.9059496451 	 1.05691e-06
36.9225664617 	 1.40491e-06
36.9391832783 	 1.42044e-06
36.9558000949 	 1.24179e-06
36.9724169115 	 1.31338e-06
36.9890337281 	 1.36077e-06
37.0056505447 	 1.13852e-06
37.0222673612 	 1.13108e-06
37.0388841778 	 1.10476e-06
37.0555009944 	 1.21708e-06
37.072117811 	 1.24445e-06
37.0887346276 	 1.21286e-06
37.1053514442 	 1.22643e-06
37.1219682608 	 1.08335e-06
37.1385850774 	 1.08362e-06
37.155201894 	 1.05628e-06
37.1718187105 	 1.18671e-06
37.1884355271 	 1.3483e-06
37.2050523437 	 1.4811e-06
37.2216691603 	 1.35658e-06
37.2382859769 	 1.16276e-06
37.2549027935 	 1.05122e-06
37.2715196101 	 1.34995e-06
37.2881364267 	 1.42025e-06
37.3047532433 	 1.32518e-06
37.3213700599 	 1.16062e-06
37.3379868764 	 1.22394e-06
37.354603693 	 1.22599e-06
37.3712205096 	 1.06314e-06
37.3878373262 	 1.00708e-06
37.4044541428 	 1.07688e-06
37.4210709594 	 1.00926e-06
37.437687776 	 1.07421e-06
37.4543045926 	 1.10496e-06
37.4709214092 	 1.0793e-06
37.4875382257 	 9.72793e-07
37.5041550423 	 1.16309e-06
37.5207718589 	 1.28481e-06
37.5373886755 	 1.21338e-06
37.5540054921 	 1.24663e-06
37.5706223087 	 1.25221e-06
37.5872391253 	 1.1218e-06
37.6038559419 	 1.18043e-06
37.6204727585 	 1.29885e-06
37.6370895751 	 1.16922e-06
37.6537063916 	 1.17443e-06
37.6703232082 	 1.17215e-06
37.6869400248 	 1.2027e-06
37.7035568414 	 1.29998e-06
37.720173658 	 1.19253e-06
37.7367904746 	 1.25334e-06
37.7534072912 	 1.30742e-06
37.7700241078 	 1.21428e-06
37.7866409244 	 1.18998e-06
37.8032577409 	 1.27286e-06
37.8198745575 	 1.14192e-06
37.8364913741 	 1.13422e-06
37.8531081907 	 1.18399e-06
37.8697250073 	 1.28594e-06
37.8863418239 	 1.14948e-06
37.9029586405 	 1.17324e-06
37.9195754571 	 1.07328e-06
37.9361922737 	 9.95168e-07
37.9528090903 	 1.14004e-06
37.9694259068 	 1.11971e-06
37.9860427234 	 1.01203e-06
38.00265954 	 1.02582e-06
38.0192763566 	 1.00055e-06
38.0358931732 	 1.10513e-06
38.0525099898 	 1.09797e-06
38.0691268064 	 1.14459e-06
38.085743623 	 1.17641e-06
38.1023604396 	 1.12809e-06
38.1189772561 	 1.14325e-06
38.1355940727 	 1.18591e-06
38.1522108893 	 1.1738e-06
38.1688277059 	 1.21095e-06
38.1854445225 	 1.19527e-06
38.2020613391 	 1.16468e-06
38.2186781557 	 1.11993e-06
38.2352949723 	 1.01628e-06
38.2519117889 	 1.04709e-06
38.2685286055 	 1.01647e-06
38.285145422 	 9.83882e-07
38.3017622386 	 1.06448e-06
38.3183790552 	 1.14399e-06
38.3349958718 	 1.19453e-06
38.3516126884 	 1.15583e-06
38.368229505 	 1.17239e-06
38.3848463216 	 1.19032e-06
38.4014631382 	 1.13899e-06
38.4180799548 	 1.09274e-06
38.4346967713 	 1.10374e-06
38.4513135879 	 1.12463e-06
38.4679304045 	 1.12766e-06
38.4845472211 	 1.11395e-06
38.5011640377 	 1.12815e-06
38.5177808543 	 1.14721e-06
38.5343976709 	 1.12243e-06
38.5510144875 	 1.16314e-06
38.5676313041 	 1.11883e-06
38.5842481207 	 1.12124e-06
38.6008649372 	 1.12183e-06
38.6174817538 	 1.18566e-06
38.6340985704 	 1.2371e-06
38.650715387 	 1.24269e-06
38.6673322036 	 1.18587e-06
38.6839490202 	 1.27578e-06
38.7005658368 	 1.25646e-06
38.7171826534 	 1.2186e-06
38.73379947 	 1.1659e-06
38.7504162865 	 1.1109e-06
38.7670331031 	 1.0882e-06
38.7836499197 	 1.08241e-06
38.8002667363 	 1.15453e-06
38.8168835529 	 1.14299e-06
38.8335003695 	 1.21252e-06
38.8501171861 	 1.21569e-06
38.8667340027 	 1.20774e-06
38.8833508193 	 1.24087e-06
38.8999676358 	 1.20624e-06
38.9165844524 	 1.18338e-06
38.933201269 	 1.08512e-06
38.9498180856 	 1.07252e-06
38.9664349022 	 1.16684e-06
38.9830517188 	 1.18761e-06
38.9996685354 	 1.19761e-06
39.016285352 	 1.13781e-06
39.0329021686 	 1.11386e-06
39.0495189852 	 1.12852e-06
39.0661358017 	 1.11261e-06
39.0827526183 	 1.12002e-06
39.0993694349 	 1.11632e-06
39.1159862515 	 1.08804e-06
39.1326030681 	 1.08721e-06
39.1492198847 	 1.08359e-06
39.1658367013 	 1.08112e-06
39.1824535179 	 1.10507e-06
39.1990703345 	 1.13894e-06
39.215687151 	 1.15122e-06
39.2323039676 	 1.1575e-06
39.2489207842 	 1.15196e-06
39.2655376008 	 1.1098e-06
39.2821544174 	 1.15362e-06
39.298771234 	 1.15797e-06
39.3153880506 	 1.13364e-06
39.3320048672 	 1.14627e-06
39.3486216838 	 1.17934e-06
39.3652385004 	 1.17785e-06
39.3818553169 	 1.15658e-06
39.3984721335 	 1.14453e-06
39.4150889501 	 1.15453e-06
39.4317057667 	 1.16152e-06
39.4483225833 	 1.12099e-06
39.4649393999 	 1.12087e-06
39.4815562165 	 1.14781e-06
39.4981730331 	 1.12386e-06
39.5147898497 	 1.10518e-06
39.5314066662 	 1.11385e-06
39.5480234828 	 1.11012e-06
39.5646402994 	 1.12532e-06
39.581257116 	 1.12259e-06
39.5978739326 	 1.11533e-06
39.6144907492 	 1.08271e-06
39.6311075658 	 1.08288e-06
39.6477243824 	 1.09487e-06
39.664341199 	 1.09109e-06
39.6809580156 	 1.11971e-06
39.6975748321 	 1.12923e-06
39.7141916487 	 1.11787e-06
39.7308084653 	 1.12285e-06
39.7474252819 	 1.12439e-06
39.7640420985 	 1.11485e-06
39.7806589151 	 1.11653e-06
39.7972757317 	 1.10412e-06
39.8138925483 	 1.1069e-06
39.8305093649 	 1.1238e-06
39.8471261814 	 1.13747e-06
39.863742998 	 1.13077e-06
39.8803598146 	 1.11698e-06
39.8969766312 	 1.13279e-06
39.9135934478 	 1.12151e-06
39.9302102644 	 1.12467e-06
39.946827081 	 1.11782e-06
39.9634438976 	 1.11284e-06
39.9800607142 	 1.11748e-06
39.9966775308 	 1.10138e-06
40.0132943473 	 1.09858e-06
40.0299111639 	 1.09995e-06
40.0465279805 	 1.10787e-06
40.0631447971 	 1.09992e-06
40.0797616137 	 1.11845e-06
40.0963784303 	 1.11139e-06
40.1129952469 	 1.11012e-06
40.1296120635 	 1.12159e-06
40.1462288801 	 1.13132e-06
40.1628456966 	 1.13456e-06
40.1794625132 	 1.11684e-06
40.1960793298 	 1.13e-06
40.2126961464 	 1.1463e-06
40.229312963 	 1.13929e-06
40.2459297796 	 1.14579e-06
40.2625465962 	 1.12774e-06
40.2791634128 	 1.12356e-06
40.2957802294 	 1.11704e-06
40.312397046 	 1.10437e-06
40.3290138625 	 1.10463e-06
40.3456306791 	 1.0905e-06
40.3622474957 	 1.08522e-06
40.3788643123 	 1.09485e-06
40.3954811289 	 1.0961e-06
40.4120979455 	 1.09418e-06
40.4287147621 	 1.10616e-06
40.4453315787 	 1.11312e-06
40.4619483953 	 1.10857e-06
40.4785652118 	 1.10181e-06
40.4951820284 	 1.10615e-06
40.511798845 	 1.10104e-06
40.5284156616 	 1.09474e-06
40.5450324782 	 1.10207e-06
40.5616492948 	 1.10857e-06
40.5782661114 	 1.11082e-06
40.594882928 	 1.10184e-06
40.6114997446 	 1.10821e-06
40.6281165612 	 1.11484e-06
40.6447333777 	 1.11517e-06
40.6613501943 	 1.10351e-06
40.6779670109 	 1.0949e-06
40.6945838275 	 1.09775e-06
40.7112006441 	 1.1025e-06
40.7278174607 	 1.09908e-06
40.7444342773 	 1.1026e-06
40.7610510939 	 1.11443e-06
40.7776679105 	 1.12428e-06
40.794284727 	 1.11886e-06
40.8109015436 	 1.10603e-06
40.8275183602 	 1.11221e-06
40.8441351768 	 1.11009e-06
40.8607519934 	 1.10452e-06
40.87736881 	 1.09571e-06
40.8939856266 	 1.09524e-06
40.9106024432 	 1.09894e-06
40.9272192598 	 1.09995e-06
40.9438360763 	 1.10264e-06
40.9604528929 	 1.09998e-06
40.9770697095 	 1.09855e-06
40.9936865261 	 1.0962e-06
41.0103033427 	 1.09472e-06
41.0269201593 	 1.09255e-06
41.0435369759 	 1.09722e-06
41.0601537925 	 1.10361e-06
41.0767706091 	 1.09864e-06
41.0933874257 	 1.10023e-06
41.1100042422 	 1.10337e-06
41.1266210588 	 1.11361e-06
41.1432378754 	 1.10946e-06
41.159854692 	 1.10464e-06
41.1764715086 	 1.1087e-06
41.1930883252 	 1.10372e-06
41.2097051418 	 1.09958e-06
41.2263219584 	 1.09496e-06
41.242938775 	 1.09989e-06
41.2595555915 	 1.10035e-06
41.2761724081 	 1.09761e-06
41.2927892247 	 1.09038e-06
41.3094060413 	 1.08609e-06
41.3260228579 	 1.09155e-06
41.3426396745 	 1.09756e-06
41.3592564911 	 1.10089e-06
41.3758733077 	 1.09415e-06
41.3924901243 	 1.08859e-06
41.4091069409 	 1.09247e-06
41.4257237574 	 1.09806e-06
41.442340574 	 1.09651e-06
41.4589573906 	 1.09689e-06
41.4755742072 	 1.09684e-06
41.4921910238 	 1.10095e-06
41.5088078404 	 1.10226e-06
41.525424657 	 1.09919e-06
41.5420414736 	 1.09846e-06
41.5586582902 	 1.09935e-06
41.5752751067 	 1.09651e-06
41.5918919233 	 1.09492e-06
41.6085087399 	 1.09312e-06
41.6251255565 	 1.09302e-06
41.6417423731 	 1.09306e-06
41.6583591897 	 1.09261e-06
41.6749760063 	 1.09272e-06
41.6915928229 	 1.09169e-06
41.7082096395 	 1.08938e-06
41.7248264561 	 1.09091e-06
41.7414432726 	 1.09292e-06
41.7580600892 	 1.09468e-06
41.7746769058 	 1.09479e-06
41.7912937224 	 1.09354e-06
41.807910539 	 1.09074e-06
41.8245273556 	 1.08983e-06
41.8411441722 	 1.09271e-06
41.8577609888 	 1.08973e-06
41.8743778054 	 1.08807e-06
41.8909946219 	 1.08531e-06
41.9076114385 	 1.08592e-06
41.9242282551 	 1.08562e-06
41.9408450717 	 1.08633e-06
41.9574618883 	 1.08787e-06
41.9740787049 	 1.08682e-06
41.9906955215 	 1.08537e-06
42.0073123381 	 1.08413e-06
42.0239291547 	 1.08712e-06
42.0405459713 	 1.08873e-06
42.0571627878 	 1.08753e-06
42.0737796044 	 1.08664e-06
42.090396421 	 1.08749e-06
42.1070132376 	 1.08818e-06
42.1236300542 	 1.08491e-06
42.1402468708 	 1.08631e-06
42.1568636874 	 1.08703e-06
42.173480504 	 1.08731e-06
42.1900973206 	 1.08561e-06
42.2067141371 	 1.08501e-06
42.2233309537 	 1.08626e-06
42.2399477703 	 1.08551e-06
42.2565645869 	 1.08431e-06
42.2731814035 	 1.08258e-06
42.2897982201 	 1.08308e-06
42.3064150367 	 1.08252e-06
42.3230318533 	 1.08194e-06
42.3396486699 	 1.08111e-06
42.3562654865 	 1.08311e-06
42.372882303 	 1.08548e-06
42.3894991196 	 1.08412e-06
42.4061159362 	 1.08239e-06
42.4227327528 	 1.08278e-06
42.4393495694 	 1.08314e-06
42.455966386 	 1.08221e-06
42.4725832026 	 1.08125e-06
42.4892000192 	 1.08107e-06
42.5058168358 	 1.08119e-06
42.5224336523 	 1.0809e-06
42.5390504689 	 1.08036e-06
42.5556672855 	 1.08051e-06
42.5722841021 	 1.08026e-06
42.5889009187 	 1.08168e-06
42.6055177353 	 1.08175e-06
42.6221345519 	 1.0819e-06
42.6387513685 	 1.08173e-06
42.6553681851 	 1.08047e-06
42.6719850016 	 1.07974e-06
42.6886018182 	 1.08e-06
42.7052186348 	 1.0807e-06
42.7218354514 	 1.07927e-06
42.738452268 	 1.07904e-06
42.7550690846 	 1.07877e-06
42.7716859012 	 1.07858e-06
42.7883027178 	 1.0775e-06
42.8049195344 	 1.07685e-06
42.821536351 	 1.07668e-06
42.8381531675 	 1.07587e-06
42.8547699841 	 1.07589e-06
42.8713868007 	 1.07637e-06
42.8880036173 	 1.07639e-06
42.9046204339 	 1.07558e-06
42.9212372505 	 1.07636e-06
42.9378540671 	 1.07726e-06
42.9544708837 	 1.07746e-06
42.9710877003 	 1.07656e-06
42.9877045168 	 1.0756e-06
43.0043213334 	 1.07603e-06
43.02093815 	 1.07651e-06
43.0375549666 	 1.07602e-06
43.0541717832 	 1.07571e-06
43.0707885998 	 1.07556e-06
43.0874054164 	 1.07497e-06
43.104022233 	 1.07401e-06
43.1206390496 	 1.07355e-06
43.1372558662 	 1.07393e-06
43.1538726827 	 1.07407e-06
43.1704894993 	 1.07406e-06
43.1871063159 	 1.07325e-06
43.2037231325 	 1.07298e-06
43.2203399491 	 1.07282e-06
43.2369567657 	 1.07243e-06
43.2535735823 	 1.07259e-06
43.2701903989 	 1.07291e-06
43.2868072155 	 1.0728e-06
43.303424032 	 1.07291e-06
43.3200408486 	 1.07217e-06
43.3366576652 	 1.07205e-06
43.3532744818 	 1.07194e-06
43.3698912984 	 1.07212e-06
43.386508115 	 1.07191e-06
43.4031249316 	 1.07149e-06
43.4197417482 	 1.07167e-06
43.4363585648 	 1.0714e-06
43.4529753814 	 1.07141e-06
43.4695921979 	 1.07122e-06
43.4862090145 	 1.07046e-06
43.5028258311 	 1.07045e-06
43.5194426477 	 1.07035e-06
43.5360594643 	 1.06993e-06
43.5526762809 	 1.06977e-06
43.5692930975 	 1.06935e-06
43.5859099141 	 1.06924e-06
43.6025267307 	 1.06949e-06
43.6191435472 	 1.06972e-06
43.6357603638 	 1.06904e-06
43.6523771804 	 1.06832e-06
43.668993997 	 1.06825e-06
43.6856108136 	 1.06827e-06
43.7022276302 	 1.0681e-06
43.7188444468 	 1.06809e-06
43.7354612634 	 1.06803e-06
43.75207808 	 1.06747e-06
43.7686948966 	 1.06719e-06
43.7853117131 	 1.06669e-06
43.8019285297 	 1.0668e-06
43.8185453463 	 1.06691e-06
43.8351621629 	 1.06714e-06
43.8517789795 	 1.06728e-06
43.8683957961 	 1.06719e-06
43.8850126127 	 1.06671e-06
43.9016294293 	 1.06628e-06
43.9182462459 	 1.06605e-06
43.9348630624 	 1.06597e-06
43.951479879 	 1.06606e-06
43.9680966956 	 1.06609e-06
43.9847135122 	 1.06573e-06
44.0013303288 	 1.06578e-06
44.0179471454 	 1.06558e-06
44.034563962 	 1.06504e-06
44.0511807786 	 1.06493e-06
44.0677975952 	 1.06511e-06
44.0844144118 	 1.06488e-06
44.1010312283 	 1.06444e-06
44.1176480449 	 1.06416e-06
44.1342648615 	 1.06385e-06
44.1508816781 	 1.06317e-06
44.1674984947 	 1.06288e-06
44.1841153113 	 1.06322e-06
44.2007321279 	 1.06328e-06
44.2173489445 	 1.0633e-06
44.2339657611 	 1.06319e-06
44.2505825776 	 1.06315e-06
44.2671993942 	 1.06273e-06
44.2838162108 	 1.06256e-06
44.3004330274 	 1.06279e-06
44.317049844 	 1.06273e-06
44.3336666606 	 1.0627e-06
44.3502834772 	 1.06217e-06
44.3669002938 	 1.06178e-06
44.3835171104 	 1.0616e-06
44.400133927 	 1.06162e-06
44.4167507435 	 1.06156e-06
44.4333675601 	 1.06132e-06
44.4499843767 	 1.0612e-06
44.4666011933 	 1.06111e-06
44.4832180099 	 1.06061e-06
44.4998348265 	 1.06041e-06
44.5164516431 	 1.0606e-06
44.5330684597 	 1.06078e-06
44.5496852763 	 1.06079e-06
44.5663020928 	 1.06087e-06
44.5829189094 	 1.06058e-06
44.599535726 	 1.06017e-06
44.6161525426 	 1.05961e-06
44.6327693592 	 1.05922e-06
44.6493861758 	 1.05908e-06
44.6660029924 	 1.059e-06
44.682619809 	 1.05897e-06
44.6992366256 	 1.0588e-06
44.7158534421 	 1.05865e-06
44.7324702587 	 1.05851e-06
44.7490870753 	 1.05839e-06
44.7657038919 	 1.05834e-06
44.7823207085 	 1.05853e-06
44.7989375251 	 1.05857e-06
44.8155543417 	 1.0583e-06
44.8321711583 	 1.0582e-06
44.8487879749 	 1.05815e-06
44.8654047915 	 1.05781e-06
44.882021608 	 1.05752e-06
44.8986384246 	 1.05756e-06
44.9152552412 	 1.0576e-06
44.9318720578 	 1.05716e-06
44.9484888744 	 1.05654e-06
44.965105691 	 1.05659e-06
44.9817225076 	 1.057e-06
44.9983393242 	 1.05672e-06
45.0149561408 	 1.05644e-06
45.0315729573 	 1.05671e-06
45.0481897739 	 1.05644e-06
45.0648065905 	 1.05569e-06
45.0814234071 	 1.05566e-06
45.0980402237 	 1.05607e-06
45.1146570403 	 1.05611e-06
45.1312738569 	 1.05546e-06
45.1478906735 	 1.05536e-06
45.1645074901 	 1.05544e-06
45.1811243067 	 1.05513e-06
45.1977411232 	 1.05458e-06
45.2143579398 	 1.05461e-06
45.2309747564 	 1.05498e-06
45.247591573 	 1.05491e-06
45.2642083896 	 1.05446e-06
45.2808252062 	 1.05436e-06
45.2974420228 	 1.05433e-06
45.3140588394 	 1.05413e-06
45.330675656 	 1.05366e-06
45.3472924725 	 1.0538e-06
45.3639092891 	 1.05401e-06
45.3805261057 	 1.05375e-06
45.3971429223 	 1.05342e-06
45.4137597389 	 1.05353e-06
45.4303765555 	 1.05393e-06
45.4469933721 	 1.05336e-06
45.4636101887 	 1.05292e-06
45.4802270053 	 1.05325e-06
45.4968438219 	 1.0533e-06
45.5134606384 	 1.05279e-06
45.530077455 	 1.05253e-06
45.5466942716 	 1.05273e-06
45.5633110882 	 1.05233e-06
45.5799279048 	 1.05185e-06
45.5965447214 	 1.05185e-06
45.613161538 	 1.05225e-06
45.6297783546 	 1.05202e-06
45.6463951712 	 1.05177e-06
45.6630119877 	 1.05152e-06
45.6796288043 	 1.05203e-06
45.6962456209 	 1.05179e-06
45.7128624375 	 1.0517e-06
45.7294792541 	 1.05143e-06
45.7460960707 	 1.05155e-06
45.7627128873 	 1.0513e-06
45.7793297039 	 1.05087e-06
45.7959465205 	 1.05043e-06
45.8125633371 	 1.05028e-06
45.8291801536 	 1.05033e-06
45.8457969702 	 1.05007e-06
45.8624137868 	 1.05043e-06
45.8790306034 	 1.05049e-06
45.89564742 	 1.05019e-06
45.9122642366 	 1.04971e-06
45.9288810532 	 1.04978e-06
45.9454978698 	 1.05001e-06
45.9621146864 	 1.04973e-06
45.9787315029 	 1.04957e-06
45.9953483195 	 1.04964e-06
46.0119651361 	 1.04938e-06
46.0285819527 	 1.04918e-06
46.0451987693 	 1.04891e-06
46.0618155859 	 1.04857e-06
46.0784324025 	 1.0486e-06
46.0950492191 	 1.04896e-06
46.1116660357 	 1.04899e-06
46.1282828523 	 1.04846e-06
46.1448996688 	 1.04841e-06
46.1615164854 	 1.04881e-06
46.178133302 	 1.04861e-06
46.1947501186 	 1.04871e-06
46.2113669352 	 1.04894e-06
46.2279837518 	 1.04875e-06
46.2446005684 	 1.04806e-06
46.261217385 	 1.04768e-06
46.2778342016 	 1.04791e-06
46.2944510181 	 1.0475e-06
46.3110678347 	 1.0471e-06
46.3276846513 	 1.04747e-06
46.3443014679 	 1.04749e-06
46.3609182845 	 1.04732e-06
46.3775351011 	 1.04689e-06
46.3941519177 	 1.0474e-06
46.4107687343 	 1.04704e-06
46.4273855509 	 1.04688e-06
46.4440023674 	 1.04706e-06
46.460619184 	 1.04694e-06
46.4772360006 	 1.04663e-06
46.4938528172 	 1.04651e-06
46.5104696338 	 1.04662e-06
46.5270864504 	 1.04662e-06
46.543703267 	 1.04614e-06
46.5603200836 	 1.04581e-06
46.5769369002 	 1.04582e-06
46.5935537168 	 1.0458e-06
46.6101705333 	 1.0455e-06
46.6267873499 	 1.04552e-06
46.6434041665 	 1.04568e-06
46.6600209831 	 1.0458e-06
46.6766377997 	 1.04566e-06
46.6932546163 	 1.0456e-06
46.7098714329 	 1.04564e-06
46.7264882495 	 1.04517e-06
46.7431050661 	 1.04482e-06
46.7597218826 	 1.04511e-06
46.7763386992 	 1.04539e-06
46.7929555158 	 1.0451e-06
46.8095723324 	 1.04473e-06
46.826189149 	 1.04484e-06
46.8428059656 	 1.04495e-06
46.8594227822 	 1.04447e-06
46.8760395988 	 1.04467e-06
46.8926564154 	 1.0451e-06
46.909273232 	 1.04476e-06
46.9258900485 	 1.04436e-06
46.9425068651 	 1.04415e-06
46.9591236817 	 1.04416e-06
46.9757404983 	 1.04365e-06
46.9923573149 	 1.04357e-06
47.0089741315 	 1.04398e-06
47.0255909481 	 1.04395e-06
47.0422077647 	 1.04375e-06
47.0588245813 	 1.04354e-06
47.0754413978 	 1.04389e-06
47.0920582144 	 1.04374e-06
47.108675031 	 1.04395e-06
47.1252918476 	 1.0438e-06
47.1419086642 	 1.04365e-06
47.1585254808 	 1.04334e-06
47.1751422974 	 1.04289e-06
47.191759114 	 1.04253e-06
47.2083759306 	 1.04271e-06
47.2249927472 	 1.04253e-06
47.2416095637 	 1.04272e-06
47.2582263803 	 1.04265e-06
47.2748431969 	 1.04284e-06
47.2914600135 	 1.04276e-06
47.3080768301 	 1.04275e-06
47.3246936467 	 1.0427e-06
47.3413104633 	 1.04247e-06
47.3579272799 	 1.04249e-06
47.3745440965 	 1.04247e-06
47.391160913 	 1.04245e-06
47.4077777296 	 1.04234e-06
47.4243945462 	 1.04215e-06
47.4410113628 	 1.04206e-06
47.4576281794 	 1.04167e-06
47.474244996 	 1.04175e-06
47.4908618126 	 1.04149e-06
47.5074786292 	 1.04141e-06
47.5240954458 	 1.04119e-06
47.5407122624 	 1.04121e-06
47.5573290789 	 1.04149e-06
47.5739458955 	 1.04178e-06
47.5905627121 	 1.04141e-06
47.6071795287 	 1.04153e-06
47.6237963453 	 1.04139e-06
47.6404131619 	 1.04162e-06
47.6570299785 	 1.04126e-06
47.6736467951 	 1.04123e-06
47.6902636117 	 1.0414e-06
47.7068804282 	 1.04115e-06
47.7234972448 	 1.04094e-06
47.7401140614 	 1.04078e-06
47.756730878 	 1.04114e-06
47.7733476946 	 1.04085e-06
47.7899645112 	 1.04089e-06
47.8065813278 	 1.04089e-06
47.8231981444 	 1.04074e-06
47.839814961 	 1.04039e-06
47.8564317776 	 1.04012e-06
47.8730485941 	 1.04029e-06
47.8896654107 	 1.04048e-06
47.9062822273 	 1.04058e-06
47.9228990439 	 1.04025e-06
47.9395158605 	 1.03985e-06
47.9561326771 	 1.03992e-06
47.9727494937 	 1.04013e-06
47.9893663103 	 1.04005e-06
48.0059831269 	 1.0401e-06
48.0225999434 	 1.04023e-06
48.03921676 	 1.04027e-06
48.0558335766 	 1.03959e-06
48.0724503932 	 1.03974e-06
48.0890672098 	 1.03995e-06
48.1056840264 	 1.03988e-06
48.122300843 	 1.03957e-06
48.1389176596 	 1.03988e-06
48.1555344762 	 1.03967e-06
48.1721512928 	 1.03942e-06
48.1887681093 	 1.03941e-06
48.2053849259 	 1.03969e-06
48.2220017425 	 1.03912e-06
48.2386185591 	 1.03881e-06
48.2552353757 	 1.03913e-06
48.2718521923 	 1.03932e-06
48.2884690089 	 1.03909e-06
48.3050858255 	 1.03961e-06
48.3217026421 	 1.03961e-06
48.3383194586 	 1.039e-06
48.3549362752 	 1.03874e-06
48.3715530918 	 1.03861e-06
48.3881699084 	 1.03823e-06
48.404786725 	 1.03849e-06
48.4214035416 	 1.03887e-06
48.4380203582 	 1.03921e-06
48.4546371748 	 1.03883e-06
48.4712539914 	 1.03865e-06
48.4878708079 	 1.03884e-06
48.5044876245 	 1.03867e-06
48.5211044411 	 1.03848e-06
48.5377212577 	 1.03849e-06
48.5543380743 	 1.03855e-06
48.5709548909 	 1.03839e-06
48.5875717075 	 1.03826e-06
48.6041885241 	 1.03838e-06
48.6208053407 	 1.03843e-06
48.6374221573 	 1.0385e-06
48.6540389738 	 1.03836e-06
48.6706557904 	 1.03812e-06
48.687272607 	 1.03819e-06
48.7038894236 	 1.03814e-06
48.7205062402 	 1.03809e-06
48.7371230568 	 1.03839e-06
48.7537398734 	 1.03816e-06
48.77035669 	 1.03801e-06
48.7869735066 	 1.03814e-06
48.8035903231 	 1.03813e-06
48.8202071397 	 1.03798e-06
48.8368239563 	 1.03799e-06
48.8534407729 	 1.03799e-06
48.8700575895 	 1.03775e-06
48.8866744061 	 1.03762e-06
48.9032912227 	 1.03797e-06
48.9199080393 	 1.03776e-06
48.9365248559 	 1.03781e-06
48.9531416725 	 1.03763e-06
48.969758489 	 1.0378e-06
48.9863753056 	 1.03792e-06
49.0029921222 	 1.038e-06
49.0196089388 	 1.03819e-06
49.0362257554 	 1.03793e-06
49.052842572 	 1.03748e-06
49.0694593886 	 1.03736e-06
49.0860762052 	 1.03728e-06
49.1026930218 	 1.03716e-06
49.1193098383 	 1.03699e-06
49.1359266549 	 1.03729e-06
49.1525434715 	 1.0371e-06
49.1691602881 	 1.03726e-06
49.1857771047 	 1.03715e-06
49.2023939213 	 1.03713e-06
49.2190107379 	 1.03744e-06
49.2356275545 	 1.03767e-06
49.2522443711 	 1.03746e-06
49.2688611877 	 1.03715e-06
49.2854780042 	 1.03714e-06
49.3020948208 	 1.03698e-06
49.3187116374 	 1.0372e-06
49.335328454 	 1.03782e-06
49.3519452706 	 1.03766e-06
49.3685620872 	 1.03752e-06
49.3851789038 	 1.03742e-06
49.4017957204 	 1.03693e-06
49.418412537 	 1.03696e-06
49.4350293535 	 1.03703e-06
49.4516461701 	 1.03722e-06
49.4682629867 	 1.03708e-06
49.4848798033 	 1.03723e-06
49.5014966199 	 1.03717e-06
49.5181134365 	 1.03692e-06
49.5347302531 	 1.03655e-06
49.5513470697 	 1.03706e-06
49.5679638863 	 1.03732e-06
49.5845807029 	 1.03706e-06
49.6011975194 	 1.03687e-06
49.617814336 	 1.0369e-06
49.6344311526 	 1.0366e-06
49.6510479692 	 1.03649e-06
49.6676647858 	 1.037e-06
49.6842816024 	 1.03721e-06
49.700898419 	 1.03728e-06
49.7175152356 	 1.037e-06
49.7341320522 	 1.03699e-06
49.7507488687 	 1.03657e-06
49.7673656853 	 1.03632e-06
49.7839825019 	 1.03685e-06
49.8005993185 	 1.0372e-06
49.8172161351 	 1.03718e-06
49.8338329517 	 1.03744e-06
49.8504497683 	 1.03715e-06
49.8670665849 	 1.03676e-06
49.8836834015 	 1.03667e-06
49.9003002181 	 1.03662e-06
49.9169170346 	 1.03698e-06
49.9335338512 	 1.03699e-06
49.9501506678 	 1.03705e-06
49.9667674844 	 1.03664e-06
49.983384301 	 1.03665e-06
50.0000011176 	 1.03671e-06
