0.000000000000000000e+00 9.654923999999998974e-05
7.923930446530000338e-02 2.092693999999999924e-04
1.584786089309999924e-01 4.886580000000001044e-04
2.377179133960000135e-01 3.048419999999998301e-04
3.169572178610000068e-01 5.283199999999996579e-04
3.961965223260000002e-01 9.904980000000002463e-04
4.754358267920000269e-01 9.806059999999993185e-04
5.546751312569999648e-01 3.686359999999999854e-04
6.339144357220000137e-01 1.770920000000000046e-04
7.131537401869999515e-01 8.276179999999995832e-04
7.923930446529999783e-01 2.261941999999999425e-04
8.716323491180000271e-01 3.675199999999998694e-04
9.508716535829999650e-01 2.515239999999997148e-04
1.030110958050000081e+00 1.585711999999999539e-03
1.109350262510000018e+00 8.009959999999999997e-04
1.188589566979999956e+00 6.837999999999993823e-05
1.267828871439999894e+00 1.505823999999999357e-03
1.347068175910000054e+00 1.046325999999999767e-03
1.426307480369999992e+00 3.619839999999999169e-03
1.505546784839999930e+00 2.697319999999997844e-03
1.584786089310000090e+00 1.470693999999998954e-03
1.664025393770000028e+00 6.120939999999998760e-04
1.743264698239999966e+00 9.054559999999997957e-04
1.822504002699999903e+00 4.055380000000000790e-03
1.901743307170000064e+00 1.166234000000000368e-03
1.980982611630000001e+00 1.335219999999998942e-03
2.060221916100000161e+00 9.369660000000000141e-04
2.139461220559999877e+00 2.844399999999998666e-03
2.218700525030000037e+00 4.181700000000000000e-03
2.297939829490000196e+00 4.239860000000001544e-03
2.377179133959999913e+00 2.611499999999999239e-03
2.456418438420000072e+00 2.662239999999998011e-03
2.535657742889999788e+00 3.548759999999998027e-03
2.614897047349999948e+00 5.752639999999999837e-03
2.694136351820000108e+00 4.196399999999999436e-03
2.773375656279999824e+00 2.807359999999998329e-03
2.852614960749999984e+00 5.234019999999998951e-03
2.931854265220000144e+00 1.662171999999999955e-03
3.011093569679999860e+00 1.048627999999999366e-02
3.090332874150000020e+00 6.931899999999997786e-03
3.169572178610000179e+00 1.667748000000000147e-02
3.248811483079999896e+00 6.029839999999998118e-03
3.328050787540000055e+00 1.978557999999999706e-02
3.407290092010000215e+00 2.841108000000000522e-02
3.486529396469999931e+00 2.110557999999999879e-02
3.565768700940000091e+00 1.380762000000000100e-01
3.645008005399999806e+00 9.677848000000000006e-02
3.724247309869999967e+00 7.176815999999999751e-02
3.803486614330000126e+00 1.243203999999999837e-02
3.882725918799999842e+00 1.968817999999999263e-02
3.961965223260000002e+00 6.974039999999997325e-03
4.041204527729999718e+00 1.095005999999999757e-02
4.120443832190000322e+00 8.643319999999999476e-03
4.199683136660000038e+00 1.366716000000000458e-02
4.278922441119999753e+00 1.171128000000000446e-02
4.358161745590000358e+00 1.402420000000000055e-02
4.437401050060000074e+00 1.170039999999999275e-02
4.516640354519999789e+00 3.218340000000000090e-03
4.595879658990000394e+00 4.804959999999997011e-03
4.675118963450000109e+00 9.169419999999997573e-03
4.754358267919999825e+00 6.442939999999997697e-03
4.833597572380000429e+00 7.330099999999999116e-03
4.912836876850000145e+00 2.387639999999999901e-03
4.992076181309999861e+00 4.436840000000000922e-03
5.071315485779999577e+00 6.560340000000001309e-03
5.150554790240000180e+00 4.875779999999999698e-03
5.229794094709999897e+00 6.503419999999995871e-03
5.309033399169999612e+00 4.246339999999997755e-03
5.388272703640000216e+00 3.148639999999999425e-03
5.467512008099999932e+00 5.795359999999995931e-03
5.546751312569999648e+00 3.254499999999998713e-03
5.625990617030000251e+00 3.162319999999999715e-03
5.705229921499999968e+00 3.188319999999999696e-03
5.784469225959999683e+00 4.938239999999999991e-03
5.863708530430000287e+00 7.376860000000002443e-03
5.942947834900000004e+00 3.266599999999999712e-03
6.022187139359999719e+00 4.012920000000001416e-03
6.101426443830000323e+00 3.509419999999999207e-03
6.180665748290000039e+00 1.400453999999998894e-03
6.259905052759999755e+00 1.292230000000000332e-04
6.339144357220000359e+00 1.593456000000000039e-03
6.418383661690000075e+00 4.324720000000000647e-03
6.497622966149999790e+00 3.010219999999999216e-03
6.576862270620000395e+00 4.176599999999999063e-03
6.656101575080000110e+00 5.406620000000000870e-03
6.735340879549999826e+00 5.561939999999994388e-04
6.814580184010000430e+00 3.394179999999998379e-03
6.893819488480000146e+00 1.725775999999999179e-03
6.973058792939999861e+00 1.166732000000000186e-03
7.052298097409999578e+00 1.205829999999999749e-03
7.131537401870000181e+00 2.383672000000000742e-03
7.210776706339999897e+00 8.498539999999997138e-04
7.290016010809999614e+00 7.469439999999998199e-04
7.369255315270000217e+00 1.093855999999999822e-03
7.448494619739999933e+00 2.784260000000000207e-03
7.527733924199999649e+00 1.934184000000000250e-03
7.606973228670000253e+00 1.732256000000000594e-03
7.686212533129999969e+00 7.355219999999997385e-04
7.765451837599999685e+00 1.771953999999999196e-03
7.844691142060000288e+00 1.357553999999999966e-03
7.923930446530000005e+00 1.920559999999999976e-03
8.003169750990000608e+00 1.524151999999999972e-03
8.082409055459999436e+00 4.530379999999997048e-03
8.161648359919999152e+00 3.712039999999998049e-03
8.240887664389999756e+00 3.207499999999998547e-03
8.320126968849999471e+00 1.473501999999999798e-03
8.399366273320000076e+00 2.450245999999998807e-03
8.478605577779999791e+00 2.322581999999999251e-03
8.557844882250000396e+00 1.780231999999999648e-03
8.637084186710000111e+00 1.917214000000000418e-03
8.716323491180000715e+00 1.641903999999999152e-03
8.795562795649999543e+00 1.485221999999999584e-03
8.874802100109999259e+00 1.123001999999999681e-03
8.954041404579999863e+00 1.664342000000000078e-03
9.033280709039999579e+00 4.618799999999999295e-03
9.112520013510000183e+00 5.581459999999999894e-03
9.191759317969999898e+00 2.431643999999999299e-03
9.270998622440000503e+00 6.285040000000000418e-03
9.350237926900000218e+00 6.699499999999998859e-03
9.429477231370000823e+00 6.052159999999997403e-03
9.508716535830000538e+00 5.477399999999998589e-03
9.587955840299999366e+00 4.686151999999998985e-03
9.667195144760000858e+00 2.801876000000000019e-03
9.746434449229999686e+00 3.179519999999999916e-03
9.825673753689999401e+00 1.760002000000000094e-03
9.904913058160000006e+00 3.274504000000000130e-03
9.984152362619999721e+00 6.062424000000000285e-03
1.006339166709999944e+01 1.730381999999999927e-03
1.014263097159999916e+01 4.238104000000001217e-03
1.022187027600000064e+01 3.657231999999999844e-03
1.030110958050000036e+01 1.870167999999999744e-03
1.038034888500000008e+01 5.595492000000000521e-03
1.045958818939999979e+01 4.259963999999999765e-03
1.053882749389999951e+01 2.860604000000000098e-03
1.061806679829999922e+01 7.354436000000000653e-03
1.069730610280000072e+01 5.974489999999998968e-03
1.077654540730000043e+01 1.204735999999999828e-02
1.085578471170000014e+01 1.019871199999999867e-02
1.093502401619999986e+01 1.306688800000000220e-02
1.101426332069999958e+01 6.950139999999998749e-03
1.109350262509999929e+01 3.056078000000000267e-03
1.117274192960000079e+01 1.862755199999999861e-02
1.125198123410000051e+01 8.907876000000000336e-03
1.133122053850000022e+01 9.216867999999999589e-03
1.141045984299999994e+01 1.049076399999999964e-02
1.148969914749999965e+01 6.100531999999999656e-03
1.156893845189999936e+01 1.287932399999999755e-02
1.164817775640000086e+01 4.423607999999999013e-03
1.172741706090000058e+01 3.632194000000000048e-03
1.180665636530000029e+01 1.169091199999999775e-02
1.188589566980000001e+01 1.111659999999999905e-02
1.196513497429999973e+01 9.893415999999998628e-03
1.204437427869999944e+01 1.051026799999999969e-02
1.212361358319999916e+01 1.157594400000000120e-02
1.220285288770000065e+01 3.566745999999999545e-03
1.228209219210000036e+01 5.482232000000000077e-03
1.236133149660000008e+01 5.991523999999999808e-03
1.244057080099999979e+01 1.519755999999999711e-03
1.251981010549999951e+01 1.992793999999999989e-03
1.259904940999999923e+01 4.668539999999999669e-03
1.267828871440000071e+01 3.208031999999999984e-03
1.275752801890000043e+01 1.045862000000000050e-03
1.283676732340000015e+01 2.996763999999999852e-03
1.291600662779999986e+01 5.185275999999999948e-03
1.299524593229999958e+01 1.013541999999999872e-03
1.307448523679999930e+01 3.164781999999999340e-04
1.315372454120000079e+01 2.723197999999999591e-03
1.323296384570000050e+01 2.653387999999999580e-03
1.331220315020000022e+01 2.545583999999999174e-03
1.339144245459999993e+01 6.753807999999998949e-04
1.347068175909999965e+01 2.264972000000000079e-03
1.354992106359999937e+01 2.904055999999999478e-03
1.362916036800000086e+01 2.084313999999999438e-03
1.370839967250000058e+01 2.211059999999999935e-03
1.378763897700000030e+01 5.197895999999999810e-04
1.386687828140000001e+01 2.401879999999999467e-03
1.394611758589999972e+01 3.346299999999999969e-03
1.402535689039999944e+01 3.127874000000000106e-03
1.410459619479999915e+01 2.559475999999999765e-03
1.418383549930000065e+01 3.587440000000000767e-03
1.426307480370000036e+01 1.779690000000000005e-03
1.434231410820000008e+01 3.193716000000000090e-03
1.442155341269999980e+01 3.712189999999999761e-03
1.450079271709999951e+01 4.276239999999998861e-03
1.458003202159999923e+01 1.038371999999999863e-03
1.465927132610000072e+01 1.438133999999999767e-03
1.473851063050000043e+01 3.052407999999999511e-03
1.481774993500000015e+01 6.788579999999999571e-04
1.489698923949999987e+01 1.046590000000000020e-03
1.497622854389999958e+01 1.179488000000000238e-03
1.505546784839999930e+01 1.958251999999999736e-03
1.513470715290000079e+01 1.591092000000000114e-03
1.521394645730000050e+01 8.930759999999998092e-04
1.529318576180000022e+01 1.050159999999999852e-03
1.537242506629999994e+01 6.792355999999999177e-04
1.545166437069999965e+01 2.136066000000000267e-03
1.553090367519999937e+01 5.884579999999999282e-04
1.561014297970000086e+01 1.563654000000000259e-03
1.568938228410000058e+01 7.416971999999999975e-04
1.576862158860000029e+01 8.847079999999997836e-04
1.584786089310000001e+01 8.044951999999998661e-04
1.592710019749999972e+01 7.787108000000000051e-04
1.600633950199999944e+01 8.598499999999998939e-04
1.608557880649999916e+01 7.371963999999998863e-04
1.616481811090000065e+01 9.467339999999998569e-04
1.624405741540000037e+01 1.076024000000000078e-03
1.632329671979999830e+01 1.692783999999999912e-03
1.640253602430000157e+01 2.517580000000000165e-03
1.648177532880000129e+01 1.765758000000000084e-03
1.656101463319999922e+01 2.339951999999999310e-03
1.664025393769999894e+01 6.799267999999999154e-04
1.671949324219999866e+01 2.724343999999999746e-04
1.679873254660000015e+01 6.133564000000000420e-04
1.687797185109999987e+01 3.616201999999999568e-04
1.695721115559999959e+01 1.342830000000000152e-03
1.703645046000000107e+01 1.495600000000000141e-03
1.711568976450000079e+01 1.189731999999999769e-03
1.719492906900000051e+01 2.002209999999999927e-03
1.727416837339999844e+01 7.105148000000000366e-04
1.735340767790000172e+01 7.739783999999999553e-04
1.743264698240000143e+01 1.219231199999999725e-03
1.751188628679999937e+01 2.429381999999999896e-03
1.759112559129999909e+01 3.072796000000000034e-03
1.767036489579999881e+01 2.880335999999999834e-03
1.774960420020000029e+01 1.968567999999999967e-03
1.782884350470000001e+01 4.161211999999999420e-04
1.790808280919999973e+01 9.533615999999999965e-04
1.798732211360000122e+01 1.201911200000000020e-03
1.806656141810000094e+01 1.456191199999999977e-03
1.814580072249999887e+01 8.531575999999999917e-04
1.822504002699999859e+01 5.514574000000000168e-04
1.830427933149999831e+01 1.969097999999999855e-03
1.838351863589999979e+01 1.621468800000000097e-03
1.846275794039999951e+01 1.445406799999999830e-03
1.854199724489999923e+01 7.854051999999999388e-04
1.862123654930000072e+01 1.423415199999999992e-03
1.870047585380000044e+01 8.979151999999998492e-04
1.877971515830000016e+01 2.506057999999999810e-03
1.885895446270000164e+01 2.141695999999999791e-03
1.893819376720000136e+01 9.317927999999999194e-04
1.901743307170000108e+01 6.632631999999999417e-04
1.909667237609999901e+01 1.311181600000000010e-03
1.917591168059999873e+01 1.549656799999999789e-03
1.925515098509999845e+01 5.749848000000000112e-04
1.933439028949999994e+01 1.269631600000000003e-03
1.941362959399999966e+01 1.430615199999999950e-03
1.949286889849999937e+01 9.359756000000000109e-04
1.957210820290000086e+01 1.044100399999999982e-03
1.965134750740000058e+01 1.629993200000000005e-03
1.973058681190000030e+01 5.708781999999999919e-04
1.980982611629999823e+01 1.441460799999999933e-03
1.988906542080000150e+01 7.568343999999999853e-04
1.996830472519999944e+01 1.340159200000000123e-03
2.004754402969999916e+01 1.066518399999999943e-03
2.012678333419999888e+01 5.500637999999999968e-04
2.020602263860000036e+01 1.809652799999999975e-03
2.028526194310000008e+01 1.545322399999999935e-03
2.036450124759999980e+01 9.283315999999998923e-04
2.044374055200000129e+01 3.185182000000000161e-04
2.052297985650000101e+01 1.352195999999999954e-04
2.060221916100000072e+01 1.417572799999999974e-04
2.068145846539999866e+01 6.166843999999999668e-04
2.076069776989999838e+01 1.220209600000000082e-03
2.083993707440000165e+01 7.723644000000000212e-04
2.091917637879999958e+01 1.092291599999999996e-03
2.099841568329999930e+01 6.380204000000000214e-04
2.107765498779999902e+01 1.248465999999999942e-03
2.115689429220000051e+01 1.707104000000000087e-03
2.123613359670000023e+01 1.764359599999999837e-03
2.131537290119999994e+01 2.150777999999999891e-03
2.139461220560000143e+01 2.429018399999999939e-03
2.147385151010000115e+01 1.335653600000000002e-03
2.155309081460000087e+01 7.906780000000000622e-04
2.163233011899999880e+01 9.200703999999998569e-04
2.171156942349999852e+01 7.523481999999999739e-04
2.179080872799999824e+01 7.734935999999999765e-04
2.187004803239999973e+01 7.762971999999999711e-04
2.194928733689999945e+01 9.943271999999999961e-04
2.202852664130000093e+01 1.832603599999999911e-03
2.210776594580000065e+01 1.580624400000000011e-03
2.218700525030000037e+01 8.228108000000000470e-04
2.226624455469999830e+01 1.214178000000000002e-03
2.234548385920000158e+01 8.085860000000000269e-04
2.242472316370000129e+01 3.331491999999999917e-04
2.250396246809999923e+01 6.425682000000000052e-04
2.258320177259999895e+01 7.405298000000000262e-04
2.266244107709999867e+01 6.080249999999999934e-04
2.274168038150000015e+01 5.471954000000000227e-04
2.282091968599999987e+01 2.648458000000000452e-04
2.290015899049999959e+01 2.421620800000000089e-04
2.297939829490000108e+01 3.811148799999999502e-04
2.305863759940000079e+01 3.464432000000000037e-04
2.313787690390000051e+01 3.523221999999999791e-04
2.321711620829999845e+01 4.773544000000000116e-04
2.329635551280000172e+01 7.776077999999999853e-04
2.337559481730000144e+01 2.766701999999999790e-04
2.345483412169999937e+01 3.998380000000000163e-04
2.353407342619999909e+01 1.311829999999999941e-04
2.361331273069999881e+01 4.897026000000000504e-04
2.369255203510000030e+01 4.711682000000000131e-04
2.377179133960000001e+01 5.778049999999999338e-05
2.385103064400000150e+01 4.238318000000000033e-04
2.393026994850000122e+01 3.081762000000000260e-04
2.400950925300000094e+01 3.079018000000000206e-04
2.408874855739999887e+01 4.341936000000000233e-04
2.416798786189999859e+01 3.944034000000000125e-04
2.424722716639999831e+01 2.025617999999999755e-04
2.432646647079999980e+01 1.679700799999999847e-04
2.440570577529999952e+01 1.257961200000000217e-04
2.448494507979999923e+01 2.696782000000000432e-04
2.456418438420000072e+01 1.309136799999999917e-04
2.464342368870000044e+01 3.077188000000000124e-04
2.472266299320000016e+01 1.581053999999999923e-04
2.480190229760000165e+01 1.384242000000000155e-04
2.488114160210000136e+01 1.448690400000000010e-04
2.496038090660000108e+01 1.194854000000000131e-04
2.503962021099999902e+01 1.781312000000000200e-05
2.511885951549999874e+01 1.724260000000000191e-04
2.519809881999999845e+01 8.992111999999998992e-05
2.527733812439999994e+01 1.618496800000000086e-04
2.535657742889999966e+01 9.797323999999999508e-05
2.543581673339999938e+01 9.657555999999998782e-05
2.551505603780000087e+01 5.821423999999998493e-05
2.559429534230000058e+01 5.176480000000000285e-05
2.567353464669999852e+01 7.903852000000000707e-05
2.575277395119999824e+01 7.017612000000000871e-05
2.583201325570000151e+01 6.836488000000000536e-05
2.591125256009999944e+01 3.358079999999999534e-05
2.599049186459999916e+01 2.412820000000000050e-05
2.606973116909999888e+01 4.619291999999999750e-05
2.614897047350000037e+01 1.328008800000000098e-04
2.622820977800000009e+01 1.269851999999999917e-04
2.630744908249999980e+01 7.685516000000000634e-05
2.638668838690000129e+01 5.252451999999999631e-05
2.646592769140000101e+01 5.221175999999999086e-05
2.654516699590000073e+01 5.198695999999999260e-05
2.662440630029999866e+01 7.189499999999998843e-05
2.670364560479999838e+01 6.648756000000000078e-05
2.678288490930000165e+01 4.415761999999999346e-05
2.686212421369999959e+01 5.679132000000000093e-05
2.694136351819999931e+01 4.739734000000000384e-05
2.702060282269999902e+01 6.299739999999999420e-06
2.709984212710000051e+01 1.186011999999999987e-04
2.717908143160000023e+01 1.039050400000000049e-04
2.725832073609999995e+01 4.135306000000000620e-05
2.733756004050000143e+01 7.185644000000000146e-05
2.741679934500000115e+01 9.639999999999998505e-05
2.749603864939999909e+01 1.477096000000000062e-04
2.757527795389999881e+01 1.313173600000000149e-04
2.765451725839999852e+01 4.111117999999999218e-05
2.773375656280000001e+01 1.607421199999999951e-04
2.781299586729999973e+01 1.212009999999999802e-04
2.789223517179999945e+01 7.720820000000000390e-06
2.797147447620000094e+01 3.200982000000000111e-05
2.805071378070000065e+01 1.028625999999999933e-04
2.812995308520000037e+01 7.335668000000000050e-05
2.820919238959999831e+01 7.823923999999998378e-05
2.828843169410000158e+01 3.618911999999999682e-05
2.836767099860000130e+01 1.106484000000000027e-04
2.844691030299999923e+01 1.058471600000000025e-04
2.852614960749999895e+01 1.541027199999999786e-04
2.860538891199999867e+01 1.705377200000000068e-04
2.868462821640000016e+01 2.808727999999999648e-05
2.876386752089999987e+01 1.808074000000000064e-05
2.884310682539999959e+01 7.023199999999997403e-07
2.892234612980000108e+01 1.397104400000000060e-04
2.900158543430000080e+01 3.204752000000000246e-05
2.908082473880000052e+01 2.354849999999999993e-05
2.916006404319999845e+01 9.792172000000000950e-05
2.923930334770000172e+01 6.820352000000000662e-05
2.931854265220000144e+01 -4.342280000000002749e-06
2.939778195659999938e+01 9.896491999999999301e-05
2.947702126109999909e+01 8.981476000000000336e-05
2.955626056550000058e+01 5.995478000000000265e-05
2.963549987000000030e+01 7.468708000000000389e-05
2.971473917450000002e+01 7.388024000000000739e-05
2.979397847890000151e+01 3.749961999999999724e-05
2.987321778340000122e+01 2.494240000000000026e-06
2.995245708790000094e+01 8.875099999999999103e-06
3.003169639229999888e+01 3.556968000000000467e-05
3.011093569679999860e+01 1.352400000000000130e-05
3.019017500129999831e+01 5.126059999999995438e-06
3.026941430569999980e+01 7.211478000000000820e-05
3.034865361019999952e+01 2.296394000000000159e-05
3.042789291469999924e+01 5.790005999999998855e-05
3.050713221910000073e+01 1.945353999999999874e-05
3.058637152360000044e+01 2.449537999999999450e-05
3.066561082810000016e+01 1.912669999999999765e-05
3.074485013250000165e+01 3.573633999999999470e-05
3.082408943700000137e+01 2.426399999999999673e-05
3.090332874150000109e+01 -4.274280000000002722e-06
3.098256804589999902e+01 -1.465325999999999970e-05
3.106180735039999874e+01 7.230267999999999331e-05
3.114104665489999846e+01 7.319419999999999117e-05
3.122028595929999994e+01 6.242066000000000758e-05
3.129952526379999966e+01 6.237080000000000261e-06
3.137876456820000115e+01 3.618195999999999739e-05
3.145800387270000087e+01 6.690983999999999701e-05
3.153724317720000059e+01 7.941524000000000098e-05
3.161648248159999852e+01 4.501219999999998893e-05
3.169572178609999824e+01 2.301011999999999646e-05
3.177496109060000151e+01 1.071202000000000319e-05
3.185420039499999945e+01 1.057577999999999990e-05
3.193343969949999916e+01 1.057645999999999665e-05
3.201267900399999888e+01 3.077520000000000310e-06
3.209191830839999682e+01 2.129128000000000259e-05
3.217115761289999654e+01 3.415757999999999154e-05
3.225039691740000336e+01 -6.549020000000005951e-06
3.232963622180000129e+01 4.309175999999999686e-05
3.240887552630000101e+01 -1.987425000000000373e-05
3.248811483080000073e+01 -2.114989000000000157e-05
3.256735413519999867e+01 1.767717999999999937e-05
3.264659343969999838e+01 3.180055999999999898e-05
3.272583274419999810e+01 3.376184000000000200e-05
3.280507204860000314e+01 3.073539999999996326e-06
3.288431135310000286e+01 2.754111999999999424e-05
3.296355065760000258e+01 3.106599999999940746e-07
3.304278996200000051e+01 -1.814179999999998951e-06
3.312202926650000023e+01 -4.394599999999986690e-07
3.320126857089999817e+01 4.987701999999999837e-05
3.328050787539999789e+01 3.966354000000000006e-05
3.335974717989999760e+01 1.841721999999999847e-05
3.343898648430000264e+01 2.197192000000000020e-05
3.351822578880000236e+01 -4.561560000000001097e-06
3.359746509330000208e+01 4.442314000000000104e-05
3.367670439770000002e+01 1.954942000000000095e-05
3.375594370219999973e+01 9.118400000000004041e-06
3.383518300669999945e+01 2.285831999999999903e-05
3.391442231109999739e+01 1.534658000000000173e-05
3.399366161559999711e+01 -4.552800000000042197e-07
3.407290092009999682e+01 1.124964000000000432e-05
3.415214022450000186e+01 1.780942000000000066e-05
3.423137952900000158e+01 1.825061999999999231e-05
3.431061883350000130e+01 4.158940000000001214e-06
3.438985813789999924e+01 9.749540000000001525e-06
3.446909744239999895e+01 1.165023999999999503e-05
3.454833674689999867e+01 5.946639999999997668e-06
3.462757605129999661e+01 2.087432000000000244e-05
3.470681535580000343e+01 1.380903999999999205e-05
3.478605466030000315e+01 2.331769999999999869e-05
3.486529396470000108e+01 1.776265999999999910e-05
3.494453326920000080e+01 1.119845999999999849e-05
3.502377257370000052e+01 1.379739999999999770e-05
3.510301187809999846e+01 -3.086080000000002816e-06
3.518225118259999817e+01 2.347399999999956553e-07
3.526149048700000321e+01 1.849835999999999614e-05
3.534072979150000293e+01 1.464362000000000126e-05
3.541996909600000265e+01 1.288921999999999990e-05
3.549920840040000058e+01 1.844996000000000182e-05
3.557844770490000030e+01 1.638029999999999630e-05
3.565768700940000002e+01 1.414169999999999709e-05
3.573692631379999796e+01 1.357865999999999308e-05
3.581616561829999767e+01 5.958159999999997178e-06
3.589540492279999739e+01 1.174189999999999680e-05
3.597464422720000243e+01 1.914215999999999834e-05
3.605388353170000215e+01 1.254608000000000033e-05
3.613312283620000187e+01 1.110257999999999628e-05
3.621236214059999980e+01 1.731669999999999634e-05
3.629160144509999952e+01 1.234078000000000079e-05
3.637084074959999924e+01 8.133379999999997673e-06
3.645008005399999718e+01 5.374719999999995866e-06
3.652931935849999689e+01 1.056609999999999697e-05
3.660855866299999661e+01 1.151912000000000094e-05
3.668779796740000165e+01 1.423985999999999956e-05
3.676703727190000137e+01 9.927039999999997708e-06
3.684627657640000109e+01 1.211292000000000193e-05
3.692551588079999902e+01 1.311973999999999850e-05
3.700475518529999874e+01 1.330643999999999791e-05
3.708399448969999668e+01 1.151686000000000208e-05
3.716323379420000350e+01 1.191811999999999830e-05
3.724247309870000322e+01 1.078715999999999787e-05
3.732171240310000115e+01 1.001276000000000068e-05
3.740095170760000087e+01 1.209063999999999509e-05
3.748019101210000059e+01 1.187207999999999628e-05
3.755943031649999853e+01 1.146629999999999557e-05
3.763866962099999824e+01 1.062615999999999382e-05
3.771790892549999796e+01 1.119625999999999705e-05
3.779714822990000300e+01 1.139651999999999977e-05
3.787638753440000272e+01 1.277010000000000162e-05
3.795562683890000244e+01 1.221002000000000139e-05
3.803486614330000037e+01 1.165523999999999922e-05
3.811410544780000009e+01 1.180237999999999931e-05
3.819334475229999981e+01 1.216371999999999812e-05
3.827258405669999775e+01 1.158205999999999597e-05
3.835182336119999746e+01 1.172428000000000424e-05
3.843106266569999718e+01 1.106696000000000153e-05
3.851030197010000222e+01 1.170701999999999621e-05
3.858954127460000194e+01 1.108636000000000002e-05
3.866878057910000166e+01 1.131383999999999941e-05
3.874801988349999959e+01 1.128773999999999977e-05
3.882725918799999931e+01 1.143781999999999546e-05
3.890649849239999725e+01 1.128739999999999632e-05
3.898573779689999697e+01 1.116586000000000154e-05
3.906497710139999668e+01 1.113480000000000052e-05
3.914421640580000172e+01 1.118582000000000194e-05
3.922345571030000144e+01 1.192320000000000131e-05
3.930269501480000116e+01 1.080541999999999793e-05
3.938193431919999909e+01 1.121899999999999541e-05
3.946117362369999881e+01 1.114193999999999856e-05
3.954041292819999853e+01 1.108773999999999830e-05
3.961965223259999647e+01 1.153995999999999852e-05
3.969889153710000329e+01 1.141199999999999848e-05
3.977813084160000301e+01 1.126975999999999897e-05
3.985737014600000094e+01 1.121162000000000092e-05
3.993660945050000066e+01 1.099281999999999888e-05
4.001584875500000038e+01 1.114441999999999587e-05
4.009508805939999831e+01 1.126811999999999606e-05
4.017432736389999803e+01 1.150424000000000016e-05
4.025356666839999775e+01 1.110561999999999888e-05
4.033280597280000279e+01 1.121469999999999615e-05
4.041204527730000251e+01 1.097957999999999763e-05
4.049128458180000223e+01 1.102445999999999982e-05
4.057052388620000016e+01 1.103637999999999681e-05
4.064976319069999988e+01 1.117223999999999724e-05
4.072900249519999960e+01 1.148985999999999709e-05
4.080824179959999753e+01 1.112847999999999886e-05
4.088748110409999725e+01 1.133791999999999664e-05
4.096672040850000229e+01 1.109075999999999611e-05
4.104595971300000201e+01 1.112325999999999961e-05
4.112519901750000173e+01 1.107883999999999573e-05
4.120443832189999966e+01 1.083997999999999646e-05
4.128367762639999938e+01 1.085849999999999777e-05
4.136291693089999910e+01 1.103431999999999840e-05
4.144215623529999704e+01 1.097649999999999901e-05
4.152139553979999675e+01 1.106947999999999824e-05
4.160063484429999647e+01 1.092807999999999990e-05
4.167987414870000151e+01 1.110130000000000161e-05
4.175911345320000123e+01 1.108715999999999500e-05
4.183835275770000095e+01 1.098612000000000113e-05
4.191759206209999888e+01 1.083683999999999703e-05
4.199683136659999860e+01 1.090543999999999498e-05
4.207607067109999832e+01 1.088565999999999701e-05
4.215530997550000336e+01 1.105727999999999860e-05
4.223454928000000308e+01 1.100590000000000249e-05
4.231378858450000280e+01 1.089948000000000156e-05
4.239302788890000073e+01 1.094601999999999790e-05
4.247226719340000045e+01 1.093701999999999850e-05
4.255150649790000017e+01 1.094874000000000183e-05
4.263074580229999810e+01 1.091237999999999597e-05
4.270998510679999782e+01 1.094851999999999661e-05
4.278922441120000286e+01 1.088712000000000089e-05
4.286846371570000258e+01 1.088911999999999511e-05
4.294770302020000230e+01 1.088737999999999536e-05
4.302694232460000023e+01 1.090087999999999786e-05
4.310618162909999995e+01 1.084353999999999817e-05
4.318542093359999967e+01 1.084311999999999589e-05
4.326466023799999761e+01 1.090021999999999912e-05
4.334389954249999732e+01 1.082430000000000070e-05
4.342313884699999704e+01 1.079639999999999374e-05
4.350237815140000208e+01 1.079623999999999948e-05
4.358161745590000180e+01 1.079711999999999667e-05
4.366085676040000152e+01 1.080771999999999619e-05
4.374009606479999945e+01 1.080649999999999894e-05
4.381933536929999917e+01 1.080297999999999664e-05
4.389857467379999889e+01 1.079825999999999510e-05
4.397781397819999682e+01 1.081194000000000003e-05
4.405705328269999654e+01 1.077636000000000129e-05
4.413629258720000337e+01 1.077262000000000055e-05
4.421553189160000130e+01 1.078398000000000242e-05
4.429477119610000102e+01 1.077984000000000079e-05
4.437401050060000074e+01 1.075888000000000159e-05
4.445324980499999867e+01 1.075248000000000111e-05
4.453248910949999839e+01 1.074721999999999906e-05
4.461172841390000343e+01 1.074755999999999913e-05
4.469096771840000315e+01 1.074581999999999938e-05
4.477020702290000287e+01 1.073593999999999940e-05
4.484944632730000080e+01 1.072725999999999866e-05
4.492868563180000052e+01 1.072064000000000312e-05
4.500792493630000024e+01 1.071419999999999645e-05
4.508716424069999817e+01 1.071123999999999945e-05
4.516640354519999789e+01 1.070588000000000057e-05
4.524564284969999761e+01 1.070197999999999880e-05
4.532488215410000265e+01 1.069764000000000012e-05
4.540412145860000237e+01 1.069307999999999961e-05
4.548336076310000209e+01 1.068628000000000164e-05
4.556260006750000002e+01 1.068228000000000303e-05
4.564183937199999974e+01 1.067899999999999720e-05
4.572107867649999946e+01 1.067628000000000343e-05
4.580031798089999739e+01 1.066831999999999885e-05
4.587955728539999711e+01 1.066621999999999763e-05
4.595879658989999683e+01 1.066247999999999350e-05
4.603803589430000187e+01 1.065896000000000137e-05
4.611727519880000159e+01 1.065345999999999947e-05
4.619651450330000131e+01 1.064902000000000058e-05
4.627575380769999924e+01 1.064361999999999890e-05
4.635499311219999896e+01 1.063893999999999677e-05
4.643423241659999690e+01 1.063566000000000110e-05
4.651347172109999661e+01 1.063417999999999921e-05
4.659271102560000344e+01 1.063211999999999740e-05
4.667195033000000137e+01 1.062795999999999777e-05
4.675118963450000109e+01 1.062404000000000137e-05
4.683042893900000081e+01 1.061896000000000175e-05
4.690966824339999874e+01 1.061887999999999954e-05
4.698890754789999846e+01 1.061605999999999539e-05
4.706814685239999818e+01 1.061072000000000130e-05
4.714738615680000322e+01 1.060797999999999597e-05
4.722662546130000294e+01 1.060663999999999710e-05
4.730586476580000266e+01 1.060493999999999676e-05
4.738510407020000059e+01 1.060050000000000125e-05
4.746434337470000031e+01 1.059584000000000052e-05
4.754358267920000003e+01 1.059502000000000076e-05
4.762282198359999796e+01 1.059261999999999888e-05
4.770206128809999768e+01 1.058896000000000034e-05
4.778130059259999740e+01 1.058801999999999557e-05
4.786053989700000244e+01 1.058629999999999722e-05
4.793977920150000216e+01 1.058313999999999978e-05
4.801901850600000188e+01 1.058055999999999886e-05
4.809825781039999981e+01 1.057997999999999556e-05
4.817749711489999953e+01 1.057808000000000156e-05
4.825673641939999925e+01 1.057603999999999776e-05
4.833597572379999718e+01 1.057329999999999921e-05
4.841521502829999690e+01 1.057221999999999820e-05
4.849445433270000194e+01 1.057070000000000028e-05
4.857369363720000166e+01 1.056925999999999780e-05
4.865293294170000138e+01 1.056730000000000299e-05
4.873217224609999931e+01 1.056606000000000095e-05
4.881141155059999903e+01 1.056489999999999434e-05
4.889065085509999875e+01 1.056465999999999449e-05
4.896989015949999668e+01 1.056331999999999562e-05
4.904912946400000351e+01 1.056207999999999697e-05
4.912836876850000323e+01 1.056061999999999987e-05
4.920760807290000116e+01 1.055948000000000143e-05
4.928684737740000088e+01 1.055865999999999489e-05
4.936608668190000060e+01 1.055775999999999969e-05
4.944532598629999853e+01 1.055667999999999868e-05
4.952456529079999825e+01 1.055685999999999772e-05
4.960380459529999797e+01 1.055633999999999522e-05
4.968304389970000301e+01 1.055619999999999898e-05
4.976228320420000273e+01 1.055567999999999988e-05
4.984152250870000245e+01 1.055549999999999745e-05
4.992076181310000038e+01 1.055529999999999701e-05
5.000000111760000010e+01 1.055515999999999399e-05
