0.000000000000000000e+00 6.277315999999998769e-05
7.923930446530000338e-02 9.927811999999998859e-05
1.584786089309999924e-01 1.988660000000000167e-04
2.377179133960000135e-01 7.497760000000001750e-04
3.169572178610000068e-01 1.283353999999999571e-03
3.961965223260000002e-01 3.949319999999999654e-04
4.754358267920000269e-01 1.318801999999999128e-03
5.546751312569999648e-01 5.570979999999997948e-05
6.339144357220000137e-01 6.009299999999995201e-04
7.131537401869999515e-01 7.789260000000000975e-04
7.923930446529999783e-01 3.159079999999999441e-04
8.716323491180000271e-01 1.582239999999999949e-04
9.508716535829999650e-01 3.083840000000000886e-04
1.030110958050000081e+00 3.124219999999999168e-04
1.109350262510000018e+00 7.005679999999990699e-04
1.188589566979999956e+00 4.921179999999997223e-04
1.267828871439999894e+00 5.228199999999997953e-04
1.347068175910000054e+00 1.335732000000000065e-03
1.426307480369999992e+00 1.101461999999999233e-03
1.505546784839999930e+00 8.138979999999995316e-04
1.584786089310000090e+00 5.511819999999994536e-04
1.664025393770000028e+00 2.391960000000000267e-03
1.743264698239999966e+00 2.534959999999999297e-03
1.822504002699999903e+00 4.884039999999999215e-03
1.901743307170000064e+00 7.141800000000000231e-04
1.980982611630000001e+00 1.650790000000000937e-03
2.060221916100000161e+00 8.376619999999998685e-04
2.139461220559999877e+00 8.236479999999997414e-04
2.218700525030000037e+00 3.522160000000001609e-03
2.297939829490000196e+00 6.236240000000000533e-03
2.377179133959999913e+00 6.849499999999997951e-03
2.456418438420000072e+00 3.140040000000000192e-03
2.535657742889999788e+00 5.458779999999996413e-03
2.614897047349999948e+00 2.984479999999999425e-03
2.694136351820000108e+00 6.401939999999998326e-03
2.773375656279999824e+00 4.388439999999996927e-03
2.852614960749999984e+00 1.545177999999998615e-03
2.931854265220000144e+00 1.019787999999999945e-02
3.011093569679999860e+00 1.875176000000000620e-02
3.090332874150000020e+00 1.869732000000000338e-02
3.169572178610000179e+00 2.596139999999999559e-02
3.248811483079999896e+00 2.184168000000000220e-02
3.328050787540000055e+00 1.308866000000000196e-02
3.407290092010000215e+00 3.034537999999999125e-02
3.486529396469999931e+00 3.944787999999999073e-02
3.565768700940000091e+00 5.303772000000000347e-02
3.645008005399999806e+00 7.812399999999998512e-02
3.724247309869999967e+00 2.949595999999999468e-02
3.803486614330000126e+00 2.156429999999999458e-02
3.882725918799999842e+00 1.656335999999999226e-02
3.961965223260000002e+00 6.569359999999999783e-03
4.041204527729999718e+00 8.386320000000002661e-03
4.120443832190000322e+00 1.676991999999999112e-03
4.199683136660000038e+00 5.516699999999999382e-03
4.278922441119999753e+00 1.831328000000000122e-03
4.358161745590000358e+00 2.541599999999999762e-03
4.437401050060000074e+00 2.261535999999999755e-03
4.516640354519999789e+00 3.023179999999998577e-03
4.595879658990000394e+00 2.396320000000000394e-03
4.675118963450000109e+00 7.733540000000000553e-03
4.754358267919999825e+00 3.558380000000001611e-03
4.833597572380000429e+00 4.904559999999998782e-03
4.912836876850000145e+00 7.266140000000000793e-03
4.992076181309999861e+00 6.682539999999997232e-03
5.071315485779999577e+00 8.905700000000002503e-03
5.150554790240000180e+00 1.052311999999999692e-02
5.229794094709999897e+00 8.296379999999999033e-03
5.309033399169999612e+00 5.855779999999997931e-03
5.388272703640000216e+00 3.639499999999998639e-03
5.467512008099999932e+00 5.643099999999998118e-03
5.546751312569999648e+00 5.047499999999999903e-03
5.625990617030000251e+00 2.056311999999998509e-03
5.705229921499999968e+00 3.592519999999998354e-03
5.784469225959999683e+00 3.604239999999999874e-03
5.863708530430000287e+00 6.016579999999997069e-03
5.942947834900000004e+00 2.626659999999999412e-03
6.022187139359999719e+00 2.094819999999998975e-03
6.101426443830000323e+00 2.046229999999999577e-03
6.180665748290000039e+00 2.196016000000000287e-03
6.259905052759999755e+00 1.857085999999999112e-03
6.339144357220000359e+00 2.287980000000000222e-03
6.418383661690000075e+00 3.732920000000000682e-03
6.497622966149999790e+00 1.771607999999999170e-03
6.576862270620000395e+00 2.920860000000000817e-03
6.656101575080000110e+00 2.098263999999999858e-03
6.735340879549999826e+00 1.631491999999999144e-03
6.814580184010000430e+00 2.787339999999999263e-03
6.893819488480000146e+00 1.615853999999999902e-03
6.973058792939999861e+00 2.647860000000000144e-03
7.052298097409999578e+00 2.271319999999998982e-04
7.131537401870000181e+00 2.319939999999999503e-03
7.210776706339999897e+00 1.644991999999999635e-03
7.290016010809999614e+00 1.287932000000000313e-03
7.369255315270000217e+00 1.445682000000000217e-03
7.448494619739999933e+00 2.391188000000000688e-03
7.527733924199999649e+00 3.483939999999997872e-03
7.606973228670000253e+00 2.969759999999998373e-03
7.686212533129999969e+00 3.791859999999999328e-03
7.765451837599999685e+00 5.300519999999996068e-04
7.844691142060000288e+00 3.020860000000000212e-03
7.923930446530000005e+00 4.958680000000000032e-03
8.003169750990000608e+00 1.534065999999998861e-03
8.082409055459999436e+00 4.524220000000000672e-03
8.161648359919999152e+00 2.347674000000000115e-03
8.240887664389999756e+00 4.214559999999999140e-03
8.320126968849999471e+00 1.225481999999999527e-03
8.399366273320000076e+00 3.344759999999998706e-03
8.478605577779999791e+00 2.354525999999999147e-03
8.557844882250000396e+00 1.708592000000000097e-03
8.637084186710000111e+00 6.674619999999999598e-04
8.716323491180000715e+00 2.970400000000001511e-04
8.795562795649999543e+00 3.282479999999999079e-03
8.874802100109999259e+00 4.293339999999999657e-03
8.954041404579999863e+00 5.947559999999999306e-03
9.033280709039999579e+00 4.996059999999998349e-03
9.112520013510000183e+00 5.371620000000000561e-03
9.191759317969999898e+00 5.770779999999999660e-03
9.270998622440000503e+00 3.125215999999999238e-03
9.350237926900000218e+00 6.098340000000000705e-04
9.429477231370000823e+00 4.293699999999997519e-03
9.508716535830000538e+00 5.337979999999999114e-03
9.587955840299999366e+00 1.324597999999999748e-03
9.667195144760000858e+00 3.858208000000000124e-03
9.746434449229999686e+00 8.333440000000000986e-03
9.825673753689999401e+00 5.982119999999998758e-03
9.904913058160000006e+00 5.016279999999999697e-03
9.984152362619999721e+00 7.595279999999997658e-03
1.006339166709999944e+01 1.175222000000000072e-02
1.014263097159999916e+01 1.042091999999999845e-02
1.022187027600000064e+01 1.446341999999999767e-02
1.030110958050000036e+01 8.110579999999997444e-03
1.038034888500000008e+01 1.921703999999999773e-03
1.045958818939999979e+01 2.769747999999999828e-03
1.053882749389999951e+01 4.573026000000000001e-03
1.061806679829999922e+01 7.620579999999998327e-03
1.069730610280000072e+01 1.069333999999999910e-02
1.077654540730000043e+01 3.973573999999999683e-03
1.085578471170000014e+01 9.182099999999998596e-03
1.093502401619999986e+01 1.141823999999999791e-02
1.101426332069999958e+01 5.315987999999999790e-03
1.109350262509999929e+01 1.041915999999999849e-02
1.117274192960000079e+01 6.900995999999999519e-03
1.125198123410000051e+01 3.501876000000000121e-03
1.133122053850000022e+01 3.328737999999999923e-03
1.141045984299999994e+01 3.551351999999999808e-03
1.148969914749999965e+01 1.031852000000000116e-02
1.156893845189999936e+01 5.605543999999999631e-03
1.164817775640000086e+01 1.729433999999999746e-03
1.172741706090000058e+01 7.082031999999999390e-03
1.180665636530000029e+01 9.407760000000001122e-03
1.188589566980000001e+01 7.260700000000000140e-03
1.196513497429999973e+01 7.262599999999999265e-03
1.204437427869999944e+01 6.009876000000000801e-03
1.212361358319999916e+01 5.684528000000000324e-03
1.220285288770000065e+01 5.578456000000000733e-03
1.228209219210000036e+01 5.363276000000000154e-03
1.236133149660000008e+01 3.103267999999999738e-03
1.244057080099999979e+01 1.969849999999999553e-03
1.251981010549999951e+01 1.952603999999999711e-03
1.259904940999999923e+01 3.137166000000000260e-03
1.267828871440000071e+01 3.793424000000000101e-03
1.275752801890000043e+01 1.062716000000000008e-03
1.283676732340000015e+01 3.425611999999999754e-03
1.291600662779999986e+01 1.871227999999999954e-03
1.299524593229999958e+01 1.708091999999999597e-03
1.307448523679999930e+01 2.687188000000000077e-03
1.315372454120000079e+01 3.864579999999999405e-03
1.323296384570000050e+01 2.103720000000000329e-03
1.331220315020000022e+01 6.214139999999998207e-04
1.339144245459999993e+01 1.608685999999999363e-03
1.347068175909999965e+01 2.216117999999999994e-03
1.354992106359999937e+01 2.967975999999999991e-04
1.362916036800000086e+01 7.558159999999998664e-04
1.370839967250000058e+01 1.102799999999999701e-03
1.378763897700000030e+01 1.662663999999999462e-03
1.386687828140000001e+01 7.840379999999997056e-04
1.394611758589999972e+01 1.022349999999999778e-03
1.402535689039999944e+01 4.694919999999998478e-04
1.410459619479999915e+01 1.495581999999999641e-03
1.418383549930000065e+01 1.648046000000000233e-03
1.426307480370000036e+01 3.171623999999999841e-04
1.434231410820000008e+01 1.733853999999999083e-03
1.442155341269999980e+01 1.408940000000000019e-03
1.450079271709999951e+01 2.066885999999999550e-03
1.458003202159999923e+01 1.678692000000000292e-03
1.465927132610000072e+01 1.448593999999999663e-03
1.473851063050000043e+01 5.176320000000000747e-04
1.481774993500000015e+01 9.482399999999997168e-04
1.489698923949999987e+01 5.806720000000000674e-04
1.497622854389999958e+01 1.212903999999999892e-03
1.505546784839999930e+01 9.953080000000000867e-04
1.513470715290000079e+01 1.138505999999999633e-03
1.521394645730000050e+01 6.163740000000000451e-04
1.529318576180000022e+01 1.070128000000000051e-03
1.537242506629999994e+01 1.137308000000000069e-03
1.545166437069999965e+01 9.855059999999997086e-04
1.553090367519999937e+01 7.144560000000000320e-04
1.561014297970000086e+01 2.896376000000000202e-04
1.568938228410000058e+01 2.526499999999999883e-04
1.576862158860000029e+01 7.545359999999998787e-04
1.584786089310000001e+01 9.285459999999999287e-04
1.592710019749999972e+01 8.611319999999999131e-04
1.600633950199999944e+01 9.702660000000002272e-04
1.608557880649999916e+01 3.026027999999999617e-04
1.616481811090000065e+01 3.766618000000000873e-04
1.624405741540000037e+01 3.051045999999999316e-04
1.632329671979999830e+01 7.345439999999999522e-04
1.640253602430000157e+01 9.017960000000000646e-04
1.648177532880000129e+01 4.036946000000000024e-04
1.656101463319999922e+01 8.425839999999999545e-04
1.664025393769999894e+01 4.694651999999999246e-04
1.671949324219999866e+01 8.478059999999997768e-04
1.679873254660000015e+01 8.454919999999998799e-04
1.687797185109999987e+01 4.277500000000000703e-04
1.695721115559999959e+01 2.864941999999999446e-04
1.703645046000000107e+01 5.486463999999999924e-04
1.711568976450000079e+01 6.193659999999999921e-04
1.719492906900000051e+01 8.211599999999998425e-05
1.727416837339999844e+01 6.967435999999999812e-04
1.735340767790000172e+01 5.300583999999999461e-04
1.743264698240000143e+01 1.945511999999999611e-04
1.751188628679999937e+01 3.104265999999999731e-04
1.759112559129999909e+01 4.110351999999999300e-04
1.767036489579999881e+01 2.757205999999999568e-04
1.774960420020000029e+01 4.564897999999999742e-04
1.782884350470000001e+01 3.146559999999999635e-04
1.790808280919999973e+01 1.808501999999999918e-04
1.798732211360000122e+01 7.522711999999998457e-04
1.806656141810000094e+01 4.006587999999999729e-04
1.814580072249999887e+01 9.638939999999999704e-04
1.822504002699999859e+01 1.091695999999999856e-03
1.830427933149999831e+01 4.363028000000000132e-04
1.838351863589999979e+01 5.890100000000001628e-04
1.846275794039999951e+01 1.003845999999999862e-03
1.854199724489999923e+01 5.673548000000000046e-04
1.862123654930000072e+01 1.683614000000000107e-04
1.870047585380000044e+01 1.219313999999999961e-04
1.877971515830000016e+01 4.782631999999999444e-04
1.885895446270000164e+01 3.423600000000000493e-04
1.893819376720000136e+01 4.521174000000000091e-04
1.901743307170000108e+01 5.420620000000000559e-04
1.909667237609999901e+01 5.166889999999999721e-04
1.917591168059999873e+01 2.764955999999999621e-04
1.925515098509999845e+01 4.588666000000000359e-04
1.933439028949999994e+01 6.265055999999998449e-04
1.941362959399999966e+01 3.269422000000000018e-04
1.949286889849999937e+01 2.755035999999999553e-04
1.957210820290000086e+01 1.872889999999999885e-04
1.965134750740000058e+01 3.879067999999999297e-04
1.973058681190000030e+01 2.442269999999999641e-04
1.980982611629999823e+01 1.805207999999999878e-04
1.988906542080000150e+01 4.648932000000000368e-04
1.996830472519999944e+01 3.284777999999999266e-04
2.004754402969999916e+01 2.999360000000000502e-04
2.012678333419999888e+01 2.129446000000000008e-04
2.020602263860000036e+01 5.998212000000000162e-04
2.028526194310000008e+01 4.121065999999999618e-04
2.036450124759999980e+01 2.937577999999999609e-04
2.044374055200000129e+01 9.278520000000000062e-05
2.052297985650000101e+01 5.043240000000000049e-04
2.060221916100000072e+01 3.141466000000000527e-04
2.068145846539999866e+01 7.965559999999999676e-05
2.076069776989999838e+01 2.435767999999999614e-04
2.083993707440000165e+01 2.760637999999999504e-04
2.091917637879999958e+01 4.604635999999999734e-04
2.099841568329999930e+01 3.770372000000000025e-04
2.107765498779999902e+01 2.839216000000000092e-04
2.115689429220000051e+01 2.233819999999999968e-04
2.123613359670000023e+01 2.305952000000000110e-04
2.131537290119999994e+01 3.198269999999999585e-04
2.139461220560000143e+01 3.844962000000000271e-04
2.147385151010000115e+01 3.698747999999999641e-04
2.155309081460000087e+01 1.730846000000000402e-04
2.163233011899999880e+01 5.989423999999999595e-05
2.171156942349999852e+01 3.081365999999999663e-04
2.179080872799999824e+01 3.507962000000000211e-04
2.187004803239999973e+01 3.315689999999999827e-04
2.194928733689999945e+01 3.348698000000000104e-04
2.202852664130000093e+01 5.180019999999999373e-04
2.210776594580000065e+01 3.136384000000000090e-04
2.218700525030000037e+01 9.838979999999998419e-05
2.226624455469999830e+01 1.443237999999999954e-04
2.234548385920000158e+01 2.212575999999999736e-04
2.242472316370000129e+01 3.259191999999999948e-04
2.250396246809999923e+01 4.226910000000000498e-04
2.258320177259999895e+01 3.452214000000000216e-04
2.266244107709999867e+01 1.884574000000000026e-04
2.274168038150000015e+01 2.547461999999999904e-04
2.282091968599999987e+01 2.414139999999999624e-04
2.290015899049999959e+01 2.211602000000000175e-04
2.297939829490000108e+01 4.470686000000000110e-05
2.305863759940000079e+01 1.813725999999999988e-04
2.313787690390000051e+01 3.211416000000000357e-04
2.321711620829999845e+01 3.457424000000000391e-04
2.329635551280000172e+01 3.120889999999999862e-04
2.337559481730000144e+01 1.270959999999999907e-04
2.345483412169999937e+01 9.492795999999999363e-05
2.353407342619999909e+01 3.718657999999999252e-05
2.361331273069999881e+01 1.117579999999999827e-04
2.369255203510000030e+01 8.595979999999998292e-05
2.377179133960000001e+01 2.709865999999999916e-05
2.385103064400000150e+01 1.099095999999999819e-04
2.393026994850000122e+01 5.866311999999999883e-05
2.400950925300000094e+01 1.567771999999999937e-04
2.408874855739999887e+01 1.077849599999999825e-04
2.416798786189999859e+01 1.116394000000000072e-04
2.424722716639999831e+01 1.459253999999999564e-04
2.432646647079999980e+01 4.126116000000000798e-05
2.440570577529999952e+01 2.600499999999999920e-05
2.448494507979999923e+01 1.325026400000000172e-04
2.456418438420000072e+01 2.123770000000000302e-04
2.464342368870000044e+01 1.874322000000000043e-04
2.472266299320000016e+01 1.588988000000000108e-04
2.480190229760000165e+01 1.191400000000000011e-04
2.488114160210000136e+01 3.602177999999999988e-05
2.496038090660000108e+01 8.040820000000000714e-05
2.503962021099999902e+01 6.088352000000000217e-05
2.511885951549999874e+01 4.236413999999999924e-05
2.519809881999999845e+01 7.807495999999999761e-05
2.527733812439999994e+01 5.230578000000000186e-05
2.535657742889999966e+01 1.701795999999999927e-05
2.543581673339999938e+01 1.800024799999999883e-05
2.551505603780000087e+01 6.436272000000000098e-05
2.559429534230000058e+01 4.011435999999999382e-05
2.567353464669999852e+01 7.538520000000000458e-06
2.575277395119999824e+01 4.312824000000000095e-05
2.583201325570000151e+01 4.639496000000000277e-05
2.591125256009999944e+01 2.670779760000000010e-05
2.599049186459999916e+01 6.347886000000001042e-05
2.606973116909999888e+01 7.539547999999999866e-05
2.614897047350000037e+01 4.223217999999999720e-05
2.622820977800000009e+01 1.033510400000000099e-04
2.630744908249999980e+01 1.178868399999999936e-04
2.638668838690000129e+01 8.299424000000001534e-05
2.646592769140000101e+01 5.833417999999999313e-05
2.654516699590000073e+01 9.117900000000000234e-05
2.662440630029999866e+01 3.405352000000000324e-05
2.670364560479999838e+01 4.557062000000000179e-05
2.678288490930000165e+01 1.562851999999999923e-05
2.686212421369999959e+01 1.650309999999999790e-05
2.694136351819999931e+01 4.591102000000000957e-05
2.702060282269999902e+01 3.093703999999999476e-05
2.709984212710000051e+01 3.691367999999999722e-05
2.717908143160000023e+01 7.627723999999999139e-05
2.725832073609999995e+01 1.123166000000000014e-05
2.733756004050000143e+01 2.140565999999999454e-05
2.741679934500000115e+01 7.128359999999998273e-06
2.749603864939999909e+01 4.217453999999999686e-05
2.757527795389999881e+01 6.413247999999999486e-05
2.765451725839999852e+01 3.823495999999999281e-05
2.773375656280000001e+01 3.510085999999999854e-05
2.781299586729999973e+01 3.577019999999997814e-06
2.789223517179999945e+01 1.167063999999999572e-05
2.797147447620000094e+01 1.747157999999999917e-05
2.805071378070000065e+01 3.061772000000000473e-05
2.812995308520000037e+01 2.525839999999999859e-05
2.820919238959999831e+01 1.364042000000000043e-05
2.828843169410000158e+01 1.677667999999999673e-05
2.836767099860000130e+01 5.353895999999999401e-05
2.844691030299999923e+01 6.484641999999999772e-05
2.852614960749999895e+01 4.066221999999998624e-05
2.860538891199999867e+01 3.386721999999999454e-05
2.868462821640000016e+01 4.450026000000000209e-05
2.876386752089999987e+01 4.799108000000000063e-05
2.884310682539999959e+01 2.806685999999999778e-05
2.892234612980000108e+01 3.254359999999999789e-05
2.900158543430000080e+01 2.982243999999999699e-05
2.908082473880000052e+01 2.152159999999999737e-05
2.916006404319999845e+01 1.814923999999999498e-05
2.923930334770000172e+01 3.744111999999999771e-05
2.931854265220000144e+01 4.105630000000000195e-05
2.939778195659999938e+01 1.181077999999999740e-05
2.947702126109999909e+01 1.884789999999999618e-05
2.955626056550000058e+01 2.800430000000000223e-05
2.963549987000000030e+01 2.962614000000000024e-05
2.971473917450000002e+01 3.937648000000000352e-05
2.979397847890000151e+01 2.997517999999999580e-05
2.987321778340000122e+01 3.777105999999999883e-05
2.995245708790000094e+01 3.877923999999999906e-05
3.003169639229999888e+01 2.636624000000000118e-05
3.011093569679999860e+01 2.257559999999999439e-05
3.019017500129999831e+01 1.413769999999999849e-05
3.026941430569999980e+01 2.374371999999999567e-05
3.034865361019999952e+01 2.278769999999999868e-05
3.042789291469999924e+01 2.449949999999999811e-05
3.050713221910000073e+01 1.652757999999999601e-05
3.058637152360000044e+01 3.586763999999999800e-05
3.066561082810000016e+01 3.046983999999999693e-05
3.074485013250000165e+01 3.765267999999999133e-05
3.082408943700000137e+01 3.204079999999999992e-05
3.090332874150000109e+01 2.797003999999999420e-05
3.098256804589999902e+01 2.530471999999999648e-05
3.106180735039999874e+01 3.202516000000000358e-05
3.114104665489999846e+01 4.125292000000000076e-05
3.122028595929999994e+01 2.954324000000000143e-05
3.129952526379999966e+01 1.804379999999999824e-05
3.137876456820000115e+01 1.301859999999999763e-05
3.145800387270000087e+01 2.640595999999999815e-05
3.153724317720000059e+01 2.045753999999999794e-05
3.161648248159999852e+01 3.114133999999999549e-05
3.169572178609999824e+01 3.514035999999999706e-05
3.177496109060000151e+01 1.801401999999999867e-05
3.185420039499999945e+01 2.617958000000000118e-05
3.193343969949999916e+01 3.219877999999999938e-05
3.201267900399999888e+01 2.694577999999999733e-05
3.209191830839999682e+01 2.945059999999999548e-05
3.217115761289999654e+01 2.873199999999999528e-05
3.225039691740000336e+01 2.450738000000000048e-05
3.232963622180000129e+01 2.004911999999999889e-05
3.240887552630000101e+01 2.881896000000000029e-05
3.248811483080000073e+01 2.259594000000000104e-05
3.256735413519999867e+01 1.968013999999999416e-05
3.264659343969999838e+01 2.037251999999999650e-05
3.272583274419999810e+01 2.093591999999999860e-05
3.280507204860000314e+01 2.018717999999999736e-05
3.288431135310000286e+01 2.356701999999999785e-05
3.296355065760000258e+01 2.052940000000000033e-05
3.304278996200000051e+01 2.403142000000000310e-05
3.312202926650000023e+01 2.543153999999999809e-05
3.320126857089999817e+01 2.054271999999999701e-05
3.328050787539999789e+01 3.159142000000000525e-05
3.335974717989999760e+01 2.418451999999999999e-05
3.343898648430000264e+01 2.826216000000000250e-05
3.351822578880000236e+01 2.139772000000000153e-05
3.359746509330000208e+01 2.874166000000000020e-05
3.367670439770000002e+01 2.265584000000000364e-05
3.375594370219999973e+01 2.221627999999999797e-05
3.383518300669999945e+01 2.822188000000000024e-05
3.391442231109999739e+01 2.275266000000000045e-05
3.399366161559999711e+01 2.521153999999999680e-05
3.407290092009999682e+01 2.875215999999999612e-05
3.415214022450000186e+01 2.908505999999999762e-05
3.423137952900000158e+01 2.349979999999999818e-05
3.431061883350000130e+01 2.289831999999999865e-05
3.438985813789999924e+01 1.989276000000000095e-05
3.446909744239999895e+01 2.226671999999999609e-05
3.454833674689999867e+01 2.205181999999999921e-05
3.462757605129999661e+01 2.102725999999999830e-05
3.470681535580000343e+01 2.509818000000000167e-05
3.478605466030000315e+01 2.623797999999999709e-05
3.486529396470000108e+01 2.299445999999999871e-05
3.494453326920000080e+01 2.547189999999999917e-05
3.502377257370000052e+01 2.645806000000000058e-05
3.510301187809999846e+01 2.577741999999999959e-05
3.518225118259999817e+01 2.203014000000000046e-05
3.526149048700000321e+01 2.266962000000000201e-05
3.534072979150000293e+01 2.082374000000000131e-05
3.541996909600000265e+01 2.208134000000000431e-05
3.549920840040000058e+01 2.444003999999999919e-05
3.557844770490000030e+01 2.523630000000000095e-05
3.565768700940000002e+01 2.193562000000000192e-05
3.573692631379999796e+01 2.328567999999999827e-05
3.581616561829999767e+01 2.320430000000000076e-05
3.589540492279999739e+01 2.276855999999999466e-05
3.597464422720000243e+01 2.435012000000000057e-05
3.605388353170000215e+01 2.215104000000000129e-05
3.613312283620000187e+01 2.488093999999999695e-05
3.621236214059999980e+01 2.298691999999999980e-05
3.629160144509999952e+01 2.362797999999999667e-05
3.637084074959999924e+01 2.455521999999999628e-05
3.645008005399999718e+01 2.411963999999999799e-05
3.652931935849999689e+01 2.353699999999999505e-05
3.660855866299999661e+01 2.371217999999999834e-05
3.668779796740000165e+01 2.237639999999999806e-05
3.676703727190000137e+01 2.267468000000000023e-05
3.684627657640000109e+01 2.277837999999999722e-05
3.692551588079999902e+01 2.194363999999999375e-05
3.700475518529999874e+01 2.282896000000000174e-05
3.708399448969999668e+01 2.263228000000000212e-05
3.716323379420000350e+01 2.320344000000000158e-05
3.724247309870000322e+01 2.385260000000000266e-05
3.732171240310000115e+01 2.364930000000000073e-05
3.740095170760000087e+01 2.317686000000000225e-05
3.748019101210000059e+01 2.234241999999999606e-05
3.755943031649999853e+01 2.306575999999999920e-05
3.763866962099999824e+01 2.232041999999999864e-05
3.771790892549999796e+01 2.276591999999999971e-05
3.779714822990000300e+01 2.249255999999999933e-05
3.787638753440000272e+01 2.294369999999999854e-05
3.795562683890000244e+01 2.276707999999999954e-05
3.803486614330000037e+01 2.250766000000000195e-05
3.811410544780000009e+01 2.273245999999999682e-05
3.819334475229999981e+01 2.293409999999999782e-05
3.827258405669999775e+01 2.243191999999999579e-05
3.835182336119999746e+01 2.281095999999999954e-05
3.843106266569999718e+01 2.311081999999999704e-05
3.851030197010000222e+01 2.299549999999999693e-05
3.858954127460000194e+01 2.249061999999999576e-05
3.866878057910000166e+01 2.275186000000000209e-05
3.874801988349999959e+01 2.238076000000000152e-05
3.882725918799999931e+01 2.230761999999999768e-05
3.890649849239999725e+01 2.260719999999999931e-05
3.898573779689999697e+01 2.260941999999999875e-05
3.906497710139999668e+01 2.224531999999999999e-05
3.914421640580000172e+01 2.258762000000000177e-05
3.922345571030000144e+01 2.236774000000000211e-05
3.930269501480000116e+01 2.241365999999999912e-05
3.938193431919999909e+01 2.246475999999999597e-05
3.946117362369999881e+01 2.248167999999999716e-05
3.954041292819999853e+01 2.233066000000000009e-05
3.961965223259999647e+01 2.236833999999999665e-05
3.969889153710000329e+01 2.231124000000000020e-05
3.977813084160000301e+01 2.224470000000000066e-05
3.985737014600000094e+01 2.232203999999999677e-05
3.993660945050000066e+01 2.223464000000000164e-05
4.001584875500000038e+01 2.217214000000000012e-05
4.009508805939999831e+01 2.216927999999999656e-05
4.017432736389999803e+01 2.215623999999999575e-05
4.025356666839999775e+01 2.207824000000000429e-05
4.033280597280000279e+01 2.220020000000000134e-05
4.041204527730000251e+01 2.215945999999999739e-05
4.049128458180000223e+01 2.210519999999999971e-05
4.057052388620000016e+01 2.214017999999999713e-05
4.064976319069999988e+01 2.211565999999999960e-05
4.072900249519999960e+01 2.209447999999999856e-05
4.080824179959999753e+01 2.209700000000000206e-05
4.088748110409999725e+01 2.205520000000000188e-05
4.096672040850000229e+01 2.205220000000000208e-05
4.104595971300000201e+01 2.198897999999999763e-05
4.112519901750000173e+01 2.198864000000000095e-05
4.120443832189999966e+01 2.197097999999999543e-05
4.128367762639999938e+01 2.197385999999999700e-05
4.136291693089999910e+01 2.195811999999999704e-05
4.144215623529999704e+01 2.188256000000000009e-05
4.152139553979999675e+01 2.191337999999999788e-05
4.160063484429999647e+01 2.192596000000000039e-05
4.167987414870000151e+01 2.191357999999999831e-05
4.175911345320000123e+01 2.188098000000000137e-05
4.183835275770000095e+01 2.185053999999999629e-05
4.191759206209999888e+01 2.187961999999999771e-05
4.199683136659999860e+01 2.184097999999999837e-05
4.207607067109999832e+01 2.179047999999999605e-05
4.215530997550000336e+01 2.182327999999999682e-05
4.223454928000000308e+01 2.179666000000000147e-05
4.231378858450000280e+01 2.178453999999999726e-05
4.239302788890000073e+01 2.177578000000000448e-05
4.247226719340000045e+01 2.175974000000000387e-05
4.255150649790000017e+01 2.174184000000000189e-05
4.263074580229999810e+01 2.172383999999999630e-05
4.270998510679999782e+01 2.170503999999999912e-05
4.278922441120000286e+01 2.168979999999999688e-05
4.286846371570000258e+01 2.167017999999999993e-05
4.294770302020000230e+01 2.166992000000000207e-05
4.302694232460000023e+01 2.165136000000000136e-05
4.310618162909999995e+01 2.164379999999999765e-05
4.318542093359999967e+01 2.165198000000000068e-05
4.326466023799999761e+01 2.161765999999999861e-05
4.334389954249999732e+01 2.161586000000000144e-05
4.342313884699999704e+01 2.159631999999999654e-05
4.350237815140000208e+01 2.159024000000000151e-05
4.358161745590000180e+01 2.158112000000000048e-05
4.366085676040000152e+01 2.156237999999999734e-05
4.374009606479999945e+01 2.155463999999999799e-05
4.381933536929999917e+01 2.154207999999999687e-05
4.389857467379999889e+01 2.152941999999999893e-05
4.397781397819999682e+01 2.153131999999999971e-05
4.405705328269999654e+01 2.151233999999999671e-05
4.413629258720000337e+01 2.150393999999999862e-05
4.421553189160000130e+01 2.148898000000000241e-05
4.429477119610000102e+01 2.147475999999999698e-05
4.437401050060000074e+01 2.146890000000000378e-05
4.445324980499999867e+01 2.145976000000000136e-05
4.453248910949999839e+01 2.145069999999999776e-05
4.461172841390000343e+01 2.144359999999999574e-05
4.469096771840000315e+01 2.143687999999999659e-05
4.477020702290000287e+01 2.143029999999999707e-05
4.484944632730000080e+01 2.141016000000000102e-05
4.492868563180000052e+01 2.140173999999999815e-05
4.500792493630000024e+01 2.139533999999999767e-05
4.508716424069999817e+01 2.138438000000000006e-05
4.516640354519999789e+01 2.137771999999999494e-05
4.524564284969999761e+01 2.136779999999999894e-05
4.532488215410000265e+01 2.136403999999999680e-05
4.540412145860000237e+01 2.135538000000000085e-05
4.548336076310000209e+01 2.134618000000000100e-05
4.556260006750000002e+01 2.133829999999999524e-05
4.564183937199999974e+01 2.132996000000000135e-05
4.572107867649999946e+01 2.132210000000000038e-05
4.580031798089999739e+01 2.131730000000000002e-05
4.587955728539999711e+01 2.130859999999999788e-05
4.595879658989999683e+01 2.130147999999999786e-05
4.603803589430000187e+01 2.129483999999999753e-05
4.611727519880000159e+01 2.128830000000000080e-05
4.619651450330000131e+01 2.128145999999999665e-05
4.627575380769999924e+01 2.127393999999999913e-05
4.635499311219999896e+01 2.126530000000000119e-05
4.643423241659999690e+01 2.126255999999999925e-05
4.651347172109999661e+01 2.125551999999999804e-05
4.659271102560000344e+01 2.124947999999999564e-05
4.667195033000000137e+01 2.124246000000000261e-05
4.675118963450000109e+01 2.123703999999999954e-05
4.683042893900000081e+01 2.123200000000000272e-05
4.690966824339999874e+01 2.122575999999999987e-05
4.698890754789999846e+01 2.122162000000000164e-05
4.706814685239999818e+01 2.121562000000000204e-05
4.714738615680000322e+01 2.121083999999999630e-05
4.722662546130000294e+01 2.120611999999999815e-05
4.730586476580000266e+01 2.120117999999999816e-05
4.738510407020000059e+01 2.119724000000000036e-05
4.746434337470000031e+01 2.119243999999999661e-05
4.754358267920000003e+01 2.118811999999999933e-05
4.762282198359999796e+01 2.118378000000000066e-05
4.770206128809999768e+01 2.118109999999999953e-05
4.778130059259999740e+01 2.117681999999999827e-05
4.786053989700000244e+01 2.117353999999999582e-05
4.793977920150000216e+01 2.116943999999999700e-05
4.801901850600000188e+01 2.116641999999999580e-05
4.809825781039999981e+01 2.116227999999999417e-05
4.817749711489999953e+01 2.115883999999999747e-05
4.825673641939999925e+01 2.115510000000000011e-05
4.833597572379999718e+01 2.115279999999999846e-05
4.841521502829999690e+01 2.114944000000000058e-05
4.849445433270000194e+01 2.114625999999999835e-05
4.857369363720000166e+01 2.114331999999999936e-05
4.865293294170000138e+01 2.114113999999999932e-05
4.873217224609999931e+01 2.113857999999999642e-05
4.881141155059999903e+01 2.113682000000000204e-05
4.889065085509999875e+01 2.113400000000000128e-05
4.896989015949999668e+01 2.113284000000000145e-05
4.904912946400000351e+01 2.113142000000000376e-05
4.912836876850000323e+01 2.112924000000000033e-05
4.920760807290000116e+01 2.112754000000000338e-05
4.928684737740000088e+01 2.112615999999999493e-05
4.936608668190000060e+01 2.112481999999999945e-05
4.944532598629999853e+01 2.112402000000000108e-05
4.952456529079999825e+01 2.112309999999999771e-05
4.960380459529999797e+01 2.112224000000000192e-05
4.968304389970000301e+01 2.112126000000000113e-05
4.976228320420000273e+01 2.112095999999999708e-05
4.984152250870000245e+01 2.112060000000000239e-05
4.992076181310000038e+01 2.111984000000000005e-05
5.000000111760000010e+01 2.111915999999999991e-05
