0.000000000000000000e+00 7.025259999999999209e-06
9.633911583349999419e-02 1.959886000000000364e-05
1.926782316669999884e-01 1.910013999999999159e-04
2.890173475009999993e-01 2.515199999999998687e-04
3.853564633339999768e-01 2.026859999999999903e-04
4.816955791679999876e-01 1.743621999999999143e-04
5.780346950010000207e-01 3.692239999999999737e-05
6.743738108350000315e-01 4.598499999999998747e-05
7.707129266679999535e-01 3.317259999999997442e-05
8.670520425019999644e-01 3.767879999999997542e-05
9.633911583349999974e-01 1.840107999999999425e-05
1.059730274170000097e+00 2.592819999999998665e-05
1.156069390000000086e+00 1.870320000000000077e-05
1.252408505840000075e+00 6.472239999999994804e-06
1.348747621670000063e+00 4.591859999999999773e-06
1.445086737500000051e+00 8.372939999999998476e-06
1.541425853340000041e+00 1.406721999999998760e-05
1.637764969170000029e+00 1.463807999999999657e-05
1.734104085000000017e+00 1.017131999999999666e-05
1.830443200840000006e+00 9.095700000000001700e-06
1.926782316669999995e+00 1.169994000000000237e-05
2.023121432499999983e+00 6.096119999999998818e-06
2.119460548340000194e+00 1.627643999999999489e-05
2.215799664169999961e+00 1.199501999999999752e-05
2.312138780000000171e+00 7.415160000000000338e-06
2.408477895839999938e+00 1.079651999999999874e-05
2.504817011670000149e+00 1.157847999999999625e-05
2.601156127499999915e+00 1.992519999999999686e-05
2.697495243340000126e+00 2.813900000000000960e-05
2.793834359169999892e+00 2.163219999999999932e-05
2.890173475010000104e+00 4.540999999999998705e-05
2.986512590839999870e+00 3.185220000000000651e-05
3.082851706670000080e+00 9.626319999999997647e-06
3.179190822509999848e+00 6.652239999999999857e-06
3.275529938340000058e+00 1.355379999999999888e-05
3.371869054169999824e+00 5.208939999999999632e-06
3.468208170010000035e+00 8.852059999999998727e-05
3.564547285839999802e+00 9.469339999999998347e-05
3.660886401670000012e+00 2.034795999999999957e-04
3.757225517509999779e+00 1.307214000000000119e-04
3.853564633339999990e+00 3.117059999999998918e-05
3.949903749170000200e+00 1.646325999999999253e-05
4.046242865009999967e+00 2.104999999999998311e-05
4.142581980840000178e+00 1.000551999999999903e-05
4.238921096670000388e+00 6.884079999999995929e-06
4.335260212509999711e+00 8.814399999999998143e-06
4.431599328339999921e+00 1.034729999999999493e-05
4.527938444170000132e+00 5.955320000000001793e-06
4.624277560010000343e+00 5.647220000000003845e-06
4.720616675839999665e+00 2.370199999999999770e-06
4.816955791679999876e+00 5.038220000000000019e-06
4.913294907510000087e+00 5.624059999999999818e-06
5.009634023340000297e+00 5.976319999999997018e-06
5.105973139179999620e+00 3.402239999999998786e-06
5.202312255009999831e+00 7.417979999999997713e-06
5.298651370840000041e+00 5.945519999999997245e-06
5.394990486680000252e+00 4.608599999999998532e-06
5.491329602509999575e+00 5.334699999999988073e-07
5.587668718339999785e+00 5.992019999999997562e-07
5.684007834179999996e+00 2.934241999999999680e-06
5.780346950010000207e+00 1.798161999999999370e-06
5.876686065840000417e+00 -5.616160000000000707e-07
5.973025181679999740e+00 2.282191999999999714e-06
6.069364297509999950e+00 4.121659999999998752e-06
6.165703413340000161e+00 2.283055999999999847e-06
6.262042529180000372e+00 3.233720000000000610e-06
6.358381645009999694e+00 2.176689999999999991e-06
6.454720760839999905e+00 1.308637999999999413e-06
6.551059876680000116e+00 2.122761999999999616e-06
6.647398992510000326e+00 2.532779999999999999e-07
6.743738108349999649e+00 1.758131999999999772e-06
6.840077224179999860e+00 1.230898000000000306e-06
6.936416340010000070e+00 1.385731999999999746e-06
7.032755455850000281e+00 -3.094760000000001435e-07
7.129094571679999603e+00 -9.421899999999997832e-08
7.225433687509999814e+00 7.777880000000000823e-07
7.321772803350000025e+00 1.001885999999999711e-06
7.418111919180000235e+00 1.437622000000000192e-06
7.514451035009999558e+00 -1.349780000000000060e-07
7.610790150849999769e+00 1.514814000000000266e-06
7.707129266679999979e+00 1.620203999999999438e-06
7.803468382510000190e+00 7.274419999999999040e-07
7.899807498350000401e+00 6.713799999999999145e-07
7.996146614179999723e+00 5.434900000000001107e-07
8.092485730010000822e+00 1.046901999999999934e-06
8.188824845850000145e+00 -3.018050000000000479e-07
8.285163961680000355e+00 9.167603999999999801e-07
8.381503077510000566e+00 4.594279999999999235e-07
8.477842193349999889e+00 6.544699999999998511e-07
8.574181309180000099e+00 1.434621999999999543e-06
8.670520425019999422e+00 5.540899999999996365e-07
8.766859540849999632e+00 3.011379999999997416e-07
8.863198656679999843e+00 2.821319999999998426e-07
8.959537772519999166e+00 6.183539999999998737e-07
9.055876888349999376e+00 8.305339999999998056e-07
9.152216004179999587e+00 6.623039999999996816e-07
9.248555120020000686e+00 6.859259999999999443e-07
9.344894235849999120e+00 6.796539999999991851e-07
9.441233351679999330e+00 1.342540000000000109e-06
9.537572467520000430e+00 1.055645999999999684e-06
9.633911583350000640e+00 3.975572000000000813e-07
9.730250699180000851e+00 9.677120000000001887e-07
9.826589815020000174e+00 1.032417999999999921e-06
9.922928930850000384e+00 5.804179999999996325e-07
1.001926804670000060e+01 5.832839999999999706e-07
1.011560716249999992e+01 8.666748000000000653e-07
1.021194627839999924e+01 8.821820000000001368e-07
1.030828539420000034e+01 1.657524000000000040e-06
1.040462450999999966e+01 5.007400000000001812e-07
1.050096362590000076e+01 2.150023999999999983e-06
1.059730274170000008e+01 1.625775999999999933e-06
1.069364185749999940e+01 2.330833999999999443e-06
1.078998097340000051e+01 1.782765999999999594e-06
1.088632008919999983e+01 3.627685999999999626e-07
1.098265920499999915e+01 8.005060000000000611e-07
1.107899832090000025e+01 4.972835999999999995e-07
1.117533743669999957e+01 1.968905999999999644e-07
1.127167655250000067e+01 3.472864000000000094e-06
1.136801566840000000e+01 1.098186399999999715e-06
1.146435478419999932e+01 2.655763999999999904e-06
1.156069390000000041e+01 1.355631999999999814e-06
1.165703301589999974e+01 1.612275999999999977e-06
1.175337213170000084e+01 5.028069999999999574e-07
1.184971124750000016e+01 1.085888399999999905e-06
1.194605036339999948e+01 1.054348000000000065e-06
1.204238947920000058e+01 3.222847999999999928e-07
1.213872859499999990e+01 8.567940000000000421e-07
1.223506771089999923e+01 9.429799999999997790e-07
1.233140682670000032e+01 7.117747999999998628e-07
1.242774594249999964e+01 1.149855999999999838e-06
1.252408505840000075e+01 -3.690600000000002620e-08
1.262042417420000007e+01 7.309912000000000215e-07
1.271676328999999939e+01 8.548415999999999776e-07
1.281310240590000049e+01 8.142440000000000217e-07
1.290944152169999981e+01 2.216781999999999395e-07
1.300578063749999913e+01 4.214048000000000493e-07
1.310211975340000023e+01 1.658900000000000118e-07
1.319845886919999955e+01 1.231664000000000275e-07
1.329479798500000065e+01 4.394927999999999132e-07
1.339113710089999998e+01 -1.859320000000002385e-08
1.348747621669999930e+01 4.327427999999999884e-07
1.358381533250000039e+01 3.631317999999999615e-07
1.368015444839999972e+01 2.949976000000000104e-07
1.377649356420000082e+01 3.975379999999999960e-07
1.387283268000000014e+01 4.192835999999999627e-07
1.396917179589999947e+01 5.568379999999998938e-07
1.406551091170000056e+01 3.703767999999999976e-07
1.416185002749999988e+01 3.976657999999999980e-07
1.425818914339999921e+01 6.857259999999999293e-08
1.435452825920000031e+01 2.820122000000000085e-07
1.445086737499999963e+01 3.892948000000000086e-07
1.454720649090000073e+01 2.417241999999999590e-07
1.464354560670000005e+01 3.303288399999999948e-07
1.473988472249999937e+01 3.976749999999999660e-07
1.483622383840000047e+01 4.134464000000000036e-07
1.493256295419999979e+01 3.944138000000000692e-07
1.502890206999999911e+01 3.789083999999999626e-07
1.512524118590000022e+01 3.201912000000000223e-07
1.522158030169999954e+01 4.186137999999999285e-07
1.531791941750000063e+01 3.547031999999999809e-07
1.541425853339999996e+01 2.872979199999999574e-07
1.551059764919999928e+01 2.469748400000000281e-07
1.560693676500000038e+01 3.542931999999999925e-07
1.570327588089999971e+01 3.640688000000000446e-07
1.579961499670000080e+01 3.435968000000000185e-07
1.589595411250000012e+01 3.361597999999999765e-07
1.599229322839999945e+01 3.188404000000000365e-07
1.608863234420000055e+01 3.573901999999999837e-07
1.618497145999999987e+01 3.162729600000000030e-07
1.628131057590000097e+01 3.356182000000000188e-07
1.637764969170000029e+01 3.431983999999999691e-07
1.647398880749999961e+01 3.470942000000000085e-07
1.657032792340000071e+01 3.301584000000000059e-07
1.666666703920000003e+01 3.292923999999999768e-07
1.676300615499999935e+01 3.246329999999999927e-07
1.685934527090000046e+01 3.254087999999999883e-07
1.695568438669999978e+01 3.008737200000000147e-07
1.705202350249999910e+01 3.251572000000000418e-07
1.714836261840000020e+01 3.233467999999999795e-07
1.724470173419999952e+01 3.202653999999999847e-07
1.734104084999999884e+01 2.871659199999999666e-07
1.743737996589999995e+01 2.984036000000000079e-07
1.753371908169999926e+01 2.615607599999999718e-07
1.763005819749999858e+01 2.834946000000000165e-07
1.772639731339999969e+01 3.214653999999999690e-07
1.782273642919999901e+01 3.107009999999999709e-07
1.791907554499999833e+01 3.016723999999999981e-07
1.801541466089999943e+01 3.143373999999999862e-07
1.811175377669999875e+01 3.435411999999999766e-07
1.820809289250000162e+01 2.892160000000000402e-07
1.830443200839999918e+01 2.941732000000000073e-07
1.840077112419999850e+01 2.912915999999999903e-07
1.849711024000000137e+01 3.053949999999999894e-07
1.859344935589999892e+01 2.904693999999999739e-07
1.868978847169999824e+01 2.875405999999999986e-07
1.878612758750000111e+01 2.647815999999999468e-07
1.888246670339999866e+01 2.971055999999999655e-07
1.897880581920000154e+01 2.747249999999999934e-07
1.907514493500000086e+01 2.799869999999999779e-07
1.917148405089999841e+01 2.649939999999999971e-07
1.926782316670000128e+01 2.883991999999999716e-07
1.936416228250000060e+01 2.840407999999999847e-07
1.946050139840000170e+01 2.559773200000000125e-07
1.955684051420000102e+01 2.632537999999999985e-07
1.965317963000000034e+01 2.800976000000000027e-07
1.974951874590000145e+01 2.822946000000000322e-07
1.984585786170000077e+01 2.733555999999999811e-07
1.994219697750000009e+01 2.649427999999999814e-07
2.003853609340000119e+01 2.755771999999999909e-07
2.013487520920000051e+01 2.701045999999999740e-07
2.023121432499999983e+01 2.689820000000000193e-07
2.032755344090000094e+01 2.733206000000000208e-07
2.042389255670000026e+01 2.752161999999999786e-07
2.052023167249999958e+01 2.651770000000000193e-07
2.061657078840000068e+01 2.643154000000000164e-07
2.071290990420000000e+01 2.606243999999999869e-07
2.080924901999999932e+01 2.719225999999999709e-07
2.090558813590000042e+01 2.656209999999999934e-07
2.100192725169999974e+01 2.638783999999999709e-07
2.109826636749999906e+01 2.553324000000000213e-07
2.119460548340000017e+01 2.608310000000000147e-07
2.129094459919999949e+01 2.532395999999999881e-07
2.138728371499999881e+01 2.662376000000000096e-07
2.148362283089999991e+01 2.427859199999999887e-07
2.157996194669999923e+01 2.466730000000000013e-07
2.167630106249999855e+01 2.367849600000000260e-07
2.177264017839999966e+01 2.411884400000000101e-07
2.186897929419999898e+01 2.498520000000000326e-07
2.196531840999999829e+01 2.454567999999999616e-07
2.206165752589999940e+01 2.444654000000000074e-07
2.215799664169999872e+01 2.435290000000000362e-07
2.225433575750000159e+01 2.463332000000000236e-07
2.235067487339999914e+01 2.354668799999999883e-07
2.244701398919999846e+01 2.359704399999999696e-07
2.254335310500000134e+01 2.409138000000000248e-07
2.263969222089999889e+01 2.442582000000000266e-07
2.273603133670000176e+01 2.366703999999999829e-07
2.283237045250000108e+01 2.331340800000000007e-07
2.292870956839999863e+01 2.317415599999999770e-07
2.302504868420000150e+01 2.371909999999999962e-07
2.312138780000000082e+01 2.346302000000000147e-07
2.321772691589999837e+01 2.341341199999999827e-07
2.331406603170000125e+01 2.307355200000000147e-07
2.341040514750000057e+01 2.328837999999999720e-07
2.350674426340000167e+01 2.331361999999999883e-07
2.360308337920000099e+01 2.340656000000000045e-07
2.369942249500000031e+01 2.266637599999999737e-07
2.379576161090000141e+01 2.237775200000000129e-07
2.389210072670000073e+01 2.257846000000000113e-07
2.398843984250000005e+01 2.263684399999999872e-07
2.408477895840000116e+01 2.234713600000000119e-07
2.418111807420000048e+01 2.237168400000000192e-07
2.427745718999999980e+01 2.206059599999999974e-07
2.437379630590000090e+01 2.232415200000000139e-07
2.447013542170000022e+01 2.185053200000000327e-07
2.456647453749999954e+01 2.203402799999999831e-07
2.466281365340000065e+01 2.212424399999999981e-07
2.475915276919999997e+01 2.188086399999999753e-07
2.485549188499999929e+01 2.190876000000000142e-07
2.495183100090000039e+01 2.157706399999999716e-07
2.504817011669999971e+01 2.149067999999999958e-07
2.514450923249999903e+01 2.111763200000000072e-07
2.524084834840000013e+01 2.133522399999999610e-07
2.533718746419999945e+01 2.134985199999999775e-07
2.543352657999999877e+01 2.112826800000000039e-07
2.552986569589999988e+01 2.126186399999999973e-07
2.562620481169999920e+01 2.111502000000000189e-07
2.572254392749999852e+01 2.103046799999999538e-07
2.581888304339999962e+01 2.096118399999999866e-07
2.591522215919999894e+01 2.106528399999999758e-07
2.601156127499999826e+01 2.059188800000000205e-07
2.610790039089999937e+01 2.078011199999999811e-07
2.620423950669999869e+01 2.066152800000000107e-07
2.630057862250000156e+01 2.057632399999999583e-07
2.639691773839999911e+01 2.045322399999999654e-07
2.649325685419999843e+01 2.046167999999999744e-07
2.658959597000000130e+01 2.024925600000000306e-07
2.668593508589999885e+01 2.023861199999999554e-07
2.678227420170000173e+01 2.021272800000000039e-07
2.687861331750000105e+01 2.006157199999999914e-07
2.697495243339999860e+01 2.010921199999999704e-07
2.707129154920000147e+01 2.000748799999999848e-07
2.716763066500000079e+01 1.989986400000000117e-07
2.726396978089999834e+01 1.993003999999999600e-07
2.736030889670000121e+01 1.974062800000000240e-07
2.745664801250000053e+01 1.970524799999999775e-07
2.755298712840000164e+01 1.951998399999999499e-07
2.764932624420000096e+01 1.945627999999999560e-07
2.774566536000000028e+01 1.951020400000000084e-07
2.784200447590000138e+01 1.949502000000000194e-07
2.793834359170000070e+01 1.947841600000000037e-07
2.803468270750000002e+01 1.934397599999999933e-07
2.813102182340000113e+01 1.929255200000000222e-07
2.822736093920000044e+01 1.925789599999999808e-07
2.832370005499999976e+01 1.912166399999999755e-07
2.842003917090000087e+01 1.907898799999999649e-07
2.851637828670000019e+01 1.902663200000000139e-07
2.861271740249999951e+01 1.899760800000000056e-07
2.870905651840000061e+01 1.890851199999999874e-07
2.880539563419999993e+01 1.879880400000000150e-07
2.890173475010000104e+01 1.875896800000000048e-07
2.899807386590000036e+01 1.871256399999999688e-07
2.909441298169999968e+01 1.867802399999999530e-07
2.919075209760000078e+01 1.862259999999999895e-07
2.928709121340000010e+01 1.854543200000000102e-07
2.938343032919999942e+01 1.848361599999999996e-07
2.947976944510000052e+01 1.841338399999999751e-07
2.957610856089999984e+01 1.835392399999999573e-07
2.967244767669999916e+01 1.832962800000000122e-07
2.976878679260000027e+01 1.826731599999999557e-07
2.986512590839999959e+01 1.822619199999999690e-07
2.996146502419999891e+01 1.814341600000000066e-07
3.005780414010000001e+01 1.810020799999999677e-07
3.015414325589999933e+01 1.803246399999999862e-07
3.025048237169999865e+01 1.799191999999999955e-07
3.034682148759999976e+01 1.791657600000000073e-07
3.044316060339999908e+01 1.787155600000000156e-07
3.053949971919999840e+01 1.782530000000000014e-07
3.063583883509999950e+01 1.776871599999999930e-07
3.073217795089999882e+01 1.771958000000000097e-07
3.082851706670000169e+01 1.766881999999999847e-07
3.092485618259999924e+01 1.762220000000000013e-07
3.102119529839999856e+01 1.755992400000000067e-07
3.111753441420000144e+01 1.751027199999999931e-07
3.121387353009999899e+01 1.745517199999999772e-07
3.131021264589999831e+01 1.740678799999999823e-07
3.140655176170000118e+01 1.735285999999999965e-07
3.150289087759999873e+01 1.731256799999999886e-07
3.159922999340000160e+01 1.726213599999999768e-07
3.169556910920000092e+01 1.720822399999999891e-07
3.179190822509999848e+01 1.715529200000000020e-07
3.188824734090000135e+01 1.710627200000000179e-07
3.198458645670000067e+01 1.706490799999999808e-07
3.208092557260000177e+01 1.701571199999999915e-07
3.217726468840000109e+01 1.697352400000000013e-07
3.227360380420000041e+01 1.692724399999999900e-07
3.236994292010000152e+01 1.688166399999999867e-07
3.246628203590000084e+01 1.683271600000000203e-07
3.256262115170000015e+01 1.677874400000000002e-07
3.265896026760000126e+01 1.674081999999999969e-07
3.275529938340000058e+01 1.668646799999999830e-07
3.285163849919999990e+01 1.663853999999999859e-07
3.294797761510000100e+01 1.658581999999999863e-07
3.304431673090000032e+01 1.655019199999999963e-07
3.314065584669999964e+01 1.651692399999999854e-07
3.323699496260000075e+01 1.646850800000000208e-07
3.333333407840000007e+01 1.641991999999999845e-07
3.342967319419999939e+01 1.637788399999999758e-07
3.352601231010000049e+01 1.634007599999999981e-07
3.362235142589999981e+01 1.628387599999999961e-07
3.371869054169999913e+01 1.624732000000000126e-07
3.381502965760000023e+01 1.620195600000000096e-07
3.391136877339999955e+01 1.616140399999999934e-07
3.400770788919999887e+01 1.611194799999999958e-07
3.410404700509999998e+01 1.607018400000000072e-07
3.420038612089999930e+01 1.603431200000000070e-07
3.429672523669999862e+01 1.599074799999999980e-07
3.439306435259999972e+01 1.594930800000000098e-07
3.448940346839999904e+01 1.590564000000000133e-07
3.458574258419999836e+01 1.587593999999999942e-07
3.468208170009999947e+01 1.583284000000000084e-07
3.477842081589999879e+01 1.579025600000000264e-07
3.487475993169999811e+01 1.574966399999999885e-07
3.497109904759999921e+01 1.570809599999999894e-07
3.506743816339999853e+01 1.566695999999999909e-07
3.516377727919999785e+01 1.563087999999999895e-07
3.526011639509999895e+01 1.559039199999999920e-07
3.535645551089999827e+01 1.555245599999999769e-07
3.545279462669999759e+01 1.551515199999999912e-07
3.554913374259999870e+01 1.547391599999999916e-07
3.564547285839999802e+01 1.543968399999999782e-07
3.574181197419999734e+01 1.540832399999999879e-07
3.583815109009999844e+01 1.536167199999999819e-07
3.593449020589999776e+01 1.532387200000000033e-07
3.603082932169999708e+01 1.528420800000000120e-07
3.612716843759999819e+01 1.525145999999999911e-07
3.622350755339999751e+01 1.521561600000000008e-07
3.631984666919999682e+01 1.518331999999999914e-07
3.641618578509999793e+01 1.513708000000000018e-07
3.651252490089999725e+01 1.510022000000000020e-07
3.660886401669999657e+01 1.506836800000000051e-07
3.670520313259999767e+01 1.503213599999999955e-07
3.680154224839999699e+01 1.499594400000000076e-07
3.689788136420000342e+01 1.496270399999999801e-07
3.699422048009999742e+01 1.492592399999999971e-07
3.709055959589999674e+01 1.489176799999999878e-07
3.718689871170000316e+01 1.486141200000000216e-07
3.728323782759999716e+01 1.482626800000000127e-07
3.737957694339999648e+01 1.479419999999999889e-07
3.747591605920000291e+01 1.475882799999999944e-07
3.757225517509999690e+01 1.472283599999999823e-07
3.766859429090000333e+01 1.469107200000000012e-07
3.776493340670000265e+01 1.465661599999999885e-07
3.786127252259999665e+01 1.462444400000000038e-07
3.795761163840000307e+01 1.458685199999999999e-07
3.805395075420000239e+01 1.455650400000000063e-07
3.815028987010000350e+01 1.452340399999999751e-07
3.824662898590000282e+01 1.449093599999999997e-07
3.834296810170000214e+01 1.446073999999999877e-07
3.843930721760000324e+01 1.442320400000000035e-07
3.853564633340000256e+01 1.439217599999999863e-07
3.863198544920000188e+01 1.436242000000000004e-07
3.872832456510000299e+01 1.433316399999999937e-07
3.882466368090000230e+01 1.429907200000000031e-07
3.892100279670000162e+01 1.426577599999999824e-07
3.901734191260000273e+01 1.423574800000000029e-07
3.911368102840000205e+01 1.420291599999999790e-07
3.921002014420000137e+01 1.417270000000000091e-07
3.930635926010000247e+01 1.414009199999999845e-07
3.940269837590000179e+01 1.411280799999999906e-07
3.949903749170000111e+01 1.408185600000000039e-07
3.959537660760000222e+01 1.405485599999999889e-07
3.969171572340000154e+01 1.402251599999999980e-07
3.978805483920000086e+01 1.399063200000000050e-07
3.988439395510000196e+01 1.396089600000000034e-07
3.998073307090000128e+01 1.392997600000000128e-07
4.007707218670000060e+01 1.390265999999999963e-07
4.017341130260000170e+01 1.387259599999999815e-07
4.026975041840000102e+01 1.384517199999999914e-07
4.036608953420000034e+01 1.381514799999999718e-07
4.046242865010000145e+01 1.378490399999999920e-07
4.055876776590000077e+01 1.375767200000000051e-07
4.065510688170000009e+01 1.372869600000000174e-07
4.075144599760000119e+01 1.370230399999999818e-07
4.084778511340000051e+01 1.367160400000000043e-07
4.094412422919999983e+01 1.364439200000000017e-07
4.104046334510000094e+01 1.361779199999999912e-07
4.113680246090000026e+01 1.359195199999999947e-07
4.123314157669999958e+01 1.356076399999999968e-07
4.132948069260000068e+01 1.353338000000000018e-07
4.142581980840000000e+01 1.350698799999999927e-07
4.152215892419999932e+01 1.348160399999999939e-07
4.161849804010000042e+01 1.345348400000000085e-07
4.171483715589999974e+01 1.342471199999999830e-07
4.181117627169999906e+01 1.340018000000000002e-07
4.190751538760000017e+01 1.337322000000000069e-07
4.200385450339999949e+01 1.334672399999999838e-07
4.210019361919999881e+01 1.331932399999999908e-07
4.219653273509999991e+01 1.329335999999999960e-07
4.229287185089999923e+01 1.326664000000000000e-07
4.238921096669999855e+01 1.324209600000000055e-07
4.248555008259999966e+01 1.321612399999999852e-07
4.258188919839999897e+01 1.319064799999999843e-07
4.267822831419999829e+01 1.316465599999999797e-07
4.277456743009999940e+01 1.313949200000000205e-07
4.287090654589999872e+01 1.311337999999999774e-07
4.296724566169999804e+01 1.308933200000000023e-07
4.306358477759999914e+01 1.306418800000000009e-07
4.315992389339999846e+01 1.303868399999999902e-07
4.325626300919999778e+01 1.301458799999999944e-07
4.335260212509999889e+01 1.298969199999999895e-07
4.344894124089999821e+01 1.296534399999999844e-07
4.354528035669999753e+01 1.294078000000000055e-07
4.364161947259999863e+01 1.291605999999999793e-07
4.373795858839999795e+01 1.289121199999999951e-07
4.383429770419999727e+01 1.286728799999999917e-07
4.393063682009999837e+01 1.284393199999999990e-07
4.402697593589999769e+01 1.282058400000000053e-07
4.412331505169999701e+01 1.279638800000000083e-07
4.421965416759999812e+01 1.277274399999999975e-07
4.431599328339999744e+01 1.274900800000000110e-07
4.441233239919999676e+01 1.272590400000000011e-07
4.450867151509999786e+01 1.270253199999999838e-07
4.460501063089999718e+01 1.268047999999999921e-07
4.470134974669999650e+01 1.265701999999999855e-07
4.479768886259999761e+01 1.263327600000000000e-07
4.489402797839999693e+01 1.261195999999999986e-07
4.499036709420000335e+01 1.258824799999999828e-07
4.508670621009999735e+01 1.256607999999999919e-07
4.518304532589999667e+01 1.254249999999999998e-07
4.527938444170000309e+01 1.252183999999999985e-07
4.537572355759999709e+01 1.249895200000000153e-07
4.547206267340000352e+01 1.247727600000000045e-07
4.556840178920000284e+01 1.245523599999999982e-07
4.566474090509999684e+01 1.243266399999999900e-07
4.576108002090000326e+01 1.241165200000000048e-07
4.585741913670000258e+01 1.238971600000000122e-07
4.595375825259999658e+01 1.236783999999999728e-07
4.605009736840000301e+01 1.234636800000000035e-07
4.614643648420000233e+01 1.232467599999999947e-07
4.624277560010000343e+01 1.230326399999999785e-07
4.633911471590000275e+01 1.228293199999999904e-07
4.643545383170000207e+01 1.226176799999999971e-07
4.653179294760000317e+01 1.224003599999999932e-07
4.662813206340000249e+01 1.222001200000000075e-07
4.672447117920000181e+01 1.219922800000000080e-07
4.682081029510000292e+01 1.217848000000000173e-07
4.691714941090000224e+01 1.215742800000000104e-07
4.701348852670000156e+01 1.213758399999999898e-07
4.710982764260000266e+01 1.211676799999999941e-07
4.720616675840000198e+01 1.209620800000000203e-07
4.730250587420000130e+01 1.207630399999999937e-07
4.739884499010000241e+01 1.205648799999999829e-07
4.749518410590000173e+01 1.203582800000000080e-07
4.759152322170000105e+01 1.201630799999999878e-07
4.768786233760000215e+01 1.199660800000000027e-07
4.778420145340000147e+01 1.197723600000000043e-07
4.788054056930000257e+01 1.195747200000000004e-07
4.797687968510000189e+01 1.193776000000000035e-07
4.807321880090000121e+01 1.191789999999999848e-07
4.816955791680000232e+01 1.189891199999999929e-07
4.826589703260000164e+01 1.187966799999999790e-07
4.836223614840000096e+01 1.186025199999999992e-07
4.845857526430000206e+01 1.184101999999999971e-07
4.855491438010000138e+01 1.182229999999999860e-07
4.865125349590000070e+01 1.180350800000000101e-07
4.874759261180000181e+01 1.178458000000000109e-07
4.884393172760000112e+01 1.176603199999999922e-07
4.894027084340000044e+01 1.174733599999999915e-07
4.903660995930000155e+01 1.172867199999999868e-07
4.913294907510000087e+01 1.171032399999999969e-07
4.922928819090000019e+01 1.169213999999999871e-07
4.932562730680000129e+01 1.167373600000000039e-07
4.942196642260000061e+01 1.165543999999999945e-07
4.951830553839999993e+01 1.163716000000000095e-07
4.961464465430000104e+01 1.161905600000000033e-07
4.971098377010000036e+01 1.160129999999999947e-07
4.980732288589999968e+01 1.158352799999999880e-07
4.990366200180000078e+01 1.156541200000000097e-07
5.000000111760000010e+01 1.154767200000000123e-07
5.009634023339999942e+01 1.153021999999999934e-07
5.019267934930000052e+01 1.151260799999999938e-07
5.028901846509999984e+01 1.149529200000000113e-07
5.038535758089999916e+01 1.147781599999999952e-07
5.048169669680000027e+01 1.146082399999999868e-07
5.057803581259999959e+01 1.144294399999999799e-07
5.067437492839999891e+01 1.142597199999999823e-07
5.077071404430000001e+01 1.140922399999999973e-07
5.086705316009999933e+01 1.139195599999999957e-07
5.096339227589999865e+01 1.137506799999999879e-07
5.105973139179999976e+01 1.135809199999999908e-07
5.115607050759999908e+01 1.134181599999999884e-07
5.125240962339999840e+01 1.132445999999999843e-07
5.134874873929999950e+01 1.130831600000000055e-07
5.144508785509999882e+01 1.129160000000000034e-07
5.154142697089999814e+01 1.127513999999999968e-07
5.163776608679999924e+01 1.125862399999999969e-07
5.173410520259999856e+01 1.124259599999999909e-07
5.183044431839999788e+01 1.122627599999999805e-07
5.192678343429999899e+01 1.120993999999999986e-07
5.202312255009999831e+01 1.119361600000000020e-07
5.211946166589999763e+01 1.117770799999999947e-07
5.221580078179999873e+01 1.116202400000000000e-07
5.231213989759999805e+01 1.114575999999999961e-07
5.240847901339999737e+01 1.113040000000000019e-07
5.250481812929999847e+01 1.111430799999999905e-07
5.260115724509999779e+01 1.109858399999999874e-07
5.269749636089999711e+01 1.108325200000000031e-07
5.279383547679999822e+01 1.106748799999999916e-07
5.289017459259999754e+01 1.105206000000000057e-07
5.298651370839999686e+01 1.103664800000000178e-07
5.308285282429999796e+01 1.102141199999999954e-07
5.317919194009999728e+01 1.100620400000000093e-07
5.327553105589999660e+01 1.099074400000000139e-07
5.337187017179999771e+01 1.097603199999999943e-07
5.346820928759999703e+01 1.096070800000000090e-07
5.356454840340000345e+01 1.094554799999999906e-07
5.366088751929999745e+01 1.093094799999999971e-07
5.375722663509999677e+01 1.091591199999999902e-07
5.385356575090000320e+01 1.090139200000000003e-07
5.394990486679999719e+01 1.088603199999999796e-07
5.404624398259999651e+01 1.087197600000000129e-07
5.414258309840000294e+01 1.085700799999999978e-07
5.423892221429999694e+01 1.084277199999999867e-07
5.433526133010000336e+01 1.082793200000000090e-07
5.443160044590000268e+01 1.081380800000000109e-07
5.452793956179999668e+01 1.079937199999999975e-07
5.462427867760000311e+01 1.078514399999999855e-07
5.472061779340000243e+01 1.077093999999999970e-07
5.481695690930000353e+01 1.075675999999999924e-07
5.491329602510000285e+01 1.074262799999999820e-07
5.500963514090000217e+01 1.072836799999999870e-07
5.510597425680000327e+01 1.071485999999999805e-07
5.520231337260000259e+01 1.070068799999999881e-07
5.529865248840000191e+01 1.068702799999999868e-07
5.539499160430000302e+01 1.067267600000000030e-07
5.549133072010000234e+01 1.065954800000000034e-07
5.558766983590000166e+01 1.064558799999999986e-07
5.568400895180000276e+01 1.063219599999999781e-07
5.578034806760000208e+01 1.061880399999999972e-07
5.587668718340000140e+01 1.060491599999999969e-07
5.597302629930000251e+01 1.059161999999999912e-07
5.606936541510000183e+01 1.057806399999999905e-07
5.616570453090000115e+01 1.056524800000000061e-07
5.626204364680000225e+01 1.055152399999999993e-07
5.635838276260000157e+01 1.053844000000000076e-07
5.645472187840000089e+01 1.052528799999999845e-07
5.655106099430000199e+01 1.051217999999999957e-07
5.664740011010000131e+01 1.049914799999999845e-07
5.674373922590000063e+01 1.048624800000000103e-07
5.684007834180000174e+01 1.047347599999999941e-07
5.693641745760000106e+01 1.046040399999999878e-07
5.703275657340000038e+01 1.044759200000000029e-07
5.712909568930000148e+01 1.043494399999999982e-07
5.722543480510000080e+01 1.042222000000000027e-07
5.732177392090000012e+01 1.040945599999999855e-07
5.741811303680000123e+01 1.039700000000000105e-07
5.751445215260000055e+01 1.038435600000000053e-07
5.761079126839999986e+01 1.037197199999999951e-07
5.770713038430000097e+01 1.035953199999999917e-07
5.780346950010000029e+01 1.034747200000000085e-07
5.789980861589999961e+01 1.033473599999999879e-07
5.799614773180000071e+01 1.032248400000000015e-07
5.809248684760000003e+01 1.031039199999999957e-07
5.818882596339999935e+01 1.029832000000000006e-07
5.828516507930000046e+01 1.028608799999999985e-07
5.838150419509999978e+01 1.027390400000000038e-07
5.847784331089999910e+01 1.026245999999999858e-07
5.857418242680000020e+01 1.024995599999999901e-07
5.867052154259999952e+01 1.023828399999999996e-07
5.876686065839999884e+01 1.022629600000000077e-07
5.886319977429999994e+01 1.021457200000000103e-07
5.895953889009999926e+01 1.020276799999999961e-07
5.905587800589999858e+01 1.019084799999999959e-07
5.915221712179999969e+01 1.017959200000000080e-07
5.924855623759999901e+01 1.016779599999999796e-07
5.934489535339999833e+01 1.015633600000000032e-07
5.944123446929999943e+01 1.014481999999999806e-07
5.953757358509999875e+01 1.013372000000000003e-07
5.963391270089999807e+01 1.012223199999999876e-07
5.973025181679999918e+01 1.011086000000000005e-07
5.982659093259999850e+01 1.009934799999999907e-07
5.992293004839999782e+01 1.008817600000000059e-07
6.001926916429999892e+01 1.007689199999999949e-07
6.011560828009999824e+01 1.006567999999999885e-07
6.021194739589999756e+01 1.005473600000000026e-07
6.030828651179999866e+01 1.004379600000000029e-07
6.040462562759999798e+01 1.003250799999999925e-07
6.050096474339999730e+01 1.002156400000000065e-07
6.059730385929999841e+01 1.001083599999999945e-07
6.069364297509999773e+01 9.999875999999999725e-08
6.078998209089999705e+01 9.988879999999999114e-08
6.088632120679999815e+01 9.978299999999998764e-08
6.098266032259999747e+01 9.967632000000000802e-08
6.107899943839999679e+01 9.956808000000000758e-08
6.117533855429999790e+01 9.946116000000000440e-08
6.127167767009999721e+01 9.935816000000000672e-08
6.136801678589999653e+01 9.924928000000000078e-08
6.146435590179999764e+01 9.914344000000001100e-08
6.156069501759999696e+01 9.904332000000000494e-08
6.165703413340000338e+01 9.893792000000000983e-08
6.175337324929999738e+01 9.883404000000000956e-08
6.184971236509999670e+01 9.873019999999999558e-08
6.194605148090000313e+01 9.862819999999998580e-08
6.204239059679999713e+01 9.852531999999998667e-08
6.213872971260000355e+01 9.842227999999998947e-08
6.223506882840000287e+01 9.832115999999999551e-08
6.233140794429999687e+01 9.821980000000000446e-08
6.242774706010000330e+01 9.812064000000000001e-08
6.252408617590000262e+01 9.802035999999999589e-08
6.262042529179999661e+01 9.792208000000000727e-08
6.271676440760000304e+01 9.781939999999997924e-08
6.281310352340000236e+01 9.772227999999998982e-08
6.290944263930000346e+01 9.762252000000000587e-08
6.300578175510000278e+01 9.752555999999998804e-08
6.310212087090000210e+01 9.742751999999999652e-08
6.319845998680000321e+01 9.733135999999999548e-08
6.329479910260000253e+01 9.723500000000001009e-08
6.339113821840000185e+01 9.713847999999998694e-08
6.348747733430000295e+01 9.704163999999999412e-08
6.358381645010000227e+01 9.694859999999999503e-08
6.368015556590000159e+01 9.685048000000000447e-08
6.377649468180000270e+01 9.675503999999999472e-08
6.387283379760000201e+01 9.666239999999999079e-08
6.396917291340000133e+01 9.656944000000000396e-08
6.406551202929999533e+01 9.647499999999999534e-08
6.416185114510000176e+01 9.638007999999999253e-08
6.425819026089999397e+01 9.629180000000001525e-08
6.435452937680000218e+01 9.619871999999999017e-08
6.445086849259999440e+01 9.610299999999999704e-08
6.454720760840000082e+01 9.601435999999998441e-08
6.464354672429999482e+01 9.592160000000000840e-08
6.473988584010000125e+01 9.583076000000000916e-08
6.483622495589999346e+01 9.573932000000000394e-08
6.493256407180000167e+01 9.565335999999999858e-08
6.502890318759999388e+01 9.556328000000000338e-08
6.512524230340000031e+01 9.547103999999998137e-08
6.522158141929999431e+01 9.538671999999999587e-08
6.531792053510000073e+01 9.529431999999998904e-08
6.541425965089999295e+01 9.520811999999998658e-08
6.551059876680000116e+01 9.512123999999999236e-08
6.560693788259999337e+01 9.503187999999998844e-08
6.570327699839999980e+01 9.494599999999998211e-08
6.579961611429999380e+01 9.485699999999998708e-08
6.589595523010000022e+01 9.477543999999999465e-08
6.599229434590000665e+01 9.468703999999999235e-08
6.608863346180000065e+01 9.460135999999999684e-08
6.618497257760000707e+01 9.451668000000000246e-08
6.628131169339999929e+01 9.443352000000001616e-08
6.637765080929999328e+01 9.434859999999999822e-08
6.647398992509999971e+01 9.426308000000000077e-08
6.657032904090000613e+01 9.418396000000000529e-08
6.666666815680000013e+01 9.409704000000001155e-08
6.676300727260000656e+01 9.401371999999998748e-08
6.685934638839999877e+01 9.393415999999999732e-08
6.695568550430000698e+01 9.385188000000000037e-08
6.705202462009999920e+01 9.376807999999999535e-08
6.714836373599999320e+01 9.368672000000000050e-08
6.724470285179999962e+01 9.360812000000001196e-08
6.734104196760000605e+01 9.352755999999998096e-08
6.743738108350000005e+01 9.344547999999999483e-08
6.753372019930000647e+01 9.336583999999999240e-08
6.763005931509999868e+01 9.328848000000000209e-08
6.772639843100000689e+01 9.320647999999998852e-08
6.782273754679999911e+01 9.312740000000000579e-08
6.791907666260000553e+01 9.305079999999999304e-08
6.801541577849999953e+01 9.296975999999999432e-08
6.811175489430000596e+01 9.289631999999998305e-08
6.820809401009999817e+01 9.281372000000000321e-08
6.830443312600000638e+01 9.274123999999999355e-08
6.840077224179999860e+01 9.266116000000000968e-08
6.849711135760000502e+01 9.258587999999999420e-08
6.859345047349999902e+01 9.251100000000000035e-08
6.868978958930000545e+01 9.243316000000001584e-08
6.878612870509999766e+01 9.235992000000000215e-08
6.888246782100000587e+01 9.228191999999999311e-08
6.897880693679999808e+01 9.221003999999998942e-08
6.907514605260000451e+01 9.213296000000000896e-08
6.917148516849999851e+01 9.206212000000000592e-08
6.926782428430000493e+01 9.198511999999999802e-08
6.936416340009999715e+01 9.191363999999998950e-08
6.946050251600000536e+01 9.184087999999999646e-08
6.955684163179999757e+01 9.176632000000001197e-08
6.965318074760000400e+01 9.169696000000000426e-08
6.974951986349999800e+01 9.161883999999999668e-08
6.984585897930000442e+01 9.155079999999999946e-08
6.994219809509999664e+01 9.148007999999999498e-08
7.003853721100000485e+01 9.140912000000000663e-08
7.013487632679999706e+01 9.133539999999998550e-08
7.023121544260000348e+01 9.126659999999999749e-08
7.032755455849999748e+01 9.119759999999999866e-08
7.042389367430000391e+01 9.112575999999999449e-08
7.052023279009999612e+01 9.105399999999998935e-08
7.061657190600000433e+01 9.098759999999999876e-08
7.071291102179999655e+01 9.092012000000000801e-08
7.080925013760000297e+01 9.084971999999999965e-08
7.090558925349999697e+01 9.078160000000000340e-08
7.100192836930000340e+01 9.071608000000000216e-08
7.109826748509999561e+01 9.064679999999999349e-08
7.119460660100000382e+01 9.057715999999998917e-08
7.129094571679999603e+01 9.051035999999999018e-08
7.138728483260000246e+01 9.044568000000000525e-08
7.148362394849999646e+01 9.037788000000000513e-08
7.157996306430000288e+01 9.031156000000001357e-08
7.167630218009999510e+01 9.024547999999999264e-08
7.177264129600000331e+01 9.017955999999999625e-08
7.186898041179999552e+01 9.011532000000000599e-08
7.196531952760000195e+01 9.004992000000001653e-08
7.206165864349999595e+01 8.998827999999999481e-08
7.215799775930000237e+01 8.992172000000000616e-08
7.225433687509999459e+01 8.985707999999998104e-08
7.235067599100000280e+01 8.979196000000000143e-08
7.244701510679999501e+01 8.973140000000000635e-08
7.254335422260000144e+01 8.966680000000000721e-08
7.263969333849999543e+01 8.960432000000000889e-08
7.273603245430000186e+01 8.953995999999999362e-08
7.283237157009999407e+01 8.947831999999999837e-08
7.292871068600000228e+01 8.941899999999998828e-08
7.302504980179999450e+01 8.935544000000000303e-08
7.312138891760000092e+01 8.929675999999999843e-08
7.321772803349999492e+01 8.923243999999999590e-08
7.331406714930000135e+01 8.917339999999999566e-08
7.341040626509999356e+01 8.911040000000000363e-08
7.350674538100000177e+01 8.905171999999999903e-08
7.360308449679999399e+01 8.899055999999999797e-08
7.369942361260000041e+01 8.893327999999998967e-08
7.379576272849999441e+01 8.887191999999999103e-08
7.389210184430000083e+01 8.881115999999999837e-08
7.398844096009999305e+01 8.875612000000000266e-08
7.408478007600000126e+01 8.869483999999998982e-08
7.418111919179999347e+01 8.863912000000000234e-08
7.427745830759999990e+01 8.857576000000000143e-08
7.437379742349999390e+01 8.852179999999999266e-08
7.447013653930000032e+01 8.846608000000000518e-08
7.456647565510000675e+01 8.840571999999999444e-08
7.466281477100000075e+01 8.835432000000000762e-08
7.475915388679999296e+01 8.829256000000000059e-08
7.485549300259999939e+01 8.823756000000000440e-08
7.495183211849999338e+01 8.818111999999999916e-08
7.504817123429999981e+01 8.812579999999999361e-08
7.514451035010000624e+01 8.807331999999999339e-08
7.524084946600000023e+01 8.800975999999999491e-08
7.533718858180000666e+01 8.796332000000000101e-08
7.543352769759999887e+01 8.790227999999999850e-08
7.552986681350000708e+01 8.785211999999999668e-08
7.562620592929999930e+01 8.779796000000000356e-08
7.572254504510000572e+01 8.774031999999999961e-08
7.581888416099999972e+01 8.769039999999999489e-08
7.591522327680000615e+01 8.763435999999999805e-08
7.601156239259999836e+01 8.758407999999999768e-08
7.610790150850000657e+01 8.752995999999999084e-08
7.620424062429999879e+01 8.747675999999999933e-08
7.630057974010000521e+01 8.742391999999999024e-08
7.639691885599999921e+01 8.737152000000000229e-08
7.649325797180000563e+01 8.732047999999999788e-08
7.658959708759999785e+01 8.727035999999999558e-08
7.668593620350000606e+01 8.721755999999999924e-08
7.678227531929999827e+01 8.716776000000000630e-08
7.687861443510000470e+01 8.712015999999999997e-08
7.697495355099999870e+01 8.706483999999999441e-08
7.707129266680000512e+01 8.701708000000000325e-08
7.716763178259999734e+01 8.696744000000000838e-08
7.726397089850000555e+01 8.691627999999999219e-08
7.736031001429999776e+01 8.686640000000000021e-08
7.745664913010000419e+01 8.681636000000001018e-08
7.755298824599999818e+01 8.677187999999999256e-08
7.764932736180000461e+01 8.671815999999999412e-08
7.774566647759999682e+01 8.666983999999999650e-08
7.784200559350000503e+01 8.662524000000000681e-08
7.793834470929999725e+01 8.657379999999999401e-08
7.803468382510000367e+01 8.652747999999999866e-08
7.813102294099999767e+01 8.648043999999999879e-08
7.822736205680000410e+01 8.643375999999999456e-08
7.832370117259999631e+01 8.638647999999999759e-08
7.842004028850000452e+01 8.634088000000000677e-08
7.851637940429999674e+01 8.629403999999999124e-08
7.861271852010000316e+01 8.624564000000000783e-08
7.870905763599999716e+01 8.620072000000000877e-08
7.880539675180000359e+01 8.615775999999999924e-08
7.890173586759999580e+01 8.611164000000000147e-08
7.899807498350000401e+01 8.606407999999999465e-08
7.909441409929999622e+01 8.602063999999999093e-08
7.919075321510000265e+01 8.597588000000000317e-08
7.928709233099999665e+01 8.592955999999999459e-08
7.938343144680000307e+01 8.588888000000001040e-08
7.947977056259999529e+01 8.584232000000000472e-08
7.957610967850000350e+01 8.580052000000000761e-08
7.967244879429999571e+01 8.575451999999999516e-08
7.976878791010000214e+01 8.571300000000000790e-08
7.986512702599999614e+01 8.567123999999999707e-08
7.996146614180000256e+01 8.562411999999998494e-08
8.005780525759999477e+01 8.558403999999999349e-08
8.015414437350000298e+01 8.554276000000000332e-08
8.025048348929999520e+01 8.549943999999999814e-08
8.034682260510000162e+01 8.545652000000000136e-08
8.044316172099999562e+01 8.541703999999998941e-08
8.053950083680000205e+01 8.537664000000000183e-08
8.063583995259999426e+01 8.533564000000000828e-08
8.073217906850000247e+01 8.529271999999998503e-08
8.082851818429999469e+01 8.525431999999999972e-08
8.092485730010000111e+01 8.521323999999999390e-08
8.102119641599999511e+01 8.517039999999999614e-08
8.111753553180000154e+01 8.513236000000000648e-08
8.121387464759999375e+01 8.509243999999999986e-08
8.131021376350000196e+01 8.505307999999999970e-08
8.140655287929999417e+01 8.501435999999999179e-08
8.150289199510000060e+01 8.497552000000001181e-08
8.159923111099999460e+01 8.493627999999999696e-08
8.169557022680000102e+01 8.489480000000000921e-08
8.179190934259999324e+01 8.485959999999999842e-08
8.188824845850000145e+01 8.482263999999999568e-08
8.198458757429999366e+01 8.478124000000000697e-08
8.208092669010000009e+01 8.474544000000000344e-08
8.217726580599999409e+01 8.470948000000000183e-08
8.227360492180000051e+01 8.467224000000000249e-08
8.236994403760000694e+01 8.463379999999999119e-08
8.246628315350000094e+01 8.459656000000000508e-08
8.256262226929999315e+01 8.456048000000000493e-08
8.265896138509999957e+01 8.452580000000000108e-08
8.275530050099999357e+01 8.448748000000000157e-08
8.285163961680000000e+01 8.445515999999999562e-08
8.294797873260000642e+01 8.441763999999999967e-08
8.304431784850000042e+01 8.438107999999999209e-08
8.314065696430000685e+01 8.434611999999999162e-08
8.323699608009999906e+01 8.431435999999999214e-08
8.333333519599999306e+01 8.427607999999999214e-08
8.342967431179999949e+01 8.424271999999999879e-08
8.352601342760000591e+01 8.420848000000000284e-08
8.362235254349999991e+01 8.417603999999999835e-08
8.371869165930000634e+01 8.414056000000000418e-08
8.381503077509999855e+01 8.410612000000001065e-08
8.391136989100000676e+01 8.407591999999999229e-08
8.400770900679999897e+01 8.403808000000000020e-08
8.410404812260000540e+01 8.400836000000000250e-08
8.420038723849999940e+01 8.397408000000000704e-08
8.429672635430000582e+01 8.394583999999999143e-08
8.439306547009999804e+01 8.390896000000000096e-08
8.448940458600000625e+01 8.387868000000001004e-08
8.458574370179999846e+01 8.384956000000000508e-08
8.468208281760000489e+01 8.381303999999999702e-08
8.477842193349999889e+01 8.378359999999999593e-08
8.487476104930000531e+01 8.375203999999999402e-08
8.497110016509999753e+01 8.372132000000000842e-08
8.506743928100000574e+01 8.368896000000000296e-08
8.516377839679999795e+01 8.365880000000001059e-08
8.526011751260000437e+01 8.363475999999999709e-08
8.535645662849999837e+01 8.359903999999999259e-08
8.545279574430000480e+01 8.356815999999999569e-08
8.554913486009999701e+01 8.354059999999999832e-08
8.564547397600000522e+01 8.351003999999999755e-08
8.574181309179999744e+01 8.348159999999999759e-08
8.583815220760000386e+01 8.345171999999998859e-08
8.593449132349999786e+01 8.342471999999999768e-08
8.603083043930000429e+01 8.339364000000000320e-08
8.612716955519999829e+01 8.336652000000000051e-08
8.622350867100000471e+01 8.333795999999998877e-08
8.631984778679999692e+01 8.331047999999999043e-08
8.641618690270000513e+01 8.328175999999999386e-08
8.651252601849999735e+01 8.325511999999999860e-08
8.660886513430000377e+01 8.322864000000000139e-08
8.670520425019999777e+01 8.320047999999999805e-08
8.680154336600000420e+01 8.317488000000000343e-08
8.689788248179999641e+01 8.314619999999999315e-08
8.699422159770000462e+01 8.311875999999999432e-08
8.709056071349999684e+01 8.309207999999999954e-08
8.718689982930000326e+01 8.306923999999999799e-08
8.728323894519999726e+01 8.304256000000000321e-08
8.737957806100000369e+01 8.301727999999999149e-08
8.747591717679999590e+01 8.299088000000000655e-08
8.757225629270000411e+01 8.296447999999999514e-08
8.766859540849999632e+01 8.293883999999998777e-08
8.776493452430000275e+01 8.291743999999999527e-08
8.786127364019999675e+01 8.289147999999999178e-08
8.795761275600000317e+01 8.286736000000000572e-08
8.805395187179999539e+01 8.284079999999999625e-08
8.815029098770000360e+01 8.281871999999998550e-08
8.824663010349999581e+01 8.279467999999999848e-08
8.834296921930000224e+01 8.277032000000000209e-08
8.843930833519999624e+01 8.274720000000000393e-08
8.853564745100000266e+01 8.272287999999999383e-08
8.863198656679999488e+01 8.270144000000000181e-08
8.872832568270000309e+01 8.267672000000000978e-08
8.882466479849999530e+01 8.265575999999999871e-08
8.892100391430000172e+01 8.263252000000000201e-08
8.901734303019999572e+01 8.261015999999999465e-08
8.911368214600000215e+01 8.259007999999999941e-08
8.921002126179999436e+01 8.256627999999999625e-08
8.930636037770000257e+01 8.254415999999999922e-08
8.940269949349999479e+01 8.252347999999999801e-08
8.949903860930000121e+01 8.250175999999999614e-08
8.959537772519999521e+01 8.248228000000000688e-08
8.969171684100000164e+01 8.245975999999998822e-08
8.978805595679999385e+01 8.244060000000000832e-08
8.988439507270000206e+01 8.241867999999999564e-08
8.998073418849999427e+01 8.239839999999998959e-08
9.007707330430000070e+01 8.238031999999999661e-08
9.017341242019999470e+01 8.235924000000000024e-08
9.026975153600000112e+01 8.234140000000000436e-08
9.036609065179999334e+01 8.231851999999999007e-08
9.046242976770000155e+01 8.230179999999999387e-08
9.055876888349999376e+01 8.228275999999999928e-08
9.065510799930000019e+01 8.226272000000000355e-08
9.075144711519999419e+01 8.224455999999999832e-08
9.084778623100000061e+01 8.222595999999999840e-08
9.094412534680000704e+01 8.220788000000000543e-08
9.104046446270000104e+01 8.218887999999999712e-08
9.113680357849999325e+01 8.217131999999999785e-08
9.123314269429999968e+01 8.215735999999999473e-08
9.132948181019999367e+01 8.213583999999999044e-08
9.142582092600000010e+01 8.211847999999998876e-08
9.152216004180000652e+01 8.210235999999999854e-08
9.161849915770000052e+01 8.208695999999999960e-08
9.171483827350000695e+01 8.206955999999999840e-08
9.181117738929999916e+01 8.205288000000000172e-08
9.190751650519999316e+01 8.203716000000000666e-08
9.200385562099999959e+01 8.201871999999999158e-08
9.210019473680000601e+01 8.200480000000000120e-08
9.219653385270000001e+01 8.198811999999999129e-08
9.229287296850000644e+01 8.197356000000000866e-08
9.238921208429999865e+01 8.195420000000000471e-08
9.248555120020000686e+01 8.194551999999999063e-08
9.258189031599999907e+01 8.192731999999999911e-08
9.267822943180000550e+01 8.191152000000000502e-08
9.277456854769999950e+01 8.189951999999999141e-08
9.287090766350000592e+01 8.188336000000000167e-08
9.296724677929999814e+01 8.187004000000000404e-08
9.306358589520000635e+01 8.185543999999999542e-08
9.315992501099999856e+01 8.184464000000000700e-08
9.325626412680000499e+01 8.182739999999999063e-08
9.335260324269999899e+01 8.181420000000000478e-08
9.344894235850000541e+01 8.180271999999999811e-08
9.354528147429999763e+01 8.179040000000000161e-08
9.364162059020000584e+01 8.177663999999999607e-08
9.373795970599999805e+01 8.176227999999999778e-08
9.383429882180000448e+01 8.175011999999999935e-08
9.393063793769999847e+01 8.174079999999999302e-08
9.402697705350000490e+01 8.172652000000000700e-08
9.412331616929999711e+01 8.171271999999998870e-08
9.421965528520000532e+01 8.170415999999999964e-08
9.431599440099999754e+01 8.169052000000000588e-08
9.441233351680000396e+01 8.168359999999999698e-08
9.450867263269999796e+01 8.166796000000000095e-08
9.460501174850000439e+01 8.166135999999998817e-08
9.470135086429999660e+01 8.164751999999999683e-08
9.479768998020000481e+01 8.163495999999999000e-08
9.489402909599999703e+01 8.162947999999999014e-08
9.499036821180000345e+01 8.161515999999999137e-08
9.508670732769999745e+01 8.160771999999998876e-08
9.518304644350000387e+01 8.159503999999999661e-08
9.527938555929999609e+01 8.158952000000001047e-08
9.537572467520000430e+01 8.157800000000000429e-08
9.547206379099999651e+01 8.156916000000000538e-08
9.556840290680000294e+01 8.156168000000000325e-08
9.566474202269999694e+01 8.155092000000000111e-08
9.576108113850000336e+01 8.154375999999999511e-08
9.585742025429999558e+01 8.153420000000000492e-08
9.595375937020000379e+01 8.152715999999999746e-08
9.605009848599999600e+01 8.151607999999999919e-08
9.614643760180000243e+01 8.150944000000000013e-08
9.624277671769999642e+01 8.150287999999998687e-08
9.633911583350000285e+01 8.149331999999999668e-08
9.643545494929999506e+01 8.148707999999999278e-08
9.653179406520000327e+01 8.148180000000000373e-08
9.662813318099999549e+01 8.147308000000000337e-08
9.672447229680000191e+01 8.146660000000000238e-08
9.682081141269999591e+01 8.145971999999999299e-08
9.691715052850000234e+01 8.145715999999999750e-08
9.701348964429999455e+01 8.144968000000000860e-08
9.710982876020000276e+01 8.144087999999999598e-08
9.720616787599999498e+01 8.143523999999999805e-08
9.730250699180000140e+01 8.143087999999999787e-08
9.739884610769999540e+01 8.142223999999999655e-08
9.749518522350000183e+01 8.141995999999999767e-08
9.759152433929999404e+01 8.141467999999999539e-08
9.768786345520000225e+01 8.140927999999999456e-08
9.778420257099999446e+01 8.140267999999999501e-08
9.788054168680000089e+01 8.140104000000000163e-08
9.797688080269999489e+01 8.139747999999999176e-08
9.807321991850000131e+01 8.138971999999999302e-08
9.816955903429999353e+01 8.138744000000000738e-08
9.826589815020000174e+01 8.138552000000000414e-08
9.836223726599999395e+01 8.138487999999999865e-08
9.845857638180000038e+01 8.137580000000000265e-08
9.855491549769999438e+01 8.137544000000000701e-08
9.865125461350000080e+01 8.137155999999998778e-08
9.874759372929999302e+01 8.136955999999999875e-08
9.884393284520000122e+01 8.136431999999999599e-08
9.894027196099999344e+01 8.136375999999998953e-08
9.903661107679999986e+01 8.136028000000000517e-08
9.913295019269999386e+01 8.135687999999999337e-08
9.922928930850000029e+01 8.135812000000000484e-08
9.932562842430000671e+01 8.135620000000000160e-08
9.942196754020000071e+01 8.135779999999999548e-08
9.951830665599999293e+01 8.135099999999999835e-08
9.961464577179999935e+01 8.135248000000000691e-08
9.971098488769999335e+01 8.135011999999999577e-08
9.980732400349999978e+01 8.135139999999999351e-08
9.990366311930000620e+01 8.134944000000000400e-08
1.000000022349999966e+02 8.134864000000000044e-08
