0.000000000000000000e+00 1.300395999999999670e-05
3.340013434709999951e-02 4.402339999999996885e-05
6.680026869419999902e-02 2.792479999999999529e-04
1.002004030410000024e-01 1.271141999999999628e-04
1.336005373880000124e-01 2.501039999999999080e-04
1.670006717349999947e-01 1.398175999999999673e-04
2.004008060830000104e-01 1.392709999999999478e-04
2.338009404299999927e-01 2.406259999999999693e-04
2.672010747770000028e-01 1.229035999999999323e-04
3.006012091240000128e-01 1.421175999999999690e-04
3.340013434710000229e-01 9.950940000000004036e-05
3.674014778179999774e-01 2.630159999999997871e-05
4.008016121649999874e-01 2.662039999999998656e-05
4.342017465119999975e-01 6.610900000000001367e-05
4.676018808590000075e-01 3.662080000000001367e-05
5.010020152059999621e-01 5.757399999999996071e-05
5.344021495530000276e-01 6.698359999999999341e-05
5.678022838999999822e-01 1.535633999999998992e-05
6.012024182480000256e-01 1.328077999999998840e-05
6.346025525949999802e-01 3.635859999999999440e-05
6.680026869420000457e-01 5.879179999999998825e-05
7.014028212890000002e-01 1.975790000000000272e-05
7.348029556359999548e-01 3.235039999999997406e-05
7.682030899830000203e-01 5.207600000000002114e-05
8.016032243299999749e-01 1.442117999999999531e-05
8.350033586770000404e-01 1.196661999999999623e-05
8.684034930239999950e-01 3.711719999999999083e-05
9.018036273709999495e-01 2.067239999999999540e-05
9.352037617180000151e-01 1.804739999999999936e-05
9.686038960649999696e-01 1.785486000000000137e-05
1.002004030409999968e+00 8.993420000000002402e-06
1.035404164760000079e+00 2.819260000000000516e-05
1.068804299109999967e+00 2.892299999999999396e-05
1.102204433450000076e+00 2.131119999999998664e-05
1.135604567799999964e+00 1.693830000000000010e-05
1.169004702150000075e+00 1.226127999999999588e-05
1.202404836499999963e+00 6.581679999999996927e-06
1.235804970840000072e+00 7.618919999999993793e-06
1.269205105189999960e+00 8.881180000000004303e-06
1.302605239540000071e+00 6.588479999999998285e-06
1.336005373879999958e+00 1.064909999999999940e-05
1.369405508230000068e+00 5.560879999999998163e-06
1.402805642579999956e+00 2.042280000000001053e-06
1.436205776920000066e+00 3.354000000000000414e-06
1.469605911269999954e+00 4.985279999999996423e-06
1.503006045620000064e+00 4.627620000000000935e-06
1.536406179969999952e+00 5.177639999999998762e-06
1.569806314310000062e+00 1.192179999999999655e-06
1.603206448659999950e+00 2.286639999999998829e-06
1.636606583010000060e+00 3.414919999999999824e-06
1.670006717349999947e+00 1.699567999999999751e-06
1.703406851700000058e+00 7.337860000000003636e-06
1.736806986049999946e+00 4.986619999999998684e-06
1.770207120400000056e+00 2.224800000000001128e-06
1.803607254739999943e+00 6.669339999999996695e-06
1.837007389090000053e+00 3.615760000000000767e-06
1.870407523439999942e+00 4.187860000000001608e-06
1.903807657780000051e+00 2.203960000000000156e-06
1.937207792129999939e+00 2.817300000000000961e-06
1.970607926480000049e+00 2.478739999999999920e-06
2.004008060829999938e+00 2.092419999999998510e-06
2.037408195169999825e+00 9.417100000000000859e-07
2.070808329520000157e+00 6.155620000000000536e-06
2.104208463870000045e+00 9.358059999999998287e-06
2.137608598209999933e+00 6.188399999999999907e-06
2.171008732559999821e+00 4.014279999999995047e-06
2.204408866910000153e+00 5.077759999999997950e-06
2.237809001250000041e+00 6.944880000000000497e-06
2.271209135599999929e+00 6.372620000000002016e-06
2.304609269949999817e+00 4.696079999999999260e-06
2.338009404300000149e+00 3.752259999999998528e-06
2.371409538640000036e+00 8.093599999999993118e-06
2.404809672989999925e+00 1.063107999999999241e-05
2.438209807339999813e+00 6.949159999999998362e-06
2.471609941680000144e+00 5.590660000000001120e-06
2.505010076030000032e+00 4.473400000000000233e-06
2.538410210379999921e+00 4.571780000000001145e-06
2.571810344729999809e+00 5.921239999999999571e-06
2.605210479070000140e+00 8.630440000000000670e-06
2.638610613420000028e+00 9.475300000000000573e-06
2.672010747769999917e+00 6.230420000000001920e-06
2.705410882109999804e+00 1.034923999999999851e-06
2.738811016460000136e+00 3.710660000000000485e-06
2.772211150810000024e+00 8.651480000000002081e-06
2.805611285159999913e+00 1.028369999999999778e-05
2.839011419499999800e+00 9.824939999999997449e-06
2.872411553850000132e+00 1.236421999999999900e-06
2.905811688200000020e+00 6.785759999999995827e-06
2.939211822539999908e+00 4.869599999999998236e-06
2.972611956889999796e+00 6.780500000000000557e-06
3.006012091240000128e+00 1.004863999999999329e-05
3.039412225580000015e+00 4.604999999999997415e-06
3.072812359929999904e+00 7.581179999999999809e-06
3.106212494279999792e+00 1.493719999999999651e-05
3.139612628630000124e+00 1.234893999999999565e-05
3.173012762970000011e+00 8.612520000000000679e-06
3.206412897319999900e+00 9.996800000000005660e-06
3.239813031669999788e+00 1.480793999999999362e-05
3.273213166010000119e+00 5.991799999999999112e-06
3.306613300360000007e+00 6.225480000000000236e-07
3.340013434709999895e+00 1.771303999999999397e-05
3.373413569059999784e+00 2.420721999999999555e-05
3.406813703400000115e+00 2.129275999999999093e-05
3.440213837750000003e+00 2.375951999999999643e-05
3.473613972099999891e+00 5.940399999999999909e-06
3.507014106439999779e+00 3.381401999999998631e-05
3.540414240790000111e+00 5.674900000000000842e-05
3.573814375139999999e+00 3.192128000000000077e-05
3.607214509489999887e+00 4.509659999999999103e-05
3.640614643830000219e+00 1.143875999999999685e-05
3.674014778180000107e+00 3.200619999999999182e-05
3.707414912529999995e+00 2.325215999999999796e-05
3.740815046869999883e+00 3.079539999999999318e-05
3.774215181220000215e+00 1.857563999999999483e-05
3.807615315570000103e+00 2.313213999999999771e-05
3.841015449909999990e+00 1.360407999999999935e-05
3.874415584259999878e+00 2.237982000000000014e-05
3.907815718610000211e+00 1.584245999999998655e-05
3.941215852960000099e+00 1.594363999999999021e-05
3.974615987299999986e+00 2.354376000000000038e-06
4.008016121649999874e+00 7.327099999999999694e-06
4.041416255999999763e+00 1.021937999999999769e-05
4.074816390339999650e+00 8.821259999999996922e-06
4.108216524690000426e+00 8.094620000000000097e-06
4.141616659040000314e+00 6.566619999999997109e-06
4.175016793390000203e+00 2.506539999999999891e-06
4.208416927730000090e+00 2.979159999999999103e-06
4.241817062079999978e+00 4.321960000000000884e-06
4.275217196429999866e+00 8.984739999999998277e-06
4.308617330769999754e+00 3.868679999999997661e-06
4.342017465119999642e+00 4.780220000000000965e-07
4.375417599470000418e+00 2.522079999999999407e-06
4.408817733820000306e+00 5.272259999999997528e-06
4.442217868160000194e+00 6.083979999999996593e-06
4.475618002510000082e+00 3.784420000000000267e-06
4.509018136859999970e+00 5.465039999999998755e-06
4.542418271199999857e+00 6.478119999999999566e-06
4.575818405549999746e+00 2.616359999999999799e-06
4.609218539899999634e+00 4.408299999999999789e-06
4.642618674240000409e+00 5.005979999999997767e-06
4.676018808590000297e+00 7.359339999999998559e-06
4.709418942940000186e+00 4.327539999999998211e-06
4.742819077290000074e+00 4.922660000000000062e-06
4.776219211629999961e+00 3.848259999999998964e-06
4.809619345979999849e+00 3.672679999999999876e-06
4.843019480329999737e+00 2.243259999999999932e-06
4.876419614669999625e+00 5.501580000000000272e-06
4.909819749020000401e+00 4.499940000000000152e-06
4.943219883370000289e+00 1.008393999999999785e-06
4.976620017720000178e+00 1.835849999999998694e-06
5.010020152060000065e+00 1.005180000000000429e-06
5.043420286409999953e+00 2.017539999999999999e-06
5.076820420759999841e+00 4.150699999999997377e-06
5.110220555099999729e+00 4.396379999999999402e-06
5.143620689449999617e+00 2.028283999999998418e-06
5.177020823800000393e+00 1.844917999999999130e-06
5.210420958150000281e+00 1.335832000000000020e-06
5.243821092490000169e+00 2.679539999999998065e-06
5.277221226840000057e+00 2.287139999999998231e-06
5.310621361189999945e+00 2.403360000000000313e-06
5.344021495529999832e+00 1.490014000000000097e-06
5.377421629879999720e+00 6.911899999999999841e-07
5.410821764229999609e+00 1.549999999999999559e-06
5.444221898570000384e+00 1.419053999999999678e-06
5.477622032920000272e+00 1.890685999999999570e-06
5.511022167270000160e+00 1.513127999999999889e-06
5.544422301620000049e+00 1.173163999999999903e-06
5.577822435959999936e+00 5.412499999999996883e-07
5.611222570309999824e+00 3.925479999999998964e-07
5.644622704659999712e+00 2.393739999999999040e-07
5.678022838999999600e+00 9.284039999999995564e-07
5.711422973350000376e+00 1.010543999999999417e-06
5.744823107700000264e+00 1.365547999999999517e-06
5.778223242050000152e+00 9.350579999999998488e-07
5.811623376390000040e+00 6.203599999999997661e-07
5.845023510739999928e+00 1.337528000000000249e-06
5.878423645089999816e+00 1.135543999999999914e-06
5.911823779429999703e+00 6.996939999999996743e-07
5.945223913779999592e+00 7.706360000000000193e-07
5.978624048130000368e+00 8.025080000000005842e-07
6.012024182480000256e+00 4.558239999999995426e-07
6.045424316820000143e+00 1.098909999999999614e-07
6.078824451170000032e+00 1.180363999999999597e-06
6.112224585519999920e+00 9.142420000000003855e-07
6.145624719859999807e+00 6.724359999999998414e-07
6.179024854209999695e+00 6.095400000000000967e-07
6.212424988559999584e+00 3.214979999999999583e-07
6.245825122910000360e+00 3.434619999999997704e-07
6.279225257250000247e+00 3.258899999999998563e-07
6.312625391600000135e+00 6.065880000000003492e-07
6.346025525950000024e+00 4.281440000000001312e-07
6.379425660289999911e+00 3.674399999999999074e-07
6.412825794639999799e+00 1.460797999999999579e-07
6.446225928989999687e+00 5.642640000000001087e-07
6.479626063329999575e+00 5.508240000000001154e-07
6.513026197680000351e+00 8.763840000000006033e-07
6.546426332030000239e+00 9.892519999999995200e-07
6.579826466380000127e+00 7.273979999999995364e-07
6.613226600720000015e+00 2.998799999999999562e-07
6.646626735069999903e+00 2.974539999999999053e-07
6.680026869419999791e+00 2.962859999999998514e-07
6.713427003759999678e+00 4.469719999999997754e-07
6.746827138109999566e+00 5.821259999999997693e-07
6.780227272460000343e+00 2.951880000000000357e-07
6.813627406810000231e+00 2.903459999999999980e-07
6.847027541150000118e+00 5.391899999999999994e-07
6.880427675500000007e+00 6.947319999999999241e-07
6.913827809849999895e+00 8.283599999999997228e-07
6.947227944189999782e+00 8.797919999999998090e-07
6.980628078539999670e+00 5.363680000000000288e-07
7.014028212889999558e+00 3.413779999999998425e-07
7.047428347240000335e+00 5.107419999999997171e-07
7.080828481580000222e+00 3.403719999999998135e-07
7.114228615930000110e+00 5.347260000000000198e-07
7.147628750279999998e+00 5.614859999999996585e-07
7.181028884619999886e+00 4.691600000000000533e-07
7.214429018969999774e+00 1.940550000000001055e-07
7.247829153319999662e+00 1.831875999999999112e-07
7.281229287660000438e+00 2.637459999999999054e-07
7.314629422010000326e+00 4.419299999999999345e-07
7.348029556360000214e+00 4.191059999999998884e-07
7.381429690710000102e+00 4.952919999999997211e-07
7.414829825049999990e+00 2.532839999999998479e-07
7.448229959399999878e+00 4.382380000000000891e-07
7.481630093749999766e+00 2.646459999999998672e-07
7.515030228089999653e+00 5.931680000000000610e-07
7.548430362440000430e+00 3.928919999999998629e-07
7.581830496790000318e+00 1.803757999999998833e-07
7.615230631140000206e+00 1.055155999999999817e-07
7.648630765480000093e+00 1.606313999999999729e-07
7.682030899829999981e+00 1.386085999999998929e-07
7.715431034179999870e+00 8.668259999999998768e-08
7.748831168519999757e+00 3.610039999999999151e-07
7.782231302869999645e+00 5.014279999999999025e-07
7.815631437220000421e+00 3.875499999999999995e-07
7.849031571570000310e+00 7.722740000000000238e-08
7.882431705910000197e+00 1.407674000000000009e-07
7.915831840260000085e+00 1.620712000000000332e-07
7.949231974609999973e+00 6.118559999999995464e-08
7.982632108949999861e+00 1.754493999999999934e-07
8.016032243299999749e+00 2.116699999999999360e-07
8.049432377649999637e+00 7.779779999999998213e-08
8.082832511990000413e+00 1.493049999999999728e-07
8.116232646340000301e+00 2.752179999999998906e-07
8.149632780690000189e+00 1.605778000000000391e-07
8.183032915040000077e+00 2.772219999999999396e-07
8.216433049380000853e+00 1.686287999999999304e-07
8.249833183730000741e+00 3.948439999999999588e-07
8.283233318080000629e+00 4.774380000000000696e-07
8.316633452419999628e+00 2.632459999999998679e-07
8.350033586769999516e+00 4.472439999999998721e-07
8.383433721119999404e+00 2.572100000000000116e-07
8.416833855469999293e+00 1.631645999999999972e-07
8.450233989810000068e+00 1.404248000000000307e-07
8.483634124159999956e+00 1.067259999999999989e-07
8.517034258509999844e+00 5.583499999999999672e-08
8.550434392850000620e+00 1.525587999999999724e-07
8.583834527200000508e+00 1.257571999999999900e-07
8.617234661550000396e+00 2.257687999999999245e-07
8.650634795900000285e+00 1.879164000000000216e-07
8.684034930239999284e+00 1.275601999999999963e-07
8.717435064589999172e+00 1.863690000000000193e-07
8.750835198940000836e+00 2.077976000000000237e-07
8.784235333279999836e+00 3.185380000000000430e-08
8.817635467629999724e+00 1.881099999999999023e-07
8.851035601979999612e+00 2.987879999999998827e-07
8.884435736320000387e+00 2.739683999999999772e-07
8.917835870670000276e+00 2.518049999999998914e-07
8.951236005020000164e+00 1.976883999999998791e-07
8.984636139370000052e+00 1.950333999999999655e-07
9.018036273710000827e+00 1.678989999999999869e-07
9.051436408060000716e+00 1.455977999999998878e-07
9.084836542410000604e+00 1.379158000000000179e-07
9.118236676749999603e+00 9.894899999999994193e-08
9.151636811099999491e+00 6.171259999999999635e-08
9.185036945449999379e+00 7.912939999999998857e-08
9.218437079799999267e+00 2.043253999999999140e-07
9.251837214140000043e+00 1.586038000000000242e-07
9.285237348489999931e+00 8.569479999999996344e-08
9.318637482839999819e+00 7.554480000000002144e-08
9.352037617180000595e+00 1.888888000000000337e-07
9.385437751530000483e+00 1.614287999999999188e-07
9.418837885880000371e+00 1.893206000000000098e-07
9.452238020230000259e+00 1.119328000000000161e-07
9.485638154569999259e+00 1.819605999999999757e-07
9.519038288919999147e+00 1.801059999999999850e-07
9.552438423270000811e+00 1.195475999999999580e-07
9.585838557609999810e+00 1.912662000000000243e-07
9.619238691959999699e+00 3.400407999999999038e-07
9.652638826309999587e+00 4.411880000000002049e-07
9.686038960650000362e+00 3.073867999999998815e-07
9.719439095000000250e+00 2.105798000000000391e-07
9.752839229350000139e+00 1.333161999999999587e-07
9.786239363700000027e+00 1.975384000000000796e-07
9.819639498040000802e+00 2.034345999999999733e-07
9.853039632390000691e+00 2.796795999999999522e-07
9.886439766740000579e+00 1.762569999999999351e-07
9.919839901079999578e+00 1.184314000000000053e-07
9.953240035429999466e+00 1.512709999999999256e-07
9.986640169779999354e+00 9.188759999999998697e-08
1.002004030410000013e+01 1.948791999999999124e-07
1.005344043849999913e+01 2.079005999999999552e-07
1.008684057279999990e+01 2.667513999999999199e-07
1.012024070720000068e+01 4.545539999999999554e-07
1.015364084149999968e+01 2.071203999999999863e-07
1.018704097590000046e+01 2.704048000000000339e-07
1.022044111019999946e+01 4.550240000000001178e-07
1.025384124460000024e+01 4.473115999999999805e-07
1.028724137889999923e+01 4.289615999999999783e-07
1.032064151320000001e+01 4.353979999999999393e-07
1.035404164760000079e+01 5.179399999999998852e-07
1.038744178189999978e+01 7.055279999999999898e-07
1.042084191630000056e+01 8.014259999999999396e-07
1.045424205059999956e+01 6.109219999999999167e-07
1.048764218500000034e+01 5.810800000000001184e-07
1.052104231929999933e+01 5.296459999999997652e-07
1.055444245370000012e+01 3.595989999999999896e-07
1.058784258800000089e+01 3.966707999999999020e-07
1.062124272239999989e+01 2.961219999999999301e-07
1.065464285670000066e+01 1.477543999999999827e-07
1.068804299109999967e+01 4.057347999999998037e-07
1.072144312540000044e+01 4.399843999999999730e-07
1.075484325979999944e+01 5.490519999999999060e-07
1.078824339410000022e+01 6.311280000000001176e-07
1.082164352849999922e+01 5.747119999999998856e-07
1.085504366279999999e+01 4.357335999999998222e-07
1.088844379710000076e+01 2.611558000000000018e-07
1.092184393149999977e+01 1.858939999999999836e-07
1.095524406580000054e+01 2.447125999999999807e-07
1.098864420019999955e+01 2.904895999999999279e-07
1.102204433450000032e+01 3.962580000000000269e-07
1.105544446889999932e+01 8.660380000000000420e-07
1.108884460320000009e+01 8.280900000000001048e-07
1.112224473760000087e+01 1.102886000000000099e-06
1.115564487189999987e+01 6.931879999999998674e-07
1.118904500630000065e+01 3.715201999999999653e-07
1.122244514059999965e+01 3.534695999999999268e-07
1.125584527500000043e+01 5.442671999999999438e-07
1.128924540929999942e+01 8.597320000000000384e-07
1.132264554370000020e+01 5.531327999999998111e-07
1.135604567799999920e+01 1.758143999999999838e-08
1.138944581239999998e+01 5.787159999999998731e-07
1.142284594670000075e+01 6.068599999999999165e-07
1.145624608109999976e+01 3.128953999999999392e-07
1.148964621540000053e+01 4.291275999999999019e-07
1.152304634969999952e+01 1.322445999999999823e-07
1.155644648410000030e+01 3.117077999999999372e-07
1.158984661839999930e+01 5.474879999999999325e-07
1.162324675280000008e+01 3.032571999999999846e-07
1.165664688710000085e+01 1.469387999999999525e-07
1.169004702149999986e+01 1.145449999999999712e-07
1.172344715580000063e+01 5.544559999999997868e-07
1.175684729019999963e+01 7.128660000000001048e-07
1.179024742450000041e+01 6.240959999999997672e-07
1.182364755889999941e+01 3.172529999999998829e-07
1.185704769320000018e+01 4.846939999999999328e-07
1.189044782759999919e+01 5.013923999999999363e-07
1.192384796189999996e+01 1.486762000000000115e-07
1.195724809630000074e+01 2.079006000000000081e-07
1.199064823059999974e+01 1.608001999999999949e-07
1.202404836500000052e+01 9.544140000000000917e-08
1.205744849929999951e+01 1.007993999999999967e-07
1.209084863360000028e+01 1.080110000000000002e-07
1.212424876799999929e+01 1.562248000000000001e-07
1.215764890230000006e+01 2.638616000000000153e-07
1.219104903670000084e+01 3.879463999999999937e-07
1.222444917099999984e+01 4.852700000000000566e-07
1.225784930540000062e+01 3.736923999999999773e-07
1.229124943969999961e+01 4.619179999999998353e-07
1.232464957410000039e+01 3.492431999999999836e-07
1.235804970839999939e+01 2.297257999999999910e-07
1.239144984280000017e+01 2.179837999999999644e-07
1.242484997709999917e+01 6.212419999999999191e-08
1.245825011149999995e+01 1.228031999999999756e-07
1.249165024580000072e+01 5.755000000000000910e-08
1.252505038019999972e+01 1.148894000000000123e-07
1.255845051450000049e+01 9.582740000000002335e-08
1.259185064889999950e+01 1.248038000000000260e-07
1.262525078320000027e+01 1.994691999999999820e-07
1.265865091749999927e+01 1.257439999999999645e-07
1.269205105190000005e+01 7.045759999999998632e-08
1.272545118620000082e+01 3.758751999999999802e-08
1.275885132059999982e+01 1.219013999999999960e-07
1.279225145490000060e+01 1.819355999999999606e-08
1.282565158929999960e+01 1.101811999999999834e-07
1.285905172360000037e+01 1.847745999999999372e-07
1.289245185799999938e+01 1.403268000000000254e-07
1.292585199230000015e+01 5.203620000000000111e-08
1.295925212669999915e+01 1.627129999999999827e-07
1.299265226099999992e+01 1.453657999999999953e-07
1.302605239540000071e+01 1.352390000000000108e-07
1.305945252969999970e+01 3.805911999999998220e-08
1.309285266410000048e+01 1.132417999999999917e-07
1.312625279839999948e+01 1.376017999999999795e-07
1.315965293280000026e+01 9.827539999999999339e-08
1.319305306709999925e+01 2.031384000000000106e-08
1.322645320140000003e+01 2.237051999999999483e-08
1.325985333580000081e+01 1.149168000000000116e-07
1.329325347009999980e+01 1.103710000000000028e-07
1.332665360450000058e+01 1.132099999999999397e-07
1.336005373879999958e+01 7.406799999999999858e-08
1.339345387320000036e+01 5.404879999999999889e-08
1.342685400749999935e+01 1.892801999999999561e-08
1.346025414190000014e+01 1.515129999999999089e-09
1.349365427619999913e+01 3.060064000000000156e-08
1.352705441059999991e+01 4.463159999999999051e-08
1.356045454490000068e+01 7.397939999999997223e-08
1.359385467929999969e+01 6.921060000000000169e-08
1.362725481360000046e+01 4.777080000000000051e-08
1.366065494799999946e+01 6.599300000000000072e-08
1.369405508230000024e+01 6.420440000000000547e-08
1.372745521669999924e+01 9.417800000000001124e-08
1.376085535100000001e+01 8.621779999999997414e-08
1.379425548530000079e+01 7.292080000000001065e-08
1.382765561969999979e+01 6.928060000000000165e-08
1.386105575400000056e+01 5.347219999999998829e-08
1.389445588839999957e+01 4.766759999999999202e-08
1.392785602270000034e+01 2.770191999999999319e-08
1.396125615709999934e+01 4.161939999999999216e-08
1.399465629140000011e+01 8.002859999999998646e-08
1.402805642579999912e+01 1.062088000000000107e-07
1.406145656009999989e+01 1.062641999999999888e-07
1.409485669450000067e+01 7.726220000000000478e-08
1.412825682879999967e+01 6.392759999999999336e-08
1.416165696320000045e+01 6.323859999999997971e-08
1.419505709749999944e+01 3.836380000000000105e-08
1.422845723190000022e+01 4.194479999999998527e-08
1.426185736619999922e+01 8.036099999999998750e-09
1.429525750060000000e+01 3.838019999999999119e-09
1.432865763490000077e+01 1.250939999999999818e-08
1.436205776919999977e+01 9.170439999999996717e-09
1.439545790360000055e+01 4.147871999999998723e-08
1.442885803789999954e+01 5.314120000000001001e-08
1.446225817230000033e+01 4.586259999999999670e-08
1.449565830659999932e+01 2.802287999999998709e-08
1.452905844100000010e+01 1.898367999999999705e-08
1.456245857530000087e+01 3.704947999999999726e-08
1.459585870969999988e+01 5.055239999999998355e-08
1.462925884400000065e+01 2.482190000000000338e-08
1.466265897839999965e+01 4.025779999999997817e-08
1.469605911270000043e+01 4.246899999999999469e-08
1.472945924709999943e+01 8.925560000000002005e-09
1.476285938140000020e+01 3.522000000000000039e-09
1.479625951579999921e+01 2.010749999999999658e-08
1.482965965009999998e+01 2.982519999999998837e-08
1.486305978450000076e+01 6.871939999999998998e-08
1.489645991879999976e+01 6.377639999999999661e-08
1.492986005310000053e+01 2.108285999999999930e-08
1.496326018749999953e+01 2.334957999999999248e-08
1.499666032180000030e+01 3.568731999999999004e-08
1.503006045619999931e+01 5.169400000000001277e-08
1.506346059050000008e+01 3.507423999999999737e-08
1.509686072490000086e+01 1.394865999999999886e-08
1.513026085919999986e+01 3.487371999999998863e-08
1.516366099360000064e+01 3.540831999999999132e-08
1.519706112789999963e+01 2.516889999999999319e-08
1.523046126230000041e+01 1.629936000000000150e-08
1.526386139659999941e+01 2.513786000000000484e-08
1.529726153100000019e+01 1.760415999999999807e-08
1.533066166529999919e+01 2.458363999999999474e-08
1.536406179969999997e+01 3.426329999999999686e-08
1.539746193400000074e+01 2.346653999999999991e-08
1.543086206839999974e+01 2.465397999999999720e-08
1.546426220270000051e+01 2.185181999999999165e-08
1.549766233699999951e+01 1.915191999999999935e-08
1.553106247140000029e+01 6.095159999999997386e-09
1.556446260569999929e+01 8.443879999999997522e-09
1.559786274010000007e+01 1.658433999999999404e-08
1.563126287440000084e+01 1.044577999999999740e-08
1.566466300879999984e+01 5.994820000000000605e-09
1.569806314310000062e+01 1.522085999999999949e-08
1.573146327749999962e+01 1.939242000000000074e-08
1.576486341180000039e+01 1.883199999999999618e-08
1.579826354619999940e+01 2.091941999999999847e-08
1.583166368050000017e+01 1.826409999999999610e-08
1.586506381489999917e+01 7.251339999999999074e-09
1.589846394919999994e+01 9.740499999999995470e-10
1.593186408360000073e+01 7.712459999999999235e-09
1.596526421789999972e+01 -1.505600000000011841e-11
1.599866435230000050e+01 1.041410000000000026e-08
1.603206448659999950e+01 1.719340000000000227e-08
1.606546462089999849e+01 6.830059999999996575e-09
1.609886475529999927e+01 4.169899999999998184e-09
1.613226488959999827e+01 1.117862000000000332e-09
1.616566502399999905e+01 6.197399999999999299e-09
1.619906515830000160e+01 1.380065999999999647e-08
1.623246529269999883e+01 9.899619999999997295e-09
1.626586542700000138e+01 9.809039999999996559e-09
1.629926556139999860e+01 2.071639999999999683e-09
1.633266569570000115e+01 9.210859999999997287e-09
1.636606583009999838e+01 1.048720000000000076e-08
1.639946596440000093e+01 8.399460000000000688e-09
1.643286609880000171e+01 5.852399999999995217e-10
1.646626623310000070e+01 6.495379999999999960e-09
1.649966636750000148e+01 2.121158000000000338e-08
1.653306650180000048e+01 2.218126000000000205e-08
1.656646663620000126e+01 1.521893999999999294e-08
1.659986677050000026e+01 9.214180000000000125e-09
1.663326690479999925e+01 3.175499999999998888e-08
1.666666703920000003e+01 3.307662000000000360e-08
1.670006717349999903e+01 2.043252000000000091e-08
1.673346730789999981e+01 7.036651999999998667e-09
1.676686744219999881e+01 1.471755999999999524e-08
1.680026757659999959e+01 6.018119999999999893e-09
1.683366771089999858e+01 2.109600000000000242e-09
1.686706784529999936e+01 6.301119999999999847e-09
1.690046797959999836e+01 1.364949999999999924e-08
1.693386811399999914e+01 1.215952000000000021e-08
1.696726824830000169e+01 2.631129999999999785e-09
1.700066838269999892e+01 1.084590000000000119e-08
1.703406851700000146e+01 5.523027999999999883e-09
1.706746865139999869e+01 8.256119999999999816e-09
1.710086878570000124e+01 3.189665999999999354e-09
1.713426892009999847e+01 1.009670000000000133e-08
1.716766905440000102e+01 9.739819999999998736e-09
1.720106918870000001e+01 1.240089999999999757e-08
1.723446932310000079e+01 1.550671999999999792e-08
1.726786945739999979e+01 1.438648000000000138e-08
1.730126959180000057e+01 1.616779999999999539e-08
1.733466972609999956e+01 1.614608000000000014e-08
1.736806986050000035e+01 1.286581999999999642e-08
1.740146999479999934e+01 1.759655999999999739e-08
1.743487012920000012e+01 1.639390000000000229e-08
1.746827026349999912e+01 1.216079999999999796e-08
1.750167039789999990e+01 8.973379999999999054e-09
1.753507053219999889e+01 1.776810000000000278e-08
1.756847066659999967e+01 2.836233999999999535e-08
1.760187080089999867e+01 1.854615999999999751e-08
1.763527093529999945e+01 4.995099999999999842e-09
1.766867106959999845e+01 1.779967999999999783e-08
1.770207120399999923e+01 2.107415999999999870e-08
1.773547133830000178e+01 1.948393999999999838e-08
1.776887147260000077e+01 1.363607999999999620e-08
1.780227160700000155e+01 9.719739999999996878e-09
1.783567174130000055e+01 9.293259999999999401e-09
1.786907187570000133e+01 2.556223999999999795e-08
1.790247201000000032e+01 2.378267999999999919e-08
1.793587214440000110e+01 2.874607999999999717e-08
1.796927227870000010e+01 2.438375999999999811e-08
1.800267241310000088e+01 9.650779999999997563e-09
1.803607254739999988e+01 8.298120000000001119e-09
1.806947268180000066e+01 1.367687999999999879e-08
1.810287281609999965e+01 9.638640000000000539e-09
1.813627295050000043e+01 9.031719999999999496e-09
1.816967308479999943e+01 8.580739999999999053e-09
1.820307321920000021e+01 1.970386000000000065e-08
1.823647335349999921e+01 2.068396000000000226e-08
1.826987348789999999e+01 1.299540000000000002e-08
1.830327362219999898e+01 5.139580000000000154e-09
1.833667375650000153e+01 5.492927999999999335e-09
1.837007389089999876e+01 2.430541999999999981e-09
1.840347402520000131e+01 6.585999999999998557e-09
1.843687415959999853e+01 -6.269740000000001967e-10
1.847027429390000108e+01 8.094900000000000243e-09
1.850367442829999831e+01 5.544120000000000083e-09
1.853707456260000086e+01 6.366379999999999268e-09
1.857047469700000164e+01 8.660859999999998979e-09
1.860387483130000064e+01 8.929779999999997261e-09
1.863727496570000142e+01 1.420101999999999901e-08
1.867067510000000041e+01 1.167197999999999716e-08
1.870407523440000119e+01 3.925507999999999386e-09
1.873747536870000019e+01 9.366619999999998411e-09
1.877087550310000097e+01 1.446531999999999694e-08
1.880427563739999997e+01 1.452582000000000268e-08
1.883767577180000075e+01 8.984019999999999340e-09
1.887107590609999974e+01 5.881395999999999529e-09
1.890447604050000052e+01 4.874095999999998675e-09
1.893787617479999952e+01 4.931827999999998864e-09
1.897127630909999851e+01 3.647317999999999130e-09
1.900467644349999929e+01 9.073619999999998700e-09
1.903807657779999829e+01 1.153205999999999957e-08
1.907147671219999907e+01 7.568400000000000458e-09
1.910487684650000162e+01 1.031125999999999899e-09
1.913827698089999885e+01 4.658984000000000421e-09
1.917167711520000140e+01 1.252540000000000309e-09
1.920507724959999862e+01 5.983828000000000608e-09
1.923847738390000117e+01 9.796959999999998809e-09
1.927187751829999840e+01 8.634040000000000927e-09
1.930527765260000095e+01 1.103972000000000166e-08
1.933867778700000173e+01 7.171919999999997295e-09
1.937207792130000072e+01 -2.071940000000004324e-10
1.940547805570000151e+01 6.957344000000000330e-09
1.943887819000000050e+01 6.445712000000000292e-09
1.947227832440000128e+01 5.287895999999999872e-09
1.950567845870000028e+01 5.065932000000000327e-09
1.953907859299999927e+01 6.161011999999998576e-09
1.957247872740000005e+01 5.821495999999999767e-09
1.960587886169999905e+01 4.047582000000000013e-09
1.963927899609999983e+01 5.743484000000000140e-09
1.967267913039999883e+01 7.658616000000000967e-09
1.970607926479999961e+01 7.467339999999999155e-09
1.973947939909999860e+01 6.065516000000000750e-09
1.977287953349999938e+01 6.077072000000000208e-09
1.980627966779999838e+01 6.956620000000000323e-09
1.983967980219999916e+01 4.782443999999999496e-09
1.987307993650000171e+01 6.485559999999998023e-09
1.990648007089999894e+01 5.749879999999998346e-09
1.993988020520000148e+01 4.123024000000000134e-09
1.997328033959999871e+01 5.187907999999998666e-09
2.000668047390000126e+01 5.650830000000000017e-09
2.004008060829999849e+01 4.307117999999999684e-09
2.007348074260000104e+01 9.302080000000000204e-09
2.010688087690000003e+01 1.203550000000000212e-08
2.014028101130000081e+01 1.445440000000000005e-08
2.017368114559999981e+01 1.431559999999999883e-08
2.020708128000000059e+01 8.981019999999999247e-09
2.024048141429999959e+01 3.625824000000000651e-09
2.027388154870000037e+01 1.243357999999999916e-09
2.030728168299999936e+01 4.598603999999999850e-09
2.034068181740000014e+01 6.344700000000000228e-09
2.037408195169999914e+01 9.524859999999999304e-09
2.040748208609999992e+01 7.337699999999999590e-09
2.044088222039999891e+01 6.143043999999999120e-09
2.047428235479999969e+01 3.809327999999999897e-09
2.050768248909999869e+01 -2.209540000000001864e-10
2.054108262349999947e+01 -4.849180000000002067e-10
2.057448275779999847e+01 4.634780000000000822e-09
2.060788289219999925e+01 8.617415999999997283e-09
2.064128302649999824e+01 9.796459999999999897e-09
2.067468316080000079e+01 7.860279999999998834e-09
2.070808329520000157e+01 5.806016000000000147e-09
2.074148342950000057e+01 3.851909999999999781e-09
2.077488356390000135e+01 6.532119999999998739e-09
2.080828369820000034e+01 5.835196000000000247e-09
2.084168383260000113e+01 5.582427999999999905e-09
2.087508396690000012e+01 3.742233999999999839e-09
2.090848410130000090e+01 3.668433999999999535e-09
2.094188423559999990e+01 1.505659999999999948e-10
2.097528437000000068e+01 4.449753999999999480e-09
2.100868450429999967e+01 6.021291999999999394e-09
2.104208463870000045e+01 8.304119999999997996e-09
2.107548477299999945e+01 6.114987999999999977e-09
2.110888490740000023e+01 5.050340000000003055e-10
2.114228504169999923e+01 5.707029999999999885e-09
2.117568517610000001e+01 4.519609999999999864e-09
2.120908531039999900e+01 4.745822000000000282e-09
2.124248544470000155e+01 4.365251999999999806e-09
2.127588557909999878e+01 3.182495999999999677e-09
2.130928571340000133e+01 5.842295999999998702e-09
2.134268584779999856e+01 3.234767999999999350e-09
2.137608598210000110e+01 1.198680000000000042e-09
2.140948611649999833e+01 4.128997999999999476e-09
2.144288625080000088e+01 6.374259999999999038e-09
2.147628638520000166e+01 4.966299999999999280e-09
2.150968651950000066e+01 5.010626000000000064e-09
2.154308665390000144e+01 6.903563999999999302e-09
2.157648678820000043e+01 6.349091999999999854e-09
2.160988692260000121e+01 3.817451999999999692e-09
2.164328705690000021e+01 4.252868000000000208e-09
2.167668719130000099e+01 3.433822000000000263e-09
2.171008732559999999e+01 4.812298000000000208e-09
2.174348746000000077e+01 5.515988000000000701e-09
2.177688759429999976e+01 2.677349999999999652e-09
2.181028772859999876e+01 2.926499999999999769e-09
2.184368786299999954e+01 3.818640000000000371e-09
2.187708799729999853e+01 3.872055999999999517e-09
2.191048813169999931e+01 2.707398000000000167e-09
2.194388826599999831e+01 5.210810000000000124e-09
2.197728840039999909e+01 5.494983999999999602e-09
2.201068853470000164e+01 4.993655999999999449e-09
2.204408866909999887e+01 3.554863999999999068e-09
2.207748880340000142e+01 2.887575999999999211e-09
2.211088893779999864e+01 3.740316000000000549e-09
2.214428907210000119e+01 3.816045999999999004e-09
2.217768920649999842e+01 3.021366000000000256e-09
2.221108934080000097e+01 5.700669999999999092e-09
2.224448947520000175e+01 4.794675999999999377e-09
2.227788960950000074e+01 3.408273999999999474e-09
2.231128974390000153e+01 2.914731999999999732e-09
2.234468987820000052e+01 2.812863999999999769e-09
2.237809001249999952e+01 4.781886000000000293e-09
2.241149014690000030e+01 4.070389999999999631e-09
2.244489028119999929e+01 4.501649999999999649e-09
2.247829041560000007e+01 4.260409999999999767e-09
2.251169054989999907e+01 3.441905999999999715e-09
2.254509068429999985e+01 3.356895999999999820e-09
2.257849081859999885e+01 3.948639999999999715e-09
2.261189095299999963e+01 4.500477999999999935e-09
2.264529108729999862e+01 3.336288000000000050e-09
2.267869122169999940e+01 3.438967999999999947e-09
2.271209135599999840e+01 2.941067999999999423e-09
2.274549149039999918e+01 3.341588000000000021e-09
2.277889162470000173e+01 5.166583999999999785e-09
2.281229175909999896e+01 4.801693999999999818e-09
2.284569189340000150e+01 4.368957999999999959e-09
2.287909202779999873e+01 4.683557999999999679e-09
2.291249216210000128e+01 3.756846000000000698e-09
2.294589229640000028e+01 3.652002000000000020e-09
2.297929243080000106e+01 4.884102000000000346e-09
2.301269256510000005e+01 5.462327999999999875e-09
2.304609269950000083e+01 3.749804000000000051e-09
2.307949283379999983e+01 3.924245999999999934e-09
2.311289296820000061e+01 3.914019999999999270e-09
2.314629310249999961e+01 3.649236000000000074e-09
2.317969323690000039e+01 2.225433999999999452e-09
2.321309337119999938e+01 2.782283999999999654e-09
2.324649350560000016e+01 2.764663999999999460e-09
2.327989363989999916e+01 4.090593999999999657e-09
2.331329377429999994e+01 4.082513999999998999e-09
2.334669390859999893e+01 3.414567999999999494e-09
2.338009404299999971e+01 2.608639999999999793e-09
2.341349417729999871e+01 3.751748000000000185e-09
2.344689431169999949e+01 4.987145999999999644e-09
2.348029444599999849e+01 4.230957999999999815e-09
2.351369458030000104e+01 4.580884000000000039e-09
2.354709471469999826e+01 4.550782000000000509e-09
2.358049484900000081e+01 4.403354000000000964e-09
2.361389498340000159e+01 4.230888000000000662e-09
2.364729511770000059e+01 3.517490000000000020e-09
2.368069525210000137e+01 3.085207999999999713e-09
2.371409538640000036e+01 3.855293999999999860e-09
2.374749552080000115e+01 3.623217999999999595e-09
2.378089565510000014e+01 4.290504000000000056e-09
2.381429578950000092e+01 4.119209999999999468e-09
2.384769592379999992e+01 3.566068000000000056e-09
2.388109605820000070e+01 3.587645999999999255e-09
2.391449619249999969e+01 3.315959999999999373e-09
2.394789632690000047e+01 3.084611999999999977e-09
2.398129646119999947e+01 3.560506000000000112e-09
2.401469659560000025e+01 4.051470000000000279e-09
2.404809672989999925e+01 3.892307999999998301e-09
2.408149686419999824e+01 3.663770000000000057e-09
2.411489699859999902e+01 3.842586000000000445e-09
2.414829713290000157e+01 3.484711999999999454e-09
2.418169726729999880e+01 3.872266000000000285e-09
2.421509740160000135e+01 4.033336000000000019e-09
2.424849753599999858e+01 3.750384000000000477e-09
2.428189767030000112e+01 3.630205999999999985e-09
2.431529780469999835e+01 3.487272000000000321e-09
2.434869793900000090e+01 3.140630000000000145e-09
2.438209807340000168e+01 3.558881999999999829e-09
2.441549820770000068e+01 3.970384000000000131e-09
2.444889834210000146e+01 4.207595999999999787e-09
2.448229847640000045e+01 3.896973999999999244e-09
2.451569861080000123e+01 3.143913999999999779e-09
2.454909874510000023e+01 2.925575999999999700e-09
2.458249887950000101e+01 4.099669999999999348e-09
2.461589901380000001e+01 3.756437999999999679e-09
2.464929914809999900e+01 3.199907999999999327e-09
2.468269928249999978e+01 3.639237999999999712e-09
2.471609941679999878e+01 3.399027999999999773e-09
2.474949955119999956e+01 2.958324000000000216e-09
2.478289968549999855e+01 3.633145999999999977e-09
2.481629981989999933e+01 3.890379999999999960e-09
2.484969995419999833e+01 4.273039999999999960e-09
2.488310008859999911e+01 3.953320000000000158e-09
2.491650022290000166e+01 3.092261999999999635e-09
2.494990035729999889e+01 3.348218000000000028e-09
2.498330049160000144e+01 3.782658000000000029e-09
2.501670062599999866e+01 3.912043999999999690e-09
2.505010076030000121e+01 3.472516000000000295e-09
2.508350089469999844e+01 3.577603999999999757e-09
2.511690102900000099e+01 3.760648000000000019e-09
2.515030116340000177e+01 3.777894000000000106e-09
2.518370129770000077e+01 3.151467999999999441e-09
2.521710143199999976e+01 3.220433999999999428e-09
2.525050156640000054e+01 3.533049999999999499e-09
2.528390170069999954e+01 3.386625999999999881e-09
2.531730183510000032e+01 3.290841999999999998e-09
2.535070196939999931e+01 3.589717999999999659e-09
2.538410210380000009e+01 3.534658000000000058e-09
2.541750223809999909e+01 3.250005999999999582e-09
2.545090237249999987e+01 3.459793999999999726e-09
2.548430250679999887e+01 3.829658000000000384e-09
2.551770264119999965e+01 3.156840000000000030e-09
2.555110277549999864e+01 3.286097999999999420e-09
2.558450290989999942e+01 3.394362000000000071e-09
2.561790304419999842e+01 3.785145999999999039e-09
2.565130317859999920e+01 3.533999999999999584e-09
2.568470331290000175e+01 2.998790000000000147e-09
2.571810344729999898e+01 3.453080000000000239e-09
2.575150358160000152e+01 4.019491999999999958e-09
2.578490371599999875e+01 3.383889999999999572e-09
2.581830385030000130e+01 3.224191999999999613e-09
2.585170398460000030e+01 3.790911999999999079e-09
2.588510411900000108e+01 3.737733999999999699e-09
2.591850425330000007e+01 3.305199999999999712e-09
2.595190438770000085e+01 3.356541999999999471e-09
2.598530452199999985e+01 3.389464000000000446e-09
2.601870465640000063e+01 3.121413999999999495e-09
2.605210479069999963e+01 3.479019999999999842e-09
2.608550492510000041e+01 3.586982000000000177e-09
2.611890505939999940e+01 3.386016000000000646e-09
2.615230519380000018e+01 3.263270000000000044e-09
2.618570532809999918e+01 3.261019999999999147e-09
2.621910546249999996e+01 3.455389999999999997e-09
2.625250559679999895e+01 3.563604000000000012e-09
2.628590573119999974e+01 3.326337999999999686e-09
2.631930586549999873e+01 3.472120000000000207e-09
2.635270599989999951e+01 3.357093999999999657e-09
2.638610613419999851e+01 3.385623999999999764e-09
2.641950626850000106e+01 3.323328000000000541e-09
2.645290640289999828e+01 3.332468000000000367e-09
2.648630653720000083e+01 3.522621999999999791e-09
2.651970667160000161e+01 3.194675999999999526e-09
2.655310680590000061e+01 3.352305999999999942e-09
2.658650694030000139e+01 3.426048000000000368e-09
2.661990707460000039e+01 3.403245999999999768e-09
2.665330720900000117e+01 3.257067999999999986e-09
2.668670734330000016e+01 3.365281999999999174e-09
2.672010747770000094e+01 3.351858000000000235e-09
2.675350761199999994e+01 3.315671999999999384e-09
2.678690774640000072e+01 3.289227999999999594e-09
2.682030788069999971e+01 3.293639999999999806e-09
2.685370801510000049e+01 3.155548000000000113e-09
2.688710814939999949e+01 3.232111999999999726e-09
2.692050828380000027e+01 3.392353999999999802e-09
2.695390841809999927e+01 3.359929999999999584e-09
2.698730855239999826e+01 3.363779999999999317e-09
2.702070868679999904e+01 3.310551999999999716e-09
2.705410882110000159e+01 3.239397999999999570e-09
2.708750895549999882e+01 3.261924000000000284e-09
2.712090908980000137e+01 3.289039999999999635e-09
2.715430922419999860e+01 3.277291999999999771e-09
2.718770935850000114e+01 3.148323999999999767e-09
2.722110949289999837e+01 3.484678000000000196e-09
2.725450962720000092e+01 3.291665999999999208e-09
2.728790976160000170e+01 3.131835999999999358e-09
2.732130989590000070e+01 3.388014000000000621e-09
2.735471003030000148e+01 3.303897999999999503e-09
2.738811016460000047e+01 3.413044000000000482e-09
2.742151029900000125e+01 3.167396000000000009e-09
2.745491043330000025e+01 3.226185999999999141e-09
2.748831056770000103e+01 3.158113999999999999e-09
2.752171070200000003e+01 3.185177999999999731e-09
2.755511083629999902e+01 3.127903999999999542e-09
2.758851097069999980e+01 3.293260000000000268e-09
2.762191110499999880e+01 3.362965999999999572e-09
2.765531123939999958e+01 3.302417999999999214e-09
2.768871137369999857e+01 3.108399999999999730e-09
2.772211150809999936e+01 3.221830000000000650e-09
2.775551164239999835e+01 3.230583999999999439e-09
2.778891177679999913e+01 3.185675999999999660e-09
2.782231191110000168e+01 3.216412000000000287e-09
2.785571204549999891e+01 3.311929999999999336e-09
2.788911217980000146e+01 3.177661999999999361e-09
2.792251231419999868e+01 3.259615999999999924e-09
2.795591244850000123e+01 3.077481999999999817e-09
2.798931258289999846e+01 3.186078000000000420e-09
2.802271271720000101e+01 3.116325999999999688e-09
2.805611285159999824e+01 3.131333999999999808e-09
2.808951298590000079e+01 3.265937999999999357e-09
2.812291312019999978e+01 3.194319999999999367e-09
2.815631325460000056e+01 3.227651999999999516e-09
2.818971338889999956e+01 3.224548000000000185e-09
2.822311352330000034e+01 3.162225999999999705e-09
2.825651365759999933e+01 3.183691999999999184e-09
2.828991379200000011e+01 3.086083999999999783e-09
2.832331392629999911e+01 3.188921999999999589e-09
2.835671406069999989e+01 3.145269999999999417e-09
2.839011419499999889e+01 3.159385999999999744e-09
2.842351432939999967e+01 3.227415999999999973e-09
2.845691446369999866e+01 3.153902000000000262e-09
2.849031459809999944e+01 3.126127999999999609e-09
2.852371473239999844e+01 3.118957999999999519e-09
2.855711486679999922e+01 3.133599999999999601e-09
2.859051500110000177e+01 3.157893999999999766e-09
2.862391513549999900e+01 3.124683999999999629e-09
2.865731526980000154e+01 3.122229999999999464e-09
2.869071540410000054e+01 3.075314000000000243e-09
2.872411553850000132e+01 3.102957999999999574e-09
2.875751567280000032e+01 3.151005999999999820e-09
2.879091580720000110e+01 3.139145999999999408e-09
2.882431594150000009e+01 3.090085999999999166e-09
2.885771607590000087e+01 3.039229999999999647e-09
2.889111621019999987e+01 3.107125999999999761e-09
2.892451634460000065e+01 3.165074000000000148e-09
2.895791647889999965e+01 3.164770000000000022e-09
2.899131661330000043e+01 3.114875999999999863e-09
2.902471674759999942e+01 3.099935999999999913e-09
2.905811688200000020e+01 3.112017999999999541e-09
2.909151701629999920e+01 3.068360000000000352e-09
2.912491715069999998e+01 3.071047999999999423e-09
2.915831728499999898e+01 3.063129999999999947e-09
2.919171741939999976e+01 3.067889999999999836e-09
2.922511755369999875e+01 3.159989999999999549e-09
2.925851768800000130e+01 3.079091999999999359e-09
2.929191782239999853e+01 3.048848000000000058e-09
2.932531795670000108e+01 3.022244000000000136e-09
2.935871809109999830e+01 3.066207999999999675e-09
2.939211822540000085e+01 3.103979999999999863e-09
2.942551835980000163e+01 3.074009999999999810e-09
2.945891849410000063e+01 3.048868000000000229e-09
2.949231862850000141e+01 3.027799999999999822e-09
2.952571876280000041e+01 3.055359999999999673e-09
2.955911889720000119e+01 3.043419999999999816e-09
2.959251903150000018e+01 3.062946000000000023e-09
2.962591916590000096e+01 3.035051999999999995e-09
2.965931930019999996e+01 2.992339999999999616e-09
2.969271943460000074e+01 3.012628000000000363e-09
2.972611956889999973e+01 3.050431999999999584e-09
2.975951970330000051e+01 2.999528000000000067e-09
2.979291983759999951e+01 3.029383999999999762e-09
2.982631997189999851e+01 3.042780000000000116e-09
2.985972010629999929e+01 3.033041999999999916e-09
2.989312024059999828e+01 3.053902000000000194e-09
2.992652037499999906e+01 3.009696000000000026e-09
2.995992050930000161e+01 2.995399999999999810e-09
2.999332064369999884e+01 2.988897999999999660e-09
3.002672077800000139e+01 3.048037999999999933e-09
3.006012091239999862e+01 3.008401999999999885e-09
3.009352104670000116e+01 3.031618000000000108e-09
3.012692118109999839e+01 3.006030000000000217e-09
3.016032131540000094e+01 3.025765999999999951e-09
3.019372144980000172e+01 2.945229999999999765e-09
3.022712158410000072e+01 2.994647999999999976e-09
3.026052171850000150e+01 2.973525999999999726e-09
3.029392185280000049e+01 2.944636000000000253e-09
3.032732198720000127e+01 2.990903999999999705e-09
3.036072212150000027e+01 3.034244000000000095e-09
3.039412225579999927e+01 3.002495999999999472e-09
3.042752239020000005e+01 2.977206000000000276e-09
3.046092252449999904e+01 3.008667999999999893e-09
3.049432265889999982e+01 2.963659999999999256e-09
3.052772279319999882e+01 2.953777999999999475e-09
3.056112292759999960e+01 2.942488000000000438e-09
3.059452306189999859e+01 2.960425999999999844e-09
3.062792319629999938e+01 2.981767999999999500e-09
3.066132333059999837e+01 2.971925999999999649e-09
3.069472346499999915e+01 2.953151999999999689e-09
3.072812359930000170e+01 2.933243999999999306e-09
3.076152373369999893e+01 2.926672000000000003e-09
3.079492386800000148e+01 2.939138000000000030e-09
3.082832400239999870e+01 2.963157999999999705e-09
3.086172413670000125e+01 2.933306000000000045e-09
3.089512427109999848e+01 2.911212000000000141e-09
3.092852440540000103e+01 2.936653999999999814e-09
3.096192453970000003e+01 2.965071999999999788e-09
3.099532467410000081e+01 2.948035999999999641e-09
3.102872480839999980e+01 2.940380000000000138e-09
3.106212494280000058e+01 2.916195999999999884e-09
3.109552507709999958e+01 2.945444000000000153e-09
3.112892521150000036e+01 2.909143999999999772e-09
3.116232534579999935e+01 2.912737999999999791e-09
3.119572548020000013e+01 2.924078000000000291e-09
3.122912561449999913e+01 2.869788000000000058e-09
3.126252574889999991e+01 2.919732000000000439e-09
3.129592588319999891e+01 2.918806000000000146e-09
3.132932601759999969e+01 2.916169999999999867e-09
3.136272615189999868e+01 2.901318000000000258e-09
3.139612628629999946e+01 2.897408000000000010e-09
3.142952642059999846e+01 2.913138000000000327e-09
3.146292655499999924e+01 2.904381999999999659e-09
3.149632668929999824e+01 2.903793999999999992e-09
3.152972682360000078e+01 2.894865999999999503e-09
3.156312695800000157e+01 2.925244000000000161e-09
3.159652709230000056e+01 2.892557999999999556e-09
3.162992722670000134e+01 2.883205999999999566e-09
3.166332736100000034e+01 2.902432000000000509e-09
3.169672749540000112e+01 2.884804000000000247e-09
3.173012762970000011e+01 2.884611999999999840e-09
3.176352776410000089e+01 2.860161999999999578e-09
3.179692789839999989e+01 2.862461999999999870e-09
3.183032803280000067e+01 2.865039999999999445e-09
3.186372816709999967e+01 2.890661999999999835e-09
3.189712830150000045e+01 2.850993999999999926e-09
3.193052843579999944e+01 2.879665999999999804e-09
3.196392857020000022e+01 2.852192000000000070e-09
3.199732870449999922e+01 2.877372000000000184e-09
3.203072883890000355e+01 2.876223999999999848e-09
3.206412897319999900e+01 2.845437999999999827e-09
3.209752910750000154e+01 2.850435999999999896e-09
3.213092924189999877e+01 2.863111999999999449e-09
3.216432937620000132e+01 2.852581999999999900e-09
3.219772951059999855e+01 2.850535999999999513e-09
3.223112964490000110e+01 2.833846000000000059e-09
3.226452977929999832e+01 2.844723999999999699e-09
3.229792991360000087e+01 2.838309999999999890e-09
3.233133004799999810e+01 2.839147999999999428e-09
3.236473018230000065e+01 2.842777999999999755e-09
3.239813031669999788e+01 2.828853999999999835e-09
3.243153045100000043e+01 2.834883999999999658e-09
3.246493058539999765e+01 2.828932000000000297e-09
3.249833071970000020e+01 2.834275999999999405e-09
3.253173085409999743e+01 2.825627999999999664e-09
3.256513098839999998e+01 2.827321999999999514e-09
3.259853112279999721e+01 2.826945999999999597e-09
3.263193125709999975e+01 2.820169999999999785e-09
3.266533139140000230e+01 2.815634000000000164e-09
3.269873152579999953e+01 2.813275999999999581e-09
3.273213166010000208e+01 2.822547999999999712e-09
3.276553179449999931e+01 2.812952000000000111e-09
3.279893192880000186e+01 2.791941999999999994e-09
3.283233206319999908e+01 2.806999999999999509e-09
3.286573219750000163e+01 2.810414000000000052e-09
3.289913233189999886e+01 2.809639999999999823e-09
3.293253246620000141e+01 2.806771999999999621e-09
3.296593260059999864e+01 2.799482000000000156e-09
3.299933273490000118e+01 2.801694000000000107e-09
3.303273286929999841e+01 2.798951999999999539e-09
3.306613300360000096e+01 2.780111999999999633e-09
3.309953313799999819e+01 2.800042000000000411e-09
3.313293327230000074e+01 2.791244000000000003e-09
3.316633340669999797e+01 2.783122000000000018e-09
3.319973354100000051e+01 2.782150000000000365e-09
3.323313367539999774e+01 2.788792000000000062e-09
3.326653380970000029e+01 2.776902000000000013e-09
3.329993394400000284e+01 2.774627999999999737e-09
3.333333407840000007e+01 2.780084000000000220e-09
3.336673421270000262e+01 2.775985999999999599e-09
3.340013434709999984e+01 2.775387999999999639e-09
3.343353448140000239e+01 2.773394000000000111e-09
3.346693461579999962e+01 2.774412000000000366e-09
3.350033475010000217e+01 2.761907999999999392e-09
3.353373488449999940e+01 2.775558000000000064e-09
3.356713501880000194e+01 2.769457999999999847e-09
3.360053515319999917e+01 2.768422000000000059e-09
3.363393528750000172e+01 2.755497999999999618e-09
3.366733542189999895e+01 2.747700000000000345e-09
3.370073555620000150e+01 2.755957999999999428e-09
3.373413569059999872e+01 2.752462000000000043e-09
3.376753582490000127e+01 2.764271999999999820e-09
3.380093595929999850e+01 2.753344000000000372e-09
3.383433609360000105e+01 2.748326000000000131e-09
3.386773622789999649e+01 2.745009999999999809e-09
3.390113636230000083e+01 2.746541999999999716e-09
3.393453649660000337e+01 2.741785999999999449e-09
3.396793663100000060e+01 2.739324000000000042e-09
3.400133676530000315e+01 2.729424000000000314e-09
3.403473689970000038e+01 2.737857999999999667e-09
3.406813703400000293e+01 2.736119999999999853e-09
3.410153716840000016e+01 2.731416000000000032e-09
3.413493730270000270e+01 2.723315999999999615e-09
3.416833743709999993e+01 2.724147999999999721e-09
3.420173757140000248e+01 2.733193999999999361e-09
3.423513770579999971e+01 2.733506000000000383e-09
3.426853784010000226e+01 2.727525999999999541e-09
3.430193797449999948e+01 2.727148000000000228e-09
3.433533810880000203e+01 2.720995999999999979e-09
3.436873824319999926e+01 2.718878000000000214e-09
3.440213837750000181e+01 2.715633999999999682e-09
3.443553851179999725e+01 2.717293999999999860e-09
3.446893864620000159e+01 2.715497999999999343e-09
3.450233878049999703e+01 2.709977999999999966e-09
3.453573891490000136e+01 2.713783999999999735e-09
3.456913904919999680e+01 2.709829999999999523e-09
3.460253918360000114e+01 2.709263999999999424e-09
3.463593931789999658e+01 2.701303999999999795e-09
3.466933945230000091e+01 2.706637999999999437e-09
3.470273958660000346e+01 2.699929999999999382e-09
3.473613972100000069e+01 2.693028000000000350e-09
3.476953985530000324e+01 2.702429999999999735e-09
3.480293998970000047e+01 2.698977999999999900e-09
3.483634012400000302e+01 2.693904000000000006e-09
3.486974025840000024e+01 2.694378000000000557e-09
3.490314039270000279e+01 2.689464000000000382e-09
3.493654052710000002e+01 2.689931999999999847e-09
3.496994066140000257e+01 2.690207999999999733e-09
3.500334079569999801e+01 2.687651999999999726e-09
3.503674093010000234e+01 2.688015999999999954e-09
3.507014106439999779e+01 2.680185999999999992e-09
3.510354119880000212e+01 2.680438000000000086e-09
3.513694133309999756e+01 2.678871999999999680e-09
3.517034146750000190e+01 2.675919999999999585e-09
3.520374160179999734e+01 2.674567999999999568e-09
3.523714173620000167e+01 2.677971999999999404e-09
3.527054187049999712e+01 2.675537999999999824e-09
3.530394200490000145e+01 2.669424000000000107e-09
3.533734213919999689e+01 2.668953999999999591e-09
3.537074227360000123e+01 2.669017999999999727e-09
3.540414240789999667e+01 2.666911999999999651e-09
3.543754254230000100e+01 2.664416000000000160e-09
3.547094267660000355e+01 2.663591999999999708e-09
3.550434281100000078e+01 2.659229999999999719e-09
3.553774294530000333e+01 2.659846000000000040e-09
3.557114307959999877e+01 2.657671999999999381e-09
3.560454321400000310e+01 2.660854000000000002e-09
3.563794334829999855e+01 2.655335999999999608e-09
3.567134348270000288e+01 2.650229999999999853e-09
3.570474361699999832e+01 2.648669999999999705e-09
3.573814375140000266e+01 2.653259999999999997e-09
3.577154388569999810e+01 2.648973999999999832e-09
3.580494402010000243e+01 2.645524000000000221e-09
3.583834415439999788e+01 2.649373999999999541e-09
3.587174428880000221e+01 2.648862000000000112e-09
3.590514442309999765e+01 2.642209999999999709e-09
3.593854455750000199e+01 2.638493999999999678e-09
3.597194469179999743e+01 2.641400000000000412e-09
3.600534482620000176e+01 2.637879999999999580e-09
3.603874496049999721e+01 2.635525999999999446e-09
3.607214509490000154e+01 2.634629999999999617e-09
3.610554522919999698e+01 2.634119999999999999e-09
3.613894536349999953e+01 2.635088000000000031e-09
3.617234549789999676e+01 2.632327999999999515e-09
3.620574563219999931e+01 2.630846000000000243e-09
3.623914576659999653e+01 2.626406000000000205e-09
3.627254590089999908e+01 2.626360000000000017e-09
3.630594603530000342e+01 2.623293999999999978e-09
3.633934616959999886e+01 2.625457999999999931e-09
3.637274630400000319e+01 2.623348000000000235e-09
3.640614643829999864e+01 2.618152000000000328e-09
3.643954657270000297e+01 2.618704000000000101e-09
3.647294670699999841e+01 2.619816000000000127e-09
3.650634684140000275e+01 2.618537999999999711e-09
3.653974697569999819e+01 2.617009999999999837e-09
3.657314711010000252e+01 2.610463999999999724e-09
3.660654724439999796e+01 2.612493999999999974e-09
3.663994737880000230e+01 2.611114000000000130e-09
3.667334751309999774e+01 2.610231999999999802e-09
3.670674764740000029e+01 2.607829999999999669e-09
3.674014778179999752e+01 2.606509999999999512e-09
3.677354791610000007e+01 2.602723999999999914e-09
3.680694805049999729e+01 2.602623999999999470e-09
3.684034818479999984e+01 2.602587999999999574e-09
3.687374831919999707e+01 2.599101999999999655e-09
3.690714845349999962e+01 2.596389999999999965e-09
3.694054858789999685e+01 2.595266000000000248e-09
3.697394872219999939e+01 2.595660000000000113e-09
3.700734885659999662e+01 2.596681999999999988e-09
3.704074899089999917e+01 2.595076000000000066e-09
3.707414912530000350e+01 2.592769999999999929e-09
3.710754925959999895e+01 2.594025999999999951e-09
3.714094939400000328e+01 2.591299999999999520e-09
3.717434952829999872e+01 2.586297999999999830e-09
3.720774966270000306e+01 2.585939999999999861e-09
3.724114979699999850e+01 2.587405999999999823e-09
3.727454993130000105e+01 2.585292000000000092e-09
3.730795006569999828e+01 2.583097999999999676e-09
3.734135020000000083e+01 2.583303999999999995e-09
3.737475033439999805e+01 2.581343999999999725e-09
3.740815046870000060e+01 2.578122000000000002e-09
3.744155060309999783e+01 2.580017999999999724e-09
3.747495073740000038e+01 2.578542000000000297e-09
3.750835087179999761e+01 2.572987999999999594e-09
3.754175100610000015e+01 2.571605999999999939e-09
3.757515114049999738e+01 2.572140000000000177e-09
3.760855127479999993e+01 2.571093999999999683e-09
3.764195140919999716e+01 2.570269999999999232e-09
3.767535154349999971e+01 2.568948000000000092e-09
3.770875167789999693e+01 2.566702000000000056e-09
3.774215181219999948e+01 2.568737999999999738e-09
3.777555194659999671e+01 2.566069999999999598e-09
3.780895208089999926e+01 2.562223999999999899e-09
3.784235221520000181e+01 2.563547999999999676e-09
3.787575234959999904e+01 2.562274000000000121e-09
3.790915248390000158e+01 2.559317999999999992e-09
3.794255261829999881e+01 2.560547999999999583e-09
3.797595275260000136e+01 2.561977999999999649e-09
3.800935288699999859e+01 2.556889999999999842e-09
3.804275302130000114e+01 2.555057999999999429e-09
3.807615315569999836e+01 2.553684000000000257e-09
3.810955329000000091e+01 2.549447999999999901e-09
3.814295342439999814e+01 2.548469999999999576e-09
3.817635355870000069e+01 2.550175999999999942e-09
3.820975369309999792e+01 2.550639999999999786e-09
3.824315382740000047e+01 2.548382000000000062e-09
3.827655396179999769e+01 2.544226000000000392e-09
3.830995409610000024e+01 2.544469999999999590e-09
3.834335423049999747e+01 2.543397999999999492e-09
3.837675436480000002e+01 2.542489999999999561e-09
3.841015449910000257e+01 2.544661999999999996e-09
3.844355463349999980e+01 2.544341999999999732e-09
3.847695476780000234e+01 2.539436000000000039e-09
3.851035490219999957e+01 2.538539999999999797e-09
3.854375503650000212e+01 2.538685999999999189e-09
3.857715517089999935e+01 2.534957999999999881e-09
3.861055530520000190e+01 2.533135999999999761e-09
3.864395543959999912e+01 2.532023999999999321e-09
3.867735557390000167e+01 2.534372000000000024e-09
3.871075570829999890e+01 2.531212000000000213e-09
3.874415584260000145e+01 2.527797999999999670e-09
3.877755597699999868e+01 2.527467999999999528e-09
3.881095611130000123e+01 2.530315999999999971e-09
3.884435624569999845e+01 2.527779999999999723e-09
3.887775638000000100e+01 2.523641999999999587e-09
3.891115651439999823e+01 2.527541999999999542e-09
3.894455664870000078e+01 2.524745999999999958e-09
3.897795678300000333e+01 2.521117999999999855e-09
3.901135691740000055e+01 2.522489999999999217e-09
3.904475705170000310e+01 2.525003999999999897e-09
3.907815718610000033e+01 2.518998000000000280e-09
3.911155732040000288e+01 2.516829999999999466e-09
3.914495745480000011e+01 2.520901999999999656e-09
3.917835758910000266e+01 2.517977999999999801e-09
3.921175772349999988e+01 2.514091999999999759e-09
3.924515785780000243e+01 2.511465999999999773e-09
3.927855799219999966e+01 2.511665999999999834e-09
3.931195812650000221e+01 2.512364000000000238e-09
3.934535826089999944e+01 2.510551999999999997e-09
3.937875839520000198e+01 2.508047999999999609e-09
3.941215852959999921e+01 2.508419999999999492e-09
3.944555866390000176e+01 2.507573999999999886e-09
3.947895879829999899e+01 2.505208000000000062e-09
3.951235893260000154e+01 2.507209999999999245e-09
3.954575906689999698e+01 2.507933999999999665e-09
3.957915920130000131e+01 2.502303999999999551e-09
3.961255933559999676e+01 2.501243999999999971e-09
3.964595947000000109e+01 2.503825999999999993e-09
3.967935960429999653e+01 2.501289999999999745e-09
3.971275973870000087e+01 2.497375999999999876e-09
3.974615987300000342e+01 2.499583999999999379e-09
3.977956000740000064e+01 2.499360000000000352e-09
3.981296014170000319e+01 2.495958000000000326e-09
3.984636027610000042e+01 2.495143999999999754e-09
3.987976041040000297e+01 2.494873999999999712e-09
3.991316054480000020e+01 2.493184000000000311e-09
3.994656067910000274e+01 2.491538000000000046e-09
3.997996081349999997e+01 2.491602000000000181e-09
4.001336094780000252e+01 2.489624000000000377e-09
4.004676108219999975e+01 2.485976000000000102e-09
4.008016121650000230e+01 2.487417999999999857e-09
4.011356135079999774e+01 2.489589999999999878e-09
4.014696148520000207e+01 2.486011999999999997e-09
4.018036161949999752e+01 2.485515999999999878e-09
4.021376175390000185e+01 2.486711999999999384e-09
4.024716188819999729e+01 2.486038000000000427e-09
4.028056202260000163e+01 2.482397999999999806e-09
4.031396215689999707e+01 2.480027999999999534e-09
4.034736229130000140e+01 2.481517999999999702e-09
4.038076242559999685e+01 2.481293999999999435e-09
4.041416256000000118e+01 2.480610000000000184e-09
4.044756269429999662e+01 2.479342000000000060e-09
4.048096282870000095e+01 2.478574000000000089e-09
4.051436296300000350e+01 2.475320000000000092e-09
4.054776309740000073e+01 2.474644000000000083e-09
4.058116323170000328e+01 2.476065999999999667e-09
4.061456336610000051e+01 2.471514000000000323e-09
4.064796350040000306e+01 2.469638000000000359e-09
4.068136363480000028e+01 2.472449999999999667e-09
4.071476376910000283e+01 2.472606000000000178e-09
4.074816390339999828e+01 2.469111999999999776e-09
4.078156403780000261e+01 2.468321999999999823e-09
4.081496417209999805e+01 2.467297999999999724e-09
4.084836430650000239e+01 2.467174000000000315e-09
4.088176444079999783e+01 2.465813999999999401e-09
4.091516457520000216e+01 2.466031999999999824e-09
4.094856470949999760e+01 2.464119999999999965e-09
4.098196484390000194e+01 2.460398000000000089e-09
4.101536497819999738e+01 2.461603999999999475e-09
4.104876511260000171e+01 2.465225999999999320e-09
4.108216524689999716e+01 2.461943999999999910e-09
4.111556538130000149e+01 2.459491999999999555e-09
4.114896551559999693e+01 2.461448000000000204e-09
4.118236565000000127e+01 2.459906000000000004e-09
4.121576578429999671e+01 2.456432000000000188e-09
4.124916591870000104e+01 2.456441999999999653e-09
4.128256605299999649e+01 2.457987999999999888e-09
4.131596618729999904e+01 2.457399999999999393e-09
4.134936632170000337e+01 2.455517999999999998e-09
4.138276645599999881e+01 2.455065999999999430e-09
4.141616659040000314e+01 2.452457999999999804e-09
4.144956672469999859e+01 2.451738000000000245e-09
4.148296685910000292e+01 2.451370000000000397e-09
4.151636699339999836e+01 2.451620000000000267e-09
4.154976712780000270e+01 2.447233999999999658e-09
4.158316726209999814e+01 2.447055999999999992e-09
4.161656739650000247e+01 2.451030000000000375e-09
4.164996753079999792e+01 2.449489999999999986e-09
4.168336766520000225e+01 2.447611999999999385e-09
4.171676779949999769e+01 2.447963999999999923e-09
4.175016793390000203e+01 2.446137999999999355e-09
4.178356806819999747e+01 2.442211999999999383e-09
4.181696820260000180e+01 2.444530000000000036e-09
4.185036833689999725e+01 2.442358000000000015e-09
4.188376847119999979e+01 2.439093999999999725e-09
4.191716860559999702e+01 2.442938000000000027e-09
4.195056873989999957e+01 2.440501999999999810e-09
4.198396887429999680e+01 2.437489999999999614e-09
4.201736900859999935e+01 2.438511999999999902e-09
4.205076914299999657e+01 2.439287999999999528e-09
4.208416927729999912e+01 2.441050000000000375e-09
4.211756941170000346e+01 2.438745999999999635e-09
4.215096954599999890e+01 2.432559999999999714e-09
4.218436968040000323e+01 2.431819999999999984e-09
4.221776981469999868e+01 2.437267999999999570e-09
4.225116994910000301e+01 2.434529999999999450e-09
4.228457008339999845e+01 2.431870000000000206e-09
4.231797021780000279e+01 2.433541999999999660e-09
4.235137035209999823e+01 2.431917999999999377e-09
4.238477048650000256e+01 2.429949999999999452e-09
4.241817062079999801e+01 2.432093999999999232e-09
4.245157075510000055e+01 2.430413999999999710e-09
4.248497088949999778e+01 2.425375999999999711e-09
4.251837102380000033e+01 2.427158000000000316e-09
4.255177115819999756e+01 2.427345999999999447e-09
4.258517129250000011e+01 2.426883999999999413e-09
4.261857142689999733e+01 2.426817999999999467e-09
4.265197156119999988e+01 2.424101999999999329e-09
4.268537169559999711e+01 2.425683999999999872e-09
4.271877182989999966e+01 2.426817999999999880e-09
4.275217196429999689e+01 2.422750000000000138e-09
4.278557209859999944e+01 2.420037999999999621e-09
4.281897223299999666e+01 2.422593999999999627e-09
4.285237236729999921e+01 2.421309999999999779e-09
4.288577250170000355e+01 2.417473999999999959e-09
4.291917263599999899e+01 2.419833999999999939e-09
4.295257277040000332e+01 2.422224000000000382e-09
4.298597290469999876e+01 2.418782000000000013e-09
4.301937303900000131e+01 2.416979999999999650e-09
4.305277317339999854e+01 2.417743999999999587e-09
4.308617330770000109e+01 2.416797999999999537e-09
4.311957344209999832e+01 2.414481999999999521e-09
4.315297357640000087e+01 2.416344000000000398e-09
4.318637371079999809e+01 2.416457999999999929e-09
4.321977384510000064e+01 2.415263999999999819e-09
4.325317397949999787e+01 2.413588000000000330e-09
4.328657411380000042e+01 2.413982000000000195e-09
4.331997424819999765e+01 2.414875999999999799e-09
4.335337438250000019e+01 2.412395999999999617e-09
4.338677451689999742e+01 2.409639999999999550e-09
4.342017465119999997e+01 2.408211999999999707e-09
4.345357478559999720e+01 2.408519999999999454e-09
4.348697491989999975e+01 2.407207999999999366e-09
4.352037505429999698e+01 2.408056000000000023e-09
4.355377518859999952e+01 2.409571999999999380e-09
4.358717532290000207e+01 2.410079999999999602e-09
4.362057545729999930e+01 2.405671999999999838e-09
4.365397559160000185e+01 2.402512000000000027e-09
4.368737572599999908e+01 2.406746000000000159e-09
4.372077586030000163e+01 2.405416000000000123e-09
4.375417599469999885e+01 2.401763999999999814e-09
4.378757612900000140e+01 2.403685999999999551e-09
4.382097626339999863e+01 2.403071999999999868e-09
4.385437639770000118e+01 2.401071999999999668e-09
4.388777653209999841e+01 2.404737999999999891e-09
4.392117666640000095e+01 2.406894000000000188e-09
4.395457680079999818e+01 2.402132000000000076e-09
4.398797693510000073e+01 2.402393999999999635e-09
4.402137706949999796e+01 2.400361999999999988e-09
4.405477720380000051e+01 2.396677999999999817e-09
4.408817733819999773e+01 2.398258000000000136e-09
4.412157747250000028e+01 2.399166000000000067e-09
4.415497760680000283e+01 2.401149999999999716e-09
4.418837774120000006e+01 2.400851999999999435e-09
4.422177787550000261e+01 2.397801999999999947e-09
4.425517800989999984e+01 2.392349999999999912e-09
4.428857814420000238e+01 2.395083999999999998e-09
4.432197827859999961e+01 2.396607999999999837e-09
4.435537841290000216e+01 2.392535999999999647e-09
4.438877854729999939e+01 2.396113999999999528e-09
4.442217868160000194e+01 2.394477999999999969e-09
4.445557881599999916e+01 2.393083999999999385e-09
4.448897895030000171e+01 2.393295999999999963e-09
4.452237908469999894e+01 2.393077999999999954e-09
4.455577921900000149e+01 2.390041999999999552e-09
4.458917935339999872e+01 2.389125999999999552e-09
4.462257948770000127e+01 2.392383999999999997e-09
4.465597962209999849e+01 2.389749999999999528e-09
4.468937975640000104e+01 2.389345999999999371e-09
4.472277989069999649e+01 2.389157999999999826e-09
4.475618002510000082e+01 2.387332000000000085e-09
4.478958015940000337e+01 2.387790000000000085e-09
4.482298029380000060e+01 2.390534000000000050e-09
4.485638042810000314e+01 2.389867999999999507e-09
4.488978056250000037e+01 2.386277999999999522e-09
4.492318069680000292e+01 2.387603999999999937e-09
4.495658083120000015e+01 2.386411999999999638e-09
4.498998096550000270e+01 2.382971999999999906e-09
4.502338109989999992e+01 2.383237999999999913e-09
4.505678123420000247e+01 2.386246000000000488e-09
4.509018136859999970e+01 2.387715999999999244e-09
4.512358150290000225e+01 2.384475999999999573e-09
4.515698163729999948e+01 2.384519999999999951e-09
4.519038177160000203e+01 2.382903999999999736e-09
4.522378190599999925e+01 2.382376000000000170e-09
4.525718204030000180e+01 2.381209999999999473e-09
4.529058217459999724e+01 2.379658000000000221e-09
4.532398230900000158e+01 2.381523999999999478e-09
4.535738244329999702e+01 2.380310000000000024e-09
4.539078257770000135e+01 2.379532000000000174e-09
4.542418271199999680e+01 2.381101999999999374e-09
4.545758284640000113e+01 2.382509999999999872e-09
4.549098298069999657e+01 2.377893999999999564e-09
4.552438311510000091e+01 2.375229999999999872e-09
4.555778324940000346e+01 2.380602000000000048e-09
4.559118338380000068e+01 2.378803999999999719e-09
4.562458351810000323e+01 2.376591999999999355e-09
4.565798365250000046e+01 2.378993999999999902e-09
4.569138378680000301e+01 2.378879999999999958e-09
4.572478392120000024e+01 2.372861999999999824e-09
4.575818405550000278e+01 2.375446000000000071e-09
4.579158418990000001e+01 2.379163999999999912e-09
4.582498432420000256e+01 2.374979999999999589e-09
4.585838445849999800e+01 2.374778000000000130e-09
4.589178459290000234e+01 2.374357999999999836e-09
4.592518472719999778e+01 2.373987999999999764e-09
4.595858486160000211e+01 2.371289999999999987e-09
4.599198499589999756e+01 2.371841999999999346e-09
4.602538513030000189e+01 2.373516000000000265e-09
4.605878526459999733e+01 2.374836000000000008e-09
4.609218539900000167e+01 2.373491999999999645e-09
4.612558553329999711e+01 2.371875999999999431e-09
4.615898566770000144e+01 2.373907999999999491e-09
4.619238580199999689e+01 2.372485999999999494e-09
4.622578593640000122e+01 2.369863999999999955e-09
4.625918607069999666e+01 2.371569999999999907e-09
4.629258620510000100e+01 2.372825999999999929e-09
4.632598633940000354e+01 2.367809999999999912e-09
4.635938647380000077e+01 2.369183999999999498e-09
4.639278660810000332e+01 2.371573999999999942e-09
4.642618674239999876e+01 2.369933999999999521e-09
4.645958687680000310e+01 2.364944000000000348e-09
4.649298701109999854e+01 2.367254000000000106e-09
4.652638714550000287e+01 2.370460000000000105e-09
4.655978727979999832e+01 2.366749999999999504e-09
4.659318741420000265e+01 2.366323999999999365e-09
4.662658754849999809e+01 2.365368000000000263e-09
4.665998768290000243e+01 2.364611999999999982e-09
4.669338781719999787e+01 2.364937999999999676e-09
4.672678795160000220e+01 2.367097999999999595e-09
4.676018808589999765e+01 2.366408000000000500e-09
4.679358822030000198e+01 2.367215999999999573e-09
4.682698835459999742e+01 2.366429999999999654e-09
4.686038848900000175e+01 2.365348000000000092e-09
4.689378862329999720e+01 2.364718000000000271e-09
4.692718875770000153e+01 2.365747999999999801e-09
4.696058889199999697e+01 2.364373999999999801e-09
4.699398902629999952e+01 2.365323999999999886e-09
4.702738916069999675e+01 2.362425999999999634e-09
4.706078929499999930e+01 2.359535999999999864e-09
4.709418942939999653e+01 2.363041999999999955e-09
4.712758956369999908e+01 2.364690000000000030e-09
4.716098969810000341e+01 2.366059999999999582e-09
4.719438983239999885e+01 2.364883999999999420e-09
4.722778996680000319e+01 2.363066000000000161e-09
4.726119010109999863e+01 2.360601999999999703e-09
4.729459023550000296e+01 2.362453999999999874e-09
4.732799036979999840e+01 2.362609999999999972e-09
4.736139050420000274e+01 2.360669999999999459e-09
4.739479063849999818e+01 2.361659999999999887e-09
4.742819077290000251e+01 2.360601999999999703e-09
4.746159090719999796e+01 2.361647999999999784e-09
4.749499104160000229e+01 2.361021999999999997e-09
4.752839117589999773e+01 2.361706000000000075e-09
4.756179131020000028e+01 2.359650000000000222e-09
4.759519144459999751e+01 2.357719999999999588e-09
4.762859157890000006e+01 2.357795999999999827e-09
4.766199171329999729e+01 2.360101999999999550e-09
4.769539184759999983e+01 2.360137999999999858e-09
4.772879198199999706e+01 2.359198000000000066e-09
4.776219211629999961e+01 2.360104000000000187e-09
4.779559225069999684e+01 2.356486000000000376e-09
4.782899238499999939e+01 2.355276000000000129e-09
4.786239251939999662e+01 2.358508000000000144e-09
4.789579265369999916e+01 2.357750000000000052e-09
4.792919278810000350e+01 2.357614000000000126e-09
4.796259292239999894e+01 2.356537999999999581e-09
4.799599305680000327e+01 2.356357999999999692e-09
4.802939319109999872e+01 2.357920000000000063e-09
4.806279332550000305e+01 2.358686000000000224e-09
4.809619345979999849e+01 2.357216000000000228e-09
4.812959359420000283e+01 2.354895999999999351e-09
4.816299372849999827e+01 2.356473999999999860e-09
4.819639386280000082e+01 2.354643999999999670e-09
4.822979399719999805e+01 2.356891999999999516e-09
4.826319413150000059e+01 2.356184000000000474e-09
4.829659426589999782e+01 2.356314000000000141e-09
4.832999440020000037e+01 2.357361999999999619e-09
4.836339453459999760e+01 2.355229999999999941e-09
4.839679466890000015e+01 2.357821999999999843e-09
4.843019480329999737e+01 2.355257999999999768e-09
4.846359493759999992e+01 2.354657999999999584e-09
4.849699507199999715e+01 2.356071999999999513e-09
4.853039520629999970e+01 2.354671999999999911e-09
4.856379534069999693e+01 2.352953999999999855e-09
4.859719547499999948e+01 2.353769999999999824e-09
4.863059560939999670e+01 2.355047999999999827e-09
4.866399574369999925e+01 2.353046000000000231e-09
4.869739587809999648e+01 2.355123999999999652e-09
4.873079601239999903e+01 2.356143999999999717e-09
4.876419614670000158e+01 2.355129999999999497e-09
4.879759628109999881e+01 2.354496000000000055e-09
4.883099641540000135e+01 2.354716000000000288e-09
4.886439654979999858e+01 2.354226000000000014e-09
4.889779668410000113e+01 2.352398000000000049e-09
4.893119681849999836e+01 2.351453999999999809e-09
4.896459695280000091e+01 2.354845999999999542e-09
4.899799708719999813e+01 2.354619999999999465e-09
4.903139722150000068e+01 2.352112000000000283e-09
4.906479735589999791e+01 2.352091999999999698e-09
4.909819749020000046e+01 2.353906000000000164e-09
4.913159762459999769e+01 2.352635999999999815e-09
4.916499775890000024e+01 2.351971999999999496e-09
4.919839789329999746e+01 2.353721999999999826e-09
4.923179802760000001e+01 2.352359999999999929e-09
4.926519816199999724e+01 2.351027999999999670e-09
4.929859829629999979e+01 2.351494000000000152e-09
4.933199843060000234e+01 2.354208000000000480e-09
4.936539856499999956e+01 2.354090000000000088e-09
4.939879869930000211e+01 2.353290000000000256e-09
4.943219883369999934e+01 2.350921999999999794e-09
4.946559896800000189e+01 2.351803999999999709e-09
4.949899910239999912e+01 2.352845999999999756e-09
4.953239923670000167e+01 2.350587999999999617e-09
4.956579937109999889e+01 2.353823999999999667e-09
4.959919950540000144e+01 2.354434000000000144e-09
4.963259963979999867e+01 2.350885999999999485e-09
4.966599977410000122e+01 2.351953999999999548e-09
4.969939990849999845e+01 2.355457999999999829e-09
4.973280004280000099e+01 2.352127999999999593e-09
4.976620017719999822e+01 2.350925999999999829e-09
4.979960031150000077e+01 2.352479999999999304e-09
4.983300044589999800e+01 2.349659999999999928e-09
4.986640058020000055e+01 2.352032000000000011e-09
4.989980071450000310e+01 2.354166000000000326e-09
4.993320084890000032e+01 2.352553999999999732e-09
4.996660098320000287e+01 2.351827999999999915e-09
5.000000111760000010e+01 2.350317999999999576e-09
