0.000000000000000000e+00 4.207820000000001329e-05
3.364737625679999761e-02 9.206839999999997387e-05
6.729475251359999521e-02 2.918400000000000247e-04
1.009421287700000003e-01 1.370361999999999535e-04
1.345895050270000115e-01 1.481969999999999772e-04
1.682368812839999950e-01 3.571139999999999558e-04
2.018842575410000062e-01 4.846239999999999055e-04
2.355316337979999897e-01 9.337379999999999292e-04
2.691790100540000230e-01 5.874039999999997042e-04
3.028263863110000065e-01 4.156099999999998511e-04
3.364737625679999899e-01 3.331680000000000058e-04
3.701211388249999734e-01 2.174399999999999510e-04
4.037685150809999790e-01 4.102279999999996238e-05
4.374158913380000180e-01 1.369767999999999724e-04
4.710632675950000015e-01 1.801338000000000201e-04
5.047106438520000404e-01 5.467680000000003189e-05
5.383580201090000239e-01 3.667680000000000094e-05
5.720053963650000295e-01 7.048419999999995782e-05
6.056527726220000130e-01 5.343739999999998409e-05
6.393001488789999964e-01 3.618860000000000111e-05
6.729475251359999799e-01 7.938100000000000451e-05
7.065949013929999634e-01 9.984959999999993251e-05
7.402422776489999690e-01 1.173959999999999717e-04
7.738896539059999524e-01 8.180559999999994060e-05
8.075370301630000469e-01 1.002263999999999727e-05
8.411844064200000304e-01 4.699439999999999173e-05
8.748317826760000360e-01 5.108159999999998201e-05
9.084791589330000194e-01 3.233539999999998182e-05
9.421265351900000029e-01 4.678400000000001828e-05
9.757739114469999864e-01 3.419999999999999104e-05
1.009421287699999947e+00 1.370999999999999579e-05
1.043068663959999975e+00 2.085279999999999794e-05
1.076716040220000004e+00 7.247859999999994334e-07
1.110363416470000031e+00 1.015746000000000286e-05
1.144010792730000059e+00 2.244380000000000355e-05
1.177658168990000087e+00 2.032179999999999913e-05
1.211305545239999892e+00 4.654279999999995696e-06
1.244952921499999920e+00 1.214523999999999622e-05
1.278600297759999949e+00 7.021179999999998395e-06
1.312247674009999976e+00 4.701420000000000127e-06
1.345895050270000004e+00 1.658401999999999034e-05
1.379542426530000032e+00 2.071999999999999135e-05
1.413189802790000060e+00 1.235769999999999859e-05
1.446837179040000088e+00 6.411079999999998933e-06
1.480484555299999894e+00 9.610499999999992096e-06
1.514131931559999922e+00 8.097620000000003287e-06
1.547779307809999949e+00 1.523711999999999820e-06
1.581426684069999977e+00 8.018519999999999251e-06
1.615074060330000005e+00 7.899700000000001632e-06
1.648721436580000033e+00 1.261663999999999310e-05
1.682368812840000061e+00 3.818759999999998654e-06
1.716016189100000089e+00 5.276379999999997753e-06
1.749663565349999894e+00 8.296219999999998303e-06
1.783310941609999922e+00 6.414959999999999310e-06
1.816958317869999950e+00 9.253680000000001160e-06
1.850605694119999978e+00 8.109019999999994403e-06
1.884253070380000006e+00 5.942720000000001270e-06
1.917900446640000034e+00 4.647019999999999428e-06
1.951547822890000061e+00 4.346140000000001726e-06
1.985195199150000089e+00 3.719640000000000186e-06
2.018842575409999895e+00 7.058760000000001514e-06
2.052489951660000145e+00 4.881300000000000173e-06
2.086137327919999951e+00 9.852780000000000218e-06
2.119784704180000201e+00 4.259599999999998994e-06
2.153432080430000006e+00 3.659440000000002016e-06
2.187079456689999812e+00 2.512299999999999646e-06
2.220726832950000063e+00 2.349179999999999758e-06
2.254374209199999868e+00 2.730859999999998448e-06
2.288021585460000118e+00 1.199221999999999646e-06
2.321668961719999924e+00 5.693599999999995767e-06
2.355316337980000174e+00 3.211639999999999290e-06
2.388963714229999979e+00 5.934640000000001848e-06
2.422611090489999786e+00 2.208440000000000153e-06
2.456258466750000036e+00 4.922059999999998746e-06
2.489905842999999841e+00 5.627299999999999468e-06
2.523553219260000091e+00 1.019217999999999904e-05
2.557200595519999897e+00 8.845459999999992387e-06
2.590847971770000147e+00 1.618193999999999435e-06
2.624495348029999953e+00 5.971159999999998578e-06
2.658142724290000203e+00 8.264619999999996776e-06
2.691790100540000008e+00 6.688100000000001238e-06
2.725437476799999814e+00 4.269179999999998316e-06
2.759084853060000064e+00 4.298039999999997901e-06
2.792732229309999870e+00 7.837500000000000770e-06
2.826379605570000120e+00 6.775640000000002775e-06
2.860026981829999926e+00 7.956680000000003244e-06
2.893674358080000175e+00 4.371579999999999233e-06
2.927321734339999981e+00 3.867939999999998410e-06
2.960969110599999787e+00 8.972339999999998192e-06
2.994616486850000037e+00 8.440240000000003744e-06
3.028263863109999843e+00 5.425919999999996324e-06
3.061911239370000093e+00 5.467079999999999163e-06
3.095558615619999898e+00 7.916219999999998553e-06
3.129205991880000148e+00 5.400299999999996390e-06
3.162853368139999954e+00 7.536920000000000338e-06
3.196500744390000204e+00 9.546759999999998700e-06
3.230148120650000010e+00 1.689937999999999472e-05
3.263795496909999816e+00 2.204425999999999890e-05
3.297442873170000066e+00 1.659981999999999788e-05
3.331090249419999871e+00 1.922156000000000304e-05
3.364737625680000122e+00 1.319592000000000155e-05
3.398385001939999928e+00 1.651631999999999775e-05
3.432032378190000177e+00 2.222108000000000172e-05
3.465679754449999983e+00 3.831419999999999986e-05
3.499327130709999789e+00 1.089603999999999809e-05
3.532974506960000038e+00 8.124619999999998116e-06
3.566621883219999845e+00 1.945581999999999900e-05
3.600269259480000095e+00 7.424319999999998739e-05
3.633916635729999900e+00 4.734724000000000918e-05
3.667564011990000150e+00 3.635397999999998291e-05
3.701211388249999956e+00 2.977157999999999660e-05
3.734858764500000206e+00 2.529341999999999203e-05
3.768506140760000012e+00 1.291389999999999506e-05
3.802153517019999818e+00 1.117839999999999956e-06
3.835800893270000067e+00 1.619431999999999643e-05
3.869448269529999873e+00 8.578520000000000665e-06
3.903095645790000123e+00 8.210519999999996735e-06
3.936743022039999929e+00 9.256560000000002732e-06
3.970390398300000179e+00 3.237579999999999587e-06
4.004037774560000429e+00 1.142638000000000155e-05
4.037685150809999790e+00 8.280900000000000625e-06
4.071332527070000040e+00 8.076300000000002617e-06
4.104979903330000290e+00 3.215159999999998199e-06
4.138627279579999652e+00 3.236999999999999670e-06
4.172274655839999902e+00 3.479200000000000502e-06
4.205922032100000152e+00 2.599020000000001418e-06
4.239569408360000402e+00 2.610280000000001375e-06
4.273216784609999763e+00 2.800859999999999472e-06
4.306864160870000013e+00 7.468839999999995562e-07
4.340511537130000264e+00 3.499360000000001339e-06
4.374158913379999625e+00 7.817600000000000334e-07
4.407806289639999875e+00 1.389879999999999473e-06
4.441453665900000125e+00 5.260379999999999939e-06
4.475101042150000374e+00 2.390759999999999790e-06
4.508748418409999736e+00 3.970520000000000061e-06
4.542395794669999987e+00 4.656140000000000452e-06
4.576043170920000236e+00 1.804667999999999812e-06
4.609690547179999598e+00 5.866779999999996369e-07
4.643337923439999848e+00 1.000785999999999840e-06
4.676985299690000097e+00 1.110717999999999451e-06
4.710632675950000348e+00 2.571040000000000502e-07
4.744280052209999710e+00 1.324319999999999884e-06
4.777927428459999959e+00 2.581880000000000088e-06
4.811574804720000209e+00 2.613379999999999702e-06
4.845222180979999571e+00 2.112035999999999577e-06
4.878869557229999820e+00 3.081379999999999287e-06
4.912516933490000071e+00 1.210999999999999925e-06
4.946164309750000321e+00 2.573560000000000818e-06
4.979811685999999682e+00 3.168820000000000604e-06
5.013459062259999932e+00 2.768219999999999730e-06
5.047106438520000182e+00 1.632868000000000034e-06
5.080753814780000432e+00 2.911459999999999734e-06
5.114401191029999794e+00 2.416519999999999354e-06
5.148048567290000044e+00 2.181400000000000832e-06
5.181695943550000294e+00 1.277936000000000227e-06
5.215343319799999655e+00 5.849840000000003101e-07
5.248990696059999905e+00 1.275821999999999895e-06
5.282638072320000155e+00 1.198680000000000355e-06
5.316285448570000405e+00 8.320299999999993844e-07
5.349932824829999767e+00 2.538239999999998249e-06
5.383580201090000017e+00 2.043628000000000146e-06
5.417227577340000266e+00 2.297559999999998717e-06
5.450874953599999628e+00 3.359939999999999208e-06
5.484522329859999878e+00 2.108160000000000158e-06
5.518169706110000128e+00 1.023564000000000522e-06
5.551817082370000378e+00 1.272769999999999505e-06
5.585464458629999740e+00 1.346239999999999328e-06
5.619111834879999989e+00 2.418679999999999685e-06
5.652759211140000239e+00 2.458179999999999900e-06
5.686406587399999601e+00 2.320699999999999651e-06
5.720053963649999851e+00 3.178719999999998595e-06
5.753701339910000101e+00 1.961577999999998958e-06
5.787348716170000351e+00 1.886106000000000200e-06
5.820996092419999712e+00 2.534479999999999492e-06
5.854643468679999962e+00 8.452099999999998240e-07
5.888290844940000213e+00 2.247319999999999347e-06
5.921938221189999574e+00 2.324660000000000542e-06
5.955585597449999824e+00 2.391540000000000145e-06
5.989232973710000074e+00 1.573975999999999853e-06
6.022880349970000324e+00 2.284120000000000418e-06
6.056527726219999685e+00 1.926211999999999778e-06
6.090175102479999936e+00 9.288699999999997142e-07
6.123822478740000186e+00 1.004977999999999511e-06
6.157469854990000435e+00 1.724557999999998812e-06
6.191117231249999797e+00 2.197479999999999161e-06
6.224764607510000047e+00 1.827724000000000121e-06
6.258411983760000297e+00 9.743320000000001778e-07
6.292059360019999659e+00 2.252400000000000237e-07
6.325706736279999909e+00 6.785419999999998300e-07
6.359354112530000158e+00 7.116300000000000797e-07
6.393001488790000408e+00 5.248980000000002047e-07
6.426648865049999770e+00 8.449919999999997356e-07
6.460296241300000020e+00 1.024689999999999840e-06
6.493943617560000270e+00 1.706405999999998981e-07
6.527590993819999632e+00 9.684980000000000741e-07
6.561238370069999881e+00 1.210797999999999855e-06
6.594885746330000131e+00 1.255205999999999176e-06
6.628533122590000382e+00 1.070005999999999662e-06
6.662180498839999743e+00 1.165205999999999191e-06
6.695827875099999993e+00 2.593179999999998608e-07
6.729475251360000243e+00 5.055979999999998135e-07
6.763122627609999604e+00 4.415759999999999037e-07
6.796770003869999854e+00 5.581460000000002123e-07
6.830417380130000105e+00 2.102843999999999742e-07
6.864064756380000354e+00 5.516619999999999539e-07
6.897712132639999716e+00 9.663320000000000003e-07
6.931359508899999966e+00 6.083059999999999150e-07
6.965006885160000216e+00 2.302319999999999668e-07
6.998654261409999577e+00 6.082699999999997683e-07
7.032301637669999828e+00 1.270679999999998776e-07
7.065949013930000078e+00 8.543959999999997052e-07
7.099596390180000327e+00 1.033108000000000545e-06
7.133243766439999689e+00 1.279355999999999614e-06
7.166891142699999939e+00 5.674839999999996306e-07
7.200538518950000189e+00 3.647519999999998240e-07
7.234185895210000439e+00 7.190380000000000095e-07
7.267833271469999801e+00 1.098555999999999583e-06
7.301480647720000050e+00 1.163293999999999776e-06
7.335128023980000300e+00 9.654839999999998858e-07
7.368775400239999662e+00 8.957299999999997232e-07
7.402422776489999912e+00 4.533979999999997034e-07
7.436070152750000162e+00 1.222027999999999619e-07
7.469717529010000412e+00 9.167119999999999570e-07
7.503364905259999773e+00 1.875903999999999378e-06
7.537012281520000023e+00 1.954888000000000213e-06
7.570659657780000273e+00 1.267428000000000700e-06
7.604307034029999635e+00 1.240899999999999419e-06
7.637954410289999885e+00 1.152277999999999778e-06
7.671601786550000135e+00 1.060575999999999398e-06
7.705249162800000384e+00 7.952800000000001174e-07
7.738896539059999746e+00 4.717060000000002403e-07
7.772543915319999996e+00 5.780460000000002251e-07
7.806191291570000246e+00 1.344226000000000062e-06
7.839838667829999608e+00 2.163505999999999441e-06
7.873486044089999858e+00 1.622233999999999146e-06
7.907133420350000108e+00 1.125441999999999312e-06
7.940780796600000357e+00 1.446588000000000142e-07
7.974428172859999719e+00 9.091099999999997543e-07
8.008075549120000858e+00 1.292965999999999641e-06
8.041722925369999331e+00 8.669559999999999712e-07
8.075370301630000469e+00 3.613819999999999732e-07
8.109017677889999831e+00 8.159459999999996753e-07
8.142665054140000080e+00 7.683479999999995425e-07
8.176312430399999442e+00 1.188536000000000711e-06
8.209959806660000581e+00 1.150190000000000163e-06
8.243607182910000830e+00 4.447079999999997493e-07
8.277254559170000192e+00 7.490979999999996844e-07
8.310901935429999554e+00 9.281959999999997440e-07
8.344549311679999803e+00 5.650139999999998474e-07
8.378196687939999165e+00 7.718000000000000686e-08
8.411844064200000304e+00 7.317239999999995184e-07
8.445491440450000553e+00 1.348523999999999695e-06
8.479138816709999915e+00 1.134775999999999891e-06
8.512786192969999277e+00 1.439878000000000209e-06
8.546433569219999526e+00 1.536617999999999896e-06
8.580080945480000665e+00 1.547533999999999675e-06
8.613728321740000027e+00 1.340143999999999616e-06
8.647375697990000276e+00 4.877920000000000046e-07
8.681023074249999638e+00 3.901780000000001207e-07
8.714670450510000776e+00 4.432579999999999580e-07
8.748317826759999249e+00 5.706059999999998355e-07
8.781965203020000388e+00 8.757080000000001544e-07
8.815612579279999750e+00 2.161391999999999321e-07
8.849259955540000888e+00 5.848779999999999252e-07
8.882907331789999361e+00 5.164959999999999419e-07
8.916554708050000499e+00 8.749499999999999831e-07
8.950202084309999861e+00 1.568811999999999609e-06
8.983849460560000111e+00 1.373446000000000267e-06
9.017496836819999473e+00 1.125762000000000522e-06
9.051144213080000611e+00 1.175859999999999360e-06
9.084791589330000861e+00 9.913979999999998887e-07
9.118438965590000223e+00 1.894359999999999766e-07
9.152086341849999584e+00 4.246660000000000520e-07
9.185733718099999834e+00 9.644579999999995164e-07
9.219381094359999196e+00 1.054565999999999518e-06
9.253028470620000334e+00 6.796740000000001607e-07
9.286675846870000584e+00 6.139000000000001701e-07
9.320323223129999946e+00 1.321825999999999226e-06
9.353970599389999308e+00 1.725771999999999712e-06
9.387617975639999557e+00 1.342099999999999822e-06
9.421265351900000695e+00 6.861300000000000698e-07
9.454912728160000057e+00 3.838400000000000807e-07
9.488560104410000307e+00 1.001673999999999788e-06
9.522207480669999669e+00 8.435860000000003119e-07
9.555854856930000807e+00 1.290395999999999851e-06
9.589502233179999280e+00 1.329881999999999679e-06
9.623149609440000418e+00 9.283859999999999065e-07
9.656796985699999780e+00 6.707639999999998513e-07
9.690444361950000030e+00 5.195979999999998065e-07
9.724091738209999392e+00 5.758719999999999304e-07
9.757739114470000530e+00 3.547292000000000104e-07
9.791386490729999892e+00 2.055311999999999207e-07
9.825033866980000141e+00 2.088144000000000543e-07
9.858681243239999503e+00 4.738979999999999730e-07
9.892328619500000642e+00 2.770901999999999860e-07
9.925975995749999115e+00 4.190939999999999807e-07
9.959623372010000253e+00 3.502252000000000913e-07
9.993270748269999615e+00 1.091352000000000203e-06
1.002691812449999986e+01 8.534239999999999795e-07
1.006056550079999923e+01 5.162599999999999919e-07
1.009421287700000036e+01 1.032423999999999875e-06
1.012786025329999973e+01 2.145279999999999050e-06
1.016150762960000087e+01 2.378119999999999857e-06
1.019515500580000023e+01 1.948771999999999949e-06
1.022880238209999959e+01 1.338579999999999642e-06
1.026244975830000072e+01 1.758009999999999792e-06
1.029609713460000009e+01 1.651731999999999825e-06
1.032974451079999945e+01 1.130787999999999921e-06
1.036339188710000059e+01 1.095763999999999594e-06
1.039703926329999994e+01 1.543525999999999577e-06
1.043068663959999931e+01 1.670949999999999646e-06
1.046433401590000045e+01 2.075979999999999985e-06
1.049798139209999981e+01 2.394976000000000124e-06
1.053162876839999917e+01 1.416793999999999974e-06
1.056527614460000031e+01 6.738219999999999837e-07
1.059892352089999967e+01 1.251572000000000085e-06
1.063257089710000081e+01 8.042259999999999382e-07
1.066621827340000017e+01 5.561159999999999751e-07
1.069986564969999954e+01 4.157775999999999577e-07
1.073351302590000067e+01 8.416820000000000587e-07
1.076716040220000004e+01 6.709860000000000501e-07
1.080080777839999939e+01 1.187967999999999855e-06
1.083445515470000053e+01 1.628313999999999687e-06
1.086810253089999989e+01 9.020800000000000944e-07
1.090174990719999926e+01 9.616300000000002272e-07
1.093539728350000040e+01 1.289567999999999865e-06
1.096904465969999976e+01 6.080839999999999280e-07
1.100269203599999912e+01 6.836859999999999455e-07
1.103633941220000025e+01 6.540179999999999739e-07
1.106998678849999962e+01 1.034943999999999768e-06
1.110363416470000075e+01 1.172951999999999769e-06
1.113728154100000012e+01 8.117579999999996910e-07
1.117092891729999948e+01 1.093562000000000009e-06
1.120457629350000062e+01 6.081160000000000701e-07
1.123822366979999998e+01 3.356232000000000509e-07
1.127187104599999934e+01 6.165859999999998806e-07
1.130551842230000048e+01 9.979319999999998333e-07
1.133916579849999984e+01 1.219238000000000108e-06
1.137281317479999920e+01 1.366861999999999789e-06
1.140646055110000034e+01 1.547215999999999791e-06
1.144010792729999970e+01 1.698589999999999859e-06
1.147375530360000084e+01 9.439179999999998368e-07
1.150740267980000020e+01 6.827699999999998597e-07
1.154105005609999957e+01 6.708780000000000335e-07
1.157469743230000070e+01 6.341339999999999793e-07
1.160834480860000006e+01 7.821599999999998517e-07
1.164199218479999942e+01 5.892960000000000115e-07
1.167563956110000056e+01 8.237499999999997364e-07
1.170928693739999993e+01 5.058011999999998957e-07
1.174293431359999929e+01 5.582979999999999611e-07
1.177658168990000043e+01 7.220620000000000503e-07
1.181022906609999978e+01 5.572980000000000978e-07
1.184387644239999915e+01 1.464913999999999799e-07
1.187752381860000028e+01 3.538981999999999416e-07
1.191117119489999965e+01 4.018331999999999536e-07
1.194481857120000079e+01 4.501339999999999198e-07
1.197846594740000015e+01 6.161959999999998090e-07
1.201211332369999951e+01 4.817191999999999584e-07
1.204576069990000065e+01 1.561952000000000406e-07
1.207940807620000001e+01 3.009899999999999973e-07
1.211305545239999937e+01 2.362803999999999113e-07
1.214670282870000051e+01 2.265641999999999212e-07
1.218035020499999987e+01 2.816998000000000036e-08
1.221399758119999923e+01 2.136611999999999280e-07
1.224764495750000037e+01 2.775793999999999160e-07
1.228129233369999973e+01 3.026453999999999103e-07
1.231493971000000087e+01 5.021620000000000466e-07
1.234858708620000023e+01 4.490452000000000193e-07
1.238223446249999959e+01 2.689224000000000258e-07
1.241588183880000074e+01 9.015619999999998776e-08
1.244952921500000009e+01 1.621667999999999616e-07
1.248317659129999946e+01 2.311798000000000515e-07
1.251682396750000059e+01 4.377035999999999914e-07
1.255047134379999996e+01 1.735749999999999644e-07
1.258411871999999931e+01 1.090839999999999728e-07
1.261776609630000046e+01 1.192924000000000287e-07
1.265141347259999982e+01 4.079143999999998718e-07
1.268506084879999918e+01 4.838720000000000066e-07
1.271870822510000032e+01 3.333415999999999731e-07
1.275235560129999968e+01 3.999399999999999139e-07
1.278600297760000082e+01 3.410657999999999279e-07
1.281965035380000018e+01 3.173435999999999909e-07
1.285329773009999954e+01 2.236423999999999274e-07
1.288694510630000067e+01 1.681556000000000185e-07
1.292059248260000004e+01 1.810615999999999886e-07
1.295423985889999940e+01 2.842528000000000663e-07
1.298788723510000054e+01 3.692296000000000097e-07
1.302153461139999990e+01 2.551284000000000017e-07
1.305518198759999926e+01 2.661453999999999210e-07
1.308882936390000040e+01 3.804752000000001405e-07
1.312247674009999976e+01 2.887627999999999392e-07
1.315612411639999912e+01 3.157435999999998443e-08
1.318977149270000027e+01 8.589720000000002883e-08
1.322341886889999962e+01 7.578659999999999387e-08
1.325706624520000076e+01 1.037231999999999133e-08
1.329071362140000012e+01 4.836539999999999182e-08
1.332436099769999949e+01 2.037472000000000154e-07
1.335800837390000062e+01 2.126278000000000321e-07
1.339165575019999999e+01 1.185358000000000125e-07
1.342530312649999935e+01 8.918439999999998166e-08
1.345895050270000048e+01 1.366145999999999612e-07
1.349259787899999985e+01 1.102569999999999529e-07
1.352624525519999921e+01 6.384560000000000626e-08
1.355989263150000035e+01 1.535191999999999709e-07
1.359354000769999971e+01 2.320943999999999293e-07
1.362718738400000085e+01 2.271871999999999659e-07
1.366083476030000021e+01 2.382424000000000714e-07
1.369448213649999957e+01 1.824355999999999584e-07
1.372812951280000071e+01 1.793113999999999257e-07
1.376177688900000007e+01 1.827157999999999956e-07
1.379542426529999943e+01 1.463606000000000010e-07
1.382907164150000057e+01 1.811777999999999457e-07
1.386271901779999993e+01 1.177196000000000028e-07
1.389636639409999930e+01 4.166420000000000591e-08
1.393001377030000043e+01 9.526959999999995730e-08
1.396366114659999980e+01 1.991179999999999437e-07
1.399730852279999915e+01 1.703909999999999539e-07
1.403095589910000029e+01 1.973219999999999719e-07
1.406460327529999965e+01 2.009969999999999833e-07
1.409825065160000079e+01 1.216920000000000285e-07
1.413189802790000016e+01 8.413499999999997881e-08
1.416554540409999952e+01 1.624389999999999897e-07
1.419919278040000066e+01 2.202453999999999666e-07
1.423284015660000001e+01 2.330124000000000173e-07
1.426648753289999938e+01 1.796648000000000035e-07
1.430013490910000051e+01 1.805997999999999785e-07
1.433378228539999988e+01 1.710444000000000013e-07
1.436742966159999924e+01 1.360899999999999964e-07
1.440107703790000038e+01 9.064819999999998978e-08
1.443472441419999974e+01 9.103199999999996440e-08
1.446837179040000088e+01 1.893654000000000500e-07
1.450201916670000024e+01 1.677831999999999986e-07
1.453566654289999960e+01 7.067740000000001321e-08
1.456931391920000074e+01 2.165891999999999659e-08
1.460296129540000010e+01 3.399171999999999437e-08
1.463660867169999946e+01 3.316139999999999676e-08
1.467025604800000060e+01 3.355843999999999646e-08
1.470390342419999996e+01 7.682759999999998314e-08
1.473755080049999933e+01 1.016499999999999871e-07
1.477119817670000046e+01 7.775239999999996241e-08
1.480484555299999982e+01 3.310251999999998135e-08
1.483849292919999918e+01 2.087317999999999884e-08
1.487214030550000032e+01 4.186919999999998690e-08
1.490578768179999969e+01 3.920820000000000032e-08
1.493943505800000082e+01 4.638819999999998918e-08
1.497308243430000019e+01 5.754619999999998890e-08
1.500672981049999954e+01 3.029110000000000182e-08
1.504037718680000069e+01 5.575359999999998912e-08
1.507402456300000004e+01 5.497319999999998300e-08
1.510767193929999941e+01 4.447379999999998098e-08
1.514131931560000055e+01 8.629880000000001305e-08
1.517496669179999991e+01 6.889319999999996471e-08
1.520861406809999927e+01 9.064999999999995476e-08
1.524226144430000041e+01 9.595179999999997382e-08
1.527590882059999977e+01 9.254119999999996577e-08
1.530955619679999913e+01 8.549959999999999621e-08
1.534320357310000027e+01 6.390740000000001281e-08
1.537685094939999964e+01 2.864245999999998714e-08
1.541049832560000077e+01 1.551397999999999940e-08
1.544414570190000013e+01 1.242479999999999787e-08
1.547779307809999949e+01 1.654721999999999655e-08
1.551144045440000063e+01 1.998142000000000026e-08
1.554508783059999999e+01 6.246499999999999719e-08
1.557873520689999935e+01 8.186039999999998834e-08
1.561238258310000049e+01 9.831020000000002226e-08
1.564602995939999985e+01 5.263859999999999067e-08
1.567967733569999922e+01 2.171073999999999817e-08
1.571332471190000035e+01 1.669721999999999789e-08
1.574697208819999972e+01 2.372649999999999742e-08
1.578061946440000085e+01 5.355540000000000058e-08
1.581426684070000022e+01 5.646939999999998286e-08
1.584791421689999957e+01 4.183479999999997965e-08
1.588156159320000071e+01 1.667021999999999375e-08
1.591520896950000008e+01 3.342275999999999719e-08
1.594885634569999944e+01 3.604647999999999814e-08
1.598250372200000058e+01 3.547667999999999789e-08
1.601615109820000171e+01 1.825459999999999857e-08
1.604979847450000108e+01 2.431280000000000314e-08
1.608344585069999866e+01 1.501961999999999616e-08
1.611709322700000158e+01 2.653519999999999663e-08
1.615074060330000094e+01 3.505864000000000085e-08
1.618438797949999852e+01 4.801800000000000024e-08
1.621803535580000144e+01 3.937200000000001665e-08
1.625168273199999902e+01 1.206880000000000283e-08
1.628533010829999839e+01 -2.330320000000001110e-09
1.631897748449999952e+01 1.512951999999999637e-08
1.635262486079999888e+01 3.687379999999999896e-08
1.638627223709999825e+01 4.923100000000001249e-08
1.641991961329999938e+01 5.850139999999998412e-08
1.645356698959999875e+01 3.489775999999998889e-08
1.648721436579999988e+01 1.919915999999999680e-08
1.652086174209999925e+01 2.193093999999999375e-08
1.655450911830000038e+01 4.625619999999999170e-09
1.658815649459999975e+01 1.932558000000000224e-08
1.662180387089999911e+01 2.339193999999999605e-08
1.665545124710000024e+01 1.753460000000000271e-09
1.668909862339999961e+01 2.386917999999999801e-08
1.672274599960000074e+01 4.351380000000000415e-08
1.675639337590000011e+01 3.298967999999999686e-08
1.679004075210000124e+01 2.150051999999999432e-08
1.682368812840000061e+01 1.829331999999999986e-08
1.685733550469999997e+01 1.864139999999999645e-08
1.689098288090000111e+01 2.197565999999999523e-08
1.692463025720000047e+01 3.497997999999999980e-08
1.695827763340000160e+01 4.013099999999999056e-08
1.699192500970000097e+01 4.174263999999999638e-08
1.702557238589999855e+01 4.154799999999999590e-08
1.705921976220000147e+01 2.513094000000000255e-08
1.709286713839999905e+01 1.891864000000000323e-08
1.712651451469999841e+01 1.285319999999999693e-08
1.716016189100000133e+01 2.829315999999999869e-08
1.719380926719999891e+01 2.400790000000000020e-08
1.722745664349999828e+01 2.049422000000000205e-08
1.726110401969999941e+01 1.192912000000000233e-08
1.729475139599999878e+01 2.010338000000000012e-08
1.732839877219999991e+01 1.036388800000000006e-08
1.736204614849999928e+01 1.913513999999999727e-08
1.739569352479999864e+01 4.345250000000000479e-08
1.742934090099999977e+01 4.985640000000000167e-08
1.746298827729999914e+01 3.708641999999999362e-08
1.749663565350000027e+01 4.213384000000000057e-08
1.753028302979999964e+01 3.640615999999998670e-08
1.756393040600000077e+01 3.209279999999999737e-08
1.759757778230000014e+01 4.103672000000000220e-08
1.763122515859999950e+01 3.298001999999999464e-08
1.766487253480000064e+01 1.480155999999999784e-08
1.769851991110000000e+01 2.495779999999997352e-09
1.773216728730000114e+01 8.519340000000004208e-10
1.776581466360000050e+01 1.517469999999999558e-08
1.779946203980000163e+01 2.080956000000000108e-08
1.783310941610000100e+01 1.647469999999999730e-08
1.786675679240000036e+01 1.718879999999999838e-08
1.790040416860000150e+01 1.051322000000000022e-08
1.793405154490000086e+01 8.755659999999998280e-09
1.796769892109999844e+01 2.938484000000000334e-08
1.800134629740000136e+01 3.796964000000000621e-08
1.803499367359999894e+01 2.045383999999999438e-08
1.806864104989999831e+01 7.853935999999999833e-09
1.810228842620000123e+01 7.279779999999999029e-09
1.813593580239999881e+01 4.003619999999998630e-09
1.816958317870000172e+01 1.035799999999999256e-09
1.820323055489999931e+01 1.139216000000000008e-08
1.823687793119999867e+01 1.794077999999999768e-08
1.827052530739999980e+01 1.948981999999999340e-08
1.830417268369999917e+01 1.923310000000000299e-08
1.833782005990000030e+01 2.083253999999999763e-08
1.837146743619999967e+01 2.166781999999999477e-08
1.840511481249999903e+01 8.819000000000001082e-09
1.843876218870000017e+01 1.828126000000000021e-08
1.847240956499999953e+01 2.670440000000000055e-08
1.850605694120000067e+01 2.813975999999999879e-08
1.853970431750000003e+01 1.601941999999999761e-08
1.857335169370000116e+01 2.163007999999999816e-08
1.860699907000000053e+01 3.388909999999999209e-08
1.864064644629999989e+01 2.725735999999999282e-08
1.867429382250000103e+01 2.238046000000000028e-08
1.870794119880000039e+01 4.216779999999999991e-08
1.874158857500000153e+01 4.931551999999999557e-08
1.877523595130000089e+01 3.191939999999999133e-08
1.880888332749999847e+01 8.591659999999999260e-09
1.884253070380000139e+01 1.132639999999999679e-08
1.887617808010000076e+01 2.141431999999999187e-08
1.890982545629999834e+01 1.438098000000000176e-08
1.894347283260000125e+01 1.247817999999999547e-08
1.897712020879999884e+01 1.292747999999999805e-08
1.901076758510000175e+01 1.922780000000000096e-08
1.904441496129999933e+01 1.924953999999999596e-08
1.907806233759999870e+01 1.358794000000000302e-08
1.911170971390000162e+01 6.238760000000000074e-09
1.914535709009999920e+01 3.132620000000000293e-09
1.917900446639999856e+01 2.799505999999999948e-08
1.921265184259999970e+01 4.079641999999999838e-08
1.924629921889999906e+01 5.205275999999999924e-08
1.927994659510000020e+01 5.794519999999997812e-08
1.931359397139999956e+01 4.059203999999998342e-08
1.934724134769999893e+01 2.409617999999999733e-08
1.938088872390000006e+01 9.655979999999997503e-09
1.941453610019999942e+01 7.713999999999998798e-09
1.944818347640000056e+01 5.518339999999999371e-09
1.948183085269999992e+01 6.959359999999998599e-09
1.951547822890000106e+01 1.646126000000000112e-08
1.954912560520000042e+01 9.594199999999997330e-09
1.958277298149999979e+01 3.231450000000000458e-09
1.961642035770000092e+01 1.412154000000000126e-08
1.965006773400000029e+01 8.687479999999997797e-09
1.968371511020000142e+01 7.362100000000002112e-09
1.971736248650000078e+01 7.623459999999999232e-09
1.975100986269999837e+01 9.708019999999996426e-09
1.978465723900000128e+01 1.715207999999999274e-08
1.981830461519999886e+01 1.405157999999999750e-08
1.985195199149999823e+01 1.082249999999999649e-08
1.988559936780000115e+01 1.271152000000000079e-08
1.991924674399999873e+01 8.124979999999998551e-09
1.995289412030000165e+01 1.330175999999999854e-08
1.998654149649999923e+01 1.577133999999999860e-08
2.002018887279999859e+01 1.309232000000000179e-08
2.005383624899999973e+01 1.132166000000000121e-08
2.008748362529999909e+01 2.203963999999999856e-08
2.012113100159999846e+01 2.812683999999999962e-08
2.015477837779999959e+01 1.795184000000000281e-08
2.018842575409999895e+01 5.541079999999998819e-09
2.022207313030000009e+01 -4.555120000000001120e-09
2.025572050659999945e+01 1.692033200000000191e-08
2.028936788280000059e+01 1.726842000000000105e-08
2.032301525909999995e+01 1.491943999999999744e-08
2.035666263539999932e+01 1.712177999999999544e-08
2.039031001160000045e+01 1.619539999999999889e-08
2.042395738789999982e+01 1.172694000000000045e-08
2.045760476410000095e+01 1.446225999999999758e-08
2.049125214040000031e+01 2.193086000000000134e-08
2.052489951660000145e+01 1.652599999999999856e-08
2.055854689290000081e+01 1.062047999999999929e-08
2.059219426920000018e+01 2.165659999999999819e-08
2.062584164540000131e+01 2.330151999999999834e-08
2.065948902170000068e+01 1.333391999999999980e-08
2.069313639789999826e+01 -6.620400000000007454e-10
2.072678377420000118e+01 2.606327999999999812e-09
2.076043115039999876e+01 2.228084000000000141e-08
2.079407852670000167e+01 1.970618000000000236e-08
2.082772590300000104e+01 2.127295999999999847e-08
2.086137327919999862e+01 2.582671999999999371e-08
2.089502065550000154e+01 1.700569999999999722e-08
2.092866803169999912e+01 2.863599999999989987e-10
2.096231540799999848e+01 1.037211999999999706e-08
2.099596278419999962e+01 5.134759999999998924e-09
2.102961016049999898e+01 1.666800000000000076e-09
2.106325753670000012e+01 8.559419999999998966e-09
2.109690491299999948e+01 7.689920000000002330e-09
2.113055228929999885e+01 1.751081999999999930e-08
2.116419966549999998e+01 2.195133999999999836e-08
2.119784704179999935e+01 1.485012000000000248e-08
2.123149441800000048e+01 8.110300000000000831e-09
2.126514179429999984e+01 -2.124280000000001271e-09
2.129878917050000098e+01 7.773259999999999687e-09
2.133243654680000034e+01 1.418581999999999765e-08
2.136608392309999971e+01 1.837467999999999470e-08
2.139973129930000084e+01 1.280646000000000336e-08
2.143337867560000021e+01 1.099724000000000286e-08
2.146702605180000134e+01 6.957119999999995927e-09
2.150067342810000071e+01 -2.148400000000000563e-09
2.153432080429999829e+01 3.382079999999999140e-09
2.156796818060000120e+01 1.420620000000001242e-09
2.160161555690000057e+01 6.701659999999998548e-09
2.163526293310000170e+01 1.251137999999999738e-08
2.166891030940000107e+01 5.739939999999997862e-09
2.170255768559999865e+01 1.156265999999999986e-08
2.173620506190000157e+01 6.873059999999997357e-09
2.176985243809999915e+01 3.607759999999997890e-09
2.180349981439999851e+01 3.659839999999999637e-09
2.183714719070000143e+01 4.709539999999999435e-09
2.187079456689999901e+01 7.820259999999993424e-09
2.190444194319999838e+01 6.610220000000001602e-09
2.193808931939999951e+01 7.017999999999778689e-11
2.197173669569999888e+01 -1.249620000000002557e-09
2.200538407190000001e+01 -3.395120000000000162e-09
2.203903144819999937e+01 -1.659160000000001537e-10
2.207267882449999874e+01 5.243700000000000824e-09
2.210632620069999987e+01 3.064059999999997792e-09
2.213997357699999924e+01 6.389979999999999889e-09
2.217362095320000037e+01 1.618999999999999476e-09
2.220726832949999974e+01 1.142000000000000068e-08
2.224091570570000087e+01 1.605911999999999696e-08
2.227456308200000024e+01 1.389443999999999323e-08
2.230821045829999960e+01 9.268739999999995023e-09
2.234185783450000073e+01 5.640539999999999632e-09
2.237550521080000010e+01 3.699900000000001254e-09
2.240915258700000123e+01 4.380039999999998039e-09
2.244279996330000060e+01 1.046717999999999818e-08
2.247644733950000173e+01 9.479259999999998552e-09
2.251009471580000110e+01 6.818559999999998424e-09
2.254374209199999868e+01 8.596039999999999197e-09
2.257738946830000160e+01 7.443839999999998978e-09
2.261103684460000096e+01 2.317859999999999687e-09
2.264468422079999854e+01 -1.281000000000016566e-10
2.267833159710000146e+01 -8.751600000000009359e-10
2.271197897329999904e+01 4.980360000000001194e-09
2.274562634959999841e+01 7.530219999999999252e-09
2.277927372579999954e+01 8.435819999999999103e-09
2.281292110209999890e+01 1.401781999999999906e-08
2.284656847839999827e+01 1.335495999999999666e-08
2.288021585459999940e+01 1.128587999999999743e-08
2.291386323089999877e+01 7.385639999999995188e-09
2.294751060709999990e+01 4.746839999999998055e-09
2.298115798339999927e+01 2.778639999999998999e-09
2.301480535960000040e+01 6.534460000000001855e-09
2.304845273589999977e+01 1.005656000000000068e-08
2.308210011219999913e+01 9.792999999999993790e-09
2.311574748840000026e+01 8.736900000000001955e-09
2.314939486469999963e+01 4.538299999999997036e-09
2.318304224090000076e+01 -2.233560000000000712e-09
2.321668961720000013e+01 1.046419999999998130e-09
2.325033699340000126e+01 2.321159999999999458e-09
2.328398436970000063e+01 5.466979999999998837e-09
2.331763174599999999e+01 3.609499999999999995e-09
2.335127912220000113e+01 4.011580000000001568e-09
2.338492649850000049e+01 7.646500000000001667e-09
2.341857387470000162e+01 7.148900000000001235e-09
2.345222125100000099e+01 6.172039999999996814e-09
2.348586862719999857e+01 4.474479999999998387e-09
2.351951600350000149e+01 -3.565599999999998523e-10
2.355316337980000085e+01 3.147999999999956456e-11
2.358681075599999843e+01 1.224279999999999830e-09
2.362045813230000135e+01 5.219299999999998303e-09
2.365410550849999893e+01 6.930699999999997997e-09
2.368775288479999830e+01 7.683479999999999197e-09
2.372140026099999943e+01 1.061823999999999993e-08
2.375504763729999880e+01 1.172943999999999667e-08
2.378869501349999993e+01 1.028961999999999285e-08
2.382234238979999930e+01 5.155280000000002075e-09
2.385598976609999866e+01 2.845859999999999518e-09
2.388963714229999979e+01 4.202779999999997351e-09
2.392328451859999916e+01 6.301199999999998879e-09
2.395693189480000029e+01 7.529379999999999491e-09
2.399057927109999966e+01 5.286860000000001325e-09
2.402422664730000079e+01 3.241840000000002114e-09
2.405787402360000016e+01 1.351419999999998214e-09
2.409152139989999952e+01 -4.516000000000276814e-11
2.412516877610000066e+01 -2.284999999999998623e-09
2.415881615240000002e+01 8.773799999999988872e-10
2.419246352860000115e+01 8.412420000000001024e-09
2.422611090490000052e+01 1.063903999999999638e-08
2.425975828110000165e+01 9.070900000000000181e-09
2.429340565740000102e+01 4.695579999999999619e-09
2.432705303370000038e+01 4.675300000000000182e-09
2.436070040990000152e+01 5.985240000000000727e-09
2.439434778620000088e+01 4.212580000000001184e-09
2.442799516239999846e+01 5.944460000000001204e-09
2.446164253870000138e+01 7.230460000000000279e-09
2.449528991489999896e+01 7.698319999999996635e-09
2.452893729119999833e+01 3.369100000000000701e-09
2.456258466750000125e+01 5.620380000000000396e-09
2.459623204369999883e+01 1.027565999999999965e-08
2.462987942000000174e+01 1.157708000000000072e-08
2.466352679619999932e+01 9.689419999999996511e-09
2.469717417249999869e+01 5.665619999999997233e-09
2.473082154869999982e+01 2.718479999999999075e-09
2.476446892499999919e+01 2.521539999999998305e-09
2.479811630129999855e+01 6.535039999999998146e-09
2.483176367749999969e+01 6.607019999999997312e-09
2.486541105379999905e+01 6.755599999999999295e-09
2.489905843000000019e+01 6.315379999999996032e-09
2.493270580629999955e+01 5.696739999999997845e-09
2.496635318250000068e+01 2.035600000000000705e-09
2.500000055880000005e+01 1.987599999999999216e-09
2.503364793509999942e+01 4.216359999999998456e-09
2.506729531130000055e+01 3.631359999999998511e-09
2.510094268759999991e+01 5.455239999999998628e-09
2.513459006380000105e+01 6.785979999999998935e-09
2.516823744010000041e+01 5.049919999999999866e-09
2.520188481630000155e+01 7.060060000000000950e-09
2.523553219260000091e+01 7.498219999999999363e-09
2.526917956879999849e+01 5.042179999999997575e-09
2.530282694510000141e+01 4.134899999999998201e-09
2.533647432140000078e+01 3.182620000000000741e-09
2.537012169759999836e+01 3.780739999999999085e-09
2.540376907390000127e+01 2.347559999999997630e-09
2.543741645009999885e+01 3.535819999999998239e-09
2.547106382640000177e+01 3.606959999999997644e-09
2.550471120259999935e+01 3.354719999999999351e-09
2.553835857889999872e+01 4.000720000000000635e-09
2.557200595520000164e+01 2.770620000000000096e-09
2.560565333139999922e+01 2.583979999999998763e-09
2.563930070769999858e+01 3.464859999999999965e-09
2.567294808389999972e+01 4.893480000000000353e-09
2.570659546019999908e+01 5.567199999999997071e-09
2.574024283640000021e+01 5.740800000000000690e-09
2.577389021269999958e+01 5.753080000000000982e-09
2.580753758899999895e+01 4.743799999999998446e-09
2.584118496520000008e+01 4.654619999999998967e-09
2.587483234149999944e+01 4.526419999999998520e-09
2.590847971770000058e+01 3.316999999999999196e-09
2.594212709399999994e+01 2.655600000000000632e-09
2.597577447020000108e+01 3.984040000000000648e-09
2.600942184650000044e+01 4.881299999999998850e-09
2.604306922279999981e+01 5.561259999999999467e-09
2.607671659900000094e+01 6.139159999999997647e-09
2.611036397530000031e+01 6.882239999999998766e-09
2.614401135150000144e+01 5.706840000000001357e-09
2.617765872780000080e+01 3.623499999999999326e-09
2.621130610399999838e+01 2.211339999999998280e-09
2.624495348030000130e+01 2.869100000000001187e-09
2.627860085660000067e+01 3.238799999999999197e-09
2.631224823279999825e+01 5.359240000000000614e-09
2.634589560910000117e+01 5.888780000000000007e-09
2.637954298529999875e+01 5.351139999999997715e-09
2.641319036160000167e+01 5.775800000000000672e-09
2.644683773779999925e+01 5.059779999999996356e-09
2.648048511409999861e+01 4.402640000000000836e-09
2.651413249029999974e+01 4.692699999999998074e-09
2.654777986659999911e+01 5.282099999999999368e-09
2.658142724289999848e+01 5.001940000000001444e-09
2.661507461909999961e+01 4.969799999999996631e-09
2.664872199539999897e+01 5.415779999999996367e-09
2.668236937160000011e+01 3.758720000000000851e-09
2.671601674789999947e+01 4.459759999999997843e-09
2.674966412410000061e+01 5.674020000000001464e-09
2.678331150039999997e+01 5.960239999999998848e-09
2.681695887669999934e+01 5.813439999999998487e-09
2.685060625290000047e+01 5.139779999999997734e-09
2.688425362919999984e+01 5.005659999999999442e-09
2.691790100540000097e+01 4.415280000000000081e-09
2.695154838170000033e+01 4.472840000000001689e-09
2.698519575790000147e+01 4.253519999999998770e-09
2.701884313420000083e+01 3.870800000000001150e-09
2.705249051050000020e+01 4.643280000000000534e-09
2.708613788670000133e+01 3.922820000000000315e-09
2.711978526300000070e+01 3.663479999999998603e-09
2.715343263919999828e+01 3.888179999999999285e-09
2.718708001550000120e+01 3.599819999999998018e-09
2.722072739169999878e+01 4.027459999999999656e-09
2.725437476800000169e+01 4.365839999999999474e-09
2.728802214430000106e+01 4.266240000000000355e-09
2.732166952049999864e+01 4.461639999999998254e-09
2.735531689680000156e+01 4.679659999999997052e-09
2.738896427299999914e+01 4.555460000000001141e-09
2.742261164929999850e+01 4.464259999999996328e-09
2.745625902549999964e+01 4.502220000000000196e-09
2.748990640179999900e+01 4.870439999999997917e-09
2.752355377809999837e+01 4.635399999999996628e-09
2.755720115429999950e+01 4.149760000000000361e-09
2.759084853059999887e+01 3.516500000000000420e-09
2.762449590680000000e+01 2.969840000000001399e-09
2.765814328309999937e+01 4.257060000000002255e-09
2.769179065930000050e+01 5.754499999999997034e-09
2.772543803559999986e+01 5.312039999999997716e-09
2.775908541189999923e+01 4.577259999999998729e-09
2.779273278810000036e+01 4.525099999999997950e-09
2.782638016439999973e+01 4.152359999999998677e-09
2.786002754060000086e+01 4.342540000000000185e-09
2.789367491690000023e+01 4.027159999999998323e-09
2.792732229310000136e+01 3.571299999999999031e-09
2.796096966940000073e+01 4.017659999999999131e-09
2.799461704559999831e+01 4.969179999999999171e-09
2.802826442190000122e+01 4.880800000000001592e-09
2.806191179820000059e+01 4.896440000000000930e-09
2.809555917440000172e+01 5.225260000000002282e-09
2.812920655070000109e+01 4.896419999999997863e-09
2.816285392689999867e+01 4.495940000000000090e-09
2.819650130320000159e+01 3.853900000000000516e-09
2.823014867939999917e+01 4.258479999999999960e-09
2.826379605569999853e+01 3.952620000000000357e-09
2.829744343200000145e+01 3.945339999999997462e-09
2.833109080819999903e+01 4.507420000000000137e-09
2.836473818449999840e+01 4.871419999999999293e-09
2.839838556069999953e+01 4.476879999999999123e-09
2.843203293699999890e+01 4.215040000000001194e-09
2.846568031320000003e+01 4.264419999999999218e-09
2.849932768949999939e+01 3.827580000000001376e-09
2.853297506579999876e+01 4.200839999999999320e-09
2.856662244199999989e+01 4.145120000000000261e-09
2.860026981829999926e+01 4.037880000000000950e-09
2.863391719450000039e+01 3.917439999999999244e-09
2.866756457079999976e+01 4.234139999999998367e-09
2.870121194700000089e+01 4.353259999999999503e-09
2.873485932330000026e+01 4.149379999999998342e-09
2.876850669959999962e+01 4.190120000000001656e-09
2.880215407580000075e+01 3.962579999999998945e-09
2.883580145210000012e+01 3.867699999999998959e-09
2.886944882830000125e+01 4.326439999999999796e-09
2.890309620460000062e+01 4.094280000000000052e-09
2.893674358080000175e+01 4.234879999999999339e-09
2.897039095710000112e+01 4.444159999999999675e-09
2.900403833340000048e+01 4.530560000000001362e-09
2.903768570960000162e+01 4.488859999999999738e-09
2.907133308590000098e+01 4.179559999999998748e-09
2.910498046209999856e+01 4.290960000000000659e-09
2.913862783840000148e+01 3.847019999999997744e-09
2.917227521459999906e+01 4.109960000000000560e-09
2.920592259089999843e+01 4.521319999999999024e-09
2.923956996709999956e+01 4.472780000000000761e-09
2.927321734339999892e+01 4.502679999999999593e-09
2.930686471969999829e+01 4.302279999999999333e-09
2.934051209589999942e+01 4.526039999999999810e-09
2.937415947219999879e+01 4.505579999999999241e-09
2.940780684839999992e+01 4.279800000000000048e-09
2.944145422469999929e+01 4.609359999999999063e-09
2.947510160090000042e+01 4.497120000000000700e-09
2.950874897719999979e+01 4.181759999999998596e-09
2.954239635349999915e+01 4.340260000000001305e-09
2.957604372970000028e+01 4.341519999999997639e-09
2.960969110599999965e+01 4.322739999999998247e-09
2.964333848220000078e+01 4.191979999999999001e-09
2.967698585850000015e+01 4.108419999999999343e-09
2.971063323470000128e+01 4.209100000000000282e-09
2.974428061100000065e+01 4.408499999999997753e-09
2.977792798730000001e+01 4.199319999999997861e-09
2.981157536350000115e+01 4.052659999999999114e-09
2.984522273980000051e+01 3.835660000000001207e-09
2.987887011600000164e+01 4.040579999999996401e-09
2.991251749230000101e+01 4.203979999999996064e-09
2.994616486849999859e+01 4.270459999999998920e-09
2.997981224480000151e+01 4.278419999999998549e-09
3.001345962110000087e+01 4.021799999999997010e-09
3.004710699729999845e+01 4.104559999999999731e-09
3.008075437360000137e+01 4.069319999999997690e-09
3.011440174979999895e+01 4.106300000000000182e-09
3.014804912609999832e+01 4.230260000000002306e-09
3.018169650229999945e+01 4.158300000000002897e-09
3.021534387859999882e+01 4.193239999999998643e-09
3.024899125490000173e+01 4.188479999999999995e-09
3.028263863109999932e+01 4.137140000000000874e-09
3.031628600739999868e+01 3.910079999999998971e-09
3.034993338359999981e+01 3.871879999999999662e-09
3.038358075989999918e+01 4.098859999999999223e-09
3.041722813610000031e+01 3.971019999999997729e-09
3.045087551239999968e+01 3.979360000000001032e-09
3.048452288869999904e+01 4.036379999999999249e-09
3.051817026490000018e+01 3.983220000000000644e-09
3.055181764119999954e+01 3.961959999999998176e-09
3.058546501740000068e+01 3.993360000000000363e-09
3.061911239370000004e+01 4.111280000000001130e-09
3.065275976990000117e+01 4.200640000000000086e-09
3.068640714620000054e+01 4.202139999999998478e-09
3.072005452240000167e+01 4.096479999999999899e-09
3.075370189870000104e+01 4.020779999999999427e-09
3.078734927500000040e+01 4.168860000000000843e-09
3.082099665120000154e+01 4.160980000000000245e-09
3.085464402750000090e+01 4.159479999999998544e-09
3.088829140369999848e+01 4.144040000000000095e-09
3.092193878000000140e+01 4.156519999999999622e-09
3.095558615619999898e+01 4.210459999999997059e-09
3.098923353249999835e+01 4.062539999999998670e-09
3.102288090880000127e+01 4.055400000000000699e-09
3.105652828499999885e+01 4.116179999999999738e-09
3.109017566130000176e+01 4.233899999999997963e-09
3.112382303749999934e+01 4.195420000000000387e-09
3.115747041379999871e+01 4.040799999999997048e-09
3.119111778999999984e+01 4.084079999999997750e-09
3.122476516629999921e+01 4.180740000000001013e-09
3.125841254259999857e+01 4.081839999999998387e-09
3.129205991879999971e+01 4.073679999999999523e-09
3.132570729509999907e+01 4.044279999999997950e-09
3.135935467130000021e+01 4.087280000000000386e-09
3.139300204759999957e+01 4.173179999999998197e-09
3.142664942380000070e+01 3.962620000000000116e-09
3.146029680010000007e+01 3.918619999999998200e-09
3.149394417639999944e+01 4.081860000000001453e-09
3.152759155260000057e+01 4.035659999999998035e-09
3.156123892889999993e+01 4.138900000000001083e-09
3.159488630510000107e+01 4.048079999999999942e-09
3.162853368140000043e+01 3.975419999999999079e-09
3.166218105760000157e+01 3.953479999999998222e-09
3.169582843390000093e+01 3.978239999999998041e-09
3.172947581020000030e+01 3.952920000000000035e-09
3.176312318640000143e+01 3.865199999999999432e-09
3.179677056270000080e+01 3.868420000000001826e-09
3.183041793889999838e+01 3.933279999999999470e-09
3.186406531520000129e+01 4.077379999999997763e-09
3.189771269139999887e+01 4.064359999999999808e-09
3.193136006769999824e+01 3.956219999999999807e-09
3.196500744389999937e+01 3.910820000000001597e-09
3.199865482019999874e+01 3.892899999999998417e-09
3.203230219649999810e+01 3.986260000000001908e-09
3.206594957269999924e+01 4.035919999999998198e-09
3.209959694900000216e+01 4.058199999999998249e-09
3.213324432520000329e+01 4.058419999999997241e-09
3.216689170149999910e+01 3.969579999999996957e-09
3.220053907770000023e+01 3.942259999999999991e-09
3.223418645400000315e+01 3.899979999999997114e-09
3.226783383029999897e+01 3.886340000000000044e-09
3.230148120650000010e+01 3.941000000000000349e-09
3.233512858280000302e+01 3.945299999999997946e-09
3.236877595899999704e+01 3.966840000000000335e-09
3.240242333529999996e+01 3.963999999999999960e-09
3.243607071150000110e+01 3.961999999999996038e-09
3.246971808779999691e+01 3.908919999999998119e-09
3.250336546409999983e+01 3.939940000000001596e-09
3.253701284030000096e+01 3.965679999999999483e-09
3.257066021659999677e+01 3.932839999999998177e-09
3.260430759279999791e+01 3.955240000000000085e-09
3.263795496910000082e+01 3.922040000000001482e-09
3.267160234530000196e+01 3.941739999999999667e-09
3.270524972159999777e+01 3.984420000000001012e-09
3.273889709790000069e+01 3.972179999999998581e-09
3.277254447410000182e+01 3.981119999999999586e-09
3.280619185039999763e+01 3.983500000000000565e-09
3.283983922659999877e+01 3.988140000000000664e-09
3.287348660290000169e+01 3.964999999999999439e-09
3.290713397910000282e+01 3.932859999999999590e-09
3.294078135539999863e+01 3.951080000000000794e-09
3.297442873170000155e+01 4.010739999999998498e-09
3.300807610790000268e+01 4.007119999999997635e-09
3.304172348419999850e+01 3.959880000000000185e-09
3.307537086039999963e+01 3.927340000000000213e-09
3.310901823670000255e+01 3.913019999999999791e-09
3.314266561289999657e+01 3.921239999999999582e-09
3.317631298919999949e+01 3.913839999999999794e-09
3.320996036540000063e+01 3.902639999999999667e-09
3.324360774170000354e+01 3.902619999999996600e-09
3.327725511799999936e+01 3.887799999999998920e-09
3.331090249420000049e+01 3.851759999999999942e-09
3.334454987050000341e+01 3.863719999999999144e-09
3.337819724669999744e+01 3.898100000000000012e-09
3.341184462300000035e+01 3.926819999999999888e-09
3.344549199920000149e+01 3.882439999999999261e-09
3.347913937549999730e+01 3.834819999999999792e-09
3.351278675180000022e+01 3.847539999999998069e-09
3.354643412800000135e+01 3.876939999999999642e-09
3.358008150429999716e+01 3.838820000000001019e-09
3.361372888049999830e+01 3.867319999999998594e-09
3.364737625680000122e+01 3.867440000000000450e-09
3.368102363300000235e+01 3.826159999999998707e-09
3.371467100929999816e+01 3.827719999999999682e-09
3.374831838560000108e+01 3.856179999999999395e-09
3.378196576180000221e+01 3.885540000000001453e-09
3.381561313809999803e+01 3.872020000000001276e-09
3.384926051429999916e+01 3.847539999999998069e-09
3.388290789060000208e+01 3.838359999999998313e-09
3.391655526680000321e+01 3.851399999999997681e-09
3.395020264309999902e+01 3.850159999999999451e-09
3.398385001940000194e+01 3.845739999999998344e-09
3.401749739560000307e+01 3.847859999999997505e-09
3.405114477189999889e+01 3.852879999999997970e-09
3.408479214810000002e+01 3.838539999999997790e-09
3.411843952440000294e+01 3.824739999999999347e-09
3.415208690059999697e+01 3.833579999999999908e-09
3.418573427689999988e+01 3.822339999999998611e-09
3.421938165320000280e+01 3.814619999999999386e-09
3.425302902939999683e+01 3.818919999999996983e-09
3.428667640569999975e+01 3.832060000000001758e-09
3.432032378190000088e+01 3.834579999999997733e-09
3.435397115819999669e+01 3.837059999999999155e-09
3.438761853439999783e+01 3.838420000000000896e-09
3.442126591070000075e+01 3.831859999999997560e-09
3.445491328699999656e+01 3.835739999999998585e-09
3.448856066319999769e+01 3.837539999999999964e-09
3.452220803950000061e+01 3.840739999999997637e-09
3.455585541570000174e+01 3.824859999999997895e-09
3.458950279199999756e+01 3.822159999999999134e-09
3.462315016819999869e+01 3.810779999999999531e-09
3.465679754450000161e+01 3.803800000000001278e-09
3.469044492070000274e+01 3.823580000000000149e-09
3.472409229699999855e+01 3.810259999999999207e-09
3.475773967330000147e+01 3.825959999999997819e-09
3.479138704950000260e+01 3.819259999999999486e-09
3.482503442579999842e+01 3.795840000000001649e-09
3.485868180199999955e+01 3.793979999999997687e-09
3.489232917830000247e+01 3.787059999999998708e-09
3.492597655449999650e+01 3.797160000000002219e-09
3.495962393079999941e+01 3.797140000000000807e-09
3.499327130710000233e+01 3.788260000000000730e-09
3.502691868330000347e+01 3.768019999999999154e-09
3.506056605959999928e+01 3.773139999999998408e-09
3.509421343580000041e+01 3.795459999999997976e-09
3.512786081210000333e+01 3.793959999999997929e-09
3.516150818829999736e+01 3.770260000000001826e-09
3.519515556460000028e+01 3.773979999999998170e-09
3.522880294090000319e+01 3.766919999999999230e-09
3.526245031709999722e+01 3.763559999999998530e-09
3.529609769340000014e+01 3.760419999999998477e-09
3.532974506960000127e+01 3.758559999999997824e-09
3.536339244589999709e+01 3.760079999999997628e-09
3.539703982209999822e+01 3.770640000000000537e-09
3.543068719840000114e+01 3.767299999999999595e-09
3.546433457469999695e+01 3.746699999999999066e-09
3.549798195089999808e+01 3.764839999999999585e-09
3.553162932720000100e+01 3.746720000000000479e-09
3.556527670340000213e+01 3.750639999999997711e-09
3.559892407969999795e+01 3.757780000000000645e-09
3.563257145589999908e+01 3.758400000000001414e-09
3.566621883220000200e+01 3.747559999999998586e-09
3.569986620849999781e+01 3.743659999999999457e-09
3.573351358469999894e+01 3.736459999999998903e-09
3.576716096100000186e+01 3.748079999999998910e-09
3.580080833720000300e+01 3.739379999999999964e-09
3.583445571349999881e+01 3.752080000000000137e-09
3.586810308969999994e+01 3.752460000000002157e-09
3.590175046600000286e+01 3.745320000000000876e-09
3.593539784219999689e+01 3.735199999999999261e-09
3.596904521849999981e+01 3.730899999999998356e-09
3.600269259480000272e+01 3.738319999999996248e-09
3.603633997099999675e+01 3.722499999999999088e-09
3.606998734729999967e+01 3.718619999999999717e-09
3.610363472350000080e+01 3.731999999999999934e-09
3.613728209979999662e+01 3.730560000000000816e-09
3.617092947599999775e+01 3.721159999999997105e-09
3.620457685230000067e+01 3.725120000000000470e-09
3.623822422859999648e+01 3.727500000000001449e-09
3.627187160479999761e+01 3.719040000000001252e-09
3.630551898110000053e+01 3.709879999999999601e-09
3.633916635730000166e+01 3.713319999999997678e-09
3.637281373359999748e+01 3.707959999999996365e-09
3.640646110979999861e+01 3.701340000000000373e-09
3.644010848610000153e+01 3.696080000000001158e-09
3.647375586239999734e+01 3.713199999999999130e-09
3.650740323859999847e+01 3.707739999999999027e-09
3.654105061490000139e+01 3.692979999999998966e-09
3.657469799110000253e+01 3.699740000000001536e-09
3.660834536739999834e+01 3.711419999999997509e-09
3.664199274359999947e+01 3.688039999999999188e-09
3.667564011990000239e+01 3.689639999999999679e-09
3.670928749619999820e+01 3.701419999999999405e-09
3.674293487239999934e+01 3.691819999999999769e-09
3.677658224870000225e+01 3.685180000000000710e-09
3.681022962490000339e+01 3.690279999999998552e-09
3.684387700119999920e+01 3.689560000000000647e-09
3.687752437740000033e+01 3.684559999999998286e-09
3.691117175370000325e+01 3.684620000000000869e-09
3.694481912999999906e+01 3.695419999999997564e-09
3.697846650620000020e+01 3.683019999999997069e-09
3.701211388250000311e+01 3.672000000000001382e-09
3.704576125869999714e+01 3.679259999999997901e-09
3.707940863500000006e+01 3.683959999999998929e-09
3.711305601120000119e+01 3.672319999999999164e-09
3.714670338749999701e+01 3.667300000000002008e-09
3.718035076379999992e+01 3.674719999999998246e-09
3.721399814000000106e+01 3.661700000000000290e-09
3.724764551629999687e+01 3.663199999999998682e-09
3.728129289249999800e+01 3.665279999999999982e-09
3.731494026880000092e+01 3.670979999999998836e-09
3.734858764500000206e+01 3.665319999999999498e-09
3.738223502129999787e+01 3.666640000000000069e-09
3.741588239749999900e+01 3.662739999999999286e-09
3.744952977380000192e+01 3.663000000000001103e-09
3.748317715009999773e+01 3.657080000000001603e-09
3.751682452629999887e+01 3.654379999999999534e-09
3.755047190260000178e+01 3.658779999999999229e-09
3.758411927880000292e+01 3.655439999999999942e-09
3.761776665509999873e+01 3.648560000000000478e-09
3.765141403129999986e+01 3.649060000000001045e-09
3.768506140760000278e+01 3.648219999999999630e-09
3.771870878389999859e+01 3.638939999999999430e-09
3.775235616009999973e+01 3.644019999999999169e-09
3.778600353640000264e+01 3.647300000000000836e-09
3.781965091259999667e+01 3.642559999999998638e-09
3.785329828889999959e+01 3.639099999999999148e-09
3.788694566510000072e+01 3.647380000000001523e-09
3.792059304139999654e+01 3.635119999999999334e-09
3.795424041769999945e+01 3.638400000000001002e-09
3.798788779390000059e+01 3.625440000000000666e-09
3.802153517020000351e+01 3.641179999999997139e-09
3.805518254639999753e+01 3.631080000000000245e-09
3.808882992270000045e+01 3.627979999999999708e-09
3.812247729890000159e+01 3.627119999999998534e-09
3.815612467519999740e+01 3.630399999999998548e-09
3.818977205150000032e+01 3.626400000000000629e-09
3.822341942770000145e+01 3.621400000000001577e-09
3.825706680399999726e+01 3.630379999999998790e-09
3.829071418019999840e+01 3.623980000000000135e-09
3.832436155650000131e+01 3.615379999999999979e-09
3.835800893270000245e+01 3.619719999999997091e-09
3.839165630899999826e+01 3.624139999999999853e-09
3.842530368530000118e+01 3.616519999999999419e-09
3.845895106150000231e+01 3.605499999999997114e-09
3.849259843779999812e+01 3.610539999999997336e-09
3.852624581399999926e+01 3.618579999999999306e-09
3.855989319030000217e+01 3.607680000000002166e-09
3.859354056650000331e+01 3.606959999999999299e-09
3.862718794279999912e+01 3.600520000000001128e-09
3.866083531900000025e+01 3.608399999999998417e-09
3.869448269530000317e+01 3.599019999999999427e-09
3.872813007159999898e+01 3.604419999999998602e-09
3.876177744780000012e+01 3.611219999999997379e-09
3.879542482410000304e+01 3.596379999999999941e-09
3.882907220029999706e+01 3.595839999999998204e-09
3.886271957659999998e+01 3.603980000000000618e-09
3.889636695280000112e+01 3.599499999999996928e-09
3.893001432909999693e+01 3.591040000000000040e-09
3.896366170539999985e+01 3.592379999999998714e-09
3.899730908160000098e+01 3.595480000000000906e-09
3.903095645789999679e+01 3.592259999999998512e-09
3.906460383409999793e+01 3.585899999999997719e-09
3.909825121040000084e+01 3.589720000000001124e-09
3.913189858660000198e+01 3.588719999999998336e-09
3.916554596289999779e+01 3.581339999999998305e-09
3.919919333920000071e+01 3.575439999999998564e-09
3.923284071540000184e+01 3.594320000000001708e-09
3.926648809169999765e+01 3.584999999999998684e-09
3.930013546789999879e+01 3.581339999999999960e-09
3.933378284420000170e+01 3.579619999999997612e-09
3.936743022040000284e+01 3.580139999999997937e-09
3.940107759669999865e+01 3.581460000000000162e-09
3.943472497300000157e+01 3.575259999999999087e-09
3.946837234920000270e+01 3.569619999999999508e-09
3.950201972549999851e+01 3.574199999999998680e-09
3.953566710169999965e+01 3.572719999999998391e-09
3.956931447800000257e+01 3.565319999999996948e-09
3.960296185419999659e+01 3.568519999999997930e-09
3.963660923049999951e+01 3.567579999999999379e-09
3.967025660680000243e+01 3.563420000000001742e-09
3.970390398299999646e+01 3.568900000000001603e-09
3.973755135929999938e+01 3.571920000000001454e-09
3.977119873550000051e+01 3.562019999999998831e-09
3.980484611180000343e+01 3.561779999999998427e-09
3.983849348799999746e+01 3.564180000000000817e-09
3.987214086430000037e+01 3.564979999999997754e-09
3.990578824060000329e+01 3.555379999999998118e-09
3.993943561679999732e+01 3.554259999999996782e-09
3.997308299310000024e+01 3.556800000000000787e-09
4.000673036930000137e+01 3.549799999999997813e-09
4.004037774559999718e+01 3.554559999999999769e-09
4.007402512179999832e+01 3.557699999999998168e-09
4.010767249810000123e+01 3.552740000000000286e-09
4.014131987430000237e+01 3.545100000000000093e-09
4.017496725059999818e+01 3.560759999999997535e-09
4.020861462690000110e+01 3.552180000000002100e-09
4.024226200310000223e+01 3.541680000000000120e-09
4.027590937939999804e+01 3.544399999999998638e-09
4.030955675559999918e+01 3.542819999999997905e-09
4.034320413190000210e+01 3.538340000000000832e-09
4.037685150810000323e+01 3.543260000000000852e-09
4.041049888439999904e+01 3.545399999999998117e-09
4.044414626070000196e+01 3.539160000000000835e-09
4.047779363690000309e+01 3.535719999999999449e-09
4.051144101319999891e+01 3.537719999999998409e-09
4.054508838940000004e+01 3.542619999999998671e-09
4.057873576570000296e+01 3.535319999999997672e-09
4.061238314189999699e+01 3.532860000000000971e-09
4.064603051819999990e+01 3.533959999999999240e-09
4.067967789450000282e+01 3.531939999999998869e-09
4.071332527069999685e+01 3.528100000000000669e-09
4.074697264699999977e+01 3.539079999999998495e-09
4.078062002320000090e+01 3.525200000000001020e-09
4.081426739949999671e+01 3.522380000000002058e-09
4.084791477569999785e+01 3.533659999999999562e-09
4.088156215200000076e+01 3.520579999999999024e-09
4.091520952829999658e+01 3.526420000000001146e-09
4.094885690449999771e+01 3.529619999999998819e-09
4.098250428080000063e+01 3.518020000000000224e-09
4.101615165700000176e+01 3.522419999999998265e-09
4.104979903329999757e+01 3.525859999999999651e-09
4.108344640949999871e+01 3.517819999999999335e-09
4.111709378580000163e+01 3.513139999999999720e-09
4.115074116209999744e+01 3.517099999999999776e-09
4.118438853829999857e+01 3.514680000000000937e-09
4.121803591460000149e+01 3.518579999999998411e-09
4.125168329080000262e+01 3.513480000000000568e-09
4.128533066709999844e+01 3.515499999999999286e-09
4.131897804329999957e+01 3.517460000000002037e-09
4.135262541960000249e+01 3.506960000000000057e-09
4.138627279579999652e+01 3.510899999999998702e-09
4.141992017209999943e+01 3.515560000000001868e-09
4.145356754840000235e+01 3.504959999999999444e-09
4.148721492460000349e+01 3.507699999999997720e-09
4.152086230089999930e+01 3.508079999999999739e-09
4.155450967710000043e+01 3.503699999999999802e-09
4.158815705340000335e+01 3.509460000000001238e-09
4.162180442959999738e+01 3.503339999999999195e-09
4.165545180590000029e+01 3.499540000000000511e-09
4.168909918220000321e+01 3.499759999999999503e-09
4.172274655839999724e+01 3.502240000000000926e-09
4.175639393470000016e+01 3.502879999999999799e-09
4.179004131090000129e+01 3.499339999999997968e-09
4.182368868719999710e+01 3.493179999999998064e-09
4.185733606339999824e+01 3.496959999999998644e-09
4.189098343970000116e+01 3.503359999999998953e-09
4.192463081599999697e+01 3.489279999999998936e-09
4.195827819219999810e+01 3.493120000000000444e-09
4.199192556850000102e+01 3.491919999999996768e-09
4.202557294470000215e+01 3.493359999999999195e-09
4.205922032099999797e+01 3.494839999999999483e-09
4.209286769719999910e+01 3.496459999999998077e-09
4.212651507350000202e+01 3.488699999999999337e-09
4.216016244979999783e+01 3.491379999999998339e-09
4.219380982599999896e+01 3.486499999999997835e-09
4.222745720230000188e+01 3.488059999999998810e-09
4.226110457850000302e+01 3.483599999999999840e-09
4.229475195479999883e+01 3.478439999999999416e-09
4.232839933099999996e+01 3.484200000000000852e-09
4.236204670730000288e+01 3.487979999999998123e-09
4.239569408359999869e+01 3.480279999999998657e-09
4.242934145979999983e+01 3.478579999999997721e-09
4.246298883610000274e+01 3.487800000000000301e-09
4.249663621229999677e+01 3.479919999999998050e-09
4.253028358859999969e+01 3.477140000000000258e-09
4.256393096480000082e+01 3.479579999999998855e-09
4.259757834109999663e+01 3.479419999999997483e-09
4.263122571739999955e+01 3.477840000000000059e-09
4.266487309360000069e+01 3.475159999999999402e-09
4.269852046989999650e+01 3.473459999999998467e-09
4.273216784609999763e+01 3.478819999999999780e-09
4.276581522240000055e+01 3.469379999999998208e-09
4.279946259860000168e+01 3.476340000000001667e-09
4.283310997489999750e+01 3.473199999999998305e-09
4.286675735109999863e+01 3.468499999999998931e-09
4.290040472740000155e+01 3.469159999999999216e-09
4.293405210369999736e+01 3.476619999999999933e-09
4.296769947989999849e+01 3.470239999999997728e-09
4.300134685620000141e+01 3.462979999999999554e-09
4.303499423240000255e+01 3.464139999999998752e-09
4.306864160869999836e+01 3.461819999999997047e-09
4.310228898489999949e+01 3.463679999999997701e-09
4.313593636120000241e+01 3.471179999999999588e-09
4.316958373749999822e+01 3.458120000000000462e-09
4.320323111369999936e+01 3.468759999999999093e-09
4.323687849000000227e+01 3.467399999999999007e-09
4.327052586620000341e+01 3.462699999999997979e-09
4.330417324249999922e+01 3.460520000000001198e-09
4.333782061870000035e+01 3.459520000000000064e-09
4.337146799500000327e+01 3.458039999999999776e-09
4.340511537129999908e+01 3.453239999999998303e-09
4.343876274750000022e+01 3.458579999999998204e-09
4.347241012380000313e+01 3.458339999999999454e-09
4.350605749999999716e+01 3.458939999999998811e-09
4.353970487630000008e+01 3.458359999999999212e-09
4.357335225250000121e+01 3.453500000000001774e-09
4.360699962879999703e+01 3.452479999999999228e-09
4.364064700509999994e+01 3.453939999999999759e-09
4.367429438130000108e+01 3.455140000000001781e-09
4.370794175759999689e+01 3.456540000000001383e-09
4.374158913379999802e+01 3.443059999999999068e-09
4.377523651010000094e+01 3.451199999999999828e-09
4.380888388630000208e+01 3.452199999999997653e-09
4.384253126259999789e+01 3.450280000000001035e-09
4.387617863890000081e+01 3.448340000000001350e-09
4.390982601510000194e+01 3.448739999999999818e-09
4.394347339139999775e+01 3.449439999999997965e-09
4.397712076759999889e+01 3.443279999999999715e-09
4.401076814390000180e+01 3.452299999999999752e-09
4.404441552010000294e+01 3.443719999999999354e-09
4.407806289639999875e+01 3.439679999999998611e-09
4.411171027259999988e+01 3.450559999999997647e-09
4.414535764890000280e+01 3.446080000000000574e-09
4.417900502519999861e+01 3.441240000000001240e-09
4.421265240139999975e+01 3.441419999999999062e-09
4.424629977770000266e+01 3.440699999999999503e-09
4.427994715389999669e+01 3.437999999999999088e-09
4.431359453019999961e+01 3.434360000000000122e-09
4.434724190640000074e+01 3.437640000000000136e-09
4.438088928269999656e+01 3.444479999999998429e-09
4.441453665899999947e+01 3.441879999999998458e-09
4.444818403520000061e+01 3.436279999999998395e-09
4.448183141150000353e+01 3.439299999999998246e-09
4.451547878769999755e+01 3.438379999999999453e-09
4.454912616400000047e+01 3.431919999999999870e-09
4.458277354020000161e+01 3.440900000000000391e-09
4.461642091649999742e+01 3.434999999999998995e-09
4.465006829280000034e+01 3.434939999999998067e-09
4.468371566900000147e+01 3.434960000000001133e-09
4.471736304529999728e+01 3.433439999999998020e-09
4.475101042149999842e+01 3.426719999999998275e-09
4.478465779780000133e+01 3.427519999999998520e-09
4.481830517400000247e+01 3.428339999999998524e-09
4.485195255029999828e+01 3.436539999999998557e-09
4.488559992660000120e+01 3.429459999999999860e-09
4.491924730280000233e+01 3.424119999999999959e-09
4.495289467909999814e+01 3.429819999999998812e-09
4.498654205529999928e+01 3.433860000000001209e-09
4.502018943160000219e+01 3.425740000000000208e-09
4.505383680780000333e+01 3.428499999999999896e-09
4.508748418409999914e+01 3.428539999999999412e-09
4.512113156040000206e+01 3.426240000000000775e-09
4.515477893660000319e+01 3.431179999999998898e-09
4.518842631289999900e+01 3.424620000000000526e-09
4.522207368910000014e+01 3.421019999999997767e-09
4.525572106540000306e+01 3.416240000000001016e-09
4.528936844159999708e+01 3.427860000000001023e-09
4.532301581790000000e+01 3.422759999999998218e-09
4.535666319420000292e+01 3.419159999999998768e-09
4.539031057039999695e+01 3.421320000000000754e-09
4.542395794669999987e+01 3.422259999999999306e-09
4.545760532290000100e+01 3.424800000000000002e-09
4.549125269919999681e+01 3.418299999999997595e-09
4.552490007539999795e+01 3.426160000000000088e-09
4.555854745170000086e+01 3.427579999999999449e-09
4.559219482790000200e+01 3.415679999999999521e-09
4.562584220419999781e+01 3.418020000000000983e-09
4.565948958050000073e+01 3.416279999999998878e-09
4.569313695670000186e+01 3.414019999999999756e-09
4.572678433299999767e+01 3.409659999999997922e-09
4.576043170919999881e+01 3.417059999999997711e-09
4.579407908550000172e+01 3.417180000000001222e-09
4.582772646170000286e+01 3.417219999999997429e-09
4.586137383799999867e+01 3.420559999999998371e-09
4.589502121430000159e+01 3.419599999999998407e-09
4.592866859050000272e+01 3.411659999999998536e-09
4.596231596679999853e+01 3.415179999999998954e-09
4.599596334299999967e+01 3.417419999999999972e-09
4.602961071930000259e+01 3.414699999999998145e-09
4.606325809549999661e+01 3.406060000000000127e-09
4.609690547179999953e+01 3.411959999999999869e-09
4.613055284810000245e+01 3.410660000000000711e-09
4.616420022429999648e+01 3.406259999999999361e-09
4.619784760059999940e+01 3.407399999999997146e-09
4.623149497680000053e+01 3.412919999999999832e-09
4.626514235310000345e+01 3.412399999999999507e-09
4.629878972929999748e+01 3.411219999999998897e-09
4.633243710560000039e+01 3.413179999999996686e-09
4.636608448190000331e+01 3.413919999999999312e-09
4.639973185809999734e+01 3.406499999999998111e-09
4.643337923440000026e+01 3.406219999999998191e-09
4.646702661060000139e+01 3.406839999999997305e-09
4.650067398689999720e+01 3.402320000000000717e-09
4.653432136309999834e+01 3.403779999999997938e-09
4.656796873940000125e+01 3.406859999999997063e-09
4.660161611569999707e+01 3.409540000000001029e-09
4.663526349189999820e+01 3.406580000000000452e-09
4.666891086820000112e+01 3.406659999999997829e-09
4.670255824440000225e+01 3.408639999999997030e-09
4.673620562069999806e+01 3.399179999999999009e-09
4.676985299689999920e+01 3.407840000000000094e-09
4.680350037320000212e+01 3.406179999999998675e-09
4.683714774940000325e+01 3.400959999999998976e-09
4.687079512569999906e+01 3.405139999999999679e-09
4.690444250200000198e+01 3.400720000000000226e-09
4.693808987820000311e+01 3.402939999999998177e-09
4.697173725449999893e+01 3.402759999999998701e-09
4.700538463070000006e+01 3.403739999999998422e-09
4.703903200700000298e+01 3.397979999999998641e-09
4.707267938319999701e+01 3.400559999999998853e-09
4.710632675949999992e+01 3.402479999999998780e-09
4.713997413580000284e+01 3.399119999999998081e-09
4.717362151199999687e+01 3.401719999999999705e-09
4.720726888829999979e+01 3.402399999999999749e-09
4.724091626450000092e+01 3.402799999999999871e-09
4.727456364079999673e+01 3.399159999999999251e-09
4.730821101699999787e+01 3.398419999999999934e-09
4.734185839330000078e+01 3.407599999999998035e-09
4.737550576959999660e+01 3.392240000000000272e-09
4.740915314579999773e+01 3.384619999999998182e-09
4.744280052210000065e+01 3.400639999999999540e-09
4.747644789830000178e+01 3.405919999999998512e-09
4.751009527459999759e+01 3.398199999999997633e-09
4.754374265079999873e+01 3.389099999999998564e-09
4.757739002710000165e+01 3.408759999999998887e-09
4.761103740339999746e+01 3.392759999999998942e-09
4.764468477959999859e+01 3.398499999999997311e-09
4.767833215590000151e+01 3.398120000000000255e-09
4.771197953210000264e+01 3.396019999999997543e-09
4.774562690839999846e+01 3.385899999999999237e-09
4.777927428459999959e+01 3.396639999999999967e-09
4.781292166090000251e+01 3.400420000000000547e-09
4.784656903719999832e+01 3.391499999999999300e-09
4.788021641339999945e+01 3.390639999999999781e-09
4.791386378970000237e+01 3.397779999999997752e-09
4.794751116590000350e+01 3.402019999999997729e-09
4.798115854219999932e+01 3.389019999999997878e-09
4.801480591840000045e+01 3.389439999999999413e-09
4.804845329470000337e+01 3.401619999999997607e-09
4.808210067099999918e+01 3.397679999999998962e-09
4.811574804720000031e+01 3.388240000000000699e-09
4.814939542350000323e+01 3.393799999999999592e-09
4.818304279969999726e+01 3.393119999999997895e-09
4.821669017600000018e+01 3.393639999999998220e-09
4.825033755220000131e+01 3.380700000000000950e-09
4.828398492849999712e+01 3.388579999999999893e-09
4.831763230469999826e+01 3.395699999999999761e-09
4.835127968100000118e+01 3.391540000000000471e-09
4.838492705729999699e+01 3.390039999999998770e-09
4.841857443349999812e+01 3.396500000000000007e-09
4.845222180980000104e+01 3.401899999999997527e-09
4.848586918600000217e+01 3.388039999999999811e-09
4.851951656229999799e+01 3.393480000000001810e-09
4.855316393849999912e+01 3.394599999999999837e-09
4.858681131480000204e+01 3.386160000000001054e-09
4.862045869109999785e+01 3.379800000000000261e-09
4.865410606729999898e+01 3.391699999999998534e-09
4.868775344360000190e+01 3.396500000000000007e-09
4.872140081980000303e+01 3.380659999999998126e-09
4.875504819609999885e+01 3.387439999999997145e-09
4.878869557229999998e+01 3.400939999999999218e-09
4.882234294860000290e+01 3.389799999999998365e-09
4.885599032489999871e+01 3.383399999999999711e-09
4.888963770109999984e+01 3.390339999999998448e-09
4.892328507740000276e+01 3.391939999999998939e-09
4.895693245359999679e+01 3.388859999999998160e-09
4.899057982989999971e+01 3.393359999999998299e-09
4.902422720610000084e+01 3.390160000000000626e-09
4.905787458239999665e+01 3.385979999999999923e-09
4.909152195869999957e+01 3.388079999999999326e-09
4.912516933490000071e+01 3.388539999999998723e-09
4.915881671119999652e+01 3.390499999999999821e-09
4.919246408739999765e+01 3.383719999999999147e-09
4.922611146370000057e+01 3.385339999999999396e-09
4.925975883990000170e+01 3.392799999999998458e-09
4.929340621619999752e+01 3.390219999999998246e-09
4.932705359250000043e+01 3.382179999999999585e-09
4.936070096870000157e+01 3.388240000000000699e-09
4.939434834499999738e+01 3.386999999999999161e-09
4.942799572119999851e+01 3.390739999999998571e-09
4.946164309750000143e+01 3.391480000000001197e-09
4.949529047370000256e+01 3.387559999999999002e-09
4.952893784999999838e+01 3.385560000000000042e-09
4.956258522619999951e+01 3.390819999999997603e-09
4.959623260250000243e+01 3.383980000000000964e-09
4.962987997879999824e+01 3.391419999999998614e-09
4.966352735499999937e+01 3.386520000000000006e-09
4.969717473130000229e+01 3.388260000000000457e-09
4.973082210750000343e+01 3.384579999999998666e-09
4.976446948379999924e+01 3.385700000000000003e-09
4.979811686000000037e+01 3.381599999999999986e-09
4.983176423630000329e+01 3.390019999999999012e-09
4.986541161259999910e+01 3.385179999999998023e-09
4.989905898880000024e+01 3.392059999999999141e-09
4.993270636510000315e+01 3.389759999999998849e-09
4.996635374129999718e+01 3.390779999999999741e-09
5.000000111760000010e+01 3.386380000000000046e-09
