0.000000000000000000e+00 4.743579999999998382e-06
7.178751057799999391e-02 3.207940000000001680e-05
1.435750211559999878e-01 2.466059999999999086e-04
2.153625317339999956e-01 6.627199999999997806e-05
2.871500423119999756e-01 6.901719999999997475e-04
3.589375528900000112e-01 3.902020000000000835e-04
4.307250634679999912e-01 1.912319999999999472e-04
5.025125740460000268e-01 7.507119999999997337e-04
5.743000846239999513e-01 2.968079999999997508e-04
6.460875952019999868e-01 6.511379999999999989e-05
7.178751057800000224e-01 8.303579999999997907e-04
7.896626163579999469e-01 1.411479999999999679e-03
8.614501269359999824e-01 2.643000000000000817e-04
9.332376375140000180e-01 2.527059999999998943e-04
1.005025148090000098e+00 1.946007999999999939e-03
1.076812658669999978e+00 3.398059999999997888e-03
1.148600169250000080e+00 2.794879999999999587e-03
1.220387679829999961e+00 1.675073999999998620e-03
1.292175190400000062e+00 1.925811999999998969e-03
1.363962700979999942e+00 3.309260000000001367e-03
1.435750211560000045e+00 1.900673999999999766e-03
1.507537722139999925e+00 2.655379999999998852e-03
1.579325232720000027e+00 2.810659999999997813e-03
1.651112743289999907e+00 2.369019999999999460e-03
1.722900253870000009e+00 1.214949999999999364e-03
1.794687764449999889e+00 1.494106000000000253e-03
1.866475275029999992e+00 1.802079999999999307e-03
1.938262785610000094e+00 1.672180000000000541e-03
2.010050296180000196e+00 2.599299999999998834e-03
2.081837806759999854e+00 2.358199999999999533e-03
2.153625317339999956e+00 3.780139999999997807e-03
2.225412827920000058e+00 3.877499999999999003e-03
2.297200338500000161e+00 9.818240000000000647e-04
2.368987849069999818e+00 2.097639999999999574e-03
2.440775359649999920e+00 4.751099999999997686e-03
2.512562870230000023e+00 8.200119999999998244e-03
2.584350380810000125e+00 9.752239999999995357e-03
2.656137891389999783e+00 1.250811999999999757e-02
2.727925401959999885e+00 1.370683999999999791e-02
2.799712912539999987e+00 1.408259999999998680e-02
2.871500423120000089e+00 6.445380000000000553e-03
2.943287933700000192e+00 1.169337999999999628e-02
3.015075444279999850e+00 1.073007999999999601e-02
3.086862954849999952e+00 4.954759999999999026e-03
3.158650465430000054e+00 1.110720000000000457e-02
3.230437976010000156e+00 7.534919999999997037e-03
3.302225486589999814e+00 2.106703999999999521e-02
3.374012997169999917e+00 4.156479999999998509e-02
3.445800507740000018e+00 7.403379999999998295e-02
3.517588018320000121e+00 6.970039999999996794e-02
3.589375528899999779e+00 8.157299999999997886e-02
3.661163039479999881e+00 7.830860000000000598e-02
3.732950550059999983e+00 7.567799999999996752e-02
3.804738060630000085e+00 3.807119999999999949e-02
3.876525571210000187e+00 3.763059999999998628e-02
3.948313081789999845e+00 2.518839999999998580e-02
4.020100592370000392e+00 6.406499999999999001e-03
4.091888102949999606e+00 1.460324000000000344e-02
4.163675613519999708e+00 7.898059999999994946e-03
4.235463124099999810e+00 2.173839999999999800e-03
4.307250634679999912e+00 1.072483999999999937e-02
4.379038145260000015e+00 1.886006000000000835e-03
4.450825655840000117e+00 2.846279999999997909e-03
4.522613166410000218e+00 9.973579999999995782e-03
4.594400676990000321e+00 5.793219999999998232e-03
4.666188187570000423e+00 3.850259999999997712e-03
4.737975698149999637e+00 4.394979999999999720e-03
4.809763208729999739e+00 1.004282000000000438e-03
4.881550719299999841e+00 2.086019999999999194e-03
4.953338229879999943e+00 6.436120000000000035e-04
5.025125740460000046e+00 9.886619999999995273e-04
5.096913251040000148e+00 7.263079999999997281e-04
5.168700761620000250e+00 1.882174000000000347e-03
5.240488272200000353e+00 2.346680000000000293e-03
5.312275782769999566e+00 1.750945999999999753e-04
5.384063293349999668e+00 1.197963999999999279e-03
5.455850803929999771e+00 5.877080000000001539e-04
5.527638314509999873e+00 2.334199999999999817e-03
5.599425825089999975e+00 7.876579999999996744e-04
5.671213335660000077e+00 7.217859999999998687e-04
5.743000846240000179e+00 1.224611999999999055e-03
5.814788356820000281e+00 1.003655999999999472e-03
5.886575867400000384e+00 7.790839999999997663e-04
5.958363377979999598e+00 6.517019999999996635e-04
6.030150888549999699e+00 2.028020000000000170e-03
6.101938399129999802e+00 3.636280000000000415e-03
6.173725909709999904e+00 1.320093999999999955e-03
6.245513420290000006e+00 3.345120000000001773e-03
6.317300930870000109e+00 1.955525999999999966e-03
6.389088441440000210e+00 1.916187999999999225e-03
6.460875952020000312e+00 1.272777999999999583e-03
6.532663462600000415e+00 2.825320000000000956e-03
6.604450973179999629e+00 2.845139999999999475e-03
6.676238483759999731e+00 1.173332000000000021e-03
6.748025994329999833e+00 2.078560000000000130e-03
6.819813504909999935e+00 2.579839999999999911e-03
6.891601015490000037e+00 5.755999999999998964e-04
6.963388526070000140e+00 1.389025999999999803e-03
7.035176036650000242e+00 1.017950000000000105e-03
7.106963547220000343e+00 1.201987999999999321e-03
7.178751057799999558e+00 2.438159999999999980e-04
7.250538568379999660e+00 1.199037999999999493e-03
7.322326078959999762e+00 6.062620000000002070e-04
7.394113589539999865e+00 1.002453999999999412e-03
7.465901100109999966e+00 5.856119999999996779e-04
7.537688610690000068e+00 6.374359999999994718e-04
7.609476121270000171e+00 4.225059999999995763e-04
7.681263631850000273e+00 2.771780000000001031e-04
7.753051142430000375e+00 7.661040000000000905e-04
7.824838652999999589e+00 7.307079999999996182e-04
7.896626163579999691e+00 1.846495999999999338e-04
7.968413674159999793e+00 4.085019999999996067e-04
8.040201184740000784e+00 3.750520000000000676e-04
8.111988695320000886e+00 2.446159999999999090e-04
8.183776205890000099e+00 6.750879999999999034e-04
8.255563716470000202e+00 4.823859999999997959e-04
8.327351227050000304e+00 3.447139999999998712e-04
8.399138737630000406e+00 4.194419999999996884e-04
8.470926248210000509e+00 3.775640000000001547e-04
8.542713758779999722e+00 6.801360000000000218e-04
8.614501269359999824e+00 6.094099999999998997e-04
8.686288779939999927e+00 9.528619999999996329e-04
8.758076290520000029e+00 4.437799999999997389e-04
8.829863801100000131e+00 3.840299999999998316e-04
8.901651311669999345e+00 5.052379999999998678e-04
8.973438822249999447e+00 2.920180000000000085e-04
9.045226332829999549e+00 8.913839999999989723e-04
9.117013843409999652e+00 1.615296000000000440e-03
9.188801353989999754e+00 1.235136000000000393e-03
9.260588864560000744e+00 9.973199999999994569e-04
9.332376375140000846e+00 1.684157999999999836e-03
9.404163885719999172e+00 2.433699999999999145e-04
9.475951396299999274e+00 2.227819999999999280e-04
9.547738906879999377e+00 1.174367999999999419e-03
9.619526417450000366e+00 8.303600000000000390e-04
9.691313928030000469e+00 9.877160000000000280e-04
9.763101438610000571e+00 1.887916000000000767e-03
9.834888949190000673e+00 6.662539999999998047e-04
9.906676459770000776e+00 4.444979999999999851e-04
9.978463970339999989e+00 1.515136000000000260e-03
1.005025148090000009e+01 1.931997999999998574e-04
1.012203899150000019e+01 1.759726000000000302e-04
1.019382650210000030e+01 1.386477999999999149e-03
1.026561401270000040e+01 4.011839999999999590e-04
1.033740152320000050e+01 1.766225999999999213e-03
1.040918903380000060e+01 1.837479999999999843e-03
1.048097654440000071e+01 3.722140000000000518e-04
1.055276405500000081e+01 1.003941999999999422e-03
1.062455156549999913e+01 4.590519999999999410e-04
1.069633907609999923e+01 1.062127999999999857e-03
1.076812658669999934e+01 4.865879999999998210e-04
1.083991409729999944e+01 2.893239999999999831e-04
1.091170160789999954e+01 9.838379999999994664e-04
1.098348911839999964e+01 7.175039999999998849e-04
1.105527662899999974e+01 4.575079999999996996e-04
1.112706413959999985e+01 6.778299999999999256e-04
1.119885165019999995e+01 3.500099999999999913e-04
1.127063916070000005e+01 7.409759999999999611e-04
1.134242667130000015e+01 1.403484000000000415e-03
1.141421418190000026e+01 7.394659999999998214e-04
1.148600169250000036e+01 5.271559999999999788e-04
1.155778920310000046e+01 7.857179999999999200e-04
1.162957671360000056e+01 6.786640000000000467e-04
1.170136422420000066e+01 1.153635999999999984e-03
1.177315173480000077e+01 4.180299999999997906e-04
1.184493924540000087e+01 4.587819999999998098e-04
1.191672675599999920e+01 1.916980000000000203e-04
1.198851426649999929e+01 5.015760000000001051e-04
1.206030177709999940e+01 4.411800000000000010e-04
1.213208928769999950e+01 4.775019999999998745e-04
1.220387679829999961e+01 1.888769999999999468e-04
1.227566430879999970e+01 2.694079999999999522e-04
1.234745181939999981e+01 2.320679999999999878e-04
1.241923932999999991e+01 4.203699999999999885e-04
1.249102684060000001e+01 3.062679999999998398e-04
1.256281435120000012e+01 4.185719999999997594e-05
1.263460186170000021e+01 1.284148000000000364e-04
1.270638937230000032e+01 2.579600000000000035e-04
1.277817688290000042e+01 3.269400000000001732e-04
1.284996439350000053e+01 1.757827999999999257e-05
1.292175190400000062e+01 7.413739999999999935e-05
1.299353941460000073e+01 1.432257999999999188e-04
1.306532692520000083e+01 2.697020000000000277e-04
1.313711443579999916e+01 3.001679999999999626e-04
1.320890194639999926e+01 1.845463999999999785e-04
1.328068945689999936e+01 1.464535999999999356e-04
1.335247696749999946e+01 5.493859999999999607e-05
1.342426447809999956e+01 1.095027999999999843e-04
1.349605198869999967e+01 4.129799999999999660e-05
1.356783949919999976e+01 1.204891999999999509e-04
1.363962700979999987e+01 1.558586000000000259e-04
1.371141452039999997e+01 7.253499999999995520e-05
1.378320203100000008e+01 2.561440000000000331e-05
1.385498954160000018e+01 1.542483999999999782e-04
1.392677705210000028e+01 1.414372000000000220e-04
1.399856456270000038e+01 1.051264000000000105e-04
1.407035207330000048e+01 1.449399999999999777e-04
1.414213958390000059e+01 6.758919999999999316e-05
1.421392709440000068e+01 1.262059999999999636e-04
1.428571460500000079e+01 1.362040000000000126e-04
1.435750211559999912e+01 8.932880000000001115e-05
1.442928962619999922e+01 5.456199999999996990e-05
1.450107713679999932e+01 7.911940000000002721e-05
1.457286464729999942e+01 4.296499999999997912e-05
1.464465215789999952e+01 5.521819999999998574e-05
1.471643966849999963e+01 8.800280000000000385e-05
1.478822717909999973e+01 8.278300000000001022e-05
1.486001468959999983e+01 8.383760000000000517e-05
1.493180220019999993e+01 9.427019999999999064e-05
1.500358971080000003e+01 8.387419999999996345e-05
1.507537722140000014e+01 6.385399999999998868e-05
1.514716473200000024e+01 3.800779999999997854e-05
1.521895224250000034e+01 7.878700000000003019e-05
1.529073975310000044e+01 9.636639999999999269e-05
1.536252726370000055e+01 3.621859999999998557e-05
1.543431477430000065e+01 9.511680000000001739e-05
1.550610228490000075e+01 1.176495999999999857e-04
1.557788979540000085e+01 1.178647999999999155e-04
1.564967730599999918e+01 6.189919999999998496e-05
1.572146481659999928e+01 3.219260000000000752e-05
1.579325232719999939e+01 4.322520000000002111e-05
1.586503983769999948e+01 8.350739999999997232e-06
1.593682734829999958e+01 1.836345999999999172e-05
1.600861485889999969e+01 7.395600000000002172e-05
1.608040236949999979e+01 4.433479999999998759e-05
1.615218988009999990e+01 4.555119999999999851e-05
1.622397739060000177e+01 7.097499999999997691e-05
1.629576490119999832e+01 2.891319999999999958e-05
1.636755241179999842e+01 4.165359999999999029e-05
1.643933992239999853e+01 3.295600000000000092e-05
1.651112743290000040e+01 2.367791999999999369e-05
1.658291494350000050e+01 4.297240000000000890e-05
1.665470245410000061e+01 3.838799999999998550e-05
1.672648996470000071e+01 5.794659999999997812e-05
1.679827747530000082e+01 3.367019999999998131e-05
1.687006498579999914e+01 2.224177999999999290e-05
1.694185249639999924e+01 2.136647999999999130e-05
1.701364000699999934e+01 3.565060000000000050e-05
1.708542751759999945e+01 6.286379999999997231e-05
1.715721502810000132e+01 6.697059999999997845e-05
1.722900253870000142e+01 5.139639999999999465e-05
1.730079004930000153e+01 7.633499999999996625e-05
1.737257755990000163e+01 5.785199999999997397e-05
1.744436507050000174e+01 3.063459999999999296e-05
1.751615258100000005e+01 2.142694000000000597e-05
1.758794009160000016e+01 1.591269999999999420e-05
1.765972760220000026e+01 2.110369999999999922e-05
1.773151511280000037e+01 7.901760000000000728e-05
1.780330262329999869e+01 1.674283999999999435e-05
1.787509013389999879e+01 2.550479999999999338e-05
1.794687764449999889e+01 6.772059999999999668e-05
1.801866515509999900e+01 4.544019999999998551e-05
1.809045266569999910e+01 3.853635999999999978e-06
1.816224017620000097e+01 1.715452000000000123e-05
1.823402768680000108e+01 3.623499999999996732e-05
1.830581519740000118e+01 1.274538000000000027e-05
1.837760270800000129e+01 3.220579999999998225e-05
1.844939021849999961e+01 4.569420000000000035e-05
1.852117772909999971e+01 3.162319999999999227e-05
1.859296523969999981e+01 4.641359999999999215e-05
1.866475275029999992e+01 1.272984000000000076e-05
1.873654026090000002e+01 7.419239999999997765e-06
1.880832777139999834e+01 2.435804000000000235e-05
1.888011528199999844e+01 3.567939999999999588e-05
1.895190279259999855e+01 5.315159999999999438e-05
1.902369030319999865e+01 1.029732000000000189e-05
1.909547781379999876e+01 3.943099999999998212e-05
1.916726532430000063e+01 1.600543999999999697e-05
1.923905283490000073e+01 3.111259999999999753e-05
1.931084034550000084e+01 2.635544000000000461e-05
1.938262785610000094e+01 3.024799999999999906e-05
1.945441536659999926e+01 3.822420000000001936e-05
1.952620287719999936e+01 3.526219999999998910e-05
1.959799038779999947e+01 6.044519999999999516e-05
1.966977789839999957e+01 6.711719999999998820e-05
1.974156540899999968e+01 3.581199999999998848e-05
1.981335291950000155e+01 3.242559999999998987e-05
1.988514043010000165e+01 3.698799999999999213e-05
1.995692794070000176e+01 3.685199999999999208e-05
2.002871545129999831e+01 4.762079999999998289e-05
2.010050296180000018e+01 4.422720000000000915e-05
2.017229047240000028e+01 2.802244000000000067e-05
2.024407798300000039e+01 4.811780000000000202e-05
2.031586549360000049e+01 2.536995999999999316e-05
2.038765300420000059e+01 3.657679999999999851e-05
2.045944051469999891e+01 5.910719999999998866e-05
2.053122802529999902e+01 9.271640000000000561e-06
2.060301553589999912e+01 1.635839999999998216e-06
2.067480304649999923e+01 1.491151999999999577e-05
2.074659055700000110e+01 2.138015999999999962e-05
2.081837806760000120e+01 8.047919999999995954e-06
2.089016557820000131e+01 4.354600000000000625e-05
2.096195308880000141e+01 3.155519999999999224e-05
2.103374059940000151e+01 3.445920000000000374e-05
2.110552810989999983e+01 4.185160000000000770e-06
2.117731562049999994e+01 2.079039999999999664e-05
2.124910313110000004e+01 5.493460000000001441e-06
2.132089064170000015e+01 1.891865999999998939e-05
2.139267815219999846e+01 2.958303999999999383e-05
2.146446566279999857e+01 1.735709999999999684e-05
2.153625317339999867e+01 6.170927999999998730e-06
2.160804068399999878e+01 1.808739999999999898e-05
2.167982819459999888e+01 3.297899999999998359e-05
2.175161570510000075e+01 2.028148000000000423e-05
2.182340321570000086e+01 5.568180000000000617e-06
2.189519072630000096e+01 5.047659999999999712e-06
2.196697823690000106e+01 3.710839999999997153e-05
2.203876574750000117e+01 2.807095999999999322e-05
2.211055325799999949e+01 1.567069999999999889e-05
2.218234076859999959e+01 2.747252000000000645e-05
2.225412827919999970e+01 2.787255999999999187e-05
2.232591578979999980e+01 2.238684000000000333e-05
2.239770330030000167e+01 1.601621999999999215e-05
2.246949081090000178e+01 3.268355999999998358e-05
2.254127832149999833e+01 1.390541999999999874e-05
2.261306583209999843e+01 2.046563999999999876e-05
2.268485334269999854e+01 1.400011999999999633e-05
2.275664085320000041e+01 4.728939999999997451e-06
2.282842836380000051e+01 2.366122000000000451e-05
2.290021587440000062e+01 1.021566000000000173e-05
2.297200338500000072e+01 1.315833999999999504e-05
2.304379089549999904e+01 2.138566000000000490e-05
2.311557840609999914e+01 9.872260000000000920e-06
2.318736591669999925e+01 1.079742000000000072e-05
2.325915342729999935e+01 1.641299999999999346e-05
2.333094093789999945e+01 8.855559999999994204e-06
2.340272844840000133e+01 9.952080000000001114e-06
2.347451595900000143e+01 4.316599999999998617e-06
2.354630346960000153e+01 7.520499999999996860e-06
2.361809098020000164e+01 3.562019999999998805e-06
2.368987849069999996e+01 6.066979999999996587e-06
2.376166600130000006e+01 1.230459999999999735e-05
2.383345351190000017e+01 9.814939999999995851e-06
2.390524102250000027e+01 1.747973999999999741e-05
2.397702853310000037e+01 1.435358000000000293e-05
2.404881604359999869e+01 4.895299999999996990e-06
2.412060355419999880e+01 4.712720000000001188e-06
2.419239106479999890e+01 9.997779999999996289e-06
2.426417857539999900e+01 1.225442000000000388e-05
2.433596608590000088e+01 1.074291999999999641e-05
2.440775359650000098e+01 7.316500000000000168e-06
2.447954110710000108e+01 1.496206000000000088e-05
2.455132861770000119e+01 1.981577999999999275e-05
2.462311612830000129e+01 1.349870000000000003e-05
2.469490363879999961e+01 1.351209999999999553e-05
2.476669114939999972e+01 1.162403999999999857e-05
2.483847865999999982e+01 1.349047999999999421e-05
2.491026617059999992e+01 6.754759999999999004e-06
2.498205368109999824e+01 8.188559999999995339e-06
2.505384119169999835e+01 1.806243999999998761e-05
2.512562870229999845e+01 1.440519999999999550e-05
2.519741621289999856e+01 1.140753999999999819e-05
2.526920372349999866e+01 1.158895999999999754e-05
2.534099123400000053e+01 1.680785999999998920e-05
2.541277874460000064e+01 1.146161999999999344e-05
2.548456625520000074e+01 6.008840000000005305e-06
2.555635376580000084e+01 1.145922000000000173e-05
2.562814127640000095e+01 1.088443999999999637e-05
2.569992878689999927e+01 1.298359999999999543e-05
2.577171629749999937e+01 7.647780000000003542e-06
2.584350380809999947e+01 1.114931999999999984e-05
2.591529131869999958e+01 1.349423999999999974e-05
2.598707882920000145e+01 8.378959999999999479e-06
2.605886633980000155e+01 9.174959999999996601e-06
2.613065385040000166e+01 6.855019999999999294e-06
2.620244136100000176e+01 1.317089999999999277e-05
2.627422887159999831e+01 4.646839999999997000e-06
2.634601638210000019e+01 9.905980000000001674e-06
2.641780389270000029e+01 8.966799999999996887e-06
2.648959140330000039e+01 1.193381999999999885e-05
2.656137891390000050e+01 1.001815999999999558e-05
2.663316642439999882e+01 1.009748000000000145e-05
2.670495393499999892e+01 9.139539999999998895e-06
2.677674144559999903e+01 7.418740000000000057e-06
2.684852895619999913e+01 9.402219999999997539e-06
2.692031646679999923e+01 1.073930000000000067e-05
2.699210397730000111e+01 9.608259999999998026e-06
2.706389148790000121e+01 1.204371999999999588e-05
2.713567899850000131e+01 1.135203999999999846e-05
2.720746650910000142e+01 9.629539999999995898e-06
2.727925401959999974e+01 7.145500000000001297e-06
2.735104153019999984e+01 9.389499999999995398e-06
2.742282904079999994e+01 1.002734000000000080e-05
2.749461655140000005e+01 1.047761999999999744e-05
2.756640406200000015e+01 8.226660000000000954e-06
2.763819157249999847e+01 1.000316000000000334e-05
2.770997908309999858e+01 1.154015999999999896e-05
2.778176659369999868e+01 7.786519999999998761e-06
2.785355410429999878e+01 1.080422000000000207e-05
2.792534161480000066e+01 9.201460000000000498e-06
2.799712912540000076e+01 6.968980000000002520e-06
2.806891663600000086e+01 8.746699999999995386e-06
2.814070414660000097e+01 8.866179999999998518e-06
2.821249165720000107e+01 8.675739999999998355e-06
2.828427916769999939e+01 7.194340000000002679e-06
2.835606667829999950e+01 8.571400000000000639e-06
2.842785418889999960e+01 9.404879999999993885e-06
2.849964169949999970e+01 8.599779999999997138e-06
2.857142921000000158e+01 7.860379999999995374e-06
2.864321672060000168e+01 8.510539999999995261e-06
2.871500423119999823e+01 9.738380000000000094e-06
2.878679174179999833e+01 7.393559999999993633e-06
2.885857925239999844e+01 9.617339999999996252e-06
2.893036676290000031e+01 7.958480000000000415e-06
2.900215427350000041e+01 8.168579999999996930e-06
2.907394178410000052e+01 9.733439999999993328e-06
2.914572929470000062e+01 8.827299999999999323e-06
2.921751680530000073e+01 8.652259999999995660e-06
2.928930431579999905e+01 8.951980000000000305e-06
2.936109182639999915e+01 8.912859999999997874e-06
2.943287933699999925e+01 7.662399999999996297e-06
2.950466684759999936e+01 8.246080000000000846e-06
2.957645435810000123e+01 8.836719999999997617e-06
2.964824186870000133e+01 8.927699999999999243e-06
2.972002937930000144e+01 8.503080000000001943e-06
2.979181688990000154e+01 7.257620000000004554e-06
2.986360440050000165e+01 8.702260000000003651e-06
2.993539191099999996e+01 8.663579999999994731e-06
3.000717942160000007e+01 8.173899999999999786e-06
3.007896693220000017e+01 8.527119999999996380e-06
3.015075444280000028e+01 8.454839999999995100e-06
3.022254195329999860e+01 8.225659999999995373e-06
3.029432946389999870e+01 7.574159999999996614e-06
3.036611697449999880e+01 8.037480000000000844e-06
3.043790448509999891e+01 7.658719999999999748e-06
3.050969199569999901e+01 8.025039999999997962e-06
3.058147950620000088e+01 7.963679999999998265e-06
3.065326701680000099e+01 8.074380000000000440e-06
3.072505452740000109e+01 7.765999999999999846e-06
3.079684203800000120e+01 8.328340000000002325e-06
3.086862954849999952e+01 8.095539999999996694e-06
3.094041705909999962e+01 8.153820000000001157e-06
3.101220456969999972e+01 7.593599999999997905e-06
3.108399208029999983e+01 8.201179999999997261e-06
3.115577959089999993e+01 8.328319999999997538e-06
3.122756710139999825e+01 7.567179999999999604e-06
3.129935461199999835e+01 8.109600000000001096e-06
3.137114212259999846e+01 8.132160000000003807e-06
3.144292963319999856e+01 7.861599999999996016e-06
3.151471714370000043e+01 7.635679999999993951e-06
3.158650465430000054e+01 8.215699999999999961e-06
3.165829216490000064e+01 7.601119999999998808e-06
3.173007967550000075e+01 7.962859999999998499e-06
3.180186718610000085e+01 7.824720000000001208e-06
3.187365469659999917e+01 7.456979999999998525e-06
3.194544220719999927e+01 7.721700000000000964e-06
3.201722971779999938e+01 7.240599999999999760e-06
3.208901722840000303e+01 7.656739999999996761e-06
3.216080473899999959e+01 8.298339999999994142e-06
3.223259224950000146e+01 7.363959999999999880e-06
3.230437976009999801e+01 7.473019999999999137e-06
3.237616727070000167e+01 7.458459999999997027e-06
3.244795478129999822e+01 7.983559999999999843e-06
3.251974229180000009e+01 7.474919999999996527e-06
3.259152980239999664e+01 7.415840000000003862e-06
3.266331731300000030e+01 7.003539999999994274e-06
3.273510482359999685e+01 7.493979999999991564e-06
3.280689233420000051e+01 7.439919999999997709e-06
3.287867984470000238e+01 7.682399999999999494e-06
3.295046735529999893e+01 7.014299999999994828e-06
3.302225486590000259e+01 7.445459999999995627e-06
3.309404237649999914e+01 7.192539999999995344e-06
3.316582988700000101e+01 7.549119999999999984e-06
3.323761739759999756e+01 7.249599999999999165e-06
3.330940490820000122e+01 7.077619999999996113e-06
3.338119241879999777e+01 7.381019999999997307e-06
3.345297992940000142e+01 7.089079999999998202e-06
3.352476743990000330e+01 7.423599999999994450e-06
3.359655495049999985e+01 7.045219999999996220e-06
3.366834246110000350e+01 7.201219999999996081e-06
3.374012997170000006e+01 7.355120000000001503e-06
3.381191748220000193e+01 7.221720000000000374e-06
3.388370499279999848e+01 7.383139999999999923e-06
3.395549250340000214e+01 7.196340000000000289e-06
3.402728001399999869e+01 7.288139999999998292e-06
3.409906752460000234e+01 6.964819999999996108e-06
3.417085503509999711e+01 7.559959999999999358e-06
3.424264254570000077e+01 7.213040000000003026e-06
3.431443005629999732e+01 7.385539999999998409e-06
3.438621756690000097e+01 7.257660000000000576e-06
3.445800507740000285e+01 7.139680000000000733e-06
3.452979258799999940e+01 7.172739999999995974e-06
3.460158009860000305e+01 6.893999999999998708e-06
3.467336760919999961e+01 6.874560000000000805e-06
3.474515511980000326e+01 6.990900000000001117e-06
3.481694263029999803e+01 7.171879999999996799e-06
3.488873014090000169e+01 6.821139999999997511e-06
3.496051765149999824e+01 6.846919999999998474e-06
3.503230516210000189e+01 7.121559999999996915e-06
3.510409267259999666e+01 6.941519999999999228e-06
3.517588018320000032e+01 6.878339999999997573e-06
3.524766769379999687e+01 6.673140000000001639e-06
3.531945520440000053e+01 7.014639999999998284e-06
3.539124271499999708e+01 7.066519999999998879e-06
3.546303022549999895e+01 6.662280000000000865e-06
3.553481773610000261e+01 6.604479999999999487e-06
3.560660524669999916e+01 6.609039999999999999e-06
3.567839275730000281e+01 6.739019999999995661e-06
3.575018026789999936e+01 6.819239999999996733e-06
3.582196777840000124e+01 6.974339999999998010e-06
3.589375528899999779e+01 6.725040000000000244e-06
3.596554279960000144e+01 6.710139999999998066e-06
3.603733031019999800e+01 6.529100000000001574e-06
3.610911782069999987e+01 6.728419999999999524e-06
3.618090533130000352e+01 6.618639999999997332e-06
3.625269284190000008e+01 6.688459999999999317e-06
3.632448035249999663e+01 6.796820000000000427e-06
3.639626786310000028e+01 6.866379999999997776e-06
3.646805537360000216e+01 6.779019999999998667e-06
3.653984288419999871e+01 6.755499999999999949e-06
3.661163039480000236e+01 6.563659999999996717e-06
3.668341790539999892e+01 6.625539999999998910e-06
3.675520541590000079e+01 6.675620000000002333e-06
3.682699292649999734e+01 6.570259999999997636e-06
3.689878043710000100e+01 6.547599999999998094e-06
3.697056794769999755e+01 6.505259999999997412e-06
3.704235545830000120e+01 6.499959999999999343e-06
3.711414296880000308e+01 6.635479999999999699e-06
3.718593047939999963e+01 6.544899999999998950e-06
3.725771799000000328e+01 6.402339999999997387e-06
3.732950550059999983e+01 6.397980000000000702e-06
3.740129301110000171e+01 6.462279999999999392e-06
3.747308052169999826e+01 6.397400000000000786e-06
3.754486803230000191e+01 6.345439999999997983e-06
3.761665554289999847e+01 6.277699999999995816e-06
3.768844305350000212e+01 6.374739999999997855e-06
3.776023056399999689e+01 6.313419999999997568e-06
3.783201807460000055e+01 6.410240000000001157e-06
3.790380558519999710e+01 6.301779999999999827e-06
3.797559309580000075e+01 6.486919999999995144e-06
3.804738060630000263e+01 6.199879999999996619e-06
3.811916811689999918e+01 6.204899999999998817e-06
3.819095562750000283e+01 6.256539999999999563e-06
3.826274313809999938e+01 6.296360000000000140e-06
3.833453064870000304e+01 6.308739999999998826e-06
3.840631815919999781e+01 6.198219999999999077e-06
3.847810566980000146e+01 6.276960000000001647e-06
3.854989318039999802e+01 6.293839999999996647e-06
3.862168069100000167e+01 6.216559999999997957e-06
3.869346820150000354e+01 6.074679999999999918e-06
3.876525571210000010e+01 6.153580000000000128e-06
3.883704322269999665e+01 6.263159999999995105e-06
3.890883073330000030e+01 6.185779999999996195e-06
3.898061824389999686e+01 6.097859999999998568e-06
3.905240575439999873e+01 6.250799999999997819e-06
3.912419326500000238e+01 6.173340000000000088e-06
3.919598077559999894e+01 6.188039999999998440e-06
3.926776828620000259e+01 6.013220000000000002e-06
3.933955579679999914e+01 6.113539999999997713e-06
3.941134330730000102e+01 6.097779999999999748e-06
3.948313081789999757e+01 6.041439999999995473e-06
3.955491832850000122e+01 6.014419999999995857e-06
3.962670583909999777e+01 6.138279999999997073e-06
3.969849334959999965e+01 6.134220000000001046e-06
3.977028086020000330e+01 6.017220000000001996e-06
3.984206837079999985e+01 5.994679999999997296e-06
3.991385588140000351e+01 5.953619999999998065e-06
3.998564339200000006e+01 6.006659999999998492e-06
4.005743090250000193e+01 5.923019999999995343e-06
4.012921841309999849e+01 5.916500000000000020e-06
4.020100592370000214e+01 5.914879999999998500e-06
4.027279343429999869e+01 5.969619999999995879e-06
4.034458094480000057e+01 5.934500000000002219e-06
4.041636845539999712e+01 5.947119999999997365e-06
4.048815596600000077e+01 5.965820000000001099e-06
4.055994347659999733e+01 5.905479999999998218e-06
4.063173098720000098e+01 5.887860000000002273e-06
4.070351849770000285e+01 5.822279999999998743e-06
4.077530600829999941e+01 5.852019999999998902e-06
4.084709351890000306e+01 5.839119999999997721e-06
4.091888102949999961e+01 5.801000000000000871e-06
4.099066854000000149e+01 5.884619999999999234e-06
4.106245605059999804e+01 5.891059999999999125e-06
4.113424356120000169e+01 5.797220000000000715e-06
4.120603107179999824e+01 5.814819999999998649e-06
4.127781858240000190e+01 5.841499999999998197e-06
4.134960609289999667e+01 5.795140000000000897e-06
4.142139360350000032e+01 5.747999999999999854e-06
4.149318111409999688e+01 5.773659999999999199e-06
4.156496862470000053e+01 5.771879999999996651e-06
4.163675613520000240e+01 5.802800000000001430e-06
4.170854364579999896e+01 5.761679999999998002e-06
4.178033115640000261e+01 5.759059999999997678e-06
4.185211866699999916e+01 5.673039999999997441e-06
4.192390617760000282e+01 5.712459999999997142e-06
4.199569368809999759e+01 5.699079999999999652e-06
4.206748119870000124e+01 5.667740000000002761e-06
4.213926870929999779e+01 5.662480000000000714e-06
4.221105621990000145e+01 5.638120000000000832e-06
4.228284373049999800e+01 5.652039999999998828e-06
4.235463124099999987e+01 5.669460000000001111e-06
4.242641875160000353e+01 5.663640000000000547e-06
4.249820626220000008e+01 5.651779999999997580e-06
4.256999377279999663e+01 5.631299999999998075e-06
4.264178128329999851e+01 5.609719999999999545e-06
4.271356879390000216e+01 5.595160000000000823e-06
4.278535630449999871e+01 5.572340000000000252e-06
4.285714381510000237e+01 5.573739999999999934e-06
4.292893132569999892e+01 5.590619999999998322e-06
4.300071883620000079e+01 5.571939999999999375e-06
4.307250634679999735e+01 5.556680000000002506e-06
4.314429385740000100e+01 5.589519999999995910e-06
4.321608136799999755e+01 5.565259999999999635e-06
4.328786887849999943e+01 5.574299999999998451e-06
4.335965638910000308e+01 5.531919999999998359e-06
4.343144389969999963e+01 5.551879999999998757e-06
4.350323141030000329e+01 5.500620000000000878e-06
4.357501892089999984e+01 5.472159999999998782e-06
4.364680643140000171e+01 5.528639999999999298e-06
4.371859394199999826e+01 5.496500000000000653e-06
4.379038145260000192e+01 5.474919999999998735e-06
4.386216896319999847e+01 5.492359999999999029e-06
4.393395647370000034e+01 5.435760000000000282e-06
4.400574398429999690e+01 5.498999999999999358e-06
4.407753149490000055e+01 5.457779999999999099e-06
4.414931900549999710e+01 5.454459999999997240e-06
4.422110651610000076e+01 5.439559999999998450e-06
4.429289402660000263e+01 5.425159999999997368e-06
4.436468153719999918e+01 5.427059999999998146e-06
4.443646904780000284e+01 5.387639999999998446e-06
4.450825655839999939e+01 5.397919999999995915e-06
4.458004406890000126e+01 5.388299999999997183e-06
4.465183157949999782e+01 5.402639999999997455e-06
4.472361909010000147e+01 5.402200000000000556e-06
4.479540660069999802e+01 5.392319999999997188e-06
4.486719411130000168e+01 5.382399999999997798e-06
4.493898162180000355e+01 5.371959999999999301e-06
4.501076913240000010e+01 5.367879999999998486e-06
4.508255664299999665e+01 5.356680000000001033e-06
4.515434415360000031e+01 5.336559999999999606e-06
4.522613166410000218e+01 5.309859999999998659e-06
4.529791917469999873e+01 5.351359999999998177e-06
4.536970668530000239e+01 5.334599999999998019e-06
4.544149419589999894e+01 5.312159999999996926e-06
4.551328170650000260e+01 5.326179999999998529e-06
4.558506921699999737e+01 5.307719999999998032e-06
4.565685672760000102e+01 5.300320000000002135e-06
4.572864423819999757e+01 5.278339999999999340e-06
4.580043174880000123e+01 5.284240000000002112e-06
4.587221925939999778e+01 5.278699999999997419e-06
4.594400676989999965e+01 5.261119999999997496e-06
4.601579428050000331e+01 5.258360000000000930e-06
4.608758179109999986e+01 5.261800000000001020e-06
4.615936930170000352e+01 5.257580000000000575e-06
4.623115681219999828e+01 5.240380000000000130e-06
4.630294432280000194e+01 5.237119999999999081e-06
4.637473183339999849e+01 5.220019999999998855e-06
4.644651934400000215e+01 5.233760000000001200e-06
4.651830685459999870e+01 5.209539999999997559e-06
4.659009436510000057e+01 5.213879999999999622e-06
4.666188187569999712e+01 5.208439999999998535e-06
4.673366938630000078e+01 5.187400000000000512e-06
4.680545689689999733e+01 5.183960000000000423e-06
4.687724440739999920e+01 5.178039999999999640e-06
4.694903191800000286e+01 5.170060000000000438e-06
4.702081942859999941e+01 5.174580000000001540e-06
4.709260693920000307e+01 5.163319999999999889e-06
4.716439444979999962e+01 5.159219999999997675e-06
4.723618196030000149e+01 5.155919999999997215e-06
4.730796947089999804e+01 5.145839999999996797e-06
4.737975698150000170e+01 5.149559999999999533e-06
4.745154449209999825e+01 5.131739999999999761e-06
4.752333200260000012e+01 5.126899999999999990e-06
4.759511951319999667e+01 5.111379999999998485e-06
4.766690702380000033e+01 5.118000000000000804e-06
4.773869453439999688e+01 5.119360000000001075e-06
4.781048204500000054e+01 5.103919999999998391e-06
4.788226955550000241e+01 5.097619999999998129e-06
4.795405706609999896e+01 5.091899999999997784e-06
4.802584457670000262e+01 5.097080000000001011e-06
4.809763208729999917e+01 5.074719999999998738e-06
4.816941959780000104e+01 5.068819999999999354e-06
4.824120710839999759e+01 5.070820000000000351e-06
4.831299461900000125e+01 5.061939999999999176e-06
4.838478212959999780e+01 5.062459999999998283e-06
4.845656964020000146e+01 5.050019999999998788e-06
4.852835715070000333e+01 5.048479999999999477e-06
4.860014466129999988e+01 5.041299999999998641e-06
4.867193217190000354e+01 5.037300000000000035e-06
4.874371968250000009e+01 5.028639999999997309e-06
4.881550719300000196e+01 5.022820000000000133e-06
4.888729470359999851e+01 5.018579999999998290e-06
4.895908221420000217e+01 5.013839999999998738e-06
4.903086972479999872e+01 5.003799999999997730e-06
4.910265723540000238e+01 5.000060000000000371e-06
4.917444474589999714e+01 4.987059999999998971e-06
4.924623225650000080e+01 4.987439999999998449e-06
4.931801976709999735e+01 4.985059999999997974e-06
4.938980727770000101e+01 4.976079999999999967e-06
4.946159478829999756e+01 4.969980000000000144e-06
4.953338229879999943e+01 4.972539999999999659e-06
4.960516980940000309e+01 4.966279999999998807e-06
4.967695731999999964e+01 4.951859999999999715e-06
4.974874483060000330e+01 4.948559999999999255e-06
4.982053234109999806e+01 4.945419999999996436e-06
4.989231985170000172e+01 4.940759999999999092e-06
4.996410736229999827e+01 4.935900000000001311e-06
5.003589487290000193e+01 4.931019999999998742e-06
5.010768238349999848e+01 4.924199999999999373e-06
5.017946989400000035e+01 4.921600000000000448e-06
5.025125740459999690e+01 4.916199999999998772e-06
5.032304491520000056e+01 4.908040000000000531e-06
5.039483242579999711e+01 4.902660000000000253e-06
5.046661993629999898e+01 4.897159999999998358e-06
5.053840744690000264e+01 4.889179999999999156e-06
5.061019495749999919e+01 4.886300000000000972e-06
5.068198246810000285e+01 4.881740000000000460e-06
5.075376997869999940e+01 4.877879999999998095e-06
5.082555748920000127e+01 4.869719999999999854e-06
5.089734499979999782e+01 4.865320000000000370e-06
5.096913251040000148e+01 4.861839999999997483e-06
5.104092002099999803e+01 4.854380000000000777e-06
5.111270753149999990e+01 4.850179999999998344e-06
5.118449504209999645e+01 4.841839999999997675e-06
5.125628255270000011e+01 4.840459999999999392e-06
5.132807006329999666e+01 4.834280000000000749e-06
5.139985757390000032e+01 4.830120000000001114e-06
5.147164508440000219e+01 4.823620000000000414e-06
5.154343259499999874e+01 4.820760000000000241e-06
5.161522010560000240e+01 4.813519999999998596e-06
5.168700761619999895e+01 4.810479999999995996e-06
5.175879512670000082e+01 4.805260000000000136e-06
5.183058263729999737e+01 4.797319999999996956e-06
5.190237014790000103e+01 4.793160000000000709e-06
5.197415765849999758e+01 4.787199999999997127e-06
5.204594516910000124e+01 4.782700000000000812e-06
5.211773267960000311e+01 4.782420000000001554e-06
5.218952019019999966e+01 4.775040000000000279e-06
5.226130770080000332e+01 4.770200000000000509e-06
5.233309521139999987e+01 4.766019999999999475e-06
5.240488272200000353e+01 4.761859999999999840e-06
5.247667023249999829e+01 4.757539999999999176e-06
5.254845774310000195e+01 4.750000000000000262e-06
5.262024525369999850e+01 4.744419999999999546e-06
5.269203276430000216e+01 4.739480000000002944e-06
5.276382027479999692e+01 4.734999999999997864e-06
5.283560778540000058e+01 4.733419999999999143e-06
5.290739529599999713e+01 4.727279999999999910e-06
5.297918280660000079e+01 4.721659999999999784e-06
5.305097031719999734e+01 4.716579999999996777e-06
5.312275782769999921e+01 4.714179999999998290e-06
5.319454533830000287e+01 4.708079999999998467e-06
5.326633284889999942e+01 4.701459999999999537e-06
5.333812035950000308e+01 4.698300000000002095e-06
5.340990786999999784e+01 4.695080000000000455e-06
5.348169538060000150e+01 4.689700000000000178e-06
5.355348289119999805e+01 4.682479999999999932e-06
5.362527040180000171e+01 4.680039999999998648e-06
5.369705791239999826e+01 4.674239999999999483e-06
5.376884542290000013e+01 4.668519999999999137e-06
5.384063293349999668e+01 4.664979999999998829e-06
5.391242044410000034e+01 4.662359999999998505e-06
5.398420795469999689e+01 4.657719999999999173e-06
5.405599546519999876e+01 4.650059999999998640e-06
5.412778297580000242e+01 4.647780000000001772e-06
5.419957048639999897e+01 4.644019999999999626e-06
5.427135799700000263e+01 4.637479999999999516e-06
5.434314550759999918e+01 4.632940000000000403e-06
5.441493301810000105e+01 4.630699999999999557e-06
5.448672052869999760e+01 4.624299999999999076e-06
5.455850803930000126e+01 4.620619999999999139e-06
5.463029554989999781e+01 4.615739999999999958e-06
5.470208306039999968e+01 4.611060000000001216e-06
5.477387057100000334e+01 4.607839999999999576e-06
5.484565808159999989e+01 4.602319999999999670e-06
5.491744559220000355e+01 4.597580000000000118e-06
5.498923310280000010e+01 4.594059999999997821e-06
5.506102061330000197e+01 4.590460000000000092e-06
5.513280812389999852e+01 4.583780000000000352e-06
5.520459563450000218e+01 4.579859999999997178e-06
5.527638314509999873e+01 4.577259999999998253e-06
5.534817065560000060e+01 4.572239999999999443e-06
5.541995816619999715e+01 4.567979999999999588e-06
5.549174567680000081e+01 4.563020000000001588e-06
5.556353318739999736e+01 4.559560000000000099e-06
5.563532069800000102e+01 4.555419999999998475e-06
5.570710820850000289e+01 4.550179999999997828e-06
5.577889571909999944e+01 4.547440000000002662e-06
5.585068322970000310e+01 4.541499999999997091e-06
5.592247074029999965e+01 4.537720000000000322e-06
5.599425825090000330e+01 4.534299999999998244e-06
5.606604576139999807e+01 4.528399999999998860e-06
5.613783327200000173e+01 4.525859999999997356e-06
5.620962078259999828e+01 4.521439999999999861e-06
5.628140829320000194e+01 4.515500000000001067e-06
5.635319580369999670e+01 4.513179999999998013e-06
5.642498331430000036e+01 4.508599999999999490e-06
5.649677082489999691e+01 4.504739999999997124e-06
5.656855833550000057e+01 4.500899999999999546e-06
5.664034584609999712e+01 4.495780000000000517e-06
5.671213335659999899e+01 4.492179999999996011e-06
5.678392086720000265e+01 4.487619999999998887e-06
5.685570837779999920e+01 4.483380000000000432e-06
5.692749588840000285e+01 4.479120000000000578e-06
5.699928339889999762e+01 4.476520000000001653e-06
5.707107090950000128e+01 4.471140000000001376e-06
5.714285842009999783e+01 4.468119999999996787e-06
5.721464593070000149e+01 4.463939999999999141e-06
5.728643344129999804e+01 4.459919999999999136e-06
5.735822095179999991e+01 4.456060000000000159e-06
5.743000846239999646e+01 4.450819999999999511e-06
5.750179597300000012e+01 4.448000000000002137e-06
5.757358348359999667e+01 4.444779999999998803e-06
5.764537099409999854e+01 4.440599999999999463e-06
5.771715850470000220e+01 4.436559999999999752e-06
5.778894601529999875e+01 4.433359999999999512e-06
5.786073352590000241e+01 4.428259999999998494e-06
5.793252103649999896e+01 4.425059999999999947e-06
5.800430854700000083e+01 4.420359999999999806e-06
5.807609605759999738e+01 4.416139999999997668e-06
5.814788356820000104e+01 4.412960000000000520e-06
5.821967107879999759e+01 4.408379999999998609e-06
5.829145858929999946e+01 4.405239999999999178e-06
5.836324609990000312e+01 4.402160000000000556e-06
5.843503361049999967e+01 4.396859999999999099e-06
5.850682112110000332e+01 4.394039999999996643e-06
5.857860863169999988e+01 4.390699999999998467e-06
5.865039614220000175e+01 4.385639999999998553e-06
5.872218365279999830e+01 4.382199999999998464e-06
5.879397116340000196e+01 4.378939999999999108e-06
5.886575867399999851e+01 4.373899999999998899e-06
5.893754618450000038e+01 4.371539999999999823e-06
5.900933369509999693e+01 4.367940000000002093e-06
5.908112120570000059e+01 4.363999999999997520e-06
5.915290871629999714e+01 4.360539999999999420e-06
5.922469622690000080e+01 4.356680000000002137e-06
5.929648373740000267e+01 4.352699999999996459e-06
5.936827124799999922e+01 4.348879999999998586e-06
5.944005875860000288e+01 4.345340000000001666e-06
5.951184626919999943e+01 4.341840000000000768e-06
5.958363377980000308e+01 4.338579999999998024e-06
5.965542129029999785e+01 4.335319999999996974e-06
5.972720880090000151e+01 4.330879999999998081e-06
5.979899631149999806e+01 4.328199999999998642e-06
5.987078382210000171e+01 4.323799999999999158e-06
5.994257133259999648e+01 4.319799999999998858e-06
6.001435884320000014e+01 4.316679999999999132e-06
6.008614635379999669e+01 4.313259999999998748e-06
6.015793386440000035e+01 4.309859999999998069e-06
6.022972137499999690e+01 4.305939999999999976e-06
6.030150888549999877e+01 4.303160000000000318e-06
6.037329639610000243e+01 4.299439999999999276e-06
6.044508390669999898e+01 4.295379999999999861e-06
6.051687141730000263e+01 4.292560000000000792e-06
6.058865892779999740e+01 4.288859999999999456e-06
6.066044643840000106e+01 4.284439999999998573e-06
6.073223394899999761e+01 4.282219999999997432e-06
6.080402145960000126e+01 4.277639999999997215e-06
6.087580897019999782e+01 4.274099999999998601e-06
6.094759648069999969e+01 4.272439999999999365e-06
6.101938399130000334e+01 4.267940000000001357e-06
6.109117150189999990e+01 4.265119999999998900e-06
6.116295901249999645e+01 4.260979999999998970e-06
6.123474652299999832e+01 4.257859999999999244e-06
6.130653403360000198e+01 4.254639999999997605e-06
6.137832154419999853e+01 4.251039999999999875e-06
6.145010905480000218e+01 4.247839999999999635e-06
6.152189656539999874e+01 4.244919999999998653e-06
6.159368407590000061e+01 4.241959999999998261e-06
6.166547158649999716e+01 4.237779999999998921e-06
6.173725909710000082e+01 4.234439999999999052e-06
6.180904660769999737e+01 4.232079999999999975e-06
6.188083411819999924e+01 4.227820000000000121e-06
6.195262162880000290e+01 4.224219999999997310e-06
6.202440913939999945e+01 4.221520000000001554e-06
6.209619665000000310e+01 4.218679999999997698e-06
6.216798416059999965e+01 4.214379999999998434e-06
6.223977167110000153e+01 4.212320000000000016e-06
6.231155918169999808e+01 4.209159999999999185e-06
6.238334669230000173e+01 4.204719999999998598e-06
6.245513420289999829e+01 4.203160000000001276e-06
6.252692171350000194e+01 4.199099999999998472e-06
6.259870922399999671e+01 4.195619999999997279e-06
6.267049673460000037e+01 4.193279999999997907e-06
6.274228424519999692e+01 4.189100000000000262e-06
6.281407175580000057e+01 4.186320000000000603e-06
6.288585926630000245e+01 4.182359999999998019e-06
6.295764677689999900e+01 4.179579999999998361e-06
6.302943428750000265e+01 4.176999999999999141e-06
6.310122179809999921e+01 4.173660000000000965e-06
6.317300930870000286e+01 4.171499999999998939e-06
6.324479681919999763e+01 4.167259999999997096e-06
6.331658432980000129e+01 4.164139999999997370e-06
6.338837184039999784e+01 4.162299999999999095e-06
6.346015935100000149e+01 4.158139999999999460e-06
6.353194686150000337e+01 4.155060000000000838e-06
6.360373437209999992e+01 4.153160000000000060e-06
6.367552188269999647e+01 4.148599999999997854e-06
6.374730939330000012e+01 4.146480000000000321e-06
6.381909690389999668e+01 4.143960000000000216e-06
6.389088441439999855e+01 4.140099999999999545e-06
6.396267192500000220e+01 4.138059999999997443e-06
6.403445943559999876e+01 4.134359999999999495e-06
6.410624694620000241e+01 4.130719999999998967e-06
6.417803445670000428e+01 4.128440000000000405e-06
6.424982196729999373e+01 4.125420000000002592e-06
6.432160947789999739e+01 4.122039999999998230e-06
6.439339698850000104e+01 4.118779999999998875e-06
6.446518449910000470e+01 4.117239999999997870e-06
6.453697200960000657e+01 4.113300000000001767e-06
6.460875952019999602e+01 4.110439999999998206e-06
6.468054703079999967e+01 4.108699999999998456e-06
6.475233454140000333e+01 4.105000000000000508e-06
6.482412205190000520e+01 4.101779999999998868e-06
6.489590956249999465e+01 4.098880000000000980e-06
6.496769707309999831e+01 4.096499999999997116e-06
6.503948458370000196e+01 4.093239999999999455e-06
6.511127209430000562e+01 4.090120000000001423e-06
6.518305960479999328e+01 4.088339999999998875e-06
6.525484711539999694e+01 4.085040000000000109e-06
6.532663462600000059e+01 4.082280000000000156e-06
6.539842213660000425e+01 4.079099999999997927e-06
6.547020964710000612e+01 4.077039999999999508e-06
6.554199715769999557e+01 4.073640000000000523e-06
6.561378466829999923e+01 4.070579999999998218e-06
6.568557217890000288e+01 4.068039999999998409e-06
6.575735968950000654e+01 4.065740000000001836e-06
6.582914719999999420e+01 4.062079999999998215e-06
6.590093471059999786e+01 4.060679999999998533e-06
6.597272222120000151e+01 4.057519999999999397e-06
6.604450973180000517e+01 4.053780000000000344e-06
6.611629724239999462e+01 4.052180000000000224e-06
6.618808475289999649e+01 4.049200000000000127e-06
6.625987226350000014e+01 4.045339999999999456e-06
6.633165977410000380e+01 4.043120000000000009e-06
6.640344728469999325e+01 4.041559999999999299e-06
6.647523479519999512e+01 4.037819999999998552e-06
6.654702230579999878e+01 4.035699999999999325e-06
6.661880981640000243e+01 4.033439999999998774e-06
6.669059732700000609e+01 4.029819999999999645e-06
6.676238483759999554e+01 4.027700000000000418e-06
6.683417234809999741e+01 4.025500000000000676e-06
6.690595985870000106e+01 4.022260000000001025e-06
6.697774736930000472e+01 4.019099999999998501e-06
6.704953487989999417e+01 4.017359999999997057e-06
6.712132239039999604e+01 4.013659999999997415e-06
6.719310990099999970e+01 4.012339999999998247e-06
6.726489741160000335e+01 4.009640000000000797e-06
6.733668492220000701e+01 4.006719999999999816e-06
6.740847243279999645e+01 4.003559999999997291e-06
6.748025994329999833e+01 4.002520000000000771e-06
6.755204745390000198e+01 3.998739999999997226e-06
6.762383496450000564e+01 3.997119999999997400e-06
6.769562247509999509e+01 3.994160000000000397e-06
6.776740998559999696e+01 3.991299999999998530e-06
6.783919749620000061e+01 3.988760000000000414e-06
6.791098500680000427e+01 3.986779999999997428e-06
6.798277251739999372e+01 3.983879999999999540e-06
6.805456002799999737e+01 3.981599999999999284e-06
6.812634753849999925e+01 3.979359999999998438e-06
6.819813504910000290e+01 3.976759999999997819e-06
6.826992255970000656e+01 3.973380000000001927e-06
6.834171007029999600e+01 3.971739999999999009e-06
6.841349758079999788e+01 3.969439999999999048e-06
6.848528509140000153e+01 3.966159999999999987e-06
6.855707260200000519e+01 3.963759999999998113e-06
6.862886011259999464e+01 3.961759999999998810e-06
6.870064762319999829e+01 3.958879999999997238e-06
6.877243513370000016e+01 3.956919999999997345e-06
6.884422264430000382e+01 3.954839999999997527e-06
6.891601015489999327e+01 3.951819999999999714e-06
6.898779766549999692e+01 3.950040000000000555e-06
6.905958517599999880e+01 3.947859999999998824e-06
6.913137268660000245e+01 3.944959999999997547e-06
6.920316019720000611e+01 3.942779999999997511e-06
6.927494770779999556e+01 3.940719999999997398e-06
6.934673521839999921e+01 3.937740000000000690e-06
6.941852272890000108e+01 3.935540000000000948e-06
6.949031023950000474e+01 3.933700000000000979e-06
6.956209775009999419e+01 3.930519999999998749e-06
6.963388526069999784e+01 3.928359999999998418e-06
6.970567277130000150e+01 3.926599999999998963e-06
6.977746028180000337e+01 3.924499999999999441e-06
6.984924779240000703e+01 3.921119999999998467e-06
6.992103530299999647e+01 3.919900000000001213e-06
6.999282281360000013e+01 3.917119999999998166e-06
7.006461032410000200e+01 3.914920000000001813e-06
7.013639783470000566e+01 3.913039999999999046e-06
7.020818534529999511e+01 3.910380000000001006e-06
7.027997285589999876e+01 3.908119999999997067e-06
7.035176036650000242e+01 3.905859999999998210e-06
7.042354787700000429e+01 3.903280000000000684e-06
7.049533538759999374e+01 3.901080000000000942e-06
7.056712289819999739e+01 3.899839999999998901e-06
7.063891040880000105e+01 3.896299999999998593e-06
7.071069791930000292e+01 3.893980000000000621e-06
7.078248542990000658e+01 3.892999999999998133e-06
7.085427294049999603e+01 3.889980000000000320e-06
7.092606045109999968e+01 3.888619999999998354e-06
7.099784796170000334e+01 3.886839999999997501e-06
7.106963547220000521e+01 3.882899999999999703e-06
7.114142298279999466e+01 3.881879999999999500e-06
7.121321049339999831e+01 3.879620000000000643e-06
7.128499800400000197e+01 3.876720000000001060e-06
7.135678551450000384e+01 3.875659999999999752e-06
7.142857302509999329e+01 3.873839999999997795e-06
7.150036053569999694e+01 3.870740000000001162e-06
7.157214804630000060e+01 3.869099999999998243e-06
7.164393555690000426e+01 3.867479999999998418e-06
7.171572306740000613e+01 3.864960000000000007e-06
7.178751057799999558e+01 3.862440000000001597e-06
7.185929808859999923e+01 3.860240000000000161e-06
7.193108559920000289e+01 3.858420000000001591e-06
7.200287310970000476e+01 3.855619999999998840e-06
7.207466062029999421e+01 3.853780000000002259e-06
7.214644813089999786e+01 3.853080000000000724e-06
7.221823564150000152e+01 3.849339999999999977e-06
7.229002315210000518e+01 3.848260000000000659e-06
7.236181066260000705e+01 3.846839999999999578e-06
7.243359817319999649e+01 3.843519999999999413e-06
7.250538568380000015e+01 3.841839999999998779e-06
7.257717319440000381e+01 3.840739999999998061e-06
7.264896070499999325e+01 3.838239999999999355e-06
7.272074821549999513e+01 3.835479999999999402e-06
7.279253572609999878e+01 3.834220000000001044e-06
7.286432323670000244e+01 3.831999999999999903e-06
7.293611074730000610e+01 3.829819999999998172e-06
7.300789825779999376e+01 3.828219999999998052e-06
7.307968576839999741e+01 3.825620000000000821e-06
7.315147327900000107e+01 3.824520000000001797e-06
7.322326078960000473e+01 3.821739999999998751e-06
7.329504830019999417e+01 3.820359999999998774e-06
7.336683581069999605e+01 3.818699999999996151e-06
7.343862332129999970e+01 3.815939999999997892e-06
7.351041083190000336e+01 3.814839999999998868e-06
7.358219834250000702e+01 3.813339999999998967e-06
7.365398585299999468e+01 3.809680000000000428e-06
7.372577336359999833e+01 3.808839999999999264e-06
7.379756087420000199e+01 3.807319999999999658e-06
7.386934838480000565e+01 3.804659999999999924e-06
7.394113589539999509e+01 3.802879999999997376e-06
7.401292340589999696e+01 3.800879999999999767e-06
7.408471091650000062e+01 3.798939999999997885e-06
7.415649842710000428e+01 3.797479999999999088e-06
7.422828593769999372e+01 3.795360000000001555e-06
7.430007344819999560e+01 3.794559999999999801e-06
7.437186095879999925e+01 3.791420000000000369e-06
7.444364846940000291e+01 3.790580000000000899e-06
7.451543598000000657e+01 3.788399999999999168e-06
7.458722349059999601e+01 3.785959999999997884e-06
7.465901100109999788e+01 3.784939999999999374e-06
7.473079851170000154e+01 3.782459999999996986e-06
7.480258602230000520e+01 3.780599999999999006e-06
7.487437353289999464e+01 3.779140000000000209e-06
7.494616104339999652e+01 3.777579999999999499e-06
7.501794855400000017e+01 3.775579999999998502e-06
7.508973606460000383e+01 3.774119999999999705e-06
7.516152357519999327e+01 3.771579999999999895e-06
7.523331108579999693e+01 3.769839999999998452e-06
7.530509859629999880e+01 3.768199999999998921e-06
7.537688610690000246e+01 3.766799999999995851e-06
7.544867361750000612e+01 3.764080000000000390e-06
7.552046112809999556e+01 3.763719999999998923e-06
7.559224863859999743e+01 3.762419999999999461e-06
7.566403614920000109e+01 3.759139999999998706e-06
7.573582365980000475e+01 3.759099999999999296e-06
7.580761117039999419e+01 3.756159999999998610e-06
7.587939868099999785e+01 3.754319999999998641e-06
7.595118619149999972e+01 3.753039999999998883e-06
7.602297370210000338e+01 3.751119999999998400e-06
7.609476121270000704e+01 3.749680000000001003e-06
7.616654872329999648e+01 3.747799999999999930e-06
7.623833623390000014e+01 3.745899999999999152e-06
7.631012374440000201e+01 3.744659999999998804e-06
7.638191125500000567e+01 3.742379999999998548e-06
7.645369876559999511e+01 3.741779999999998927e-06
7.652548627619999877e+01 3.739839999999998739e-06
7.659727378670000064e+01 3.737680000000000101e-06
7.666906129730000430e+01 3.736160000000000495e-06
7.674084880789999374e+01 3.734919999999996760e-06
7.681263631849999740e+01 3.731900000000000641e-06
7.688442382910000106e+01 3.731999999999997472e-06
7.695621133960000293e+01 3.730039999999999273e-06
7.702799885020000659e+01 3.727159999999997701e-06
7.709978636079999603e+01 3.726739999999997119e-06
7.717157387139999969e+01 3.725159999999996704e-06
7.724336138190000156e+01 3.723740000000000706e-06
7.731514889250000522e+01 3.721379999999998241e-06
7.738693640309999466e+01 3.719499999999997168e-06
7.745872391369999832e+01 3.719559999999999672e-06
7.753051142430000198e+01 3.716919999999999643e-06
7.760229893480000385e+01 3.715059999999998275e-06
7.767408644539999329e+01 3.715059999999998275e-06
7.774587395599999695e+01 3.712319999999999721e-06
7.781766146660000061e+01 3.710479999999998058e-06
7.788944897710000248e+01 3.710100000000000274e-06
7.796123648770000614e+01 3.706879999999998634e-06
7.803302399829999558e+01 3.706779999999998415e-06
7.810481150889999924e+01 3.704239999999998605e-06
7.817659901950000290e+01 3.703399999999997441e-06
7.824838653000000477e+01 3.701079999999997775e-06
7.832017404059999421e+01 3.700439999999998743e-06
7.839196155119999787e+01 3.698759999999998109e-06
7.846374906180000153e+01 3.696780000000000205e-06
7.853553657230000340e+01 3.695999999999998156e-06
7.860732408290000706e+01 3.694340000000000614e-06
7.867911159349999650e+01 3.692579999999999466e-06
7.875089910410000016e+01 3.690979999999997651e-06
7.882268661470000382e+01 3.689900000000000027e-06
7.889447412520000569e+01 3.688919999999999233e-06
7.896626163579999513e+01 3.687099999999998969e-06
7.903804914639999879e+01 3.685579999999997669e-06
7.910983665700000245e+01 3.684859999999999817e-06
7.918162416760000610e+01 3.682300000000000303e-06
7.925341167809999376e+01 3.682279999999998904e-06
7.932519918869999742e+01 3.679799999999999903e-06
7.939698669930000108e+01 3.677940000000000229e-06
7.946877420990000473e+01 3.677280000000001493e-06
7.954056172040000661e+01 3.675499999999997251e-06
7.961234923099999605e+01 3.673739999999999490e-06
7.968413674159999971e+01 3.672839999999997517e-06
7.975592425220000337e+01 3.671839999999997018e-06
7.982771176280000702e+01 3.669859999999999114e-06
7.989949927329999468e+01 3.668499999999998842e-06
7.997128678389999834e+01 3.667639999999999667e-06
8.004307429450000200e+01 3.665859999999998814e-06
8.011486180510000565e+01 3.664019999999998845e-06
8.018664931559999332e+01 3.663300000000000993e-06
8.025843682619999697e+01 3.662240000000001379e-06
8.033022433680000063e+01 3.660559999999999051e-06
8.040201184740000429e+01 3.659839999999997811e-06
8.047379935799999373e+01 3.657999999999999536e-06
8.054558686849999560e+01 3.656579999999998455e-06
8.061737437909999926e+01 3.655340000000001496e-06
8.068916188970000292e+01 3.654419999999998123e-06
8.076094940030000657e+01 3.652859999999997413e-06
8.083273691079999423e+01 3.650779999999999290e-06
8.090452442139999789e+01 3.650399999999998118e-06
8.097631193200000155e+01 3.649100000000000350e-06
8.104809944260000520e+01 3.647479999999998830e-06
8.111988695319999465e+01 3.646539999999999141e-06
8.119167446369999652e+01 3.644619999999996964e-06
8.126346197430000018e+01 3.644259999999998885e-06
8.133524948490000384e+01 3.642019999999999733e-06
8.140703699549999328e+01 3.641099999999998054e-06
8.147882450599999515e+01 3.640699999999998871e-06
8.155061201659999881e+01 3.638499999999999130e-06
8.162239952720000247e+01 3.636619999999998057e-06
8.169418703780000612e+01 3.636739999999999675e-06
8.176597454839999557e+01 3.634060000000000236e-06
8.183776205889999744e+01 3.634079999999998247e-06
8.190954956950000110e+01 3.633159999999998263e-06
8.198133708010000475e+01 3.631539999999998437e-06
8.205312459069999420e+01 3.630100000000001040e-06
8.212491210119999607e+01 3.628919999999999808e-06
8.219669961179999973e+01 3.627399999999998507e-06
8.226848712240000339e+01 3.626820000000000285e-06
8.234027463300000704e+01 3.625680000000000157e-06
8.241206214359999649e+01 3.624619999999998849e-06
8.248384965409999836e+01 3.623539999999999530e-06
8.255563716470000202e+01 3.621779999999998382e-06
8.262742467530000567e+01 3.620600000000000538e-06
8.269921218589999512e+01 3.620419999999999804e-06
8.277099969649999878e+01 3.617839999999998890e-06
8.284278720700000065e+01 3.616759999999999572e-06
8.291457471760000431e+01 3.615899999999998702e-06
8.298636222819999375e+01 3.614799999999997984e-06
8.305814973879999741e+01 3.613719999999998666e-06
8.312993724929999928e+01 3.613819999999997191e-06
8.320172475990000294e+01 3.611979999999998916e-06
8.327351227050000659e+01 3.610419999999999900e-06
8.334529978109999604e+01 3.609439999999997412e-06
8.341708729169999970e+01 3.608019999999996332e-06
8.348887480220000157e+01 3.607079999999996642e-06
8.356066231280000522e+01 3.606240000000000560e-06
8.363244982339999467e+01 3.604759999999998670e-06
8.370423733399999833e+01 3.604059999999998829e-06
8.377602484450000020e+01 3.602939999999998406e-06
8.384781235510000386e+01 3.602040000000001515e-06
8.391959986569999330e+01 3.601000000000001606e-06
8.399138737629999696e+01 3.599780000000000964e-06
8.406317488690000062e+01 3.598299999999999074e-06
8.413496239740000249e+01 3.597759999999998568e-06
8.420674990800000614e+01 3.596480000000000504e-06
8.427853741859999559e+01 3.595580000000000225e-06
8.435032492919999925e+01 3.594980000000000603e-06
8.442211243970000112e+01 3.593499999999998713e-06
8.449389995030000478e+01 3.592199999999999251e-06
8.456568746089999422e+01 3.590899999999999789e-06
8.463747497149999788e+01 3.591259999999999562e-06
8.470926248210000153e+01 3.589040000000000115e-06
8.478104999260000341e+01 3.587020000000001107e-06
8.485283750320000706e+01 3.588379999999999684e-06
8.492462501379999651e+01 3.586600000000000524e-06
8.499641252440000017e+01 3.584299999999997175e-06
8.506820003490000204e+01 3.585739999999996267e-06
8.513998754550000569e+01 3.583519999999996820e-06
8.521177505609999514e+01 3.581979999999997509e-06
8.528356256669999880e+01 3.582079999999999423e-06
8.535535007730000245e+01 3.580400000000000482e-06
8.542713758780000433e+01 3.579000000000000800e-06
8.549892509839999377e+01 3.579419999999999689e-06
8.557071260899999743e+01 3.577859999999998978e-06
8.564250011960000109e+01 3.576680000000001134e-06
8.571428763010000296e+01 3.575460000000000492e-06
8.578607514070000661e+01 3.575699999999998647e-06
8.585786265129999606e+01 3.573659999999999933e-06
8.592965016189999972e+01 3.573119999999999427e-06
8.600143767250000337e+01 3.572380000000000176e-06
8.607322518300000525e+01 3.571299999999999163e-06
8.614501269359999469e+01 3.570079999999998521e-06
8.621680020419999835e+01 3.569140000000000526e-06
8.628858771480000200e+01 3.568599999999998325e-06
8.636037522540000566e+01 3.567200000000000337e-06
8.643216273589999332e+01 3.566720000000000640e-06
8.650395024649999698e+01 3.565900000000000875e-06
8.657573775710000064e+01 3.565299999999997865e-06
8.664752526770000429e+01 3.564419999999997291e-06
8.671931277820000616e+01 3.563299999999996868e-06
8.679110028879999561e+01 3.562079999999999614e-06
8.686288779939999927e+01 3.561699999999998442e-06
8.693467531000000292e+01 3.560819999999999562e-06
8.700646282060000658e+01 3.559959999999998692e-06
8.707825033109999424e+01 3.559060000000000107e-06
8.715003784169999790e+01 3.558220000000000637e-06
8.722182535230000155e+01 3.557839999999999465e-06
8.729361286290000521e+01 3.556899999999999775e-06
8.736540037340000708e+01 3.555140000000000321e-06
8.743718788399999653e+01 3.554719999999998045e-06
8.750897539460000019e+01 3.553420000000000276e-06
8.758076290520000384e+01 3.552779999999997857e-06
8.765255041579999329e+01 3.552979999999999989e-06
8.772433792629999516e+01 3.551860000000001260e-06
8.779612543689999882e+01 3.550799999999999952e-06
8.786791294750000247e+01 3.550220000000000036e-06
8.793970045810000613e+01 3.549379999999998872e-06
8.801148796859999379e+01 3.548359999999998668e-06
8.808327547919999745e+01 3.547980000000000884e-06
8.815506298980000111e+01 3.546679999999999728e-06
8.822685050040000476e+01 3.546359999999997671e-06
8.829863801099999421e+01 3.545160000000000122e-06
8.837042552149999608e+01 3.544799999999998655e-06
8.844221303209999974e+01 3.544479999999999986e-06
8.851400054270000339e+01 3.543200000000000228e-06
8.858578805330000705e+01 3.542419999999999873e-06
8.865757556379999471e+01 3.542579999999997514e-06
8.872936307439999837e+01 3.540779999999998649e-06
8.880115058500000202e+01 3.540419999999998876e-06
8.887293809560000568e+01 3.540519999999999095e-06
8.894472560619999513e+01 3.539279999999998748e-06
8.901651311669999700e+01 3.537759999999997448e-06
8.908830062730000066e+01 3.537459999999998484e-06
8.916008813790000431e+01 3.536640000000002107e-06
8.923187564849999376e+01 3.535979999999999982e-06
8.930366315909999742e+01 3.534980000000001178e-06
8.937545066959999929e+01 3.534779999999999045e-06
8.944723818020000294e+01 3.533440000000001867e-06
8.951902569080000660e+01 3.533359999999999659e-06
8.959081320139999605e+01 3.531820000000000348e-06
8.966260071189999792e+01 3.531899999999999168e-06
8.973438822250000158e+01 3.531579999999998805e-06
8.980617573310000523e+01 3.530119999999998314e-06
8.987796324369999468e+01 3.530200000000000522e-06
8.994975075429999833e+01 3.529939999999999275e-06
9.002153826480000021e+01 3.528639999999998118e-06
9.009332577540000386e+01 3.528559999999999298e-06
9.016511328599999331e+01 3.527439999999998875e-06
9.023690079659999697e+01 3.526379999999999261e-06
9.030868830709999884e+01 3.526839999999997559e-06
9.038047581770000249e+01 3.525999999999999783e-06
9.045226332830000615e+01 3.524799999999998846e-06
9.052405083889999560e+01 3.524680000000000616e-06
9.059583834949999925e+01 3.523759999999998937e-06
9.066762586000000113e+01 3.523119999999998212e-06
9.073941337060000478e+01 3.522700000000001018e-06
9.081120088119999423e+01 3.521739999999999929e-06
9.088298839179999788e+01 3.520540000000000686e-06
9.095477590229999976e+01 3.521360000000000451e-06
9.102656341290000341e+01 3.520580000000000096e-06
9.109835092350000707e+01 3.519519999999997094e-06
9.117013843409999652e+01 3.519679999999999817e-06
9.124192594470000017e+01 3.518620000000000203e-06
9.131371345520000204e+01 3.516859999999997360e-06
9.138550096580000570e+01 3.517739999999997935e-06
9.145728847639999515e+01 3.516559999999998396e-06
9.152907598699999880e+01 3.515980000000000174e-06
9.160086349750000068e+01 3.516079999999997005e-06
9.167265100810000433e+01 3.515060000000000190e-06
9.174443851869999378e+01 3.515119999999999305e-06
9.181622602929999744e+01 3.514779999999999237e-06
9.188801353990000109e+01 3.514079999999999396e-06
9.195980105040000296e+01 3.512739999999998829e-06
9.203158856100000662e+01 3.512200000000001711e-06
9.210337607159999607e+01 3.512200000000000017e-06
9.217516358219999972e+01 3.510720000000001515e-06
9.224695109270000160e+01 3.511240000000000623e-06
9.231873860330000525e+01 3.511519999999999881e-06
9.239052611389999470e+01 3.509440000000000064e-06
9.246231362449999835e+01 3.510039999999999685e-06
9.253410113510000201e+01 3.509959999999999171e-06
9.260588864560000388e+01 3.508720000000000518e-06
9.267767615619999333e+01 3.508239999999999127e-06
9.274946366679999699e+01 3.508640000000000004e-06
9.282125117740000064e+01 3.507419999999997667e-06
9.289303868800000430e+01 3.506399999999999158e-06
9.296482619850000617e+01 3.506859999999999150e-06
9.303661370909999562e+01 3.506139999999997910e-06
9.310840121969999927e+01 3.505319999999999839e-06
9.318018873030000293e+01 3.504779999999999333e-06
9.325197624080000480e+01 3.505259999999999030e-06
9.332376375139999425e+01 3.503760000000000823e-06
9.339555126199999791e+01 3.504080000000001186e-06
9.346733877260000156e+01 3.503320000000000536e-06
9.353912628320000522e+01 3.503179999999999212e-06
9.361091379370000709e+01 3.502340000000001436e-06
9.368270130429999654e+01 3.501839999999998646e-06
9.375448881490000019e+01 3.501580000000000786e-06
9.382627632550000385e+01 3.501260000000000423e-06
9.389806383600000572e+01 3.501479999999998873e-06
9.396985134659999517e+01 3.500640000000001097e-06
9.404163885719999882e+01 3.500339999999998745e-06
9.411342636780000248e+01 3.500480000000000068e-06
9.418521387840000614e+01 3.499159999999999207e-06
9.425700138889999380e+01 3.499339999999998246e-06
9.432878889949999746e+01 3.498319999999998043e-06
9.440057641010000111e+01 3.497939999999998565e-06
9.447236392070000477e+01 3.498359999999999147e-06
9.454415143120000664e+01 3.497419999999999457e-06
9.461593894179999609e+01 3.497999999999999374e-06
9.468772645239999974e+01 3.497219999999999019e-06
9.475951396300000340e+01 3.496339999999998444e-06
9.483130147360000706e+01 3.496519999999999178e-06
9.490308898409999472e+01 3.496239999999999919e-06
9.497487649469999837e+01 3.495139999999997507e-06
9.504666400530000203e+01 3.495080000000000086e-06
9.511845151590000569e+01 3.495300000000000230e-06
9.519023902639999335e+01 3.494400000000001644e-06
9.526202653699999701e+01 3.495039999999998982e-06
9.533381404760000066e+01 3.493839999999999739e-06
9.540560155820000432e+01 3.493919999999998559e-06
9.547738906879999377e+01 3.493779999999998930e-06
9.554917657929999564e+01 3.492899999999998355e-06
9.562096408989999929e+01 3.493060000000001078e-06
9.569275160050000295e+01 3.492699999999997917e-06
9.576453911110000661e+01 3.492539999999998582e-06
9.583632662159999427e+01 3.492540000000000276e-06
9.590811413219999793e+01 3.491999999999999770e-06
9.597990164280000158e+01 3.491579999999999188e-06
9.605168915340000524e+01 3.491679999999999407e-06
9.612347666399999468e+01 3.490779999999999128e-06
9.619526417449999656e+01 3.490099999999998992e-06
9.626705168510000021e+01 3.490699999999996919e-06
9.633883919570000387e+01 3.489879999999998848e-06
9.641062670629999332e+01 3.489839999999999438e-06
9.648241421689999697e+01 3.490219999999998916e-06
9.655420172739999884e+01 3.490539999999999279e-06
9.662598923800000250e+01 3.490319999999999136e-06
9.669777674860000616e+01 3.490139999999998402e-06
9.676956425919999560e+01 3.488919999999999454e-06
9.684135176969999748e+01 3.489359999999998047e-06
9.691313928030000113e+01 3.488820000000000929e-06
9.698492679090000479e+01 3.487879999999999545e-06
9.705671430149999424e+01 3.488279999999998728e-06
9.712850181209999789e+01 3.487779999999999326e-06
9.720028932259999976e+01 3.487219999999997420e-06
9.727207683320000342e+01 3.488439999999998063e-06
9.734386434380000708e+01 3.488119999999999394e-06
9.741565185439999652e+01 3.486580000000000083e-06
9.748743936489999840e+01 3.486939999999998162e-06
9.755922687550000205e+01 3.486740000000001111e-06
9.763101438610000571e+01 3.486659999999998903e-06
9.770280189669999515e+01 3.486700000000001701e-06
9.777458940729999881e+01 3.486659999999998903e-06
9.784637691780000068e+01 3.486180000000000900e-06
9.791816442840000434e+01 3.486159999999999501e-06
9.798995193899999379e+01 3.486959999999999561e-06
9.806173944959999744e+01 3.486459999999998464e-06
9.813352696009999931e+01 3.486279999999999425e-06
9.820531447070000297e+01 3.486120000000000091e-06
9.827710198130000663e+01 3.484940000000000552e-06
9.834888949189999607e+01 3.485980000000000461e-06
9.842067700249999973e+01 3.485599999999999289e-06
9.849246451300000160e+01 3.485380000000000840e-06
9.856425202360000526e+01 3.485239999999999516e-06
9.863603953419999470e+01 3.485419999999998556e-06
9.870782704479999836e+01 3.484919999999999153e-06
9.877961455530000023e+01 3.485239999999997822e-06
9.885140206590000389e+01 3.485020000000001067e-06
9.892318957649999334e+01 3.484440000000001150e-06
9.899497708709999699e+01 3.484359999999997248e-06
9.906676459770000065e+01 3.484739999999998420e-06
9.913855210820000252e+01 3.484819999999997240e-06
9.921033961880000618e+01 3.484380000000000341e-06
9.928212712939999562e+01 3.485119999999999592e-06
9.935391463999999928e+01 3.484480000000000560e-06
9.942570215060000294e+01 3.484139999999998798e-06
9.949748966110000481e+01 3.485399999999998851e-06
9.956927717169999426e+01 3.484119999999997399e-06
9.964106468229999791e+01 3.483619999999999691e-06
9.971285219290000157e+01 3.485139999999999297e-06
9.978463970340000344e+01 3.484020000000000568e-06
9.985642721400000710e+01 3.484020000000000568e-06
9.992821472459999654e+01 3.484440000000001150e-06
1.000000022349999966e+02 3.484700000000000704e-06
